poroelastic
-3.013720e-04 -1.151039e-02 
-8.940960e-04 -1.459895e-02 
-1.673722e-03 -7.030032e-03 
-2.305621e-05 9.584795e-03 
2.722738e-04 1.948682e-02 
3.420491e-04 2.049042e-02 
2.719932e-04 1.339608e-02 
7.164437e-05 3.023152e-03 
-4.632559e-05 -5.841576e-03 
2.093921e-06 -6.941008e-03 
7.284375e-05 6.707639e-04 
6.909883e-06 1.138309e-02 
1.029887e-05 1.399525e-02 
1.201801e-05 1.029801e-02 
3.675709e-06 -1.550011e-03 
-1.982169e-05 -1.654845e-02 
-2.788650e-05 -1.722505e-02 
-1.417311e-05 -5.971042e-03 
3.810798e-05 2.050006e-02 
-4.678724e-02 -5.419750e-02 
5.092201e-03 -6.293587e-02 
2.918306e-03 -7.039536e-02 
-9.493352e-04 -6.282774e-02 
-8.818656e-04 -5.087307e-02 
-5.876228e-04 -3.144563e-02 
9.248892e-05 4.018083e-04 
6.769922e-04 3.461282e-02 
4.702847e-04 4.567917e-02 
9.260954e-05 3.891642e-02 
-2.499574e-04 8.455722e-03 
-1.977406e-05 -3.311080e-02 
-4.032178e-05 -4.667840e-02 
-5.124533e-05 -3.841264e-02 
-2.361569e-05 -3.692438e-03 
6.209137e-05 3.998712e-02 
9.466674e-05 4.195677e-02 
4.810699e-05 1.403968e-02 
-1.214275e-04 -4.549148e-02 
-8.641115e-02 5.650008e-02 
-2.682462e-03 5.607817e-02 
6.984015e-03 -1.055105e-02 
-1.381411e-04 -1.002916e-01 
-1.637100e-03 -1.459910e-01 
-2.230376e-03 -1.473802e-01 
-1.600675e-03 -8.939164e-02 
7.845770e-04 1.291906e-02 
1.097602e-03 6.933193e-02 
7.304667e-04 8.714059e-02 
-4.655637e-05 5.921049e-02 
-1.983201e-05 -5.396902e-03 
-4.634707e-05 -3.786853e-02 
-6.116298e-05 -4.616256e-02 
-3.642980e-05 -2.495626e-02 
2.467048e-05 1.755537e-02 
4.207777e-05 2.576561e-02 
2.106079e-05 1.092954e-02 
-5.047553e-05 -2.863772e-02 
-1.069973e-01 3.817329e-02 
-1.126886e-02 6.124291e-02 
-1.437003e-03 7.035500e-02 
-4.045411e-04 5.089289e-02 
-3.676306e-05 3.584123e-02 
4.799555e-05 2.179644e-02 
-4.282086e-05 7.600314e-04 
-1.737506e-04 -2.420713e-02 
-1.563564e-04 -3.231767e-02 
2.539531e-06 -2.626395e-02 
2.317853e-04 -3.533466e-03 
1.067122e-04 2.936575e-02 
1.077975e-04 4.248679e-02 
8.249473e-05 3.680504e-02 
1.555240e-05 1.080198e-02 
-3.270976e-05 -2.366694e-02 
-8.423202e-06 -2.930684e-02 
2.271853e-05 -8.502835e-03 
-6.320839e-06 4.620812e-02 
-9.733073e-02 1.239981e-01 
-3.052880e-03 1.533036e-01 
-7.720683e-04 1.386206e-01 
-6.040460e-04 7.138192e-02 
-8.180911e-05 2.344165e-02 
-4.901511e-05 -6.615014e-03 
-2.219112e-04 -2.238531e-02 
-1.534868e-04 -2.366131e-02 
-6.144067e-05 -1.398061e-02 
6.319149e-05 2.789760e-03 
2.101494e-04 2.419901e-02 
1.950332e-04 4.002969e-02 
1.014616e-04 3.507395e-02 
-4.206199e-06 1.289954e-02 
-6.866309e-05 -2.768062e-02 
-1.315733e-06 -6.292691e-02 
5.473830e-05 -4.905976e-02 
5.179828e-05 2.129644e-03 
-1.132795e-04 9.531209e-02 
1.402135e-04 -2.697041e-02 
2.063050e-04 -4.516800e-02 
2.094017e-04 -5.263484e-02 
1.991682e-05 -4.807003e-02 
-1.405644e-04 -3.729553e-02 
-2.549062e-04 -2.053285e-02 
-2.581362e-04 1.708845e-03 
1.253948e-04 2.332028e-02 
1.894378e-04 3.229206e-02 
1.737179e-04 3.013514e-02 
9.263389e-05 1.557831e-02 
-1.440219e-05 -6.330263e-03 
-4.313862e-05 -1.908730e-02 
-8.627057e-06 -2.094956e-02 
5.129908e-05 -1.006739e-02 
1.494403e-05 8.030776e-03 
1.511362e-05 1.873572e-02 
1.493774e-05 2.222186e-02 
8.575199e-06 1.528372e-02 
-9.601236e-02 -1.384114e-01 
-1.077805e-03 -1.650549e-01 
3.997329e-04 -1.568539e-01 
-1.187969e-05 -1.026213e-01 
-1.018972e-04 -5.698571e-02 
-1.188790e-04 -1.095157e-02 
-6.854544e-05 3.634722e-02 
2.158642e-04 6.871703e-02 
3.244750e-04 7.341972e-02 
2.871621e-04 5.215863e-02 
1.445622e-05 8.745425e-04 
-3.629330e-04 -6.050389e-02 
-2.833212e-04 -8.007269e-02 
-9.974862e-05 -6.159850e-02 
1.020536e-04 9.839684e-04 
8.165089e-05 7.503777e-02 
1.119948e-04 8.012558e-02 
6.115798e-05 2.958068e-02 
-1.454555e-04 -8.777385e-02 
-1.807945e-01 -1.399998e-02 
-1.872977e-02 -2.594384e-02 
-2.594503e-03 -7.211637e-02 
1.715943e-03 -1.258086e-01 
1.234243e-03 -1.499180e-01 
4.219990e-04 -1.318006e-01 
-3.252474e-04 -6.213848e-02 
5.169254e-05 3.681140e-02 
4.338776e-04 8.943412e-02 
5.950006e-04 9.542167e-02 
3.317004e-04 4.549861e-02 
-4.786141e-04 -4.345362e-02 
-4.479513e-04 -8.202746e-02 
-2.603109e-04 -8.023707e-02 
1.342486e-05 -2.947273e-02 
5.532222e-05 5.155323e-02 
3.675318e-05 6.397857e-02 
3.460975e-06 2.301847e-02 
-3.537456e-05 -7.982519e-02 
-9.469248e-02 5.238468e-02 
-1.769056e-03 1.624430e-02 
4.199898e-03 9.032198e-03 
-9.867630e-04 2.263319e-02 
-1.025925e-03 3.090441e-02 
-8.374363e-04 2.978181e-02 
-6.952633e-04 1.532731e-02 
-3.632303e-04 -7.696785e-03 
-3.029970e-04 -1.808469e-02 
-4.461699e-04 -1.837341e-02 
-4.487084e-04 -5.398374e-03 
3.251207e-04 1.711468e-02 
2.970365e-04 2.995360e-02 
2.479656e-04 3.463276e-02 
1.740880e-04 2.854206e-02 
4.881676e-05 1.300643e-02 
1.640848e-05 4.067725e-03 
1.307660e-05 3.163810e-03 
-1.775803e-05 1.724377e-02 
