poroelastic
1.925805e-03 1.474337e-03 
2.259632e-03 -7.726984e-03 
1.412185e-03 -2.044609e-02 
-1.092010e-03 -2.919800e-02 
-7.637325e-04 -2.500591e-02 
-3.642470e-04 -1.575041e-02 
6.961854e-05 -4.903844e-03 
2.135375e-04 2.946714e-03 
1.234782e-04 5.795293e-03 
5.612538e-05 6.348379e-03 
-2.201888e-05 5.340128e-03 
-4.695804e-05 3.821814e-03 
-1.642098e-05 2.007239e-03 
1.690788e-05 -1.250537e-03 
3.875528e-05 -6.270924e-03 
3.213232e-05 -9.965111e-03 
5.933739e-06 -6.986055e-03 
-2.658203e-05 2.043273e-03 
-3.061004e-05 1.863507e-02 
-7.693968e-02 -8.657057e-02 
9.271971e-03 -9.984732e-02 
3.888737e-03 -1.112550e-01 
-3.712170e-03 -9.775777e-02 
-2.224536e-03 -7.451548e-02 
-8.825950e-04 -4.194551e-02 
4.260569e-04 -3.438538e-04 
6.460156e-04 3.512924e-02 
1.090865e-04 4.695372e-02 
-4.534988e-04 3.854582e-02 
-5.099875e-04 7.031201e-03 
5.189275e-04 -3.323634e-02 
4.930747e-04 -4.631852e-02 
2.561604e-04 -3.852970e-02 
-9.834998e-05 -6.144007e-03 
-1.669140e-04 3.473783e-02 
-7.558487e-05 3.910242e-02 
2.541197e-05 1.599923e-02 
1.031324e-05 -3.975773e-02 
-1.705981e-01 -1.623278e-02 
-1.078282e-03 -2.739622e-02 
7.948419e-03 -7.342814e-02 
-4.165794e-03 -1.228570e-01 
-3.764409e-03 -1.375087e-01 
-2.701961e-03 -1.194119e-01 
-8.118990e-04 -6.109680e-02 
7.530894e-04 2.191172e-02 
3.784710e-04 6.532180e-02 
-4.900673e-04 7.498067e-02 
-1.137352e-03 4.522756e-02 
3.798400e-04 -1.426157e-02 
5.991311e-04 -4.585280e-02 
5.237027e-04 -5.511073e-02 
2.108779e-04 -3.653863e-02 
-3.996368e-05 3.544151e-03 
-5.993668e-05 1.841429e-02 
-1.775847e-05 1.408578e-02 
2.095619e-05 -1.542141e-02 
-7.689291e-02 3.366804e-02 
-7.397043e-03 1.568936e-02 
-1.275561e-03 1.372883e-02 
4.078322e-04 1.759023e-02 
5.301403e-04 2.721949e-02 
5.390090e-04 3.227604e-02 
4.603771e-04 2.202287e-02 
2.675329e-04 -3.197631e-03 
2.374960e-04 -1.654002e-02 
4.253954e-04 -1.805669e-02 
4.517769e-04 -4.714638e-03 
-3.312989e-04 1.920529e-02 
-3.158021e-04 2.666776e-02 
-1.979343e-04 2.038003e-02 
-4.220042e-05 -1.585952e-03 
8.000386e-05 -2.853292e-02 
5.030534e-05 -2.337411e-02 
-5.191144e-05 7.480938e-03 
-1.775528e-04 6.844078e-02 
-4.207300e-02 1.032203e-01 
-2.048054e-05 9.418709e-02 
6.126942e-04 5.934492e-02 
-5.447886e-05 -1.356646e-03 
-3.246472e-04 -3.310986e-02 
-3.697774e-04 -4.497847e-02 
-8.741756e-05 -3.706796e-02 
3.275108e-04 -1.225216e-02 
2.805194e-04 6.538377e-03 
1.877955e-04 2.195738e-02 
-7.548530e-05 3.292847e-02 
-3.080805e-04 3.341966e-02 
-1.680352e-04 2.273974e-02 
9.337405e-06 2.289945e-03 
1.882144e-04 -2.897010e-02 
2.451161e-04 -5.337363e-02 
1.413564e-04 -3.878854e-02 
-6.737095e-05 6.619319e-03 
-3.246917e-04 8.661457e-02 
7.616142e-04 -4.224519e-02 
1.968499e-04 -7.392547e-02 
-7.024475e-04 -9.107080e-02 
-1.195562e-03 -8.464284e-02 
-6.704236e-04 -6.787863e-02 
-2.267104e-04 -4.052234e-02 
2.819665e-04 -3.086879e-03 
3.700753e-04 3.026428e-02 
6.347291e-05 4.385950e-02 
-1.943840e-04 4.123329e-02 
-2.459760e-04 1.852996e-02 
1.723667e-04 -1.558350e-02 
2.485529e-04 -3.096440e-02 
1.900407e-04 -3.172693e-02 
1.138143e-05 -1.494064e-02 
-9.561901e-05 1.139493e-02 
-8.487190e-05 2.064494e-02 
-4.543994e-05 1.778170e-02 
-4.952188e-07 3.135523e-04 
-1.560536e-01 -1.691606e-01 
-3.105091e-03 -2.283823e-01 
-2.572312e-03 -2.316869e-01 
-2.510633e-03 -1.641224e-01 
-9.407001e-04 -1.043443e-01 
-3.456682e-05 -4.191122e-02 
5.433956e-04 2.482795e-02 
3.109778e-04 7.210329e-02 
-2.138994e-04 8.366045e-02 
-5.806169e-04 6.354448e-02 
-3.436547e-04 5.306828e-03 
6.918803e-04 -6.707841e-02 
6.786910e-04 -8.801300e-02 
3.413553e-04 -6.762215e-02 
-1.932464e-04 1.115713e-03 
-3.608900e-04 8.367630e-02 
-1.644702e-04 8.679479e-02 
5.900564e-05 2.984992e-02 
5.093594e-05 -9.614849e-02 
-2.595341e-01 -4.874815e-02 
-2.728298e-02 -1.119255e-01 
-5.237405e-03 -1.584835e-01 
-1.152584e-03 -1.712447e-01 
-4.647311e-04 -1.622794e-01 
-3.623328e-04 -1.233195e-01 
-1.240759e-04 -4.296411e-02 
3.452430e-04 5.784323e-02 
-1.186003e-04 1.052511e-01 
-6.846559e-04 1.045740e-01 
-7.876232e-04 4.689968e-02 
5.114606e-04 -5.004473e-02 
7.205976e-04 -9.268987e-02 
5.522553e-04 -9.015900e-02 
9.778088e-05 -3.417869e-02 
-2.393045e-04 5.340291e-02 
-1.923542e-04 6.866788e-02 
-1.138389e-05 2.748880e-02 
1.499506e-04 -8.001144e-02 
-4.214127e-02 -7.019527e-03 
-1.415432e-03 -5.879462e-02 
4.522810e-03 -4.548701e-02 
-1.311600e-04 1.134988e-02 
-6.047067e-04 4.912467e-02 
-5.717593e-04 6.715892e-02 
-3.105595e-04 5.505342e-02 
-2.197992e-05 1.360917e-02 
1.054637e-04 -1.168663e-02 
2.171624e-04 -2.376700e-02 
1.709296e-04 -2.025051e-02 
-8.365590e-05 -1.714968e-03 
-1.380211e-04 9.803608e-03 
-1.621286e-04 1.591930e-02 
-1.303403e-04 1.518263e-02 
-3.810956e-05 8.453039e-03 
-2.958193e-05 7.375597e-03 
-3.931661e-05 1.139821e-02 
-7.213102e-05 2.474903e-02 
