poroelastic
2.791313e-04 1.242557e-02 
9.726456e-04 5.514255e-03 
1.511516e-03 8.079592e-03 
2.565887e-03 4.869309e-02 
2.510446e-03 5.478402e-02 
1.074339e-03 3.618575e-02 
-1.816302e-03 3.806541e-03 
-3.081173e-03 -3.161459e-02 
-2.230835e-03 -5.804745e-02 
-1.233226e-03 -6.342104e-02 
-9.367702e-05 -3.198477e-02 
-2.119250e-04 3.216259e-02 
-3.348611e-04 5.900572e-02 
-2.242146e-04 5.493882e-02 
1.105116e-04 1.495011e-02 
2.998263e-04 -4.338391e-02 
2.241983e-04 -6.155840e-02 
1.100047e-04 -4.930893e-02 
4.550719e-06 -3.640620e-03 
8.823246e-02 4.098142e-01 
4.220650e-03 2.820213e-01 
1.285119e-02 1.222248e-01 
-1.222460e-03 6.883131e-03 
-4.886464e-03 -6.863666e-02 
-6.058996e-03 -1.065046e-01 
-4.291344e-03 -8.705283e-02 
-7.249494e-04 -1.706266e-02 
1.258223e-04 1.615472e-02 
-1.640380e-04 3.056566e-02 
-8.256251e-04 3.187574e-02 
-1.075252e-04 2.627830e-02 
7.756603e-06 1.618325e-02 
1.292448e-04 7.261748e-04 
2.581296e-04 -2.046336e-02 
2.035891e-04 -3.915339e-02 
1.012106e-04 -4.047228e-02 
2.978653e-05 -2.833155e-02 
-4.235915e-07 -4.116113e-03 
6.661491e-01 8.110427e-01 
2.224245e-02 7.537265e-01 
1.842030e-02 4.769018e-01 
7.754889e-03 1.699408e-01 
-2.590029e-03 -2.785793e-02 
-7.384934e-03 -1.423660e-01 
-7.138532e-03 -1.592488e-01 
-2.130606e-03 -7.504349e-02 
1.454871e-05 -2.223228e-02 
6.688268e-04 1.633775e-02 
2.037398e-04 4.910139e-02 
-4.066401e-04 7.036616e-02 
-3.003836e-04 6.450150e-02 
-7.895165e-05 3.502663e-02 
2.504694e-04 -2.153232e-02 
3.701003e-04 -8.291459e-02 
2.162191e-04 -8.408964e-02 
3.610181e-05 -3.936829e-02 
-6.623993e-05 5.445973e-02 
7.238882e-01 -7.021551e-01 
3.280667e-02 -6.130616e-01 
-8.259524e-03 -3.705524e-01 
-5.228088e-03 -1.174608e-01 
9.264427e-04 3.186625e-02 
3.075423e-03 9.927729e-02 
4.432171e-04 7.614997e-02 
-3.630914e-03 -3.027620e-02 
-3.077933e-03 -9.551288e-02 
-1.925266e-03 -1.144550e-01 
-3.489879e-04 -7.398776e-02 
-8.825908e-05 1.864438e-02 
-2.774909e-04 6.613275e-02 
-2.636296e-04 7.484309e-02 
-2.915442e-05 3.849790e-02 
1.609923e-04 -3.265901e-02 
2.182504e-04 -6.594889e-02 
2.073048e-04 -6.902744e-02 
1.009599e-04 -3.674502e-02 
1.297039e-01 -3.283796e-01 
-8.885824e-04 -1.547402e-01 
2.749708e-04 -2.340094e-02 
6.386516e-04 3.282929e-02 
9.191377e-04 4.159072e-02 
-1.191679e-04 1.704879e-02 
-2.510472e-03 -3.363251e-02 
-3.348874e-03 -8.522768e-02 
-2.037375e-03 -1.021611e-01 
-7.446014e-04 -8.464403e-02 
2.817506e-04 -2.145697e-02 
-2.187996e-04 6.786188e-02 
-4.040415e-04 9.887351e-02 
-4.000384e-04 8.298551e-02 
-8.984645e-05 1.203644e-02 
4.110399e-04 -8.251187e-02 
4.405133e-04 -1.021884e-01 
2.538027e-04 -6.485446e-02 
-1.454788e-04 3.811710e-02 
2.856717e-03 1.535019e-01 
7.272362e-03 2.100743e-01 
7.997098e-03 1.593437e-01 
-6.463097e-04 2.975565e-02 
-3.309991e-03 -6.086107e-02 
-4.723312e-03 -1.167848e-01 
-4.266087e-03 -1.192500e-01 
-1.724153e-03 -6.227001e-02 
-4.534486e-04 -2.238818e-02 
-8.340408e-05 9.188294e-03 
-2.924081e-04 3.580108e-02 
-2.312653e-04 5.138432e-02 
-2.202015e-04 4.601247e-02 
-1.584070e-04 2.295761e-02 
7.230759e-05 -2.022895e-02 
3.646428e-04 -6.428853e-02 
2.600166e-04 -6.934173e-02 
1.116688e-04 -4.423357e-02 
-2.553723e-05 1.296472e-02 
2.315521e-01 6.750799e-01 
2.100032e-02 6.251651e-01 
1.747097e-02 3.874524e-01 
-1.819229e-03 4.593045e-02 
-7.899754e-03 -1.703380e-01 
-9.675388e-03 -2.759625e-01 
-6.100231e-03 -2.335259e-01 
-2.684088e-04 -4.860462e-02 
1.127633e-03 6.289186e-02 
6.822557e-04 1.177545e-01 
-7.424051e-04 1.094471e-01 
-2.616917e-04 4.355881e-02 
-2.309075e-05 -5.293977e-03 
1.298553e-04 -4.198914e-02 
2.486089e-04 -6.230820e-02 
2.650634e-04 -5.720527e-02 
1.162804e-04 -4.201982e-02 
2.540327e-05 -1.918918e-02 
-2.818850e-06 4.878576e-03 
1.035936e+00 1.085779e+00 
1.086696e-01 1.209923e+00 
2.764856e-02 8.286428e-01 
4.190070e-03 2.223371e-01 
-5.171409e-03 -1.616943e-01 
-9.401465e-03 -3.597841e-01 
-7.579993e-03 -3.426515e-01 
-5.761384e-04 -1.033763e-01 
1.745765e-03 5.462595e-02 
1.813524e-03 1.449430e-01 
2.850315e-04 1.610331e-01 
-3.278454e-04 9.252038e-02 
-1.949731e-04 2.812568e-02 
-1.503781e-05 -3.279641e-02 
2.377778e-04 -8.746233e-02 
4.158554e-04 -1.098218e-01 
1.972238e-04 -7.881704e-02 
-4.914532e-05 -7.439515e-03 
-1.964781e-04 1.012236e-01 
8.561158e-01 -9.513846e-01 
-2.427758e-02 -6.606264e-01 
-2.484421e-02 -3.658997e-01 
-3.608564e-03 -1.798956e-01 
-1.048724e-03 -6.454068e-02 
-4.332627e-05 2.670219e-03 
-3.962335e-04 1.632174e-02 
-1.255549e-03 -2.415527e-02 
-9.891815e-04 -4.924660e-02 
-7.902532e-04 -5.606249e-02 
-5.031235e-04 -4.126991e-02 
-1.135348e-04 -8.736165e-03 
-8.394905e-05 1.210561e-02 
-1.242211e-04 2.205900e-02 
-1.655999e-04 1.983378e-02 
9.627057e-07 2.303428e-03 
8.724403e-05 -2.179236e-02 
1.643815e-04 -4.959571e-02 
2.429232e-04 -8.245637e-02 
