poroelastic
-4.709869e-02 -3.578721e-02 
-5.561450e-02 -1.046633e-02 
-4.261320e-02 8.479615e-02 
3.500603e-02 2.027818e-01 
3.418492e-02 2.502526e-01 
2.926503e-02 2.415134e-01 
2.250411e-02 1.789803e-01 
1.030687e-02 8.130103e-02 
3.756496e-03 1.004407e-02 
3.943051e-03 -3.635187e-02 
5.929583e-03 -4.737912e-02 
2.148104e-05 -1.607455e-02 
-5.833389e-04 4.430029e-03 
-9.335565e-04 1.856763e-02 
-1.398486e-03 2.446748e-02 
-1.246492e-03 2.538770e-02 
-9.563369e-04 4.038692e-02 
-8.781466e-04 6.327108e-02 
-4.955307e-04 9.834299e-02 
2.811504e-01 3.156060e-01 
-3.004526e-02 3.297617e-01 
-7.221674e-03 3.065744e-01 
3.853453e-02 2.519128e-01 
2.438435e-02 1.875811e-01 
1.450308e-02 1.190902e-01 
8.815867e-03 5.756181e-02 
4.867602e-03 2.216264e-02 
2.518210e-03 3.014003e-04 
2.877986e-03 -8.335064e-03 
3.101466e-03 1.132527e-03 
-8.565037e-04 2.553110e-02 
-8.574514e-04 2.827158e-02 
-5.003616e-04 1.453580e-02 
-6.227964e-05 -1.746697e-02 
1.549079e-04 -4.784658e-02 
-1.867129e-04 -2.639919e-02 
-6.844015e-04 3.260213e-02 
-6.252405e-04 1.336440e-01 
8.510371e-01 3.665834e-01 
4.404008e-02 4.818124e-01 
-3.798382e-03 4.476042e-01 
5.770425e-02 3.843348e-01 
3.956921e-02 3.177206e-01 
2.626169e-02 2.397240e-01 
1.524608e-02 1.412206e-01 
5.362382e-03 3.627150e-02 
1.822309e-03 -2.943597e-02 
3.277995e-03 -6.233262e-02 
6.100597e-03 -5.377248e-02 
-1.465024e-04 -5.933934e-04 
-1.047860e-03 2.792969e-02 
-1.176713e-03 3.615706e-02 
-1.044917e-03 2.026063e-02 
-5.617625e-04 -9.731333e-03 
-5.804151e-04 6.028724e-03 
-9.806504e-04 5.542255e-02 
-1.110165e-03 1.446954e-01 
1.390995e-01 -6.318257e-01 
-5.237950e-02 -4.847906e-01 
-3.593128e-02 -2.141785e-01 
2.089527e-02 9.688549e-02 
3.067798e-02 2.628426e-01 
2.972443e-02 3.228110e-01 
1.807449e-02 2.656403e-01 
1.709409e-03 9.799917e-02 
-2.377360e-03 -1.841890e-02 
-1.627000e-03 -9.343312e-02 
2.221136e-03 -1.191029e-01 
1.737674e-03 -8.048035e-02 
5.841982e-04 -4.058731e-02 
-3.904631e-04 1.835831e-03 
-1.389475e-03 4.637446e-02 
-1.468758e-03 7.609582e-02 
-9.837927e-04 7.142220e-02 
-3.905920e-04 3.816325e-02 
2.228860e-04 -2.360277e-02 
-1.884397e-01 -3.381678e-01 
-4.233232e-02 -1.854226e-01 
-9.738072e-03 5.700979e-02 
4.588624e-02 2.942104e-01 
4.159698e-02 3.830740e-01 
3.204971e-02 3.676334e-01 
1.555016e-02 2.459163e-01 
7.238562e-04 5.524157e-02 
-1.830425e-03 -6.488655e-02 
4.153633e-04 -1.291792e-01 
4.568776e-03 -1.237456e-01 
8.856214e-04 -4.631557e-02 
-4.330296e-04 6.993939e-03 
-1.191041e-03 4.433830e-02 
-1.594924e-03 6.124784e-02 
-1.189648e-03 5.319710e-02 
-7.994652e-04 4.628316e-02 
-5.381076e-04 3.673270e-02 
-3.301668e-04 2.971991e-02 
-2.264925e-02 1.236973e-01 
-1.114676e-02 2.364307e-01 
1.951447e-02 3.427692e-01 
5.772487e-02 3.886756e-01 
3.909671e-02 3.588092e-01 
2.462828e-02 2.795770e-01 
1.014547e-02 1.543954e-01 
7.253130e-04 2.148385e-02 
-5.501218e-04 -5.729848e-02 
1.384882e-03 -9.386069e-02 
3.905705e-03 -7.660403e-02 
9.977888e-05 -9.296571e-03 
-7.781555e-04 2.760340e-02 
-1.049025e-03 4.197305e-02 
-8.514002e-04 2.802787e-02 
-3.275670e-04 -2.647070e-03 
-3.202180e-04 3.409207e-03 
-6.592153e-04 3.454220e-02 
-9.917894e-04 9.765213e-02 
5.354809e-01 4.629275e-01 
4.385037e-02 6.315478e-01 
5.578844e-02 6.409883e-01 
7.028557e-02 5.058949e-01 
3.605187e-02 3.504969e-01 
1.584679e-02 1.910586e-01 
3.332446e-03 4.300144e-02 
-2.097014e-04 -4.203372e-02 
4.172455e-04 -8.061002e-02 
2.733588e-03 -8.033825e-02 
4.055552e-03 -3.089909e-02 
-1.231125e-03 5.049719e-02 
-1.823348e-03 7.762931e-02 
-1.377424e-03 6.192302e-02 
-1.131155e-04 -3.513932e-03 
9.872795e-04 -8.383917e-02 
4.654696e-04 -6.508220e-02 
-7.901424e-04 2.663071e-02 
-2.008217e-03 2.014421e-01 
1.124958e+00 4.677331e-01 
2.241808e-01 8.316456e-01 
9.712744e-02 8.138934e-01 
7.139374e-02 5.946059e-01 
3.274846e-02 3.831057e-01 
1.158563e-02 1.871454e-01 
-1.034935e-03 6.254339e-03 
-2.583472e-03 -1.044117e-01 
-4.383524e-04 -1.465200e-01 
2.792958e-03 -1.349891e-01 
5.217014e-03 -5.731119e-02 
-8.933951e-04 7.084360e-02 
-2.423091e-03 1.240103e-01 
-2.273399e-03 1.149809e-01 
-6.736569e-04 3.317154e-02 
1.492052e-03 -9.397816e-02 
1.178305e-03 -9.383429e-02 
-4.920842e-04 5.230046e-03 
-2.853282e-03 2.184118e-01 
3.252980e-02 -5.815701e-01 
-2.585794e-02 -2.434922e-01 
1.523978e-02 2.348036e-02 
2.163494e-02 1.667558e-01 
1.629974e-02 2.072035e-01 
1.007471e-02 1.895443e-01 
1.540256e-03 1.129693e-01 
-1.540628e-03 5.104006e-03 
-1.051355e-03 -5.877767e-02 
1.141268e-04 -9.266648e-02 
1.709465e-03 -9.020318e-02 
9.839679e-04 -4.685869e-02 
2.546697e-04 -1.186910e-02 
-3.063138e-04 1.684628e-02 
-7.247214e-04 3.537320e-02 
-7.915303e-04 3.627916e-02 
-6.036449e-04 3.213121e-02 
-3.988916e-04 2.344875e-02 
-1.960956e-04 1.309369e-02 
