poroelastic
-6.119828e-03 4.191733e-02 
-3.267893e-03 5.071855e-02 
1.280445e-03 5.524595e-02 
7.121596e-03 8.712832e-02 
5.260952e-03 8.234006e-02 
1.837126e-03 5.245609e-02 
-3.207883e-03 1.308810e-02 
-4.720598e-03 -2.751014e-02 
-2.787074e-03 -6.625390e-02 
-6.270945e-04 -8.135780e-02 
1.177040e-03 -4.904733e-02 
-1.027106e-03 3.246379e-02 
-1.837035e-03 6.838133e-02 
-1.377250e-03 6.582895e-02 
3.008987e-04 1.889200e-02 
1.414817e-03 -5.081505e-02 
1.193856e-03 -6.973715e-02 
6.077507e-04 -5.051035e-02 
-1.088869e-04 1.139454e-02 
9.102322e-02 3.778137e-01 
7.985767e-03 2.735254e-01 
1.584306e-02 1.279335e-01 
-1.163318e-03 2.278378e-02 
-5.688801e-03 -4.780357e-02 
-7.138099e-03 -8.463571e-02 
-5.365699e-03 -7.017285e-02 
-1.647682e-03 -1.285611e-02 
-8.281116e-04 5.383817e-03 
-1.168617e-03 8.051409e-03 
-1.466389e-03 8.893797e-03 
-4.092804e-04 2.192751e-02 
-3.231358e-04 2.293074e-02 
1.216660e-04 1.201672e-02 
9.063754e-04 -1.284797e-02 
1.068894e-03 -4.199576e-02 
7.549259e-04 -4.671754e-02 
3.772313e-04 -3.297396e-02 
9.038634e-06 -1.106964e-03 
6.358477e-01 7.241272e-01 
3.322015e-02 7.123041e-01 
2.811871e-02 4.707655e-01 
1.206120e-02 1.908496e-01 
-2.358689e-03 5.928716e-03 
-8.755887e-03 -1.069045e-01 
-8.824032e-03 -1.359363e-01 
-3.057538e-03 -7.416322e-02 
-3.576748e-04 -3.947209e-02 
5.035367e-04 -1.215648e-02 
-1.018854e-04 2.265268e-02 
-1.887584e-03 6.552682e-02 
-1.762763e-03 7.190467e-02 
-7.874298e-04 4.701236e-02 
9.914011e-04 -1.345843e-02 
1.954191e-03 -8.642683e-02 
1.376451e-03 -9.063019e-02 
3.836547e-04 -4.288608e-02 
-6.103175e-04 6.024860e-02 
5.988595e-01 -6.273155e-01 
1.665505e-02 -5.103553e-01 
-1.234318e-02 -2.847854e-01 
-5.096112e-03 -6.202224e-02 
2.776209e-03 6.420692e-02 
3.865523e-03 1.123992e-01 
-2.188400e-03 7.516462e-02 
-6.558045e-03 -3.735400e-02 
-3.768170e-03 -1.090982e-01 
-8.704986e-04 -1.313131e-01 
1.468686e-03 -8.553395e-02 
-6.901215e-04 2.421110e-02 
-1.968896e-03 7.873179e-02 
-1.785853e-03 8.642927e-02 
-8.265016e-05 3.996196e-02 
1.421051e-03 -4.609734e-02 
1.440055e-03 -7.931740e-02 
1.002995e-03 -7.126805e-02 
1.760352e-04 -1.586936e-02 
7.447894e-02 -2.693589e-01 
-2.127290e-03 -8.139569e-02 
3.719780e-03 4.659005e-02 
3.770263e-03 8.675527e-02 
2.032044e-03 7.141221e-02 
-1.320542e-03 2.423146e-02 
-5.606318e-03 -3.936499e-02 
-4.746277e-03 -8.979368e-02 
-1.649806e-03 -1.095578e-01 
6.323638e-04 -9.405573e-02 
1.252493e-03 -2.749397e-02 
-1.979905e-03 7.283631e-02 
-2.690861e-03 1.086262e-01 
-1.963700e-03 9.158284e-02 
3.917396e-04 1.167889e-02 
2.328505e-03 -9.560881e-02 
1.984971e-03 -1.143874e-01 
8.470478e-04 -6.643567e-02 
-7.137566e-04 5.751659e-02 
3.115264e-03 1.923308e-01 
1.278639e-02 2.703653e-01 
1.605295e-02 2.246933e-01 
1.582639e-03 8.652524e-02 
-4.305065e-03 -2.576811e-02 
-7.340003e-03 -1.035380e-01 
-6.706150e-03 -1.212792e-01 
-2.319907e-03 -6.749768e-02 
-4.850830e-04 -3.191442e-02 
-2.253118e-04 -1.602116e-03 
-1.036316e-03 3.008059e-02 
-1.421402e-03 5.712348e-02 
-1.282744e-03 5.746870e-02 
-5.279667e-04 3.333900e-02 
1.008060e-03 -2.006981e-02 
1.936485e-03 -7.867965e-02 
1.404228e-03 -8.391821e-02 
5.405468e-04 -4.773349e-02 
-3.505108e-04 3.368999e-02 
2.882554e-01 7.034933e-01 
3.640720e-02 6.946973e-01 
3.296972e-02 4.707856e-01 
-5.759327e-04 1.117777e-01 
-1.201069e-02 -1.387542e-01 
-1.496795e-02 -2.763123e-01 
-8.417567e-03 -2.523796e-01 
3.544214e-04 -6.074319e-02 
9.933245e-04 5.491323e-02 
-1.007657e-03 1.136055e-01 
-3.630239e-03 1.111193e-01 
-1.142227e-03 5.214774e-02 
1.839862e-04 5.212289e-03 
1.172374e-03 -3.455418e-02 
1.852496e-03 -6.480984e-02 
1.578993e-03 -7.188096e-02 
8.440784e-04 -5.490932e-02 
1.843722e-04 -2.059114e-02 
-2.425632e-04 2.513542e-02 
1.112690e+00 1.094944e+00 
1.518970e-01 1.293508e+00 
5.502459e-02 9.218750e-01 
7.393188e-03 2.795305e-01 
-1.055430e-02 -1.448377e-01 
-1.617156e-02 -3.751566e-01 
-1.013984e-02 -3.763714e-01 
9.684944e-04 -1.250149e-01 
2.504010e-03 4.580319e-02 
5.722242e-04 1.466872e-01 
-3.154306e-03 1.710134e-01 
-2.528896e-03 1.050014e-01 
-7.151110e-04 3.752737e-02 
9.248676e-04 -3.041180e-02 
2.359834e-03 -9.603489e-02 
2.496998e-03 -1.288151e-01 
1.268199e-03 -9.371467e-02 
-2.366962e-04 -7.703383e-03 
-1.434245e-03 1.255383e-01 
7.901997e-01 -9.645133e-01 
-3.744616e-02 -5.921887e-01 
-2.833713e-02 -2.893712e-01 
-8.511383e-03 -1.331599e-01 
-3.028366e-03 -4.351412e-02 
-1.743304e-03 1.431363e-03 
-3.503109e-03 -1.074280e-03 
-3.284625e-03 -4.128059e-02 
-1.532182e-03 -6.296684e-02 
-6.680132e-04 -6.419701e-02 
-1.631902e-04 -4.082668e-02 
1.345552e-05 1.200469e-03 
-4.826680e-04 2.463667e-02 
-5.476132e-04 3.077483e-02 
-6.154183e-07 1.689687e-02 
7.119327e-04 -1.447293e-02 
8.579992e-04 -3.749565e-02 
8.967869e-04 -5.235553e-02 
7.154993e-04 -5.917241e-02 
