poroelastic
-9.180074e-03 -4.273380e-01 
-4.235359e-02 -5.987169e-01 
-6.942859e-02 -4.999214e-01 
-1.311014e-02 -2.026561e-01 
7.050487e-03 3.570486e-02 
2.014701e-02 2.059263e-01 
3.425608e-02 2.875204e-01 
3.227219e-02 2.820021e-01 
1.889678e-02 2.451494e-01 
1.214842e-02 1.717016e-01 
7.087567e-03 6.128699e-02 
9.476694e-05 -5.964894e-02 
-4.350269e-04 -1.243394e-01 
-4.146669e-04 -1.349455e-01 
-3.521712e-04 -8.894960e-02 
-4.168031e-04 1.529004e-02 
3.242791e-04 1.323976e-01 
1.116191e-03 2.537912e-01 
2.313730e-03 4.000897e-01 
3.561750e-01 1.322626e-01 
-3.468944e-02 1.628343e-01 
-3.566414e-02 2.203949e-01 
2.818992e-02 2.453382e-01 
2.757222e-02 2.740430e-01 
2.531074e-02 2.712099e-01 
2.382082e-02 2.199383e-01 
1.663945e-02 1.591561e-01 
8.816550e-03 1.117583e-01 
5.872152e-03 6.705813e-02 
4.318171e-03 3.889443e-02 
3.246266e-04 2.086964e-02 
-4.268559e-05 -2.397093e-02 
-2.002381e-04 -6.898721e-02 
-4.248839e-04 -1.242312e-01 
-8.206458e-04 -1.484236e-01 
-3.512257e-04 -2.923499e-02 
5.806574e-04 1.711478e-01 
2.259935e-03 4.606937e-01 
6.537115e-01 -1.020887e-02 
3.774124e-02 -2.712221e-02 
-4.690099e-02 -2.709647e-02 
1.254338e-02 2.917536e-02 
1.695365e-02 9.649203e-02 
2.417400e-02 2.065117e-01 
3.876167e-02 3.303656e-01 
3.635334e-02 3.888949e-01 
2.288144e-02 3.990099e-01 
1.399710e-02 3.394589e-01 
5.196132e-03 1.616245e-01 
-2.174453e-04 -1.040596e-01 
-7.895652e-04 -2.474239e-01 
-4.999765e-04 -3.001860e-01 
2.187444e-04 -2.442186e-01 
-2.115540e-04 -4.685286e-02 
2.337106e-04 1.534748e-01 
7.778870e-04 3.567986e-01 
1.481509e-03 5.823994e-01 
-1.814729e-01 -5.268507e-01 
-7.461730e-02 -5.423894e-01 
-4.610564e-02 -4.306101e-01 
-1.839505e-03 -2.044208e-01 
9.390852e-03 -2.563127e-02 
2.344153e-02 1.937602e-01 
4.113161e-02 4.201289e-01 
3.622923e-02 5.175308e-01 
2.286666e-02 5.337241e-01 
1.246055e-02 4.340851e-01 
2.037106e-03 1.553180e-01 
-1.274472e-03 -2.243572e-01 
-1.514208e-03 -4.078568e-01 
-6.936280e-04 -4.486519e-01 
1.030188e-03 -3.141785e-01 
9.722140e-04 1.408219e-02 
7.240648e-04 2.637677e-01 
4.448613e-04 4.542492e-01 
-1.789131e-04 5.935998e-01 
-1.102726e-01 -2.887914e-01 
-3.659828e-02 -3.629997e-01 
-2.089593e-02 -2.144370e-01 
1.342907e-02 5.865586e-02 
2.019839e-02 2.162117e-01 
2.447412e-02 3.268840e-01 
2.360864e-02 3.532403e-01 
1.197898e-02 2.412991e-01 
5.398118e-03 1.652363e-01 
1.615633e-03 9.294550e-02 
-9.149903e-04 1.260204e-03 
-6.764448e-04 -8.393589e-02 
-4.940574e-04 -1.169265e-01 
-1.524053e-04 -1.279170e-01 
4.114802e-04 -1.054406e-01 
2.722947e-04 -2.705682e-02 
1.573396e-04 4.569839e-02 
2.322686e-05 1.194964e-01 
-2.826198e-04 2.002930e-01 
-1.714763e-02 -2.205542e-01 
-2.816672e-02 -2.984811e-01 
-2.170578e-02 -1.997752e-01 
1.266705e-02 2.021704e-02 
1.778141e-02 1.524291e-01 
2.037515e-02 2.314345e-01 
1.851556e-02 2.377647e-01 
8.784995e-03 1.608590e-01 
4.337622e-03 1.074505e-01 
2.343381e-03 6.278684e-02 
1.252450e-03 2.447232e-02 
2.345882e-04 -3.078506e-03 
7.212276e-05 -2.655321e-02 
1.380029e-04 -6.046653e-02 
4.515997e-04 -9.997967e-02 
1.979535e-04 -9.902231e-02 
1.129236e-04 -2.799049e-02 
-3.906576e-05 1.041834e-01 
-4.138400e-04 3.114969e-01 
6.791234e-02 -2.036728e-01 
-1.935713e-02 -2.521024e-01 
-2.314132e-02 -1.977292e-01 
1.009469e-02 -6.932765e-02 
1.473954e-02 4.485765e-02 
1.942473e-02 1.282978e-01 
2.208706e-02 1.807919e-01 
1.192702e-02 1.978309e-01 
7.407943e-03 1.845214e-01 
5.176446e-03 1.523420e-01 
3.194499e-03 9.413979e-02 
7.555826e-04 1.732505e-02 
2.735084e-04 -3.758896e-02 
4.219342e-04 -7.939389e-02 
8.700836e-04 -1.008545e-01 
1.041574e-04 -7.195910e-02 
-5.334295e-05 7.611276e-03 
-1.922249e-04 1.424565e-01 
-3.537428e-04 3.541343e-01 
2.783831e-01 -3.483300e-01 
4.050366e-02 -3.049507e-01 
-4.789058e-03 -1.616030e-01 
2.944686e-02 7.342262e-02 
2.974382e-02 2.320597e-01 
3.125859e-02 3.431969e-01 
2.791675e-02 3.847814e-01 
1.219826e-02 3.193438e-01 
6.459525e-03 2.365645e-01 
3.243937e-03 1.433660e-01 
7.552216e-04 2.379474e-02 
-3.930183e-04 -1.031430e-01 
-1.832744e-04 -1.785535e-01 
9.027711e-04 -2.029643e-01 
2.439513e-03 -1.648062e-01 
4.746447e-04 -5.271927e-02 
-2.694278e-04 9.098585e-02 
-8.320360e-04 2.488853e-01 
-1.482782e-03 4.246380e-01 
-5.361660e-01 -1.190779e-02 
-2.412450e-02 -1.317703e-01 
1.770216e-02 -1.759107e-01 
2.012683e-02 -1.160544e-01 
1.812776e-02 -2.789389e-02 
2.590666e-02 1.175524e-01 
2.992425e-02 2.933518e-01 
9.550018e-03 4.090334e-01 
7.670669e-03 4.388701e-01 
5.841455e-03 3.616671e-01 
2.407323e-03 1.350417e-01 
-4.398522e-04 -1.624232e-01 
-3.127533e-04 -3.098052e-01 
1.873747e-03 -3.408397e-01 
5.113217e-03 -2.300606e-01 
1.396881e-03 3.076137e-02 
-4.377228e-04 2.365587e-01 
-1.715485e-03 4.024655e-01 
-3.363940e-03 5.499852e-01 
