poroelastic
-1.689096e-02 9.388637e-02 
-1.216816e-02 1.561376e-01 
-6.753432e-04 2.051553e-01 
1.441461e-02 2.297835e-01 
1.211802e-02 1.960512e-01 
7.916655e-03 1.330768e-01 
-3.472109e-04 3.972207e-02 
-7.828521e-03 -7.356982e-02 
-6.667021e-03 -1.273244e-01 
-4.199943e-03 -1.255377e-01 
-8.614482e-04 -6.083978e-02 
3.049607e-04 5.612587e-02 
4.107292e-04 1.102056e-01 
1.902705e-04 1.034302e-01 
-1.658282e-04 3.190349e-02 
-1.230743e-04 -6.605486e-02 
-2.171490e-04 -1.033350e-01 
-2.107522e-04 -9.162483e-02 
-4.370285e-05 -1.782238e-02 
2.329256e-01 5.006463e-01 
-6.553650e-03 4.303182e-01 
6.588406e-03 2.987559e-01 
9.172778e-03 1.408373e-01 
1.443118e-03 2.432511e-02 
-2.295152e-03 -3.744559e-02 
-2.602791e-03 -5.142931e-02 
-9.061001e-04 -4.013891e-02 
3.783891e-04 -1.472811e-02 
1.166159e-03 5.943622e-03 
1.274039e-03 2.484511e-02 
3.490968e-04 5.343136e-02 
2.272663e-04 5.444729e-02 
7.403345e-05 3.173281e-02 
-8.638459e-05 -1.292562e-02 
-1.246161e-04 -5.224728e-02 
-1.267393e-04 -4.774428e-02 
-4.233833e-05 -1.237057e-02 
1.605921e-04 5.674417e-02 
9.631389e-01 9.094104e-01 
5.219131e-02 9.542030e-01 
1.964451e-02 6.749200e-01 
1.666432e-02 2.838933e-01 
1.871011e-03 3.593769e-02 
-7.077948e-03 -1.241572e-01 
-9.167002e-03 -1.844921e-01 
-2.442428e-03 -1.164661e-01 
4.875098e-04 -6.492313e-02 
2.808884e-03 -2.271913e-02 
4.480217e-03 3.697380e-02 
1.290237e-03 1.104685e-01 
7.795278e-04 1.266839e-01 
4.448750e-04 1.082906e-01 
5.320770e-05 4.793704e-02 
-7.772007e-05 -4.337526e-02 
-8.767641e-05 -6.260896e-02 
-3.138550e-05 -2.756617e-02 
8.515053e-05 6.686718e-02 
5.885948e-01 -7.155082e-01 
1.341632e-02 -5.513606e-01 
-1.150457e-02 -2.992436e-01 
-4.497810e-03 -9.222649e-02 
1.467539e-03 2.933674e-02 
3.205916e-03 6.852058e-02 
1.531187e-03 4.089973e-02 
-1.349263e-03 -2.182921e-02 
-2.229230e-03 -7.517833e-02 
-1.471841e-03 -9.245774e-02 
6.467260e-04 -5.309953e-02 
6.146158e-04 3.184652e-02 
5.725344e-04 7.881879e-02 
4.207036e-04 9.910367e-02 
2.407951e-05 8.282687e-02 
-1.093057e-04 2.052708e-02 
-8.150945e-05 -2.618450e-02 
-2.247894e-05 -5.600840e-02 
6.327473e-05 -5.943386e-02 
-3.123336e-02 -2.847752e-01 
-5.925875e-03 -2.440236e-02 
5.715083e-03 1.695413e-01 
1.131642e-02 2.404348e-01 
1.000775e-02 2.259434e-01 
6.573543e-03 1.608822e-01 
-3.026273e-04 3.995554e-02 
-6.370654e-03 -1.073230e-01 
-5.768929e-03 -1.658541e-01 
-3.616531e-03 -1.501396e-01 
-4.753820e-04 -5.816833e-02 
7.926312e-04 8.159127e-02 
7.043994e-04 1.428641e-01 
1.707096e-05 1.313710e-01 
-7.870333e-04 3.903136e-02 
-2.008264e-04 -8.893413e-02 
5.363190e-05 -1.320675e-01 
1.513297e-04 -1.065986e-01 
-8.853650e-06 4.375209e-03 
4.718797e-03 2.914203e-01 
1.522381e-02 4.321322e-01 
2.109161e-02 4.114643e-01 
9.471589e-03 2.310178e-01 
3.161140e-04 4.924904e-02 
-6.308102e-03 -9.669139e-02 
-1.002383e-02 -1.844159e-01 
-7.962409e-03 -1.995656e-01 
-4.464130e-03 -1.579543e-01 
-1.391897e-03 -7.452376e-02 
8.380848e-04 3.629659e-02 
1.091774e-03 1.400309e-01 
6.182954e-04 1.807945e-01 
-4.427532e-04 1.454305e-01 
-1.283623e-03 3.281181e-02 
-2.197372e-05 -1.013184e-01 
1.275242e-04 -1.665521e-01 
1.398141e-04 -1.560454e-01 
4.864109e-05 -4.882118e-02 
3.823791e-01 8.774172e-01 
4.239331e-02 9.508886e-01 
3.692919e-02 6.845584e-01 
6.179315e-03 2.059129e-01 
-9.484473e-03 -1.327816e-01 
-1.716142e-02 -3.501447e-01 
-1.477881e-02 -3.847934e-01 
-5.046093e-03 -2.031289e-01 
-4.070640e-04 -6.311927e-02 
2.341391e-03 5.437733e-02 
3.238393e-03 1.491112e-01 
1.737727e-03 1.858412e-01 
6.740262e-04 1.745488e-01 
-4.156341e-04 1.139164e-01 
-1.060173e-03 8.814022e-04 
1.115257e-04 -1.212475e-01 
7.370031e-05 -1.584714e-01 
-8.862087e-06 -1.141729e-01 
7.449264e-06 2.089964e-02 
1.371564e+00 1.160903e+00 
1.769874e-01 1.410545e+00 
5.206922e-02 1.047111e+00 
1.566908e-02 3.816496e-01 
-2.735094e-03 -4.505551e-02 
-1.132249e-02 -2.995885e-01 
-1.031327e-02 -3.480377e-01 
-2.046531e-03 -1.402540e-01 
1.505071e-03 1.614044e-03 
3.430159e-03 9.671164e-02 
4.113852e-03 1.524462e-01 
2.340623e-03 1.458335e-01 
8.549891e-04 1.030781e-01 
3.800921e-05 3.902394e-02 
-1.488829e-04 -5.017955e-02 
2.026012e-04 -1.323581e-01 
1.265531e-04 -1.043640e-01 
-5.146530e-05 1.025971e-02 
-2.687476e-04 2.199335e-01 
6.581320e-01 -9.193016e-01 
-2.238081e-02 -5.229051e-01 
-1.609175e-02 -2.011560e-01 
-3.437385e-03 -7.245149e-02 
-9.593980e-04 -1.571489e-02 
-4.395657e-04 5.814993e-03 
-8.703653e-04 -3.503880e-03 
-1.028952e-03 -4.005378e-02 
-1.121560e-03 -5.398590e-02 
-9.182242e-04 -4.697713e-02 
-5.891199e-04 -2.762615e-02 
-2.081653e-04 -1.547896e-03 
3.419528e-07 1.936402e-02 
-1.181411e-04 3.121483e-02 
-4.471241e-04 3.343010e-02 
-1.478202e-04 2.307212e-02 
-2.909501e-05 -7.983073e-03 
8.804668e-05 -4.863525e-02 
2.597762e-04 -8.944299e-02 
