poroelastic
-1.207130e-02 -1.188040e-01 
-2.424872e-02 -1.465709e-01 
-2.754230e-02 -8.231139e-02 
7.482414e-03 2.373264e-02 
1.191000e-02 8.594172e-02 
1.365314e-02 1.190360e-01 
1.375355e-02 1.142943e-01 
8.111266e-03 7.596798e-02 
4.032420e-03 5.261584e-02 
2.518867e-03 2.929888e-02 
1.788701e-03 -2.784705e-03 
1.274924e-04 -3.778562e-02 
5.860027e-05 -4.641831e-02 
-3.581772e-05 -3.180729e-02 
-2.807933e-04 9.431375e-03 
-3.020343e-04 6.101063e-02 
-4.911741e-05 7.568760e-02 
8.111206e-05 6.288022e-02 
6.926868e-05 2.272994e-02 
1.577866e-01 7.073115e-02 
-2.233627e-02 9.699160e-02 
-1.343970e-02 1.443367e-01 
2.286030e-02 1.639198e-01 
1.776635e-02 1.541537e-01 
1.280740e-02 1.228338e-01 
8.036676e-03 6.821189e-02 
3.116977e-03 1.010170e-02 
1.446918e-03 -1.430994e-02 
2.073795e-03 -1.689892e-02 
2.663580e-03 -5.529310e-04 
-9.924416e-05 2.076145e-02 
-1.723849e-04 2.640767e-02 
-1.424828e-04 2.054457e-02 
-1.537234e-04 3.665934e-04 
-1.798132e-04 -2.102660e-02 
-1.560479e-04 -7.824410e-03 
-5.894031e-05 3.207804e-02 
3.580693e-04 1.062022e-01 
2.932600e-01 -3.916621e-02 
6.259056e-03 -2.371577e-02 
-2.214384e-02 4.619003e-02 
2.339297e-02 1.508057e-01 
2.314849e-02 1.997070e-01 
2.022091e-02 2.053051e-01 
1.483501e-02 1.575058e-01 
5.891966e-03 6.305800e-02 
1.973990e-03 7.455276e-03 
1.613182e-03 -2.264153e-02 
2.566029e-03 -3.148341e-02 
2.041377e-04 -2.233894e-02 
-1.879062e-05 -1.073715e-02 
-7.009213e-05 3.342460e-03 
-1.781268e-04 1.893899e-02 
-2.403940e-04 3.344128e-02 
-1.361929e-04 4.624594e-02 
-6.444003e-05 5.853931e-02 
5.977268e-05 7.520240e-02 
5.066823e-02 -2.163952e-01 
-1.902879e-02 -2.159404e-01 
-1.715940e-02 -1.523348e-01 
2.349038e-03 -2.580328e-02 
7.050842e-03 4.607163e-02 
9.530371e-03 9.328805e-02 
1.047659e-02 1.178255e-01 
6.222065e-03 1.083133e-01 
2.825868e-03 9.017072e-02 
6.074707e-04 5.507851e-02 
-6.316467e-04 -7.328626e-03 
1.725462e-04 -8.067825e-02 
2.149903e-04 -1.019275e-01 
1.279418e-04 -7.930343e-02 
-6.713701e-05 -5.462323e-03 
-1.627332e-04 9.226395e-02 
-1.694179e-04 1.102628e-01 
-1.004425e-04 6.640092e-02 
7.002260e-05 -4.640974e-02 
-2.542413e-02 -2.355219e-01 
-2.526121e-02 -2.601564e-01 
-1.738958e-02 -1.603938e-01 
9.774594e-03 2.863638e-02 
1.498957e-02 1.398612e-01 
1.650499e-02 1.982789e-01 
1.327074e-02 1.894323e-01 
5.097760e-03 1.095992e-01 
1.343426e-03 4.815011e-02 
-1.227813e-04 -7.175894e-03 
1.091850e-04 -5.927614e-02 
2.156455e-04 -8.930367e-02 
1.707599e-04 -8.196316e-02 
9.649515e-05 -4.259019e-02 
-5.497659e-05 3.415292e-02 
-2.242963e-04 1.146500e-01 
-2.739007e-04 1.183309e-01 
-1.647189e-04 6.321332e-02 
1.450491e-04 -5.523825e-02 
-1.255450e-02 -8.885115e-02 
-1.656100e-02 -9.766772e-02 
-7.039098e-03 -1.656843e-02 
1.818535e-02 1.035463e-01 
1.759999e-02 1.646684e-01 
1.582629e-02 1.844198e-01 
1.091163e-02 1.505531e-01 
3.544541e-03 6.911348e-02 
9.575695e-04 1.693113e-02 
4.172969e-04 -1.977189e-02 
8.945470e-04 -4.122533e-02 
1.504894e-04 -4.054418e-02 
7.487490e-05 -3.142340e-02 
3.158213e-05 -1.358112e-02 
-2.827523e-05 1.475244e-02 
-1.189949e-04 4.479574e-02 
-1.273512e-04 5.642701e-02 
-1.083334e-04 5.394566e-02 
-6.717314e-05 3.869337e-02 
1.642366e-01 -2.838600e-02 
-5.763926e-04 2.513391e-02 
4.219150e-03 1.113216e-01 
2.878929e-02 1.934654e-01 
2.277992e-02 2.290103e-01 
1.719428e-02 2.193852e-01 
8.796134e-03 1.443010e-01 
1.138216e-03 1.798119e-02 
-4.726253e-04 -5.264515e-02 
2.686135e-04 -7.883605e-02 
1.744886e-03 -5.383101e-02 
9.015291e-05 1.199533e-02 
-1.009511e-04 4.269992e-02 
-1.178223e-04 4.642008e-02 
-5.092827e-05 1.868201e-02 
-5.259808e-07 -2.401922e-02 
-2.289804e-05 -1.639339e-02 
-8.144421e-05 3.005567e-02 
-1.118853e-04 1.249075e-01 
1.391996e-01 -2.237680e-01 
1.970835e-02 -1.875510e-01 
4.249949e-03 -3.829540e-02 
2.712449e-02 1.698295e-01 
2.482717e-02 2.797381e-01 
2.009463e-02 3.039264e-01 
1.003476e-02 2.202335e-01 
7.108373e-04 3.500554e-02 
-1.418366e-03 -7.729233e-02 
-8.998062e-04 -1.274733e-01 
1.176591e-03 -1.075848e-01 
5.291823e-04 -1.798150e-02 
1.940255e-04 3.781832e-02 
5.350583e-05 6.575427e-02 
2.036161e-06 5.996858e-02 
-4.974487e-05 2.036831e-02 
-4.012473e-05 1.046840e-02 
-9.440564e-05 2.452778e-02 
-2.778133e-04 7.261903e-02 
-1.633264e-01 6.148279e-02 
3.204361e-03 2.461278e-02 
9.383639e-03 1.091043e-02 
7.395073e-03 3.649605e-02 
5.159371e-03 4.129995e-02 
4.850880e-03 4.709024e-02 
4.729588e-03 5.927140e-02 
1.921324e-03 6.851777e-02 
1.035430e-03 6.500359e-02 
4.415928e-04 4.459903e-02 
-1.513859e-05 1.506633e-03 
-1.088057e-05 -5.000427e-02 
1.047666e-04 -6.758204e-02 
2.206440e-04 -5.649541e-02 
3.178742e-04 -1.175501e-02 
-4.132259e-05 5.027972e-02 
-2.809407e-04 6.967595e-02 
-2.914035e-04 5.592941e-02 
-2.787358e-05 4.627840e-03 
