poroelastic
8.549668e-03 -5.723493e-02 
7.119819e-03 -9.335292e-02 
2.992195e-03 -9.449280e-02 
-7.749197e-04 -4.281294e-02 
7.422542e-05 -2.896909e-04 
5.503600e-04 1.614916e-02 
2.140676e-04 1.150203e-02 
-5.003917e-04 1.087159e-03 
-6.056942e-04 -1.430395e-02 
-5.751851e-04 -2.191789e-02 
-2.906598e-04 -6.853575e-03 
2.844283e-05 2.496494e-02 
3.043031e-05 3.023743e-02 
-8.234819e-06 2.250859e-02 
-5.350669e-05 -2.148424e-03 
-2.821266e-05 -3.821052e-02 
-4.355817e-05 -4.387800e-02 
-3.512399e-05 -2.954337e-02 
4.419107e-07 3.336213e-04 
2.482899e-02 2.669500e-01 
1.325587e-03 1.613649e-01 
7.447166e-03 3.458999e-02 
-8.153827e-04 -5.129331e-02 
-2.170586e-03 -9.036256e-02 
-2.390835e-03 -9.457762e-02 
-1.374234e-03 -5.233193e-02 
4.753555e-04 2.391363e-02 
7.251474e-04 5.787672e-02 
1.558507e-04 6.233098e-02 
-6.845373e-04 3.610153e-02 
-1.360265e-04 -9.933108e-03 
-1.312581e-04 -3.824239e-02 
-1.278832e-04 -4.952483e-02 
-8.094866e-05 -3.986674e-02 
-1.717276e-05 -1.550206e-02 
6.450759e-07 -2.188039e-03 
3.435107e-06 -6.930759e-04 
-4.077616e-05 -1.848016e-02 
3.987695e-01 6.046395e-01 
1.173849e-03 5.431226e-01 
5.696946e-03 3.052747e-01 
1.784983e-03 2.926590e-02 
-2.206770e-03 -1.340398e-01 
-4.172105e-03 -1.927859e-01 
-3.511178e-03 -1.405163e-01 
4.266901e-04 -8.345988e-03 
1.570109e-03 7.283155e-02 
1.254490e-03 1.072736e-01 
-7.949486e-05 8.721927e-02 
-8.988954e-05 2.072811e-02 
-1.518929e-04 -2.582325e-02 
-1.974658e-04 -5.871301e-02 
-1.542661e-04 -7.247632e-02 
-7.067883e-05 -5.474449e-02 
-3.423782e-05 -2.569893e-02 
1.140160e-05 9.720527e-03 
6.591692e-05 4.956941e-02 
4.842634e-01 -4.526442e-01 
3.628449e-02 -4.224358e-01 
1.749667e-03 -2.736615e-01 
-5.721535e-04 -1.249500e-01 
-2.152340e-04 -2.403696e-02 
6.199213e-04 3.730656e-02 
9.150564e-04 4.434674e-02 
-4.125187e-04 -7.315469e-03 
-6.563931e-04 -3.587269e-02 
-5.492854e-04 -4.460724e-02 
-1.345852e-04 -2.425604e-02 
1.175682e-04 2.195557e-02 
1.350021e-04 3.934708e-02 
6.049805e-05 3.556214e-02 
-7.499450e-05 8.294665e-03 
-8.670827e-05 -3.375667e-02 
-3.001973e-05 -4.245405e-02 
1.085017e-05 -2.546535e-02 
-1.118300e-05 1.930793e-02 
9.336463e-02 -1.830492e-01 
2.168156e-03 -9.901420e-02 
1.884808e-04 -4.190641e-02 
4.691441e-04 -3.954483e-02 
1.152143e-04 -3.245188e-02 
-4.163116e-05 -3.098486e-02 
-3.459283e-04 -3.538985e-02 
-5.334829e-04 -3.528374e-02 
-3.086936e-04 -2.655937e-02 
-2.957483e-05 -8.463633e-03 
2.826830e-04 2.289547e-02 
3.166864e-04 5.456165e-02 
1.431038e-04 5.113571e-02 
-8.851393e-05 2.345153e-02 
-2.290265e-04 -3.061572e-02 
-1.851230e-05 -8.467422e-02 
7.781050e-05 -7.538891e-02 
7.206426e-05 -1.691368e-02 
-1.514862e-04 9.550876e-02 
5.699405e-04 6.044597e-02 
9.517340e-04 7.571643e-02 
1.633843e-03 3.577441e-02 
6.618099e-04 -3.739029e-02 
-3.311788e-05 -7.936146e-02 
-4.227259e-04 -9.555026e-02 
-5.994163e-04 -7.732767e-02 
-5.566405e-04 -2.905337e-02 
-1.179730e-04 2.613379e-03 
7.655841e-05 2.569619e-02 
-1.336561e-04 3.409855e-02 
-3.171729e-04 2.225647e-02 
-3.190235e-04 6.128860e-03 
-4.308906e-04 -1.464699e-02 
-4.234273e-04 -3.657532e-02 
-3.463498e-05 -5.147126e-02 
-1.219250e-05 -5.445358e-02 
-8.020897e-06 -4.655846e-02 
-3.799546e-06 -3.193563e-02 
-7.691731e-03 2.969856e-01 
2.655119e-04 2.047261e-01 
2.485951e-03 4.047542e-02 
-7.982640e-04 -1.285644e-01 
-1.658900e-03 -2.130443e-01 
-2.053024e-03 -2.220615e-01 
-1.478868e-03 -1.359777e-01 
2.627535e-04 1.865587e-02 
1.062052e-03 1.026547e-01 
1.168292e-03 1.281116e-01 
4.165421e-04 8.257661e-02 
-5.592288e-04 -1.621044e-02 
-5.781559e-04 -6.661073e-02 
-4.240018e-04 -7.849875e-02 
-1.412726e-04 -4.065274e-02 
2.900315e-05 2.588864e-02 
5.380638e-05 3.461925e-02 
2.593969e-05 1.867384e-03 
-1.262081e-04 -8.482130e-02 
4.220147e-01 6.219122e-01 
2.060245e-02 6.302675e-01 
-1.417292e-03 3.614402e-01 
1.402939e-03 -1.254126e-02 
4.515628e-04 -2.309196e-01 
-1.331580e-03 -3.066673e-01 
-2.475901e-03 -2.189268e-01 
5.356966e-05 3.596665e-03 
1.510572e-03 1.349865e-01 
1.924181e-03 1.842765e-01 
1.118895e-03 1.365497e-01 
-5.322984e-04 2.837925e-03 
-7.515124e-04 -7.550361e-02 
-5.973445e-04 -1.082227e-01 
-1.593403e-04 -8.503302e-02 
6.819423e-06 -1.034979e-02 
1.314870e-05 2.571782e-02 
1.445690e-05 3.115200e-02 
-1.771060e-06 -3.947249e-03 
4.737916e-01 -5.271976e-01 
3.940175e-03 -4.354950e-01 
-4.717312e-03 -2.563419e-01 
1.542210e-03 -1.106980e-01 
2.351470e-04 -1.727975e-02 
-1.535543e-05 4.637778e-02 
5.349049e-04 6.191929e-02 
3.908907e-04 1.407333e-02 
1.405081e-04 -1.199037e-02 
5.151053e-06 -2.581559e-02 
-1.706787e-04 -2.956741e-02 
-3.417362e-04 -2.025833e-02 
-1.626194e-04 -1.066215e-02 
-9.506947e-05 -2.320798e-03 
-1.036225e-04 5.630736e-03 
-4.460284e-05 1.048780e-02 
-3.444578e-05 2.179551e-03 
-2.523463e-05 -1.616465e-02 
3.965702e-05 -4.380335e-02 
