poroelastic
1.112444e-02 -3.288297e-02 
1.033227e-02 -6.922924e-02 
5.692568e-03 -8.462890e-02 
-2.758051e-03 -5.304376e-02 
-1.677151e-03 -3.309414e-02 
-1.163253e-03 -2.212909e-02 
-1.266737e-03 -1.549871e-02 
-1.076826e-03 -1.381979e-02 
-6.435570e-04 -1.593525e-02 
-4.727107e-04 -1.349195e-02 
-3.718530e-04 -8.908626e-04 
-1.324611e-04 2.077096e-02 
-1.464715e-04 2.782608e-02 
-2.159022e-05 2.132256e-02 
2.065372e-04 -2.656656e-04 
2.358049e-04 -2.837592e-02 
1.816513e-04 -3.914131e-02 
1.103181e-04 -3.476935e-02 
2.551346e-05 -1.376584e-02 
-2.340798e-02 1.982852e-01 
9.986070e-03 8.032550e-02 
1.048815e-02 -3.707097e-02 
-5.228415e-03 -9.641868e-02 
-5.156963e-03 -1.213810e-01 
-4.066126e-03 -1.146049e-01 
-1.633925e-03 -6.408516e-02 
5.256190e-04 1.408365e-02 
4.482438e-04 5.106127e-02 
-3.428868e-04 5.895159e-02 
-1.029832e-03 3.646906e-02 
1.903784e-04 -2.982110e-03 
3.207022e-04 -2.348958e-02 
3.194276e-04 -3.056504e-02 
2.136168e-04 -2.099492e-02 
6.181959e-05 -1.069081e-03 
4.085086e-05 9.273214e-04 
5.239745e-05 -9.311869e-03 
1.312594e-05 -3.600804e-02 
2.575087e-01 5.235836e-01 
5.003156e-03 4.349032e-01 
1.347726e-02 2.105222e-01 
-1.736837e-03 -1.813630e-02 
-5.558081e-03 -1.489708e-01 
-6.341692e-03 -2.002870e-01 
-4.040997e-03 -1.567737e-01 
1.974946e-04 -3.011089e-02 
9.427601e-04 4.530261e-02 
3.140850e-04 8.331386e-02 
-9.974434e-04 8.155289e-02 
-2.365987e-04 4.169153e-02 
1.011484e-04 8.259921e-03 
3.184206e-04 -2.162856e-02 
4.313259e-04 -4.561570e-02 
2.736521e-04 -5.298001e-02 
1.344076e-04 -4.314142e-02 
2.760462e-05 -1.887545e-02 
-2.623668e-05 1.828467e-02 
5.248940e-01 -4.362580e-01 
3.574077e-02 -4.426984e-01 
-1.525732e-03 -3.057671e-01 
-3.217990e-03 -1.373508e-01 
-6.430639e-04 -2.645920e-02 
6.918857e-04 3.660748e-02 
3.237799e-04 4.212962e-02 
-1.020470e-03 -1.202051e-02 
-7.684319e-04 -4.390882e-02 
-3.275207e-04 -4.983335e-02 
5.047238e-05 -2.436686e-02 
-1.799687e-04 2.565050e-02 
-2.649703e-04 4.723487e-02 
-1.548813e-04 4.353879e-02 
1.099059e-04 1.144667e-02 
1.861578e-04 -3.762753e-02 
1.836819e-04 -5.324438e-02 
1.201218e-04 -4.043985e-02 
-1.436031e-05 5.288400e-03 
1.274227e-01 -1.847707e-01 
2.634697e-03 -1.169656e-01 
-4.872975e-05 -6.810173e-02 
-1.268462e-03 -5.763099e-02 
-1.068473e-03 -5.475498e-02 
-1.027373e-03 -5.515745e-02 
-1.118110e-03 -5.559192e-02 
-7.738311e-04 -5.105021e-02 
-2.158480e-04 -3.791829e-02 
9.997598e-05 -1.360262e-02 
1.943957e-05 2.417360e-02 
-3.635012e-04 6.111225e-02 
-3.569930e-04 6.455286e-02 
-1.895577e-04 3.994314e-02 
1.617632e-04 -1.626035e-02 
4.157560e-04 -7.798972e-02 
3.591591e-04 -8.144932e-02 
1.393915e-04 -3.852708e-02 
-2.160577e-04 5.695305e-02 
2.615498e-03 1.529363e-02 
2.748463e-03 -1.748351e-03 
1.180445e-03 -5.444679e-02 
-3.260427e-03 -1.149649e-01 
-2.943640e-03 -1.415769e-01 
-2.443768e-03 -1.351434e-01 
-1.252035e-03 -8.586581e-02 
5.490025e-05 -8.735388e-03 
2.260745e-04 3.568723e-02 
-9.191854e-05 5.652901e-02 
-5.589999e-04 4.959602e-02 
-9.988562e-05 1.907092e-02 
4.489592e-05 -2.852321e-03 
1.397127e-04 -1.953379e-02 
2.034069e-04 -2.835734e-02 
1.745520e-04 -2.700125e-02 
1.036231e-04 -2.398727e-02 
5.511060e-05 -1.769608e-02 
1.678841e-05 -9.969474e-03 
-3.081235e-02 2.702208e-01 
3.782076e-03 1.617254e-01 
2.473946e-03 5.221350e-04 
-5.102587e-03 -1.507729e-01 
-4.692106e-03 -2.256876e-01 
-3.778654e-03 -2.266767e-01 
-1.420944e-03 -1.326435e-01 
7.041884e-04 2.704230e-02 
5.507480e-04 1.108565e-01 
-3.391755e-04 1.328125e-01 
-1.109319e-03 8.159913e-02 
1.883569e-04 -2.103872e-02 
4.680413e-04 -7.138637e-02 
4.651748e-04 -8.130302e-02 
2.142608e-04 -4.147507e-02 
-4.157450e-05 2.651521e-02 
-9.021845e-06 3.622722e-02 
8.996384e-05 2.910729e-03 
3.198637e-05 -8.470780e-02 
3.734486e-01 6.184346e-01 
2.281799e-02 5.925415e-01 
1.456151e-03 3.206532e-01 
-1.065695e-03 -3.380054e-02 
-2.245358e-03 -2.397121e-01 
-3.199268e-03 -3.133953e-01 
-2.446324e-03 -2.303202e-01 
7.845745e-04 -8.510441e-03 
1.121264e-03 1.223081e-01 
2.854355e-04 1.746913e-01 
-9.362416e-04 1.365771e-01 
-1.283359e-04 1.652427e-02 
2.905780e-04 -5.669579e-02 
4.394767e-04 -9.124029e-02 
3.401056e-04 -7.840172e-02 
6.608857e-05 -2.024795e-02 
-3.047286e-05 8.913007e-03 
-2.804285e-05 1.543003e-02 
1.596944e-05 -1.023432e-02 
5.790616e-01 -5.749175e-01 
-5.918518e-03 -4.998047e-01 
-1.221187e-02 -3.290677e-01 
3.829419e-04 -1.628011e-01 
1.426454e-04 -5.052289e-02 
1.538664e-04 2.115428e-02 
1.923542e-04 4.250168e-02 
-2.491126e-04 7.187411e-03 
-1.968525e-04 -1.684576e-02 
-1.269493e-04 -2.883749e-02 
-2.187406e-05 -2.728614e-02 
4.769650e-05 -1.150499e-02 
3.332624e-06 1.379547e-03 
-2.583344e-05 1.141452e-02 
-3.948121e-05 1.846133e-02 
-3.240980e-05 1.623038e-02 
1.824253e-05 -5.826112e-04 
8.317767e-05 -2.631786e-02 
1.513363e-04 -6.101913e-02 
