poroelastic
4.768760e-02 3.523008e-02 
5.723735e-02 2.844347e-02 
3.848157e-02 -6.404538e-02 
-5.051276e-02 -2.248090e-01 
-4.127851e-02 -2.776120e-01 
-3.018659e-02 -2.599777e-01 
-1.784121e-02 -1.932781e-01 
-3.807104e-03 -8.420661e-02 
-1.678471e-03 2.043992e-02 
-7.091877e-03 8.994581e-02 
-1.161146e-02 9.057229e-02 
2.102965e-03 4.711807e-04 
5.092654e-03 -4.764001e-02 
5.400640e-03 -6.185089e-02 
3.688243e-03 -4.077714e-02 
8.678443e-04 4.548292e-04 
4.818166e-04 4.628054e-03 
1.194463e-03 -1.947061e-02 
1.838370e-03 -7.931709e-02 
-2.707679e-01 -4.133785e-01 
2.165184e-02 -3.519470e-01 
1.463327e-03 -2.617535e-01 
-3.939784e-02 -2.141102e-01 
-2.166736e-02 -1.501359e-01 
-1.201091e-02 -8.816266e-02 
-8.756691e-03 -5.633620e-02 
-4.175058e-03 -5.691474e-02 
-1.240366e-03 -2.091657e-02 
-2.521527e-03 1.662330e-02 
-4.254443e-03 2.825836e-02 
1.899699e-03 -1.385896e-02 
2.760770e-03 -3.115989e-02 
2.027404e-03 -2.607076e-02 
1.878916e-04 4.731553e-03 
-1.305635e-03 4.461853e-02 
-5.301021e-04 3.488435e-02 
1.132948e-03 -1.260309e-02 
2.356580e-03 -1.028597e-01 
-1.038907e+00 -6.602838e-01 
-6.831520e-02 -7.636704e-01 
-2.221744e-02 -5.992915e-01 
-7.129205e-02 -4.251761e-01 
-3.653047e-02 -2.827470e-01 
-1.808179e-02 -1.635826e-01 
-9.189318e-03 -7.387209e-02 
-4.062526e-03 -2.621172e-02 
-3.150264e-03 2.473660e-02 
-6.422355e-03 5.667826e-02 
-8.581579e-03 4.547375e-02 
3.542355e-03 -2.705883e-02 
5.405322e-03 -5.953440e-02 
4.417843e-03 -5.485764e-02 
1.495339e-03 -8.959123e-03 
-1.542411e-03 5.716388e-02 
-7.038416e-04 4.709613e-02 
1.947429e-03 -2.344821e-02 
4.390749e-03 -1.630652e-01 
-3.991089e-01 9.245065e-01 
5.966905e-02 7.215913e-01 
5.059830e-02 3.471833e-01 
-2.723648e-02 -7.524154e-02 
-3.676329e-02 -2.960587e-01 
-3.034568e-02 -3.732727e-01 
-9.719081e-03 -3.018356e-01 
6.670916e-03 -9.138776e-02 
3.522736e-03 6.588683e-02 
-4.230752e-03 1.590955e-01 
-1.191650e-02 1.622127e-01 
-3.168940e-03 5.321795e-02 
2.243824e-03 -1.776797e-02 
4.442539e-03 -5.624657e-02 
3.950008e-03 -5.860272e-02 
1.251693e-03 -2.316036e-02 
1.940719e-04 -3.534227e-03 
-7.471791e-06 2.273458e-03 
2.982351e-04 -1.068951e-02 
1.519016e-01 4.426474e-01 
4.708889e-02 2.109238e-01 
4.822678e-03 -7.719937e-02 
-5.745637e-02 -3.193756e-01 
-4.206721e-02 -3.798259e-01 
-2.548621e-02 -3.347490e-01 
-6.022163e-03 -2.023554e-01 
3.212274e-03 -2.591173e-02 
-7.572193e-04 9.288342e-02 
-7.931519e-03 1.514791e-01 
-1.210277e-02 1.222003e-01 
1.470893e-03 -4.000898e-04 
5.654158e-03 -6.498971e-02 
6.189973e-03 -8.378345e-02 
3.464499e-03 -4.996529e-02 
-4.424911e-04 1.811129e-02 
-7.363804e-04 2.921604e-02 
6.370188e-04 -1.890205e-03 
2.576187e-03 -8.525619e-02 
2.405172e-02 -1.596602e-01 
8.797348e-03 -2.737175e-01 
-2.676393e-02 -3.600389e-01 
-6.174216e-02 -3.807242e-01 
-3.435112e-02 -3.130895e-01 
-1.714419e-02 -2.115457e-01 
-4.930444e-03 -1.030158e-01 
2.883331e-04 -2.311409e-02 
-1.046643e-03 4.044459e-02 
-4.922375e-03 7.724144e-02 
-7.043180e-03 6.421416e-02 
1.589613e-03 -8.655791e-03 
3.827677e-03 -4.491283e-02 
3.673996e-03 -4.923570e-02 
1.318291e-03 -1.408425e-02 
-1.314535e-03 4.068102e-02 
-7.968717e-04 3.748020e-02 
1.183076e-03 -1.063388e-02 
3.208710e-03 -1.124687e-01 
-5.773742e-01 -7.082135e-01 
-6.150643e-02 -8.196215e-01 
-7.318066e-02 -7.223292e-01 
-6.501106e-02 -4.735048e-01 
-2.096722e-02 -2.191730e-01 
-2.351858e-03 -1.546959e-02 
-1.216686e-03 8.094671e-02 
-3.983322e-03 2.135776e-02 
-2.659800e-03 -8.716553e-03 
-1.898386e-03 -2.219701e-02 
-1.684147e-04 -3.099040e-02 
3.661702e-03 -4.292133e-02 
2.526852e-03 -3.325495e-02 
4.489329e-04 -5.369298e-03 
-2.043399e-03 4.193030e-02 
-3.047369e-03 8.106148e-02 
-1.081250e-03 5.148673e-02 
2.141888e-03 -2.797700e-02 
4.890132e-03 -1.604408e-01 
-1.566307e+00 -9.785707e-01 
-3.096407e-01 -1.422429e+00 
-1.423510e-01 -1.201724e+00 
-7.523369e-02 -6.753673e-01 
-1.627095e-02 -2.473606e-01 
5.670152e-03 5.742742e-02 
4.767964e-03 2.071076e-01 
-4.711303e-03 1.291438e-01 
-6.009027e-03 5.744966e-02 
-5.326131e-03 -3.052634e-03 
-1.337090e-03 -6.003880e-02 
7.936203e-03 -1.015703e-01 
6.767030e-03 -9.352137e-02 
2.994296e-03 -4.575585e-02 
-2.581021e-03 4.483013e-02 
-6.310963e-03 1.404136e-01 
-3.451509e-03 1.087049e-01 
2.451343e-03 -2.069727e-02 
8.843653e-03 -2.564718e-01 
-4.072169e-01 1.152772e+00 
6.912514e-02 6.109567e-01 
7.627181e-03 1.533588e-01 
-2.084738e-02 -1.218227e-01 
-1.784228e-02 -2.250809e-01 
-9.583015e-03 -2.318366e-01 
3.687410e-03 -1.432222e-01 
5.432652e-03 -3.017349e-04 
8.663853e-05 8.788974e-02 
-5.023649e-03 1.308698e-01 
-8.387295e-03 1.164802e-01 
-2.400502e-03 3.894131e-02 
1.534635e-03 -1.509837e-02 
3.382383e-03 -4.540630e-02 
3.021015e-03 -4.459878e-02 
7.488592e-04 -1.141232e-02 
-1.292365e-04 5.034214e-03 
3.656657e-06 3.269510e-03 
9.102205e-04 -2.471420e-02 
