poroelastic
4.595357e-02 5.416969e-02 
5.613468e-02 3.170612e-02 
3.614955e-02 -6.856459e-02 
-4.744166e-02 -1.769548e-01 
-3.656681e-02 -2.043694e-01 
-2.620290e-02 -1.831149e-01 
-1.694274e-02 -1.205295e-01 
-6.593659e-03 -4.660914e-02 
-3.382324e-03 -7.643807e-03 
-5.368044e-03 1.382568e-02 
-6.728387e-03 1.885599e-02 
3.780560e-04 1.173069e-02 
7.377691e-04 8.423080e-03 
2.035212e-03 -5.985046e-04 
4.371804e-03 -1.734537e-02 
4.174496e-03 -3.599328e-02 
3.188397e-03 -4.315612e-02 
2.167825e-03 -3.875308e-02 
7.986030e-04 -2.074474e-02 
-1.826573e-01 -1.097674e-01 
4.765585e-02 -1.410964e-01 
1.641561e-02 -2.068089e-01 
-5.395189e-02 -2.449781e-01 
-3.432469e-02 -2.186590e-01 
-1.972588e-02 -1.559518e-01 
-9.151096e-03 -7.424375e-02 
-3.414409e-03 -1.099095e-02 
-3.068735e-03 1.592298e-02 
-4.974216e-03 2.036653e-02 
-4.609834e-03 6.749673e-03 
2.448227e-03 -1.041683e-02 
2.174071e-03 -1.093721e-02 
1.486056e-03 -4.723526e-03 
1.296592e-03 3.326669e-03 
1.031921e-03 3.284660e-03 
1.326294e-03 -8.529734e-03 
1.969202e-03 -2.687214e-02 
2.174858e-03 -5.454712e-02 
-4.586127e-01 -6.131785e-02 
7.604606e-03 -1.198952e-01 
2.464672e-02 -1.933841e-01 
-6.703337e-02 -2.816335e-01 
-4.726993e-02 -2.959065e-01 
-3.072306e-02 -2.558288e-01 
-1.447224e-02 -1.631741e-01 
-2.280446e-03 -4.279949e-02 
-2.200571e-03 2.640476e-02 
-7.009698e-03 5.940484e-02 
-1.109848e-02 5.564761e-02 
-8.096849e-04 1.918127e-02 
1.993912e-03 -3.282255e-03 
3.545300e-03 -1.792703e-02 
4.813133e-03 -2.635900e-02 
3.924286e-03 -2.878189e-02 
2.853765e-03 -3.103964e-02 
2.443628e-03 -3.464884e-02 
2.058067e-03 -4.502306e-02 
7.181821e-02 3.203136e-01 
5.311695e-02 2.328502e-01 
2.825326e-02 5.780951e-02 
-3.687673e-02 -1.426939e-01 
-3.332179e-02 -2.232026e-01 
-2.433946e-02 -2.307822e-01 
-1.019716e-02 -1.746603e-01 
2.639131e-03 -7.317235e-02 
3.027708e-03 -3.963396e-03 
-4.973749e-04 4.321556e-02 
-6.247181e-03 6.719197e-02 
-6.735589e-03 6.013639e-02 
-4.174220e-03 4.471527e-02 
-7.718015e-04 1.827596e-02 
3.836382e-03 -2.183877e-02 
5.826965e-03 -6.214375e-02 
4.096486e-03 -6.164747e-02 
1.252339e-03 -2.843270e-02 
-1.854932e-03 3.874844e-02 
1.677222e-01 2.172038e-01 
4.813930e-02 1.481768e-01 
1.631160e-02 -3.175036e-02 
-5.781609e-02 -2.366977e-01 
-4.404528e-02 -3.108782e-01 
-2.912545e-02 -2.982936e-01 
-9.408487e-03 -2.018046e-01 
3.145126e-03 -5.355122e-02 
6.911132e-04 3.590505e-02 
-5.277969e-03 8.265345e-02 
-1.061751e-02 8.395675e-02 
-4.261557e-03 4.416806e-02 
-9.585000e-04 1.781308e-02 
1.830676e-03 -6.534937e-03 
5.156849e-03 -3.549668e-02 
6.132002e-03 -6.175020e-02 
4.245214e-03 -5.797855e-02 
1.597344e-03 -2.937675e-02 
-1.208220e-03 2.317442e-02 
3.771636e-02 -3.220850e-03 
3.310289e-02 -6.818918e-02 
-5.285147e-03 -1.958764e-01 
-6.740483e-02 -3.108498e-01 
-4.377147e-02 -3.259250e-01 
-2.545235e-02 -2.748250e-01 
-6.094644e-03 -1.622221e-01 
3.036959e-03 -2.252169e-02 
-1.010148e-03 6.178800e-02 
-7.797179e-03 9.991067e-02 
-1.159350e-02 8.023456e-02 
-3.673760e-04 1.102478e-02 
3.476145e-03 -2.440099e-02 
4.768089e-03 -3.892437e-02 
3.972074e-03 -3.120377e-02 
1.546237e-03 -7.833690e-03 
1.031275e-03 -6.341190e-03 
1.498438e-03 -1.665102e-02 
2.109311e-03 -4.098273e-02 
-3.150713e-01 -1.194401e-01 
9.545510e-03 -2.402079e-01 
-2.876897e-02 -3.469641e-01 
-8.180421e-02 -4.027486e-01 
-4.732870e-02 -3.780339e-01 
-2.387270e-02 -2.909828e-01 
-2.086602e-03 -1.392913e-01 
3.703039e-03 3.293507e-02 
-4.235024e-03 1.233529e-01 
-1.307896e-02 1.429746e-01 
-1.467013e-02 7.977543e-02 
5.870461e-03 -4.250416e-02 
1.085658e-02 -9.233775e-02 
9.348401e-03 -8.624471e-02 
2.216591e-03 -2.063506e-02 
-5.269654e-03 7.169514e-02 
-3.842151e-03 6.989065e-02 
1.726733e-03 -1.765633e-03 
8.620110e-03 -1.537174e-01 
-5.011819e-01 1.843436e-02 
-8.014716e-02 -1.654715e-01 
-4.384195e-02 -3.019648e-01 
-7.424111e-02 -4.022096e-01 
-4.314801e-02 -4.002937e-01 
-2.139344e-02 -3.198248e-01 
-1.644265e-04 -1.558725e-01 
5.292046e-03 5.316122e-02 
-4.911771e-03 1.663895e-01 
-1.583790e-02 1.936439e-01 
-1.972029e-02 1.186759e-01 
5.475001e-03 -4.711635e-02 
1.417045e-02 -1.265585e-01 
1.395751e-02 -1.328390e-01 
5.522312e-03 -5.733441e-02 
-6.672137e-03 8.036807e-02 
-6.492090e-03 9.878318e-02 
3.077852e-04 1.885943e-02 
1.069648e-02 -1.743764e-01 
2.476194e-01 7.895356e-02 
-1.081378e-03 -3.192794e-02 
-2.921808e-02 -1.414599e-01 
-3.247764e-02 -2.060803e-01 
-1.875633e-02 -1.953528e-01 
-8.933912e-03 -1.514480e-01 
7.478545e-04 -8.133429e-02 
3.372805e-03 -4.036925e-03 
-2.314646e-04 4.551871e-02 
-4.656467e-03 7.400519e-02 
-8.002419e-03 6.885696e-02 
-1.895010e-03 1.905984e-02 
2.081019e-03 -1.694437e-02 
3.893390e-03 -3.540065e-02 
2.817224e-03 -2.564308e-02 
-6.817778e-04 1.199879e-02 
-1.204580e-03 2.058572e-02 
5.162178e-04 2.734777e-04 
3.895008e-03 -5.995499e-02 
