poroelastic
2.731255e-03 -2.094136e-03 
2.744632e-03 -1.681171e-02 
1.839180e-03 -1.653392e-02 
1.163164e-03 2.623268e-02 
1.574532e-03 3.766791e-02 
8.494008e-04 2.573481e-02 
-1.164373e-03 1.575978e-04 
-2.435752e-03 -3.028808e-02 
-1.941054e-03 -5.167566e-02 
-1.220577e-03 -5.398369e-02 
-2.284453e-04 -2.373216e-02 
2.077914e-05 3.337746e-02 
1.165233e-05 5.671967e-02 
-1.443995e-05 5.210280e-02 
-1.925483e-05 1.473058e-02 
4.122091e-05 -3.954486e-02 
-2.286696e-06 -5.768538e-02 
-2.607226e-05 -4.807704e-02 
-8.621698e-06 -9.226931e-03 
9.021285e-02 4.322209e-01 
2.608764e-03 2.930998e-01 
1.195070e-02 1.243350e-01 
-8.812006e-04 5.629577e-04 
-4.421493e-03 -7.766383e-02 
-5.619249e-03 -1.149588e-01 
-4.040252e-03 -9.169242e-02 
-5.527840e-04 -1.582965e-02 
4.025615e-04 2.226359e-02 
2.112457e-04 3.941160e-02 
-5.012558e-04 3.877994e-02 
-2.543285e-05 2.514807e-02 
1.978075e-06 1.084449e-02 
-3.727890e-06 -5.683023e-03 
-2.009359e-06 -2.403884e-02 
4.946396e-06 -3.719215e-02 
-3.329867e-05 -3.677983e-02 
-3.939670e-05 -2.575837e-02 
-1.459207e-05 -6.954991e-03 
6.849422e-01 8.553411e-01 
1.858137e-02 7.830247e-01 
1.530536e-02 4.911703e-01 
6.760704e-03 1.628503e-01 
-2.383055e-03 -4.289313e-02 
-6.884659e-03 -1.580873e-01 
-6.916713e-03 -1.690497e-01 
-2.113727e-03 -7.390187e-02 
8.730455e-05 -1.367228e-02 
8.042664e-04 2.761946e-02 
4.577711e-04 5.686312e-02 
6.923748e-05 6.908580e-02 
2.929989e-05 5.794147e-02 
-3.023926e-05 2.696168e-02 
-6.493083e-05 -2.656041e-02 
-1.287986e-05 -8.126610e-02 
-4.412684e-05 -8.023083e-02 
-3.617294e-05 -3.689002e-02 
4.601343e-05 5.096607e-02 
7.568400e-01 -7.161518e-01 
3.927387e-02 -6.363894e-01 
-5.657372e-03 -3.898141e-01 
-4.472370e-03 -1.372008e-01 
4.761885e-04 1.654156e-02 
2.810767e-03 9.047223e-02 
1.296771e-03 7.407056e-02 
-2.822617e-03 -2.739631e-02 
-2.901033e-03 -8.844055e-02 
-2.236324e-03 -1.065057e-01 
-8.735920e-04 -7.010371e-02 
1.182614e-05 1.497926e-02 
9.065073e-05 5.899488e-02 
3.080578e-05 6.793792e-02 
-1.131833e-04 3.628355e-02 
-1.106306e-04 -2.734339e-02 
-4.046703e-05 -5.978907e-02 
1.527624e-05 -6.710341e-02 
4.530228e-05 -4.469104e-02 
1.434191e-01 -3.341104e-01 
9.356458e-05 -1.702549e-01 
-6.338404e-05 -4.140644e-02 
3.626033e-04 1.328002e-02 
7.423677e-04 2.696348e-02 
2.469314e-04 9.998263e-03 
-1.551587e-03 -3.376097e-02 
-2.962611e-03 -8.265547e-02 
-2.151125e-03 -9.670055e-02 
-1.111407e-03 -7.799142e-02 
6.307029e-05 -1.732075e-02 
2.835615e-04 6.561074e-02 
1.731871e-04 9.387513e-02 
-8.070462e-05 7.814672e-02 
-3.100939e-04 1.118092e-02 
-1.932700e-05 -7.732123e-02 
1.078928e-04 -9.682263e-02 
1.161124e-04 -6.353943e-02 
-6.310546e-05 3.081772e-02 
2.394419e-03 1.429365e-01 
5.505879e-03 1.934484e-01 
5.960734e-03 1.382636e-01 
-5.049779e-04 1.029611e-02 
-2.712958e-03 -7.562105e-02 
-3.900661e-03 -1.247595e-01 
-3.578756e-03 -1.196110e-01 
-1.528005e-03 -5.847297e-02 
-3.579074e-04 -1.626965e-02 
1.077812e-04 1.632309e-02 
4.652285e-05 4.063113e-02 
3.327192e-05 4.890612e-02 
-5.681704e-05 4.057689e-02 
-2.045765e-04 1.794481e-02 
-2.504277e-04 -2.072126e-02 
3.899955e-05 -5.874996e-02 
3.867162e-05 -6.341736e-02 
1.863653e-05 -4.235947e-02 
-1.834453e-06 5.384930e-03 
2.126979e-01 6.699344e-01 
1.614924e-02 6.065805e-01 
1.342715e-02 3.612159e-01 
-1.380077e-03 2.240361e-02 
-6.481378e-03 -1.851349e-01 
-8.238807e-03 -2.811835e-01 
-5.626663e-03 -2.311127e-01 
-4.297033e-04 -4.445024e-02 
1.325824e-03 6.759449e-02 
1.419346e-03 1.221784e-01 
2.617391e-04 1.119259e-01 
-1.707296e-04 4.159465e-02 
-2.664352e-04 -9.111660e-03 
-3.096234e-04 -4.504617e-02 
-2.179437e-04 -6.125516e-02 
1.379671e-05 -5.130213e-02 
-8.078551e-06 -3.658792e-02 
-1.279329e-05 -1.817989e-02 
-3.662037e-06 -3.148776e-03 
1.013042e+00 1.082414e+00 
9.538497e-02 1.186503e+00 
2.001087e-02 8.039699e-01 
3.907378e-03 2.076068e-01 
-3.428780e-03 -1.651200e-01 
-7.536625e-03 -3.532488e-01 
-7.056029e-03 -3.299108e-01 
-1.077069e-03 -9.468497e-02 
1.608168e-03 5.955465e-02 
2.315618e-03 1.465077e-01 
1.360486e-03 1.586560e-01 
1.571588e-04 8.663654e-02 
-2.150271e-04 2.187312e-02 
-3.974381e-04 -3.707339e-02 
-3.274350e-04 -8.710255e-02 
1.496725e-05 -1.037017e-01 
1.508118e-05 -7.309830e-02 
-5.721839e-06 -6.938716e-03 
-1.272368e-05 9.184167e-02 
8.680815e-01 -9.345610e-01 
-1.742105e-02 -6.736169e-01 
-2.249571e-02 -3.827594e-01 
-1.630297e-03 -1.920333e-01 
-3.546997e-04 -7.203725e-02 
3.872780e-04 1.381656e-03 
4.683860e-04 2.032904e-02 
-6.180674e-04 -2.047813e-02 
-7.623137e-04 -4.505731e-02 
-7.552137e-04 -5.233674e-02 
-6.217224e-04 -4.054437e-02 
-3.357460e-04 -1.265566e-02 
-1.272778e-04 6.823946e-03 
-1.322964e-04 1.758712e-02 
-2.772429e-04 1.917859e-02 
-1.244687e-04 7.481727e-03 
-5.686998e-05 -1.640722e-02 
-3.955468e-06 -4.816582e-02 
1.265549e-04 -8.880086e-02 
