poroelastic
-5.492004e-02 -1.119270e-01 
-7.475983e-02 -9.959915e-02 
-5.995459e-02 2.138144e-02 
4.418360e-02 1.477714e-01 
4.452803e-02 2.026150e-01 
3.950419e-02 2.037564e-01 
3.507219e-02 1.476039e-01 
2.200100e-02 7.190018e-02 
1.155413e-02 5.253598e-02 
9.248946e-03 4.767002e-02 
6.838247e-03 3.127046e-02 
2.243121e-04 -1.705006e-02 
1.298040e-03 -3.694083e-02 
1.884777e-04 -2.876501e-02 
-3.635260e-03 1.021336e-02 
-5.601205e-03 6.735489e-02 
-4.365850e-03 8.898039e-02 
-2.855827e-03 8.114717e-02 
-9.486691e-04 4.355069e-02 
2.273550e-01 1.170673e-01 
-5.403607e-02 1.870352e-01 
-1.941912e-02 2.682544e-01 
6.638754e-02 2.758280e-01 
4.600840e-02 2.351264e-01 
2.935658e-02 1.627538e-01 
1.856764e-02 7.167337e-02 
1.155696e-02 9.302064e-03 
7.778124e-03 5.469893e-03 
7.649675e-03 2.446952e-02 
4.600505e-03 4.341914e-02 
-2.670600e-03 2.678405e-02 
-1.202692e-03 7.292178e-03 
-2.267743e-04 -9.890681e-03 
-4.155504e-04 -2.229677e-02 
-9.575766e-04 -1.739283e-02 
-1.621519e-03 1.061291e-02 
-2.613903e-03 5.404515e-02 
-2.690659e-03 1.163276e-01 
5.010371e-01 1.010377e-02 
4.837562e-03 1.032349e-01 
-3.336300e-02 2.016575e-01 
7.838679e-02 2.899431e-01 
6.400938e-02 3.151391e-01 
4.862406e-02 2.848246e-01 
3.275758e-02 1.944060e-01 
1.411019e-02 6.807686e-02 
6.554947e-03 1.174139e-02 
7.179092e-03 -9.432281e-03 
8.928478e-03 -1.399722e-02 
1.018373e-03 -2.276297e-02 
3.318832e-04 -2.124407e-02 
-7.537192e-04 -9.381922e-03 
-3.183877e-03 1.345630e-02 
-4.488879e-03 4.528230e-02 
-3.822264e-03 6.430488e-02 
-3.330116e-03 7.535713e-02 
-2.412475e-03 8.452859e-02 
-8.876540e-02 -3.774345e-01 
-7.387088e-02 -3.195416e-01 
-4.784603e-02 -1.399788e-01 
3.735433e-02 9.390662e-02 
4.410642e-02 2.132201e-01 
4.123928e-02 2.580925e-01 
3.065144e-02 2.262016e-01 
9.978767e-03 1.259232e-01 
1.162785e-03 6.688474e-02 
-8.926641e-04 1.983809e-02 
1.653101e-03 -3.345443e-02 
6.343208e-03 -9.190315e-02 
6.284189e-03 -1.027499e-01 
3.405779e-03 -7.146030e-02 
-2.771430e-03 7.838156e-03 
-7.130633e-03 1.101658e-01 
-5.685116e-03 1.266722e-01 
-2.545661e-03 7.630529e-02 
1.370910e-03 -4.480387e-02 
-1.955469e-01 -2.774023e-01 
-7.612431e-02 -2.519956e-01 
-3.611020e-02 -5.095223e-02 
6.898250e-02 2.106516e-01 
6.568664e-02 3.389425e-01 
5.449594e-02 3.679002e-01 
3.246814e-02 2.866069e-01 
6.489030e-03 1.151534e-01 
4.507217e-04 1.140030e-02 
2.525846e-03 -5.243946e-02 
7.968673e-03 -8.482437e-02 
5.571858e-03 -8.690637e-02 
3.628620e-03 -6.729876e-02 
3.694845e-04 -2.476309e-02 
-4.984774e-03 4.656971e-02 
-7.879791e-03 1.221942e-01 
-6.008644e-03 1.261377e-01 
-2.684822e-03 7.269883e-02 
1.342957e-03 -3.950155e-02 
-4.933857e-02 -8.382327e-02 
-5.436513e-02 -4.517394e-02 
-9.132373e-03 1.113431e-01 
8.653968e-02 2.865495e-01 
6.877611e-02 3.579539e-01 
5.109550e-02 3.486126e-01 
2.697364e-02 2.493710e-01 
4.554873e-03 8.157264e-02 
9.852927e-04 -1.523273e-02 
4.121914e-03 -6.633508e-02 
8.431698e-03 -7.508090e-02 
2.778114e-03 -4.740153e-02 
8.523302e-04 -2.383091e-02 
-1.045047e-03 1.620740e-03 
-3.523297e-03 3.108360e-02 
-4.499414e-03 5.785497e-02 
-3.731552e-03 6.748469e-02 
-2.736150e-03 6.080932e-02 
-1.360321e-03 4.005629e-02 
2.615278e-01 -3.993792e-02 
-1.670844e-02 8.332608e-02 
1.750950e-02 2.377415e-01 
1.095983e-01 3.777386e-01 
7.926222e-02 4.368764e-01 
5.302986e-02 4.081819e-01 
1.968713e-02 2.633785e-01 
-1.210509e-03 2.251891e-02 
5.997399e-04 -1.119424e-01 
8.235758e-03 -1.599183e-01 
1.369833e-02 -1.149732e-01 
-8.725883e-04 3.703371e-03 
-4.988154e-03 6.212104e-02 
-5.581900e-03 7.505116e-02 
-3.377480e-03 3.961733e-02 
2.136018e-04 -2.593890e-02 
-1.456086e-05 -2.104215e-02 
-2.482219e-03 3.573778e-02 
-5.712942e-03 1.541903e-01 
2.657971e-01 -2.775264e-01 
4.142816e-02 -1.679022e-01 
2.056595e-02 5.895657e-02 
1.060662e-01 3.471856e-01 
8.146393e-02 4.878069e-01 
5.433704e-02 4.901951e-01 
1.656464e-02 3.345870e-01 
-4.537315e-03 2.513881e-02 
-5.944328e-04 -1.596636e-01 
8.750753e-03 -2.349432e-01 
1.712600e-02 -1.894454e-01 
1.730026e-03 -1.838412e-02 
-5.860606e-03 8.487792e-02 
-8.456954e-03 1.265684e-01 
-6.605572e-03 9.905747e-02 
-7.615343e-04 1.739715e-03 
7.450521e-04 -2.613875e-02 
-1.008445e-03 7.619878e-03 
-5.120606e-03 1.204773e-01 
-3.445633e-01 7.678029e-02 
1.232700e-03 6.076192e-04 
2.991121e-02 5.226399e-02 
5.199165e-02 1.809092e-01 
3.662975e-02 2.224215e-01 
2.470801e-02 2.172875e-01 
1.021637e-02 1.656426e-01 
-3.727490e-04 7.020205e-02 
-8.049504e-04 2.013741e-03 
1.516328e-03 -5.219165e-02 
5.575690e-03 -8.598413e-02 
5.194610e-03 -7.892596e-02 
3.421312e-03 -5.428374e-02 
8.226055e-04 -1.534765e-02 
-2.757710e-03 3.398038e-02 
-5.117436e-03 7.192966e-02 
-4.361732e-03 7.456160e-02 
-2.639805e-03 5.114741e-02 
-2.359317e-04 5.076769e-03 
