poroelastic
-1.502616e-02 6.946164e-02 
-8.602898e-03 9.274867e-02 
1.567167e-03 9.507263e-02 
1.455559e-02 1.147474e-01 
1.012550e-02 1.058981e-01 
4.261020e-03 7.341342e-02 
-3.785355e-03 3.620012e-02 
-7.188033e-03 -8.087569e-03 
-4.012920e-03 -6.631300e-02 
4.172678e-04 -9.989151e-02 
4.268472e-03 -7.438290e-02 
-1.761199e-03 2.402572e-02 
-4.280121e-03 7.166760e-02 
-3.572763e-03 7.382931e-02 
1.971241e-04 2.446913e-02 
3.087440e-03 -5.317863e-02 
2.643212e-03 -7.276048e-02 
1.222601e-03 -4.892170e-02 
-5.223096e-04 2.421499e-02 
8.270353e-02 3.204226e-01 
1.221710e-02 2.412780e-01 
1.777022e-02 1.081150e-01 
-1.528544e-03 2.150005e-02 
-5.959170e-03 -2.982745e-02 
-7.052967e-03 -5.152611e-02 
-5.861147e-03 -3.303104e-02 
-3.539182e-03 7.077675e-03 
-2.790935e-03 9.899919e-04 
-2.466963e-03 -1.767301e-02 
-9.934796e-04 -2.494455e-02 
-1.599481e-05 6.667860e-03 
-8.641901e-04 2.241294e-02 
-4.893650e-04 2.162582e-02 
1.198585e-03 1.381863e-04 
2.202108e-03 -3.599073e-02 
1.773327e-03 -4.592357e-02 
1.034077e-03 -3.606758e-02 
1.339972e-04 -6.376470e-03 
5.699725e-01 5.993174e-01 
4.284165e-02 6.337132e-01 
3.789786e-02 4.337384e-01 
1.872685e-02 1.966072e-01 
-2.916943e-04 3.973377e-02 
-8.885561e-03 -5.865624e-02 
-1.071396e-02 -9.222135e-02 
-5.267547e-03 -5.806697e-02 
-1.383173e-03 -5.067258e-02 
6.815051e-04 -4.328496e-02 
1.019900e-03 -1.331648e-02 
-3.160468e-03 5.006537e-02 
-3.985072e-03 7.175493e-02 
-2.440238e-03 5.608405e-02 
1.429488e-03 -2.205175e-03 
4.266038e-03 -8.329351e-02 
3.191622e-03 -9.089595e-02 
9.591899e-04 -4.365534e-02 
-1.485558e-03 6.087335e-02 
4.278665e-01 -5.184490e-01 
8.719107e-05 -3.751135e-01 
-1.382718e-02 -1.801431e-01 
-9.579762e-04 -3.863856e-04 
6.985036e-03 9.885838e-02 
5.827099e-03 1.291532e-01 
-5.377842e-03 8.209993e-02 
-1.100747e-02 -3.554570e-02 
-4.967231e-03 -1.168998e-01 
8.462205e-04 -1.467441e-01 
4.771037e-03 -1.004315e-01 
-1.586023e-03 2.436720e-02 
-4.921202e-03 8.658896e-02 
-4.609826e-03 9.494569e-02 
-4.435189e-04 4.090631e-02 
3.772199e-03 -5.881045e-02 
3.649651e-03 -9.085702e-02 
2.169317e-03 -7.077496e-02 
-1.922575e-04 7.544766e-03 
-1.553677e-03 -1.816224e-01 
-1.526038e-03 2.088665e-02 
1.301043e-02 1.384804e-01 
1.262973e-02 1.506870e-01 
5.038768e-03 1.043624e-01 
-2.928012e-03 3.105296e-02 
-1.026499e-02 -4.443377e-02 
-7.097254e-03 -8.981602e-02 
-1.341419e-03 -1.112731e-01 
2.532703e-03 -9.991872e-02 
2.906408e-03 -3.518923e-02 
-4.449126e-03 7.234169e-02 
-6.266877e-03 1.120912e-01 
-4.591179e-03 9.456744e-02 
1.039756e-03 8.183336e-03 
5.817049e-03 -1.095881e-01 
4.754458e-03 -1.249713e-01 
1.690202e-03 -6.436695e-02 
-2.230335e-03 8.046749e-02 
1.738993e-03 2.472818e-01 
2.172514e-02 3.508583e-01 
3.175417e-02 3.067830e-01 
8.907123e-03 1.502453e-01 
-4.325279e-03 1.288308e-02 
-1.111385e-02 -8.885084e-02 
-1.096997e-02 -1.244295e-01 
-3.617734e-03 -7.321985e-02 
-5.364800e-04 -4.041673e-02 
-1.439737e-04 -1.208957e-02 
-1.723417e-03 2.238793e-02 
-3.420933e-03 6.043181e-02 
-3.422550e-03 6.627152e-02 
-1.647411e-03 4.144619e-02 
2.348823e-03 -2.165164e-02 
5.090279e-03 -9.558704e-02 
3.757488e-03 -9.970793e-02 
1.242292e-03 -4.982518e-02 
-1.532643e-03 5.875324e-02 
3.534418e-01 7.256324e-01 
6.039946e-02 7.820179e-01 
6.180312e-02 5.794452e-01 
6.463183e-03 1.958440e-01 
-1.692381e-02 -9.929864e-02 
-2.373755e-02 -2.795790e-01 
-1.317972e-02 -2.827550e-01 
1.220211e-03 -8.053204e-02 
1.289104e-03 4.625179e-02 
-2.950808e-03 1.132801e-01 
-7.869142e-03 1.176981e-01 
-3.318632e-03 6.318215e-02 
-2.630332e-04 1.530930e-02 
2.330338e-03 -2.996800e-02 
4.568940e-03 -7.212994e-02 
4.523340e-03 -9.222193e-02 
2.548354e-03 -7.065549e-02 
3.357143e-04 -1.999744e-02 
-1.435723e-03 5.317292e-02 
1.189462e+00 1.078435e+00 
2.192814e-01 1.393124e+00 
1.028146e-01 1.045759e+00 
1.597015e-02 3.583408e-01 
-1.876514e-02 -1.231556e-01 
-2.819026e-02 -3.997294e-01 
-1.574941e-02 -4.285080e-01 
3.185687e-03 -1.591750e-01 
4.139704e-03 3.548326e-02 
-9.515038e-04 1.557003e-01 
-8.680010e-03 1.915892e-01 
-6.725511e-03 1.212917e-01 
-2.065044e-03 4.500216e-02 
2.307060e-03 -3.374287e-02 
6.282398e-03 -1.115868e-01 
6.969772e-03 -1.533529e-01 
3.696278e-03 -1.103244e-01 
-6.913896e-04 -4.942514e-03 
-4.682726e-03 1.566973e-01 
6.613735e-01 -9.476967e-01 
-4.824853e-02 -4.700031e-01 
-2.575891e-02 -1.651825e-01 
-1.171893e-02 -6.159325e-02 
-5.411835e-03 -1.620631e-02 
-5.271009e-03 -6.476336e-03 
-8.954916e-03 -3.176439e-02 
-5.869796e-03 -6.622654e-02 
-1.746622e-03 -7.722360e-02 
-1.703809e-04 -6.539453e-02 
-1.345543e-04 -2.975673e-02 
-7.874470e-04 1.545605e-02 
-1.892910e-03 3.784418e-02 
-1.663687e-03 3.680311e-02 
4.442863e-04 7.134572e-03 
2.824789e-03 -4.104600e-02 
2.821021e-03 -6.021140e-02 
2.071437e-03 -5.411478e-02 
6.486277e-04 -2.092914e-02 
