poroelastic
-9.014113e-02 4.855176e-02 
-8.886961e-02 1.072763e-01 
-5.700476e-02 1.646808e-01 
6.346720e-02 2.071970e-01 
5.781470e-02 2.450665e-01 
4.865696e-02 2.389383e-01 
4.023463e-02 2.090361e-01 
1.676002e-02 1.450964e-01 
1.663611e-03 3.565398e-02 
5.043260e-03 -5.698131e-02 
1.573030e-02 -9.259151e-02 
2.155958e-03 -2.842956e-02 
-4.007426e-03 2.197513e-02 
-5.932938e-03 4.215417e-02 
-4.515483e-03 2.684190e-02 
-1.107114e-03 -1.004798e-02 
-1.025273e-03 -6.735549e-03 
-2.714982e-03 2.519066e-02 
-3.947762e-03 9.409426e-02 
1.673629e-01 2.550277e-01 
-2.895845e-02 2.321507e-01 
-1.429696e-02 1.385176e-01 
2.828801e-02 8.055809e-02 
2.123003e-02 7.665753e-02 
2.121708e-02 9.456236e-02 
2.359555e-02 1.281494e-01 
1.089701e-02 1.402666e-01 
-3.036424e-03 9.515641e-02 
-8.036535e-03 2.762826e-02 
-2.512762e-03 -4.168605e-02 
7.356826e-03 -5.641385e-02 
6.382449e-03 -5.439698e-02 
4.412942e-03 -4.395862e-02 
1.268463e-03 -2.404665e-02 
-1.083791e-03 -1.604519e-03 
-1.865363e-03 1.695479e-02 
-2.101192e-03 2.949387e-02 
-1.358568e-03 2.973647e-02 
7.237573e-01 3.527064e-01 
2.816963e-02 5.063374e-01 
5.429101e-03 4.359065e-01 
8.865413e-02 3.253621e-01 
5.808257e-02 2.689097e-01 
3.869334e-02 2.173529e-01 
2.160878e-02 1.587692e-01 
3.010967e-03 8.237102e-02 
-2.537591e-03 -6.990677e-05 
1.378889e-03 -6.036854e-02 
9.438266e-03 -7.771599e-02 
2.364457e-03 -2.217350e-02 
-1.937615e-03 1.187540e-02 
-2.534953e-03 1.828142e-02 
-8.394807e-04 -8.903942e-04 
1.621484e-03 -3.570817e-02 
2.351506e-04 -2.161950e-02 
-2.877130e-03 2.528469e-02 
-5.516937e-03 1.033458e-01 
-6.974856e-02 -5.162596e-01 
-9.126205e-02 -3.269987e-01 
-5.636435e-02 -8.327682e-02 
5.669043e-02 1.607774e-01 
6.675870e-02 3.194357e-01 
5.946088e-02 3.821861e-01 
2.810500e-02 3.226730e-01 
-9.808735e-03 1.198009e-01 
-1.129530e-02 -4.162375e-02 
-1.638220e-03 -1.446674e-01 
1.289807e-02 -1.617886e-01 
6.888359e-03 -6.026610e-02 
-1.165748e-03 6.524884e-03 
-4.737248e-03 4.064473e-02 
-3.796735e-03 3.534175e-02 
8.473722e-04 -1.210212e-02 
1.199121e-03 -2.043119e-02 
-3.020908e-04 -2.458748e-03 
-2.406622e-03 4.209698e-02 
-3.789887e-01 -1.251148e-01 
-6.156197e-02 1.195703e-01 
1.764972e-02 3.463827e-01 
1.210930e-01 4.474236e-01 
8.198942e-02 4.318579e-01 
4.653542e-02 3.315437e-01 
9.289966e-03 1.742933e-01 
-8.672948e-03 1.202835e-02 
-3.717630e-03 -9.001800e-02 
5.866402e-03 -1.335357e-01 
1.297668e-02 -9.813313e-02 
-2.379455e-03 1.881689e-02 
-8.286450e-03 7.126471e-02 
-7.665466e-03 7.006612e-02 
-6.721318e-04 9.393086e-03 
7.434742e-03 -8.346568e-02 
5.293913e-03 -7.813315e-02 
-9.261785e-04 -7.196606e-03 
-8.512576e-03 1.348861e-01 
-5.929330e-02 3.537046e-01 
-3.375776e-03 5.514856e-01 
7.746165e-02 6.056977e-01 
1.306351e-01 5.092653e-01 
6.790109e-02 3.743122e-01 
2.827286e-02 2.204963e-01 
3.000197e-04 7.524690e-02 
-6.112465e-03 -7.409684e-03 
-2.229047e-03 -5.529440e-02 
2.852847e-03 -7.510308e-02 
5.983369e-03 -5.077404e-02 
-2.751357e-03 2.428434e-02 
-6.014409e-03 5.420039e-02 
-4.571965e-03 4.359808e-02 
2.334729e-03 -1.831795e-02 
9.793518e-03 -1.081801e-01 
6.525500e-03 -9.481637e-02 
-1.327547e-03 -6.020217e-03 
-1.046844e-02 1.628686e-01 
6.899226e-01 7.564332e-01 
1.114886e-01 1.087292e+00 
1.787178e-01 1.038062e+00 
1.523854e-01 6.877048e-01 
4.686150e-02 3.262312e-01 
-6.636924e-03 1.262828e-02 
-1.960441e-02 -1.767591e-01 
-1.768468e-03 -1.225439e-01 
4.214508e-03 -5.350401e-02 
3.909750e-03 8.862365e-03 
-2.582685e-03 6.528345e-02 
-1.090311e-02 9.795734e-02 
-9.040963e-03 8.277812e-02 
-2.686757e-03 2.790602e-02 
8.267740e-03 -7.174349e-02 
1.691031e-02 -1.776591e-01 
1.051254e-02 -1.401868e-01 
-2.172661e-03 -1.637160e-03 
-1.668536e-02 2.348583e-01 
1.628717e+00 8.791738e-01 
5.042038e-01 1.654075e+00 
3.167423e-01 1.556523e+00 
1.647064e-01 9.082209e-01 
2.587515e-02 3.133578e-01 
-3.300244e-02 -1.379128e-01 
-3.597145e-02 -3.902587e-01 
-1.651369e-03 -2.862040e-01 
9.719913e-03 -1.305421e-01 
8.640263e-03 1.477373e-02 
-2.755558e-03 1.372403e-01 
-1.863359e-02 1.845558e-01 
-1.573274e-02 1.479626e-01 
-5.531761e-03 5.219930e-02 
1.105066e-02 -1.011123e-01 
2.599028e-02 -2.651214e-01 
1.748417e-02 -2.163855e-01 
-2.768502e-03 -3.594262e-03 
-2.882365e-02 3.702518e-01 
-9.677194e-02 -7.460268e-01 
-9.836611e-03 -6.292202e-02 
7.432890e-02 3.198987e-01 
6.081875e-02 3.442579e-01 
2.845480e-02 2.819342e-01 
1.137806e-03 1.711598e-01 
-2.439125e-02 6.453884e-03 
-1.335569e-02 -1.234323e-01 
-4.864282e-04 -1.689435e-01 
6.408681e-03 -1.551197e-01 
7.569330e-03 -8.115734e-02 
-1.997896e-03 2.182690e-02 
-8.438635e-03 7.983902e-02 
-9.489188e-03 8.710075e-02 
-2.111603e-03 2.156427e-02 
1.104636e-02 -9.940130e-02 
1.131220e-02 -1.209201e-01 
3.824261e-03 -5.269062e-02 
-1.038643e-02 1.249904e-01 
