poroelastic
-8.643454e-02 -1.090166e-01 
-1.112679e-01 -7.894919e-02 
-8.530301e-02 6.731207e-02 
6.717267e-02 1.977433e-01 
6.609382e-02 2.478492e-01 
5.605929e-02 2.319035e-01 
4.986322e-02 1.517205e-01 
3.591253e-02 6.623224e-02 
2.013628e-02 5.996141e-02 
1.550753e-02 7.317822e-02 
8.443160e-03 6.804015e-02 
-1.990630e-03 4.666058e-03 
1.312327e-03 -2.842187e-02 
6.486197e-04 -2.941596e-02 
-4.738012e-03 3.026102e-03 
-8.530107e-03 6.025852e-02 
-7.105767e-03 8.663756e-02 
-5.045813e-03 8.476681e-02 
-2.035782e-03 5.381516e-02 
2.390640e-01 1.312734e-01 
-7.895688e-02 2.166574e-01 
-2.792660e-02 3.102189e-01 
9.088612e-02 3.078454e-01 
6.211124e-02 2.526640e-01 
3.838474e-02 1.623843e-01 
2.671899e-02 6.281766e-02 
2.210754e-02 1.879487e-02 
1.414984e-02 3.963383e-02 
9.549487e-03 7.600608e-02 
2.086726e-04 9.177681e-02 
-4.422794e-03 3.455120e-02 
7.447343e-04 -1.248797e-02 
3.373247e-03 -4.354342e-02 
2.259078e-03 -5.269046e-02 
-1.227233e-03 -2.422741e-02 
-3.266997e-03 1.844484e-02 
-5.123341e-03 6.762279e-02 
-5.152666e-03 1.235025e-01 
5.886035e-01 4.754238e-02 
-3.826830e-03 1.825057e-01 
-4.198395e-02 2.862762e-01 
1.138668e-01 3.460427e-01 
9.027322e-02 3.531916e-01 
6.656791e-02 3.046361e-01 
4.564813e-02 2.010484e-01 
2.271053e-02 7.432925e-02 
1.102585e-02 2.875118e-02 
9.912172e-03 1.990743e-02 
9.286974e-03 1.912671e-02 
8.451911e-04 -1.210518e-02 
1.706600e-03 -2.769027e-02 
1.088155e-03 -2.691217e-02 
-2.739720e-03 -5.657015e-03 
-6.784087e-03 3.988838e-02 
-6.464851e-03 6.661134e-02 
-5.841802e-03 8.011996e-02 
-4.313340e-03 8.695382e-02 
-1.668798e-01 -4.699861e-01 
-1.168583e-01 -3.705303e-01 
-7.397932e-02 -1.263951e-01 
6.580662e-02 1.477096e-01 
7.423214e-02 2.881482e-01 
6.680397e-02 3.322459e-01 
4.739026e-02 2.790224e-01 
1.420389e-02 1.445971e-01 
8.863630e-04 7.100309e-02 
-1.819879e-03 2.183569e-02 
1.554505e-03 -2.724964e-02 
9.591661e-03 -8.849033e-02 
1.034221e-02 -1.041336e-01 
6.489688e-03 -7.709255e-02 
-2.857335e-03 -1.695143e-03 
-1.117465e-02 1.038554e-01 
-9.454516e-03 1.245065e-01 
-4.527412e-03 7.756247e-02 
2.062068e-03 -3.875832e-02 
-3.000924e-01 -2.837416e-01 
-1.155120e-01 -2.192618e-01 
-4.788322e-02 2.924005e-02 
1.169906e-01 2.969874e-01 
1.047336e-01 4.232401e-01 
8.264303e-02 4.345211e-01 
4.721514e-02 3.261335e-01 
8.647640e-03 1.251186e-01 
5.516086e-04 7.763885e-03 
4.367040e-03 -5.720923e-02 
1.194037e-02 -8.152777e-02 
8.021112e-03 -7.736736e-02 
5.219027e-03 -5.801163e-02 
8.331637e-04 -2.070032e-02 
-6.576854e-03 4.005395e-02 
-1.175438e-02 1.087586e-01 
-9.365935e-03 1.152602e-01 
-4.576524e-03 7.010680e-02 
1.543911e-03 -2.613744e-02 
-8.209851e-02 -5.846004e-02 
-8.277689e-02 1.780922e-02 
-5.948848e-03 2.071750e-01 
1.434578e-01 3.817865e-01 
1.090424e-01 4.458890e-01 
7.672841e-02 4.133832e-01 
3.782185e-02 2.851404e-01 
5.077219e-03 9.022552e-02 
8.951505e-04 -1.875443e-02 
5.905992e-03 -7.084438e-02 
1.184867e-02 -7.382269e-02 
4.197444e-03 -4.165481e-02 
1.442810e-03 -1.984682e-02 
-9.118011e-04 4.918508e-04 
-4.152449e-03 2.371205e-02 
-6.290390e-03 4.799430e-02 
-5.659796e-03 5.997352e-02 
-4.524563e-03 5.790946e-02 
-2.714636e-03 4.478160e-02 
3.055371e-01 -1.673745e-02 
-2.576239e-02 1.546825e-01 
3.091844e-02 3.270734e-01 
1.723710e-01 4.623064e-01 
1.225056e-01 5.253026e-01 
7.993393e-02 4.880940e-01 
2.725742e-02 3.208841e-01 
-4.513208e-03 3.639885e-02 
-1.629675e-04 -1.288455e-01 
1.259839e-02 -1.909529e-01 
2.220453e-02 -1.428197e-01 
4.297402e-04 -3.215897e-03 
-7.809681e-03 6.839316e-02 
-9.513027e-03 8.625442e-02 
-5.704789e-03 4.796395e-02 
1.454784e-03 -3.266183e-02 
1.130951e-03 -3.118063e-02 
-3.729296e-03 3.048715e-02 
-1.079134e-02 1.593351e-01 
3.493034e-01 -2.662172e-01 
7.103911e-02 -9.456949e-02 
4.585077e-02 1.601557e-01 
1.725958e-01 4.477924e-01 
1.249983e-01 5.825292e-01 
7.832403e-02 5.669630e-01 
1.932617e-02 3.813870e-01 
-9.626737e-03 2.376604e-02 
-6.349258e-04 -1.942611e-01 
1.512008e-02 -2.803689e-01 
2.837624e-02 -2.233836e-01 
3.521801e-03 -1.423928e-02 
-1.112292e-02 1.123371e-01 
-1.585037e-02 1.558751e-01 
-1.138182e-02 1.106858e-01 
1.640132e-03 -2.414336e-02 
4.526964e-03 -6.170441e-02 
-5.073527e-04 -7.859118e-03 
-1.174857e-02 1.554186e-01 
-4.386045e-01 8.517824e-02 
-1.249501e-03 -7.941455e-03 
4.875128e-02 8.244447e-02 
9.519212e-02 2.663226e-01 
6.641996e-02 3.307144e-01 
4.077200e-02 3.192112e-01 
8.883291e-03 2.293090e-01 
-5.275783e-03 6.561137e-02 
-1.724952e-03 -4.618533e-02 
5.147477e-03 -1.206110e-01 
1.334529e-02 -1.433525e-01 
9.534011e-03 -8.977458e-02 
3.610952e-03 -3.164614e-02 
-2.167655e-03 2.500243e-02 
-7.145465e-03 6.776575e-02 
-7.852289e-03 7.013801e-02 
-5.212581e-03 5.267006e-02 
-2.512048e-03 2.759075e-02 
-6.724533e-04 8.143649e-03 
