poroelastic
2.309775e-02 8.582558e-02 
3.412174e-02 1.082643e-01 
2.974413e-02 2.203775e-02 
-2.549599e-02 -1.520760e-01 
-2.291168e-02 -2.186059e-01 
-1.770037e-02 -2.183308e-01 
-1.040754e-02 -1.619315e-01 
-2.276012e-03 -6.371086e-02 
-7.962054e-04 1.533018e-02 
-2.893541e-03 6.504812e-02 
-4.834366e-03 6.589613e-02 
7.260346e-04 6.677483e-03 
1.797574e-03 -2.635533e-02 
2.070611e-03 -3.985273e-02 
1.694406e-03 -3.219423e-02 
6.518527e-04 -1.079357e-02 
4.102040e-04 -8.570045e-03 
5.214305e-04 -2.133597e-02 
5.826227e-04 -5.440117e-02 
-2.626993e-01 -4.520920e-01 
1.677501e-02 -3.509340e-01 
2.250176e-03 -2.465030e-01 
-2.311315e-02 -1.869551e-01 
-1.157951e-02 -1.143742e-01 
-5.682467e-03 -5.004681e-02 
-4.596780e-03 -1.909405e-02 
-3.059862e-03 -3.045760e-02 
-1.446507e-03 -2.005619e-02 
-1.437588e-03 -6.205537e-03 
-1.266600e-03 -3.029815e-03 
1.374093e-03 -2.263011e-02 
1.177853e-03 -2.503419e-02 
6.074800e-04 -1.305158e-02 
-1.033282e-04 1.518419e-02 
-4.973569e-04 4.257223e-02 
-8.418157e-05 2.855043e-02 
6.046094e-04 -1.691606e-02 
9.297504e-04 -9.843316e-02 
-1.036477e+00 -7.583374e-01 
-5.350380e-02 -7.762167e-01 
-1.170865e-02 -5.715089e-01 
-4.106323e-02 -3.725412e-01 
-1.911343e-02 -2.154747e-01 
-8.400390e-03 -9.557161e-02 
-5.012074e-03 -2.069951e-02 
-3.516245e-03 -5.096046e-03 
-2.549003e-03 1.160598e-02 
-3.382989e-03 1.887565e-02 
-3.356066e-03 3.635384e-03 
2.444647e-03 -3.916308e-02 
2.498946e-03 -5.134104e-02 
1.685759e-03 -3.730072e-02 
4.255150e-04 5.924777e-03 
-6.307658e-04 5.605763e-02 
-1.450245e-04 3.996268e-02 
1.003922e-03 -2.807842e-02 
1.849846e-03 -1.559525e-01 
-6.287049e-01 9.903443e-01 
2.144899e-02 8.421833e-01 
3.744564e-02 4.732045e-01 
-7.015365e-03 3.253218e-02 
-1.768906e-02 -2.076270e-01 
-1.683341e-02 -3.095872e-01 
-6.544593e-03 -2.658652e-01 
2.733837e-03 -8.373913e-02 
1.964499e-03 4.519565e-02 
-1.179475e-03 1.210324e-01 
-4.765933e-03 1.289834e-01 
-1.743966e-03 5.457158e-02 
4.611190e-04 1.827863e-03 
1.563906e-03 -3.316702e-02 
1.784289e-03 -4.928412e-02 
9.442624e-04 -3.973308e-02 
3.912140e-04 -2.334381e-02 
-5.914239e-06 -3.202618e-03 
-2.258400e-04 1.794735e-02 
9.976420e-03 5.333523e-01 
2.928522e-02 3.398321e-01 
9.145577e-03 7.188579e-02 
-2.350994e-02 -1.847871e-01 
-2.010147e-02 -2.808667e-01 
-1.383969e-02 -2.793991e-01 
-4.303072e-03 -1.843116e-01 
1.212114e-03 -2.777103e-02 
-1.407567e-04 7.223990e-02 
-3.254319e-03 1.208397e-01 
-5.263709e-03 9.969673e-02 
5.142648e-04 7.802813e-03 
2.164902e-03 -4.311972e-02 
2.509331e-03 -6.292679e-02 
1.690736e-03 -4.621710e-02 
2.739943e-04 -3.189550e-03 
9.108059e-06 7.625042e-03 
2.609537e-04 -5.802300e-03 
7.103766e-04 -5.163262e-02 
9.516496e-03 -8.006940e-02 
4.490762e-03 -1.459651e-01 
-9.875674e-03 -2.100051e-01 
-2.590011e-02 -2.407447e-01 
-1.510139e-02 -2.065600e-01 
-8.495186e-03 -1.486517e-01 
-3.666254e-03 -8.157918e-02 
-6.980070e-04 -2.616903e-02 
-6.032246e-04 1.604735e-02 
-1.819866e-03 4.137430e-02 
-2.504167e-03 3.694539e-02 
6.541868e-04 -3.410199e-03 
1.191493e-03 -2.263552e-02 
1.128357e-03 -2.451037e-02 
6.023158e-04 -6.095728e-03 
-5.821613e-05 1.942045e-02 
7.762189e-05 1.307274e-02 
5.754120e-04 -1.845860e-02 
9.370096e-04 -8.115044e-02 
-4.667779e-01 -6.526357e-01 
-3.822488e-02 -6.700296e-01 
-3.570188e-02 -5.389040e-01 
-2.731553e-02 -3.116148e-01 
-7.679398e-03 -1.148673e-01 
-7.338383e-04 2.341718e-02 
-2.029735e-03 6.791845e-02 
-2.770022e-03 -7.702733e-04 
-1.318550e-03 -3.546041e-02 
-3.465482e-04 -4.807308e-02 
7.027354e-04 -4.386051e-02 
1.364354e-03 -2.998837e-02 
4.567588e-04 -1.050540e-02 
-3.236965e-04 1.371626e-02 
-7.541483e-04 4.166374e-02 
-6.666465e-04 5.431037e-02 
1.273355e-05 2.654387e-02 
9.228618e-04 -3.160987e-02 
1.400073e-03 -1.222451e-01 
-1.380037e+00 -9.479904e-01 
-2.099745e-01 -1.220172e+00 
-7.543228e-02 -9.699489e-01 
-3.445845e-02 -5.047153e-01 
-6.801224e-03 -1.580758e-01 
2.444912e-03 7.127808e-02 
8.414671e-04 1.642098e-01 
-3.005139e-03 8.330341e-02 
-2.864589e-03 2.009527e-02 
-2.235587e-03 -2.693491e-02 
-2.881274e-04 -6.308336e-02 
3.448892e-03 -8.066455e-02 
2.514724e-03 -6.632998e-02 
9.419823e-04 -2.699868e-02 
-8.988031e-04 3.962751e-02 
-1.850252e-03 1.022455e-01 
-8.012273e-04 7.334150e-02 
1.110221e-03 -2.581243e-02 
2.847385e-03 -2.031178e-01 
-5.905061e-01 1.099199e+00 
4.929731e-02 7.004585e-01 
1.639935e-02 3.035141e-01 
-3.402562e-03 2.001317e-02 
-6.162085e-03 -1.178568e-01 
-4.680852e-03 -1.712831e-01 
2.636071e-04 -1.381855e-01 
2.034868e-03 -3.362339e-02 
4.792857e-04 3.728026e-02 
-1.371838e-03 7.995687e-02 
-3.037285e-03 8.702885e-02 
-1.605798e-03 4.864247e-02 
-2.391274e-04 1.551423e-02 
7.307108e-04 -1.259951e-02 
1.301129e-03 -3.450515e-02 
1.020583e-03 -4.020115e-02 
5.642129e-04 -2.923724e-02 
8.613883e-05 -8.128328e-03 
-3.267417e-04 2.153144e-02 
