poroelastic
5.485073e-02 -7.426007e-02 
5.153953e-02 -1.026768e-01 
2.850589e-02 -1.210940e-01 
-4.877708e-02 -1.734941e-01 
-4.077337e-02 -2.013111e-01 
-3.182773e-02 -1.934962e-01 
-2.288159e-02 -1.741445e-01 
-5.709475e-03 -1.103387e-01 
-1.344925e-04 8.345063e-03 
-7.269210e-03 1.037389e-01 
-1.635962e-02 1.171632e-01 
2.226084e-03 -9.363950e-04 
7.751679e-03 -6.684981e-02 
7.755261e-03 -8.012597e-02 
3.510256e-03 -3.688416e-02 
-1.293593e-03 3.726992e-02 
-9.984077e-04 4.269038e-02 
1.367170e-03 -4.897320e-03 
3.460854e-03 -1.163198e-01 
-1.455138e-01 -2.910003e-01 
1.439007e-04 -2.429072e-01 
-1.025940e-03 -1.056595e-01 
-1.278984e-02 -3.547137e-02 
-7.199386e-03 -1.633181e-02 
-7.817411e-03 -2.479741e-02 
-1.206136e-02 -7.311161e-02 
-5.310652e-03 -1.168882e-01 
2.368740e-03 -6.619990e-02 
2.424485e-03 8.534821e-03 
-3.654790e-03 6.076806e-02 
-2.317511e-03 2.353893e-02 
4.331884e-04 -3.760496e-03 
1.082877e-03 -1.296260e-02 
-1.490773e-04 1.524458e-03 
-1.750801e-03 3.504849e-02 
-1.012035e-03 3.181433e-02 
6.448244e-04 -8.556266e-04 
1.988287e-03 -6.389324e-02 
-7.317447e-01 -5.047276e-01 
-8.027882e-02 -6.578081e-01 
-4.061034e-02 -4.846055e-01 
-5.801988e-02 -2.701179e-01 
-2.638686e-02 -1.489037e-01 
-1.244864e-02 -7.799704e-02 
-7.652821e-03 -5.351719e-02 
-2.719421e-03 -5.289270e-02 
-2.288409e-04 3.843828e-04 
-3.620057e-03 5.260870e-02 
-8.659212e-03 6.424495e-02 
1.724010e-03 -1.022343e-02 
5.067906e-03 -4.880286e-02 
4.292795e-03 -4.744746e-02 
3.678615e-04 -2.025283e-03 
-3.686413e-03 7.116517e-02 
-2.179735e-03 6.313152e-02 
1.641773e-03 -7.339415e-03 
5.271039e-03 -1.426872e-01 
-9.829145e-02 5.987271e-01 
6.898213e-02 4.041850e-01 
4.069299e-02 1.444604e-01 
-3.891136e-02 -1.163818e-01 
-4.646581e-02 -2.752006e-01 
-3.828972e-02 -3.319037e-01 
-1.255753e-02 -2.698384e-01 
9.335637e-03 -7.805692e-02 
5.401533e-03 8.673310e-02 
-5.911240e-03 1.864857e-01 
-1.707380e-02 1.767011e-01 
-1.234227e-03 2.414709e-02 
6.920041e-03 -6.567179e-02 
8.614185e-03 -9.753373e-02 
4.345608e-03 -6.116429e-02 
-2.347720e-03 3.414918e-02 
-2.742291e-03 5.682028e-02 
-4.645200e-04 2.324455e-02 
2.869891e-03 -7.396834e-02 
2.586341e-01 1.409631e-01 
3.157058e-02 -9.731710e-02 
-2.592169e-02 -2.859369e-01 
-7.616948e-02 -3.523866e-01 
-4.755465e-02 -3.197758e-01 
-2.356600e-02 -2.275629e-01 
-2.181811e-03 -1.063229e-01 
4.655792e-03 6.456154e-03 
-3.943282e-04 9.540855e-02 
-8.742234e-03 1.381490e-01 
-1.311248e-02 9.729742e-02 
4.932116e-03 -3.997271e-02 
9.968605e-03 -1.033623e-01 
8.694301e-03 -1.022794e-01 
1.309717e-03 -2.415862e-02 
-6.274862e-03 9.718852e-02 
-4.863639e-03 1.017150e-01 
4.013842e-04 1.923396e-02 
6.891863e-03 -1.625023e-01 
2.103703e-02 -3.104306e-01 
-1.484499e-02 -4.607981e-01 
-6.009568e-02 -4.789649e-01 
-7.875514e-02 -3.827472e-01 
-3.758599e-02 -2.593490e-01 
-1.345390e-02 -1.334744e-01 
-4.682294e-05 -3.723750e-02 
2.097524e-03 -5.286569e-03 
1.172520e-04 3.799271e-02 
-4.063380e-03 6.898126e-02 
-6.897951e-03 5.688558e-02 
2.325543e-03 -1.918067e-02 
5.425483e-03 -5.733778e-02 
4.688297e-03 -5.611018e-02 
-2.029655e-04 -1.727648e-03 
-5.217065e-03 8.334184e-02 
-3.656477e-03 8.010983e-02 
8.202922e-04 8.318474e-03 
5.916651e-03 -1.409871e-01 
-5.509734e-01 -7.387091e-01 
-1.117534e-01 -9.303659e-01 
-1.236648e-01 -8.057789e-01 
-7.791137e-02 -4.654751e-01 
-1.184249e-02 -1.348674e-01 
1.479290e-02 1.174213e-01 
8.310702e-03 2.036273e-01 
-4.967798e-03 4.715504e-02 
-2.540484e-03 -4.171050e-02 
1.694185e-03 -7.678231e-02 
5.383274e-03 -6.970365e-02 
3.550415e-03 -3.928600e-02 
6.315518e-04 -1.056908e-02 
-2.150091e-03 2.112087e-02 
-4.757949e-03 5.915584e-02 
-5.146175e-03 8.484491e-02 
-2.170017e-03 5.276350e-02 
2.076738e-03 -1.886999e-02 
5.901761e-03 -1.279454e-01 
-1.556980e+00 -1.070833e+00 
-4.478254e-01 -1.691360e+00 
-2.437409e-01 -1.431946e+00 
-9.523425e-02 -7.065083e-01 
2.250391e-03 -1.260856e-01 
3.443461e-02 2.627694e-01 
2.094890e-02 4.082596e-01 
-5.769879e-03 1.962234e-01 
-7.049578e-03 2.435277e-02 
-1.576774e-03 -8.925855e-02 
7.466896e-03 -1.447075e-01 
1.103093e-02 -1.220824e-01 
5.843606e-03 -6.936938e-02 
-7.520572e-04 3.213893e-03 
-8.133645e-03 9.540219e-02 
-1.164720e-02 1.712609e-01 
-6.270340e-03 1.219742e-01 
2.888337e-03 -1.793034e-02 
1.279081e-02 -2.457742e-01 
-2.015495e-01 1.119688e+00 
7.180169e-02 4.179300e-01 
-2.145979e-02 -6.508528e-02 
-4.378832e-02 -2.418079e-01 
-2.803883e-02 -2.785654e-01 
-8.468874e-03 -2.267029e-01 
1.439122e-02 -8.162805e-02 
8.720951e-03 8.046721e-02 
-1.842568e-03 1.604911e-01 
-9.095217e-03 1.748826e-01 
-1.123617e-02 1.145688e-01 
7.131571e-04 -4.839800e-03 
6.812787e-03 -7.382924e-02 
7.998798e-03 -9.255142e-02 
3.497619e-03 -4.712874e-02 
-3.855168e-03 4.714090e-02 
-4.577246e-03 7.012873e-02 
-1.536650e-03 3.269898e-02 
4.455712e-03 -7.888332e-02 
