poroelastic
-3.207231e-02 -4.362657e-02 
-3.960452e-02 -3.126316e-02 
-3.339867e-02 5.008929e-02 
2.157791e-02 1.642378e-01 
2.304112e-02 2.134904e-01 
2.063168e-02 2.122134e-01 
1.592761e-02 1.594995e-01 
7.077564e-03 7.100240e-02 
2.179718e-03 6.624938e-03 
1.692086e-03 -3.597384e-02 
3.005221e-03 -4.670976e-02 
1.489284e-04 -1.859837e-02 
-4.738756e-05 4.187459e-04 
-1.024582e-04 1.454617e-02 
-2.454112e-04 2.187903e-02 
-3.189245e-04 2.453397e-02 
-1.677006e-04 3.817625e-02 
-5.287931e-05 5.778264e-02 
2.032934e-04 8.711256e-02 
2.705837e-01 3.349331e-01 
-2.261965e-02 3.303572e-01 
-5.775955e-03 2.933834e-01 
2.696758e-02 2.285335e-01 
1.689729e-02 1.627178e-01 
9.615579e-03 9.731906e-02 
5.328977e-03 4.103136e-02 
2.793048e-03 1.127510e-02 
1.380276e-03 -5.971228e-03 
1.703787e-03 -1.106227e-02 
2.133412e-03 1.867934e-03 
-8.185161e-05 2.930871e-02 
-1.393149e-04 3.279263e-02 
-8.297949e-05 1.816882e-02 
-5.010361e-05 -1.733271e-02 
-1.307428e-04 -5.206127e-02 
-1.842451e-04 -3.230774e-02 
-1.154618e-04 2.717924e-02 
3.633128e-04 1.314317e-01 
8.319157e-01 4.062607e-01 
4.302846e-02 4.900353e-01 
-3.642518e-03 4.341033e-01 
3.967360e-02 3.521463e-01 
2.735544e-02 2.785803e-01 
1.800828e-02 2.024248e-01 
1.037706e-02 1.136647e-01 
3.588687e-03 2.456147e-02 
8.142795e-04 -2.961883e-02 
1.420220e-03 -5.581267e-02 
3.410880e-03 -4.529915e-02 
2.339523e-04 4.852599e-03 
-9.094343e-05 2.958389e-02 
-1.079343e-04 3.462913e-02 
-1.156725e-04 1.632311e-02 
-1.618059e-04 -1.354348e-02 
-1.455465e-04 2.718789e-03 
-1.369270e-04 5.209946e-02 
5.741953e-05 1.404206e-01 
2.388115e-01 -6.252665e-01 
-3.268310e-02 -4.991107e-01 
-2.695909e-02 -2.473519e-01 
8.940918e-03 4.409097e-02 
1.834615e-02 2.039058e-01 
1.980198e-02 2.695195e-01 
1.340011e-02 2.303699e-01 
2.271000e-03 8.912762e-02 
-1.548791e-03 -1.073074e-02 
-2.227242e-03 -7.807820e-02 
-4.209357e-04 -1.058196e-01 
2.148977e-04 -7.841344e-02 
9.351520e-05 -4.502380e-02 
2.013239e-05 -5.148469e-03 
-9.657825e-05 4.150252e-02 
-1.644273e-04 7.661804e-02 
-1.421193e-04 7.239272e-02 
-6.799543e-05 3.563588e-02 
6.675955e-05 -3.499756e-02 
-1.141056e-01 -3.558350e-01 
-2.929511e-02 -2.212819e-01 
-8.606301e-03 -4.670066e-03 
2.493176e-02 2.186030e-01 
2.584105e-02 3.124938e-01 
2.191035e-02 3.151056e-01 
1.220153e-02 2.197304e-01 
1.429063e-03 5.418785e-02 
-1.723489e-03 -5.204592e-02 
-1.407491e-03 -1.114341e-01 
1.113294e-03 -1.115527e-01 
2.952975e-04 -4.871052e-02 
1.048145e-04 -1.300220e-03 
3.439900e-05 3.589356e-02 
-5.708044e-05 5.865058e-02 
-1.571471e-04 5.875326e-02 
-1.497685e-04 5.120189e-02 
-1.077196e-04 3.526926e-02 
-4.862990e-05 1.523713e-02 
-1.222693e-02 1.016145e-01 
-5.131250e-03 1.935759e-01 
1.243720e-02 2.779388e-01 
3.481861e-02 3.152821e-01 
2.471245e-02 2.910175e-01 
1.639438e-02 2.282707e-01 
7.669752e-03 1.289911e-01 
1.088587e-03 2.214380e-02 
-6.674342e-04 -4.274613e-02 
-1.586624e-04 -7.358791e-02 
1.417518e-03 -6.088738e-02 
2.459067e-04 -9.118818e-03 
7.063868e-05 2.011199e-02 
2.359379e-05 3.254818e-02 
1.477522e-05 2.321382e-02 
-3.663942e-05 1.137212e-03 
-5.153826e-05 7.994800e-03 
-1.122996e-04 3.456108e-02 
-1.977601e-04 8.668453e-02 
4.858800e-01 4.641743e-01 
3.746863e-02 5.845532e-01 
3.811169e-02 5.636185e-01 
4.398066e-02 4.205733e-01 
2.269080e-02 2.779371e-01 
1.009649e-02 1.432728e-01 
2.534159e-03 2.757556e-02 
-6.222770e-05 -3.150642e-02 
-2.883972e-04 -5.874562e-02 
8.064656e-04 -5.693018e-02 
2.019158e-03 -1.703232e-02 
1.998990e-04 4.582104e-02 
-3.752486e-05 6.557540e-02 
-6.270851e-05 5.041584e-02 
4.795802e-05 -6.669782e-03 
1.313776e-04 -7.438131e-02 
4.014133e-05 -5.609698e-02 
-1.289633e-04 2.615757e-02 
-2.459295e-04 1.821471e-01 
1.063758e+00 4.956172e-01 
1.852888e-01 7.849602e-01 
6.906121e-02 7.336417e-01 
4.523478e-02 5.101469e-01 
2.129132e-02 3.172104e-01 
7.977839e-03 1.491914e-01 
-1.729761e-04 1.379758e-03 
-2.117017e-03 -8.502808e-02 
-1.646170e-03 -1.180303e-01 
1.824434e-05 -1.083975e-01 
2.255543e-03 -4.439306e-02 
8.565111e-04 6.126199e-02 
2.525938e-04 1.044038e-01 
-1.354972e-06 9.646978e-02 
1.441455e-05 2.796255e-02 
3.239985e-04 -7.591730e-02 
2.880774e-04 -7.369384e-02 
-6.186351e-05 9.775643e-03 
-7.446947e-04 1.878262e-01 
1.449574e-01 -5.900966e-01 
-2.423408e-02 -2.831279e-01 
5.411097e-03 -3.896711e-02 
9.228173e-03 9.104166e-02 
8.363650e-03 1.405230e-01 
6.220463e-03 1.430795e-01 
2.123839e-03 9.611003e-02 
-2.482110e-04 1.584037e-02 
-7.846123e-04 -3.303460e-02 
-8.188803e-04 -6.304338e-02 
-2.943024e-04 -7.023493e-02 
8.794423e-05 -4.675260e-02 
1.611679e-04 -2.436469e-02 
2.023086e-04 -4.627263e-04 
1.839035e-04 2.468349e-02 
-1.108831e-04 4.172397e-02 
-1.925474e-04 4.168717e-02 
-1.472255e-04 2.683628e-02 
2.146586e-05 -3.586544e-03 
