poroelastic
-5.021991e-02 7.129136e-01 
-1.304888e-02 1.160397e+00 
4.444976e-02 1.280317e+00 
5.338524e-02 9.700858e-01 
3.688866e-02 7.189190e-01 
1.932820e-02 4.314613e-01 
-1.660013e-02 6.085986e-02 
-3.901974e-02 -2.556166e-01 
-2.759114e-02 -3.959318e-01 
-2.134435e-02 -3.930812e-01 
-1.308335e-02 -1.656423e-01 
9.651161e-04 1.981885e-01 
1.310181e-03 3.068539e-01 
2.650824e-03 2.296403e-01 
3.106994e-03 -9.167711e-02 
-9.545131e-04 -5.117796e-01 
-1.207863e-03 -5.842440e-01 
-9.584662e-04 -4.562732e-01 
-2.606248e-04 -1.215816e-01 
1.189847e-01 9.864128e-02 
1.107818e-02 5.647152e-01 
4.426825e-02 7.637229e-01 
3.058018e-02 6.028917e-01 
1.929812e-02 4.550149e-01 
7.713445e-03 2.932292e-01 
-1.748854e-02 7.607035e-02 
-3.082942e-02 -1.368129e-01 
-2.199930e-02 -2.167268e-01 
-2.010719e-02 -2.126019e-01 
-1.627577e-02 -9.067901e-02 
1.835316e-03 9.383837e-02 
2.052064e-03 1.152638e-01 
2.690893e-03 4.613464e-02 
2.694039e-03 -1.340594e-01 
-7.870817e-04 -3.750673e-01 
-1.016153e-03 -4.368009e-01 
-9.844730e-04 -4.252377e-01 
-9.240539e-04 -3.981778e-01 
-2.579918e-01 -6.780069e-01 
-1.592887e-02 -4.313324e-01 
-1.289938e-02 -9.652859e-02 
6.511049e-03 9.106186e-02 
1.092329e-02 1.958309e-01 
1.278335e-02 2.659087e-01 
1.061261e-02 2.965788e-01 
3.027697e-03 2.594464e-01 
-8.098007e-04 2.167901e-01 
-5.701707e-03 1.508122e-01 
-9.190258e-03 5.561069e-02 
5.727460e-04 -5.798418e-02 
8.202038e-04 -1.488057e-01 
6.119052e-04 -1.814136e-01 
3.803062e-04 -1.561047e-01 
-1.658840e-04 -1.058036e-01 
-1.126594e-04 -6.421630e-02 
-1.194432e-04 -7.869495e-02 
-2.318944e-04 -1.930783e-01 
-1.642900e+00 1.254478e+00 
-6.808412e-02 1.506805e+00 
5.131974e-02 1.283593e+00 
3.536363e-02 7.587763e-01 
1.434056e-02 3.935464e-01 
2.003333e-03 1.416511e-01 
-5.713812e-03 2.216080e-02 
-4.988504e-03 7.124874e-02 
-3.460699e-03 1.004127e-01 
-5.174103e-03 1.035067e-01 
-7.521425e-03 1.007350e-01 
-1.984536e-05 7.465526e-02 
3.967006e-04 -1.870815e-02 
3.037667e-04 -1.231400e-01 
-5.505669e-05 -2.512012e-01 
-6.729150e-04 -3.721405e-01 
-1.857634e-04 -3.163379e-01 
4.154545e-05 -1.785756e-01 
-2.935154e-06 3.676429e-03 
-5.401685e-01 1.286639e+00 
5.589930e-02 1.599147e+00 
6.565665e-02 1.455901e+00 
2.794700e-02 9.074286e-01 
7.794819e-03 4.987807e-01 
-9.557393e-03 1.273772e-01 
-2.605864e-02 -1.888543e-01 
-2.027335e-02 -3.213004e-01 
-1.352169e-02 -3.459773e-01 
-1.089344e-02 -2.535795e-01 
-9.117526e-03 1.066075e-02 
-7.106414e-04 3.323080e-01 
-2.165698e-04 4.097943e-01 
-8.579687e-04 2.845120e-01 
-2.057549e-03 -9.355626e-02 
-1.450381e-03 -5.870460e-01 
-2.488405e-04 -7.765368e-01 
4.347713e-04 -7.604653e-01 
7.896942e-04 -5.293093e-01 
3.719065e-02 1.181917e+00 
7.873858e-02 1.837759e+00 
9.108856e-02 1.853614e+00 
3.189942e-02 1.250050e+00 
4.567379e-03 7.382026e-01 
-2.370188e-02 1.911665e-01 
-4.762184e-02 -3.724348e-01 
-2.859980e-02 -7.181311e-01 
-1.954738e-02 -8.103386e-01 
-1.405080e-02 -6.468594e-01 
-8.808735e-03 -1.393992e-01 
-1.110847e-03 5.034778e-01 
-7.313332e-04 7.335776e-01 
-2.309963e-03 6.046783e-01 
-3.333255e-03 3.390304e-02 
4.698763e-04 -7.487318e-01 
5.199870e-04 -1.084491e+00 
3.803590e-04 -1.094959e+00 
1.608795e-04 -7.353971e-01 
2.907658e-01 3.389017e-01 
4.451936e-02 8.074282e-01 
4.900338e-02 9.661841e-01 
2.544742e-02 7.669857e-01 
8.889948e-03 5.729744e-01 
-8.528049e-03 3.277685e-01 
-2.326315e-02 1.055426e-02 
-9.413940e-03 -2.686249e-01 
-7.133164e-03 -3.734828e-01 
-5.697949e-03 -3.224315e-01 
-4.008864e-03 -6.835967e-02 
-1.456459e-03 2.835396e-01 
-1.209773e-03 3.890967e-01 
-2.556799e-03 2.899841e-01 
-3.032561e-03 -5.970308e-02 
1.290074e-03 -5.278105e-01 
7.505752e-04 -6.815434e-01 
2.067176e-04 -6.126373e-01 
-1.129076e-04 -3.034262e-01 
-2.676538e-01 -3.085334e-01 
-2.510628e-02 -1.007684e-01 
3.870652e-03 1.239984e-01 
1.906761e-03 1.848673e-01 
-1.327874e-04 1.639407e-01 
-4.564327e-03 1.064396e-01 
-8.354135e-03 2.946218e-02 
-1.203839e-03 -5.138126e-02 
-6.723836e-04 -6.803522e-02 
-3.862885e-04 -3.818043e-02 
-5.852547e-04 3.515944e-02 
-2.054060e-03 1.169074e-01 
-1.881040e-03 1.124808e-01 
-2.610833e-03 5.031737e-02 
-2.761893e-03 -6.740263e-02 
1.037581e-03 -2.183831e-01 
9.736351e-04 -2.822157e-01 
6.563274e-04 -2.783222e-01 
2.764214e-04 -2.274992e-01 
-9.914081e-01 1.019779e+00 
3.425384e-02 9.996245e-01 
4.401123e-02 7.168578e-01 
9.631278e-03 2.894206e-01 
-1.053682e-03 2.632271e-03 
-2.433715e-03 -1.420640e-01 
1.970182e-04 -1.003129e-01 
-1.306449e-04 1.037222e-01 
1.136426e-03 2.258147e-01 
3.006444e-03 2.734658e-01 
3.575622e-03 2.351072e-01 
-2.190926e-03 1.064576e-01 
-2.578031e-03 -2.868796e-02 
-2.681905e-03 -1.535485e-01 
-1.523225e-03 -2.652529e-01 
1.026615e-03 -3.104842e-01 
6.595504e-04 -2.189004e-01 
7.966338e-05 -4.624239e-02 
-4.956126e-04 1.887629e-01 
