poroelastic
1.686945e-02 -9.569012e-02 
1.134390e-02 -1.383996e-01 
1.096774e-03 -1.475832e-01 
-1.354690e-02 -1.430825e-01 
-1.008800e-02 -1.255109e-01 
-5.877329e-03 -8.737713e-02 
-9.593671e-04 -3.492921e-02 
1.814974e-03 1.743116e-02 
2.111706e-03 5.712796e-02 
1.104896e-03 7.236205e-02 
-6.812028e-04 4.501412e-02 
-5.744689e-05 -2.230083e-02 
-5.121942e-05 -5.139120e-02 
-6.384707e-05 -4.997352e-02 
-3.021789e-05 -1.169765e-02 
8.808834e-05 4.206858e-02 
1.439664e-04 4.441766e-02 
7.039578e-05 9.799253e-03 
-2.479449e-04 -6.728759e-02 
-6.758747e-02 -2.233352e-01 
-6.825736e-03 -1.849708e-01 
-8.942270e-03 -8.856467e-02 
2.347603e-04 -1.213789e-02 
3.580371e-03 3.477297e-02 
4.496019e-03 5.764554e-02 
2.574589e-03 4.106777e-02 
-2.817174e-04 -9.598212e-03 
-4.945002e-04 -2.618102e-02 
1.092145e-04 -2.406003e-02 
7.003479e-04 -1.017090e-02 
1.151065e-05 3.447072e-03 
-5.932516e-06 1.221879e-02 
5.021994e-06 1.684766e-02 
9.964303e-06 1.618660e-02 
1.448877e-05 1.075241e-02 
1.165413e-05 5.350287e-03 
3.246754e-06 1.925876e-03 
2.326207e-05 5.603555e-03 
-4.674732e-01 -4.536117e-01 
-4.113894e-02 -5.130786e-01 
-2.119605e-02 -3.545571e-01 
-1.125507e-02 -1.504815e-01 
-2.193915e-04 -2.017498e-02 
4.704601e-03 5.675379e-02 
4.767330e-03 7.321194e-02 
1.406294e-03 3.071501e-02 
2.843621e-04 1.071530e-02 
-5.888760e-05 4.355286e-05 
-9.197329e-05 -1.076740e-02 
-2.693730e-05 -2.445174e-02 
-2.248228e-05 -2.298335e-02 
-2.206353e-06 -8.941297e-03 
2.086149e-05 1.926546e-02 
5.013513e-05 4.900051e-02 
6.697599e-05 4.031139e-02 
2.595057e-05 5.702185e-03 
-1.026709e-04 -5.335146e-02 
-1.946429e-01 4.614092e-01 
1.766160e-02 3.272674e-01 
1.030789e-02 1.108270e-01 
-8.938555e-03 -9.190880e-02 
-1.293670e-02 -1.946602e-01 
-1.119793e-02 -2.153915e-01 
-3.098860e-03 -1.334877e-01 
3.889642e-03 3.812007e-02 
4.375872e-03 1.365045e-01 
2.783463e-03 1.664984e-01 
-2.768280e-04 1.115593e-01 
-1.709857e-04 -1.841867e-02 
-1.687761e-04 -8.690211e-02 
-1.638836e-04 -1.018176e-01 
-4.625293e-05 -5.409451e-02 
6.813675e-05 3.599168e-02 
2.862185e-05 6.125973e-02 
-1.898603e-05 3.723879e-02 
1.805094e-05 -4.670548e-02 
8.283830e-02 1.050008e-01 
2.314766e-03 -5.698152e-02 
-9.922339e-03 -1.652303e-01 
-1.301039e-02 -1.785352e-01 
-8.881357e-03 -1.540696e-01 
-4.050843e-03 -9.620416e-02 
1.479615e-03 -9.108268e-03 
3.294974e-03 7.173249e-02 
2.626529e-03 1.087332e-01 
1.047732e-03 1.038721e-01 
-9.053930e-04 4.038223e-02 
-2.757491e-04 -6.168469e-02 
-2.267338e-04 -9.866768e-02 
-1.351946e-04 -8.550428e-02 
4.732990e-05 -1.193948e-02 
8.032749e-05 8.573188e-02 
-3.579381e-05 9.117057e-02 
-8.292313e-05 2.870646e-02 
1.196509e-04 -1.115381e-01 
-2.879407e-03 -1.546017e-01 
-1.010429e-02 -2.316553e-01 
-1.487124e-02 -2.282349e-01 
-1.137707e-02 -1.569796e-01 
-5.080830e-03 -9.488100e-02 
-5.093694e-04 -3.241304e-02 
2.434314e-03 1.939520e-02 
1.836212e-03 3.699392e-02 
1.315148e-03 4.908576e-02 
7.141893e-04 4.903447e-02 
-7.108584e-05 2.458408e-02 
-7.240102e-05 -1.858063e-02 
-7.123806e-05 -3.442801e-02 
-4.519528e-05 -3.170016e-02 
1.702258e-05 -5.245529e-03 
3.704962e-05 3.280492e-02 
1.712425e-05 3.492670e-02 
-3.769861e-06 1.289994e-02 
-4.784996e-06 -3.425037e-02 
-1.955262e-01 -3.905527e-01 
-2.828746e-02 -3.942920e-01 
-1.993570e-02 -2.722103e-01 
-4.702976e-03 -9.536120e-02 
3.559253e-03 3.141395e-02 
6.393137e-03 1.076845e-01 
3.780922e-03 1.040122e-01 
-1.292183e-04 1.087072e-02 
-8.887225e-04 -3.816288e-02 
-6.192750e-04 -5.302756e-02 
1.210273e-04 -3.433456e-02 
7.116232e-05 7.520131e-03 
7.223063e-05 2.906227e-02 
6.187783e-05 3.375577e-02 
2.119544e-05 1.942965e-02 
-8.896994e-06 -7.676980e-03 
-1.973643e-05 -1.733908e-02 
-1.463157e-05 -1.157751e-02 
1.869231e-05 1.500936e-02 
-7.796405e-01 -7.095321e-01 
-1.334563e-01 -8.929398e-01 
-4.806452e-02 -6.527202e-01 
-1.102519e-02 -2.387703e-01 
5.489936e-03 4.003368e-02 
1.101541e-02 1.978757e-01 
7.662480e-03 2.146238e-01 
1.272925e-03 7.741244e-02 
-6.698150e-04 -1.526178e-02 
-1.155057e-03 -6.859030e-02 
-5.728575e-04 -8.085581e-02 
-5.073819e-05 -4.665368e-02 
7.633447e-05 -1.392070e-02 
1.462749e-04 1.798342e-02 
1.277451e-04 4.849602e-02 
-3.010022e-05 6.241468e-02 
-5.137185e-05 4.340090e-02 
-1.699652e-05 2.062163e-03 
8.105696e-05 -5.992846e-02 
-3.602490e-01 7.528805e-01 
3.418915e-02 4.421713e-01 
6.740973e-03 1.436300e-01 
-4.624013e-03 -5.080963e-02 
-6.394103e-03 -1.450089e-01 
-4.554945e-03 -1.674890e-01 
2.756465e-04 -1.014035e-01 
1.257779e-03 3.558545e-02 
1.571574e-03 1.091639e-01 
1.371628e-03 1.309378e-01 
5.301667e-04 9.263127e-02 
-1.746135e-04 3.705367e-03 
-2.695832e-04 -4.694714e-02 
-1.962789e-04 -6.522534e-02 
1.422405e-05 -4.509204e-02 
6.091922e-05 4.006172e-03 
-1.831388e-05 2.434031e-02 
-6.024840e-05 2.396239e-02 
1.087193e-05 -3.221943e-03 
