poroelastic
-1.328927e-03 1.547286e-01 
7.768683e-03 2.243133e-01 
1.648931e-02 1.610922e-01 
-2.935282e-03 -2.133497e-02 
-6.094748e-03 -1.208412e-01 
-6.819740e-03 -1.670869e-01 
-5.344024e-03 -1.506156e-01 
-1.702957e-03 -7.105269e-02 
-1.866080e-04 -1.484417e-02 
1.437444e-04 2.482968e-02 
-2.144631e-04 4.537443e-02 
1.158713e-06 3.485415e-02 
6.599447e-05 2.045139e-02 
1.178039e-04 3.661858e-03 
1.145888e-04 -1.753342e-02 
-2.998098e-05 -3.653962e-02 
-5.839629e-05 -3.713898e-02 
-4.928705e-05 -2.542254e-02 
-1.009908e-05 -4.485542e-03 
-1.935841e-01 -4.408527e-01 
1.020041e-02 -2.755091e-01 
4.331423e-03 -1.462580e-01 
-4.738369e-03 -8.469524e-02 
-2.040084e-03 -3.398332e-02 
-8.747432e-04 -2.608798e-03 
-1.276595e-03 3.356958e-03 
-1.328588e-03 -1.398578e-02 
-9.648217e-04 -2.600571e-02 
-7.854127e-04 -2.922488e-02 
-4.539195e-04 -2.447195e-02 
8.843652e-05 -1.898505e-02 
4.633697e-05 -1.030686e-02 
4.011263e-05 2.612903e-03 
8.369906e-05 1.801440e-02 
8.408327e-05 2.320007e-02 
5.607051e-05 9.785143e-03 
-2.490086e-05 -1.975369e-02 
-2.226655e-04 -7.084122e-02 
-8.887472e-01 -7.993880e-01 
-2.808913e-02 -6.903424e-01 
3.335536e-03 -4.396091e-01 
-1.027382e-02 -2.353180e-01 
-4.413439e-03 -1.043632e-01 
-1.382601e-03 -1.959790e-02 
-1.052124e-03 1.693796e-02 
-1.572919e-03 -2.770904e-03 
-1.204802e-03 -1.422470e-02 
-1.226313e-03 -2.176908e-02 
-1.060189e-03 -3.256553e-02 
1.203426e-04 -4.468758e-02 
7.989853e-05 -3.721608e-02 
4.511224e-05 -1.726375e-02 
6.901662e-05 1.696098e-02 
8.988148e-05 4.888949e-02 
6.760273e-05 2.993974e-02 
-2.133776e-05 -2.728197e-02 
-2.269420e-04 -1.274103e-01 
-8.939257e-01 1.024160e+00 
-3.091869e-02 1.008170e+00 
1.597164e-02 6.712840e-01 
3.896340e-03 1.988467e-01 
-3.167072e-03 -8.890559e-02 
-5.756379e-03 -2.416448e-01 
-4.511561e-03 -2.483776e-01 
-8.058762e-04 -1.049150e-01 
5.107089e-04 8.041517e-06 
8.166759e-04 6.728554e-02 
3.645302e-04 9.275862e-02 
1.088440e-05 6.729280e-02 
5.198512e-05 3.771613e-02 
4.951273e-05 3.617179e-03 
-1.512411e-05 -3.569870e-02 
-9.289266e-05 -6.186698e-02 
-2.295569e-05 -5.061175e-02 
2.550370e-05 -1.149553e-02 
-7.792595e-06 5.613212e-02 
-1.820152e-01 6.278218e-01 
9.442823e-03 5.230377e-01 
6.181083e-03 2.992541e-01 
-4.925710e-04 2.474125e-02 
-2.921263e-03 -1.262685e-01 
-3.585064e-03 -1.901601e-01 
-2.426351e-03 -1.551486e-01 
-3.170887e-04 -3.530095e-02 
3.566406e-04 3.781509e-02 
3.292770e-04 7.400777e-02 
-1.307286e-04 6.671397e-02 
2.874288e-06 1.697603e-02 
-1.928575e-05 -1.593378e-02 
-4.672610e-05 -3.673878e-02 
-6.866214e-05 -4.351750e-02 
-4.928409e-05 -3.272403e-02 
-9.102583e-06 -1.984833e-02 
1.660201e-06 -7.225044e-03 
2.128718e-07 -2.548673e-04 
1.330975e-03 3.241207e-02 
1.702830e-03 3.718537e-02 
4.207579e-04 4.824906e-03 
-2.416409e-03 -4.720232e-02 
-2.107554e-03 -6.866447e-02 
-1.919019e-03 -7.631260e-02 
-1.468856e-03 -6.835380e-02 
-6.278976e-04 -4.459726e-02 
-2.677323e-04 -2.607790e-02 
-1.079080e-04 -1.014479e-02 
-4.256583e-05 4.935470e-03 
1.635111e-05 1.328379e-02 
2.410303e-05 1.614972e-02 
2.552104e-05 1.517281e-02 
7.207125e-06 7.910455e-03 
-2.122679e-05 -5.338725e-03 
-2.550641e-05 -1.500718e-02 
-3.122080e-05 -2.404479e-02 
-3.288691e-05 -3.403002e-02 
-2.841109e-01 -5.297256e-01 
-1.497676e-02 -4.484485e-01 
-7.387413e-03 -2.904623e-01 
-3.425041e-03 -1.105949e-01 
-7.204081e-05 1.062183e-02 
5.886594e-04 6.936500e-02 
-3.337878e-04 5.469251e-02 
-5.166910e-04 -2.074079e-02 
-5.581819e-04 -6.554103e-02 
-4.540895e-04 -8.269050e-02 
-1.641706e-04 -6.182897e-02 
-9.895406e-06 -9.936575e-03 
3.632743e-05 2.197916e-02 
6.684610e-05 4.290408e-02 
7.113548e-05 4.751968e-02 
5.839366e-05 2.660394e-02 
2.110636e-05 1.479415e-03 
-4.256860e-05 -3.039164e-02 
-1.484160e-04 -7.111631e-02 
-1.054685e+00 -8.599832e-01 
-1.096450e-01 -9.265850e-01 
-2.108973e-02 -6.541500e-01 
-5.894746e-03 -2.860054e-01 
-7.296927e-04 -4.331655e-02 
9.100081e-04 9.848672e-02 
5.526946e-04 1.296284e-01 
-2.157070e-05 4.180755e-02 
-3.287435e-04 -2.026490e-02 
-5.070880e-04 -6.068007e-02 
-5.174415e-04 -7.795105e-02 
-2.878661e-04 -6.284336e-02 
-1.198682e-04 -3.802116e-02 
-3.082448e-05 -5.840032e-03 
-3.559872e-06 3.467284e-02 
1.108061e-05 6.323829e-02 
4.730916e-06 3.821926e-02 
-2.128440e-05 -2.882614e-02 
-4.343904e-05 -1.433756e-01 
-7.700609e-01 1.009807e+00 
1.898968e-02 7.915435e-01 
1.343807e-02 4.683101e-01 
5.819790e-04 1.729433e-01 
-3.329527e-04 -8.238182e-03 
-4.131951e-04 -1.125513e-01 
1.543358e-05 -1.323148e-01 
-1.114317e-04 -6.477958e-02 
-1.687963e-04 -1.396344e-02 
-1.096115e-04 2.479583e-02 
8.055041e-05 5.185453e-02 
2.671400e-04 5.864101e-02 
1.484767e-04 4.873657e-02 
2.453396e-05 2.359153e-02 
-1.171703e-04 -1.932422e-02 
-7.071149e-05 -5.949110e-02 
2.564948e-05 -5.305312e-02 
5.594439e-05 -1.191993e-02 
-8.103888e-05 6.762332e-02 
