poroelastic
1.627304e-02 7.360467e-02 
2.507843e-02 8.549642e-02 
2.157736e-02 9.680154e-03 
-1.987951e-02 -1.266386e-01 
-1.667861e-02 -1.696461e-01 
-1.180563e-02 -1.606551e-01 
-5.625377e-03 -1.110415e-01 
-3.718879e-04 -3.683905e-02 
-2.990439e-04 1.785045e-02 
-2.397962e-03 4.975286e-02 
-3.959362e-03 4.718619e-02 
4.435778e-04 5.042683e-03 
1.500930e-03 -1.757238e-02 
1.812161e-03 -2.786744e-02 
1.522359e-03 -2.639772e-02 
6.653794e-04 -1.522133e-02 
3.095354e-04 -8.984688e-03 
1.845967e-04 -6.270854e-03 
1.466365e-04 -8.747003e-03 
-2.112197e-01 -3.298470e-01 
2.028561e-02 -2.640538e-01 
4.018793e-03 -2.171194e-01 
-2.274379e-02 -1.933652e-01 
-1.201273e-02 -1.379488e-01 
-5.410732e-03 -7.451316e-02 
-2.096405e-03 -2.174788e-02 
-1.039756e-03 1.343403e-03 
-1.245982e-03 1.986000e-02 
-2.353182e-03 2.551846e-02 
-2.076987e-03 8.089220e-03 
2.362812e-03 -3.122083e-02 
2.434839e-03 -4.213629e-02 
1.501477e-03 -3.180084e-02 
-1.109665e-04 1.514135e-03 
-1.044105e-03 3.972813e-02 
-5.871593e-04 3.597807e-02 
3.603203e-04 7.767360e-04 
1.115686e-03 -7.164274e-02 
-7.591602e-01 -4.971505e-01 
-2.593254e-02 -4.974906e-01 
-2.355552e-04 -3.991795e-01 
-3.587500e-02 -3.201926e-01 
-1.915574e-02 -2.321590e-01 
-9.326166e-03 -1.425580e-01 
-3.404004e-03 -5.535481e-02 
-1.200177e-03 8.011403e-03 
-2.050784e-03 4.690581e-02 
-4.337863e-03 5.899093e-02 
-4.944938e-03 3.286158e-02 
2.740018e-03 -3.048150e-02 
3.726041e-03 -5.840156e-02 
3.081249e-03 -5.666070e-02 
1.181177e-03 -2.097706e-02 
-7.110741e-04 3.286970e-02 
-5.268938e-04 3.516127e-02 
5.743659e-04 -4.168233e-03 
1.717537e-03 -9.442539e-02 
-4.590397e-01 6.657851e-01 
6.314083e-03 5.663595e-01 
2.346238e-02 3.177126e-01 
-3.843611e-03 1.871672e-02 
-1.028859e-02 -1.323423e-01 
-9.131282e-03 -1.909510e-01 
-1.979286e-03 -1.619746e-01 
3.573208e-03 -5.407624e-02 
2.195684e-03 2.330168e-02 
-2.964400e-04 7.137574e-02 
-3.251259e-03 8.253264e-02 
-2.465324e-03 4.476511e-02 
-5.274412e-04 1.389630e-02 
7.343158e-04 -1.182602e-02 
1.393330e-03 -3.335909e-02 
1.102479e-03 -4.059007e-02 
3.819720e-04 -2.411989e-02 
-4.836836e-04 8.975673e-03 
-1.105517e-03 5.882428e-02 
-1.850481e-02 4.171097e-01 
2.225049e-02 2.896053e-01 
9.685179e-03 8.479680e-02 
-1.721788e-02 -1.348376e-01 
-1.472238e-02 -2.184674e-01 
-9.567688e-03 -2.207776e-01 
-1.453853e-03 -1.465177e-01 
2.374613e-03 -2.226233e-02 
2.221126e-04 5.645344e-02 
-2.927375e-03 9.607249e-02 
-5.090666e-03 8.498334e-02 
-5.847393e-04 2.108426e-02 
1.405023e-03 -1.850184e-02 
2.294353e-03 -4.164398e-02 
2.161347e-03 -4.715597e-02 
1.056801e-03 -3.243771e-02 
3.173633e-04 -1.500044e-02 
-2.397877e-04 4.940788e-03 
-5.008143e-04 2.450173e-02 
9.814966e-03 -5.529675e-02 
5.660128e-03 -1.134961e-01 
-7.204345e-03 -1.790674e-01 
-2.141123e-02 -2.154364e-01 
-1.195626e-02 -1.861409e-01 
-5.707403e-03 -1.290290e-01 
-8.222694e-04 -5.795707e-02 
5.630666e-04 2.478575e-03 
-7.065370e-04 4.004057e-02 
-2.486549e-03 5.437931e-02 
-2.860408e-03 3.505340e-02 
1.282280e-03 -1.531592e-02 
2.138494e-03 -3.762657e-02 
1.865805e-03 -3.855949e-02 
5.888625e-04 -1.525422e-02 
-5.852995e-04 1.920335e-02 
-4.996469e-04 2.370222e-02 
9.156601e-05 5.298504e-03 
7.419946e-04 -4.090970e-02 
-3.860629e-01 -4.946891e-01 
-2.337730e-02 -5.391481e-01 
-2.898103e-02 -4.738627e-01 
-2.605525e-02 -3.130804e-01 
-8.535210e-03 -1.580111e-01 
-9.014617e-04 -3.005530e-02 
5.686947e-04 4.771970e-02 
-1.206954e-03 4.559871e-02 
-2.001033e-03 3.680063e-02 
-2.360323e-03 1.701965e-02 
-5.708638e-04 -2.028187e-02 
3.789886e-03 -6.293235e-02 
3.310849e-03 -6.558427e-02 
1.462773e-03 -3.698262e-02 
-1.322570e-03 2.491402e-02 
-2.677996e-03 8.687400e-02 
-1.502209e-03 7.346584e-02 
5.906691e-04 3.268759e-03 
2.418831e-03 -1.298864e-01 
-1.015385e+00 -6.071698e-01 
-1.413070e-01 -8.116216e-01 
-5.184933e-02 -6.949464e-01 
-3.016129e-02 -4.315281e-01 
-9.266349e-03 -2.119877e-01 
-8.298681e-04 -4.152837e-02 
9.684335e-04 7.130447e-02 
-1.726573e-03 8.820647e-02 
-3.568031e-03 8.049101e-02 
-4.697590e-03 5.077815e-02 
-2.944692e-03 -9.167824e-03 
5.067607e-03 -8.406570e-02 
5.399088e-03 -1.030782e-01 
3.457293e-03 -7.576002e-02 
-3.011207e-04 3.781571e-03 
-3.222477e-03 1.025401e-01 
-2.120187e-03 9.538681e-02 
7.301408e-04 4.579978e-03 
3.852273e-03 -1.815041e-01 
-3.876316e-01 6.709197e-01 
2.499621e-02 4.015180e-01 
9.984845e-03 1.589829e-01 
-4.847592e-04 6.051031e-03 
-1.882401e-03 -5.591062e-02 
-9.636801e-04 -7.419127e-02 
1.781665e-03 -5.580363e-02 
2.272259e-03 -1.156613e-02 
8.957754e-04 1.997804e-02 
-3.114802e-04 4.073975e-02 
-1.621743e-03 4.630760e-02 
-1.593303e-03 2.856749e-02 
-5.533109e-04 1.117080e-02 
1.823475e-04 -3.968494e-03 
5.536258e-04 -1.558122e-02 
4.204779e-04 -1.670699e-02 
4.477175e-05 -6.420983e-03 
-3.762531e-04 9.268436e-03 
-6.798381e-04 3.031312e-02 
