poroelastic
2.948505e-02 6.150515e-02 
3.901855e-02 6.027011e-02 
2.829025e-02 -3.041073e-02 
-3.337001e-02 -1.754148e-01 
-2.652264e-02 -2.168246e-01 
-1.834788e-02 -1.988148e-01 
-9.044832e-03 -1.362464e-01 
-9.546426e-04 -4.716975e-02 
-8.338442e-04 2.130152e-02 
-4.409718e-03 6.209286e-02 
-6.935364e-03 5.902503e-02 
9.502635e-04 4.529821e-03 
2.736416e-03 -2.405663e-02 
3.190652e-03 -3.584420e-02 
2.633107e-03 -3.165781e-02 
1.117485e-03 -1.578040e-02 
5.806111e-04 -1.000249e-02 
5.029754e-04 -1.124349e-02 
5.151487e-04 -2.195814e-02 
-2.315447e-01 -3.211798e-01 
2.632058e-02 -2.733313e-01 
4.962563e-03 -2.401065e-01 
-3.420071e-02 -2.270435e-01 
-1.903843e-02 -1.729419e-01 
-9.397188e-03 -1.045821e-01 
-3.923011e-03 -4.349843e-02 
-1.371358e-03 -1.038655e-02 
-1.513169e-03 1.941290e-02 
-3.470612e-03 3.432279e-02 
-3.812961e-03 2.050488e-02 
2.836106e-03 -2.552718e-02 
3.362216e-03 -4.103619e-02 
2.354165e-03 -3.390043e-02 
2.807433e-04 -2.663637e-03 
-1.202073e-03 3.566860e-02 
-6.697667e-04 3.198839e-02 
6.148779e-04 -2.864995e-03 
1.706237e-03 -7.474177e-02 
-8.014123e-01 -4.665614e-01 
-3.040888e-02 -5.035154e-01 
-1.818322e-03 -4.249150e-01 
-5.277273e-02 -3.623412e-01 
-2.947804e-02 -2.795547e-01 
-1.522374e-02 -1.863154e-01 
-5.734425e-03 -8.720393e-02 
-1.347377e-03 -5.421960e-03 
-2.539033e-03 4.930411e-02 
-6.244202e-03 7.269002e-02 
-7.955572e-03 5.031371e-02 
3.031594e-03 -2.150239e-02 
5.020153e-03 -5.613052e-02 
4.539957e-03 -5.916574e-02 
2.180964e-03 -2.656825e-02 
-6.175046e-04 2.752732e-02 
-5.064908e-04 3.014991e-02 
9.928986e-04 -9.200349e-03 
2.634014e-03 -1.000473e-01 
-3.628282e-01 6.822082e-01 
2.715170e-02 5.518253e-01 
3.140044e-02 2.781337e-01 
-1.373409e-02 -4.162229e-02 
-1.951354e-02 -1.963890e-01 
-1.556664e-02 -2.466343e-01 
-3.516673e-03 -1.979321e-01 
5.330792e-03 -6.312256e-02 
2.938612e-03 3.420149e-02 
-1.487557e-03 9.365070e-02 
-6.267988e-03 1.035594e-01 
-3.491209e-03 4.962539e-02 
-2.201532e-04 9.275379e-03 
1.722562e-03 -2.062993e-02 
2.527399e-03 -4.021804e-02 
1.713509e-03 -4.051749e-02 
6.201454e-04 -2.333012e-02 
-4.899044e-04 5.720125e-03 
-1.236082e-03 4.554964e-02 
5.380186e-02 4.038770e-01 
3.341799e-02 2.544398e-01 
1.061871e-02 2.421599e-02 
-3.317444e-02 -2.102897e-01 
-2.575222e-02 -2.878187e-01 
-1.589986e-02 -2.724514e-01 
-2.561066e-03 -1.736419e-01 
3.510202e-03 -2.593787e-02 
5.444911e-05 6.833339e-02 
-5.072099e-03 1.153338e-01 
-8.431551e-03 1.003161e-01 
-6.897473e-04 2.116579e-02 
2.499486e-03 -2.550147e-02 
3.765592e-03 -4.972232e-02 
3.343301e-03 -5.028195e-02 
1.449818e-03 -2.811560e-02 
4.563133e-04 -1.184606e-02 
-6.850305e-05 8.283183e-04 
-1.724636e-04 5.867623e-03 
1.812967e-02 -7.542997e-02 
1.073700e-02 -1.535972e-01 
-1.238346e-02 -2.412404e-01 
-3.865681e-02 -2.910361e-01 
-2.186935e-02 -2.548137e-01 
-1.062549e-02 -1.802457e-01 
-1.602372e-03 -8.520951e-02 
1.208854e-03 -2.088170e-03 
-1.051368e-03 5.169238e-02 
-4.373269e-03 7.486044e-02 
-5.471776e-03 5.271356e-02 
1.676743e-03 -1.308730e-02 
3.469976e-03 -4.384545e-02 
3.281169e-03 -4.773203e-02 
1.275963e-03 -2.063847e-02 
-8.740427e-04 2.236639e-02 
-7.575332e-04 2.684995e-02 
3.156557e-04 2.548340e-03 
1.543989e-03 -5.636027e-02 
-4.443248e-01 -5.068491e-01 
-2.879372e-02 -5.877265e-01 
-4.285870e-02 -5.470670e-01 
-4.524190e-02 -3.957833e-01 
-1.701580e-02 -2.271632e-01 
-3.620394e-03 -7.554996e-02 
7.230758e-04 3.002960e-02 
-1.218302e-03 4.800312e-02 
-2.954346e-03 5.125700e-02 
-4.263840e-03 3.648417e-02 
-2.291293e-03 -5.752992e-03 
5.282159e-03 -6.347817e-02 
5.216569e-03 -7.316992e-02 
2.745941e-03 -4.539500e-02 
-1.523096e-03 2.210294e-02 
-4.091873e-03 9.323547e-02 
-2.355673e-03 7.822823e-02 
1.061070e-03 -6.967893e-04 
4.356882e-03 -1.504011e-01 
-1.105927e+00 -6.062735e-01 
-1.761607e-01 -8.766443e-01 
-7.506096e-02 -7.806096e-01 
-4.937236e-02 -5.114259e-01 
-1.635666e-02 -2.698041e-01 
-2.111212e-03 -7.254941e-02 
1.975185e-03 6.780917e-02 
-1.877609e-03 1.005109e-01 
-5.170686e-03 9.938033e-02 
-7.336882e-03 6.984057e-02 
-5.257555e-03 1.862283e-03 
7.121740e-03 -8.908848e-02 
8.238213e-03 -1.149068e-01 
5.559277e-03 -8.668889e-02 
-2.650582e-04 1.868434e-03 
-5.311528e-03 1.159587e-01 
-3.618220e-03 1.082127e-01 
1.162781e-03 4.032060e-03 
6.762563e-03 -2.090969e-01 
-2.967190e-01 7.007006e-01 
3.270933e-02 3.771080e-01 
4.985744e-03 1.012694e-01 
-7.449169e-03 -6.350932e-02 
-6.398845e-03 -1.179931e-01 
-2.993782e-03 -1.190040e-01 
2.787665e-03 -7.436704e-02 
3.619312e-03 -5.058710e-03 
8.244001e-04 4.042264e-02 
-1.724455e-03 6.639128e-02 
-3.819770e-03 6.518557e-02 
-1.966415e-03 2.845528e-02 
1.333626e-04 -9.964623e-05 
1.271314e-03 -1.849852e-02 
1.282240e-03 -2.231802e-02 
2.788996e-04 -7.711283e-03 
-2.595514e-04 4.199815e-03 
-3.911404e-04 9.204761e-03 
-1.297270e-04 3.798487e-03 
