poroelastic
6.783873e-03 1.344491e-01 
1.790302e-02 1.861558e-01 
2.299021e-02 1.107241e-01 
-1.044962e-02 -7.420033e-02 
-1.200327e-02 -1.609528e-01 
-1.062627e-02 -1.852214e-01 
-6.853663e-03 -1.483110e-01 
-1.717259e-03 -6.207662e-02 
-2.968402e-04 1.653628e-03 
-7.382577e-04 4.245770e-02 
-1.577647e-03 5.011687e-02 
1.219759e-04 1.709185e-02 
4.144317e-04 -4.990605e-03 
5.834610e-04 -1.952390e-02 
6.005862e-04 -2.585764e-02 
2.622541e-04 -2.335017e-02 
1.531714e-04 -2.222576e-02 
1.067752e-04 -2.284312e-02 
4.637597e-05 -2.831178e-02 
-2.358999e-01 -4.635586e-01 
1.427300e-02 -3.240181e-01 
4.345239e-03 -2.036548e-01 
-1.176832e-02 -1.403159e-01 
-5.614513e-03 -7.550567e-02 
-2.661504e-03 -2.411207e-02 
-2.578227e-03 -4.541553e-03 
-1.994003e-03 -2.404190e-02 
-1.081110e-03 -2.781862e-02 
-7.554103e-04 -2.481151e-02 
-3.312759e-04 -2.046376e-02 
4.796737e-04 -2.038227e-02 
2.560242e-04 -1.274537e-02 
7.431188e-05 1.247008e-03 
8.514778e-06 2.185667e-02 
-1.364201e-05 3.538153e-02 
7.802522e-05 1.911723e-02 
1.620396e-04 -2.011943e-02 
2.813391e-05 -8.614749e-02 
-9.872156e-01 -8.135582e-01 
-3.734064e-02 -7.553387e-01 
-2.309936e-03 -5.191241e-01 
-2.151364e-02 -3.055638e-01 
-9.223386e-03 -1.506561e-01 
-3.538945e-03 -4.403168e-02 
-2.580914e-03 8.655181e-03 
-2.353593e-03 -1.243992e-03 
-1.638787e-03 -6.722098e-03 
-1.682673e-03 -1.234855e-02 
-1.304615e-03 -2.391964e-02 
9.973133e-04 -4.121033e-02 
7.496464e-04 -3.860606e-02 
4.155012e-04 -1.964892e-02 
1.424505e-04 1.720366e-02 
-7.077947e-05 5.151279e-02 
5.925479e-05 3.141186e-02 
2.785547e-04 -3.095456e-02 
2.785779e-04 -1.422508e-01 
-7.860979e-01 1.008941e+00 
-9.316695e-03 9.225052e-01 
2.477668e-02 5.720420e-01 
1.505024e-03 1.263663e-01 
-7.594458e-03 -1.319283e-01 
-9.245654e-03 -2.596473e-01 
-4.909560e-03 -2.454407e-01 
4.950635e-04 -8.881818e-02 
1.075873e-03 2.021807e-02 
3.367719e-04 8.705316e-02 
-1.102786e-03 1.044135e-01 
-7.169740e-04 6.019462e-02 
-4.953890e-05 2.204873e-02 
3.554141e-04 -1.135769e-02 
5.263350e-04 -4.067009e-02 
2.926263e-04 -5.332921e-02 
1.539944e-04 -3.981100e-02 
1.533928e-06 -7.509748e-03 
-1.359737e-04 4.284928e-02 
-9.309462e-02 5.848658e-01 
1.702010e-02 4.328938e-01 
8.041314e-03 1.880972e-01 
-7.293650e-03 -7.398603e-02 
-8.478315e-03 -1.977918e-01 
-7.112516e-03 -2.322545e-01 
-3.160133e-03 -1.711379e-01 
1.407831e-04 -3.502540e-02 
2.411895e-04 4.868540e-02 
-6.423727e-04 8.995947e-02 
-1.510171e-03 7.863231e-02 
1.176631e-04 1.512404e-02 
5.165087e-04 -2.280295e-02 
6.285226e-04 -4.208726e-02 
4.827147e-04 -3.942268e-02 
1.415545e-04 -1.757899e-02 
6.082808e-05 -8.222578e-03 
5.658161e-05 -8.858902e-03 
1.030097e-04 -2.579297e-02 
3.154310e-03 -1.988251e-02 
2.248235e-03 -4.663962e-02 
-2.411260e-03 -8.989688e-02 
-8.943393e-03 -1.269209e-01 
-5.800965e-03 -1.216699e-01 
-3.963548e-03 -1.004425e-01 
-2.418244e-03 -6.844571e-02 
-7.737355e-04 -3.419802e-02 
-3.048347e-04 -8.498162e-03 
-4.149893e-04 9.252980e-03 
-5.404679e-04 1.457618e-02 
1.419022e-04 2.835647e-03 
1.761411e-04 -2.383472e-03 
1.952496e-04 -2.781533e-03 
2.064188e-04 1.731679e-03 
8.299858e-05 5.317301e-03 
8.953861e-05 -3.787976e-03 
1.303019e-04 -2.360617e-02 
1.085001e-04 -5.736987e-02 
-3.714254e-01 -5.965360e-01 
-2.387781e-02 -5.536146e-01 
-1.648517e-02 -4.002817e-01 
-9.954071e-03 -1.903973e-01 
-1.943055e-03 -3.547265e-02 
1.804301e-04 5.670417e-02 
-1.323540e-03 6.379892e-02 
-1.467916e-03 -1.588262e-02 
-7.139037e-04 -5.849836e-02 
-8.530787e-05 -7.341364e-02 
4.911552e-04 -5.883288e-02 
2.841986e-04 -2.080548e-02 
-9.376674e-05 8.416169e-03 
-2.355873e-04 3.116294e-02 
-1.196418e-04 4.467789e-02 
-3.021377e-06 3.755859e-02 
1.095774e-04 1.022468e-02 
1.943872e-04 -3.338614e-02 
9.085980e-05 -9.387106e-02 
-1.218157e+00 -9.115874e-01 
-1.495449e-01 -1.070161e+00 
-3.982376e-02 -8.050332e-01 
-1.417447e-02 -3.819271e-01 
-2.245489e-03 -8.922670e-02 
1.354636e-03 8.999026e-02 
2.685179e-04 1.439220e-01 
-1.205642e-03 5.544492e-02 
-1.086207e-03 -8.767675e-03 
-7.936489e-04 -5.115966e-02 
-5.974264e-05 -7.259920e-02 
9.180902e-04 -6.619386e-02 
5.227847e-04 -4.332457e-02 
1.201474e-04 -8.026538e-03 
-1.875056e-04 4.073428e-02 
-2.941320e-04 7.819825e-02 
-6.530589e-05 4.952230e-02 
2.765380e-04 -2.976578e-02 
4.866092e-04 -1.654362e-01 
-6.890127e-01 1.026520e+00 
3.147030e-02 7.296895e-01 
1.522612e-02 3.844533e-01 
9.599387e-04 1.130528e-01 
-1.377412e-03 -3.991353e-02 
-1.557518e-03 -1.208891e-01 
-1.492284e-04 -1.238883e-01 
5.195326e-04 -4.957048e-02 
2.419100e-04 3.769665e-03 
-1.327503e-04 4.134143e-02 
-6.016262e-04 6.147859e-02 
-5.762858e-04 5.391618e-02 
-2.687632e-04 3.660518e-02 
4.406158e-05 1.121870e-02 
2.970542e-04 -2.436770e-02 
2.928479e-04 -5.435011e-02 
2.117980e-04 -4.698743e-02 
3.615425e-05 -1.255191e-02 
-2.055820e-04 5.069906e-02 
