poroelastic
1.376635e-02 2.777921e-02 
1.727331e-02 1.370339e-02 
1.225229e-02 -3.875623e-02 
-1.250924e-02 -9.628240e-02 
-9.597413e-03 -1.087012e-01 
-6.566411e-03 -9.597807e-02 
-3.228899e-03 -5.975395e-02 
-5.805700e-04 -1.488275e-02 
-4.341813e-04 8.578671e-03 
-1.273958e-03 2.015367e-02 
-1.928443e-03 2.027753e-02 
-2.169092e-04 1.150436e-02 
1.186683e-04 5.571021e-03 
5.933189e-04 -2.832919e-03 
1.192627e-03 -1.515586e-02 
1.078583e-03 -2.604635e-02 
7.334794e-04 -2.612748e-02 
3.236449e-04 -1.608021e-02 
-9.272885e-05 5.516058e-03 
-1.312652e-01 -1.028824e-01 
2.067024e-02 -1.197972e-01 
7.680679e-03 -1.554515e-01 
-1.802828e-02 -1.681120e-01 
-1.109440e-02 -1.459092e-01 
-5.647631e-03 -1.010667e-01 
-8.880206e-04 -3.674607e-02 
4.178223e-04 2.235086e-02 
-1.000443e-03 4.674103e-02 
-2.664331e-03 4.562684e-02 
-2.553100e-03 1.771536e-02 
1.817419e-03 -2.257063e-02 
2.129450e-03 -3.639382e-02 
1.602298e-03 -3.249778e-02 
4.557499e-04 -9.897915e-03 
-4.216719e-04 1.851463e-02 
-2.806776e-04 1.911183e-02 
2.229350e-04 -8.381441e-05 
6.778876e-04 -4.389808e-02 
-3.013746e-01 -4.159603e-02 
-2.661327e-05 -6.345442e-02 
1.329122e-02 -1.217348e-01 
-2.173489e-02 -1.928840e-01 
-1.582110e-02 -2.094891e-01 
-1.006732e-02 -1.829281e-01 
-3.253770e-03 -1.067138e-01 
7.582483e-04 -5.251300e-04 
-6.782045e-04 5.792213e-02 
-3.462929e-03 7.973959e-02 
-5.192060e-03 5.985034e-02 
6.263820e-04 3.314697e-03 
2.171078e-03 -2.995277e-02 
2.605500e-03 -4.568251e-02 
2.072623e-03 -4.015960e-02 
7.238120e-04 -1.511733e-02 
2.530551e-04 -4.477292e-03 
2.440577e-04 -5.513492e-03 
4.376441e-04 -2.462069e-02 
-1.951195e-02 1.481965e-01 
9.583834e-03 1.023833e-01 
5.069905e-03 2.877681e-02 
-5.618463e-03 -5.437328e-02 
-5.156499e-03 -8.165718e-02 
-3.500457e-03 -8.020445e-02 
-8.342946e-04 -5.867067e-02 
1.194539e-03 -2.579184e-02 
1.100293e-03 -3.484002e-03 
5.930617e-04 1.496606e-02 
-7.327945e-04 3.072989e-02 
-2.018889e-03 3.736810e-02 
-1.435857e-03 3.211770e-02 
-4.243458e-04 1.508977e-02 
9.448603e-04 -1.576755e-02 
1.495532e-03 -4.719705e-02 
9.182854e-04 -4.189235e-02 
-8.882563e-05 -7.564762e-03 
-1.070586e-03 5.844464e-02 
3.510093e-02 1.516212e-01 
1.144424e-02 1.193700e-01 
4.959997e-03 2.662429e-02 
-1.069735e-02 -9.751070e-02 
-8.997145e-03 -1.497185e-01 
-6.170997e-03 -1.542849e-01 
-1.419887e-03 -1.089302e-01 
1.519852e-03 -2.830969e-02 
6.527950e-04 2.236929e-02 
-9.992974e-04 5.240305e-02 
-2.879368e-03 5.978975e-02 
-1.892865e-03 4.205846e-02 
-6.948486e-04 2.178294e-02 
5.912738e-04 -4.157807e-03 
1.981555e-03 -3.797497e-02 
2.166206e-03 -6.369363e-02 
1.258387e-03 -5.177458e-02 
-5.575953e-05 -9.742831e-03 
-1.284632e-03 6.438848e-02 
8.709837e-03 -2.126833e-02 
6.592908e-03 -6.571046e-02 
-2.939440e-03 -1.309507e-01 
-1.589353e-02 -1.800877e-01 
-9.796351e-03 -1.767773e-01 
-5.105871e-03 -1.389053e-01 
-2.744677e-04 -6.777224e-02 
1.090791e-03 1.258635e-02 
-6.203088e-04 5.498537e-02 
-2.583828e-03 6.712175e-02 
-3.114454e-03 4.332984e-02 
6.960322e-04 -5.331110e-03 
1.681840e-03 -2.937606e-02 
1.805241e-03 -3.692927e-02 
1.109753e-03 -2.569895e-02 
1.294852e-04 -2.650272e-03 
-7.425287e-05 4.552309e-03 
2.162239e-05 2.013389e-03 
2.285494e-04 -1.300728e-02 
-2.287548e-01 -1.470324e-01 
-2.708932e-03 -2.262993e-01 
-1.194600e-02 -2.744152e-01 
-2.161209e-02 -2.625151e-01 
-1.108639e-02 -2.183269e-01 
-4.430932e-03 -1.462116e-01 
1.039146e-03 -4.245228e-02 
1.001697e-03 5.908524e-02 
-2.061874e-03 1.023956e-01 
-4.634654e-03 9.640057e-02 
-3.801394e-03 3.364513e-02 
3.629840e-03 -5.843757e-02 
4.536268e-03 -9.010159e-02 
3.224221e-03 -7.526108e-02 
2.225607e-05 -8.371486e-03 
-2.342949e-03 7.540989e-02 
-1.595770e-03 7.586055e-02 
2.887989e-04 1.402467e-02 
2.133548e-03 -1.201078e-01 
-3.562469e-01 -1.622925e-02 
-4.441028e-02 -1.183848e-01 
-1.585433e-02 -2.033968e-01 
-1.895713e-02 -2.582019e-01 
-1.073967e-02 -2.565429e-01 
-5.313754e-03 -2.044102e-01 
2.950460e-04 -9.049841e-02 
1.590077e-03 5.679684e-02 
-2.084119e-03 1.307837e-01 
-5.783504e-03 1.408017e-01 
-6.371807e-03 7.549682e-02 
3.037886e-03 -4.803588e-02 
5.343773e-03 -1.054117e-01 
4.771594e-03 -1.076458e-01 
1.593138e-03 -4.556581e-02 
-1.911514e-03 5.795177e-02 
-1.764479e-03 7.457943e-02 
-2.876189e-05 2.213300e-02 
2.240590e-03 -1.122804e-01 
7.419556e-02 1.985845e-02 
-2.251297e-03 -5.944688e-02 
-6.631010e-03 -8.960881e-02 
-2.749906e-03 -7.255009e-02 
-8.388467e-04 -4.158457e-02 
1.810709e-04 -1.212697e-02 
7.983065e-04 6.581937e-03 
5.627577e-04 6.642471e-03 
2.449108e-04 5.860126e-03 
1.074041e-04 7.086888e-03 
-1.367946e-04 8.397971e-03 
-3.479880e-04 5.989090e-03 
-1.978395e-04 3.570756e-03 
-1.108908e-04 1.925114e-03 
-1.320712e-04 2.605521e-03 
-1.821755e-04 5.516978e-03 
-1.135116e-04 4.706915e-03 
1.332013e-05 5.441540e-04 
1.336046e-04 -6.410515e-03 
