poroelastic
3.434739e-02 5.992295e-02 
4.477938e-02 6.704061e-02 
3.367874e-02 -2.345462e-02 
-3.689274e-02 -1.915193e-01 
-3.113544e-02 -2.495337e-01 
-2.314119e-02 -2.386202e-01 
-1.345718e-02 -1.749383e-01 
-2.881614e-03 -7.065856e-02 
-1.242163e-03 1.988346e-02 
-4.763144e-03 7.779806e-02 
-7.704044e-03 7.705367e-02 
1.360993e-03 2.431259e-03 
3.197869e-03 -3.769906e-02 
3.483184e-03 -5.118000e-02 
2.562008e-03 -3.629947e-02 
7.812067e-04 -4.618584e-03 
4.729656e-04 -1.539216e-03 
8.308423e-04 -2.044864e-02 
1.124378e-03 -6.777743e-02 
-2.705138e-01 -4.372885e-01 
1.874455e-02 -3.566007e-01 
1.299490e-03 -2.601044e-01 
-3.092298e-02 -2.053720e-01 
-1.611177e-02 -1.340012e-01 
-8.282314e-03 -6.773728e-02 
-6.246877e-03 -3.401545e-02 
-3.632585e-03 -3.998541e-02 
-1.520008e-03 -1.832937e-02 
-2.013788e-03 5.372374e-03 
-2.449406e-03 1.084646e-02 
1.821450e-03 -2.039764e-02 
1.958590e-03 -2.980493e-02 
1.219267e-03 -2.042748e-02 
-4.397217e-05 1.037800e-02 
-8.928545e-04 4.485407e-02 
-2.825148e-04 3.272747e-02 
8.719094e-04 -1.472531e-02 
1.605638e-03 -1.024693e-01 
-1.046692e+00 -7.156593e-01 
-6.185129e-02 -7.767176e-01 
-1.734412e-02 -5.914819e-01 
-5.502034e-02 -4.032165e-01 
-2.679880e-02 -2.504747e-01 
-1.245069e-02 -1.281271e-01 
-6.727245e-03 -4.372886e-02 
-3.903735e-03 -1.225187e-02 
-2.981480e-03 2.011139e-02 
-4.795447e-03 3.803895e-02 
-5.519089e-03 2.325396e-02 
3.159748e-03 -3.483748e-02 
3.863483e-03 -5.679032e-02 
2.873928e-03 -4.680219e-02 
8.308876e-04 -1.280184e-03 
-1.062844e-03 5.744728e-02 
-3.819370e-04 4.417746e-02 
1.464548e-03 -2.584676e-02 
3.022451e-03 -1.610683e-01 
-5.219348e-01 9.643720e-01 
3.991328e-02 7.862047e-01 
4.402624e-02 4.116784e-01 
-1.543695e-02 -2.168258e-02 
-2.591268e-02 -2.517008e-01 
-2.265978e-02 -3.402105e-01 
-7.777488e-03 -2.812363e-01 
4.483804e-03 -8.461370e-02 
2.594765e-03 5.741045e-02 
-2.556291e-03 1.405885e-01 
-7.872374e-03 1.448886e-01 
-2.345375e-03 5.277348e-02 
1.206890e-03 -8.871304e-03 
2.780144e-03 -4.518764e-02 
2.743902e-03 -5.395458e-02 
1.168635e-03 -3.143057e-02 
3.714305e-04 -1.344184e-02 
-4.807197e-06 -4.891366e-04 
-6.791666e-05 3.485189e-03 
7.687029e-02 4.930421e-01 
3.747733e-02 2.793331e-01 
7.860459e-03 2.400624e-04 
-3.787901e-02 -2.507071e-01 
-2.960184e-02 -3.299535e-01 
-1.894969e-02 -3.069284e-01 
-5.032220e-03 -1.927265e-01 
2.088532e-03 -2.545216e-02 
-4.611474e-04 8.401911e-02 
-5.388655e-03 1.373946e-01 
-8.324486e-03 1.114567e-01 
9.388480e-04 3.536938e-03 
3.684161e-03 -5.459076e-02 
4.141680e-03 -7.426572e-02 
2.547139e-03 -4.904163e-02 
8.339987e-05 6.642973e-03 
-2.378308e-04 1.795173e-02 
4.244691e-04 -3.801469e-03 
1.432149e-03 -6.785361e-02 
1.556170e-02 -1.175469e-01 
6.387146e-03 -2.068916e-01 
-1.691055e-02 -2.827261e-01 
-4.106306e-02 -3.094373e-01 
-2.325839e-02 -2.585505e-01 
-1.220931e-02 -1.789113e-01 
-4.314974e-03 -9.117177e-02 
-3.844799e-04 -2.344245e-02 
-8.638572e-04 2.905976e-02 
-3.197209e-03 5.954955e-02 
-4.436706e-03 5.017326e-02 
1.116237e-03 -6.667191e-03 
2.308145e-03 -3.427683e-02 
2.181658e-03 -3.719234e-02 
9.299588e-04 -1.036200e-02 
-4.747866e-04 2.921891e-02 
-1.917290e-04 2.448516e-02 
8.725454e-04 -1.485863e-02 
1.834912e-03 -9.634348e-02 
-5.217819e-01 -6.812204e-01 
-4.854803e-02 -7.412364e-01 
-5.162300e-02 -6.256859e-01 
-4.309028e-02 -3.886543e-01 
-1.319834e-02 -1.648986e-01 
-1.511114e-03 3.892776e-03 
-1.971324e-03 7.268675e-02 
-3.449360e-03 9.241505e-03 
-1.911628e-03 -2.215868e-02 
-9.802668e-04 -3.454510e-02 
3.773625e-04 -3.673094e-02 
2.351350e-03 -3.613911e-02 
1.277056e-03 -2.186094e-02 
-5.291244e-05 3.816760e-03 
-1.268826e-03 4.101026e-02 
-1.533904e-03 6.631978e-02 
-3.322655e-04 3.789969e-02 
1.478605e-03 -3.014669e-02 
2.781391e-03 -1.406048e-01 
-1.473412e+00 -9.658444e-01 
-2.541880e-01 -1.316103e+00 
-1.040187e-01 -1.078035e+00 
-5.176227e-02 -5.848798e-01 
-1.086589e-02 -2.011081e-01 
3.615491e-03 6.280566e-02 
2.168238e-03 1.820370e-01 
-3.927451e-03 1.037790e-01 
-4.266443e-03 3.827302e-02 
-3.604940e-03 -1.398535e-02 
-7.814164e-04 -5.998376e-02 
5.426512e-03 -9.040622e-02 
4.340229e-03 -8.001177e-02 
1.824519e-03 -3.717818e-02 
-1.549365e-03 4.094481e-02 
-3.566746e-03 1.195246e-01 
-1.777748e-03 8.973277e-02 
1.720263e-03 -2.329421e-02 
5.235007e-03 -2.282808e-01 
-5.119361e-01 1.132617e+00 
5.966609e-02 6.660301e-01 
1.417689e-02 2.386431e-01 
-9.893842e-03 -4.491098e-02 
-1.096244e-02 -1.685908e-01 
-6.983619e-03 -2.012947e-01 
1.385622e-03 -1.427156e-01 
3.436927e-03 -1.939632e-02 
3.886232e-04 6.079466e-02 
-2.860859e-03 1.047108e-01 
-5.349072e-03 1.021320e-01 
-2.064313e-03 4.450404e-02 
3.478574e-04 1.261910e-03 
1.730236e-03 -2.814976e-02 
2.083352e-03 -3.985592e-02 
1.155117e-03 -2.795818e-02 
4.833629e-04 -1.449414e-02 
1.000222e-04 -3.549256e-03 
-1.138739e-05 4.648969e-04 
