poroelastic
1.705845e-02 -1.173376e-01 
7.284726e-03 -1.593334e-01 
-5.134284e-03 -1.461577e-01 
-1.494237e-02 -1.190378e-01 
-9.066608e-03 -9.082420e-02 
-3.685592e-03 -5.282632e-02 
1.250317e-03 -1.748254e-02 
2.824632e-03 1.472769e-02 
2.100206e-03 5.532140e-02 
9.492288e-06 7.660974e-02 
-2.217151e-03 5.067344e-02 
9.662734e-04 -2.978227e-02 
1.566685e-03 -6.454752e-02 
1.137857e-03 -6.055240e-02 
-1.247449e-04 -1.120046e-02 
-8.537895e-04 5.793503e-02 
-5.039815e-04 6.335306e-02 
6.406822e-05 2.177117e-02 
3.165459e-04 -7.296556e-02 
-3.927388e-02 -2.045411e-01 
-1.443681e-02 -1.658793e-01 
-1.327134e-02 -5.508629e-02 
6.934457e-03 2.867090e-02 
9.128738e-03 7.003758e-02 
7.977894e-03 7.842364e-02 
3.495864e-03 4.042636e-02 
-2.166427e-04 -2.387285e-02 
3.275244e-04 -3.522555e-02 
1.601705e-03 -2.161045e-02 
1.776428e-03 1.454791e-03 
-4.725134e-04 8.114915e-03 
-4.832738e-04 1.085056e-02 
-4.982072e-04 1.333784e-02 
-5.275381e-04 1.572388e-02 
-3.375062e-04 1.703376e-02 
-1.807552e-04 1.451123e-02 
-8.892642e-05 9.949059e-03 
-2.820888e-05 7.558372e-03 
-4.003059e-01 -4.339091e-01 
-4.928696e-02 -5.111304e-01 
-3.461311e-02 -3.458913e-01 
-9.004492e-03 -1.171957e-01 
5.497818e-03 2.047438e-02 
1.043920e-02 9.457626e-02 
8.340735e-03 9.837187e-02 
2.138078e-03 3.627440e-02 
4.518688e-04 1.246212e-02 
1.400203e-04 3.687208e-03 
2.891814e-04 -6.782357e-03 
7.200004e-04 -3.100418e-02 
6.283396e-04 -3.352614e-02 
1.359343e-04 -1.744075e-02 
-6.703432e-04 1.883838e-02 
-9.671777e-04 6.057585e-02 
-5.510072e-04 5.501355e-02 
-4.191535e-06 1.595028e-02 
3.711542e-04 -5.524568e-02 
-1.238258e-01 3.456041e-01 
1.805067e-02 2.079634e-01 
6.893854e-03 3.900732e-02 
-1.139221e-02 -8.717931e-02 
-1.368147e-02 -1.557817e-01 
-9.845566e-03 -1.618958e-01 
6.692049e-04 -9.195723e-02 
5.903679e-03 4.000080e-02 
3.619908e-03 1.256337e-01 
-4.156013e-05 1.539794e-01 
-3.402196e-03 9.997816e-02 
1.091065e-03 -3.292731e-02 
2.333629e-03 -9.740841e-02 
2.000623e-03 -1.049896e-01 
3.385160e-04 -4.559402e-02 
-1.030991e-03 5.881761e-02 
-9.495272e-04 8.263846e-02 
-3.426835e-04 4.579578e-02 
4.959206e-04 -6.102060e-02 
1.063633e-01 1.267048e-02 
-4.828287e-03 -1.605356e-01 
-2.112793e-02 -2.359907e-01 
-1.805622e-02 -1.861551e-01 
-7.875192e-03 -1.188337e-01 
2.395254e-04 -3.985890e-02 
6.159462e-03 3.642814e-02 
4.331458e-03 8.154386e-02 
1.482627e-03 1.031856e-01 
-1.154464e-03 9.229486e-02 
-2.187763e-03 2.858510e-02 
1.956983e-03 -7.382805e-02 
2.398206e-03 -1.092258e-01 
1.538680e-03 -8.925245e-02 
-4.626579e-04 -2.067605e-03 
-1.734818e-03 1.107849e-01 
-1.337510e-03 1.159576e-01 
-2.259456e-04 4.089266e-02 
1.169771e-03 -1.258627e-01 
-5.519581e-03 -2.177031e-01 
-2.022843e-02 -3.111924e-01 
-2.733101e-02 -2.816900e-01 
-1.406156e-02 -1.589712e-01 
-2.146655e-03 -5.836600e-02 
4.498392e-03 2.156195e-02 
6.347281e-03 6.357903e-02 
2.612151e-03 5.076920e-02 
8.345789e-04 4.586116e-02 
-1.973589e-04 3.668195e-02 
-4.941687e-04 9.684716e-03 
8.432912e-04 -3.395416e-02 
1.010507e-03 -4.901693e-02 
5.770674e-04 -3.893693e-02 
-3.874731e-04 2.805545e-03 
-9.164216e-04 5.664121e-02 
-6.664893e-04 5.960831e-02 
-1.441616e-04 2.512022e-02 
4.047845e-04 -5.090427e-02 
-2.297718e-01 -4.605882e-01 
-4.797271e-02 -5.013112e-01 
-3.838815e-02 -3.612863e-01 
-5.223278e-03 -1.206785e-01 
1.003165e-02 6.216862e-02 
1.419873e-02 1.721782e-01 
7.368380e-03 1.647542e-01 
-4.862372e-04 2.448269e-02 
-7.722007e-04 -5.088445e-02 
7.506788e-04 -7.740121e-02 
2.165603e-03 -5.718757e-02 
-1.575190e-04 -4.160005e-03 
-8.014957e-04 2.546726e-02 
-9.508006e-04 3.826246e-02 
-6.962723e-04 3.368166e-02 
-2.182822e-04 1.371709e-02 
-2.861973e-05 1.509836e-03 
6.055252e-06 -2.350682e-03 
-5.999493e-05 7.800215e-03 
-8.462669e-01 -7.874441e-01 
-1.852120e-01 -1.046117e+00 
-8.117449e-02 -7.804500e-01 
-1.210079e-02 -2.637497e-01 
1.530732e-02 9.076635e-02 
2.227172e-02 2.933427e-01 
1.259713e-02 3.110425e-01 
7.437860e-05 1.087095e-01 
-1.602468e-03 -2.701872e-02 
-3.641408e-04 -1.035023e-01 
2.209329e-03 -1.199362e-01 
1.448677e-03 -6.833966e-02 
2.050378e-04 -1.877547e-02 
-7.699216e-04 2.704243e-02 
-1.460162e-03 6.787688e-02 
-1.389485e-03 8.534970e-02 
-7.336536e-04 5.945584e-02 
9.555966e-05 3.704669e-03 
8.544425e-04 -7.814454e-02 
-3.297496e-01 7.468222e-01 
4.005731e-02 3.649117e-01 
5.746606e-03 6.890313e-02 
-5.900003e-03 -6.582448e-02 
-6.437879e-03 -1.235610e-01 
-2.306401e-03 -1.207821e-01 
4.864673e-03 -4.811234e-02 
3.088433e-03 6.239529e-02 
7.356401e-04 1.200080e-01 
-1.120513e-03 1.294678e-01 
-2.014707e-03 7.895080e-02 
5.174949e-04 -1.854161e-02 
1.496453e-03 -6.864439e-02 
1.511703e-03 -7.942292e-02 
5.787759e-04 -4.259956e-02 
-5.665194e-04 2.810474e-02 
-7.891885e-04 5.113279e-02 
-5.125976e-04 3.818185e-02 
2.268470e-04 -1.772360e-02 
