poroelastic
2.598027e-02 8.102609e-02 
4.000245e-02 7.811457e-02 
3.237977e-02 2.053595e-03 
-2.537396e-02 -6.112018e-02 
-2.061007e-02 -7.302258e-02 
-1.707201e-02 -6.357962e-02 
-1.876937e-02 -2.777223e-02 
-1.712169e-02 -9.485522e-03 
-9.326434e-03 -4.595707e-02 
-3.301979e-03 -7.700876e-02 
3.535819e-03 -7.159035e-02 
1.399595e-03 -2.057736e-03 
-4.249132e-03 4.160197e-02 
-3.688236e-03 4.796510e-02 
2.415719e-03 1.519548e-02 
6.306499e-03 -4.158153e-02 
5.690738e-03 -6.536156e-02 
3.868625e-03 -6.033749e-02 
8.800311e-04 -1.914096e-02 
-9.068737e-02 7.360360e-02 
5.106868e-02 3.483940e-03 
2.277194e-02 -1.243742e-01 
-4.792981e-02 -1.775752e-01 
-3.153269e-02 -1.566688e-01 
-1.828477e-02 -9.663223e-02 
-1.201231e-02 -1.790289e-02 
-1.153900e-02 2.192243e-02 
-9.004617e-03 -1.125477e-03 
-6.043112e-03 -4.156100e-02 
1.775933e-03 -6.807540e-02 
5.451281e-03 -3.172824e-02 
2.525941e-04 4.453732e-03 
-2.357684e-03 3.000463e-02 
-1.004125e-03 3.525534e-02 
2.132501e-03 4.379843e-03 
3.421442e-03 -2.654800e-02 
4.112822e-03 -5.114779e-02 
3.479458e-03 -7.094124e-02 
-5.026882e-02 2.225524e-01 
3.794827e-02 2.076604e-01 
4.691000e-02 6.201489e-02 
-3.850114e-02 -8.990115e-02 
-3.598667e-02 -1.547596e-01 
-2.928833e-02 -1.615177e-01 
-2.152263e-02 -1.160134e-01 
-1.113157e-02 -4.415069e-02 
-5.176818e-03 -2.710163e-02 
-3.538496e-03 -2.658707e-02 
-2.461640e-03 -2.038115e-02 
-1.642079e-03 1.735122e-02 
-3.902717e-03 3.896196e-02 
-2.862806e-03 3.776442e-02 
2.495961e-03 7.274863e-03 
7.467562e-03 -5.124607e-02 
6.466023e-03 -6.887122e-02 
4.147557e-03 -5.657398e-02 
9.972239e-04 -1.761695e-02 
2.363176e-01 8.022151e-03 
4.206792e-02 2.594511e-02 
1.916820e-02 -2.264278e-02 
-3.080308e-02 -8.854263e-02 
-2.386868e-02 -9.997942e-02 
-1.886634e-02 -8.909284e-02 
-1.836567e-02 -7.008627e-02 
-1.119885e-02 -6.387534e-02 
-2.455153e-03 -7.145740e-02 
2.274518e-03 -6.740446e-02 
2.944110e-03 -3.192465e-02 
-5.807471e-03 4.425856e-02 
-9.507112e-03 7.930373e-02 
-7.430469e-03 7.302563e-02 
1.299184e-03 1.772099e-02 
9.811527e-03 -7.458388e-02 
8.729699e-03 -9.824690e-02 
4.525881e-03 -6.645669e-02 
-1.407758e-03 2.342673e-02 
1.027214e-01 9.244174e-02 
4.421205e-02 1.590981e-01 
3.327545e-02 8.523017e-02 
-3.630441e-02 -6.174301e-02 
-3.522510e-02 -1.533581e-01 
-3.142782e-02 -1.944528e-01 
-2.160114e-02 -1.704889e-01 
-5.487306e-03 -8.583516e-02 
-3.680809e-04 -3.654641e-02 
-1.031820e-03 -3.380042e-03 
-4.735131e-03 2.590383e-02 
-7.322724e-03 5.869014e-02 
-7.693714e-03 6.713285e-02 
-4.333392e-03 4.670556e-02 
4.762059e-03 -1.671906e-02 
1.250207e-02 -1.032589e-01 
9.846326e-03 -1.103986e-01 
3.755167e-03 -5.706855e-02 
-3.762219e-03 5.715881e-02 
3.382455e-02 1.687275e-01 
5.203415e-02 1.875892e-01 
3.081407e-02 6.580234e-02 
-4.837782e-02 -1.099637e-01 
-4.323246e-02 -2.129981e-01 
-3.482042e-02 -2.462820e-01 
-1.798063e-02 -1.942160e-01 
-1.492778e-03 -6.269881e-02 
-9.826838e-04 1.613285e-02 
-5.997871e-03 5.711249e-02 
-1.091373e-02 6.166496e-02 
-4.675135e-03 4.039302e-02 
-2.172519e-03 2.393068e-02 
8.262641e-04 2.213791e-03 
5.654913e-03 -3.078899e-02 
8.717752e-03 -6.694374e-02 
6.801336e-03 -7.082304e-02 
3.452243e-03 -4.526484e-02 
-6.514065e-04 9.817551e-03 
2.225088e-02 3.672880e-01 
7.157203e-02 3.518239e-01 
4.648589e-02 1.685610e-01 
-5.997832e-02 -1.139929e-01 
-5.932281e-02 -3.125004e-01 
-4.808274e-02 -3.963757e-01 
-1.727273e-02 -3.143253e-01 
5.789629e-03 -5.301303e-02 
-9.543684e-04 1.094115e-01 
-1.459245e-02 1.800383e-01 
-2.400247e-02 1.464726e-01 
-2.545774e-03 2.417736e-02 
6.915228e-03 -4.716304e-02 
1.069958e-02 -8.007026e-02 
9.573722e-03 -7.195547e-02 
4.092884e-03 -2.761002e-02 
1.627946e-03 -9.720619e-03 
1.776297e-03 -1.371074e-02 
3.848019e-03 -5.271234e-02 
4.037277e-01 6.452353e-01 
1.349201e-01 7.804723e-01 
7.742098e-02 4.963256e-01 
-4.702626e-02 -1.678610e-02 
-6.053972e-02 -3.537388e-01 
-5.081694e-02 -4.992744e-01 
-1.608613e-02 -4.210340e-01 
1.086988e-02 -8.848330e-02 
1.919139e-03 1.401287e-01 
-1.543586e-02 2.523764e-01 
-3.012402e-02 2.264812e-01 
-6.699966e-03 4.963918e-02 
8.546514e-03 -6.627656e-02 
1.556187e-02 -1.261170e-01 
1.470764e-02 -1.225485e-01 
4.938124e-03 -4.452715e-02 
-2.956254e-04 3.041200e-03 
-1.375526e-03 1.739023e-02 
1.431987e-03 -1.801993e-02 
5.037500e-01 -4.940054e-01 
-3.331536e-02 -2.046737e-01 
-3.356519e-02 -1.103324e-01 
-4.167089e-02 -1.554475e-01 
-2.720631e-02 -1.658944e-01 
-1.916154e-02 -1.561981e-01 
-1.145421e-02 -1.266019e-01 
-1.987639e-03 -5.942077e-02 
-1.035403e-03 -2.036199e-03 
-5.212836e-03 4.544177e-02 
-1.073057e-02 6.603094e-02 
-4.320301e-03 3.354865e-02 
-3.085647e-04 3.631329e-03 
2.913093e-03 -2.251708e-02 
5.363215e-03 -3.876264e-02 
5.065910e-03 -3.474510e-02 
3.612847e-03 -2.979811e-02 
2.913229e-03 -2.727297e-02 
3.139984e-03 -3.728351e-02 
