poroelastic
1.400088e-02 1.118255e-01 
2.530086e-02 1.496688e-01 
2.635747e-02 6.860251e-02 
-1.679698e-02 -1.117621e-01 
-1.666577e-02 -1.885220e-01 
-1.366482e-02 -2.005749e-01 
-8.356259e-03 -1.538085e-01 
-1.940283e-03 -6.190950e-02 
-4.863963e-04 8.393219e-03 
-1.581414e-03 5.261463e-02 
-2.856029e-03 5.658940e-02 
3.237300e-04 1.174288e-02 
9.067663e-04 -1.518635e-02 
1.140745e-03 -2.912857e-02 
1.056832e-03 -2.877857e-02 
4.704804e-04 -1.728667e-02 
2.953802e-04 -1.568087e-02 
2.795157e-04 -2.213630e-02 
2.305606e-04 -4.069209e-02 
-2.505902e-01 -4.608374e-01 
1.541235e-02 -3.390411e-01 
3.442240e-03 -2.262992e-01 
-1.672770e-02 -1.644656e-01 
-8.151421e-03 -9.462012e-02 
-3.907332e-03 -3.582924e-02 
-3.440528e-03 -1.011989e-02 
-2.486113e-03 -2.599647e-02 
-1.250020e-03 -2.380662e-02 
-9.931693e-04 -1.658513e-02 
-6.030262e-04 -1.339829e-02 
8.748488e-04 -2.211123e-02 
5.988832e-04 -1.880629e-02 
2.369574e-04 -5.433871e-03 
-6.953783e-05 1.906762e-02 
-2.021543e-04 3.915758e-02 
3.104934e-05 2.375596e-02 
3.585785e-04 -1.869236e-02 
3.957978e-04 -9.216629e-02 
-1.015833e+00 -7.933600e-01 
-4.506487e-02 -7.696528e-01 
-6.690609e-03 -5.473453e-01 
-2.991785e-02 -3.392081e-01 
-1.332124e-02 -1.815683e-01 
-5.488362e-03 -6.736250e-02 
-3.593182e-03 -3.336086e-03 
-2.891838e-03 -1.429570e-03 
-2.027644e-03 2.682294e-03 
-2.323420e-03 2.311614e-03 
-2.010890e-03 -1.150825e-02 
1.663806e-03 -4.070541e-02 
1.454083e-03 -4.477781e-02 
8.830403e-04 -2.782535e-02 
2.135583e-04 1.230512e-02 
-3.017709e-04 5.400373e-02 
-7.081047e-06 3.559335e-02 
5.965325e-04 -2.962822e-02 
9.272366e-04 -1.487189e-01 
-7.164181e-01 1.002086e+00 
4.730859e-03 8.851178e-01 
3.075420e-02 5.251318e-01 
-1.553664e-03 8.249828e-02 
-1.168140e-02 -1.669195e-01 
-1.240043e-02 -2.822829e-01 
-5.526701e-03 -2.536050e-01 
1.497640e-03 -8.481675e-02 
1.509038e-03 3.295542e-02 
-2.127036e-04 1.035486e-01 
-2.566738e-03 1.162366e-01 
-1.224645e-03 5.759463e-02 
6.060616e-05 1.261886e-02 
7.808620e-04 -2.145080e-02 
1.045596e-03 -4.457513e-02 
6.220230e-04 -4.701017e-02 
2.948692e-04 -3.218505e-02 
-7.302175e-06 -5.408497e-03 
-2.270099e-04 3.179700e-02 
-4.643868e-02 5.611944e-01 
2.241962e-02 3.894688e-01 
8.966722e-03 1.337353e-01 
-1.363743e-02 -1.253708e-01 
-1.321508e-02 -2.361658e-01 
-9.933539e-03 -2.538958e-01 
-3.643937e-03 -1.766417e-01 
6.016930e-04 -3.081222e-02 
1.088985e-04 6.028164e-02 
-1.681395e-03 1.047988e-01 
-3.023672e-03 8.873738e-02 
2.469619e-04 1.181243e-02 
1.136558e-03 -3.217862e-02 
1.359295e-03 -5.173306e-02 
9.927581e-04 -4.262869e-02 
2.544423e-04 -1.113568e-02 
8.081862e-05 -1.083293e-03 
1.379660e-04 -7.420467e-03 
3.009207e-04 -3.730015e-02 
5.576083e-03 -4.728368e-02 
3.174069e-03 -9.206858e-02 
-5.221417e-03 -1.449816e-01 
-1.560785e-02 -1.793156e-01 
-9.506878e-03 -1.605553e-01 
-5.849728e-03 -1.223935e-01 
-3.055756e-03 -7.432475e-02 
-8.127261e-04 -3.037152e-02 
-4.139707e-04 2.846374e-03 
-9.137201e-04 2.390948e-02 
-1.244443e-03 2.461037e-02 
3.316674e-04 -1.370245e-04 
5.137328e-04 -1.171619e-02 
5.039532e-04 -1.277595e-02 
3.666341e-04 -1.961253e-03 
8.705747e-05 1.145007e-02 
1.369013e-04 3.621155e-03 
3.229950e-04 -2.137010e-02 
3.992414e-04 -6.811030e-02 
-4.163702e-01 -6.230412e-01 
-3.007000e-02 -6.063415e-01 
-2.430061e-02 -4.629408e-01 
-1.679325e-02 -2.456521e-01 
-4.154116e-03 -7.186018e-02 
-2.282801e-04 4.098204e-02 
-1.812435e-03 6.470222e-02 
-2.116172e-03 -9.729353e-03 
-9.390955e-04 -4.832532e-02 
-7.283062e-05 -6.199885e-02 
7.292859e-04 -5.211079e-02 
7.005302e-04 -2.498455e-02 
3.710884e-05 -2.272526e-04 
-3.573425e-04 2.308122e-02 
-3.822158e-04 4.302929e-02 
-2.088239e-04 4.475384e-02 
1.224774e-04 1.731811e-02 
4.970611e-04 -3.270967e-02 
5.596724e-04 -1.067739e-01 
-1.294832e+00 -9.297788e-01 
-1.758236e-01 -1.138167e+00 
-5.468565e-02 -8.790584e-01 
-2.237278e-02 -4.373756e-01 
-4.034287e-03 -1.207393e-01 
1.747500e-03 8.067611e-02 
3.023647e-04 1.518467e-01 
-2.079039e-03 6.717882e-02 
-1.824745e-03 4.037309e-03 
-1.317662e-03 -4.000120e-02 
-4.408358e-05 -6.795386e-02 
1.975627e-03 -7.264898e-02 
1.281465e-03 -5.385154e-02 
3.959000e-04 -1.693807e-02 
-4.686988e-04 3.977081e-02 
-8.393248e-04 8.850750e-02 
-2.896212e-04 5.989446e-02 
6.299941e-04 -2.805628e-02 
1.354446e-03 -1.822507e-01 
-6.477284e-01 1.061995e+00 
3.964915e-02 7.193574e-01 
1.628326e-02 3.502659e-01 
-1.695351e-04 7.218420e-02 
-3.107671e-03 -7.470384e-02 
-2.850766e-03 -1.438324e-01 
-1.149462e-04 -1.310974e-01 
1.112399e-03 -4.312253e-02 
4.071863e-04 1.844494e-02 
-5.179704e-04 5.869583e-02 
-1.505332e-03 7.321345e-02 
-1.090767e-03 5.167081e-02 
-3.848015e-04 2.726096e-02 
2.285455e-04 5.600494e-04 
7.105013e-04 -2.923405e-02 
6.661134e-04 -4.877743e-02 
4.124869e-04 -3.981759e-02 
5.293430e-05 -1.097509e-02 
-3.228966e-04 3.813527e-02 
