poroelastic
4.405186e-03 8.405747e-03 
5.431210e-03 -2.336617e-03 
3.992988e-03 -2.638709e-02 
-3.001520e-03 -4.864192e-02 
-2.284216e-03 -4.945064e-02 
-1.416612e-03 -3.943961e-02 
-4.017497e-04 -2.088502e-02 
1.691652e-04 -1.402988e-03 
8.891222e-05 7.912582e-03 
-1.144509e-04 1.195239e-02 
-3.195984e-04 1.112171e-02 
-9.818496e-05 6.599006e-03 
-3.556958e-06 3.085791e-03 
1.071468e-04 -1.923372e-03 
2.106167e-04 -9.089570e-03 
1.785013e-04 -1.470318e-02 
9.570652e-05 -1.242431e-02 
-1.170406e-05 -2.772325e-03 
-8.964620e-05 1.578260e-02 
-9.301637e-02 -9.279188e-02 
1.184107e-02 -1.066789e-01 
4.829167e-03 -1.244094e-01 
-6.563028e-03 -1.179879e-01 
-3.940250e-03 -9.528326e-02 
-1.721791e-03 -5.933826e-02 
3.443670e-04 -1.064579e-02 
6.729733e-04 3.271926e-02 
-1.504373e-04 4.870702e-02 
-9.782581e-04 4.247693e-02 
-9.371307e-04 1.130420e-02 
9.326427e-04 -3.033453e-02 
9.833211e-04 -4.433954e-02 
6.210968e-04 -3.787951e-02 
-3.844024e-05 -7.879875e-03 
-3.477099e-04 3.027621e-02 
-2.251738e-04 3.392048e-02 
1.356789e-05 1.200656e-02 
1.677821e-04 -4.063190e-02 
-2.081862e-01 -2.647308e-02 
-9.472705e-04 -3.844734e-02 
9.263919e-03 -8.743162e-02 
-7.783447e-03 -1.423506e-01 
-6.232916e-03 -1.574179e-01 
-4.131962e-03 -1.368774e-01 
-1.110544e-03 -7.311160e-02 
8.393637e-04 1.683241e-02 
9.339453e-05 6.463287e-02 
-1.251418e-03 7.779686e-02 
-2.077134e-03 5.047718e-02 
5.814036e-04 -9.205421e-03 
1.118016e-03 -4.185127e-02 
1.106090e-03 -5.323269e-02 
6.071166e-04 -3.828177e-02 
1.482853e-05 -2.002920e-03 
-9.582681e-05 1.198473e-02 
-3.141960e-05 8.901520e-03 
9.536890e-05 -1.745393e-02 
-5.996409e-02 6.216972e-02 
-3.611056e-03 3.681384e-02 
-2.044879e-04 1.591694e-02 
1.072716e-04 -2.974795e-03 
1.047287e-04 -3.128487e-03 
2.264993e-04 1.227279e-03 
4.209680e-04 1.667347e-04 
4.774572e-04 -8.728005e-03 
4.841466e-04 -1.221593e-02 
6.473511e-04 -8.193796e-03 
4.484424e-04 5.768208e-03 
-6.878283e-04 2.449357e-02 
-6.137884e-04 2.817075e-02 
-3.323941e-04 1.865812e-02 
6.526958e-05 -5.999504e-03 
2.989492e-04 -3.418843e-02 
1.703813e-04 -2.878635e-02 
-1.244285e-04 3.383076e-03 
-4.189780e-04 6.617431e-02 
-2.105902e-02 1.153862e-01 
2.136785e-03 1.006552e-01 
1.545126e-03 5.034045e-02 
-1.254879e-03 -2.798151e-02 
-1.479413e-03 -6.539574e-02 
-1.166168e-03 -7.528333e-02 
-1.679084e-04 -5.717170e-02 
6.174478e-04 -1.699552e-02 
4.248568e-04 1.060705e-02 
7.347445e-05 2.997474e-02 
-5.316193e-04 4.000845e-02 
-7.029963e-04 3.590461e-02 
-3.476926e-04 2.264529e-02 
8.812683e-05 4.002122e-04 
5.429379e-04 -3.205614e-02 
6.277372e-04 -5.707662e-02 
3.350108e-04 -4.301960e-02 
-1.437412e-04 1.980667e-03 
-6.102334e-04 8.125480e-02 
2.022602e-03 -3.583979e-02 
9.928824e-04 -7.116698e-02 
-1.371640e-03 -1.016320e-01 
-3.586055e-03 -1.113665e-01 
-2.050430e-03 -9.805714e-02 
-8.530877e-04 -6.752158e-02 
3.778918e-04 -2.096824e-02 
5.222547e-04 2.499717e-02 
-1.040025e-04 4.636174e-02 
-6.654113e-04 4.737686e-02 
-7.231872e-04 2.419420e-02 
3.777759e-04 -1.304241e-02 
6.076851e-04 -3.051266e-02 
5.343425e-04 -3.324337e-02 
1.665232e-04 -1.838296e-02 
-1.422525e-04 6.681634e-03 
-1.597557e-04 1.553233e-02 
-8.977687e-05 1.320370e-02 
1.479005e-05 -2.861475e-03 
-1.777893e-01 -1.638904e-01 
-3.760162e-03 -2.281058e-01 
-5.032122e-03 -2.433943e-01 
-6.018268e-03 -1.915584e-01 
-2.569773e-03 -1.357208e-01 
-5.354068e-04 -7.043180e-02 
8.828920e-04 6.401611e-03 
4.339647e-04 6.840148e-02 
-6.850574e-04 8.854441e-02 
-1.466042e-03 7.190283e-02 
-9.230606e-04 1.215318e-02 
1.542964e-03 -6.484412e-02 
1.639854e-03 -8.842251e-02 
9.727133e-04 -6.958758e-02 
-2.771717e-04 -1.639003e-03 
-9.115943e-04 8.086574e-02 
-5.534941e-04 8.329777e-02 
5.849101e-05 2.534176e-02 
4.421681e-04 -1.023755e-01 
-2.864487e-01 -4.055655e-02 
-3.180751e-02 -1.133632e-01 
-7.796473e-03 -1.703732e-01 
-4.607658e-03 -1.944844e-01 
-2.368918e-03 -1.873783e-01 
-1.206387e-03 -1.449074e-01 
8.772864e-05 -5.538987e-02 
6.070931e-04 5.805888e-02 
-6.171210e-04 1.123532e-01 
-1.867637e-03 1.142282e-01 
-1.963209e-03 5.434567e-02 
1.239829e-03 -4.927151e-02 
1.835799e-03 -9.573519e-02 
1.493840e-03 -9.456895e-02 
3.593812e-04 -3.732857e-02 
-6.318373e-04 5.372230e-02 
-5.382007e-04 6.934547e-02 
-3.800992e-05 2.580998e-02 
5.079894e-04 -8.775985e-02 
-9.183372e-03 -3.862639e-03 
-1.779575e-03 -6.384672e-02 
1.770950e-03 -6.027731e-02 
3.980746e-04 -1.086805e-02 
1.586631e-04 2.635930e-02 
1.286979e-04 4.790739e-02 
1.496254e-04 4.387010e-02 
1.115266e-04 1.247525e-02 
2.121183e-04 -7.452907e-03 
4.332561e-04 -1.667488e-02 
4.413329e-04 -1.367883e-02 
-1.514607e-04 1.595116e-04 
-2.632730e-04 8.634481e-03 
-3.071226e-04 1.297023e-02 
-2.744340e-04 1.224346e-02 
-1.258167e-04 7.080275e-03 
-8.067540e-05 5.735430e-03 
-8.445993e-05 7.927975e-03 
-1.130749e-04 1.710743e-02 
