poroelastic
3.954510e-02 -4.133921e-01 
4.230612e-02 -7.572392e-01 
4.517268e-02 -1.065021e+00 
1.452550e-02 -1.206491e+00 
-2.299433e-03 -1.213485e+00 
-7.436540e-03 -9.311550e-01 
-3.589730e-03 -2.840488e-01 
4.022832e-03 4.313098e-01 
5.553121e-03 8.579705e-01 
-1.217699e-03 1.031014e+00 
-1.128425e-02 7.932335e-01 
-9.098636e-04 1.771522e-01 
-5.678859e-04 -2.368685e-01 
-8.064619e-04 -5.726261e-01 
-4.177622e-04 -7.968071e-01 
-9.454836e-05 -7.739077e-01 
-5.794480e-04 -6.431461e-01 
-5.788580e-04 -4.331911e-01 
-4.258895e-04 -2.270383e-01 
-4.338023e-01 -1.760179e-01 
1.832256e-03 -7.915542e-01 
1.251948e-02 -9.320459e-01 
-1.804556e-03 -5.834161e-01 
-3.344211e-03 -2.757020e-01 
-8.852147e-04 2.143639e-02 
4.628466e-03 2.881345e-01 
5.295746e-03 4.273734e-01 
2.348413e-03 4.822521e-01 
-2.397835e-03 4.641857e-01 
-6.262926e-03 3.389221e-01 
1.428491e-03 1.044279e-01 
1.296185e-03 -7.062664e-02 
1.141746e-03 -1.892105e-01 
9.630215e-04 -2.370938e-01 
-3.219417e-04 -2.361446e-01 
-7.439813e-04 -2.765943e-01 
-1.111967e-03 -3.424793e-01 
-1.858950e-03 -4.775828e-01 
6.317590e-01 -1.145895e+00 
1.446349e-01 -1.646676e+00 
-2.546136e-02 -9.639366e-01 
-1.904874e-02 7.247125e-01 
2.796874e-03 1.787359e+00 
1.720662e-02 2.210246e+00 
2.272887e-02 1.760181e+00 
2.880950e-03 4.908546e-01 
-5.703342e-03 -3.622580e-01 
-5.637142e-03 -8.400192e-01 
9.925657e-05 -8.461115e-01 
-2.463770e-04 -3.577556e-01 
-2.357278e-04 2.775039e-02 
1.323326e-04 4.312876e-01 
7.648942e-04 8.289270e-01 
1.438636e-03 9.030269e-01 
1.128260e-03 5.277178e-01 
-7.518940e-05 -1.887344e-01 
-2.405862e-03 -1.176945e+00 
3.193391e-01 -1.890585e+00 
-5.678802e-02 -2.489630e+00 
-1.341782e-02 -1.655555e+00 
-1.902712e-03 3.072163e-01 
3.136883e-03 1.516399e+00 
6.397885e-03 2.126282e+00 
7.064913e-03 1.875444e+00 
2.294458e-03 6.670292e-01 
-6.763360e-04 -1.079698e-01 
-2.054224e-03 -5.558624e-01 
-1.933541e-03 -6.506791e-01 
-2.059890e-04 -3.412325e-01 
4.048774e-04 -5.513171e-02 
3.180833e-04 2.634407e-01 
-8.568908e-04 6.185243e-01 
-1.400536e-03 7.551697e-01 
-7.031402e-04 4.133668e-01 
5.536269e-04 -2.746270e-01 
2.198981e-03 -1.245093e+00 
1.081107e+00 -6.367629e-01 
3.742000e-02 -1.434978e+00 
-1.633217e-02 -1.668070e+00 
-4.822826e-03 -1.245950e+00 
-1.542077e-03 -8.753464e-01 
-1.391695e-04 -3.877327e-01 
-7.980689e-05 2.470161e-01 
4.571561e-04 7.572490e-01 
2.027210e-03 1.012968e+00 
4.138269e-03 1.056742e+00 
2.832231e-03 7.646119e-01 
-4.968095e-03 1.649198e-01 
-4.122111e-03 -2.467862e-01 
-3.779354e-03 -5.479187e-01 
-2.318812e-03 -7.034683e-01 
1.419107e-03 -6.606032e-01 
1.508714e-03 -6.035632e-01 
1.381472e-03 -5.340831e-01 
1.475507e-03 -5.444513e-01 
-1.814068e-03 -8.452779e-01 
-5.220964e-03 -1.428793e+00 
-1.163205e-02 -1.791018e+00 
-1.347857e-02 -1.707912e+00 
-7.629966e-03 -1.515479e+00 
-3.644538e-03 -9.882450e-01 
-9.829847e-04 2.409677e-02 
-1.901898e-05 1.101079e+00 
-1.107861e-04 1.647721e+00 
-3.974311e-04 1.762586e+00 
1.145106e-04 1.221154e+00 
1.460513e-03 1.299220e-01 
8.875823e-04 -6.227886e-01 
5.186909e-04 -1.182419e+00 
-2.966867e-04 -1.462117e+00 
-1.108513e-03 -1.317105e+00 
-6.926187e-04 -1.033718e+00 
-3.676093e-04 -6.472424e-01 
-1.569907e-04 -3.680269e-01 
-1.257971e+00 -1.236002e+00 
-5.890424e-02 -1.834422e+00 
-6.549877e-03 -1.826892e+00 
-1.103402e-02 -1.213482e+00 
-4.634184e-03 -7.609466e-01 
-9.168769e-04 -2.523888e-01 
2.572946e-04 3.136120e-01 
-8.870119e-04 6.744579e-01 
-2.150205e-03 8.672363e-01 
-3.800509e-03 8.953330e-01 
-1.534922e-03 6.292619e-01 
6.162390e-03 1.035710e-01 
4.647073e-03 -2.464746e-01 
3.951999e-03 -4.951300e-01 
1.929457e-03 -5.936103e-01 
-2.289353e-03 -5.127207e-01 
-2.048635e-03 -4.809422e-01 
-1.899437e-03 -4.765500e-01 
-2.115190e-03 -5.890706e-01 
-7.703608e-01 -2.792263e+00 
6.226450e-03 -3.225196e+00 
-5.225429e-04 -1.957760e+00 
2.317181e-02 4.092069e-01 
1.776271e-02 1.866558e+00 
8.030606e-03 2.543415e+00 
-5.051175e-03 2.149811e+00 
-2.167985e-03 6.640213e-01 
1.562948e-03 -2.842787e-01 
3.041359e-03 -8.536707e-01 
2.249717e-03 -9.690407e-01 
-4.914431e-04 -5.178898e-01 
-1.110025e-03 -1.432283e-01 
-8.670634e-04 2.772789e-01 
1.163681e-03 7.907678e-01 
2.676662e-03 1.046246e+00 
1.353896e-03 6.649898e-01 
-7.050081e-04 -1.607138e-01 
-2.990456e-03 -1.428634e+00 
-1.070046e+00 -2.016665e-01 
-1.651751e-01 -1.028514e+00 
2.284623e-02 -7.962162e-01 
4.191359e-02 6.038598e-01 
1.822017e-02 1.529500e+00 
-1.643821e-03 1.955713e+00 
-1.909125e-02 1.634616e+00 
-4.934173e-03 5.422297e-01 
4.241153e-03 -1.887243e-01 
4.962202e-03 -6.246637e-01 
6.602183e-06 -6.944548e-01 
-2.248537e-04 -3.473616e-01 
1.166371e-05 -4.835789e-02 
8.032449e-05 2.985027e-01 
1.665445e-04 6.972314e-01 
-6.168457e-04 8.519977e-01 
-1.024075e-03 5.209324e-01 
-4.096231e-04 -1.540661e-01 
2.038975e-03 -1.131372e+00 
