poroelastic
-1.666395e-02 -1.204826e-01 
-3.020845e-02 -1.434463e-01 
-3.180082e-02 -7.027472e-02 
1.166020e-02 4.268191e-02 
1.577272e-02 1.050074e-01 
1.689748e-02 1.344330e-01 
1.632986e-02 1.225612e-01 
9.330809e-03 7.713056e-02 
4.521704e-03 5.205257e-02 
3.003448e-03 2.978692e-02 
2.363023e-03 -6.630818e-04 
3.317892e-04 -3.683814e-02 
2.913302e-04 -4.602545e-02 
-7.993620e-06 -3.141878e-02 
-6.980453e-04 1.035438e-02 
-8.592911e-04 6.310664e-02 
-4.835068e-04 7.865255e-02 
-1.895744e-04 6.603755e-02 
3.391126e-06 2.535065e-02 
1.699485e-01 7.852297e-02 
-2.604743e-02 1.089567e-01 
-1.411776e-02 1.627779e-01 
2.833584e-02 1.835166e-01 
2.142109e-02 1.702882e-01 
1.504252e-02 1.331667e-01 
9.154548e-03 7.135387e-02 
3.600550e-03 8.592673e-03 
1.880100e-03 -1.551884e-02 
2.705288e-03 -1.637115e-02 
3.164664e-03 1.046076e-03 
-4.470929e-04 2.069884e-02 
-4.942079e-04 2.489160e-02 
-3.932412e-04 1.824027e-02 
-3.197671e-04 -1.306839e-03 
-2.178638e-04 -2.052303e-02 
-2.363549e-04 -5.771857e-03 
-2.722782e-04 3.477666e-02 
5.378338e-05 1.084121e-01 
3.190262e-01 -3.616335e-02 
5.869491e-03 -1.356479e-02 
-2.391843e-02 6.270798e-02 
2.952157e-02 1.692699e-01 
2.791291e-02 2.176652e-01 
2.370081e-02 2.198040e-01 
1.688408e-02 1.652137e-01 
6.517466e-03 6.294983e-02 
2.298567e-03 5.412910e-03 
2.210080e-03 -2.502724e-02 
3.454829e-03 -3.375003e-02 
2.558200e-04 -2.402750e-02 
-1.051476e-04 -1.180394e-02 
-3.103686e-04 3.213195e-03 
-6.337557e-04 2.021405e-02 
-6.593186e-04 3.647118e-02 
-4.748331e-04 4.968860e-02 
-3.698432e-04 6.152179e-02 
-1.796810e-04 7.716916e-02 
3.522404e-02 -2.339541e-01 
-2.477676e-02 -2.339693e-01 
-2.076056e-02 -1.563074e-01 
5.236465e-03 -1.205345e-02 
1.053814e-02 6.838109e-02 
1.277027e-02 1.163758e-01 
1.275832e-02 1.329442e-01 
6.646972e-03 1.097242e-01 
2.514508e-03 8.560159e-02 
2.419117e-04 4.836831e-02 
-4.691445e-04 -1.291070e-02 
9.284226e-04 -8.274752e-02 
9.650034e-04 -1.015245e-01 
5.180538e-04 -7.687339e-02 
-4.034800e-04 -1.622566e-03 
-8.603226e-04 9.676997e-02 
-6.963151e-04 1.140883e-01 
-3.157430e-04 6.872357e-02 
1.975072e-04 -4.585153e-02 
-4.451186e-02 -2.462375e-01 
-3.114750e-02 -2.707783e-01 
-2.059473e-02 -1.565434e-01 
1.521386e-02 5.093822e-02 
2.024765e-02 1.687592e-01 
2.081404e-02 2.250452e-01 
1.571996e-02 2.062906e-01 
5.352028e-03 1.122139e-01 
1.135357e-03 4.320645e-02 
-1.216089e-05 -1.431345e-02 
9.146277e-04 -6.394060e-02 
9.357742e-04 -9.013812e-02 
6.757182e-04 -8.048060e-02 
1.534544e-04 -3.948546e-02 
-6.796216e-04 3.797144e-02 
-1.041858e-03 1.183198e-01 
-8.450208e-04 1.216009e-01 
-3.742913e-04 6.567834e-02 
2.981761e-04 -5.353982e-02 
-1.636420e-02 -9.647396e-02 
-2.114310e-02 -1.016112e-01 
-8.239386e-03 -7.846697e-03 
2.503472e-02 1.287670e-01 
2.310678e-02 1.947998e-01 
1.993713e-02 2.120953e-01 
1.307017e-02 1.688398e-01 
3.829392e-03 7.309810e-02 
9.187242e-04 1.235025e-02 
6.938676e-04 -2.752854e-02 
1.603999e-03 -4.732071e-02 
4.079621e-04 -4.297109e-02 
1.825276e-04 -3.116811e-02 
-8.345974e-05 -1.119248e-02 
-4.456986e-04 1.846269e-02 
-5.590097e-04 4.850657e-02 
-4.746254e-04 5.969874e-02 
-3.557099e-04 5.598635e-02 
-1.800461e-04 3.885826e-02 
1.775856e-01 -3.406287e-02 
-2.744177e-03 2.368761e-02 
5.165371e-03 1.223171e-01 
3.701605e-02 2.194509e-01 
2.871346e-02 2.607521e-01 
2.114582e-02 2.494779e-01 
1.019493e-02 1.634851e-01 
1.048832e-03 1.846885e-02 
-3.574907e-04 -6.202694e-02 
1.013081e-03 -9.154173e-02 
2.792078e-03 -6.355423e-02 
-2.194361e-04 1.014883e-02 
-6.505463e-04 4.497640e-02 
-6.561151e-04 5.022400e-02 
-3.749081e-04 2.175132e-02 
-1.260347e-05 -2.326273e-02 
-6.165003e-05 -1.588126e-02 
-3.090417e-04 3.166619e-02 
-5.269392e-04 1.292813e-01 
1.516824e-01 -2.341176e-01 
2.067568e-02 -1.939374e-01 
5.111511e-03 -3.269841e-02 
3.458648e-02 1.900525e-01 
3.051402e-02 3.077719e-01 
2.383405e-02 3.319835e-01 
1.096112e-02 2.381884e-01 
2.565837e-04 3.290362e-02 
-1.385718e-03 -9.010566e-02 
-1.044549e-05 -1.446682e-01 
2.684747e-03 -1.217723e-01 
5.193782e-04 -1.952042e-02 
-3.588464e-04 4.369730e-02 
-6.963769e-04 7.456764e-02 
-6.422049e-04 6.688746e-02 
-2.770794e-04 2.086132e-02 
-1.404048e-04 8.348191e-03 
-2.421691e-04 2.321604e-02 
-5.513315e-04 7.655767e-02 
-1.858117e-01 6.888919e-02 
3.276160e-03 2.073855e-02 
1.119168e-02 1.365585e-02 
1.076959e-02 5.199968e-02 
7.686674e-03 6.233582e-02 
6.724966e-03 6.750346e-02 
5.778341e-03 7.185897e-02 
1.970026e-03 6.881816e-02 
7.305962e-04 5.820045e-02 
1.447141e-04 3.359403e-02 
7.007447e-05 -9.112927e-03 
4.743154e-04 -5.419034e-02 
6.114565e-04 -6.750076e-02 
5.037685e-04 -5.315381e-02 
1.194344e-04 -6.549404e-03 
-5.094679e-04 5.513508e-02 
-6.912401e-04 7.338001e-02 
-5.397543e-04 5.770234e-02 
-3.833299e-05 4.114739e-03 
