poroelastic
-7.028533e-02 -2.703993e-02 
-7.995703e-02 1.409399e-02 
-5.730064e-02 1.227366e-01 
5.381564e-02 2.376610e-01 
5.032542e-02 2.844238e-01 
4.229501e-02 2.700431e-01 
3.398246e-02 2.015236e-01 
1.732518e-02 1.006628e-01 
7.102461e-03 2.440050e-02 
7.730870e-03 -2.641689e-02 
1.039064e-02 -4.165044e-02 
-2.422780e-04 -1.346605e-02 
-1.413060e-03 6.069435e-03 
-2.167360e-03 1.947753e-02 
-3.192985e-03 2.496348e-02 
-2.873284e-03 2.647032e-02 
-2.371025e-03 4.393791e-02 
-2.375582e-03 6.996702e-02 
-1.785689e-03 1.088947e-01 
2.850194e-01 2.912420e-01 
-4.219195e-02 3.237389e-01 
-1.144140e-02 3.126126e-01 
5.367814e-02 2.638311e-01 
3.486680e-02 2.054718e-01 
2.220869e-02 1.403974e-01 
1.560958e-02 8.113821e-02 
9.468178e-03 4.663948e-02 
4.542687e-03 2.300796e-02 
4.042516e-03 8.949469e-03 
3.731870e-03 6.469006e-03 
-1.281566e-03 1.560727e-02 
-1.020661e-03 1.189950e-02 
-3.932440e-04 -1.241151e-03 
7.858250e-05 -2.359863e-02 
2.131616e-04 -3.950337e-02 
-5.790262e-04 -1.331441e-02 
-1.800717e-03 4.236703e-02 
-2.190034e-03 1.296886e-01 
8.643475e-01 3.190450e-01 
4.121872e-02 4.738147e-01 
-6.514085e-03 4.637604e-01 
8.369292e-02 4.129945e-01 
5.810394e-02 3.562744e-01 
3.944706e-02 2.806201e-01 
2.380588e-02 1.769101e-01 
8.809403e-03 5.831585e-02 
3.436857e-03 -1.776419e-02 
5.762249e-03 -5.825580e-02 
9.813674e-03 -5.668376e-02 
-1.112025e-05 -8.969363e-03 
-1.847889e-03 1.888286e-02 
-2.302325e-03 2.883644e-02 
-2.286639e-03 1.819408e-02 
-1.403427e-03 -5.061222e-03 
-1.479191e-03 1.251720e-02 
-2.467931e-03 6.066524e-02 
-3.073776e-03 1.451211e-01 
1.591251e-03 -6.276089e-01 
-8.123022e-02 -4.610121e-01 
-4.998092e-02 -1.706123e-01 
4.135659e-02 1.546985e-01 
5.111659e-02 3.285020e-01 
4.655201e-02 3.859723e-01 
2.712505e-02 3.136396e-01 
1.690840e-03 1.181105e-01 
-3.381738e-03 -1.689158e-02 
-5.901365e-04 -1.021191e-01 
6.320163e-03 -1.296235e-01 
4.211315e-03 -8.443009e-02 
1.409443e-03 -4.029925e-02 
-9.513708e-04 3.807692e-03 
-3.299289e-03 4.672650e-02 
-3.575368e-03 7.308903e-02 
-2.450223e-03 7.014108e-02 
-1.146521e-03 4.243115e-02 
2.041942e-04 -8.884620e-03 
-2.931897e-01 -3.015041e-01 
-6.393392e-02 -1.284599e-01 
-1.059764e-02 1.424163e-01 
8.207223e-02 3.857441e-01 
6.772092e-02 4.639817e-01 
4.862170e-02 4.260552e-01 
2.159562e-02 2.764957e-01 
1.710345e-04 6.126168e-02 
-1.620243e-03 -7.207749e-02 
3.521251e-03 -1.401756e-01 
9.963693e-03 -1.295932e-01 
1.688442e-03 -4.118428e-02 
-1.430045e-03 1.522714e-02 
-3.057671e-03 4.957209e-02 
-3.646311e-03 5.806197e-02 
-2.480105e-03 4.143401e-02 
-1.712925e-03 3.771109e-02 
-1.448894e-03 3.909487e-02 
-1.320135e-03 5.143093e-02 
-4.215056e-02 1.555815e-01 
-2.280203e-02 2.956972e-01 
3.036374e-02 4.247213e-01 
9.703280e-02 4.764164e-01 
6.358876e-02 4.385605e-01 
3.864682e-02 3.401537e-01 
1.471484e-02 1.882176e-01 
4.136174e-04 2.873819e-02 
-1.539682e-04 -6.494559e-02 
4.007257e-03 -1.080981e-01 
8.045786e-03 -8.858033e-02 
1.593881e-04 -9.963016e-03 
-2.103440e-03 3.272708e-02 
-2.762094e-03 4.792119e-02 
-2.043933e-03 2.889122e-02 
-4.518900e-04 -1.116312e-02 
-5.460155e-04 -4.219782e-03 
-1.667020e-03 3.503851e-02 
-2.870868e-03 1.142942e-01 
5.938580e-01 4.659496e-01 
5.247313e-02 7.015307e-01 
8.473407e-02 7.466743e-01 
1.163460e-01 6.162210e-01 
5.938983e-02 4.420837e-01 
2.543900e-02 2.494779e-01 
3.906946e-03 6.119891e-02 
-9.169292e-04 -5.324458e-02 
1.644385e-03 -1.037535e-01 
6.166905e-03 -1.040863e-01 
7.824604e-03 -4.396921e-02 
-3.263962e-03 5.630097e-02 
-4.935880e-03 9.057144e-02 
-3.773470e-03 7.299454e-02 
-2.140632e-04 -2.956640e-03 
3.161673e-03 -9.978833e-02 
1.748315e-03 -7.931840e-02 
-1.939780e-03 2.623626e-02 
-6.038340e-03 2.262396e-01 
1.200923e+00 4.374636e-01 
2.844354e-01 9.057651e-01 
1.448698e-01 9.347585e-01 
1.176239e-01 7.120262e-01 
5.254579e-02 4.688915e-01 
1.684604e-02 2.309367e-01 
-3.885706e-03 5.235702e-03 
-3.938053e-03 -1.330068e-01 
1.656554e-03 -1.804472e-01 
7.525023e-03 -1.620251e-01 
1.020030e-02 -6.705477e-02 
-3.576992e-03 8.537303e-02 
-7.204939e-03 1.469691e-01 
-6.382519e-03 1.326051e-01 
-1.542724e-03 3.213265e-02 
4.821854e-03 -1.251613e-01 
3.840753e-03 -1.249778e-01 
-1.133922e-03 -1.383743e-04 
-8.186333e-03 2.651387e-01 
-1.347920e-01 -5.433158e-01 
-2.296176e-02 -1.719330e-01 
3.586118e-02 1.225622e-01 
4.692585e-02 2.715190e-01 
3.123305e-02 2.970570e-01 
1.633533e-02 2.513026e-01 
-1.015328e-03 1.328277e-01 
-4.261069e-03 -1.395706e-02 
-1.061009e-03 -9.673076e-02 
2.618539e-03 -1.345350e-01 
5.934181e-03 -1.180214e-01 
2.301477e-03 -4.556157e-02 
-4.344678e-04 8.159505e-03 
-2.125495e-03 4.340125e-02 
-2.532106e-03 4.956933e-02 
-1.285473e-03 2.204322e-02 
-6.051661e-04 1.044680e-02 
-6.468453e-04 1.330661e-02 
-1.337501e-03 3.993017e-02 
