poroelastic
-1.030229e-02 5.717812e-02 
-5.752881e-03 7.390590e-02 
1.551321e-03 7.797527e-02 
1.056512e-02 1.036501e-01 
7.409010e-03 9.531505e-02 
2.731135e-03 6.236094e-02 
-3.773290e-03 2.226463e-02 
-5.897607e-03 -2.061685e-02 
-3.278613e-03 -6.813603e-02 
-1.238656e-04 -9.125184e-02 
2.452322e-03 -6.093566e-02 
-1.492109e-03 2.986195e-02 
-2.990070e-03 7.142367e-02 
-2.359160e-03 7.065965e-02 
3.122433e-04 2.149334e-02 
2.223213e-03 -5.311169e-02 
1.889921e-03 -7.237480e-02 
9.156110e-04 -5.022398e-02 
-2.815735e-04 1.854828e-02 
8.877693e-02 3.518756e-01 
1.009797e-02 2.612898e-01 
1.715778e-02 1.224828e-01 
-1.139454e-03 2.538043e-02 
-5.910943e-03 -3.797202e-02 
-7.374738e-03 -6.969036e-02 
-5.803351e-03 -5.478960e-02 
-2.425597e-03 -5.427473e-03 
-1.599587e-03 1.883340e-03 
-1.724233e-03 -4.713504e-03 
-1.423345e-03 -6.482130e-03 
-4.203799e-04 1.633110e-02 
-6.320029e-04 2.433559e-02 
-1.131685e-04 1.760397e-02 
1.149502e-03 -6.969788e-03 
1.657174e-03 -4.063721e-02 
1.247808e-03 -4.776001e-02 
6.639282e-04 -3.487180e-02 
2.837860e-05 -2.017921e-03 
6.084938e-01 6.656299e-01 
3.857951e-02 6.780795e-01 
3.323677e-02 4.568814e-01 
1.523080e-02 1.967515e-01 
-1.595293e-03 2.347261e-02 
-9.096015e-03 -8.433247e-02 
-9.800553e-03 -1.169319e-01 
-3.907144e-03 -6.827718e-02 
-6.930751e-04 -4.611810e-02 
6.047143e-04 -2.750290e-02 
2.324609e-04 6.186365e-03 
-2.668751e-03 5.974571e-02 
-2.845202e-03 7.344750e-02 
-1.510130e-03 5.245334e-02 
1.287269e-03 -8.097415e-03 
3.066422e-03 -8.608217e-02 
2.231816e-03 -9.200370e-02 
6.468000e-04 -4.373449e-02 
-1.028515e-03 6.187246e-02 
5.181106e-01 -5.786250e-01 
8.031523e-03 -4.461897e-01 
-1.357285e-02 -2.334938e-01 
-3.599402e-03 -3.052167e-02 
4.552721e-03 8.206987e-02 
4.647575e-03 1.204008e-01 
-3.764377e-03 7.721952e-02 
-8.572476e-03 -3.801064e-02 
-4.257678e-03 -1.141766e-01 
-5.124800e-05 -1.394686e-01 
2.929123e-03 -9.239935e-02 
-1.157303e-03 2.549669e-02 
-3.324357e-03 8.385714e-02 
-3.051291e-03 9.152093e-02 
-2.188621e-04 4.053214e-02 
2.462976e-03 -5.291569e-02 
2.426491e-03 -8.570721e-02 
1.553009e-03 -7.144829e-02 
6.755261e-05 -3.854214e-03 
3.851870e-02 -2.290592e-01 
-2.122166e-03 -3.259224e-02 
7.503910e-03 9.130120e-02 
7.324842e-03 1.184088e-01 
3.255549e-03 8.815721e-02 
-2.096396e-03 2.768208e-02 
-7.780237e-03 -4.277674e-02 
-5.798845e-03 -9.097151e-02 
-1.449818e-03 -1.115850e-01 
1.569645e-03 -9.789327e-02 
2.021606e-03 -3.141899e-02 
-3.184808e-03 7.374401e-02 
-4.371457e-03 1.117384e-01 
-3.181224e-03 9.422979e-02 
6.842181e-04 1.042146e-02 
3.869578e-03 -1.027657e-01 
3.219259e-03 -1.202114e-01 
1.254945e-03 -6.600284e-02 
-1.321712e-03 6.887250e-02 
2.724506e-03 2.188455e-01 
1.683148e-02 3.096818e-01 
2.285852e-02 2.653202e-01 
4.449347e-03 1.182640e-01 
-4.513446e-03 -6.699129e-03 
-9.120052e-03 -9.671885e-02 
-8.616883e-03 -1.233984e-01 
-2.869414e-03 -7.081884e-02 
-4.905420e-04 -3.670977e-02 
-1.926095e-04 -7.259003e-03 
-1.385241e-03 2.632536e-02 
-2.349109e-03 5.946996e-02 
-2.237237e-03 6.271722e-02 
-1.001394e-03 3.808758e-02 
1.626109e-03 -2.057999e-02 
3.291412e-03 -8.706941e-02 
2.411955e-03 -9.197695e-02 
8.638569e-04 -4.913096e-02 
-7.937016e-04 4.593680e-02 
3.207011e-01 7.162437e-01 
4.729867e-02 7.378162e-01 
4.547684e-02 5.234036e-01 
1.955489e-03 1.520044e-01 
-1.444243e-02 -1.200774e-01 
-1.888466e-02 -2.779413e-01 
-1.043075e-02 -2.664497e-01 
7.597460e-04 -6.978763e-02 
1.072701e-03 5.049719e-02 
-1.946871e-03 1.126673e-01 
-5.549111e-03 1.135242e-01 
-2.041617e-03 5.743720e-02 
5.257032e-05 1.054902e-02 
1.728741e-03 -3.162247e-02 
3.039121e-03 -6.768376e-02 
2.790711e-03 -8.131120e-02 
1.541229e-03 -6.244634e-02 
2.725148e-04 -2.055923e-02 
-6.575352e-04 3.824757e-02 
1.152454e+00 1.090292e+00 
1.822811e-01 1.342488e+00 
7.592595e-02 9.806686e-01 
1.084234e-02 3.165871e-01 
-1.426565e-02 -1.344488e-01 
-2.140212e-02 -3.862397e-01 
-1.246102e-02 -3.999553e-01 
2.000515e-03 -1.402875e-01 
3.194932e-03 4.075211e-02 
-1.433954e-04 1.500620e-01 
-5.602030e-03 1.798455e-01 
-4.343840e-03 1.127643e-01 
-1.289366e-03 4.180220e-02 
1.529170e-03 -3.105158e-02 
4.046642e-03 -1.028351e-01 
4.373658e-03 -1.405850e-01 
2.280290e-03 -1.020794e-01 
-4.135803e-04 -6.849876e-03 
-2.728058e-03 1.405457e-01 
7.346577e-01 -9.623516e-01 
-4.368417e-02 -5.387641e-01 
-2.829074e-02 -2.335911e-01 
-1.054333e-02 -1.000007e-01 
-4.165977e-03 -3.007472e-02 
-3.191882e-03 -1.167028e-03 
-5.886947e-03 -1.429188e-02 
-4.550104e-03 -5.262318e-02 
-1.712965e-03 -7.025816e-02 
-4.546785e-04 -6.608397e-02 
-3.924569e-05 -3.697196e-02 
-2.230974e-04 7.730441e-03 
-1.039729e-03 3.131906e-02 
-1.022362e-03 3.436415e-02 
1.458985e-04 1.303483e-02 
1.511882e-03 -2.652025e-02 
1.633088e-03 -4.803082e-02 
1.435863e-03 -5.342535e-02 
8.444147e-04 -4.188525e-02 
