poroelastic
-7.300997e-03 1.092242e-01 
-1.135239e-03 1.575040e-01 
6.385381e-03 1.226267e-01 
-6.588344e-04 9.710931e-03 
-2.300293e-03 -4.475818e-02 
-2.445410e-03 -6.657105e-02 
-1.527978e-03 -5.948732e-02 
-1.645712e-04 -2.783642e-02 
1.747839e-04 -4.664333e-03 
1.268566e-04 1.099795e-02 
-1.486337e-04 1.713305e-02 
-1.350647e-04 9.681053e-03 
-1.854535e-05 3.173458e-03 
5.881728e-05 -3.469660e-03 
8.887493e-05 -1.159124e-02 
5.737863e-05 -1.636812e-02 
5.902280e-06 -1.008608e-02 
-4.396445e-05 3.799098e-03 
-4.051468e-05 2.654112e-02 
-1.404362e-01 -3.305111e-01 
1.032161e-02 -2.196261e-01 
2.418510e-03 -1.360740e-01 
-4.297820e-03 -8.780165e-02 
-1.676009e-03 -4.147986e-02 
-2.700505e-04 -2.758310e-03 
-6.742662e-05 1.827980e-02 
-3.683130e-04 1.199219e-02 
-3.856352e-04 5.405249e-03 
-4.281306e-04 -4.308375e-03 
-7.576120e-05 -1.974365e-02 
5.774829e-04 -3.560110e-02 
3.700450e-04 -3.348328e-02 
6.354922e-05 -1.757093e-02 
-2.230209e-04 1.332874e-02 
-1.758671e-04 4.292173e-02 
-4.835105e-05 3.831663e-02 
6.480706e-05 6.973999e-03 
1.134381e-05 -5.528132e-02 
-6.153857e-01 -5.435790e-01 
-1.068523e-02 -4.602166e-01 
4.567211e-03 -3.159666e-01 
-8.480258e-03 -1.983743e-01 
-3.899204e-03 -1.095030e-01 
-1.389954e-03 -4.039942e-02 
-4.208511e-04 8.110885e-03 
-4.903430e-04 2.446533e-02 
-6.230873e-04 2.793580e-02 
-1.007145e-03 1.840350e-02 
-8.504177e-04 -8.642859e-03 
8.966207e-04 -4.561241e-02 
7.760527e-04 -5.540707e-02 
4.365248e-04 -4.299575e-02 
-9.320205e-06 -4.704635e-03 
-1.812752e-04 4.229409e-02 
-8.567358e-05 4.257501e-02 
7.180065e-05 5.837997e-03 
1.130190e-04 -7.513482e-02 
-6.568875e-01 6.067244e-01 
-3.809898e-02 5.993099e-01 
5.526765e-03 4.169640e-01 
3.990355e-03 1.688125e-01 
2.269679e-04 2.102963e-02 
-1.138402e-03 -6.402975e-02 
-6.677500e-04 -8.924054e-02 
5.467570e-04 -4.790660e-02 
6.811036e-04 -1.474589e-02 
6.633740e-04 1.132240e-02 
2.446675e-04 3.161497e-02 
-6.867284e-04 3.756625e-02 
-4.396521e-04 3.123715e-02 
-1.966931e-04 1.522961e-02 
-2.848862e-06 -1.339021e-02 
1.206104e-04 -4.075119e-02 
5.355721e-05 -2.784055e-02 
-9.670487e-05 1.461550e-02 
-2.470915e-04 9.034516e-02 
-1.692742e-01 4.334783e-01 
3.264875e-03 3.681544e-01 
4.205945e-03 2.249821e-01 
1.589206e-04 4.070085e-02 
-1.156344e-03 -5.689400e-02 
-1.301998e-03 -9.984706e-02 
-4.365715e-04 -8.574559e-02 
3.873794e-04 -2.051759e-02 
2.598372e-04 2.074650e-02 
-4.918324e-05 4.298822e-02 
-4.111013e-04 4.363234e-02 
-1.986563e-04 2.073132e-02 
3.750684e-05 8.452768e-04 
1.846418e-04 -1.742695e-02 
2.217677e-04 -3.410651e-02 
1.710999e-04 -3.841515e-02 
6.240235e-05 -2.053910e-02 
-9.244407e-05 1.345031e-02 
-2.413197e-04 6.359653e-02 
3.745874e-04 -9.510206e-03 
1.219651e-04 -2.088056e-02 
-4.960536e-04 -3.260246e-02 
-1.045835e-03 -3.890893e-02 
-5.030523e-04 -2.779762e-02 
-1.719426e-04 -1.288812e-02 
-5.224256e-06 -6.246034e-05 
-1.189792e-05 5.758846e-03 
-5.945883e-05 7.546698e-03 
-9.165105e-05 3.988966e-03 
9.198993e-06 -5.647777e-03 
2.012855e-04 -1.727497e-02 
1.667397e-04 -1.970113e-02 
5.650968e-05 -1.415313e-02 
-8.999851e-05 -6.723162e-05 
-1.035940e-04 1.603873e-02 
-7.100570e-05 1.941602e-02 
-2.261741e-05 1.184679e-02 
1.390622e-05 -8.536597e-03 
-2.419483e-01 -4.566781e-01 
-1.015111e-02 -4.305666e-01 
-6.796467e-03 -3.128092e-01 
-2.351617e-03 -1.311583e-01 
3.787947e-04 -4.197221e-03 
1.070349e-03 7.430142e-02 
3.274238e-04 9.133435e-02 
-3.626943e-04 4.056595e-02 
-3.162105e-04 2.045609e-03 
-7.017156e-05 -3.017947e-02 
4.758750e-04 -5.493374e-02 
6.558139e-04 -6.047097e-02 
3.328436e-04 -4.612101e-02 
-7.243381e-05 -1.462547e-02 
-4.132918e-04 3.507229e-02 
-3.286467e-04 7.739393e-02 
-1.186037e-04 6.623360e-02 
7.738865e-05 1.293127e-02 
6.256351e-05 -8.638991e-02 
-7.958723e-01 -6.014872e-01 
-7.713536e-02 -6.779733e-01 
-1.445217e-02 -5.214002e-01 
-3.716197e-03 -2.630345e-01 
-6.328120e-04 -8.411614e-02 
2.598765e-04 3.422961e-02 
1.571557e-04 8.999900e-02 
-4.112847e-04 6.753175e-02 
-5.839245e-04 3.938886e-02 
-5.952842e-04 5.308796e-03 
-1.229705e-04 -3.737955e-02 
8.910288e-04 -7.398257e-02 
7.166202e-04 -7.553870e-02 
3.288312e-04 -4.786889e-02 
-1.525815e-04 1.315693e-02 
-3.528428e-04 8.048498e-02 
-1.975523e-04 7.292058e-02 
8.493634e-05 6.553239e-03 
2.981522e-04 -1.263274e-01 
-5.510245e-01 5.817770e-01 
6.844413e-03 4.307217e-01 
1.371452e-02 2.621149e-01 
6.476096e-04 1.451752e-01 
-3.350999e-05 7.249760e-02 
3.961760e-05 2.154696e-02 
2.673820e-04 -1.089286e-02 
2.853061e-04 -1.802206e-02 
2.708588e-04 -1.770953e-02 
2.417609e-04 -1.022773e-02 
-4.499117e-05 7.406879e-03 
-4.502087e-04 2.797418e-02 
-3.732425e-04 3.234404e-02 
-2.506985e-04 2.411959e-02 
-7.955828e-05 -1.227462e-04 
9.413085e-05 -2.790148e-02 
5.631179e-05 -1.967885e-02 
-7.341307e-05 1.465764e-02 
-2.784677e-04 8.040517e-02 
