poroelastic
-1.645660e-03 9.836105e-02 
5.476396e-03 1.356953e-01 
1.086315e-02 8.854977e-02 
-4.182681e-03 -3.140490e-02 
-5.124101e-03 -8.163384e-02 
-4.315747e-03 -9.361111e-02 
-2.262277e-03 -7.315671e-02 
-1.045514e-04 -2.857406e-02 
1.862324e-04 3.363466e-03 
-2.215764e-04 2.291764e-02 
-7.585045e-04 2.568858e-02 
-8.901758e-05 8.104492e-03 
1.843652e-04 -3.220160e-03 
3.172721e-04 -1.094526e-02 
3.190689e-04 -1.596834e-02 
1.742882e-04 -1.561502e-02 
5.514704e-05 -9.179690e-03 
-4.868351e-05 1.378822e-03 
-9.269252e-05 1.651088e-02 
-1.633229e-01 -3.338503e-01 
1.267125e-02 -2.352018e-01 
3.029627e-03 -1.622678e-01 
-8.112567e-03 -1.207259e-01 
-3.687307e-03 -7.004789e-02 
-1.185175e-03 -2.269995e-02 
-4.267018e-04 8.560744e-03 
-5.529080e-04 1.104950e-02 
-5.918780e-04 1.112612e-02 
-7.734103e-04 4.730778e-03 
-3.064937e-04 -1.253902e-02 
1.081125e-03 -3.545334e-02 
8.427369e-04 -3.710798e-02 
3.241113e-04 -2.241808e-02 
-3.073666e-04 1.006718e-02 
-4.474574e-04 4.292752e-02 
-2.170133e-04 3.857944e-02 
1.078256e-04 5.555048e-03 
2.527874e-04 -6.080717e-02 
-6.622476e-01 -5.371496e-01 
-1.530698e-02 -4.751572e-01 
3.230206e-03 -3.430651e-01 
-1.431885e-02 -2.351858e-01 
-6.921884e-03 -1.446972e-01 
-2.854087e-03 -6.822541e-02 
-9.872294e-04 -7.543830e-03 
-7.269923e-04 2.217137e-02 
-9.949135e-04 3.497369e-02 
-1.694684e-03 3.073305e-02 
-1.540019e-03 3.006015e-03 
1.507010e-03 -4.206048e-02 
1.517033e-03 -5.711972e-02 
1.009102e-03 -4.753189e-02 
1.468969e-04 -9.383036e-03 
-4.057250e-04 4.013596e-02 
-2.525862e-04 4.105549e-02 
1.495543e-04 3.345937e-03 
4.627162e-04 -8.092081e-02 
-6.057246e-01 6.241155e-01 
-2.631518e-02 5.882633e-01 
1.050659e-02 3.870372e-01 
3.957225e-03 1.264768e-01 
-1.222223e-03 -2.134145e-02 
-2.477712e-03 -9.828465e-02 
-7.893833e-04 -1.073720e-01 
1.260315e-03 -4.721630e-02 
1.136057e-03 -2.384862e-03 
7.166163e-04 2.928852e-02 
-2.198187e-04 4.648862e-02 
-1.161244e-03 3.932515e-02 
-6.306824e-04 2.584049e-02 
-1.681491e-04 7.109559e-03 
1.917751e-04 -1.931503e-02 
3.288294e-04 -4.069609e-02 
1.178659e-04 -2.657745e-02 
-2.432359e-04 1.342342e-02 
-5.410036e-04 8.197658e-02 
-1.291161e-01 4.286386e-01 
7.699019e-03 3.449739e-01 
6.199577e-03 1.846790e-01 
-2.067128e-03 -8.192967e-03 
-3.354560e-03 -1.016260e-01 
-2.773133e-03 -1.331235e-01 
-5.542121e-04 -1.017747e-01 
8.414569e-04 -1.978986e-02 
3.255873e-04 3.151691e-02 
-5.018929e-04 5.834926e-02 
-1.232253e-03 5.551678e-02 
-3.424854e-04 2.073954e-02 
2.238359e-04 -4.706634e-03 
5.460237e-04 -2.441944e-02 
6.029199e-04 -3.807706e-02 
3.841008e-04 -3.717785e-02 
1.139614e-04 -1.924337e-02 
-1.943162e-04 1.128545e-02 
-4.133185e-04 5.360654e-02 
1.727067e-03 -2.227928e-02 
8.626476e-04 -4.666938e-02 
-1.614954e-03 -7.361403e-02 
-4.142297e-03 -8.801328e-02 
-2.205335e-03 -7.154137e-02 
-9.862205e-04 -4.491641e-02 
-1.525793e-04 -1.604054e-02 
2.789443e-05 5.106948e-03 
-1.769843e-04 1.646742e-02 
-4.254661e-04 1.748727e-02 
-3.159328e-04 5.060929e-03 
4.719011e-04 -1.701852e-02 
5.177364e-04 -2.477382e-02 
3.255535e-04 -2.097983e-02 
-4.783433e-05 -4.468153e-03 
-2.307999e-04 1.629219e-02 
-1.765090e-04 2.010338e-02 
-3.939787e-05 1.001532e-02 
9.067787e-05 -1.681867e-02 
-2.836407e-01 -4.683893e-01 
-1.399316e-02 -4.603056e-01 
-1.170931e-02 -3.563918e-01 
-6.314990e-03 -1.806976e-01 
-7.363402e-04 -4.599243e-02 
1.077003e-03 4.568152e-02 
3.714449e-04 7.873409e-02 
-6.998639e-04 4.144421e-02 
-6.864720e-04 1.120954e-02 
-3.657362e-04 -1.772290e-02 
6.313131e-04 -4.607340e-02 
1.444191e-03 -6.144953e-02 
9.287290e-04 -5.168919e-02 
1.245224e-04 -2.107901e-02 
-7.530400e-04 3.180612e-02 
-8.744710e-04 7.925386e-02 
-4.325663e-04 6.773201e-02 
1.478936e-04 1.029759e-02 
4.615416e-04 -9.775821e-02 
-8.588414e-01 -6.050305e-01 
-9.321693e-02 -7.135181e-01 
-2.300932e-02 -5.666577e-01 
-8.772769e-03 -3.077079e-01 
-1.989884e-03 -1.184544e-01 
2.663592e-04 1.329147e-02 
2.435854e-04 8.386761e-02 
-8.824263e-04 7.214708e-02 
-1.292703e-03 5.006018e-02 
-1.412218e-03 1.752487e-02 
-5.008699e-04 -2.975726e-02 
1.951932e-03 -7.660113e-02 
1.732612e-03 -8.297068e-02 
9.290397e-04 -5.567585e-02 
-2.591832e-04 9.979467e-03 
-9.323748e-04 8.531870e-02 
-5.588871e-04 7.808855e-02 
2.152169e-04 5.870632e-03 
9.139067e-04 -1.403149e-01 
-5.106478e-01 6.074250e-01 
1.171023e-02 4.242168e-01 
1.338338e-02 2.362124e-01 
2.150834e-03 1.093935e-01 
5.414064e-04 3.929536e-02 
2.779162e-04 -3.355751e-03 
6.771975e-04 -2.306528e-02 
7.347895e-04 -1.721070e-02 
5.627624e-04 -8.665479e-03 
4.615804e-04 2.462224e-03 
-1.287384e-05 1.721369e-02 
-8.376965e-04 2.817553e-02 
-6.522666e-04 2.718857e-02 
-3.885837e-04 1.717757e-02 
-6.199112e-05 -4.341584e-03 
1.953407e-04 -2.602991e-02 
7.615838e-05 -1.740240e-02 
-2.035504e-04 1.262963e-02 
-5.085449e-04 6.822472e-02 
