poroelastic
1.291509e-02 4.219489e-02 
1.787720e-02 3.110811e-02 
1.435567e-02 -1.102644e-02 
-9.475761e-03 -3.206760e-02 
-8.069959e-03 -4.424894e-02 
-7.682586e-03 -5.106442e-02 
-8.321781e-03 -4.076115e-02 
-5.717962e-03 -2.647424e-02 
-2.618292e-03 -3.680938e-02 
-9.633693e-04 -4.239549e-02 
-7.380296e-05 -2.435720e-02 
-1.380930e-03 2.574207e-02 
-2.523006e-03 4.823885e-02 
-1.443509e-03 4.208430e-02 
1.721458e-03 3.383195e-03 
3.285033e-03 -5.073977e-02 
2.735258e-03 -6.704925e-02 
1.592859e-03 -5.262320e-02 
7.218189e-05 -3.127298e-03 
-5.214108e-02 1.441933e-01 
2.678419e-02 6.334409e-02 
1.745133e-02 -5.336290e-02 
-2.049329e-02 -1.173468e-01 
-1.613252e-02 -1.371784e-01 
-1.140859e-02 -1.218667e-01 
-5.848804e-03 -6.516087e-02 
-2.057595e-03 5.922334e-03 
-2.188005e-03 2.413616e-02 
-3.317704e-03 1.805554e-02 
-2.927917e-03 2.078532e-03 
8.047823e-04 -3.556302e-04 
6.166375e-04 1.357274e-03 
7.687599e-04 8.939812e-04 
1.497814e-03 -4.947599e-03 
1.572666e-03 -1.800826e-02 
1.365633e-03 -2.773517e-02 
1.185589e-03 -3.299495e-02 
7.791239e-04 -3.508870e-02 
1.275018e-01 3.810366e-01 
2.497519e-02 3.528239e-01 
3.242851e-02 1.710031e-01 
-1.382505e-02 -3.086554e-02 
-1.830494e-02 -1.448241e-01 
-1.698281e-02 -1.896702e-01 
-1.044807e-02 -1.547955e-01 
-1.978073e-03 -4.970912e-02 
-5.417101e-04 4.140610e-03 
-2.081447e-03 3.190114e-02 
-4.537872e-03 4.358546e-02 
-2.544130e-03 4.580362e-02 
-1.418366e-03 3.550200e-02 
4.305920e-04 1.137294e-02 
3.145572e-03 -2.820853e-02 
3.987598e-03 -6.929780e-02 
2.799604e-03 -7.054856e-02 
1.217962e-03 -4.162603e-02 
-4.120933e-04 1.625509e-02 
3.759286e-01 -2.311394e-01 
2.446906e-02 -2.004090e-01 
-1.615575e-03 -1.457794e-01 
-1.390999e-02 -9.851428e-02 
-7.546187e-03 -5.774110e-02 
-5.098316e-03 -3.134895e-02 
-6.433502e-03 -2.601083e-02 
-4.872034e-03 -4.604969e-02 
-1.134778e-03 -6.184161e-02 
1.018488e-03 -5.780079e-02 
9.337847e-04 -2.072756e-02 
-2.990104e-03 4.614781e-02 
-4.128385e-03 7.231515e-02 
-2.737691e-03 6.131718e-02 
1.309600e-03 7.715586e-03 
4.180372e-03 -6.996670e-02 
3.492875e-03 -8.775307e-02 
1.698942e-03 -5.751403e-02 
-6.645058e-04 2.542787e-02 
1.051606e-01 -5.179265e-02 
1.289628e-02 2.968058e-02 
8.798039e-03 2.541589e-02 
-1.292347e-02 -4.656520e-02 
-1.205736e-02 -9.935956e-02 
-1.116867e-02 -1.299476e-01 
-8.218553e-03 -1.222710e-01 
-2.077966e-03 -7.341854e-02 
3.878963e-04 -4.065741e-02 
4.372271e-04 -9.569241e-03 
-1.841629e-03 2.983514e-02 
-4.461345e-03 7.148370e-02 
-4.265504e-03 7.700728e-02 
-2.004285e-03 4.903377e-02 
2.691264e-03 -2.013867e-02 
5.591747e-03 -1.015696e-01 
4.222706e-03 -1.070028e-01 
1.453264e-03 -5.362368e-02 
-1.798274e-03 6.363015e-02 
1.344128e-02 1.002517e-01 
1.915028e-02 1.086947e-01 
1.015035e-02 2.439659e-02 
-1.985870e-02 -1.007768e-01 
-1.731283e-02 -1.728954e-01 
-1.369289e-02 -1.932648e-01 
-6.432451e-03 -1.433191e-01 
-1.409704e-04 -3.479118e-02 
-4.771825e-04 2.642587e-02 
-2.946350e-03 5.702669e-02 
-5.165408e-03 5.756070e-02 
-1.781232e-03 3.567021e-02 
-4.364660e-04 1.689371e-02 
1.041179e-03 -5.308039e-03 
2.923350e-03 -3.284802e-02 
3.363125e-03 -5.598840e-02 
2.378900e-03 -5.627111e-02 
1.131563e-03 -3.555016e-02 
-1.752301e-04 6.674868e-03 
3.270281e-03 3.418462e-01 
2.982164e-02 2.783623e-01 
1.629561e-02 9.804030e-02 
-2.737619e-02 -1.313232e-01 
-2.508165e-02 -2.715270e-01 
-1.902389e-02 -3.134641e-01 
-5.546005e-03 -2.183934e-01 
2.614390e-03 -4.020970e-03 
-1.248783e-03 1.130601e-01 
-7.250932e-03 1.526129e-01 
-1.006331e-02 1.068356e-01 
9.791322e-04 -6.099871e-04 
4.323114e-03 -5.692569e-02 
5.045211e-03 -7.562155e-02 
3.429683e-03 -5.198673e-02 
6.181372e-04 -6.185208e-04 
9.976799e-05 9.841815e-03 
8.298625e-04 -1.031264e-02 
1.978107e-03 -7.281682e-02 
4.206177e-01 6.633727e-01 
7.117875e-02 7.153971e-01 
3.081902e-02 4.229433e-01 
-1.710657e-02 -2.050198e-02 
-2.300434e-02 -2.915302e-01 
-1.982481e-02 -4.009891e-01 
-6.062679e-03 -3.171432e-01 
5.066924e-03 -3.992293e-02 
7.314064e-04 1.315066e-01 
-6.848404e-03 2.078563e-01 
-1.263787e-02 1.746058e-01 
-1.582892e-03 3.362626e-02 
4.119092e-03 -5.669690e-02 
6.489557e-03 -1.037984e-01 
5.618942e-03 -9.843052e-02 
1.797587e-03 -3.711129e-02 
2.521955e-05 -1.019414e-03 
-3.920702e-04 1.251233e-02 
2.817840e-04 -9.436246e-03 
5.815824e-01 -5.794931e-01 
-2.943280e-02 -3.950871e-01 
-2.990595e-02 -2.478194e-01 
-1.512007e-02 -1.624470e-01 
-6.915450e-03 -9.760511e-02 
-3.864873e-03 -5.048134e-02 
-3.756812e-03 -2.547797e-02 
-2.511209e-03 -2.200720e-02 
-1.143933e-03 -1.811439e-02 
-1.185514e-03 -9.044747e-03 
-1.618794e-03 2.196426e-03 
-2.659379e-04 8.101393e-03 
-2.886373e-04 9.710422e-03 
-4.970469e-07 6.458972e-03 
7.505121e-04 -1.628521e-04 
1.225955e-03 -9.290008e-03 
1.341935e-03 -2.149759e-02 
1.571535e-03 -3.486539e-02 
1.599868e-03 -5.181638e-02 
