poroelastic
1.144729e-03 1.538023e-01 
1.178371e-02 2.180255e-01 
1.984256e-02 1.497089e-01 
-5.804295e-03 -3.794109e-02 
-8.509348e-03 -1.344826e-01 
-8.354349e-03 -1.703602e-01 
-5.900350e-03 -1.438830e-01 
-1.737628e-03 -6.479841e-02 
-2.872105e-04 -6.122218e-03 
-2.924992e-04 3.283657e-02 
-8.157186e-04 4.422283e-02 
6.714951e-05 2.111783e-02 
1.892756e-04 3.251276e-03 
2.828704e-04 -1.196595e-02 
2.928276e-04 -2.425795e-02 
7.717371e-05 -2.912713e-02 
2.244464e-05 -2.822890e-02 
-1.315807e-06 -2.361733e-02 
-1.968282e-05 -1.752482e-02 
-2.221456e-01 -4.586327e-01 
1.348396e-02 -3.051301e-01 
5.353610e-03 -1.792758e-01 
-8.338437e-03 -1.196135e-01 
-4.040988e-03 -6.231428e-02 
-1.980366e-03 -1.909356e-02 
-2.066915e-03 -5.585899e-03 
-1.681789e-03 -2.668734e-02 
-9.831977e-04 -3.276260e-02 
-6.552300e-04 -3.158030e-02 
-2.517744e-04 -2.543033e-02 
1.986464e-04 -1.769470e-02 
7.766737e-05 -6.762491e-03 
2.431547e-05 7.261569e-03 
6.772058e-05 2.422778e-02 
7.806805e-05 3.242703e-02 
8.017791e-05 1.552195e-02 
2.867216e-05 -2.083909e-02 
-1.822688e-04 -8.035765e-02 
-9.588222e-01 -8.255133e-01 
-3.136182e-02 -7.377906e-01 
1.196146e-03 -4.918363e-01 
-1.555036e-02 -2.784939e-01 
-6.542919e-03 -1.285052e-01 
-2.314575e-03 -3.015324e-02 
-1.775170e-03 1.277514e-02 
-1.848902e-03 -3.578136e-03 
-1.328618e-03 -1.431165e-02 
-1.300503e-03 -2.278567e-02 
-9.811478e-04 -3.176635e-02 
4.499265e-04 -3.958073e-02 
2.960670e-04 -3.224748e-02 
1.569275e-04 -1.201253e-02 
1.113726e-04 2.197316e-02 
5.595972e-05 5.000292e-02 
7.385301e-05 2.842686e-02 
6.325173e-05 -3.149769e-02 
-1.100208e-04 -1.360206e-01 
-8.438918e-01 1.010164e+00 
-2.148180e-02 9.512153e-01 
1.940294e-02 6.110309e-01 
3.204983e-03 1.650836e-01 
-4.701817e-03 -1.007852e-01 
-6.903267e-03 -2.397941e-01 
-4.394427e-03 -2.380210e-01 
-1.735492e-04 -9.069450e-02 
7.434809e-04 1.124426e-02 
6.265458e-04 7.529122e-02 
-1.917227e-04 9.639177e-02 
-2.778407e-04 6.219264e-02 
-4.621207e-06 2.879696e-02 
1.498608e-04 -4.052233e-03 
1.760444e-04 -3.788720e-02 
2.765011e-05 -5.839649e-02 
2.881385e-05 -4.573650e-02 
1.385834e-05 -8.937484e-03 
-4.147317e-05 5.226574e-02 
-1.334406e-01 6.005740e-01 
1.271301e-02 4.710668e-01 
6.848561e-03 2.375712e-01 
-3.205517e-03 -2.675498e-02 
-5.207558e-03 -1.634431e-01 
-5.061200e-03 -2.129117e-01 
-2.749300e-03 -1.654523e-01 
-1.620470e-04 -3.807353e-02 
3.062696e-04 3.965498e-02 
-6.931254e-06 7.880756e-02 
-5.788504e-04 7.118397e-02 
6.319377e-05 1.706237e-02 
1.745883e-04 -1.631462e-02 
1.969313e-04 -3.538876e-02 
1.347749e-04 -3.749259e-02 
1.577740e-05 -2.248305e-02 
1.131665e-05 -1.351510e-02 
1.014649e-05 -9.847537e-03 
2.595513e-05 -1.643557e-02 
1.878147e-03 6.033388e-03 
1.796515e-03 -4.716316e-03 
-6.869440e-04 -4.094810e-02 
-4.871115e-03 -8.341914e-02 
-3.519419e-03 -9.191777e-02 
-2.728847e-03 -8.522498e-02 
-1.890823e-03 -6.594426e-02 
-7.050495e-04 -3.923137e-02 
-2.735440e-04 -1.833291e-02 
-1.998060e-04 -2.285744e-03 
-2.086523e-04 6.977848e-03 
4.650094e-05 5.354141e-03 
4.778060e-05 5.242471e-03 
7.049257e-05 5.296609e-03 
9.285130e-05 5.001411e-03 
2.340524e-05 1.514977e-03 
1.550244e-05 -8.749983e-03 
7.808804e-06 -2.511981e-02 
-1.867581e-05 -4.940327e-02 
-3.315235e-01 -5.715575e-01 
-1.901968e-02 -5.058269e-01 
-1.108340e-02 -3.456156e-01 
-5.802555e-03 -1.452134e-01 
-7.268143e-04 -7.346864e-03 
4.136680e-04 6.763704e-02 
-8.197622e-04 6.199522e-02 
-9.398662e-04 -2.058917e-02 
-6.237488e-04 -6.588421e-02 
-2.766194e-04 -8.168332e-02 
1.252122e-04 -6.348637e-02 
6.010676e-05 -1.731966e-02 
-5.595664e-05 1.511833e-02 
-5.768337e-05 3.743828e-02 
3.995507e-05 4.623379e-02 
6.394807e-05 3.249282e-02 
5.705833e-05 5.179197e-03 
1.219692e-05 -3.376470e-02 
-1.231892e-04 -8.459648e-02 
-1.148283e+00 -8.946734e-01 
-1.289439e-01 -1.012233e+00 
-2.915151e-02 -7.420008e-01 
-8.866254e-03 -3.354518e-01 
-1.188439e-03 -6.306638e-02 
1.127694e-03 9.802065e-02 
4.619778e-04 1.387053e-01 
-4.871829e-04 4.775772e-02 
-6.110990e-04 -1.751185e-02 
-5.744053e-04 -5.897322e-02 
-2.616460e-04 -7.593817e-02 
1.975317e-04 -6.182010e-02 
1.071696e-04 -3.612793e-02 
2.104001e-05 -1.930233e-03 
-2.426393e-05 4.117000e-02 
-4.498022e-05 7.063950e-02 
1.471385e-06 4.212336e-02 
5.375103e-05 -3.077365e-02 
6.321007e-05 -1.533711e-01 
-7.202507e-01 9.957902e-01 
2.479624e-02 7.418531e-01 
1.402249e-02 4.158678e-01 
9.295883e-04 1.448694e-01 
-5.538128e-04 -1.461356e-02 
-7.614417e-04 -1.052466e-01 
-8.835231e-05 -1.200515e-01 
1.369506e-04 -5.535860e-02 
3.958676e-05 -7.470256e-03 
-4.414754e-05 2.817647e-02 
-1.331923e-04 5.221821e-02 
-1.073730e-04 5.557148e-02 
-4.470432e-05 4.354788e-02 
2.199566e-05 1.907816e-02 
3.152351e-05 -2.063102e-02 
2.091029e-05 -5.776035e-02 
6.566476e-05 -5.144344e-02 
4.192132e-05 -1.316340e-02 
-1.025495e-04 5.930758e-02 
