poroelastic
4.958859e-02 -6.074322e-02 
4.805805e-02 -8.969099e-02 
2.598502e-02 -1.251018e-01 
-4.643655e-02 -1.955573e-01 
-3.775263e-02 -2.201194e-01 
-2.808983e-02 -2.012249e-01 
-1.822970e-02 -1.608526e-01 
-4.457462e-03 -8.366685e-02 
-8.800121e-04 2.242591e-02 
-6.471024e-03 1.004055e-01 
-1.255576e-02 1.017203e-01 
2.477179e-03 -8.267568e-03 
6.099914e-03 -6.615021e-02 
5.908539e-03 -7.645167e-02 
2.761216e-03 -3.449186e-02 
-7.566180e-04 3.451566e-02 
-5.247840e-04 3.759092e-02 
1.211192e-03 -9.418577e-03 
2.625466e-03 -1.166868e-01 
-1.779791e-01 -3.358975e-01 
1.738060e-03 -2.895701e-01 
-5.069575e-03 -1.607866e-01 
-1.839062e-02 -8.232989e-02 
-8.561254e-03 -3.819551e-02 
-5.695237e-03 -1.892781e-02 
-8.216617e-03 -4.392546e-02 
-4.709534e-03 -8.570546e-02 
4.377785e-04 -5.235935e-02 
7.913799e-04 1.211403e-03 
-2.301744e-03 3.795525e-02 
-5.038091e-04 7.947661e-03 
7.969545e-04 -9.879220e-03 
7.275840e-04 -1.103294e-02 
-4.324896e-04 8.837799e-03 
-1.423207e-03 4.023247e-02 
-6.682620e-04 3.254722e-02 
7.254790e-04 -5.304656e-03 
1.701758e-03 -7.467689e-02 
-8.230767e-01 -5.783229e-01 
-8.302481e-02 -7.247275e-01 
-4.010835e-02 -5.400791e-01 
-5.607092e-02 -3.083400e-01 
-2.413852e-02 -1.622441e-01 
-9.619876e-03 -6.817137e-02 
-5.302978e-03 -2.685282e-02 
-3.040896e-03 -2.900387e-02 
-1.491521e-03 7.831028e-03 
-3.814807e-03 4.297631e-02 
-6.537669e-03 4.384632e-02 
2.405153e-03 -2.181376e-02 
4.209235e-03 -5.098625e-02 
3.177575e-03 -4.369068e-02 
1.330854e-04 3.840799e-03 
-2.635447e-03 7.177663e-02 
-1.366562e-03 5.955142e-02 
1.567939e-03 -1.374465e-02 
4.160464e-03 -1.516485e-01 
-1.868698e-01 6.978599e-01 
6.387940e-02 4.903645e-01 
3.971107e-02 1.896759e-01 
-3.326448e-02 -1.138249e-01 
-4.083639e-02 -2.853399e-01 
-3.332656e-02 -3.410439e-01 
-1.031311e-02 -2.661730e-01 
7.625219e-03 -6.191087e-02 
4.036251e-03 9.801406e-02 
-5.058864e-03 1.881432e-01 
-1.359666e-02 1.704629e-01 
-5.877599e-04 2.191418e-02 
5.444364e-03 -6.390584e-02 
6.633017e-03 -9.477772e-02 
3.533434e-03 -6.181913e-02 
-1.204491e-03 2.426280e-02 
-1.616439e-03 4.600951e-02 
-2.079894e-04 1.844068e-02 
1.905484e-03 -6.640536e-02 
2.249710e-01 2.108392e-01 
3.076573e-02 -3.311254e-02 
-1.822522e-02 -2.432965e-01 
-6.358700e-02 -3.401653e-01 
-4.127719e-02 -3.242352e-01 
-2.154224e-02 -2.413397e-01 
-2.724984e-03 -1.161091e-01 
3.656772e-03 1.170974e-02 
-5.557641e-04 1.036294e-01 
-7.571046e-03 1.441460e-01 
-1.106164e-02 9.874106e-02 
4.025125e-03 -3.810384e-02 
7.833503e-03 -1.015305e-01 
6.911463e-03 -1.030130e-01 
1.492716e-03 -2.953106e-02 
-3.968697e-03 8.441234e-02 
-3.102815e-03 8.979376e-02 
4.745758e-04 1.447729e-02 
4.837213e-03 -1.548210e-01 
1.680049e-02 -2.714390e-01 
-1.039865e-02 -4.121256e-01 
-4.743105e-02 -4.430661e-01 
-6.539534e-02 -3.685042e-01 
-3.226251e-02 -2.573743e-01 
-1.253893e-02 -1.389628e-01 
-1.136286e-03 -4.257524e-02 
1.155884e-03 -1.688706e-03 
-3.926619e-04 4.200741e-02 
-3.836245e-03 6.972982e-02 
-5.889064e-03 5.437827e-02 
2.006446e-03 -1.858799e-02 
4.153615e-03 -5.390162e-02 
3.561437e-03 -5.285177e-02 
2.218938e-04 -4.046374e-03 
-3.006627e-03 6.893742e-02 
-1.986665e-03 6.458961e-02 
8.896475e-04 8.086005e-04 
3.959438e-03 -1.315528e-01 
-5.357455e-01 -7.235896e-01 
-9.200739e-02 -8.731666e-01 
-9.686499e-02 -7.428818e-01 
-6.276147e-02 -4.264179e-01 
-1.133586e-02 -1.284846e-01 
8.954137e-03 9.366422e-02 
4.234131e-03 1.653856e-01 
-4.293168e-03 2.966687e-02 
-2.107784e-03 -4.227390e-02 
7.790159e-04 -6.730138e-02 
3.096761e-03 -5.678085e-02 
2.102098e-03 -2.890798e-02 
1.228436e-04 -3.833319e-03 
-1.565588e-03 2.214903e-02 
-2.832802e-03 5.137352e-02 
-2.694780e-03 6.723357e-02 
-7.861188e-04 3.650284e-02 
1.797045e-03 -2.589370e-02 
3.852006e-03 -1.185556e-01 
-1.531232e+00 -1.067534e+00 
-3.839839e-01 -1.605404e+00 
-1.930226e-01 -1.331230e+00 
-7.663278e-02 -6.527611e-01 
-1.020938e-03 -1.249990e-01 
2.412987e-02 2.252058e-01 
1.448555e-02 3.521151e-01 
-4.524885e-03 1.659295e-01 
-5.478264e-03 2.199946e-02 
-2.031548e-03 -7.264839e-02 
4.147854e-03 -1.210661e-01 
7.827366e-03 -1.083630e-01 
4.403474e-03 -6.634581e-02 
-9.937583e-05 -3.705951e-03 
-5.130363e-03 8.003369e-02 
-7.398110e-03 1.502195e-01 
-3.828999e-03 1.068573e-01 
2.213492e-03 -1.937492e-02 
8.524350e-03 -2.290396e-01 
-3.047282e-01 1.157752e+00 
7.422660e-02 5.143755e-01 
-5.404060e-03 3.391460e-02 
-3.201297e-02 -1.892294e-01 
-2.369312e-02 -2.609039e-01 
-9.847615e-03 -2.367165e-01 
8.758410e-03 -1.114353e-01 
6.740271e-03 5.394970e-02 
-1.000741e-03 1.436484e-01 
-7.074712e-03 1.708042e-01 
-9.569685e-03 1.228287e-01 
-1.456837e-04 8.369586e-03 
4.505067e-03 -5.928012e-02 
5.675994e-03 -8.307022e-02 
3.082044e-03 -5.153601e-02 
-1.435626e-03 2.414379e-02 
-2.113857e-03 4.545438e-02 
-6.599123e-04 2.145402e-02 
2.382569e-03 -5.916701e-02 
