poroelastic
1.078527e-02 3.378848e-03 
1.178426e-02 -2.012557e-02 
7.935259e-03 -4.614130e-02 
-5.057221e-03 -3.845148e-02 
-3.791219e-03 -3.627230e-02 
-3.415023e-03 -3.689026e-02 
-3.677588e-03 -3.099265e-02 
-2.471589e-03 -2.250731e-02 
-1.196285e-03 -2.572669e-02 
-6.623961e-04 -2.433657e-02 
-5.126912e-04 -7.555633e-03 
-6.912666e-04 2.617820e-02 
-9.346255e-04 3.901205e-02 
-4.186134e-04 3.133283e-02 
7.874606e-04 1.739170e-04 
1.260659e-03 -4.100684e-02 
1.041511e-03 -5.392687e-02 
6.215192e-04 -4.328849e-02 
6.607322e-05 -6.195539e-03 
-3.415685e-02 1.780351e-01 
1.640718e-02 7.861698e-02 
1.335694e-02 -3.768642e-02 
-1.069583e-02 -1.010720e-01 
-9.324217e-03 -1.287668e-01 
-6.950946e-03 -1.227411e-01 
-2.961451e-03 -7.075468e-02 
-3.609281e-06 8.131727e-03 
-4.259763e-04 4.015845e-02 
-1.717353e-03 4.457194e-02 
-2.280807e-03 2.617787e-02 
4.184203e-04 1.070842e-03 
7.376058e-04 -1.155357e-02 
8.678940e-04 -1.768887e-02 
8.551825e-04 -1.665719e-02 
4.851810e-04 -1.142499e-02 
3.558356e-04 -1.350065e-02 
3.476509e-04 -1.956097e-02 
2.939299e-04 -3.253518e-02 
2.084159e-01 4.670971e-01 
1.424611e-02 4.076639e-01 
2.169598e-02 2.012722e-01 
-5.993863e-03 -1.846734e-02 
-1.053288e-02 -1.461790e-01 
-1.049662e-02 -1.987223e-01 
-6.050784e-03 -1.610689e-01 
-1.197821e-04 -4.154296e-02 
4.501014e-04 2.673809e-02 
-9.323884e-04 6.251594e-02 
-2.949006e-03 6.847105e-02 
-1.175624e-03 4.663433e-02 
-1.907578e-04 2.197713e-02 
7.580284e-04 -7.219187e-03 
1.683028e-03 -4.007491e-02 
1.565023e-03 -6.309754e-02 
9.789082e-04 -5.746834e-02 
3.412733e-04 -2.925652e-02 
-2.193142e-04 2.043289e-02 
4.650563e-01 -3.547689e-01 
2.783438e-02 -3.405927e-01 
-4.214293e-03 -2.366171e-01 
-7.417673e-03 -1.195744e-01 
-2.585837e-03 -3.940696e-02 
-7.556715e-04 6.486811e-03 
-1.857937e-03 1.055976e-02 
-2.435786e-03 -2.836622e-02 
-9.000149e-04 -5.260116e-02 
2.214411e-04 -5.337063e-02 
4.551688e-04 -2.172538e-02 
-1.111954e-03 3.642131e-02 
-1.559674e-03 5.961885e-02 
-1.000252e-03 5.173099e-02 
5.363095e-04 8.724438e-03 
1.445197e-03 -5.381502e-02 
1.230109e-03 -7.006860e-02 
6.384922e-04 -4.842574e-02 
-1.815445e-04 1.591350e-02 
1.177702e-01 -1.317331e-01 
4.637682e-03 -5.573071e-02 
1.712686e-03 -2.724337e-02 
-5.252327e-03 -5.124943e-02 
-4.458292e-03 -7.272773e-02 
-4.132512e-03 -8.732565e-02 
-3.414238e-03 -8.544199e-02 
-1.167788e-03 -6.209097e-02 
1.241421e-04 -4.032022e-02 
3.870864e-04 -1.243770e-02 
-5.923894e-04 2.733272e-02 
-1.989607e-03 6.796871e-02 
-1.848633e-03 7.236206e-02 
-8.281609e-04 4.528046e-02 
1.132009e-03 -1.858823e-02 
2.201337e-03 -9.036712e-02 
1.657451e-03 -9.478323e-02 
5.427445e-04 -4.620534e-02 
-7.795719e-04 6.154356e-02 
6.400716e-03 5.115561e-02 
7.847557e-03 4.503281e-02 
3.302323e-03 -2.028651e-02 
-9.453806e-03 -1.081431e-01 
-7.917350e-03 -1.542382e-01 
-6.110727e-03 -1.596441e-01 
-2.733294e-03 -1.099140e-01 
8.012628e-05 -1.920358e-02 
-9.295805e-05 3.179911e-02 
-1.251504e-03 5.626850e-02 
-2.291202e-03 5.270982e-02 
-5.520330e-04 2.728499e-02 
8.465690e-05 7.049764e-03 
6.525897e-04 -1.241089e-02 
1.198868e-03 -3.054859e-02 
1.119810e-03 -4.098309e-02 
7.384948e-04 -3.942795e-02 
3.611061e-04 -2.600562e-02 
1.413403e-05 -1.368921e-03 
-1.641221e-02 3.035966e-01 
1.277599e-02 2.119239e-01 
6.209729e-03 4.106174e-02 
-1.353350e-02 -1.435993e-01 
-1.185672e-02 -2.456576e-01 
-8.789094e-03 -2.634197e-01 
-2.432918e-03 -1.674887e-01 
1.416503e-03 1.588111e-02 
-3.230031e-04 1.124269e-01 
-3.130151e-03 1.404866e-01 
-4.388084e-03 9.112760e-02 
9.075635e-04 -1.208968e-02 
2.227607e-03 -6.406457e-02 
2.321093e-03 -7.742056e-02 
1.287117e-03 -4.497791e-02 
-5.042017e-05 1.464255e-02 
-1.321680e-04 2.401668e-02 
3.213955e-04 -3.766401e-03 
7.675868e-04 -7.989811e-02 
4.003824e-01 6.460483e-01 
4.113689e-02 6.498654e-01 
1.171481e-02 3.648329e-01 
-6.811870e-03 -2.820502e-02 
-9.498201e-03 -2.611136e-01 
-8.829863e-03 -3.493220e-01 
-3.343318e-03 -2.646887e-01 
2.452312e-03 -1.932426e-02 
8.442266e-04 1.264490e-01 
-2.519050e-03 1.870794e-01 
-5.228891e-03 1.506019e-01 
-3.573837e-04 2.388089e-02 
1.880868e-03 -5.525186e-02 
2.693696e-03 -9.483080e-02 
2.137876e-03 -8.601807e-02 
5.617079e-04 -2.875662e-02 
-6.144659e-05 2.744406e-03 
-1.649198e-04 1.328227e-02 
8.681115e-05 -7.769065e-03 
5.930976e-01 -5.893003e-01 
-1.717182e-02 -4.687080e-01 
-2.086626e-02 -3.038399e-01 
-5.102959e-03 -1.643478e-01 
-1.673228e-03 -6.833855e-02 
-5.133580e-04 -5.044012e-03 
-9.724363e-04 1.808284e-02 
-1.329915e-03 -3.761271e-03 
-6.650649e-04 -1.944603e-02 
-3.421467e-04 -2.499020e-02 
-9.180890e-05 -1.936216e-02 
2.354814e-04 -4.058176e-03 
-4.970535e-05 6.494046e-03 
-1.305252e-04 1.195341e-02 
4.248448e-05 1.269524e-02 
2.182972e-04 5.376548e-03 
3.884125e-04 -1.081302e-02 
6.051001e-04 -3.177046e-02 
6.786058e-04 -5.783494e-02 
