poroelastic
1.579070e-02 5.859462e-02 
2.349436e-02 5.172784e-02 
1.935806e-02 -6.941458e-04 
-1.329006e-02 -3.615095e-02 
-1.138000e-02 -5.143878e-02 
-1.057202e-02 -5.657160e-02 
-1.154644e-02 -4.054954e-02 
-8.516197e-03 -2.447389e-02 
-4.038695e-03 -4.147668e-02 
-1.318825e-03 -5.359600e-02 
6.751884e-04 -3.751139e-02 
-1.306631e-03 2.068539e-02 
-3.417407e-03 4.956020e-02 
-2.177686e-03 4.611551e-02 
2.177204e-03 6.580282e-03 
4.499377e-03 -5.160449e-02 
3.796187e-03 -7.018220e-02 
2.263682e-03 -5.650577e-02 
1.658666e-04 -5.485544e-03 
-6.435774e-02 1.215169e-01 
3.368546e-02 4.727432e-02 
1.947221e-02 -7.122004e-02 
-2.778017e-02 -1.326507e-01 
-2.059997e-02 -1.423115e-01 
-1.390377e-02 -1.161947e-01 
-7.850762e-03 -5.459430e-02 
-4.183211e-03 8.176723e-03 
-3.715795e-03 1.509546e-02 
-4.116241e-03 7.177274e-05 
-2.371903e-03 -1.684515e-02 
1.466850e-03 -5.986001e-03 
3.517904e-04 5.747776e-03 
1.782907e-04 1.132406e-02 
1.418028e-03 5.278164e-03 
2.179753e-03 -1.627175e-02 
2.114400e-03 -3.177964e-02 
1.915690e-03 -3.994525e-02 
1.253056e-03 -4.140395e-02 
7.303798e-02 3.290978e-01 
2.989649e-02 3.110851e-01 
3.783497e-02 1.422324e-01 
-2.006765e-02 -4.545211e-02 
-2.341317e-02 -1.463341e-01 
-2.091585e-02 -1.817675e-01 
-1.363667e-02 -1.454382e-01 
-3.992873e-03 -5.036703e-02 
-1.504898e-03 -7.174697e-03 
-2.546087e-03 1.331992e-02 
-4.636011e-03 2.545829e-02 
-2.961823e-03 4.052946e-02 
-2.341155e-03 3.986414e-02 
-2.775152e-04 2.128638e-02 
3.557475e-03 -1.853343e-02 
5.429761e-03 -6.788389e-02 
4.040939e-03 -7.396877e-02 
1.972164e-03 -4.772196e-02 
-3.207630e-04 9.282509e-03 
3.263817e-01 -1.557415e-01 
2.678432e-02 -1.231067e-01 
2.951415e-03 -9.969912e-02 
-1.836577e-02 -9.080326e-02 
-1.167300e-02 -6.967878e-02 
-8.734975e-03 -5.129033e-02 
-9.805011e-03 -4.326900e-02 
-6.579519e-03 -5.371312e-02 
-1.367483e-03 -6.585103e-02 
1.476934e-03 -6.048068e-02 
1.313085e-03 -2.216227e-02 
-4.150726e-03 4.853786e-02 
-5.868708e-03 7.701574e-02 
-4.034042e-03 6.599566e-02 
1.656293e-03 9.181448e-03 
6.064040e-03 -7.528010e-02 
5.107090e-03 -9.450089e-02 
2.482244e-03 -6.158079e-02 
-9.956671e-04 2.778004e-02 
1.009287e-01 -4.859282e-03 
2.063785e-02 7.540032e-02 
1.512785e-02 5.005941e-02 
-1.891257e-02 -4.806945e-02 
-1.816610e-02 -1.166565e-01 
-1.663929e-02 -1.528976e-01 
-1.178247e-02 -1.397449e-01 
-2.853905e-03 -7.748216e-02 
3.319268e-04 -3.918201e-02 
1.915789e-04 -7.572276e-03 
-2.666020e-03 2.896850e-02 
-5.715756e-03 6.967463e-02 
-5.625692e-03 7.641511e-02 
-2.762981e-03 4.957884e-02 
3.541223e-03 -1.972369e-02 
7.805626e-03 -1.044949e-01 
5.957312e-03 -1.105337e-01 
2.124232e-03 -5.610544e-02 
-2.431126e-03 6.263077e-02 
1.875633e-02 1.257143e-01 
2.801517e-02 1.403066e-01 
1.590332e-02 4.449034e-02 
-2.738681e-02 -1.001217e-01 
-2.430911e-02 -1.849712e-01 
-1.946826e-02 -2.119185e-01 
-9.473265e-03 -1.617126e-01 
-4.196093e-04 -4.413217e-02 
-6.698118e-04 2.333142e-02 
-3.980087e-03 5.775271e-02 
-7.049386e-03 6.015044e-02 
-2.698342e-03 3.890654e-02 
-9.353206e-04 2.066365e-02 
1.115541e-03 -2.325691e-03 
3.970989e-03 -3.329408e-02 
5.017604e-03 -6.193701e-02 
3.662210e-03 -6.332377e-02 
1.765589e-03 -3.993193e-02 
-3.316319e-04 8.880138e-03 
1.228662e-02 3.563455e-01 
4.192857e-02 3.097621e-01 
2.452202e-02 1.265798e-01 
-3.671468e-02 -1.247996e-01 
-3.458181e-02 -2.854841e-01 
-2.679557e-02 -3.411627e-01 
-8.356687e-03 -2.485732e-01 
3.471861e-03 -1.765685e-02 
-1.531003e-03 1.128171e-01 
-9.724867e-03 1.607404e-01 
-1.402318e-02 1.177868e-01 
4.769293e-04 6.300039e-03 
5.378953e-03 -5.380801e-02 
6.751705e-03 -7.621515e-02 
5.042085e-03 -5.729604e-02 
1.385561e-03 -9.077563e-03 
4.344022e-04 3.037109e-03 
1.163083e-03 -1.234096e-02 
2.694626e-03 -6.791809e-02 
4.223686e-01 6.635377e-01 
9.068286e-02 7.443549e-01 
4.427434e-02 4.519388e-01 
-2.483638e-02 -1.755088e-02 
-3.301331e-02 -3.104079e-01 
-2.811060e-02 -4.322159e-01 
-8.513268e-03 -3.499477e-01 
6.778833e-03 -5.441453e-02 
8.743915e-04 1.342570e-01 
-9.577493e-03 2.215859e-01 
-1.776574e-02 1.906872e-01 
-2.800083e-03 3.915162e-02 
5.495521e-03 -5.900234e-02 
9.104604e-03 -1.105206e-01 
8.152930e-03 -1.061440e-01 
2.708830e-03 -4.021810e-02 
4.298259e-05 -8.477109e-04 
-5.801235e-04 1.323345e-02 
5.356907e-04 -1.236070e-02 
5.625577e-01 -5.602328e-01 
-3.380679e-02 -3.397844e-01 
-3.306348e-02 -2.072643e-01 
-2.232962e-02 -1.602487e-01 
-1.172416e-02 -1.173583e-01 
-7.357735e-03 -8.140975e-02 
-5.912531e-03 -5.522353e-02 
-2.805040e-03 -3.366505e-02 
-1.269229e-03 -1.479922e-02 
-2.105139e-03 5.284110e-03 
-3.584675e-03 1.966988e-02 
-1.055515e-03 1.572500e-02 
-3.904189e-04 9.290575e-03 
4.496293e-04 -2.904272e-04 
1.661968e-03 -1.048459e-02 
2.184245e-03 -1.772420e-02 
2.062184e-03 -2.584037e-02 
2.145329e-03 -3.432824e-02 
2.141428e-03 -4.745767e-02 
