poroelastic
-3.121181e-02 -1.182925e-01 
-4.767052e-02 -1.262596e-01 
-4.311106e-02 -3.122894e-02 
2.434416e-02 9.037575e-02 
2.711971e-02 1.505882e-01 
2.606538e-02 1.685161e-01 
2.381629e-02 1.371075e-01 
1.373349e-02 7.622030e-02 
6.749612e-03 5.103311e-02 
5.130663e-03 3.430446e-02 
4.327552e-03 9.196462e-03 
6.759963e-04 -3.051803e-02 
8.745620e-04 -4.287500e-02 
9.084396e-05 -2.985284e-02 
-1.959679e-03 1.178014e-02 
-2.778543e-03 6.690617e-02 
-2.016747e-03 8.500190e-02 
-1.198070e-03 7.404427e-02 
-3.068739e-04 3.403888e-02 
1.994658e-01 9.687259e-02 
-3.670944e-02 1.450499e-01 
-1.584575e-02 2.120007e-01 
4.390793e-02 2.283572e-01 
3.156513e-02 2.035415e-01 
2.106510e-02 1.507733e-01 
1.271587e-02 7.394497e-02 
6.038949e-03 6.906188e-03 
3.876967e-03 -1.137232e-02 
4.890793e-03 -5.004424e-03 
4.499080e-03 1.412674e-02 
-1.374594e-03 2.270897e-02 
-1.168611e-03 1.943333e-02 
-8.158239e-04 9.466184e-03 
-6.576665e-04 -7.392548e-03 
-4.494827e-04 -1.833167e-02 
-6.465095e-04 1.177775e-03 
-1.095188e-03 4.294049e-02 
-1.019979e-03 1.128724e-01 
4.006036e-01 -1.906437e-02 
6.279484e-03 3.262138e-02 
-2.798804e-02 1.204870e-01 
4.869111e-02 2.235851e-01 
4.229594e-02 2.640087e-01 
3.384460e-02 2.530318e-01 
2.315512e-02 1.816423e-01 
9.080847e-03 6.518823e-02 
3.716660e-03 5.315783e-03 
4.228610e-03 -2.338437e-02 
6.099878e-03 -3.110837e-02 
6.198649e-04 -2.629473e-02 
-1.086047e-04 -1.593806e-02 
-7.820898e-04 -2.112261e-04 
-1.907506e-03 2.036412e-02 
-2.169697e-03 4.245968e-02 
-1.735262e-03 5.751536e-02 
-1.485906e-03 6.853400e-02 
-1.037844e-03 8.112061e-02 
-1.800401e-02 -2.933473e-01 
-4.339699e-02 -2.715480e-01 
-3.090125e-02 -1.509829e-01 
1.666434e-02 3.504940e-02 
2.277081e-02 1.333664e-01 
2.336764e-02 1.802845e-01 
1.960360e-02 1.745860e-01 
7.898764e-03 1.157829e-01 
1.792599e-03 7.523932e-02 
-4.696632e-04 3.268742e-02 
2.894077e-04 -2.549448e-02 
3.190030e-03 -8.871740e-02 
3.185283e-03 -1.024473e-01 
1.697776e-03 -7.342656e-02 
-1.433088e-03 4.972400e-03 
-3.336503e-03 1.053599e-01 
-2.624378e-03 1.217937e-01 
-1.150420e-03 7.323588e-02 
6.617914e-04 -4.581066e-02 
-1.065395e-01 -2.634333e-01 
-4.830248e-02 -2.701605e-01 
-2.750483e-02 -1.176624e-01 
3.453951e-02 1.203301e-01 
3.725451e-02 2.458891e-01 
3.386600e-02 2.917782e-01 
2.244358e-02 2.446603e-01 
5.790176e-03 1.138189e-01 
6.595947e-04 2.781480e-02 
7.203911e-04 -3.372546e-02 
3.649463e-03 -7.631613e-02 
3.008775e-03 -9.114133e-02 
2.079545e-03 -7.602565e-02 
3.102135e-04 -3.270898e-02 
-2.559726e-03 4.425191e-02 
-3.857605e-03 1.238979e-01 
-2.906512e-03 1.270868e-01 
-1.225955e-03 7.059392e-02 
7.971501e-04 -4.867766e-02 
-2.833348e-02 -9.759227e-02 
-3.417355e-02 -8.697211e-02 
-9.789427e-03 3.587808e-02 
4.744853e-02 1.964664e-01 
4.027189e-02 2.682470e-01 
3.212991e-02 2.760252e-01 
1.892437e-02 2.078524e-01 
4.355990e-03 7.772853e-02 
9.428042e-04 -8.160918e-04 
1.962672e-03 -4.694120e-02 
4.265880e-03 -6.221379e-02 
1.345278e-03 -4.685777e-02 
5.057573e-04 -2.865212e-02 
-4.646319e-04 -4.597985e-03 
-1.780130e-03 2.673006e-02 
-2.174584e-03 5.624442e-02 
-1.774598e-03 6.636605e-02 
-1.281239e-03 5.999497e-02 
-6.069169e-04 3.891207e-02 
2.145444e-01 -4.473659e-02 
-8.738474e-03 3.862559e-02 
8.964904e-03 1.651250e-01 
6.404769e-02 2.891071e-01 
4.778986e-02 3.406295e-01 
3.345439e-02 3.222945e-01 
1.425325e-02 2.089717e-01 
5.720294e-04 1.974303e-02 
1.621704e-04 -8.496731e-02 
3.793963e-03 -1.223775e-01 
6.772312e-03 -8.621600e-02 
-7.739626e-04 7.350867e-03 
-2.358447e-03 5.246570e-02 
-2.486456e-03 6.123913e-02 
-1.505466e-03 3.010706e-02 
-4.055924e-05 -2.265763e-02 
-1.618417e-04 -1.607788e-02 
-1.159110e-03 3.516637e-02 
-2.297522e-03 1.415272e-01 
1.970242e-01 -2.613023e-01 
2.665581e-02 -1.963456e-01 
9.019003e-03 -4.503194e-03 
6.051823e-02 2.546794e-01 
4.968340e-02 3.873148e-01 
3.593042e-02 4.061164e-01 
1.372478e-02 2.852645e-01 
-1.304243e-03 3.098925e-02 
-1.099756e-03 -1.209961e-01 
3.240934e-03 -1.862294e-01 
8.090655e-03 -1.542277e-01 
8.817414e-04 -2.181001e-02 
-2.260520e-03 5.990473e-02 
-3.424285e-03 9.753333e-02 
-2.907869e-03 8.340523e-02 
-8.710447e-04 1.731180e-02 
-2.337585e-04 -2.125205e-03 
-6.752872e-04 1.796780e-02 
-1.852179e-03 9.189273e-02 
-2.559440e-01 7.318378e-02 
3.127230e-03 1.393053e-02 
1.822279e-02 3.067365e-02 
2.470113e-02 1.063848e-01 
1.756522e-02 1.290462e-01 
1.328848e-02 1.298038e-01 
8.317492e-03 1.108741e-01 
1.612499e-03 7.041901e-02 
1.715201e-06 3.706563e-02 
2.611335e-05 2.811503e-04 
1.359575e-03 -4.009072e-02 
2.178508e-03 -6.613811e-02 
2.038396e-03 -6.556229e-02 
1.142634e-03 -4.139159e-02 
-6.770814e-04 8.581558e-03 
-2.295797e-03 6.526347e-02 
-2.240029e-03 7.901443e-02 
-1.476913e-03 5.915359e-02 
-8.650066e-05 3.821585e-03 
