poroelastic
-2.292694e-02 -1.201065e-01 
-3.789478e-02 -1.365820e-01 
-3.691549e-02 -5.306039e-02 
1.710540e-02 6.440602e-02 
2.073364e-02 1.263838e-01 
2.097733e-02 1.508911e-01 
1.965369e-02 1.300381e-01 
1.118061e-02 7.712644e-02 
5.412402e-03 5.156346e-02 
3.868499e-03 3.139411e-02 
3.236341e-03 3.152136e-03 
5.392371e-04 -3.424895e-02 
5.769273e-04 -4.468508e-02 
4.171267e-05 -3.060377e-02 
-1.255733e-03 1.128990e-02 
-1.687664e-03 6.520806e-02 
-1.139863e-03 8.189344e-02 
-6.133283e-04 6.996408e-02 
-1.166778e-04 2.957123e-02 
1.840051e-01 8.627933e-02 
-3.072110e-02 1.253782e-01 
-1.491871e-02 1.853852e-01 
3.520682e-02 2.045774e-01 
2.594094e-02 1.864383e-01 
1.776191e-02 1.422172e-01 
1.071776e-02 7.313056e-02 
4.578641e-03 7.613168e-03 
2.702277e-03 -1.443676e-02 
3.685903e-03 -1.228758e-02 
3.844713e-03 6.133412e-03 
-8.696681e-04 2.156511e-02 
-8.490092e-04 2.283494e-02 
-6.470816e-04 1.486800e-02 
-5.030021e-04 -3.588963e-03 
-3.004638e-04 -1.946963e-02 
-3.885260e-04 -2.707716e-03 
-6.109258e-04 3.845009e-02 
-4.080740e-04 1.108223e-01 
3.560129e-01 -2.956990e-02 
6.078345e-03 6.215613e-03 
-2.585398e-02 8.799646e-02 
3.787524e-02 1.943486e-01 
3.423112e-02 2.395958e-01 
2.820034e-02 2.360023e-01 
1.963508e-02 1.735766e-01 
7.562818e-03 6.407119e-02 
2.859589e-03 4.742069e-03 
3.074508e-03 -2.536818e-02 
4.644784e-03 -3.367293e-02 
4.051752e-04 -2.569620e-02 
-1.397127e-04 -1.375642e-02 
-5.579906e-04 1.976009e-03 
-1.216023e-03 2.077822e-02 
-1.298004e-03 3.954070e-02 
-1.001821e-03 5.348897e-02 
-8.395533e-04 6.485324e-02 
-5.453884e-04 7.911674e-02 
1.150312e-02 -2.613070e-01 
-3.275780e-02 -2.508251e-01 
-2.509968e-02 -1.540655e-01 
9.971693e-03 9.833138e-03 
1.567704e-02 9.844768e-02 
1.727924e-02 1.460047e-01 
1.571170e-02 1.522348e-01 
7.160904e-03 1.122834e-01 
2.129811e-03 8.035301e-02 
-1.683844e-04 4.048397e-02 
-2.110160e-04 -1.944548e-02 
1.936880e-03 -8.600485e-02 
1.964559e-03 -1.021501e-01 
1.054131e-03 -7.525859e-02 
-8.482090e-04 1.655926e-03 
-1.913580e-03 1.010659e-01 
-1.511618e-03 1.179385e-01 
-6.630867e-04 7.095549e-02 
3.967923e-04 -4.591700e-02 
-7.198133e-02 -2.550930e-01 
-3.849932e-02 -2.716939e-01 
-2.374612e-02 -1.399994e-01 
2.323893e-02 8.235754e-02 
2.748321e-02 2.045199e-01 
2.647156e-02 2.565267e-01 
1.867263e-02 2.246056e-01 
5.517394e-03 1.129858e-01 
8.583911e-04 3.589346e-02 
2.115805e-04 -2.380149e-02 
2.054441e-03 -7.046090e-02 
1.880429e-03 -9.115557e-02 
1.332365e-03 -7.879001e-02 
2.413315e-04 -3.643090e-02 
-1.511470e-03 4.120566e-02 
-2.257427e-03 1.215259e-01 
-1.723422e-03 1.247139e-01 
-7.231347e-04 6.821324e-02 
5.249680e-04 -5.168439e-02 
-2.139540e-02 -9.829843e-02 
-2.680628e-02 -9.707381e-02 
-9.103384e-03 1.050613e-02 
3.442759e-02 1.591049e-01 
3.042383e-02 2.286818e-01 
2.523428e-02 2.421817e-01 
1.568708e-02 1.874068e-01 
4.095452e-03 7.534725e-02 
9.134374e-04 6.235311e-03 
1.197414e-03 -3.675970e-02 
2.715258e-03 -5.464713e-02 
8.028948e-04 -4.498833e-02 
3.331704e-04 -3.013438e-02 
-2.391760e-04 -8.072808e-03 
-1.024454e-03 2.262399e-02 
-1.243067e-03 5.263789e-02 
-1.022335e-03 6.330849e-02 
-7.454783e-04 5.816511e-02 
-3.583012e-04 3.875492e-02 
1.942430e-01 -4.139047e-02 
-5.440355e-03 2.803664e-02 
6.629360e-03 1.400135e-01 
4.849405e-02 2.510737e-01 
3.688144e-02 2.977723e-01 
2.649031e-02 2.835938e-01 
1.205509e-02 1.849780e-01 
9.219689e-04 1.927942e-02 
-1.214948e-04 -7.248833e-02 
2.181878e-03 -1.056711e-01 
4.436123e-03 -7.391448e-02 
-5.172583e-04 8.792041e-03 
-1.391017e-03 4.831847e-02 
-1.428230e-03 5.526031e-02 
-8.497381e-04 2.570903e-02 
-3.110038e-05 -2.261006e-02 
-1.133444e-04 -1.558532e-02 
-6.653049e-04 3.351169e-02 
-1.235453e-03 1.348958e-01 
1.714984e-01 -2.483398e-01 
2.302345e-02 -1.974523e-01 
6.531227e-03 -2.203639e-02 
4.557731e-02 2.192934e-01 
3.871942e-02 3.444932e-01 
2.910141e-02 3.667621e-01 
1.226084e-02 2.606869e-01 
-3.604044e-04 3.239527e-02 
-1.278007e-03 -1.043531e-01 
1.339092e-03 -1.640654e-01 
4.939236e-03 -1.370492e-01 
6.357093e-04 -2.118290e-02 
-1.143774e-03 5.066846e-02 
-1.815545e-03 8.496884e-02 
-1.593435e-03 7.477760e-02 
-5.755626e-04 2.012611e-02 
-2.341986e-04 4.434975e-03 
-4.444339e-04 2.109357e-02 
-1.043035e-03 8.274594e-02 
-2.174260e-01 6.982243e-02 
3.420621e-03 1.864214e-02 
1.423778e-02 2.180420e-02 
1.638792e-02 7.655219e-02 
1.168236e-02 9.207141e-02 
9.457704e-03 9.523378e-02 
6.989412e-03 8.917042e-02 
1.898655e-03 6.949883e-02 
3.769820e-04 4.892122e-02 
-4.225344e-05 1.891009e-02 
4.565831e-04 -2.296373e-02 
1.186221e-03 -5.996715e-02 
1.274166e-03 -6.733635e-02 
8.484847e-04 -4.865558e-02 
-1.809326e-04 -1.062608e-04 
-1.252741e-03 6.024071e-02 
-1.345815e-03 7.680732e-02 
-9.388905e-04 5.905521e-02 
-5.742416e-05 3.881646e-03 
