poroelastic
-2.496426e-02 8.490374e-02 
-1.459486e-02 1.161516e-01 
1.395690e-04 1.084408e-01 
2.119267e-02 1.107249e-01 
1.604024e-02 1.117025e-01 
9.512052e-03 9.429969e-02 
-8.162460e-04 7.669644e-02 
-9.868048e-03 3.538276e-02 
-7.077765e-03 -4.811160e-02 
3.570406e-04 -1.099746e-01 
9.212192e-03 -1.055020e-01 
-1.598121e-04 -1.484942e-03 
-6.060653e-03 5.879720e-02 
-6.055850e-03 7.092998e-02 
-6.510010e-04 2.999754e-02 
4.285527e-03 -4.382354e-02 
3.830130e-03 -6.372688e-02 
1.712636e-03 -4.251569e-02 
-9.922355e-04 2.738184e-02 
5.638303e-02 2.439753e-01 
1.684867e-02 1.785849e-01 
1.503512e-02 4.818019e-02 
-6.781958e-03 -1.617012e-02 
-6.585756e-03 -2.834341e-02 
-3.970759e-03 -1.151226e-02 
-3.267034e-03 2.879804e-02 
-6.721779e-03 5.098262e-02 
-7.357339e-03 1.324593e-02 
-5.717840e-03 -3.810887e-02 
8.986106e-04 -6.936075e-02 
3.839395e-03 -2.951041e-02 
3.767481e-04 1.590633e-03 
-1.017733e-03 1.891067e-02 
1.331733e-04 1.677643e-02 
2.074496e-03 -1.135907e-02 
2.225814e-03 -2.742006e-02 
1.982055e-03 -3.379202e-02 
1.200384e-03 -3.167892e-02 
4.578876e-01 4.477873e-01 
4.446030e-02 5.105958e-01 
4.150954e-02 3.523834e-01 
2.418781e-02 1.696165e-01 
3.876800e-03 6.127970e-02 
-5.488719e-03 -2.787691e-03 
-1.062259e-02 -2.616163e-02 
-9.301375e-03 -2.031472e-02 
-4.493732e-03 -4.678040e-02 
-1.055393e-04 -6.836824e-02 
3.757437e-03 -5.591813e-02 
-1.845614e-03 1.780348e-02 
-5.153686e-03 5.425470e-02 
-4.223256e-03 5.298669e-02 
9.308650e-04 9.030474e-03 
6.038971e-03 -6.702363e-02 
4.763991e-03 -7.661909e-02 
1.567891e-03 -3.806699e-02 
-2.089457e-03 4.772908e-02 
2.410889e-01 -3.746797e-01 
-1.164812e-02 -2.315661e-01 
-1.236521e-02 -8.767747e-02 
6.442121e-03 3.989794e-02 
1.343255e-02 1.198944e-01 
1.021602e-02 1.465372e-01 
-6.859434e-03 1.046549e-01 
-1.645350e-02 -1.386609e-02 
-7.548353e-03 -1.074407e-01 
1.865425e-03 -1.522844e-01 
9.062703e-03 -1.178985e-01 
-1.248051e-03 1.112456e-02 
-7.688827e-03 7.915308e-02 
-7.890506e-03 9.220592e-02 
-1.312215e-03 4.076031e-02 
6.645001e-03 -6.326619e-02 
6.370429e-03 -9.249325e-02 
3.381507e-03 -6.462766e-02 
-1.112381e-03 2.409054e-02 
-8.441954e-02 -7.559586e-02 
1.206173e-03 1.267740e-01 
2.832782e-02 2.239826e-01 
2.792390e-02 2.026684e-01 
1.058100e-02 1.312859e-01 
-3.854852e-03 4.113594e-02 
-1.536745e-02 -3.987544e-02 
-1.039655e-02 -7.893232e-02 
-1.899328e-03 -1.015983e-01 
3.683428e-03 -9.632994e-02 
4.441772e-03 -4.102599e-02 
-6.458186e-03 6.306950e-02 
-9.686602e-03 1.018442e-01 
-7.202281e-03 8.531618e-02 
2.021986e-03 4.560305e-04 
1.069995e-02 -1.198277e-01 
8.481053e-03 -1.289424e-01 
2.425106e-03 -5.677594e-02 
-5.138264e-03 1.018931e-01 
-2.381080e-03 3.013183e-01 
3.327886e-02 4.242256e-01 
5.442614e-02 3.753574e-01 
2.221597e-02 2.023402e-01 
-2.474076e-03 4.761103e-02 
-1.502354e-02 -6.956746e-02 
-1.640387e-02 -1.185134e-01 
-5.756203e-03 -7.044455e-02 
-1.163111e-03 -4.017115e-02 
-6.041461e-04 -1.635589e-02 
-2.634550e-03 1.400191e-02 
-5.269446e-03 5.496767e-02 
-5.698925e-03 6.375157e-02 
-2.938701e-03 4.011039e-02 
4.084487e-03 -2.619927e-02 
9.894945e-03 -1.101972e-01 
7.345439e-03 -1.107652e-01 
1.994136e-03 -4.721118e-02 
-4.200504e-03 8.382013e-02 
4.066329e-01 7.261438e-01 
9.193719e-02 8.583248e-01 
1.054258e-01 6.839313e-01 
2.210479e-02 2.830266e-01 
-2.167693e-02 -5.626341e-02 
-3.645541e-02 -2.828475e-01 
-2.155391e-02 -3.203468e-01 
2.082663e-03 -1.069297e-01 
2.191024e-03 3.877672e-02 
-5.217422e-03 1.204468e-01 
-1.410961e-02 1.329352e-01 
-7.205765e-03 7.613976e-02 
-1.438225e-03 2.244386e-02 
3.841835e-03 -3.136522e-02 
8.977208e-03 -8.600402e-02 
1.010866e-02 -1.181895e-01 
5.868652e-03 -8.927544e-02 
3.526868e-04 -1.833733e-02 
-4.705635e-03 8.662397e-02 
1.240586e+00 1.029016e+00 
3.116533e-01 1.484422e+00 
1.760755e-01 1.181585e+00 
3.228297e-02 4.507267e-01 
-3.038672e-02 -9.968164e-02 
-4.720788e-02 -4.328838e-01 
-2.597116e-02 -4.974158e-01 
5.824840e-03 -2.052085e-01 
6.763959e-03 2.696853e-02 
-3.044740e-03 1.755332e-01 
-1.712872e-02 2.239959e-01 
-1.318932e-02 1.387451e-01 
-3.898641e-03 4.574537e-02 
4.833131e-03 -4.696387e-02 
1.279978e-02 -1.350086e-01 
1.471353e-02 -1.803598e-01 
7.927867e-03 -1.249519e-01 
-1.724925e-03 2.178694e-03 
-1.128201e-02 1.902331e-01 
4.671533e-01 -8.708095e-01 
-4.526815e-02 -2.883816e-01 
-8.292638e-03 5.286560e-03 
-1.021738e-02 2.523106e-02 
-8.749300e-03 8.315701e-03 
-1.226741e-02 -2.705818e-02 
-1.749140e-02 -7.916674e-02 
-8.338133e-03 -9.898355e-02 
-1.339181e-03 -8.832475e-02 
1.134503e-04 -5.463729e-02 
-1.968135e-03 -4.584567e-03 
-3.234663e-03 3.356725e-02 
-4.383993e-03 4.805648e-02 
-3.085560e-03 3.550868e-02 
2.025437e-03 -1.194606e-02 
7.766146e-03 -7.636187e-02 
7.010358e-03 -8.806042e-02 
3.612750e-03 -5.455219e-02 
-1.724686e-03 2.767503e-02 
