poroelastic
2.176104e-02 3.741527e-02 
2.706230e-02 2.085915e-02 
1.833002e-02 -4.770737e-02 
-2.128057e-02 -1.235526e-01 
-1.628150e-02 -1.415847e-01 
-1.133640e-02 -1.265019e-01 
-6.186056e-03 -8.068190e-02 
-1.628145e-03 -2.371299e-02 
-1.056079e-03 6.278628e-03 
-2.373628e-03 2.155616e-02 
-3.332492e-03 2.269911e-02 
-2.008435e-04 1.291551e-02 
2.592864e-04 6.777584e-03 
1.014673e-03 -2.671130e-03 
2.081370e-03 -1.730314e-02 
1.922459e-03 -3.118613e-02 
1.367503e-03 -3.311860e-02 
7.373200e-04 -2.380552e-02 
4.118385e-05 -1.751610e-03 
-1.510931e-01 -1.062644e-01 
2.766710e-02 -1.270786e-01 
9.787040e-03 -1.730427e-01 
-2.759831e-02 -1.956088e-01 
-1.716887e-02 -1.726248e-01 
-9.186452e-03 -1.220439e-01 
-2.545467e-03 -5.038996e-02 
-1.857054e-04 1.375347e-02 
-1.625534e-03 4.096321e-02 
-3.709257e-03 4.224612e-02 
-3.604788e-03 1.773289e-02 
2.191753e-03 -1.824102e-02 
2.571841e-03 -2.987234e-02 
2.018083e-03 -2.651953e-02 
8.799550e-04 -8.775546e-03 
-1.467778e-04 1.201489e-02 
-1.917921e-05 9.839519e-03 
5.573646e-04 -8.134093e-03 
1.048519e-03 -4.627787e-02 
-3.547809e-01 -4.883457e-02 
1.291042e-03 -7.964119e-02 
1.620972e-02 -1.430534e-01 
-3.341767e-02 -2.224288e-01 
-2.385533e-02 -2.390357e-01 
-1.521493e-02 -2.083536e-01 
-5.661971e-03 -1.258620e-01 
3.108064e-04 -1.274479e-02 
-1.177179e-03 5.066450e-02 
-4.819564e-03 7.687568e-02 
-7.285402e-03 6.186261e-02 
3.625753e-04 9.683007e-03 
2.503434e-03 -2.210226e-02 
3.325205e-03 -3.913170e-02 
3.107090e-03 -3.888379e-02 
1.532592e-03 -2.159929e-02 
8.041141e-04 -1.387530e-02 
6.726761e-04 -1.456064e-02 
7.749749e-04 -2.998137e-02 
6.338932e-03 2.035490e-01 
2.048656e-02 1.441920e-01 
1.026766e-02 3.778479e-02 
-1.261296e-02 -8.427564e-02 
-1.137887e-02 -1.281719e-01 
-7.968867e-03 -1.287963e-01 
-2.603457e-03 -9.466828e-02 
1.689370e-03 -3.817875e-02 
1.519287e-03 -6.150415e-04 
2.329396e-04 2.665000e-02 
-2.168143e-03 4.405280e-02 
-3.151019e-03 4.468040e-02 
-2.038855e-03 3.507828e-02 
-3.926566e-04 1.429924e-02 
1.798322e-03 -1.986956e-02 
2.615139e-03 -5.363096e-02 
1.673993e-03 -4.905544e-02 
1.313183e-04 -1.420678e-02 
-1.407794e-03 5.298360e-02 
7.276109e-02 1.736141e-01 
2.002863e-02 1.298422e-01 
7.731386e-03 1.021943e-02 
-2.115022e-02 -1.407533e-01 
-1.690301e-02 -2.009430e-01 
-1.135499e-02 -2.012073e-01 
-2.979800e-03 -1.392267e-01 
2.120046e-03 -3.532004e-02 
6.947419e-04 2.863353e-02 
-2.139890e-03 6.469998e-02 
-5.032025e-03 7.036707e-02 
-2.686073e-03 4.455723e-02 
-8.152535e-04 2.080297e-02 
1.037646e-03 -6.185493e-03 
3.066913e-03 -3.961838e-02 
3.361128e-03 -6.548102e-02 
2.062238e-03 -5.543006e-02 
2.401653e-04 -1.645124e-02 
-1.511361e-03 5.254949e-02 
1.528653e-02 -1.423712e-02 
1.250897e-02 -6.458741e-02 
-3.816546e-03 -1.501453e-01 
-2.782691e-02 -2.214905e-01 
-1.753642e-02 -2.240205e-01 
-9.594304e-03 -1.817880e-01 
-1.318404e-03 -9.638995e-02 
1.588687e-03 3.969477e-03 
-9.121991e-04 5.945696e-02 
-4.142378e-03 7.918284e-02 
-5.341585e-03 5.570217e-02 
6.530681e-04 -3.200828e-04 
2.353426e-03 -2.844441e-02 
2.746553e-03 -3.864646e-02 
1.958832e-03 -2.898268e-02 
5.249398e-04 -6.333365e-03 
1.737879e-04 -4.784110e-04 
2.900356e-04 -4.298913e-03 
5.459010e-04 -2.048421e-02 
-2.577167e-01 -1.370161e-01 
-2.426773e-04 -2.276000e-01 
-1.664166e-02 -2.953121e-01 
-3.597078e-02 -3.065567e-01 
-1.946888e-02 -2.689016e-01 
-8.727000e-03 -1.921468e-01 
5.846470e-04 -7.231112e-02 
1.558842e-03 5.255620e-02 
-2.924289e-03 1.103586e-01 
-7.082095e-03 1.116201e-01 
-6.510126e-03 4.770338e-02 
4.691213e-03 -5.415895e-02 
6.477068e-03 -9.121333e-02 
4.925079e-03 -7.881166e-02 
5.109692e-04 -1.220187e-02 
-3.177660e-03 7.336338e-02 
-2.208884e-03 7.267844e-02 
6.259136e-04 7.825616e-03 
3.663554e-03 -1.315419e-01 
-4.000962e-01 -2.916277e-03 
-5.338392e-02 -1.266353e-01 
-2.228877e-02 -2.280853e-01 
-3.189228e-02 -2.998708e-01 
-1.839983e-02 -3.000380e-01 
-9.179365e-03 -2.407233e-01 
1.961131e-04 -1.117784e-01 
2.417384e-03 5.550014e-02 
-3.049349e-03 1.419771e-01 
-8.684562e-03 1.574706e-01 
-9.954168e-03 8.899332e-02 
4.008050e-03 -4.761195e-02 
7.857074e-03 -1.120132e-01 
7.286084e-03 -1.160332e-01 
2.661936e-03 -5.017641e-02 
-2.949301e-03 6.292517e-02 
-2.794511e-03 8.017518e-02 
5.358459e-05 2.044784e-02 
4.006680e-03 -1.302698e-01 
1.260773e-01 3.902388e-02 
-2.005256e-03 -5.086684e-02 
-1.252382e-02 -1.046911e-01 
-8.411473e-03 -1.123243e-01 
-3.993315e-03 -8.701003e-02 
-1.313278e-03 -5.300767e-02 
7.987021e-04 -1.937749e-02 
1.011945e-03 2.543542e-03 
1.141870e-04 1.591234e-02 
-8.002755e-04 2.487699e-02 
-1.580649e-03 2.466184e-02 
-5.799199e-04 9.668944e-03 
1.809064e-04 -1.412913e-03 
5.388081e-04 -7.519366e-03 
3.696077e-04 -4.823151e-03 
-1.764229e-04 6.106630e-03 
-1.650559e-04 6.844671e-03 
2.109734e-04 -2.030532e-03 
7.307843e-04 -2.276425e-02 
