poroelastic
-1.121706e-02 1.199879e-01 
-5.937380e-03 1.779061e-01 
2.759195e-03 1.541275e-01 
1.065879e-03 4.567079e-02 
-7.099999e-04 -1.387307e-02 
-1.347507e-03 -4.449388e-02 
-1.202292e-03 -5.005458e-02 
-3.543073e-04 -3.123721e-02 
3.527617e-05 -1.454134e-02 
1.880432e-04 -1.336005e-03 
1.174460e-04 8.210753e-03 
-9.946654e-05 1.063379e-02 
-5.666834e-05 8.827167e-03 
-1.780766e-05 2.938733e-03 
-2.281769e-06 -8.277107e-03 
-1.122996e-05 -1.737346e-02 
-2.217325e-05 -1.135144e-02 
-1.707504e-05 5.378422e-03 
4.346899e-05 3.531338e-02 
-1.218735e-01 -3.257316e-01 
8.726918e-03 -2.028446e-01 
2.044515e-03 -1.110761e-01 
-2.188620e-03 -6.233058e-02 
-6.804638e-04 -2.171739e-02 
1.127071e-04 8.820194e-03 
1.034469e-04 2.107171e-02 
-2.275015e-04 9.376415e-03 
-2.550864e-04 -4.559265e-04 
-2.647816e-04 -1.170200e-02 
-3.902240e-05 -2.494664e-02 
2.072007e-04 -3.421766e-02 
8.596003e-05 -2.922903e-02 
-4.788095e-05 -1.266295e-02 
-1.155759e-04 1.656691e-02 
7.507969e-06 4.326289e-02 
6.390732e-05 3.825028e-02 
4.917275e-05 8.364507e-03 
-1.164917e-04 -5.007149e-02 
-5.725291e-01 -5.490303e-01 
-7.212781e-03 -4.461328e-01 
5.266535e-03 -2.923989e-01 
-4.778730e-03 -1.683790e-01 
-2.104013e-03 -8.188176e-02 
-5.550113e-04 -2.050023e-02 
2.594240e-05 1.810580e-02 
-1.727971e-04 2.732852e-02 
-3.114327e-04 2.436959e-02 
-5.918288e-04 1.101893e-02 
-5.559930e-04 -1.525067e-02 
3.782812e-04 -4.689241e-02 
2.708352e-04 -5.357658e-02 
1.020902e-04 -3.901134e-02 
-4.547433e-05 -2.952919e-04 
-6.295160e-06 4.440684e-02 
3.776239e-05 4.409953e-02 
3.939414e-05 8.227434e-03 
-8.170070e-05 -7.037132e-02 
-6.974661e-01 5.860444e-01 
-4.797161e-02 6.048393e-01 
1.272621e-03 4.404742e-01 
2.930597e-03 2.049220e-01 
7.099298e-04 5.640753e-02 
-4.294697e-04 -3.640409e-02 
-5.687848e-04 -7.418169e-02 
1.343237e-04 -4.628216e-02 
3.269264e-04 -2.227983e-02 
4.623779e-04 -2.132530e-04 
3.578358e-04 2.246948e-02 
-2.961426e-04 3.652830e-02 
-1.885744e-04 3.497406e-02 
-9.489534e-05 2.113352e-02 
-4.818178e-05 -8.674548e-03 
8.248033e-06 -4.024620e-02 
2.365333e-05 -2.827762e-02 
1.587925e-05 1.596089e-02 
-4.699283e-05 9.696256e-02 
-2.005450e-01 4.342505e-01 
-1.693159e-05 3.904495e-01 
2.322525e-03 2.615869e-01 
6.020518e-04 8.183735e-02 
-2.013780e-04 -2.235972e-02 
-5.516224e-04 -7.599963e-02 
-4.143244e-04 -7.540646e-02 
9.423974e-05 -2.248388e-02 
1.723702e-04 1.187710e-02 
1.268997e-04 3.155028e-02 
-1.476007e-05 3.525014e-02 
-5.731835e-05 2.068193e-02 
-4.159971e-06 5.074976e-03 
2.613282e-05 -1.206948e-02 
2.785984e-05 -3.076359e-02 
4.809050e-05 -3.846646e-02 
4.142467e-05 -2.083692e-02 
-2.180631e-06 1.524443e-02 
-1.094623e-04 7.069035e-02 
1.392907e-05 7.469905e-03 
5.243050e-05 9.101154e-03 
6.423616e-05 6.830323e-03 
2.429135e-05 5.022075e-04 
4.453204e-05 4.360724e-03 
5.862731e-05 8.567219e-03 
2.141191e-05 8.316104e-03 
-1.904807e-05 3.842027e-03 
-2.558090e-05 -6.618647e-04 
-1.726938e-05 -7.468909e-03 
3.127447e-05 -1.478578e-02 
3.650027e-05 -1.787353e-02 
1.295067e-05 -1.615266e-02 
-1.982715e-05 -9.229563e-03 
-4.025957e-05 3.399515e-03 
-9.763106e-06 1.641006e-02 
-5.959268e-07 1.944934e-02 
3.779235e-06 1.336208e-02 
-1.374949e-06 -3.148902e-03 
-2.063488e-01 -4.438726e-01 
-6.841085e-03 -3.996789e-01 
-3.449525e-03 -2.720889e-01 
-6.074822e-04 -9.120100e-02 
5.428761e-04 2.708338e-02 
7.558314e-04 9.390052e-02 
2.665195e-04 9.830796e-02 
-8.041484e-05 3.893628e-02 
-1.053264e-04 -5.103830e-03 
-3.995531e-05 -3.963030e-02 
1.287944e-04 -6.162507e-02 
1.279720e-04 -5.982022e-02 
2.620328e-05 -4.225502e-02 
-7.548965e-05 -1.011680e-02 
-9.976298e-05 3.750366e-02 
8.915629e-06 7.630489e-02 
6.519519e-05 6.543801e-02 
4.961574e-05 1.503641e-02 
-1.135014e-04 -7.835332e-02 
-7.429063e-01 -6.010215e-01 
-6.460068e-02 -6.488587e-01 
-8.383707e-03 -4.834220e-01 
-9.059191e-04 -2.275400e-01 
-1.002132e-04 -5.821596e-02 
9.237938e-05 4.907304e-02 
1.412936e-04 9.417114e-02 
-7.173230e-06 6.503524e-02 
-1.046977e-04 3.290001e-02 
-1.454422e-04 -2.124794e-03 
-6.235016e-05 -4.178725e-02 
1.235259e-04 -7.212917e-02 
9.223740e-05 -7.065855e-02 
2.522409e-05 -4.270182e-02 
-2.427019e-05 1.533645e-02 
-2.604069e-05 7.757372e-02 
-1.268072e-05 6.993207e-02 
1.012931e-05 7.683600e-03 
1.485691e-05 -1.160640e-01 
-5.824253e-01 5.613213e-01 
2.595343e-03 4.387672e-01 
1.363590e-02 2.842336e-01 
-1.287519e-03 1.711781e-01 
-9.352215e-04 9.457326e-02 
-3.647438e-04 3.648929e-02 
-7.689825e-05 -4.365435e-03 
-5.573247e-05 -1.843133e-02 
-3.863208e-05 -2.280037e-02 
-1.284593e-04 -1.727895e-02 
-2.859264e-04 2.463959e-03 
-6.834585e-05 2.900738e-02 
-3.987990e-05 3.663887e-02 
-2.683644e-05 2.951766e-02 
-4.685027e-07 3.461592e-03 
5.424159e-05 -2.840359e-02 
6.168363e-05 -2.046065e-02 
3.504494e-05 1.686351e-02 
-1.330254e-04 8.931707e-02 
