poroelastic
6.271360e-02 1.403025e-02 
7.138220e-02 -3.668734e-03 
4.499721e-02 -9.448352e-02 
-6.499041e-02 -2.458913e-01 
-5.284591e-02 -2.983237e-01 
-3.895540e-02 -2.802488e-01 
-2.415812e-02 -2.174026e-01 
-5.289400e-03 -1.066535e-01 
-1.876111e-03 1.422588e-02 
-9.522840e-03 9.905779e-02 
-1.648713e-02 1.056310e-01 
2.598087e-03 2.479691e-03 
7.240239e-03 -5.405331e-02 
7.689985e-03 -7.014625e-02 
5.075329e-03 -4.513364e-02 
9.849134e-04 3.436042e-03 
4.806697e-04 8.830941e-03 
1.597739e-03 -1.875161e-02 
2.665119e-03 -8.768158e-02 
-2.613130e-01 -3.798056e-01 
2.583600e-02 -3.333381e-01 
4.104678e-03 -2.462208e-01 
-4.704385e-02 -2.075408e-01 
-2.786008e-02 -1.590116e-01 
-1.720533e-02 -1.101752e-01 
-1.276537e-02 -8.748553e-02 
-4.784033e-03 -8.395297e-02 
-2.636701e-04 -3.080712e-02 
-2.492440e-03 2.504012e-02 
-6.570942e-03 4.842734e-02 
1.047769e-03 -1.249688e-03 
3.142804e-03 -2.659988e-02 
2.812651e-03 -2.789071e-02 
6.631848e-04 -1.216500e-03 
-1.549851e-03 4.041979e-02 
-7.161645e-04 3.333684e-02 
1.368896e-03 -1.127992e-02 
3.051112e-03 -9.795604e-02 
-1.008716e+00 -5.937047e-01 
-7.083986e-02 -7.330185e-01 
-2.456441e-02 -5.894205e-01 
-8.839920e-02 -4.324704e-01 
-4.800690e-02 -3.079053e-01 
-2.563311e-02 -1.997854e-01 
-1.295425e-02 -1.116466e-01 
-4.017048e-03 -4.933596e-02 
-2.709056e-03 2.228336e-02 
-7.802340e-03 7.175002e-02 
-1.233196e-02 6.881814e-02 
3.125220e-03 -1.468525e-02 
6.713830e-03 -5.725108e-02 
6.061480e-03 -5.906637e-02 
2.400472e-03 -1.591199e-02 
-1.947343e-03 5.428184e-02 
-1.029113e-03 4.724246e-02 
2.428579e-03 -2.161412e-02 
5.824926e-03 -1.602446e-01 
-2.671905e-01 8.692208e-01 
7.966497e-02 6.510249e-01 
5.731545e-02 2.849478e-01 
-4.178852e-02 -1.211556e-01 
-5.007649e-02 -3.355192e-01 
-4.017680e-02 -4.065485e-01 
-1.293188e-02 -3.285262e-01 
9.219379e-03 -1.066720e-01 
5.058482e-03 6.743160e-02 
-5.756541e-03 1.739593e-01 
-1.665953e-02 1.802844e-01 
-4.555314e-03 5.754024e-02 
3.266388e-03 -2.249793e-02 
6.365514e-03 -6.431328e-02 
5.362080e-03 -6.256169e-02 
1.192594e-03 -1.583883e-02 
-1.418682e-04 5.214789e-03 
-2.252218e-05 4.710200e-03 
8.622194e-04 -2.274960e-02 
2.307672e-01 3.824256e-01 
5.790188e-02 1.375224e-01 
1.009249e-04 -1.553720e-01 
-8.179223e-02 -3.835575e-01 
-5.741973e-02 -4.264410e-01 
-3.353185e-02 -3.611174e-01 
-7.457943e-03 -2.133369e-01 
4.603459e-03 -3.047744e-02 
-7.701333e-04 9.660397e-02 
-1.042707e-02 1.608214e-01 
-1.620758e-02 1.307905e-01 
1.892119e-03 -2.715625e-03 
7.808315e-03 -7.220037e-02 
8.377664e-03 -8.929650e-02 
4.238174e-03 -4.787401e-02 
-1.417639e-03 3.057053e-02 
-1.535370e-03 4.034931e-02 
9.022160e-04 -4.480367e-04 
4.200481e-03 -1.019248e-01 
3.508157e-02 -2.041775e-01 
1.173210e-02 -3.418734e-01 
-3.915828e-02 -4.353050e-01 
-8.765561e-02 -4.475948e-01 
-4.839987e-02 -3.654920e-01 
-2.345684e-02 -2.448617e-01 
-5.614964e-03 -1.180216e-01 
1.449766e-03 -2.724090e-02 
-8.656847e-04 4.755681e-02 
-6.593393e-03 9.206500e-02 
-1.006237e-02 7.815957e-02 
1.791954e-03 -8.027572e-03 
5.485182e-03 -5.223747e-02 
5.419522e-03 -5.837272e-02 
1.665309e-03 -1.625932e-02 
-2.720785e-03 5.328454e-02 
-1.848665e-03 5.113244e-02 
1.469739e-03 -6.225041e-03 
5.146851e-03 -1.280874e-01 
-6.280569e-01 -7.300897e-01 
-7.698903e-02 -8.994815e-01 
-1.005502e-01 -8.220709e-01 
-9.328644e-02 -5.603549e-01 
-3.104982e-02 -2.740485e-01 
-3.091540e-03 -3.318230e-02 
5.241705e-04 9.262536e-02 
-4.240229e-03 3.477436e-02 
-3.445110e-03 3.220973e-03 
-2.859153e-03 -1.303785e-02 
-6.434891e-04 -2.798963e-02 
5.234699e-03 -4.982145e-02 
4.125249e-03 -4.349379e-02 
1.087401e-03 -1.267846e-02 
-3.228210e-03 4.483866e-02 
-5.478667e-03 9.823475e-02 
-2.443145e-03 6.703922e-02 
2.847841e-03 -2.484508e-02 
7.897248e-03 -1.803158e-01 
-1.649221e+00 -9.822625e-01 
-3.761360e-01 -1.531264e+00 
-1.915154e-01 -1.334321e+00 
-1.053426e-01 -7.716969e-01 
-2.288602e-02 -2.938237e-01 
9.015405e-03 5.663684e-02 
9.015475e-03 2.394265e-01 
-5.266870e-03 1.583761e-01 
-7.991393e-03 7.535379e-02 
-7.104735e-03 3.085135e-03 
-1.524525e-03 -6.525698e-02 
1.094267e-02 -1.137693e-01 
9.633528e-03 -1.051016e-01 
4.232061e-03 -5.067773e-02 
-4.229464e-03 5.233387e-02 
-1.041647e-02 1.643189e-01 
-6.062216e-03 1.292969e-01 
3.287340e-03 -1.845477e-02 
1.401570e-02 -2.862839e-01 
-2.754446e-01 1.150477e+00 
7.515368e-02 5.324977e-01 
-5.498694e-03 4.851072e-02 
-3.710675e-02 -2.073490e-01 
-2.686388e-02 -2.839441e-01 
-1.218534e-02 -2.605102e-01 
7.503154e-03 -1.389246e-01 
8.027717e-03 2.279735e-02 
-4.227614e-04 1.164964e-01 
-7.686326e-03 1.556720e-01 
-1.180854e-02 1.278489e-01 
-2.548708e-03 3.190459e-02 
3.390905e-03 -3.256324e-02 
5.755494e-03 -6.310224e-02 
4.034967e-03 -4.803759e-02 
-6.020876e-04 9.350286e-03 
-1.671787e-03 2.918904e-02 
-3.616404e-04 1.248917e-02 
2.789489e-03 -5.306834e-02 
