poroelastic
2.634263e-02 1.458943e-02 
3.109970e-02 7.004669e-03 
2.107844e-02 -6.722699e-02 
-2.681522e-02 -2.015043e-01 
-2.256004e-02 -2.379014e-01 
-1.487329e-02 -2.018610e-01 
-4.757493e-03 -9.988674e-02 
1.119189e-03 3.081123e-02 
9.272385e-04 9.549722e-02 
-1.309247e-03 9.602641e-02 
-2.282820e-03 7.472589e-03 
2.765869e-03 -1.937711e-01 
-8.913371e-02 -2.480915e-01 
1.431210e-02 -1.681477e-01 
6.791294e-03 -9.988829e-02 
-1.374434e-02 -1.007997e-01 
-9.036707e-03 -8.351270e-02 
-5.765227e-03 -5.894471e-02 
-3.876880e-03 -4.058389e-02 
-1.727895e-03 -3.198293e-02 
-6.066971e-04 -1.430867e-02 
-3.634257e-04 1.798227e-03 
-4.575061e-04 5.326809e-03 
4.609251e-04 -4.057566e-02 
-2.148075e-01 -5.013802e-01 
-1.172793e-02 -3.718536e-01 
-1.651898e-02 -1.815753e-01 
-1.042977e-03 -4.333983e-02 
5.921794e-03 5.058530e-02 
7.423775e-03 1.007986e-01 
3.487644e-03 8.150110e-02 
-6.395954e-04 -5.672042e-03 
-6.668380e-04 -3.564011e-02 
3.599242e-05 -3.083660e-02 
3.224034e-04 2.748469e-03 
-3.471890e-04 2.923834e-02 
-1.065084e+00 -6.784646e-01 
-3.298589e-02 -7.291291e-01 
-5.938627e-03 -5.654400e-01 
-4.427348e-02 -3.933231e-01 
-2.429851e-02 -2.626269e-01 
-1.236208e-02 -1.512910e-01 
-5.615616e-03 -5.611654e-02 
-1.825147e-03 5.133399e-03 
-1.086791e-03 3.261493e-02 
-1.908255e-03 2.529322e-02 
-1.872227e-03 -3.372937e-02 
2.213707e-03 -1.716227e-01 
-8.840609e-01 7.788409e-01 
-3.670030e-02 7.418266e-01 
2.652935e-02 4.554090e-01 
9.198966e-03 1.205112e-01 
-4.892071e-03 -7.847744e-02 
-7.140434e-03 -1.652767e-01 
5.011095e-04 -1.195298e-01 
5.168329e-03 4.978559e-02 
3.186490e-03 1.421961e-01 
4.376835e-04 1.583951e-01 
-1.601481e-03 7.798120e-02 
1.750257e-03 -1.033792e-01 
-7.506232e-03 6.512676e-01 
3.634939e-02 3.777814e-01 
1.003261e-02 4.269642e-02 
-2.514991e-02 -2.375022e-01 
-2.468537e-02 -3.469575e-01 
-1.755811e-02 -3.272639e-01 
-5.197089e-03 -1.744301e-01 
2.221960e-03 5.525953e-02 
8.653993e-04 1.600598e-01 
-2.361583e-03 1.538862e-01 
-2.790469e-03 9.083966e-03 
4.996655e-03 -2.583581e-01 
2.988583e-02 2.775367e-01 
1.135610e-02 8.053946e-02 
-4.441491e-03 -9.319344e-02 
-1.472727e-02 -1.792717e-01 
-1.058254e-02 -1.829386e-01 
-5.159414e-03 -1.337305e-01 
1.661981e-03 -3.236953e-02 
3.174026e-03 8.380062e-02 
1.037908e-03 1.304102e-01 
-1.437110e-03 1.145916e-01 
-1.775380e-03 1.480956e-02 
3.170321e-03 -1.639745e-01 
4.786146e-02 4.254346e-02 
4.876554e-03 -5.277066e-02 
-6.164049e-03 -1.253689e-01 
-1.550401e-02 -1.508605e-01 
-1.010342e-02 -1.335290e-01 
-6.127810e-03 -9.595839e-02 
-3.110039e-03 -5.114037e-02 
-9.660265e-04 -1.719025e-02 
-4.144370e-04 7.371869e-03 
-6.801142e-04 1.439608e-02 
-5.028616e-04 -8.262636e-03 
1.108301e-03 -6.360598e-02 
-8.277321e-02 -3.059078e-01 
-1.500228e-02 -3.662075e-01 
-2.215014e-02 -3.425448e-01 
-1.972568e-02 -2.510200e-01 
-7.307775e-03 -1.394048e-01 
1.896042e-04 -3.245234e-02 
3.490356e-03 4.887570e-02 
1.688801e-03 7.136751e-02 
4.158062e-04 7.264027e-02 
-6.462411e-04 5.344546e-02 
-8.267930e-04 9.895061e-04 
1.307976e-03 -1.030205e-01 
-3.606169e-01 -5.272316e-01 
-3.518215e-02 -5.147904e-01 
-2.429805e-02 -3.731648e-01 
-1.997895e-02 -1.962138e-01 
-6.694720e-03 -6.277138e-02 
-2.664010e-03 1.391832e-02 
-4.290847e-03 5.423771e-03 
-3.242636e-03 -8.638233e-02 
-1.440906e-03 -1.131353e-01 
-1.439475e-05 -9.148274e-02 
5.112651e-04 -2.225533e-02 
-6.638727e-04 5.657645e-02 
-6.380981e-01 -8.731652e-01 
-7.647828e-02 -8.574800e-01 
-4.005617e-02 -5.488499e-01 
1.590446e-04 -1.222581e-01 
1.326286e-02 1.590024e-01 
1.486179e-02 2.951886e-01 
6.237675e-03 2.428429e-01 
-1.352187e-03 -8.803334e-05 
-1.206447e-03 -1.142705e-01 
5.076576e-04 -1.275951e-01 
1.289540e-03 -3.374779e-02 
-1.850814e-03 1.378370e-01 
-1.637201e+00 -9.005238e-01 
-3.456681e-01 -1.380662e+00 
-9.943888e-02 -1.116232e+00 
-3.574870e-02 -5.614432e-01 
-6.981152e-03 -1.635324e-01 
3.422247e-03 9.126264e-02 
2.765289e-03 1.863197e-01 
-1.399393e-03 8.279313e-02 
-1.868989e-03 8.306319e-04 
-1.544983e-03 -5.659300e-02 
-2.336857e-04 -9.346338e-02 
2.089981e-03 -1.266556e-01 
-8.006312e-01 1.104917e+00 
6.621011e-02 6.685650e-01 
3.166462e-02 3.352681e-01 
7.898305e-03 1.373177e-01 
1.199583e-03 1.627206e-02 
-5.347680e-04 -5.459804e-02 
1.322927e-03 -6.147433e-02 
1.914352e-03 -3.762544e-03 
9.956247e-04 3.945277e-02 
1.510773e-04 6.604611e-02 
-8.032052e-04 6.551615e-02 
-6.284734e-04 2.838022e-02 
