poroelastic
3.157877e-04 1.166464e-01 
1.044983e-02 1.571032e-01 
1.659207e-02 9.165974e-02 
-7.931241e-03 -5.668791e-02 
-8.329146e-03 -1.157984e-01 
-6.450679e-03 -1.236860e-01 
-2.990512e-03 -8.508471e-02 
-2.605374e-04 -1.960982e-02 
-1.103528e-04 1.528905e-02 
-6.090534e-04 2.652963e-02 
-5.531242e-04 6.568813e-03 
1.272766e-03 -4.820012e-02 
-4.556204e-02 -1.753984e-01 
8.808382e-03 -7.303262e-02 
5.164959e-03 -3.862529e-02 
-5.627917e-03 -6.452634e-02 
-3.504407e-03 -5.429044e-02 
-1.770405e-03 -3.252004e-02 
-7.902641e-04 -1.425945e-02 
-2.731517e-04 -1.092531e-02 
-5.374546e-05 -5.888340e-03 
-1.828384e-05 -1.597243e-03 
-2.274067e-05 -1.018276e-04 
6.237011e-05 -2.748358e-03 
-2.976355e-01 -4.651792e-01 
1.402492e-02 -3.507188e-01 
1.220229e-03 -2.365000e-01 
-1.112241e-02 -1.492671e-01 
-3.958311e-03 -6.760294e-02 
-5.524719e-04 1.402407e-04 
-2.715851e-04 3.851830e-02 
-8.961299e-04 2.693878e-02 
-9.571020e-04 1.163763e-02 
-9.802855e-04 -9.796094e-03 
-8.926531e-05 -3.995281e-02 
1.753527e-03 -7.598367e-02 
-6.571970e-01 -5.404570e-01 
2.680730e-03 -4.117193e-01 
7.701331e-03 -2.858399e-01 
-1.689149e-02 -2.333649e-01 
-9.489194e-03 -1.719563e-01 
-4.562787e-03 -1.077725e-01 
-1.211715e-03 -4.092850e-02 
-3.780638e-06 1.251357e-02 
-3.123458e-04 3.483754e-02 
-8.912101e-04 3.052079e-02 
-6.151180e-04 -5.429437e-03 
1.776002e-03 -7.576006e-02 
-7.364176e-01 6.741758e-01 
-5.343885e-02 6.940462e-01 
1.471570e-02 4.544220e-01 
4.440611e-03 1.386508e-01 
-2.962338e-03 -3.831781e-02 
-4.578290e-03 -1.234605e-01 
-2.408023e-03 -1.188268e-01 
3.982311e-04 -2.938689e-02 
2.785800e-04 2.320787e-02 
-4.386565e-04 4.376546e-02 
-7.980520e-04 2.809925e-02 
8.951610e-04 -3.359076e-02 
-4.499089e-01 6.791542e-01 
2.342220e-03 5.810266e-01 
1.212158e-02 3.361683e-01 
-8.888513e-04 1.723476e-02 
-5.058170e-03 -1.427213e-01 
-4.347035e-03 -1.969895e-01 
3.628565e-04 -1.400329e-01 
2.700173e-03 1.023176e-02 
8.231462e-04 9.048786e-02 
-1.012010e-03 1.154273e-01 
-1.854323e-03 7.578736e-02 
1.127552e-03 -3.969913e-02 
-6.318343e-02 4.372361e-01 
1.197105e-02 3.397918e-01 
7.207780e-03 1.532918e-01 
-6.092461e-03 -5.993326e-02 
-6.262416e-03 -1.552850e-01 
-5.100705e-03 -1.752648e-01 
-2.584310e-03 -1.164725e-01 
-5.152294e-04 -5.490673e-03 
-8.446253e-04 4.497658e-02 
-1.735882e-03 4.769092e-02 
-8.711709e-04 -8.687589e-03 
3.618608e-03 -1.311725e-01 
-1.955475e-02 1.388619e-01 
1.398050e-03 9.370827e-02 
4.141565e-04 2.076864e-02 
-7.902562e-04 -4.813128e-02 
-6.368068e-04 -5.997843e-02 
6.445868e-04 -4.053762e-02 
2.555464e-03 4.921219e-03 
1.880827e-03 5.699693e-02 
2.983456e-04 7.862844e-02 
-6.897554e-04 7.440414e-02 
-9.100718e-04 3.929306e-02 
6.619897e-04 -2.592068e-02 
-6.441923e-02 -1.817997e-01 
9.027361e-04 -1.902058e-01 
-3.455977e-03 -1.828028e-01 
-1.048092e-02 -1.511329e-01 
-5.288579e-03 -1.072484e-01 
-3.348338e-03 -6.689576e-02 
-2.632773e-03 -3.778694e-02 
-1.283352e-03 -3.157264e-02 
-5.912205e-04 -2.894651e-02 
-3.517801e-04 -2.925709e-02 
1.940662e-04 -3.662504e-02 
1.148482e-03 -5.559541e-02 
-2.120776e-01 -4.557358e-01 
-1.511119e-02 -4.246097e-01 
-1.125107e-02 -2.977094e-01 
-2.804494e-03 -1.113510e-01 
1.696726e-03 1.642421e-02 
2.674296e-03 8.701468e-02 
1.174552e-03 8.071110e-02 
-5.409194e-05 9.514979e-04 
2.382066e-04 -3.451885e-02 
6.958206e-04 -3.824222e-02 
4.569457e-04 -4.884779e-03 
-1.368699e-03 6.977057e-02 
-6.958577e-01 -6.961567e-01 
-4.151883e-02 -7.257252e-01 
-2.007276e-02 -5.432975e-01 
-7.131507e-03 -2.266210e-01 
4.143902e-04 -1.126104e-02 
2.422124e-03 1.178398e-01 
7.678095e-04 1.431722e-01 
-1.276914e-03 4.963454e-02 
-1.017283e-03 -1.319178e-02 
-3.266168e-04 -5.435877e-02 
7.865706e-04 -7.106249e-02 
1.119763e-03 -5.036288e-02 
-1.041945e+00 -6.030777e-01 
-1.593120e-01 -8.002255e-01 
-3.235673e-02 -6.269279e-01 
-8.743469e-03 -3.236956e-01 
-1.988133e-03 -1.142936e-01 
1.050516e-04 1.781322e-02 
7.289631e-05 7.207147e-02 
-1.015046e-03 3.453957e-02 
-9.007379e-04 2.850714e-03 
-5.230703e-04 -2.397095e-02 
4.025408e-04 -4.864579e-02 
1.693977e-03 -6.726323e-02 
-5.548061e-01 6.074666e-01 
2.019404e-02 3.611561e-01 
1.767424e-02 1.973213e-01 
3.054595e-03 1.443520e-01 
1.210809e-03 1.092131e-01 
6.564237e-04 7.300361e-02 
4.643390e-04 2.677642e-02 
6.781754e-04 -1.776468e-02 
9.493655e-04 -2.811721e-02 
1.049662e-03 -1.467284e-02 
-1.037837e-04 2.559296e-02 
-2.705972e-03 8.728710e-02 
