poroelastic
3.576037e-02 6.807226e-02 
4.797535e-02 7.566604e-02 
3.643012e-02 -2.794095e-02 
-4.056427e-02 -2.181193e-01 
-3.363990e-02 -2.763944e-01 
-2.299804e-02 -2.493062e-01 
-9.781740e-03 -1.518406e-01 
-7.420816e-04 -1.576565e-02 
-1.345506e-03 6.538259e-02 
-4.829682e-03 8.573764e-02 
-4.047861e-03 1.499766e-02 
1.021171e-02 -1.792986e-01 
-8.629921e-02 -2.453118e-01 
1.919515e-02 -1.510673e-01 
9.197705e-03 -9.708545e-02 
-2.055833e-02 -1.235152e-01 
-1.332312e-02 -1.079143e-01 
-7.915725e-03 -7.656882e-02 
-4.494380e-03 -5.178054e-02 
-1.281422e-03 -3.900062e-02 
-5.694494e-05 -8.483500e-03 
-6.814712e-04 1.864377e-02 
-1.531387e-03 2.142706e-02 
2.245510e-03 -4.227684e-02 
-3.433703e-01 -5.429417e-01 
2.862808e-03 -4.288963e-01 
-1.080311e-02 -2.716647e-01 
-2.168224e-02 -1.658734e-01 
-6.732627e-03 -6.622481e-02 
9.352327e-05 1.234577e-02 
-2.596375e-04 4.024686e-02 
-1.922486e-03 1.047102e-03 
-1.271909e-03 -7.273880e-03 
-1.172137e-03 -7.459357e-03 
-6.047524e-04 -1.291183e-02 
2.932244e-03 -5.510414e-02 
-1.054193e+00 -6.764785e-01 
-2.448303e-02 -6.894500e-01 
-2.761747e-03 -5.349482e-01 
-6.068815e-02 -4.194069e-01 
-3.463288e-02 -3.124989e-01 
-1.810476e-02 -2.049126e-01 
-7.161415e-03 -9.463089e-02 
-1.701774e-03 -3.496084e-03 
-1.871728e-03 4.732396e-02 
-3.911958e-03 5.306323e-02 
-2.868900e-03 -7.050422e-03 
8.592815e-03 -1.624543e-01 
-8.684520e-01 8.874913e-01 
-1.802129e-02 8.303846e-01 
4.347401e-02 5.023106e-01 
3.822605e-03 9.669359e-02 
-1.340969e-02 -1.307963e-01 
-1.409452e-02 -2.277434e-01 
-2.047690e-03 -1.829094e-01 
5.587522e-03 -4.779007e-03 
1.820873e-03 1.043775e-01 
-2.849707e-03 1.412375e-01 
-4.765417e-03 8.369050e-02 
4.900031e-03 -8.728702e-02 
-1.550476e-01 7.968975e-01 
4.991379e-02 5.382444e-01 
2.624590e-02 1.635535e-01 
-3.307049e-02 -2.146125e-01 
-3.308899e-02 -3.680515e-01 
-2.196915e-02 -3.657265e-01 
-2.752481e-03 -2.104556e-01 
4.921977e-03 4.108991e-02 
-7.461958e-04 1.670003e-01 
-6.857163e-03 1.816992e-01 
-5.995311e-03 5.611705e-02 
1.233806e-02 -2.147960e-01 
5.192051e-02 4.153869e-01 
3.201154e-02 2.201897e-01 
6.388975e-03 -1.895744e-02 
-3.116811e-02 -2.177202e-01 
-2.342406e-02 -2.686870e-01 
-1.413300e-02 -2.342325e-01 
-2.667125e-03 -1.206587e-01 
1.620978e-03 2.888400e-02 
-1.499961e-03 1.049061e-01 
-5.371016e-03 1.120798e-01 
-3.887090e-03 2.125795e-02 
1.035091e-02 -1.817418e-01 
5.054027e-02 8.218824e-02 
1.149787e-02 -2.402585e-02 
-6.944974e-03 -1.382457e-01 
-2.582039e-02 -2.125902e-01 
-1.576665e-02 -1.955067e-01 
-6.985190e-03 -1.350990e-01 
6.408063e-04 -5.315124e-02 
1.973381e-03 1.611840e-02 
-7.940419e-05 5.948834e-02 
-2.337650e-03 7.013417e-02 
-2.302598e-03 2.925170e-02 
4.052988e-03 -7.343733e-02 
-1.003344e-01 -3.200890e-01 
-5.326653e-03 -3.878756e-01 
-2.656453e-02 -3.956078e-01 
-4.218985e-02 -3.363327e-01 
-1.918907e-02 -2.225151e-01 
-6.955595e-03 -1.032964e-01 
-1.487125e-03 -8.703405e-03 
-9.270913e-04 2.095265e-02 
-1.558872e-03 3.493104e-02 
-2.574794e-03 2.986539e-02 
-1.206678e-03 -1.249648e-02 
5.798380e-03 -1.147839e-01 
-4.087575e-01 -6.148861e-01 
-4.251242e-02 -6.291846e-01 
-3.971381e-02 -4.913566e-01 
-3.152946e-02 -2.772460e-01 
-8.721200e-03 -9.412382e-02 
-8.978068e-04 2.657263e-02 
-2.948700e-03 4.138247e-02 
-2.640661e-03 -6.129183e-02 
5.439472e-04 -9.090835e-02 
2.368515e-03 -7.115983e-02 
1.226432e-03 -8.422460e-03 
-3.290954e-03 6.532905e-02 
-9.314682e-01 -9.654959e-01 
-1.060696e-01 -1.046420e+00 
-6.971584e-02 -7.756107e-01 
-2.128214e-02 -3.201305e-01 
6.645603e-03 2.116005e-02 
1.380630e-02 2.258267e-01 
5.298015e-03 2.429007e-01 
-3.045021e-03 3.956753e-02 
-1.011116e-03 -6.650365e-02 
2.010449e-03 -9.874077e-02 
2.819915e-03 -5.630466e-02 
-2.332716e-03 4.348007e-02 
-1.742052e+00 -9.199371e-01 
-3.837103e-01 -1.443590e+00 
-1.265038e-01 -1.194200e+00 
-5.466821e-02 -6.383042e-01 
-1.209781e-02 -2.195623e-01 
2.731621e-03 5.984831e-02 
1.575275e-03 1.819084e-01 
-4.500695e-03 9.190443e-02 
-4.144784e-03 1.456694e-02 
-2.465233e-03 -4.550326e-02 
1.466168e-03 -9.494578e-02 
8.156787e-03 -1.449678e-01 
-7.294389e-01 1.128407e+00 
6.543298e-02 6.078064e-01 
2.818230e-02 2.550992e-01 
7.414457e-03 7.958467e-02 
1.079484e-03 -6.307567e-03 
4.203916e-04 -4.908216e-02 
3.926684e-03 -4.784040e-02 
4.401809e-03 -9.505469e-03 
2.049788e-03 2.908329e-02 
-5.807978e-05 6.055414e-02 
-2.850127e-03 7.468870e-02 
-3.593613e-03 5.659568e-02 
