poroelastic
3.690797e-02 -1.646741e-02 
3.971032e-02 -3.401568e-02 
2.359569e-02 -9.939226e-02 
-3.717189e-02 -2.186597e-01 
-3.013793e-02 -2.470040e-01 
-1.960361e-02 -2.051820e-01 
-6.892648e-03 -1.061270e-01 
7.438033e-04 2.218912e-02 
-1.607618e-04 9.665455e-02 
-4.048017e-03 1.051275e-01 
-4.416974e-03 1.293367e-02 
8.533519e-03 -2.204677e-01 
-7.197145e-02 -2.247714e-01 
1.056394e-02 -1.492037e-01 
5.974980e-03 -6.728788e-02 
-1.223628e-02 -6.372338e-02 
-8.303481e-03 -5.440243e-02 
-6.097383e-03 -4.458739e-02 
-5.363379e-03 -4.790720e-02 
-2.491737e-03 -5.218443e-02 
-3.390842e-04 -2.483443e-02 
-5.634755e-05 8.015974e-03 
-9.680754e-04 2.534365e-02 
1.027604e-03 -2.875620e-02 
-2.053867e-01 -4.400210e-01 
-1.315535e-02 -3.346597e-01 
-1.650923e-02 -1.622223e-01 
-3.391429e-03 -4.833488e-02 
4.735986e-03 3.184840e-02 
6.766672e-03 7.704839e-02 
2.540785e-03 5.994361e-02 
-1.342493e-03 -1.656881e-02 
-5.063143e-04 -3.128271e-02 
2.830530e-04 -1.752756e-02 
-7.566060e-05 1.016196e-02 
-2.070897e-04 5.740570e-03 
-9.752403e-01 -6.130455e-01 
-4.125251e-02 -7.034183e-01 
-1.427604e-02 -5.455701e-01 
-5.483995e-02 -3.744768e-01 
-2.979675e-02 -2.512406e-01 
-1.499732e-02 -1.474463e-01 
-6.538454e-03 -5.789526e-02 
-2.181579e-03 6.299639e-03 
-1.737494e-03 4.405068e-02 
-3.398743e-03 4.356409e-02 
-2.922183e-03 -1.858813e-02 
6.524554e-03 -1.789893e-01 
-7.596006e-01 7.083576e-01 
-1.801091e-02 6.467178e-01 
3.258753e-02 3.917715e-01 
8.718026e-03 9.360463e-02 
-7.580036e-03 -8.622797e-02 
-9.532545e-03 -1.661170e-01 
9.267192e-04 -1.258086e-01 
6.963950e-03 3.418419e-02 
3.216887e-03 1.322012e-01 
-1.294578e-03 1.569698e-01 
-3.714457e-03 8.270091e-02 
4.193516e-03 -1.039758e-01 
6.550043e-02 5.723062e-01 
4.532607e-02 2.954891e-01 
1.087235e-02 -1.883116e-02 
-3.832601e-02 -2.665560e-01 
-3.399927e-02 -3.504412e-01 
-2.191201e-02 -3.099329e-01 
-4.528314e-03 -1.505472e-01 
3.245618e-03 6.781865e-02 
-5.378784e-04 1.700836e-01 
-5.831455e-03 1.615943e-01 
-4.857303e-03 1.008303e-02 
1.161487e-02 -2.756573e-01 
7.121162e-02 2.195694e-01 
1.400747e-02 1.929336e-02 
-8.551166e-03 -1.374947e-01 
-2.376736e-02 -2.020164e-01 
-1.526133e-02 -1.896360e-01 
-6.576285e-03 -1.314772e-01 
2.783254e-03 -3.259055e-02 
3.804242e-03 7.202269e-02 
2.449030e-04 1.222820e-01 
-3.405749e-03 1.149530e-01 
-3.135626e-03 2.248464e-02 
6.765350e-03 -1.605001e-01 
6.373967e-02 -1.109353e-02 
5.297425e-03 -1.198504e-01 
-1.229557e-02 -1.836943e-01 
-2.553963e-02 -1.861932e-01 
-1.481842e-02 -1.464971e-01 
-7.624243e-03 -8.987432e-02 
-3.304192e-03 -3.781610e-02 
-1.089299e-03 -1.240895e-02 
-6.948789e-04 1.228808e-02 
-1.394401e-03 2.114929e-02 
-9.726415e-04 -3.254710e-03 
2.902650e-03 -7.169264e-02 
-9.020446e-02 -3.445132e-01 
-2.050119e-02 -4.258503e-01 
-3.508716e-02 -4.000215e-01 
-3.109407e-02 -2.890773e-01 
-1.031330e-02 -1.517411e-01 
1.625531e-03 -2.248774e-02 
5.875451e-03 6.668918e-02 
1.997077e-03 7.626276e-02 
-3.419383e-04 7.426174e-02 
-1.964899e-03 5.530510e-02 
-1.529720e-03 2.396674e-03 
3.924944e-03 -1.093848e-01 
-3.887897e-01 -5.599721e-01 
-4.682996e-02 -5.828969e-01 
-3.894048e-02 -4.402058e-01 
-3.150510e-02 -2.355895e-01 
-9.505901e-03 -7.122528e-02 
-2.549585e-03 3.064194e-02 
-5.725955e-03 2.854025e-02 
-4.697951e-03 -8.509955e-02 
-1.009066e-03 -1.183108e-01 
1.360666e-03 -9.471397e-02 
1.205316e-03 -2.086106e-02 
-2.015155e-03 5.646578e-02 
-7.068568e-01 -9.065963e-01 
-1.051514e-01 -9.432243e-01 
-6.451367e-02 -6.359675e-01 
-2.337765e-03 -1.721663e-01 
1.968424e-02 1.550048e-01 
2.277158e-02 3.262478e-01 
9.154229e-03 2.836251e-01 
-2.390039e-03 7.976241e-03 
-5.396391e-04 -1.220351e-01 
3.007751e-03 -1.381017e-01 
3.010061e-03 -3.612468e-02 
-5.778509e-03 1.510157e-01 
-1.707244e+00 -9.338870e-01 
-4.175388e-01 -1.512557e+00 
-1.434224e-01 -1.244587e+00 
-5.591189e-02 -6.195670e-01 
-8.554641e-03 -1.613042e-01 
7.621615e-03 1.339375e-01 
4.381661e-03 2.410976e-01 
-3.801299e-03 1.031099e-01 
-3.750732e-03 -2.375356e-03 
-2.107520e-03 -7.250980e-02 
1.120909e-03 -1.103295e-01 
5.278572e-03 -1.288653e-01 
-7.460008e-01 1.154610e+00 
7.764687e-02 6.227028e-01 
3.298280e-02 2.682664e-01 
9.031491e-03 8.720768e-02 
8.708106e-04 -1.438885e-02 
-5.630140e-05 -6.564692e-02 
4.359130e-03 -5.254338e-02 
4.118497e-03 1.616363e-02 
1.286027e-03 6.419960e-02 
-8.975072e-04 8.718792e-02 
-2.423980e-03 7.204814e-02 
-4.698543e-04 9.829020e-03 
