poroelastic
4.827117e-02 4.801057e-02 
6.007705e-02 4.474942e-02 
4.205265e-02 -6.037010e-02 
-5.247750e-02 -2.451161e-01 
-4.278907e-02 -2.998189e-01 
-2.925693e-02 -2.670344e-01 
-1.327499e-02 -1.659885e-01 
-1.527686e-03 -2.416587e-02 
-2.182127e-03 6.724329e-02 
-7.079894e-03 9.365577e-02 
-5.942243e-03 1.793840e-02 
1.524053e-02 -2.037400e-01 
-8.042141e-02 -2.347486e-01 
1.895334e-02 -1.494273e-01 
9.029837e-03 -9.098302e-02 
-2.243270e-02 -1.148918e-01 
-1.486447e-02 -1.032527e-01 
-9.140532e-03 -7.759721e-02 
-5.251971e-03 -5.981357e-02 
-1.019023e-03 -4.776008e-02 
4.828238e-04 -8.053663e-03 
-8.157428e-04 2.920826e-02 
-2.709566e-03 3.592631e-02 
3.040082e-03 -4.301150e-02 
-3.401967e-01 -4.978863e-01 
5.617931e-03 -4.022716e-01 
-9.164435e-03 -2.601841e-01 
-2.849878e-02 -1.742501e-01 
-1.131239e-02 -8.736665e-02 
-2.808482e-03 -1.305658e-02 
-2.002485e-03 1.884574e-02 
-2.653411e-03 -8.132724e-03 
-1.627537e-03 -4.118010e-03 
-1.949056e-03 2.304336e-03 
-1.402454e-03 -7.340442e-03 
5.059197e-03 -7.170490e-02 
-1.018259e+00 -6.256301e-01 
-2.836142e-02 -6.747392e-01 
-5.798515e-03 -5.325541e-01 
-7.254260e-02 -4.238920e-01 
-4.233227e-02 -3.250476e-01 
-2.254654e-02 -2.211975e-01 
-8.588213e-03 -1.086502e-01 
-1.477331e-03 -5.854161e-03 
-2.205121e-03 5.695421e-02 
-5.459696e-03 6.897950e-02 
-4.440002e-03 4.210182e-03 
1.218190e-02 -1.746862e-01 
-7.720155e-01 8.487250e-01 
6.194724e-04 7.713874e-01 
5.062507e-02 4.563818e-01 
-3.826519e-04 6.632626e-02 
-1.877865e-02 -1.526704e-01 
-1.838249e-02 -2.439550e-01 
-2.995211e-03 -1.956624e-01 
7.062561e-03 -1.227691e-02 
2.173737e-03 1.061072e-01 
-4.143384e-03 1.491461e-01 
-6.713478e-03 9.020166e-02 
7.009359e-03 -9.622415e-02 
-7.094520e-02 7.506563e-01 
6.160044e-02 4.840044e-01 
2.934502e-02 1.116676e-01 
-4.618064e-02 -2.556716e-01 
-4.320863e-02 -3.959054e-01 
-2.752578e-02 -3.770062e-01 
-3.087689e-03 -2.082768e-01 
5.977778e-03 4.680810e-02 
-1.628157e-03 1.762422e-01 
-9.648574e-03 1.892936e-01 
-8.058285e-03 5.407514e-02 
1.753615e-02 -2.375969e-01 
9.499978e-02 3.776898e-01 
3.930416e-02 1.762708e-01 
5.715227e-03 -6.106198e-02 
-4.341022e-02 -2.532201e-01 
-3.128664e-02 -2.942548e-01 
-1.813053e-02 -2.476145e-01 
-3.055045e-03 -1.258458e-01 
2.282110e-03 2.576861e-02 
-1.897433e-03 1.076693e-01 
-7.063011e-03 1.193053e-01 
-5.363487e-03 2.779433e-02 
1.357311e-02 -1.852652e-01 
7.099771e-02 4.883700e-02 
1.516314e-02 -7.008027e-02 
-1.161638e-02 -1.888195e-01 
-3.855099e-02 -2.588860e-01 
-2.278088e-02 -2.290515e-01 
-9.818958e-03 -1.523482e-01 
6.770894e-04 -5.680527e-02 
2.421271e-03 1.742396e-02 
-4.299961e-04 6.562058e-02 
-3.626730e-03 7.760535e-02 
-3.384969e-03 3.061050e-02 
6.478122e-03 -9.057236e-02 
-1.047926e-01 -3.445525e-01 
-5.402437e-03 -4.322053e-01 
-3.622352e-02 -4.476881e-01 
-5.783867e-02 -3.838018e-01 
-2.604865e-02 -2.536469e-01 
-8.728933e-03 -1.147344e-01 
-9.847405e-04 -5.036771e-03 
-8.262317e-04 2.702780e-02 
-2.089614e-03 4.394656e-02 
-3.731741e-03 3.967843e-02 
-1.969742e-03 -7.532888e-03 
8.346026e-03 -1.247818e-01 
-4.395184e-01 -6.327902e-01 
-5.101778e-02 -6.791210e-01 
-5.355895e-02 -5.515678e-01 
-4.521267e-02 -3.284581e-01 
-1.320784e-02 -1.242930e-01 
-1.248710e-03 1.966739e-02 
-3.124225e-03 5.074464e-02 
-3.230079e-03 -5.483691e-02 
7.012271e-04 -8.535088e-02 
2.832046e-03 -6.630423e-02 
1.366347e-03 -7.833575e-03 
-3.586751e-03 5.339392e-02 
-9.944948e-01 -9.754200e-01 
-1.280673e-01 -1.106742e+00 
-9.247658e-02 -8.489508e-01 
-3.258853e-02 -3.785645e-01 
6.589465e-03 -7.486856e-03 
1.775632e-02 2.262534e-01 
7.637068e-03 2.621628e-01 
-3.683942e-03 5.070921e-02 
-1.199174e-03 -6.136681e-02 
2.698124e-03 -9.659261e-02 
3.675272e-03 -5.562601e-02 
-2.990805e-03 4.211561e-02 
-1.796090e+00 -9.290466e-01 
-4.385825e-01 -1.530596e+00 
-1.616785e-01 -1.291355e+00 
-7.367796e-02 -6.968977e-01 
-1.546742e-02 -2.373252e-01 
5.149540e-03 7.492339e-02 
3.303387e-03 2.162211e-01 
-6.005255e-03 1.150984e-01 
-5.877621e-03 2.486002e-02 
-3.466579e-03 -4.628282e-02 
2.180823e-03 -1.043545e-01 
1.160705e-02 -1.580402e-01 
-6.480032e-01 1.152819e+00 
7.095834e-02 5.631119e-01 
2.365588e-02 1.877896e-01 
3.718656e-03 1.906182e-02 
-1.112450e-03 -5.124732e-02 
2.543117e-04 -7.412626e-02 
6.561287e-03 -4.855657e-02 
6.363796e-03 6.974176e-03 
2.139658e-03 5.187897e-02 
-1.184675e-03 8.036882e-02 
-4.342275e-03 8.081554e-02 
-3.180035e-03 3.900590e-02 
