poroelastic
1.218395e-02 -1.848004e-01 
1.518253e-03 -2.366956e-01 
-6.391869e-03 -1.623274e-01 
-4.034637e-03 -5.133269e-02 
1.096296e-03 1.648711e-02 
4.833243e-03 7.817687e-02 
4.253018e-03 1.067093e-01 
-9.664551e-05 7.173336e-02 
-1.129531e-03 5.596484e-02 
-3.402305e-03 1.914519e-02 
-4.443743e-03 -8.897509e-02 
-1.661657e-03 -2.667893e-01 
2.110411e-02 -2.084882e-02 
-2.143457e-03 8.188436e-02 
1.321309e-02 2.186249e-01 
1.849982e-02 2.566715e-01 
1.479243e-02 2.424737e-01 
9.082611e-03 2.021780e-01 
-4.177835e-03 1.078992e-01 
-1.231170e-02 -3.636059e-02 
-1.079819e-02 -1.165427e-01 
-1.054889e-02 -1.718372e-01 
-7.727725e-03 -2.361041e-01 
-2.536949e-03 -3.200059e-01 
2.727057e-01 -1.485515e-03 
-7.819330e-03 2.080014e-01 
-7.137143e-04 3.491194e-01 
2.614813e-02 2.955420e-01 
1.755813e-02 2.262060e-01 
1.106071e-02 1.643966e-01 
4.279492e-03 9.100242e-02 
-9.262736e-04 8.256150e-03 
-1.155034e-03 -7.635562e-03 
-1.015605e-03 -1.232984e-03 
-1.132836e-03 -1.131981e-02 
-6.965444e-04 -8.966150e-02 
-8.884836e-02 -1.067122e-01 
2.046628e-04 3.310605e-02 
1.186907e-02 1.081297e-01 
-3.030849e-03 -2.087661e-02 
-8.023647e-03 -1.035456e-01 
-7.669628e-03 -1.164629e-01 
-3.225803e-03 -6.034944e-02 
1.651895e-03 3.918710e-02 
2.702146e-03 1.086740e-01 
6.946984e-04 1.130761e-01 
-2.452512e-03 9.692906e-03 
-1.446674e-03 -2.459951e-01 
-8.862724e-01 5.371297e-01 
-5.067201e-02 8.379237e-01 
4.150524e-02 7.700442e-01 
2.537166e-02 4.121013e-01 
7.182648e-03 1.583527e-01 
-2.003630e-03 1.543253e-02 
-6.507747e-03 -1.470137e-02 
-5.383247e-03 4.535875e-02 
-3.792995e-03 5.973307e-02 
-6.363442e-03 -9.920750e-03 
-7.696145e-03 -1.924304e-01 
-1.630942e-03 -4.862534e-01 
-1.258080e-01 4.789371e-01 
2.532275e-02 4.332275e-01 
1.820238e-02 2.674672e-01 
-1.416494e-03 3.401579e-02 
-8.145259e-03 -1.005764e-01 
-9.304981e-03 -1.349615e-01 
-7.574356e-03 -7.065204e-02 
-3.986083e-03 3.711461e-02 
-2.386967e-03 7.252482e-02 
-4.809200e-03 1.537732e-02 
-6.038765e-03 -1.556510e-01 
-8.313405e-04 -4.260324e-01 
5.518569e-02 -1.064618e-02 
-7.883427e-03 -2.055418e-01 
-1.794076e-02 -2.961036e-01 
-1.143963e-02 -2.237458e-01 
-5.777431e-03 -1.454986e-01 
6.971247e-04 -4.317903e-02 
9.242342e-03 8.504594e-02 
1.054897e-02 1.817614e-01 
6.744227e-03 2.032594e-01 
3.267718e-03 1.656944e-01 
1.019102e-04 7.069159e-02 
-2.049042e-04 -7.942199e-02 
3.781316e-02 -1.114333e-01 
-3.412161e-03 -1.446032e-01 
-2.288186e-03 -6.102086e-02 
4.443878e-03 1.180714e-01 
8.258325e-03 2.051918e-01 
5.138487e-03 2.040045e-01 
-5.620022e-03 1.032300e-01 
-9.950940e-03 -6.385841e-02 
-9.317858e-03 -1.884884e-01 
-8.525429e-03 -2.689354e-01 
-4.917656e-03 -2.725416e-01 
-7.833316e-04 -1.590945e-01 
-2.317454e-02 -1.413878e-01 
-6.525280e-03 -1.225253e-01 
1.479880e-03 1.769540e-02 
1.259135e-02 2.155090e-01 
1.566758e-02 3.283286e-01 
1.045872e-02 3.377353e-01 
-3.547437e-03 2.155963e-01 
-7.674417e-03 4.797873e-03 
-9.085092e-03 -1.631943e-01 
-1.031546e-02 -2.949260e-01 
-8.647549e-03 -3.705846e-01 
-3.077463e-03 -3.249790e-01 
-1.114211e-01 -2.263930e-01 
-1.143133e-02 -1.650294e-01 
-4.629954e-03 -8.168583e-02 
-2.862342e-03 -2.694557e-02 
5.005529e-04 2.190603e-02 
7.869710e-04 4.031838e-02 
-7.269481e-04 3.397594e-02 
-2.053508e-04 2.893449e-02 
-8.790962e-04 -6.789799e-03 
-1.574069e-03 -4.361868e-02 
-1.768183e-03 -6.986990e-02 
-9.422999e-04 -8.219767e-02 
1.969338e-01 -1.967135e-01 
2.304915e-02 8.430372e-02 
1.725669e-02 2.887657e-01 
2.374544e-02 2.912424e-01 
1.621055e-02 2.727828e-01 
8.480794e-03 2.031766e-01 
4.595922e-05 8.716038e-02 
-1.901675e-03 -1.578244e-02 
-2.956148e-03 -9.472720e-02 
-2.925476e-03 -1.245215e-01 
-1.328157e-03 -7.813855e-02 
1.802851e-04 1.495444e-02 
-3.013282e-01 -2.851370e-01 
-4.725457e-02 -2.017833e-01 
-5.802117e-04 3.473308e-02 
3.513414e-03 1.240354e-01 
5.473226e-03 1.896682e-01 
2.891871e-03 2.100935e-01 
-4.305807e-03 1.564830e-01 
-3.170386e-03 3.964573e-02 
-3.801922e-03 -7.312911e-02 
-5.481745e-03 -1.910365e-01 
-7.217347e-03 -3.081190e-01 
-4.495484e-03 -4.129973e-01 
-9.342447e-01 8.885924e-01 
6.161508e-02 8.419607e-01 
5.452478e-02 6.764516e-01 
1.779753e-02 3.583100e-01 
4.187926e-03 1.371405e-01 
-1.443677e-03 1.491320e-02 
-2.929077e-03 -2.470760e-02 
-6.639567e-04 -2.336714e-03 
7.795408e-05 2.979279e-02 
-1.928230e-04 1.823452e-02 
-1.835609e-03 -6.791176e-02 
-1.776818e-03 -2.126974e-01 
