poroelastic
7.439261e-03 -6.051591e-02 
4.545240e-03 -9.534830e-02 
-9.009527e-04 -8.999038e-02 
-4.408921e-04 -1.028016e-02 
1.636020e-03 3.826789e-02 
1.352941e-03 3.141131e-02 
-6.060326e-04 -1.007344e-02 
-1.715432e-03 -4.280031e-02 
-1.913127e-03 -7.202371e-02 
-1.013795e-03 -7.292614e-02 
8.929568e-04 -9.357999e-03 
1.889991e-03 1.497696e-01 
4.106516e-02 2.632483e-01 
-3.772073e-03 1.407542e-01 
2.452710e-04 3.255518e-02 
2.829693e-04 6.575625e-03 
3.386302e-04 7.945894e-03 
4.428382e-04 1.054644e-02 
1.244491e-03 3.410362e-02 
2.118241e-03 7.739250e-02 
9.612128e-04 5.860186e-02 
-9.051192e-04 7.576982e-03 
-2.425178e-03 -6.957282e-02 
-1.948090e-03 -1.305944e-01 
1.887861e-01 6.015223e-01 
-9.692079e-04 4.391473e-01 
1.523499e-02 2.127464e-01 
8.110493e-04 1.397257e-02 
-4.385641e-03 -9.935416e-02 
-5.858194e-03 -1.366724e-01 
-3.830289e-03 -8.280788e-02 
1.458364e-04 2.668094e-02 
1.083782e-03 6.442838e-02 
-1.033521e-04 4.702205e-02 
-2.360014e-03 -4.778920e-02 
-2.806941e-03 -1.954874e-01 
9.808973e-01 8.735811e-01 
2.463334e-03 8.332751e-01 
-4.779880e-03 5.895558e-01 
1.018471e-02 2.937377e-01 
3.216976e-03 8.488600e-02 
-9.651638e-04 -2.396376e-02 
-1.468527e-03 -3.911218e-02 
3.362360e-04 -4.736422e-03 
1.113452e-03 2.797216e-02 
1.239500e-03 4.893241e-02 
3.665006e-04 3.261901e-02 
-4.690857e-04 -3.777651e-02 
1.073321e+00 -6.279479e-01 
1.197230e-01 -6.545173e-01 
9.226312e-03 -4.632696e-01 
-4.838161e-03 -2.891157e-01 
-4.012773e-03 -1.684035e-01 
-1.416390e-03 -7.046662e-02 
-4.896240e-04 -1.896103e-02 
-3.413751e-03 -5.397606e-02 
-2.659412e-03 -6.664663e-02 
-1.894192e-03 -6.191555e-02 
-9.739264e-04 -4.057331e-02 
-3.693849e-04 -4.004710e-02 
2.413916e-01 -5.327912e-01 
1.090779e-03 -3.306302e-01 
-2.745667e-03 -1.177586e-01 
-7.808864e-04 1.621233e-02 
1.615137e-03 8.782586e-02 
2.555488e-03 9.904067e-02 
1.450880e-03 4.612989e-02 
-1.340873e-03 -4.632615e-02 
-1.670692e-03 -8.865425e-02 
-4.507476e-04 -7.707078e-02 
1.476990e-03 1.886367e-02 
1.204678e-03 1.689444e-01 
1.429499e-01 -2.443350e-01 
4.639292e-03 -8.478883e-02 
1.655660e-03 -1.218431e-02 
1.107105e-03 -4.245491e-02 
-2.336394e-06 -5.241010e-02 
-9.292723e-04 -7.603359e-02 
-2.577486e-03 -9.565895e-02 
-3.016773e-03 -8.096621e-02 
-1.986810e-03 -7.798752e-02 
-1.002366e-03 -6.351362e-02 
2.951348e-04 -1.200567e-02 
6.159542e-04 7.110153e-02 
3.264348e-03 -3.949620e-02 
5.510722e-04 2.870149e-02 
1.008374e-03 3.537156e-02 
1.450547e-04 -3.672813e-03 
-1.309794e-04 -1.115232e-02 
-1.968921e-04 -1.237260e-02 
3.592777e-04 1.100464e-02 
1.105877e-03 5.526938e-02 
5.706946e-04 4.465011e-02 
-4.497440e-04 1.029802e-02 
-1.622889e-03 -4.950456e-02 
-1.477955e-03 -1.245051e-01 
3.325456e-02 2.835173e-01 
3.720489e-03 3.038154e-01 
6.002286e-03 2.207918e-01 
2.416768e-03 7.858673e-02 
-1.501760e-04 -1.943488e-02 
-1.755907e-03 -7.600798e-02 
-2.059035e-03 -7.440014e-02 
-1.164988e-03 -2.626339e-02 
-4.709067e-04 -6.530157e-03 
-4.735947e-04 -5.784090e-03 
-1.490131e-03 -4.188380e-02 
-1.794624e-03 -1.055635e-01 
1.838141e-01 5.271179e-01 
8.633449e-03 4.487990e-01 
6.143783e-03 2.278900e-01 
-6.692020e-04 -2.654598e-02 
-4.568391e-03 -1.676741e-01 
-5.560101e-03 -2.019248e-01 
-2.784282e-03 -1.029489e-01 
2.506702e-03 8.128016e-02 
4.200074e-03 1.608356e-01 
3.691250e-03 1.556753e-01 
2.716915e-04 4.316747e-02 
-3.197774e-03 -1.679313e-01 
3.662726e-01 9.438097e-01 
1.558713e-02 8.018808e-01 
1.168082e-02 3.822854e-01 
-1.737785e-03 -1.316868e-01 
-8.770129e-03 -4.016752e-01 
-1.188966e-02 -4.764546e-01 
-8.886566e-03 -3.187076e-01 
1.138025e-03 2.390536e-02 
4.884068e-03 1.832756e-01 
4.662213e-03 2.000390e-01 
5.204080e-04 6.564636e-02 
-3.800478e-03 -2.094726e-01 
1.365919e+00 1.004289e+00 
1.712348e-01 1.266875e+00 
1.934453e-02 9.026303e-01 
4.037626e-03 2.910141e-01 
-4.568723e-04 -7.904486e-02 
-4.923395e-03 -2.568860e-01 
-6.250509e-03 -2.236981e-01 
9.123824e-04 1.068595e-02 
3.446086e-03 1.289875e-01 
3.429131e-03 1.532753e-01 
1.322863e-03 8.444556e-02 
-1.204501e-03 -7.857925e-02 
9.560691e-01 -8.057272e-01 
-1.671905e-02 -5.821520e-01 
-2.620390e-02 -3.816794e-01 
3.173283e-03 -2.997690e-01 
7.376307e-04 -2.152497e-01 
2.002088e-04 -1.192503e-01 
9.116595e-04 -2.129943e-02 
1.691137e-04 3.518066e-02 
1.751991e-04 3.805737e-02 
-5.728501e-04 1.859368e-03 
-2.335814e-03 -8.344151e-02 
-2.588101e-03 -2.323481e-01 
