poroelastic
-1.441627e-02 -2.721084e-02 
-1.877504e-02 -2.787919e-02 
-1.734355e-02 2.643898e-02 
1.123158e-02 1.374842e-01 
1.221262e-02 1.688449e-01 
9.191336e-03 1.394188e-01 
3.282452e-03 5.697740e-02 
-1.883031e-03 -4.225540e-02 
-2.620189e-03 -8.520338e-02 
-8.800837e-04 -7.519278e-02 
1.962079e-03 6.350574e-03 
2.567847e-03 1.795116e-01 
6.421283e-02 2.783413e-01 
-7.223264e-03 1.760490e-01 
-6.350856e-04 9.078081e-02 
4.937103e-03 6.491866e-02 
2.276325e-03 3.265402e-02 
2.354411e-04 3.428573e-03 
-2.626846e-04 -5.794412e-03 
4.038753e-04 7.906838e-03 
2.765883e-04 8.007564e-03 
2.177305e-05 2.986800e-03 
-2.200732e-04 -7.392925e-03 
-4.567630e-05 -2.798824e-03 
2.945333e-01 5.991452e-01 
-3.517846e-03 4.489719e-01 
1.027885e-02 2.539058e-01 
5.852292e-03 8.782795e-02 
-1.793031e-03 -2.020897e-02 
-5.270767e-03 -8.162605e-02 
-4.124475e-03 -8.066411e-02 
-4.409646e-05 -1.710176e-02 
1.062254e-03 1.459206e-02 
1.238626e-03 2.736513e-02 
7.606721e-04 2.231061e-02 
3.117887e-04 1.999075e-02 
9.675629e-01 7.643081e-01 
1.501574e-02 7.259629e-01 
-2.318516e-04 5.384015e-01 
2.355494e-02 3.466426e-01 
1.322512e-02 2.047913e-01 
5.583840e-03 9.356129e-02 
1.047886e-04 3.788462e-03 
-2.276302e-03 -5.452332e-02 
-1.928288e-03 -6.981679e-02 
-2.602076e-04 -4.878439e-02 
1.829079e-03 1.619238e-02 
1.918399e-03 1.423358e-01 
9.427476e-01 -7.628139e-01 
6.451131e-02 -7.330489e-01 
-1.206908e-02 -4.598136e-01 
-9.041510e-03 -1.626949e-01 
7.334795e-04 1.552789e-02 
5.074142e-03 1.011146e-01 
2.552620e-03 7.817019e-02 
-4.443162e-03 -5.176119e-02 
-4.715631e-03 -1.155347e-01 
-3.050231e-03 -1.193627e-01 
-1.741005e-04 -5.360540e-02 
8.206510e-04 8.657346e-02 
2.819557e-01 -6.913043e-01 
-1.357042e-02 -4.859942e-01 
-1.157044e-02 -1.886574e-01 
4.228649e-03 9.065033e-02 
1.081576e-02 2.228077e-01 
1.142292e-02 2.398090e-01 
5.143262e-03 1.309812e-01 
-4.417789e-03 -6.635055e-02 
-5.071055e-03 -1.560621e-01 
-2.573725e-03 -1.532504e-01 
1.247764e-03 -3.645122e-02 
1.305897e-03 1.889006e-01 
3.690742e-02 -3.445333e-01 
-8.091592e-03 -1.627559e-01 
-1.786021e-03 3.864219e-03 
4.878379e-03 1.007289e-01 
5.875243e-03 1.249184e-01 
4.254249e-03 9.238856e-02 
4.288275e-06 6.124579e-03 
-3.492453e-03 -9.311748e-02 
-2.737154e-03 -1.198172e-01 
-2.229030e-04 -8.516774e-02 
2.453006e-03 2.753100e-02 
1.623505e-03 2.126550e-01 
-6.830740e-03 -5.153174e-02 
4.277290e-04 4.274554e-02 
3.688449e-03 8.617596e-02 
3.576852e-03 7.371531e-02 
1.920100e-03 4.387144e-02 
-9.978767e-05 3.193239e-03 
-1.982167e-03 -3.304442e-02 
-2.235514e-03 -4.847042e-02 
-1.627718e-03 -5.400173e-02 
-7.010090e-04 -4.121456e-02 
4.153855e-04 -3.532441e-03 
5.911157e-04 5.666899e-02 
8.986219e-02 3.522087e-01 
7.178582e-03 4.093371e-01 
1.188008e-02 3.526816e-01 
1.208056e-02 2.112035e-01 
4.817421e-03 9.289561e-02 
1.621533e-04 2.232591e-04 
-1.546045e-03 -4.724190e-02 
-4.926615e-04 -3.250194e-02 
1.575638e-04 -1.413686e-02 
9.567814e-04 1.054438e-02 
1.665910e-03 4.265034e-02 
1.359253e-03 8.796417e-02 
3.301195e-01 6.661991e-01 
2.815451e-02 6.552831e-01 
2.142172e-02 4.525127e-01 
7.581007e-03 1.534946e-01 
-2.856705e-03 -4.438193e-02 
-7.003021e-03 -1.474060e-01 
-4.706349e-03 -1.264558e-01 
7.997682e-04 6.552746e-03 
2.448069e-03 7.351825e-02 
2.229041e-03 8.784603e-02 
2.071352e-04 3.359511e-02 
-1.450355e-03 -8.605397e-02 
8.173947e-01 1.016143e+00 
5.976612e-02 1.020859e+00 
3.277112e-02 6.857911e-01 
6.602827e-03 1.704664e-01 
-7.630584e-03 -1.487257e-01 
-1.353841e-02 -3.040747e-01 
-1.010661e-02 -2.630358e-01 
1.946314e-04 -3.150188e-02 
3.598968e-03 9.324714e-02 
3.818591e-03 1.353096e-01 
1.390231e-03 8.203647e-02 
-1.062977e-03 -6.783774e-02 
1.572045e+00 9.954503e-01 
2.677473e-01 1.377923e+00 
5.777074e-02 1.058328e+00 
1.686409e-02 4.593084e-01 
2.367475e-03 6.550051e-02 
-5.843425e-03 -1.626726e-01 
-7.685252e-03 -2.180221e-01 
-1.501332e-03 -8.610837e-02 
1.353733e-03 7.878679e-03 
2.589863e-03 6.922389e-02 
2.568459e-03 9.642842e-02 
1.067894e-03 8.608385e-02 
8.674014e-01 -9.336578e-01 
-4.451028e-02 -5.281937e-01 
-3.002906e-02 -2.852566e-01 
-5.196518e-03 -2.205028e-01 
-3.713272e-03 -1.602469e-01 
-2.533402e-03 -1.031326e-01 
-1.657102e-03 -5.240080e-02 
-1.378327e-03 -2.157872e-02 
-8.225780e-04 -1.447781e-02 
-8.095923e-04 -1.944383e-02 
-8.920648e-04 -3.464742e-02 
-4.135503e-04 -5.732582e-02 
