poroelastic
1.350539e-02 -7.841059e-02 
1.140305e-02 -1.273956e-01 
4.703629e-03 -1.355232e-01 
-1.761863e-03 -8.101158e-02 
-8.466795e-04 -3.394255e-02 
-4.496430e-04 -1.671814e-02 
-4.666925e-04 -1.805943e-02 
-2.455745e-04 -1.680081e-02 
-3.332508e-04 -2.577602e-02 
-1.100471e-04 -2.593622e-02 
4.835025e-04 6.245949e-03 
9.183643e-04 8.929304e-02 
1.394213e-02 8.678196e-02 
-1.810068e-03 -1.494384e-02 
-4.583595e-03 -8.298609e-02 
-1.897691e-03 -6.158575e-02 
-8.372816e-04 -2.608127e-02 
-7.899175e-05 4.979938e-03 
1.378875e-03 4.416331e-02 
2.745092e-03 8.818100e-02 
1.971417e-03 8.271165e-02 
9.694082e-04 5.049205e-02 
-1.023316e-05 3.866069e-03 
-2.375133e-04 -1.841531e-02 
-1.893509e-02 3.051334e-01 
6.383889e-03 1.591312e-01 
1.494192e-02 -6.187611e-03 
-1.837456e-03 -1.093428e-01 
-3.733780e-03 -1.533342e-01 
-3.602473e-03 -1.422842e-01 
-1.717758e-03 -6.360640e-02 
8.980697e-04 4.632851e-02 
1.365200e-03 8.166646e-02 
4.363999e-04 5.789763e-02 
-1.380570e-03 -4.083306e-02 
-2.213621e-03 -1.798833e-01 
6.492365e-01 5.062181e-01 
-1.032794e-02 4.854433e-01 
-1.352989e-02 3.368931e-01 
1.655003e-03 1.605701e-01 
3.131661e-04 3.847898e-02 
-8.717514e-04 -1.152355e-02 
5.416276e-05 1.293919e-02 
2.591946e-03 7.295508e-02 
2.429985e-03 1.015374e-01 
1.682809e-03 9.746710e-02 
1.990073e-04 3.705590e-02 
-8.232779e-04 -7.835619e-02 
7.274646e-01 -3.750731e-01 
9.686211e-02 -4.525326e-01 
1.201179e-02 -3.520715e-01 
8.214650e-04 -2.316195e-01 
-8.967056e-04 -1.447815e-01 
-3.764417e-04 -6.371689e-02 
3.579550e-04 -4.878180e-03 
-7.029208e-04 -6.908305e-03 
-6.098278e-04 -1.093153e-02 
-6.199856e-04 -1.469237e-02 
-6.688590e-04 -2.674050e-02 
-5.683849e-04 -7.823545e-02 
9.654771e-03 -2.943101e-01 
-5.312967e-03 -1.301987e-01 
-1.350413e-03 -4.725971e-03 
-2.646340e-03 3.847558e-02 
-1.237187e-03 6.060211e-02 
-7.326587e-04 6.653720e-02 
-1.846183e-04 4.858764e-02 
9.642493e-04 1.084475e-02 
6.085345e-04 -7.695538e-05 
8.323936e-04 1.564103e-02 
1.103658e-03 6.655203e-02 
5.758260e-04 1.152785e-01 
1.054012e-01 -8.045751e-02 
3.975804e-03 4.704037e-03 
6.584666e-04 1.474984e-02 
3.178038e-03 -6.709576e-02 
1.380037e-03 -9.868264e-02 
4.456589e-04 -1.069268e-01 
-5.678865e-04 -8.950454e-02 
-1.156917e-03 -4.334445e-02 
-5.541134e-04 -2.115341e-02 
-4.145878e-04 -1.552484e-02 
-4.175413e-04 -2.111824e-02 
-3.191402e-04 -4.910962e-02 
-3.584619e-03 -2.897524e-02 
-2.411322e-04 -1.510857e-02 
-3.031803e-04 -2.528119e-02 
-9.328260e-04 -5.533416e-02 
-1.055386e-03 -4.101490e-02 
-1.039799e-03 -6.300664e-03 
-1.400488e-05 5.182819e-02 
2.105683e-03 1.167725e-01 
1.805489e-03 1.206202e-01 
9.289818e-04 8.045680e-02 
-5.010977e-04 -7.175482e-03 
-1.234939e-03 -1.299104e-01 
-1.770844e-02 9.996046e-02 
5.546645e-04 8.100299e-02 
2.599384e-03 1.356694e-02 
1.070412e-03 -6.873385e-02 
2.699666e-05 -1.067222e-01 
-5.288864e-04 -1.120223e-01 
-6.103823e-04 -7.858208e-02 
-2.696963e-04 -1.729605e-02 
1.507110e-04 8.792829e-03 
1.005809e-04 6.024779e-03 
-7.444424e-04 -3.097050e-02 
-1.256820e-03 -8.637463e-02 
4.161728e-02 1.654753e-01 
2.600652e-04 7.606015e-02 
-1.278682e-04 -3.519723e-02 
-9.997553e-04 -1.116464e-01 
-1.560251e-03 -1.280789e-01 
-1.672736e-03 -9.167105e-02 
-1.004085e-03 4.395212e-03 
1.642452e-03 1.237472e-01 
2.729226e-03 1.660829e-01 
2.530324e-03 1.408017e-01 
4.719879e-04 3.665882e-02 
-2.017502e-03 -1.210400e-01 
-5.301619e-02 3.676918e-01 
-6.992567e-03 2.483990e-01 
1.576614e-03 1.923222e-02 
1.521179e-03 -2.039113e-01 
-6.400568e-04 -2.987020e-01 
-2.155547e-03 -2.777089e-01 
-1.894870e-03 -1.288076e-01 
1.412107e-03 8.925233e-02 
2.936865e-03 1.736818e-01 
2.520424e-03 1.431193e-01 
-8.841239e-04 -2.123914e-02 
-4.487054e-03 -2.903796e-01 
7.053413e-01 4.323757e-01 
7.906102e-02 5.957965e-01 
3.325889e-03 4.334128e-01 
-1.682429e-03 1.444520e-01 
-2.971519e-04 -4.349789e-02 
-1.344621e-03 -1.162632e-01 
-2.423374e-03 -6.264510e-02 
1.119447e-03 8.206373e-02 
2.245904e-03 1.500327e-01 
2.077860e-03 1.429895e-01 
2.904532e-04 4.105231e-02 
-1.845652e-03 -1.484533e-01 
5.903795e-01 -4.955230e-01 
-1.498569e-03 -4.548931e-01 
-9.111204e-03 -3.290881e-01 
5.397211e-03 -2.086606e-01 
1.855479e-03 -1.180908e-01 
3.735090e-04 -2.669083e-02 
7.139882e-04 4.902854e-02 
6.740020e-04 6.508781e-02 
5.578170e-04 5.785649e-02 
2.397994e-04 2.497486e-02 
-7.700619e-04 -4.873154e-02 
-1.459141e-03 -1.775694e-01 
