poroelastic
-5.464507e-03 1.279404e-01 
3.768144e-03 1.782383e-01 
1.246366e-02 1.231281e-01 
-3.848203e-03 -2.129144e-02 
-5.195897e-03 -8.497257e-02 
-4.481183e-03 -1.027319e-01 
-2.320422e-03 -7.764512e-02 
-2.857707e-04 -2.366394e-02 
-6.001493e-07 6.047085e-03 
-1.818637e-04 1.762547e-02 
-2.356606e-04 6.560826e-03 
4.249899e-04 -2.860788e-02 
-3.682819e-02 -1.684352e-01 
6.386708e-03 -5.411639e-02 
4.617581e-03 -1.293697e-02 
-3.109957e-03 -4.003803e-02 
-2.146042e-03 -3.691968e-02 
-1.308073e-03 -2.526610e-02 
-8.417131e-04 -1.737883e-02 
-3.569147e-04 -1.954769e-02 
-7.644837e-05 -1.621483e-02 
7.693993e-05 -9.817105e-03 
8.436703e-05 -7.867515e-05 
-1.580746e-04 1.401618e-02 
-2.818394e-01 -4.741093e-01 
1.345424e-02 -3.471189e-01 
1.771291e-03 -2.229711e-01 
-7.420546e-03 -1.280768e-01 
-2.244784e-03 -4.783006e-02 
6.905502e-05 1.402880e-02 
6.730812e-06 4.420362e-02 
-5.210966e-04 2.602555e-02 
-5.998527e-04 6.919880e-03 
-6.369142e-04 -1.514092e-02 
-1.408785e-04 -4.115403e-02 
7.742763e-04 -6.591333e-02 
-6.231787e-01 -5.571252e-01 
4.794361e-03 -4.006378e-01 
7.889102e-03 -2.624080e-01 
-1.116890e-02 -2.019920e-01 
-6.196282e-03 -1.426787e-01 
-2.957296e-03 -8.656461e-02 
-8.265422e-04 -3.230620e-02 
2.638925e-06 8.661048e-03 
-7.937704e-05 2.513582e-02 
-3.790352e-04 2.151140e-02 
-3.179202e-04 -5.300218e-03 
6.962083e-04 -5.582714e-02 
-7.681681e-01 6.624248e-01 
-6.594012e-02 7.024359e-01 
8.722235e-03 4.742461e-01 
4.632946e-03 1.688196e-01 
-1.248550e-03 -1.042321e-02 
-3.014969e-03 -1.039908e-01 
-2.007520e-03 -1.123175e-01 
4.147261e-05 -3.634395e-02 
2.419524e-04 9.828791e-03 
-5.584207e-05 3.136819e-02 
-3.485311e-04 2.558991e-02 
2.597461e-04 -1.641272e-02 
-4.996014e-01 6.712871e-01 
-4.890778e-03 5.940593e-01 
8.027754e-03 3.649929e-01 
8.768448e-04 5.713769e-02 
-2.488802e-03 -1.071799e-01 
-2.637865e-03 -1.728524e-01 
9.114655e-05 -1.312992e-01 
1.936141e-03 5.664910e-03 
8.531233e-04 8.037743e-02 
-2.787647e-04 1.075855e-01 
-1.059880e-03 7.961623e-02 
2.644427e-04 -1.477118e-02 
-8.672179e-02 4.392738e-01 
7.059407e-03 3.568937e-01 
4.788401e-03 1.831461e-01 
-2.590032e-03 -2.315872e-02 
-3.312051e-03 -1.258763e-01 
-3.104381e-03 -1.581576e-01 
-1.919298e-03 -1.132945e-01 
-5.193423e-04 -1.278055e-02 
-5.084702e-04 3.249400e-02 
-9.921170e-04 3.568604e-02 
-4.959866e-04 -1.265189e-02 
2.030399e-03 -1.186784e-01 
-3.025847e-02 1.476881e-01 
5.406430e-04 1.150580e-01 
9.230039e-04 5.437121e-02 
6.971819e-04 -8.429400e-03 
2.526673e-04 -2.666063e-02 
6.691888e-04 -1.901564e-02 
1.617801e-03 1.165080e-02 
1.291733e-03 5.238779e-02 
3.786839e-04 6.914933e-02 
-1.841336e-04 6.596297e-02 
-4.517460e-04 3.997395e-02 
1.099322e-04 -7.337382e-03 
-5.773538e-02 -1.668181e-01 
2.378669e-05 -1.641013e-01 
-1.703741e-03 -1.463173e-01 
-5.809538e-03 -1.122641e-01 
-2.916939e-03 -7.670877e-02 
-2.062248e-03 -4.937085e-02 
-1.813345e-03 -3.597127e-02 
-8.871511e-04 -4.085722e-02 
-3.998078e-04 -4.264099e-02 
-1.814360e-04 -4.192022e-02 
1.081505e-04 -4.008344e-02 
4.076162e-04 -4.044947e-02 
-1.856025e-01 -4.414899e-01 
-1.103077e-02 -3.962718e-01 
-6.968223e-03 -2.593873e-01 
-7.052490e-04 -7.377239e-02 
1.745320e-03 4.477492e-02 
1.990860e-03 1.023527e-01 
7.058374e-04 8.147035e-02 
-1.068845e-04 -7.050527e-03 
6.140445e-05 -4.575380e-02 
3.567702e-04 -4.863603e-02 
2.958057e-04 -7.872122e-03 
-7.185486e-04 8.242490e-02 
-6.465243e-01 -6.887142e-01 
-3.410955e-02 -6.967043e-01 
-1.290793e-02 -5.038691e-01 
-3.531366e-03 -1.893668e-01 
7.179595e-04 1.588051e-02 
1.733300e-03 1.318856e-01 
6.125882e-04 1.429921e-01 
-6.681890e-04 4.173083e-02 
-5.712432e-04 -2.297635e-02 
-1.941687e-04 -6.189849e-02 
3.765507e-04 -7.059786e-02 
3.872103e-04 -3.533610e-02 
-1.000407e+00 -5.989187e-01 
-1.411676e-01 -7.622213e-01 
-2.348433e-02 -5.825912e-01 
-3.930144e-03 -2.890700e-01 
-7.807065e-04 -9.332161e-02 
5.756459e-05 2.468743e-02 
7.413722e-05 6.551492e-02 
-6.187769e-04 2.157702e-02 
-4.843250e-04 -1.073212e-02 
-2.105834e-04 -3.390434e-02 
2.683267e-04 -4.899031e-02 
7.118692e-04 -5.067451e-02 
-5.894951e-01 5.834296e-01 
1.727517e-02 3.671564e-01 
1.866602e-02 2.220520e-01 
6.024605e-04 1.782328e-01 
-1.672803e-04 1.400823e-01 
-6.391861e-05 9.478250e-02 
9.208137e-05 3.487227e-02 
4.114846e-04 -2.263676e-02 
7.080880e-04 -3.875699e-02 
8.296151e-04 -2.495035e-02 
-2.522511e-05 2.399696e-02 
-2.037839e-03 1.051222e-01 
