poroelastic
-2.489162e-02 -5.947268e-02 
-3.345873e-02 -5.527787e-02 
-2.931939e-02 2.855951e-02 
1.946896e-02 1.551890e-01 
2.049282e-02 1.991885e-01 
1.707107e-02 1.858329e-01 
1.022312e-02 1.146946e-01 
2.198943e-03 1.429902e-02 
-1.462732e-04 -3.096192e-02 
6.561013e-04 -3.352492e-02 
2.301424e-03 1.877193e-02 
1.498130e-03 1.398922e-01 
8.162325e-02 2.253343e-01 
-1.303661e-02 1.893079e-01 
-2.795172e-04 1.622762e-01 
1.420802e-02 1.354161e-01 
8.131852e-03 8.922873e-02 
2.825134e-03 3.639058e-02 
-8.949377e-04 -1.034714e-02 
-1.467026e-03 -2.969903e-02 
-8.915426e-04 -3.022688e-02 
1.067631e-04 -1.764596e-02 
1.009291e-03 1.040946e-02 
7.192366e-04 5.824523e-02 
3.527846e-01 4.402303e-01 
-1.163719e-02 3.952562e-01 
2.342026e-03 3.008179e-01 
2.015313e-02 1.853760e-01 
9.507020e-03 9.694403e-02 
2.861233e-03 2.560815e-02 
9.119427e-05 -2.146976e-02 
4.163481e-04 -2.382449e-02 
7.698529e-04 -1.449697e-02 
1.743318e-03 5.682114e-03 
2.348317e-03 4.298873e-02 
1.172245e-03 1.013962e-01 
7.264102e-01 4.511441e-01 
1.883361e-02 4.499685e-01 
-3.031994e-03 3.718934e-01 
3.114620e-02 3.056052e-01 
2.199151e-02 2.430294e-01 
1.351880e-02 1.699528e-01 
4.754378e-03 7.214297e-02 
-1.615102e-03 -3.123654e-02 
-2.293047e-03 -7.237987e-02 
-5.790358e-04 -6.563927e-02 
1.945985e-03 1.673814e-03 
1.382969e-03 1.470342e-01 
4.987725e-01 -6.183954e-01 
1.077708e-03 -5.423921e-01 
-2.460417e-02 -2.989110e-01 
-1.075213e-04 -2.623401e-02 
1.040173e-02 1.227484e-01 
1.266922e-02 1.777812e-01 
7.094549e-03 1.271910e-01 
-1.867367e-03 -1.676332e-02 
-3.080087e-03 -8.367182e-02 
-1.472685e-03 -9.011709e-02 
1.185988e-03 -2.582748e-02 
6.303778e-04 1.280058e-01 
2.265840e-01 -6.042798e-01 
-2.560868e-02 -4.720149e-01 
-1.922787e-02 -2.104512e-01 
9.027534e-03 9.485663e-02 
1.757277e-02 2.406716e-01 
1.716285e-02 2.694173e-01 
7.374569e-03 1.680353e-01 
-4.470075e-03 -3.267946e-02 
-5.378247e-03 -1.307324e-01 
-3.013591e-03 -1.470932e-01 
6.914468e-04 -6.444354e-02 
2.962813e-04 1.320523e-01 
-8.773321e-02 -3.389761e-01 
-2.589957e-02 -2.009159e-01 
-7.942348e-03 5.367941e-03 
1.923581e-02 2.009102e-01 
2.021352e-02 2.678364e-01 
1.658657e-02 2.464282e-01 
8.283776e-03 1.325804e-01 
-3.144353e-04 -2.917593e-02 
-1.509289e-03 -9.197534e-02 
7.284301e-04 -7.880839e-02 
3.010237e-03 2.548116e-02 
5.424669e-04 2.272854e-01 
-2.757691e-02 -5.673207e-02 
-3.729538e-03 3.087883e-02 
5.956975e-03 1.217089e-01 
1.411393e-02 1.762614e-01 
1.055105e-02 1.599844e-01 
5.142817e-03 1.025557e-01 
-2.018327e-03 9.115611e-03 
-5.209324e-03 -8.623191e-02 
-3.957498e-03 -1.188835e-01 
-1.575527e-03 -9.993788e-02 
9.442228e-04 -2.029044e-02 
5.636356e-04 1.175123e-01 
1.044005e-01 2.467048e-01 
1.640916e-03 3.220676e-01 
1.334407e-02 3.440485e-01 
3.093550e-02 3.014955e-01 
1.916308e-02 2.280398e-01 
1.127703e-02 1.427227e-01 
5.692848e-03 5.667895e-02 
1.924340e-03 2.059859e-03 
9.245244e-04 -1.442063e-02 
1.639348e-03 1.011742e-03 
2.594721e-03 5.706674e-02 
1.483890e-03 1.536405e-01 
3.263314e-01 5.015435e-01 
3.637285e-02 5.602137e-01 
3.186167e-02 4.650971e-01 
2.069466e-02 2.577018e-01 
5.148134e-03 8.898750e-02 
-3.232484e-03 -3.448407e-02 
-5.105921e-03 -8.986591e-02 
-1.927238e-03 -5.467762e-02 
-4.699685e-04 -2.568525e-02 
4.235113e-04 1.383934e-03 
7.763576e-04 2.531372e-02 
3.464142e-04 3.264145e-02 
8.971599e-01 6.835919e-01 
8.296738e-02 8.381539e-01 
4.907796e-02 7.025305e-01 
2.996660e-02 3.747048e-01 
8.536037e-03 1.313951e-01 
-2.347393e-03 -4.102276e-02 
-5.008829e-03 -1.259162e-01 
-1.460722e-03 -8.397021e-02 
4.691802e-04 -3.601946e-02 
2.205498e-03 2.090596e-02 
3.064200e-03 8.918173e-02 
1.392595e-03 1.485451e-01 
1.139467e+00 5.774016e-01 
2.467919e-01 9.204393e-01 
7.173597e-02 7.941227e-01 
3.025534e-02 4.595443e-01 
1.103546e-02 2.091671e-01 
4.012077e-04 2.462335e-02 
-5.032751e-03 -1.013507e-01 
-4.206086e-03 -1.318154e-01 
-1.960450e-03 -1.105903e-01 
4.657212e-04 -5.191287e-02 
2.540317e-03 5.034885e-02 
1.178972e-03 1.905667e-01 
2.866296e-01 -5.971884e-01 
-2.129396e-02 -2.142852e-01 
-2.280206e-03 -1.043681e-02 
4.362026e-04 1.731288e-02 
6.471713e-04 2.155907e-02 
1.334088e-04 1.372429e-02 
-1.110112e-03 -6.607867e-03 
-1.477355e-03 -2.743875e-02 
-9.605654e-04 -3.267018e-02 
-5.613210e-04 -3.070425e-02 
-1.208974e-04 -1.976755e-02 
3.505309e-06 6.571835e-03 
