poroelastic
5.844443e-04 3.273251e-02 
3.060511e-03 3.583753e-02 
4.528158e-03 1.490099e-02 
-1.482978e-03 -1.704893e-02 
-1.426387e-03 -2.548641e-02 
-1.181258e-03 -2.483042e-02 
-9.182999e-04 -1.772503e-02 
-4.177351e-04 -9.265202e-03 
-2.096587e-04 -8.062874e-03 
-1.326892e-04 -9.076905e-03 
8.298936e-06 -1.075748e-02 
9.229444e-05 -7.962351e-03 
-5.688855e-03 -6.467148e-02 
-2.924898e-04 -5.077940e-02 
-3.423632e-03 -4.506406e-02 
-4.192679e-04 -2.694642e-02 
6.006579e-04 -1.666814e-03 
1.309337e-03 2.267231e-02 
1.503802e-03 3.883571e-02 
7.096240e-04 3.731935e-02 
1.903691e-04 2.742585e-02 
-7.207629e-05 1.150085e-02 
-5.528150e-05 -7.415795e-03 
9.947175e-05 -1.216764e-02 
-1.924784e-01 -1.437794e-01 
1.781642e-02 -1.490529e-01 
1.089831e-02 -1.594231e-01 
-7.865709e-03 -1.416530e-01 
-4.777718e-03 -1.102856e-01 
-2.497390e-03 -6.626322e-02 
-8.432486e-04 -9.120468e-03 
-1.822830e-04 3.664604e-02 
-3.995595e-04 4.209615e-02 
-8.764103e-04 1.609468e-02 
-5.588791e-04 -4.461276e-02 
1.024452e-03 -1.180536e-01 
-4.080209e-02 -8.814177e-02 
9.169526e-05 -2.274869e-02 
-6.355446e-04 -1.791742e-02 
-1.340848e-03 -4.472401e-02 
-1.079028e-03 -4.903386e-02 
-2.765765e-04 -3.463870e-02 
1.113446e-03 3.295763e-03 
1.471805e-03 5.209063e-02 
6.726920e-04 6.609951e-02 
-2.187128e-05 5.398116e-02 
-3.188723e-04 1.399172e-02 
4.110892e-04 -4.359520e-02 
-3.688770e-02 1.483528e-01 
6.379177e-03 1.115682e-01 
4.789568e-03 5.009477e-02 
-8.190676e-04 -1.336319e-02 
-1.300526e-03 -3.731213e-02 
-1.197913e-03 -3.944227e-02 
-1.259717e-03 -2.921511e-02 
-9.794584e-04 -1.482546e-02 
-5.614834e-04 -1.360931e-02 
-4.332899e-04 -1.854025e-02 
-1.190029e-04 -2.740653e-02 
6.146273e-04 -4.849333e-02 
-3.020804e-01 2.034370e-01 
-1.325383e-02 2.388983e-01 
4.100464e-04 1.974465e-01 
1.620850e-03 8.805874e-02 
6.408561e-04 2.591344e-02 
1.787816e-04 -6.760984e-03 
7.517332e-04 -1.024252e-02 
1.369608e-03 1.703430e-02 
7.828122e-04 3.352918e-02 
4.034821e-04 4.611364e-02 
-2.683084e-04 5.598653e-02 
-6.130521e-04 4.204474e-02 
2.421574e-03 1.843879e-01 
4.203468e-03 1.741791e-01 
2.475741e-03 9.506441e-02 
-1.092114e-03 -3.201588e-02 
-1.458691e-03 -9.590811e-02 
-1.571693e-03 -1.145854e-01 
-1.462047e-03 -8.553332e-02 
-9.036845e-04 -2.300697e-02 
-5.497760e-04 3.527156e-03 
-6.855951e-04 3.734891e-03 
-3.103131e-04 -2.566663e-02 
1.311508e-03 -9.682871e-02 
-1.934993e-02 3.955286e-02 
-1.302886e-03 1.876726e-02 
-8.961059e-04 -1.103821e-02 
-2.889315e-05 -3.680335e-02 
7.167375e-05 -2.936571e-02 
5.680979e-04 5.931823e-04 
1.563656e-03 5.134278e-02 
1.589264e-03 1.019188e-01 
4.059763e-04 1.106571e-01 
-3.484075e-04 8.697122e-02 
-4.729953e-04 2.845987e-02 
7.044244e-04 -6.249746e-02 
-4.291879e-02 -6.651726e-02 
2.244977e-03 -8.315863e-02 
1.122551e-03 -9.427068e-02 
-3.494009e-03 -9.070400e-02 
-1.965917e-03 -7.985246e-02 
-1.522210e-03 -6.429068e-02 
-1.284799e-03 -4.554797e-02 
-8.246582e-04 -3.088083e-02 
-4.874351e-04 -2.690427e-02 
-3.887641e-04 -3.323222e-02 
-1.222392e-04 -4.989089e-02 
4.370789e-04 -6.944477e-02 
-7.406416e-02 -2.066416e-01 
-3.943669e-03 -2.363901e-01 
-4.042672e-03 -1.954918e-01 
-3.656591e-04 -8.363207e-02 
9.289148e-04 5.240048e-04 
1.646620e-03 6.367980e-02 
1.601519e-03 9.805646e-02 
8.070217e-04 9.111565e-02 
2.252916e-04 7.227323e-02 
-6.696774e-05 3.979101e-02 
-8.643050e-05 -3.567186e-03 
1.564948e-04 -3.115727e-02 
-4.464641e-01 -2.327815e-01 
-1.708310e-02 -3.304514e-01 
-5.299889e-03 -3.309838e-01 
-4.225256e-03 -2.269657e-01 
-1.638619e-03 -1.381919e-01 
-5.759665e-04 -5.331210e-02 
1.238682e-04 2.904473e-02 
-4.702990e-05 7.878754e-02 
-4.812189e-04 7.622440e-02 
-8.897928e-04 2.788764e-02 
-4.289968e-04 -6.973163e-02 
1.372780e-03 -1.832786e-01 
-1.986055e-01 -1.180729e-01 
-2.546628e-02 -1.443044e-01 
-3.445282e-03 -1.303048e-01 
-1.879643e-04 -9.035207e-02 
-1.802796e-04 -6.178160e-02 
-2.100495e-04 -3.180749e-02 
-1.254444e-04 9.565294e-03 
4.877701e-04 5.366250e-02 
1.366976e-05 6.582831e-02 
-3.732631e-04 4.812635e-02 
-2.692935e-04 -1.469012e-03 
6.861045e-04 -6.468668e-02 
3.004833e-02 -2.177354e-03 
-2.312505e-03 -1.131148e-01 
1.775101e-03 -1.110828e-01 
-1.225644e-04 -2.192936e-02 
-6.176273e-04 3.641707e-02 
-4.577334e-04 7.090117e-02 
-4.884355e-05 7.123636e-02 
-2.258461e-04 3.267302e-02 
-2.047778e-04 4.260046e-03 
-6.841641e-06 -1.532243e-02 
2.197194e-04 -2.129416e-02 
2.167692e-04 -1.345359e-02 
