poroelastic
-1.684680e-02 1.443109e-01 
-1.142291e-02 2.184135e-01 
-3.982816e-05 2.063088e-01 
2.194088e-03 9.556965e-02 
2.481407e-04 2.229342e-02 
-6.541466e-04 -1.831582e-02 
-9.514560e-04 -3.177541e-02 
-5.886773e-04 -2.753514e-02 
-2.948595e-04 -1.760890e-02 
-1.515282e-04 -6.917267e-03 
-1.191439e-04 -8.536737e-03 
-1.186109e-04 -2.446685e-02 
-6.246404e-03 -1.419095e-01 
-1.213525e-03 -4.049910e-03 
2.313147e-04 6.402499e-02 
9.767725e-04 4.272828e-02 
2.322341e-04 1.663715e-02 
-1.331218e-04 2.240825e-03 
-4.683348e-04 -1.290727e-02 
-6.576150e-04 -3.946166e-02 
-4.562603e-04 -3.553468e-02 
-1.428912e-04 -1.591529e-02 
1.040769e-04 5.453639e-03 
1.835267e-04 2.260897e-02 
-2.287669e-01 -4.386462e-01 
1.151461e-02 -2.991606e-01 
3.501350e-03 -1.672981e-01 
-2.073838e-03 -7.784342e-02 
-5.681148e-04 -2.233528e-02 
2.876982e-04 1.887682e-02 
3.750023e-04 3.647616e-02 
5.097905e-05 1.609320e-02 
-1.155419e-04 7.954833e-04 
-2.739166e-04 -1.359450e-02 
-3.759014e-04 -3.088786e-02 
-3.594560e-04 -4.751250e-02 
-4.791787e-01 -4.895149e-01 
5.879431e-03 -3.013328e-01 
8.390775e-03 -1.607119e-01 
-2.502000e-03 -1.252355e-01 
-1.856530e-03 -9.209549e-02 
-1.250488e-03 -6.729270e-02 
-7.340017e-04 -4.194818e-02 
-7.863571e-05 -3.959419e-03 
7.424114e-05 8.365451e-03 
1.827623e-06 4.368378e-03 
-8.568701e-05 -6.410987e-03 
-8.008424e-05 -1.353691e-02 
-8.429693e-01 6.558130e-01 
-9.261787e-02 7.693699e-01 
-3.046504e-03 5.648571e-01 
2.288001e-03 2.382085e-01 
6.135647e-04 3.915728e-02 
-6.847252e-04 -8.238566e-02 
-1.419637e-03 -1.225306e-01 
-6.567529e-04 -5.489812e-02 
-1.152253e-04 -1.540905e-02 
3.767520e-05 1.845249e-03 
4.226827e-05 7.045692e-03 
8.950912e-06 3.642476e-03 
-6.242467e-01 7.080766e-01 
-1.988766e-02 6.903537e-01 
-2.935966e-04 4.789186e-01 
1.427925e-04 1.431028e-01 
-6.204083e-05 -5.250948e-02 
-9.605925e-04 -1.514233e-01 
-1.415140e-03 -1.411847e-01 
5.579019e-04 -1.519260e-02 
7.999824e-04 6.241178e-02 
6.680993e-04 9.878475e-02 
2.323150e-04 9.151399e-02 
-6.293615e-06 2.687572e-02 
-1.407097e-01 4.910125e-01 
-1.968757e-03 4.336415e-01 
-1.203515e-03 2.666177e-01 
1.476491e-03 3.782539e-02 
9.775450e-04 -1.003602e-01 
1.564490e-04 -1.626376e-01 
-6.534739e-04 -1.364151e-01 
-3.905512e-04 -3.853961e-02 
1.985125e-05 1.476440e-02 
2.732941e-06 3.182596e-02 
-1.531687e-04 4.828355e-03 
-7.069096e-05 -8.247406e-02 
-5.621511e-02 1.857867e-01 
-6.229239e-05 1.842837e-01 
6.849763e-04 1.441681e-01 
-5.950551e-04 7.927357e-02 
-3.769818e-04 3.569232e-02 
-4.286331e-04 1.590288e-02 
-3.190877e-04 2.415148e-02 
4.696186e-04 5.116988e-02 
4.613321e-04 6.394155e-02 
4.076309e-04 6.584735e-02 
2.876053e-04 5.530212e-02 
1.000595e-04 2.876599e-02 
-2.721083e-02 -1.134721e-01 
-5.344669e-04 -7.348341e-02 
2.068772e-04 -2.896004e-02 
4.739578e-05 6.174526e-03 
1.536035e-04 1.332650e-02 
1.685312e-04 9.587518e-03 
2.977733e-04 -6.672758e-03 
1.133583e-05 -3.730364e-02 
-2.561080e-04 -5.194565e-02 
-3.548500e-04 -5.490626e-02 
-4.841298e-04 -5.225644e-02 
-3.912740e-04 -4.629969e-02 
-9.405852e-02 -3.876127e-01 
-1.839267e-03 -2.959727e-01 
-1.099713e-03 -1.376843e-01 
4.361179e-04 3.298910e-02 
6.334899e-04 1.148176e-01 
6.320620e-04 1.398731e-01 
4.173385e-04 9.594660e-02 
7.811508e-05 -6.076018e-03 
-3.480636e-04 -4.959054e-02 
-5.471895e-04 -5.227194e-02 
-1.805884e-04 -1.444356e-02 
7.450020e-04 6.872639e-02 
-5.070925e-01 -6.243515e-01 
-1.926165e-02 -5.928267e-01 
-1.562723e-03 -3.991363e-01 
-1.830424e-04 -1.255634e-01 
-1.721098e-06 3.861252e-02 
2.372172e-04 1.198841e-01 
4.481690e-04 1.134620e-01 
3.390496e-04 2.698536e-02 
-6.405189e-05 -2.721072e-02 
-3.796608e-04 -5.401371e-02 
-4.154739e-04 -4.385673e-02 
1.555559e-04 1.591949e-02 
-8.854209e-01 -5.197044e-01 
-1.069042e-01 -6.253136e-01 
-1.025703e-02 -4.712542e-01 
2.620380e-03 -2.551417e-01 
9.540597e-04 -1.039630e-01 
2.973653e-04 -2.097477e-02 
3.368238e-04 3.671452e-03 
9.999213e-05 -6.532385e-03 
-6.408481e-05 -2.423837e-02 
-1.952214e-04 -3.847803e-02 
-1.922217e-04 -2.948794e-02 
1.371027e-04 2.079280e-02 
-7.258932e-01 6.025715e-01 
7.177660e-03 4.726536e-01 
1.825357e-02 3.479568e-01 
-6.387569e-03 2.646952e-01 
-3.726947e-03 1.934059e-01 
-1.605165e-03 1.155980e-01 
-3.648207e-04 2.960804e-02 
-3.400992e-05 -2.929466e-02 
-9.233507e-05 -5.111452e-02 
-2.104653e-04 -4.157915e-02 
-6.194571e-05 1.675105e-02 
3.448920e-04 1.324605e-01 
