poroelastic
1.664887e-02 -8.945853e-02 
9.490455e-03 -1.218414e-01 
-2.048468e-03 -1.231126e-01 
-1.529474e-02 -1.278969e-01 
-1.009703e-02 -1.079042e-01 
-3.670156e-03 -6.010832e-02 
3.046980e-03 6.051774e-03 
4.409272e-03 7.142571e-02 
2.592670e-03 1.026686e-01 
-4.376032e-04 8.941995e-02 
-2.442174e-03 9.996823e-03 
1.638438e-03 -1.611480e-01 
-1.867877e-02 -1.108732e-01 
-2.726849e-03 -6.543532e-02 
6.781063e-04 1.016939e-02 
2.814630e-03 2.775222e-02 
1.942682e-03 2.595315e-02 
1.635344e-04 1.245040e-02 
-2.258254e-03 -1.612799e-02 
-2.096534e-03 -3.879898e-02 
-7.359537e-04 -3.024608e-02 
2.393173e-04 -8.261380e-03 
2.899189e-04 1.914068e-02 
-8.452476e-05 1.051899e-02 
3.282117e-02 -1.806799e-01 
-1.918179e-02 -9.406665e-02 
-1.419032e-02 3.050598e-02 
1.687114e-02 9.681360e-02 
1.525072e-02 1.251077e-01 
1.175126e-02 1.204722e-01 
5.281218e-03 6.558145e-02 
-2.072217e-04 -2.123747e-02 
-2.102928e-04 -4.017417e-02 
1.074501e-03 -1.969123e-02 
1.331931e-03 3.239668e-02 
-6.595414e-04 7.615893e-02 
-5.212133e-01 -3.610124e-01 
-3.084518e-02 -4.563614e-01 
-1.688170e-02 -3.456815e-01 
-2.200849e-02 -1.838667e-01 
-8.304298e-03 -8.071258e-02 
-1.376501e-03 -9.896186e-03 
4.496004e-04 2.811666e-02 
-2.512440e-04 3.066946e-02 
-6.149542e-04 3.103037e-02 
-1.623758e-03 1.651548e-02 
-1.899060e-03 -2.638444e-02 
1.206612e-03 -1.200338e-01 
-4.494260e-01 2.662730e-01 
-3.019238e-02 2.476387e-01 
4.686003e-03 1.594127e-01 
1.159415e-02 7.632684e-02 
4.387571e-03 1.555269e-02 
2.540429e-03 -1.298219e-02 
6.227964e-03 6.045850e-03 
6.676446e-03 7.427642e-02 
3.882933e-03 1.132940e-01 
1.197482e-03 1.097392e-01 
-9.482977e-04 4.834989e-02 
9.489322e-04 -6.523153e-02 
2.072739e-01 1.440719e-01 
1.554796e-02 -4.299588e-02 
-8.680331e-03 -1.763957e-01 
-2.209688e-02 -1.973098e-01 
-1.568375e-02 -1.770248e-01 
-8.401110e-03 -1.150543e-01 
-1.327108e-03 -1.912975e-02 
1.357278e-03 7.106457e-02 
5.168941e-05 1.026059e-01 
-2.651626e-03 7.102900e-02 
-2.790746e-03 -4.215645e-02 
3.629603e-03 -2.130378e-01 
7.435464e-03 -3.989352e-02 
-1.373547e-02 -1.666750e-01 
-1.748288e-02 -1.757116e-01 
-1.094744e-03 -7.347737e-02 
4.427451e-03 3.311104e-03 
8.233536e-03 6.220073e-02 
1.031751e-02 9.985972e-02 
5.941457e-03 1.043453e-01 
2.413205e-03 9.919681e-02 
1.505216e-04 7.477867e-02 
-8.322778e-04 1.925588e-02 
9.996513e-04 -5.761761e-02 
3.890580e-02 -8.097779e-02 
-3.929719e-03 -1.453768e-01 
-9.501291e-03 -1.318233e-01 
-8.413498e-03 -6.063299e-02 
-2.984880e-03 -1.363740e-02 
-1.391769e-03 1.437923e-02 
-3.328135e-03 8.646847e-03 
-3.356162e-03 -3.083913e-02 
-2.003172e-03 -4.205209e-02 
-1.220442e-03 -4.241178e-02 
-2.483642e-04 -3.820256e-02 
5.031928e-04 -3.242486e-02 
-3.167194e-02 -2.257788e-01 
-2.287150e-02 -2.718643e-01 
-2.269092e-02 -2.111000e-01 
6.034126e-05 -8.592366e-02 
7.575332e-03 2.058729e-02 
1.220444e-02 1.026424e-01 
1.177550e-02 1.377293e-01 
4.770936e-03 1.073860e-01 
1.776822e-03 8.152394e-02 
2.309243e-04 5.315788e-02 
-4.922542e-04 1.563069e-02 
4.970123e-04 -4.571294e-02 
-1.872380e-01 -2.925799e-01 
-2.392069e-02 -2.877492e-01 
-1.498911e-02 -1.818003e-01 
-9.319642e-03 -6.299445e-02 
-1.231112e-03 1.570927e-02 
-1.958354e-04 5.114306e-02 
-4.304949e-03 1.897267e-02 
-4.311746e-03 -7.476080e-02 
-2.397078e-03 -1.053090e-01 
-5.898440e-04 -8.855375e-02 
4.738679e-04 -2.441597e-02 
-4.833176e-04 4.690267e-02 
-1.679175e-01 -5.236000e-01 
-4.054463e-02 -4.571626e-01 
-2.154579e-02 -2.110975e-01 
2.255276e-02 8.789093e-02 
2.646088e-02 2.695580e-01 
2.267794e-02 3.297770e-01 
9.194306e-03 2.255141e-01 
-1.707910e-03 -3.136610e-02 
-1.729073e-03 -1.416732e-01 
9.370945e-04 -1.357540e-01 
2.335447e-03 -4.231639e-03 
-2.613829e-03 2.187645e-01 
-1.001633e+00 -6.243863e-01 
-2.456715e-01 -9.807350e-01 
-7.977809e-02 -7.679445e-01 
-2.244475e-02 -3.093328e-01 
2.650632e-03 5.452342e-03 
1.028231e-02 1.874495e-01 
5.332640e-03 2.108663e-01 
-1.842703e-03 4.993510e-02 
-2.331875e-03 -4.918261e-02 
-1.405714e-03 -9.516413e-02 
1.201256e-04 -8.472123e-02 
3.832071e-04 -2.561387e-02 
-5.730847e-01 7.307101e-01 
5.643115e-02 4.278810e-01 
2.973612e-02 2.231522e-01 
1.067662e-02 1.108708e-01 
3.296973e-03 3.159425e-02 
1.193920e-03 -1.595694e-02 
2.774354e-03 -1.476894e-02 
2.328871e-03 3.494651e-02 
9.609690e-04 6.466013e-02 
-9.861232e-05 6.886764e-02 
-6.816880e-04 3.875683e-02 
5.017378e-04 -2.384428e-02 
