poroelastic
-6.572397e-02 1.667041e-02 
-6.988294e-02 5.623306e-02 
-4.597663e-02 1.396913e-01 
5.390728e-02 2.491771e-01 
4.723921e-02 2.791064e-01 
3.426938e-02 2.356257e-01 
1.782834e-02 1.347607e-01 
3.152025e-03 3.048889e-03 
1.915521e-03 -7.799670e-02 
8.072114e-03 -9.321390e-02 
9.019818e-03 -7.443143e-03 
-1.675465e-02 2.479084e-01 
4.133186e-02 1.961853e-01 
-1.231380e-03 1.351985e-01 
3.684237e-03 6.124804e-02 
7.585065e-03 4.606886e-02 
4.236640e-03 3.303929e-02 
2.230001e-03 2.594795e-02 
2.636260e-04 3.225804e-02 
-2.566778e-03 3.313380e-02 
-3.588107e-03 2.994567e-03 
-3.035633e-03 -3.732375e-02 
1.435217e-03 -6.932114e-02 
1.243734e-03 -1.920989e-02 
2.668418e-01 3.386289e-01 
-1.969077e-02 2.697275e-01 
-6.446249e-03 1.699859e-01 
2.714562e-02 1.219856e-01 
1.620349e-02 8.684061e-02 
9.828654e-03 5.213251e-02 
7.913860e-03 2.766822e-02 
6.237215e-03 2.189810e-02 
3.376556e-03 -7.358974e-04 
4.124860e-03 -1.014250e-02 
3.556855e-03 1.414805e-02 
-7.422009e-03 1.141893e-01 
7.608332e-01 4.841663e-01 
1.816092e-02 5.577045e-01 
1.001240e-02 4.520221e-01 
6.367379e-02 3.467268e-01 
3.968498e-02 2.658799e-01 
2.126984e-02 1.809205e-01 
3.804275e-03 7.754153e-02 
-5.766503e-03 -3.956418e-02 
-2.291957e-03 -1.056008e-01 
4.166730e-03 -1.124687e-01 
7.071912e-03 -3.544943e-02 
-1.121915e-02 1.741508e-01 
5.094987e-01 -5.967395e-01 
-1.020848e-02 -5.102726e-01 
-4.233194e-02 -2.930069e-01 
5.068323e-04 -3.361274e-02 
1.853209e-02 1.216574e-01 
2.115650e-02 1.906119e-01 
7.912748e-03 1.533193e-01 
-7.472561e-03 -5.519706e-03 
-4.505780e-03 -1.053201e-01 
2.162291e-03 -1.331713e-01 
6.287941e-03 -6.716611e-02 
-8.075490e-03 1.194936e-01 
-5.159474e-02 -5.152192e-01 
-5.963554e-02 -2.816581e-01 
-2.584645e-02 6.938631e-03 
5.032730e-02 2.635393e-01 
4.853593e-02 3.496535e-01 
3.204167e-02 3.042066e-01 
4.965528e-03 1.462130e-01 
-9.522968e-03 -7.434535e-02 
-2.443230e-03 -1.807705e-01 
7.457146e-03 -1.794215e-01 
9.325116e-03 -4.135995e-02 
-1.701800e-02 2.498792e-01 
-1.424493e-01 -2.087495e-01 
-3.314208e-02 -1.009828e-02 
2.483108e-03 1.610832e-01 
4.819123e-02 2.594578e-01 
3.376244e-02 2.545971e-01 
1.825030e-02 1.848493e-01 
7.529292e-04 6.523821e-02 
-5.445619e-03 -6.078996e-02 
-6.420569e-04 -1.200149e-01 
5.636305e-03 -1.140492e-01 
6.080046e-03 -1.914750e-02 
-1.216712e-02 1.812471e-01 
-8.403178e-02 6.091576e-02 
-8.675884e-03 1.951165e-01 
2.267840e-02 2.653024e-01 
4.318476e-02 2.538522e-01 
2.333263e-02 1.860921e-01 
7.620407e-03 9.217335e-02 
-3.485704e-03 6.900476e-04 
-3.757039e-03 -4.685404e-02 
-4.436793e-04 -7.066297e-02 
2.944538e-03 -6.367657e-02 
3.115354e-03 -1.099025e-02 
-6.279282e-03 9.662563e-02 
1.039214e-01 4.141241e-01 
1.096198e-02 5.494476e-01 
5.514302e-02 5.406310e-01 
6.929801e-02 3.983343e-01 
2.792374e-02 2.228067e-01 
4.267936e-03 5.547779e-02 
-4.965907e-03 -5.999845e-02 
-9.665604e-04 -6.664147e-02 
1.852999e-03 -5.685275e-02 
3.965400e-03 -3.017524e-02 
2.425008e-03 2.548705e-02 
-7.431262e-03 1.245729e-01 
4.432211e-01 6.750464e-01 
6.851568e-02 7.969706e-01 
8.256056e-02 6.575886e-01 
5.180325e-02 3.431483e-01 
7.111838e-03 7.885063e-02 
-1.113755e-02 -1.046493e-01 
-6.604263e-03 -1.470650e-01 
3.852535e-03 -5.257843e-03 
2.183744e-03 6.585784e-02 
-1.140738e-03 8.066109e-02 
-2.593134e-03 3.811848e-02 
2.983521e-03 -4.932811e-02 
1.044312e+00 9.611335e-01 
1.459540e-01 1.185322e+00 
1.293745e-01 9.438157e-01 
4.364153e-02 4.017618e-01 
-1.208339e-02 -2.095213e-02 
-3.174638e-02 -2.861178e-01 
-1.974308e-02 -3.270720e-01 
3.392720e-03 -7.398416e-02 
3.787480e-03 7.465054e-02 
-1.437505e-03 1.304218e-01 
-5.227730e-03 8.275680e-02 
5.060540e-03 -7.820238e-02 
1.687760e+00 9.134083e-01 
4.863187e-01 1.601139e+00 
2.047793e-01 1.372782e+00 
8.229901e-02 6.730646e-01 
7.728194e-03 1.431706e-01 
-2.090697e-02 -2.025236e-01 
-1.748097e-02 -3.350815e-01 
3.477837e-03 -1.671223e-01 
7.318471e-03 -2.107659e-02 
4.797715e-03 8.480152e-02 
-2.056808e-03 1.410768e-01 
-7.802496e-03 1.179693e-01 
4.434383e-01 -9.410153e-01 
-4.680302e-02 -2.601496e-01 
-1.361277e-03 3.875509e-02 
-2.848014e-03 4.369902e-02 
-3.622003e-03 2.221861e-02 
-6.880971e-03 -7.598229e-03 
-1.238137e-02 -4.967641e-02 
-8.143541e-03 -7.533621e-02 
-2.204315e-03 -8.340936e-02 
6.241482e-04 -7.269190e-02 
1.837397e-03 -4.372131e-02 
9.596662e-04 -1.279816e-02 
