poroelastic
8.380384e-03 -2.915107e-02 
7.071077e-03 -6.070890e-02 
2.506011e-03 -6.575437e-02 
-1.338845e-03 -1.818469e-02 
-1.794143e-04 4.944128e-03 
-1.385033e-04 9.500052e-03 
-9.709455e-04 -1.059001e-03 
-1.159193e-03 -2.259183e-02 
-7.379066e-04 -3.686060e-02 
-2.483647e-04 -3.775483e-02 
2.007289e-04 -1.999339e-02 
-1.993323e-04 2.634046e-02 
-7.550529e-05 6.560965e-02 
1.428691e-03 -3.061729e-02 
-3.541274e-03 -8.685160e-02 
-2.164269e-03 -5.709826e-02 
-4.118952e-04 -2.615680e-02 
1.086502e-03 7.489469e-03 
2.437257e-03 4.625059e-02 
1.934350e-03 7.268741e-02 
7.743848e-04 6.524265e-02 
-1.891460e-04 3.535275e-02 
-5.181338e-04 -1.612086e-02 
2.772420e-04 -6.271573e-02 
-6.342687e-02 2.341611e-01 
1.619244e-02 9.130624e-02 
1.731719e-02 -5.490113e-02 
-8.864898e-03 -1.296733e-01 
-8.022133e-03 -1.574075e-01 
-6.041946e-03 -1.432968e-01 
-2.657956e-03 -7.426105e-02 
1.717053e-04 2.534405e-02 
2.287970e-04 5.756394e-02 
-6.463122e-04 4.075667e-02 
-9.762342e-04 -2.895252e-02 
6.004267e-04 -1.210516e-01 
4.497245e-01 4.283643e-01 
-4.989621e-03 3.690994e-01 
-3.314315e-03 2.225298e-01 
4.001173e-03 8.488177e-02 
6.263139e-04 5.308141e-03 
-5.230266e-04 -3.106954e-02 
6.203945e-04 -1.682595e-02 
2.035946e-03 3.920461e-02 
1.338591e-03 5.860199e-02 
5.896607e-04 5.395429e-02 
-4.888489e-05 2.523596e-02 
7.537068e-05 -1.301421e-02 
6.948654e-01 -3.315627e-01 
8.724132e-02 -4.402717e-01 
6.556257e-03 -3.524900e-01 
-7.013708e-03 -2.130612e-01 
-3.424924e-03 -1.022763e-01 
-9.893269e-04 -2.274463e-02 
-7.757205e-04 1.386233e-02 
-1.830050e-03 -5.236975e-03 
-1.411101e-03 -2.982039e-02 
-1.107539e-03 -4.864234e-02 
-4.100520e-04 -5.672472e-02 
5.530722e-04 -6.144417e-02 
3.812266e-02 -2.612319e-01 
-5.895358e-03 -1.521909e-01 
-3.158098e-03 -2.982751e-02 
1.020776e-03 4.608712e-02 
2.146818e-03 8.556648e-02 
2.171120e-03 9.132361e-02 
1.516260e-03 5.935503e-02 
4.228760e-04 1.748102e-03 
2.037551e-04 -2.605876e-02 
5.807392e-04 -2.247124e-02 
4.831821e-04 1.981520e-02 
-8.240923e-04 7.657208e-02 
1.240319e-01 -9.504849e-02 
6.582634e-03 -3.773742e-02 
2.237411e-03 -2.615036e-02 
-1.854167e-03 -7.000673e-02 
-1.964919e-03 -9.105647e-02 
-1.992829e-03 -9.429961e-02 
-2.106403e-03 -7.655630e-02 
-1.607053e-03 -4.392494e-02 
-7.640200e-04 -2.804236e-02 
-5.295764e-04 -2.098294e-02 
-2.648678e-04 -2.211831e-02 
4.490643e-04 -4.674031e-02 
1.062167e-02 -5.521601e-02 
-1.439630e-04 -5.809813e-02 
-1.483039e-03 -7.577208e-02 
-2.021132e-03 -9.322200e-02 
-1.549966e-03 -8.059214e-02 
-5.851905e-04 -4.314753e-02 
1.316157e-03 2.498148e-02 
2.289892e-03 9.692673e-02 
1.073991e-03 1.113503e-01 
-4.939410e-05 8.607707e-02 
-5.966154e-04 1.684969e-02 
6.802039e-04 -9.531880e-02 
-2.140160e-02 8.458866e-02 
4.661930e-03 5.442791e-02 
3.785053e-03 -1.181577e-02 
-3.743479e-03 -7.841772e-02 
-3.288793e-03 -1.145563e-01 
-3.022929e-03 -1.197064e-01 
-2.114206e-03 -8.407961e-02 
-8.314729e-04 -2.236045e-02 
-3.497627e-04 3.010837e-03 
-4.451305e-04 1.032291e-03 
-5.217518e-04 -3.111415e-02 
1.640532e-04 -8.016962e-02 
3.302287e-02 1.467005e-01 
9.653479e-04 4.815846e-02 
-1.326277e-03 -5.601406e-02 
-2.348629e-03 -1.039502e-01 
-1.962486e-03 -1.078204e-01 
-6.371101e-04 -6.817838e-02 
1.533370e-03 2.544336e-02 
2.647766e-03 1.356147e-01 
1.656630e-03 1.622852e-01 
4.038107e-04 1.225402e-01 
-6.353965e-04 8.593349e-03 
1.307486e-04 -1.449630e-01 
-1.012299e-01 3.725329e-01 
-1.773954e-03 1.942466e-01 
7.391605e-04 -3.331391e-02 
-6.512712e-03 -2.211202e-01 
-5.726682e-03 -2.998574e-01 
-5.011370e-03 -2.780818e-01 
-2.230065e-03 -1.338467e-01 
1.210319e-03 8.462211e-02 
9.810397e-04 1.623999e-01 
-5.833265e-04 1.271744e-01 
-1.612009e-03 -3.393940e-02 
9.417466e-04 -2.810580e-01 
6.548882e-01 4.837081e-01 
8.131284e-02 5.786349e-01 
9.554088e-03 3.790074e-01 
7.681136e-04 9.486862e-02 
-7.703681e-04 -7.722840e-02 
-1.920329e-03 -1.459539e-01 
-1.769918e-03 -9.227665e-02 
2.236288e-03 6.953765e-02 
1.680647e-03 1.411766e-01 
3.752168e-04 1.365264e-01 
-6.157429e-04 4.982968e-02 
6.356860e-04 -9.884240e-02 
7.241868e-01 -5.613895e-01 
-2.144460e-02 -5.273095e-01 
-2.076492e-02 -4.084027e-01 
1.589514e-03 -2.645179e-01 
3.781387e-04 -1.475163e-01 
6.448142e-05 -4.594738e-02 
3.701157e-04 3.147682e-02 
-4.057497e-04 5.498952e-02 
-7.455937e-04 4.137658e-02 
-9.753409e-04 4.605757e-03 
-3.526967e-04 -5.483973e-02 
1.654239e-03 -1.367887e-01 
