poroelastic
7.114503e-03 -1.204974e-02 
6.616528e-03 -3.818975e-02 
2.949006e-03 -4.804923e-02 
-1.572938e-03 -1.242960e-02 
-4.634493e-04 4.254616e-03 
-6.190282e-04 4.668321e-03 
-1.674016e-03 -6.611813e-03 
-1.559474e-03 -2.597237e-02 
-7.613215e-04 -4.046570e-02 
4.474181e-06 -4.174776e-02 
5.191992e-04 -2.206351e-02 
-6.009251e-04 3.200971e-02 
-5.633545e-03 5.918846e-02 
3.388128e-03 -3.179565e-02 
-2.853192e-03 -9.232718e-02 
-3.568445e-03 -6.921601e-02 
-1.217627e-03 -3.926706e-02 
8.509507e-04 -3.721665e-03 
2.716775e-03 4.040166e-02 
1.996100e-03 7.267262e-02 
4.259265e-04 6.533529e-02 
-6.695951e-04 3.355201e-02 
-5.547339e-04 -1.954296e-02 
9.940439e-04 -6.442304e-02 
-5.960891e-02 2.139247e-01 
1.755708e-02 8.499354e-02 
1.660557e-02 -5.411002e-02 
-1.105490e-02 -1.242623e-01 
-9.503902e-03 -1.511746e-01 
-6.940367e-03 -1.380845e-01 
-2.828776e-03 -7.062075e-02 
1.623218e-04 2.684418e-02 
-1.268746e-04 5.623640e-02 
-1.176201e-03 3.885945e-02 
-9.770212e-04 -2.709637e-02 
1.747921e-03 -1.099394e-01 
4.082046e-01 4.030532e-01 
-1.485355e-03 3.570419e-01 
2.289248e-04 2.111356e-01 
4.471922e-03 7.392479e-02 
1.973503e-04 -5.310236e-03 
-9.685442e-04 -4.070848e-02 
6.742358e-04 -2.430199e-02 
2.159761e-03 3.358594e-02 
1.178819e-03 5.217026e-02 
2.920595e-04 4.771177e-02 
-2.509433e-04 2.139278e-02 
1.995508e-04 -1.221930e-02 
6.554778e-01 -3.108294e-01 
7.939436e-02 -4.050720e-01 
3.995804e-03 -3.284127e-01 
-1.010790e-02 -2.033077e-01 
-4.834527e-03 -1.027547e-01 
-1.727208e-03 -2.801720e-02 
-1.426051e-03 1.064515e-02 
-2.188585e-03 -1.743304e-03 
-1.544955e-03 -2.478919e-02 
-1.074044e-03 -4.334958e-02 
-1.431603e-04 -5.191551e-02 
1.109990e-03 -5.735716e-02 
3.648875e-02 -2.389220e-01 
-6.599357e-03 -1.271511e-01 
-3.304829e-03 -1.733327e-02 
2.190729e-03 4.363659e-02 
2.888468e-03 7.257312e-02 
2.508124e-03 7.333832e-02 
1.519657e-03 4.475651e-02 
4.103928e-04 -2.796906e-03 
3.802643e-04 -2.691466e-02 
8.748563e-04 -2.259248e-02 
5.053458e-04 1.787375e-02 
-1.496458e-03 7.204904e-02 
1.204039e-01 -8.144937e-02 
8.059334e-03 -2.120128e-02 
3.298331e-03 -1.854074e-02 
-4.287583e-03 -7.194159e-02 
-3.849040e-03 -9.825609e-02 
-3.513850e-03 -1.022880e-01 
-3.131972e-03 -7.972216e-02 
-1.850066e-03 -3.928763e-02 
-8.530001e-04 -2.206460e-02 
-6.498506e-04 -1.720507e-02 
-2.460444e-04 -2.277262e-02 
1.000730e-03 -5.116764e-02 
1.060514e-02 -4.000417e-02 
2.159323e-04 -3.954550e-02 
-1.705591e-03 -6.400233e-02 
-3.028996e-03 -9.373077e-02 
-2.201157e-03 -8.795987e-02 
-6.448352e-04 -5.413904e-02 
1.981593e-03 1.490991e-02 
2.560188e-03 9.273143e-02 
7.285738e-04 1.097113e-01 
-7.252273e-04 8.476063e-02 
-9.536666e-04 1.470873e-02 
1.678002e-03 -9.785797e-02 
-1.925474e-02 9.741943e-02 
7.393419e-03 6.997178e-02 
5.204120e-03 -1.587327e-03 
-6.553119e-03 -7.988693e-02 
-5.488948e-03 -1.225170e-01 
-4.814138e-03 -1.307765e-01 
-3.269375e-03 -9.319059e-02 
-1.226429e-03 -2.410666e-02 
-6.254602e-04 4.355400e-03 
-7.784369e-04 2.130178e-03 
-4.992107e-04 -3.259069e-02 
1.024422e-03 -8.523206e-02 
3.520942e-02 1.577921e-01 
1.937400e-03 6.387895e-02 
-1.449197e-03 -4.655746e-02 
-3.531665e-03 -1.082504e-01 
-2.803483e-03 -1.179346e-01 
-6.624243e-04 -7.948990e-02 
2.611308e-03 1.856012e-02 
3.239961e-03 1.381072e-01 
1.173367e-03 1.675487e-01 
-6.430209e-04 1.258909e-01 
-1.087852e-03 7.047815e-03 
1.691673e-03 -1.517929e-01 
-9.636714e-02 3.841056e-01 
2.601361e-03 2.115555e-01 
1.801197e-03 -2.053555e-02 
-1.152598e-02 -2.222053e-01 
-9.426203e-03 -3.103598e-01 
-7.410963e-03 -2.929324e-01 
-2.838130e-03 -1.457288e-01 
1.168640e-03 8.386993e-02 
7.863817e-05 1.664021e-01 
-2.157760e-03 1.310525e-01 
-2.137657e-03 -3.424446e-02 
4.019066e-03 -2.880858e-01 
6.586217e-01 4.904345e-01 
8.884945e-02 5.986687e-01 
1.379846e-02 3.919008e-01 
1.698390e-03 9.164632e-02 
-1.508958e-03 -8.914457e-02 
-2.600684e-03 -1.601223e-01 
-1.252373e-03 -1.013605e-01 
3.172235e-03 7.302834e-02 
1.571773e-03 1.499015e-01 
-5.086136e-04 1.450195e-01 
-1.374438e-03 5.235172e-02 
1.831037e-03 -1.087029e-01 
7.376021e-01 -5.703216e-01 
-2.748158e-02 -5.192819e-01 
-2.544107e-02 -4.058056e-01 
-2.174296e-03 -2.709332e-01 
-1.168404e-03 -1.571955e-01 
-4.608087e-04 -5.527105e-02 
7.125204e-05 2.617592e-02 
-8.968729e-04 5.520487e-02 
-1.338808e-03 4.295351e-02 
-1.544525e-03 6.136745e-03 
-2.712204e-04 -5.486616e-02 
3.213452e-03 -1.401372e-01 
