poroelastic
4.314585e-02 -3.352292e-02 
4.450699e-02 -5.503737e-02 
2.525059e-02 -1.122966e-01 
-4.274638e-02 -2.211668e-01 
-3.452125e-02 -2.473887e-01 
-2.267386e-02 -2.060720e-01 
-8.677424e-03 -1.125921e-01 
3.950296e-04 1.343732e-02 
-7.413442e-04 9.548243e-02 
-5.816909e-03 1.112833e-01 
-6.085680e-03 1.942961e-02 
1.254537e-02 -2.329215e-01 
-5.936667e-02 -2.078434e-01 
7.161030e-03 -1.317015e-01 
6.066561e-03 -3.924557e-02 
-8.899952e-03 -3.322493e-02 
-6.709901e-03 -3.282662e-02 
-6.103331e-03 -3.683811e-02 
-6.435432e-03 -5.622912e-02 
-2.744980e-03 -6.697298e-02 
2.647566e-04 -3.147052e-02 
4.436332e-04 1.409506e-02 
-1.587206e-03 4.142154e-02 
9.569417e-04 -1.883314e-02 
-1.926176e-01 -3.956678e-01 
-1.273783e-02 -3.024624e-01 
-1.482069e-02 -1.411561e-01 
-4.562356e-03 -4.456536e-02 
3.441054e-03 2.186866e-02 
5.498530e-03 5.969911e-02 
1.337761e-03 4.261092e-02 
-1.866775e-03 -2.477139e-02 
-4.327959e-04 -2.811905e-02 
1.664391e-04 -7.810660e-03 
-6.772323e-04 1.573824e-02 
5.246274e-04 -1.028623e-02 
-9.037748e-01 -5.652891e-01 
-4.410831e-02 -6.727078e-01 
-1.789936e-02 -5.189780e-01 
-5.898630e-02 -3.515343e-01 
-3.225295e-02 -2.381960e-01 
-1.648148e-02 -1.443392e-01 
-7.156989e-03 -6.256879e-02 
-2.186429e-03 2.893293e-03 
-1.953283e-03 4.851393e-02 
-4.342413e-03 5.472294e-02 
-3.920850e-03 -6.914461e-03 
9.203702e-03 -1.804950e-01 
-6.775361e-01 6.536959e-01 
-8.144682e-03 5.868417e-01 
3.577374e-02 3.572252e-01 
8.099905e-03 8.366676e-02 
-9.377562e-03 -8.651850e-02 
-1.149527e-02 -1.656074e-01 
1.574360e-04 -1.329871e-01 
7.648171e-03 1.881586e-02 
3.323036e-03 1.209056e-01 
-2.206711e-03 1.531795e-01 
-5.077424e-03 8.552811e-02 
5.649298e-03 -1.030816e-01 
1.071733e-01 5.171150e-01 
4.986639e-02 2.467933e-01 
1.068653e-02 -4.989312e-02 
-4.614679e-02 -2.769236e-01 
-3.925163e-02 -3.468362e-01 
-2.410841e-02 -2.947385e-01 
-4.228800e-03 -1.366329e-01 
3.640678e-03 6.827323e-02 
-1.408392e-03 1.685480e-01 
-7.926317e-03 1.619014e-01 
-6.274156e-03 1.240300e-02 
1.580695e-02 -2.807908e-01 
9.452726e-02 1.832780e-01 
1.551203e-02 -1.353064e-02 
-1.109684e-02 -1.571827e-01 
-2.962565e-02 -2.105436e-01 
-1.834285e-02 -1.914859e-01 
-7.620529e-03 -1.287309e-01 
3.043142e-03 -3.382126e-02 
4.048712e-03 6.139957e-02 
-1.149176e-04 1.135517e-01 
-4.451256e-03 1.121463e-01 
-4.035739e-03 2.641568e-02 
8.763192e-03 -1.556655e-01 
7.236698e-02 -4.212528e-02 
5.236176e-03 -1.556531e-01 
-1.657017e-02 -2.116276e-01 
-3.197403e-02 -2.016226e-01 
-1.763865e-02 -1.507138e-01 
-8.361282e-03 -8.514454e-02 
-3.383804e-03 -3.131992e-02 
-1.193925e-03 -1.254408e-02 
-8.381920e-04 1.242428e-02 
-1.817837e-03 2.351935e-02 
-1.366682e-03 3.597917e-04 
4.002205e-03 -7.313943e-02 
-9.276047e-02 -3.644949e-01 
-2.428437e-02 -4.568298e-01 
-4.378488e-02 -4.278205e-01 
-3.837002e-02 -3.060370e-01 
-1.198492e-02 -1.552522e-01 
2.834374e-03 -1.511727e-02 
7.481425e-03 7.612662e-02 
2.191887e-03 7.598466e-02 
-7.306827e-04 7.194939e-02 
-2.661853e-03 5.457018e-02 
-1.993893e-03 4.613655e-03 
5.392667e-03 -1.074704e-01 
-4.008275e-01 -5.756988e-01 
-5.461507e-02 -6.195591e-01 
-4.926422e-02 -4.761369e-01 
-3.901218e-02 -2.554772e-01 
-1.087835e-02 -7.301937e-02 
-1.877007e-03 4.335821e-02 
-6.357988e-03 4.434783e-02 
-5.692218e-03 -8.441899e-02 
-7.339840e-04 -1.229175e-01 
2.306891e-03 -9.833652e-02 
1.673930e-03 -2.020545e-02 
-3.002492e-03 5.956053e-02 
-7.386772e-01 -9.201381e-01 
-1.241281e-01 -9.895801e-01 
-8.190023e-02 -6.850267e-01 
-4.265715e-03 -2.002892e-01 
2.442601e-02 1.542926e-01 
2.880613e-02 3.466420e-01 
1.169455e-02 3.100782e-01 
-2.961033e-03 1.280273e-02 
7.704780e-06 -1.282478e-01 
4.867287e-03 -1.455893e-01 
4.284887e-03 -3.609399e-02 
-8.867748e-03 1.657140e-01 
-1.733484e+00 -9.471699e-01 
-4.631637e-01 -1.583776e+00 
-1.739613e-01 -1.317374e+00 
-6.888086e-02 -6.497711e-01 
-8.555930e-03 -1.546444e-01 
1.144476e-02 1.645896e-01 
5.864124e-03 2.778881e-01 
-5.594396e-03 1.152797e-01 
-5.028574e-03 -7.729287e-03 
-2.198535e-03 -8.630520e-02 
2.361725e-03 -1.218516e-01 
6.914053e-03 -1.234874e-01 
-6.992011e-01 1.168825e+00 
8.242004e-02 5.819260e-01 
3.151974e-02 2.196864e-01 
8.701261e-03 5.632152e-02 
5.943897e-04 -3.073174e-02 
6.757695e-04 -6.926104e-02 
6.900086e-03 -4.446945e-02 
5.650491e-03 2.829158e-02 
1.338858e-03 7.705492e-02 
-1.731277e-03 9.691538e-02 
-3.492760e-03 7.479851e-02 
-2.494430e-04 3.923304e-03 
