poroelastic
1.859204e-02 4.009922e-02 
2.441007e-02 4.373028e-02 
1.928837e-02 -3.317987e-02 
-1.887038e-02 -1.760385e-01 
-1.706896e-02 -2.220904e-01 
-1.187813e-02 -1.962537e-01 
-4.027344e-03 -9.862594e-02 
1.092966e-03 3.221718e-02 
1.571253e-03 9.121763e-02 
2.488632e-04 8.825634e-02 
-1.261657e-03 3.862988e-03 
-3.781745e-04 -1.754460e-01 
-9.671699e-02 -2.479417e-01 
1.615134e-02 -1.626100e-01 
8.972598e-03 -1.032390e-01 
-1.236870e-02 -1.133517e-01 
-8.533103e-03 -9.770614e-02 
-5.548736e-03 -6.996606e-02 
-3.482742e-03 -4.207275e-02 
-1.381887e-03 -2.369467e-02 
-6.100116e-04 -9.825320e-03 
-4.728288e-04 -3.337848e-03 
-5.140798e-04 -1.020664e-02 
-2.775421e-04 -5.513863e-02 
-2.092662e-01 -5.199999e-01 
-8.742095e-03 -3.721442e-01 
-1.361744e-02 -1.718005e-01 
1.831084e-04 -2.927494e-02 
5.668499e-03 6.447656e-02 
6.639593e-03 1.115843e-01 
3.104901e-03 8.706709e-02 
-5.421066e-04 -4.557740e-03 
-9.834117e-04 -4.087861e-02 
-5.266946e-04 -4.087395e-02 
1.770633e-04 -5.698705e-03 
1.577266e-04 3.548024e-02 
-1.105184e+00 -7.008137e-01 
-2.560522e-02 -7.171524e-01 
2.288736e-03 -5.526255e-01 
-3.513846e-02 -3.949833e-01 
-2.015505e-02 -2.687625e-01 
-1.084865e-02 -1.598535e-01 
-5.395857e-03 -6.725500e-02 
-1.656813e-03 -6.825371e-03 
-6.780292e-04 1.879317e-02 
-1.111943e-03 1.111534e-02 
-1.581651e-03 -4.221239e-02 
-4.633565e-04 -1.635724e-01 
-9.629715e-01 8.313889e-01 
-5.014135e-02 8.150115e-01 
2.180573e-02 5.075445e-01 
8.174641e-03 1.401987e-01 
-3.799483e-03 -7.569199e-02 
-6.392143e-03 -1.713933e-01 
-1.002902e-03 -1.269599e-01 
3.717066e-03 4.896976e-02 
3.345656e-03 1.415217e-01 
1.776612e-03 1.558958e-01 
-2.395823e-04 7.667037e-02 
1.304015e-04 -9.567577e-02 
-6.575706e-02 7.116143e-01 
2.915348e-02 4.400074e-01 
8.040637e-03 9.083893e-02 
-1.626002e-02 -2.148245e-01 
-1.799595e-02 -3.439905e-01 
-1.422998e-02 -3.415053e-01 
-5.473742e-03 -1.955778e-01 
1.705122e-03 4.344184e-02 
1.880095e-03 1.518936e-01 
-1.287809e-04 1.491213e-01 
-1.608812e-03 1.241283e-02 
1.033141e-03 -2.369545e-01 
-5.948934e-03 3.202156e-01 
8.800354e-03 1.255561e-01 
-2.352593e-03 -5.707321e-02 
-8.779204e-03 -1.555341e-01 
-7.400591e-03 -1.736151e-01 
-4.283566e-03 -1.354497e-01 
8.584443e-04 -3.349013e-02 
3.095511e-03 9.334525e-02 
1.921226e-03 1.381007e-01 
8.147174e-05 1.171287e-01 
-1.018081e-03 1.374453e-02 
6.797463e-04 -1.588710e-01 
3.327676e-02 7.635766e-02 
3.558836e-03 -7.570081e-03 
-3.296385e-03 -8.145740e-02 
-8.693890e-03 -1.157832e-01 
-6.421298e-03 -1.158151e-01 
-4.422027e-03 -9.503271e-02 
-2.285354e-03 -5.591078e-02 
-5.594447e-04 -1.494056e-02 
-8.752620e-05 8.533247e-03 
-1.907316e-04 1.471410e-02 
-3.092340e-04 -5.890498e-03 
1.053182e-04 -5.054867e-02 
-7.360080e-02 -2.808697e-01 
-1.213224e-02 -3.243896e-01 
-1.483345e-02 -2.987351e-01 
-1.206564e-02 -2.129406e-01 
-4.823329e-03 -1.221397e-01 
-7.524704e-05 -3.472985e-02 
2.549671e-03 4.029775e-02 
1.746481e-03 7.144924e-02 
1.055710e-03 7.393592e-02 
3.154035e-04 5.630043e-02 
-3.794321e-04 6.852059e-03 
-2.395457e-04 -8.876641e-02 
-3.291821e-01 -4.966394e-01 
-2.757098e-02 -4.600607e-01 
-1.588028e-02 -3.211455e-01 
-1.250657e-02 -1.603747e-01 
-4.386730e-03 -5.206353e-02 
-2.009257e-03 4.752396e-03 
-2.837331e-03 -7.110789e-03 
-2.286143e-03 -8.396815e-02 
-1.713929e-03 -1.076144e-01 
-8.699674e-04 -8.657228e-02 
9.361306e-05 -1.902102e-02 
2.705911e-04 6.253524e-02 
-5.681796e-01 -8.234533e-01 
-5.751429e-02 -7.795410e-01 
-2.589921e-02 -4.784466e-01 
9.114224e-04 -8.340240e-02 
9.385973e-03 1.604174e-01 
1.047019e-02 2.699417e-01 
4.848985e-03 2.117279e-01 
-7.299876e-04 -7.701382e-03 
-1.645775e-03 -1.106113e-01 
-9.760626e-04 -1.202527e-01 
3.745032e-04 -2.882098e-02 
4.556223e-04 1.361732e-01 
-1.562285e+00 -8.496899e-01 
-2.964118e-01 -1.262142e+00 
-7.287344e-02 -1.010682e+00 
-2.360271e-02 -5.159177e-01 
-5.619637e-03 -1.650679e-01 
1.408766e-03 5.918590e-02 
1.913336e-03 1.440237e-01 
-2.368950e-04 6.335158e-02 
-8.793399e-04 -2.951124e-03 
-1.134772e-03 -5.152319e-02 
-9.049444e-04 -8.516788e-02 
4.723942e-06 -1.210133e-01 
-8.278742e-01 1.066812e+00 
5.694956e-02 7.101520e-01 
2.865872e-02 3.913807e-01 
5.683432e-03 1.727169e-01 
9.226321e-04 3.572989e-02 
-7.876147e-04 -4.962181e-02 
-3.126800e-04 -7.193527e-02 
5.066930e-04 -2.280104e-02 
5.294221e-04 1.703465e-02 
4.230935e-04 4.506521e-02 
7.653450e-05 5.478483e-02 
-1.887147e-04 3.921671e-02 
