poroelastic
1.376099e-02 5.116175e-02 
1.965872e-02 6.304525e-02 
1.749447e-02 -5.512576e-03 
-1.404425e-02 -1.452764e-01 
-1.374806e-02 -1.950186e-01 
-1.004156e-02 -1.750109e-01 
-3.752013e-03 -8.553737e-02 
9.279658e-04 3.412026e-02 
1.555459e-03 8.717312e-02 
3.490755e-04 8.093761e-02 
-1.320450e-03 -6.067113e-03 
-1.170952e-03 -1.857204e-01 
-9.671797e-02 -2.451588e-01 
1.535345e-02 -1.526748e-01 
9.663099e-03 -9.255889e-02 
-1.067035e-02 -1.086647e-01 
-8.007327e-03 -1.018634e-01 
-5.406945e-03 -7.618693e-02 
-3.316697e-03 -4.443541e-02 
-1.375718e-03 -2.509271e-02 
-5.458413e-04 -7.907314e-03 
-3.791515e-04 1.009557e-03 
-5.452617e-04 -8.540281e-03 
-5.894662e-04 -6.460390e-02 
-2.119745e-01 -5.162326e-01 
-7.060949e-03 -3.689671e-01 
-1.183535e-02 -1.734143e-01 
-1.022120e-03 -4.139505e-02 
3.794716e-03 4.089008e-02 
5.121177e-03 8.344507e-02 
2.994731e-03 6.532766e-02 
-2.226359e-04 -1.166761e-02 
-6.364826e-04 -3.690163e-02 
-9.630266e-05 -2.739339e-02 
6.751764e-04 1.835740e-02 
5.710975e-04 6.692152e-02 
-1.096043e+00 -6.739514e-01 
-2.562694e-02 -6.956536e-01 
4.810965e-03 -5.448014e-01 
-3.188722e-02 -4.090162e-01 
-1.921740e-02 -2.896800e-01 
-1.082646e-02 -1.851800e-01 
-5.160043e-03 -8.947884e-02 
-1.140691e-03 -9.983617e-03 
-1.269292e-04 2.333673e-02 
-5.158596e-04 1.896683e-02 
-1.183846e-03 -2.609751e-02 
-8.637982e-04 -1.299526e-01 
-1.016347e+00 8.463077e-01 
-5.940912e-02 8.477474e-01 
1.987360e-02 5.447613e-01 
8.701687e-03 1.634056e-01 
-2.561651e-03 -5.778553e-02 
-5.726680e-03 -1.605298e-01 
-1.473700e-03 -1.203201e-01 
3.699526e-03 6.209774e-02 
3.577292e-03 1.502178e-01 
2.024718e-03 1.552130e-01 
-1.467645e-04 6.492076e-02 
-2.818584e-04 -1.123961e-01 
-1.268439e-01 7.338064e-01 
2.590845e-02 4.921463e-01 
8.798775e-03 1.532979e-01 
-1.130282e-02 -1.707004e-01 
-1.466528e-02 -3.187094e-01 
-1.273306e-02 -3.318293e-01 
-5.719946e-03 -1.941320e-01 
1.451964e-03 4.616362e-02 
2.038365e-03 1.532911e-01 
1.552834e-04 1.475130e-01 
-1.688768e-03 9.704892e-04 
1.567482e-04 -2.637204e-01 
-2.532599e-02 3.531912e-01 
9.209012e-03 1.757505e-01 
-4.623592e-04 -1.424596e-02 
-6.903036e-03 -1.398820e-01 
-7.027285e-03 -1.802361e-01 
-4.885752e-03 -1.535078e-01 
-1.146395e-04 -5.111375e-02 
3.006350e-03 8.630305e-02 
2.286571e-03 1.384652e-01 
6.032262e-04 1.226753e-01 
-8.668152e-04 1.946378e-02 
5.040913e-05 -1.600627e-01 
2.665735e-02 1.134727e-01 
4.860740e-03 4.483035e-02 
-1.071972e-03 -3.807977e-02 
-6.844716e-03 -9.854758e-02 
-5.930126e-03 -1.186887e-01 
-4.604315e-03 -1.086658e-01 
-2.663498e-03 -7.075013e-02 
-7.268804e-04 -2.218527e-02 
-8.965181e-05 5.830408e-03 
-1.066973e-04 1.477818e-02 
-3.149638e-04 -5.285241e-03 
-1.126541e-04 -5.297290e-02 
-6.204686e-02 -2.413994e-01 
-9.326660e-03 -2.658298e-01 
-1.046287e-02 -2.392191e-01 
-8.883731e-03 -1.723239e-01 
-3.892804e-03 -1.021651e-01 
-2.658439e-04 -2.641538e-02 
1.877117e-03 4.311009e-02 
1.532507e-03 7.093886e-02 
1.063141e-03 7.294647e-02 
3.425140e-04 5.309822e-02 
-6.324548e-04 -7.135941e-03 
-8.639438e-04 -1.240340e-01 
-2.963801e-01 -4.538613e-01 
-2.245732e-02 -3.948619e-01 
-1.070136e-02 -2.548944e-01 
-9.593567e-03 -1.237552e-01 
-3.798743e-03 -4.178476e-02 
-2.180502e-03 1.553806e-03 
-2.970460e-03 -1.349177e-02 
-2.353139e-03 -8.794157e-02 
-1.972166e-03 -1.067519e-01 
-1.258558e-03 -8.493719e-02 
-2.461790e-04 -2.789158e-02 
2.633963e-04 2.926266e-02 
-5.275448e-01 -7.874653e-01 
-4.979188e-02 -7.231137e-01 
-2.079411e-02 -4.248976e-01 
5.139781e-04 -7.069153e-02 
7.664161e-03 1.459037e-01 
8.694219e-03 2.399615e-01 
4.169553e-03 1.813691e-01 
-6.530947e-04 -1.740577e-02 
-1.753693e-03 -1.070841e-01 
-1.318416e-03 -1.110634e-01 
2.969221e-04 -1.869875e-02 
1.208376e-03 1.426367e-01 
-1.527836e+00 -8.320437e-01 
-2.768930e-01 -1.212176e+00 
-6.383122e-02 -9.636779e-01 
-2.089511e-02 -5.102390e-01 
-5.646053e-03 -1.795603e-01 
6.630506e-04 3.128184e-02 
1.705474e-03 1.156165e-01 
2.870305e-04 6.103852e-02 
-4.236287e-04 5.581776e-03 
-9.011507e-04 -4.211859e-02 
-1.042779e-03 -7.528081e-02 
-5.385249e-04 -1.053830e-01 
-8.781071e-01 1.083738e+00 
5.263066e-02 7.451858e-01 
2.944670e-02 4.321426e-01 
5.593735e-03 1.966621e-01 
1.051148e-03 4.643927e-02 
-7.468809e-04 -4.996123e-02 
-5.266945e-04 -7.540747e-02 
2.841440e-04 -1.917934e-02 
4.495912e-04 2.005596e-02 
4.823623e-04 4.489191e-02 
3.314024e-04 5.364085e-02 
3.546735e-05 4.222103e-02 
