poroelastic
1.732609e-02 9.589599e-02 
2.951879e-02 1.141715e-01 
2.722139e-02 2.398761e-02 
-2.314101e-02 -1.388259e-01 
-1.945643e-02 -1.889278e-01 
-1.340913e-02 -1.751541e-01 
-5.806828e-03 -1.085015e-01 
-6.080116e-04 -1.738507e-02 
-8.981226e-04 3.174348e-02 
-2.569185e-03 4.388969e-02 
-1.804520e-03 5.033892e-03 
5.349165e-03 -9.492242e-02 
-6.211275e-02 -1.868159e-01 
1.473432e-02 -1.094427e-01 
5.527556e-03 -8.944941e-02 
-1.423861e-02 -1.174310e-01 
-8.206795e-03 -9.410306e-02 
-3.414951e-03 -5.257816e-02 
-4.945509e-04 -1.387977e-02 
8.781212e-05 2.725651e-03 
-2.519331e-04 1.510028e-02 
-8.792477e-04 1.823243e-02 
-7.380796e-04 4.251539e-03 
1.862722e-03 -3.570614e-02 
-3.268178e-01 -4.415610e-01 
1.683910e-02 -3.505473e-01 
-2.720028e-05 -2.593668e-01 
-2.299013e-02 -1.939499e-01 
-1.008332e-02 -1.133921e-01 
-3.144892e-03 -3.543427e-02 
-1.143401e-03 2.070567e-02 
-1.710069e-03 2.645054e-02 
-1.953455e-03 2.212840e-02 
-2.261176e-03 4.170625e-03 
-3.710946e-04 -3.412037e-02 
5.004828e-03 -9.576373e-02 
-7.258183e-01 -5.057195e-01 
-2.486773e-03 -4.385050e-01 
5.977337e-03 -3.411631e-01 
-3.526515e-02 -3.037588e-01 
-2.044845e-02 -2.400823e-01 
-9.987962e-03 -1.598744e-01 
-2.193887e-03 -6.418171e-02 
3.221316e-04 2.055207e-02 
-1.096235e-03 5.825049e-02 
-2.887442e-03 5.499664e-02 
-1.956817e-03 3.417379e-04 
5.945164e-03 -1.148130e-01 
-6.505998e-01 6.868942e-01 
-2.342877e-02 6.584181e-01 
2.805402e-02 3.967193e-01 
5.551884e-04 6.863880e-02 
-9.281380e-03 -1.024466e-01 
-9.266063e-03 -1.692842e-01 
-2.663790e-03 -1.341203e-01 
2.083267e-03 -1.194824e-02 
2.918311e-04 5.622940e-02 
-2.109404e-03 7.683054e-02 
-2.636067e-03 4.052146e-02 
3.603198e-03 -6.593345e-02 
-3.135832e-01 6.755198e-01 
2.241978e-02 5.358819e-01 
2.171730e-02 2.573137e-01 
-1.150133e-02 -7.819089e-02 
-1.537777e-02 -2.278324e-01 
-1.066176e-02 -2.551355e-01 
5.197037e-04 -1.600464e-01 
4.578189e-03 2.241529e-02 
2.492094e-04 1.152089e-01 
-3.796681e-03 1.355561e-01 
-4.276074e-03 6.862821e-02 
5.453280e-03 -9.783689e-02 
8.353654e-04 4.153295e-01 
2.561086e-02 2.918956e-01 
1.165394e-02 7.850151e-02 
-1.970734e-02 -1.462661e-01 
-1.623496e-02 -2.251967e-01 
-1.093461e-02 -2.166799e-01 
-3.656370e-03 -1.253654e-01 
-1.469980e-05 9.704896e-03 
-1.843368e-03 7.304041e-02 
-4.298739e-03 7.684198e-02 
-2.471746e-03 3.327316e-03 
8.666746e-03 -1.581282e-01 
1.196134e-02 1.163695e-01 
6.583690e-03 4.653953e-02 
-1.944008e-03 -5.715182e-02 
-1.128386e-02 -1.453590e-01 
-6.847688e-03 -1.438732e-01 
-1.436968e-03 -9.613375e-02 
4.193488e-03 -1.594608e-02 
3.082469e-03 6.249620e-02 
-4.246772e-04 9.678226e-02 
-2.819127e-03 9.104490e-02 
-2.370896e-03 3.410909e-02 
3.991197e-03 -7.551854e-02 
-7.761947e-02 -2.065924e-01 
5.157702e-03 -2.437151e-01 
-9.680823e-03 -2.650750e-01 
-2.867504e-02 -2.489351e-01 
-1.461438e-02 -1.860110e-01 
-7.856753e-03 -1.128011e-01 
-4.616387e-03 -4.658869e-02 
-2.222912e-03 -1.475383e-02 
-1.546348e-03 -1.140218e-04 
-1.690734e-03 -2.635764e-03 
-9.100092e-05 -3.247666e-02 
4.673403e-03 -9.732520e-02 
-2.766566e-01 -4.780061e-01 
-2.473746e-02 -4.845156e-01 
-2.469119e-02 -3.849783e-01 
-1.426684e-02 -2.090322e-01 
-1.492925e-03 -5.891054e-02 
3.322105e-03 4.549574e-02 
2.396011e-03 7.452162e-02 
9.175422e-05 1.508048e-02 
2.471092e-04 -1.113071e-02 
7.538780e-04 -1.717915e-02 
4.971652e-04 -3.053057e-03 
-1.498825e-03 3.142737e-02 
-8.174099e-01 -7.096921e-01 
-6.161570e-02 -7.951426e-01 
-4.188663e-02 -6.385197e-01 
-2.234233e-02 -3.247387e-01 
-2.967239e-03 -8.226606e-02 
3.480144e-03 8.220523e-02 
1.385056e-03 1.428322e-01 
-2.817436e-03 6.625752e-02 
-2.590381e-03 8.774674e-03 
-1.381658e-03 -3.747535e-02 
1.494152e-03 -7.284180e-02 
4.447832e-03 -8.684152e-02 
-1.152165e+00 -6.185253e-01 
-2.125875e-01 -9.035692e-01 
-6.090371e-02 -7.459390e-01 
-2.575713e-02 -4.185381e-01 
-6.581729e-03 -1.700933e-01 
5.015634e-04 1.910726e-03 
1.098581e-03 9.247269e-02 
-1.758165e-03 6.979632e-02 
-2.528522e-03 3.833840e-02 
-2.235937e-03 5.257909e-04 
2.964494e-04 -4.950648e-02 
5.963041e-03 -1.106611e-01 
-4.543508e-01 6.691326e-01 
2.707306e-02 3.336829e-01 
1.303185e-02 1.215745e-01 
4.177911e-03 5.015378e-02 
1.831667e-03 2.598651e-02 
1.373962e-03 1.555834e-02 
1.952500e-03 8.232958e-03 
1.862028e-03 -1.630410e-04 
1.136684e-03 4.983734e-03 
5.440452e-04 1.730805e-02 
-1.038138e-03 3.435610e-02 
-2.744345e-03 4.500851e-02 
