poroelastic
8.702313e-04 -2.827355e-02 
-1.594468e-03 -5.152985e-02 
-4.193784e-03 -3.068205e-02 
3.341768e-03 5.456408e-02 
4.275831e-03 8.205224e-02 
2.839238e-03 6.596510e-02 
-5.204690e-04 1.221203e-02 
-2.595716e-03 -5.507398e-02 
-2.165805e-03 -8.295599e-02 
-8.484797e-04 -7.310754e-02 
6.980206e-04 -1.449898e-02 
5.580711e-04 1.068981e-01 
2.244438e-02 1.970381e-01 
-5.972744e-04 6.250430e-02 
-1.510126e-03 -3.075174e-02 
-1.361560e-03 -2.699113e-02 
-8.851312e-04 -2.191190e-02 
-1.759019e-04 -1.134582e-02 
1.312951e-03 1.644313e-02 
1.969435e-03 4.993650e-02 
1.237996e-03 5.029534e-02 
2.461990e-04 2.966464e-02 
-6.101703e-04 -1.263410e-02 
-3.969906e-04 -5.059854e-02 
1.103856e-01 4.984742e-01 
6.948759e-03 3.047077e-01 
1.607040e-02 8.946494e-02 
-4.641637e-03 -5.159680e-02 
-7.787322e-03 -1.295474e-01 
-7.891595e-03 -1.550523e-01 
-4.369639e-03 -1.068470e-01 
4.029013e-04 7.403399e-04 
1.255889e-03 4.446219e-02 
7.150040e-04 4.611465e-02 
-3.258376e-04 5.037371e-03 
-3.593110e-04 -4.980188e-02 
8.204645e-01 7.440862e-01 
-1.060943e-03 6.504364e-01 
-3.760997e-03 4.294809e-01 
1.213052e-02 2.310288e-01 
4.944256e-03 9.669886e-02 
5.738982e-04 7.288806e-03 
-6.039250e-04 -3.039793e-02 
5.706039e-04 -1.449489e-02 
7.079349e-04 -4.459592e-03 
1.083956e-03 1.036428e-02 
1.234628e-03 3.510529e-02 
4.945284e-04 8.534898e-02 
1.071585e+00 -6.723586e-01 
1.080684e-01 -7.533464e-01 
-1.026690e-04 -5.416592e-01 
-1.066767e-02 -2.673968e-01 
-3.586365e-03 -8.626198e-02 
5.651434e-04 1.957077e-02 
4.339254e-04 4.119694e-02 
-2.854657e-03 -2.904689e-02 
-2.734333e-03 -7.633862e-02 
-1.931913e-03 -8.899786e-02 
-5.412143e-04 -5.862579e-02 
2.394831e-05 1.050591e-02 
2.590466e-01 -6.031007e-01 
-4.870738e-03 -4.183887e-01 
-7.296685e-03 -1.676594e-01 
1.267239e-03 5.191497e-02 
5.237080e-03 1.580683e-01 
5.889887e-03 1.764319e-01 
3.071351e-03 1.023765e-01 
-1.699359e-03 -3.805130e-02 
-1.997014e-03 -1.038377e-01 
-5.438770e-04 -9.850400e-02 
1.102574e-03 -8.594575e-03 
2.755503e-05 1.454531e-01 
1.435630e-01 -2.935291e-01 
2.661202e-03 -1.463619e-01 
7.574679e-04 -4.340986e-02 
-3.530953e-04 -1.380501e-02 
-2.705236e-04 -1.167340e-02 
-7.766787e-04 -2.764365e-02 
-2.349908e-03 -5.789898e-02 
-3.170377e-03 -8.698141e-02 
-1.859846e-03 -8.811892e-02 
-5.307613e-04 -6.226958e-02 
5.044004e-04 -4.216250e-03 
8.571379e-05 7.028831e-02 
1.727604e-02 -7.560372e-02 
1.099110e-03 -2.638031e-02 
4.283733e-04 -2.253594e-02 
-1.806520e-03 -5.248784e-02 
-2.078175e-03 -6.306848e-02 
-1.814606e-03 -5.736031e-02 
-5.966519e-04 -2.467584e-02 
8.412932e-04 2.401412e-02 
7.562868e-04 3.809281e-02 
2.856796e-04 3.227753e-02 
-2.831329e-04 4.665709e-03 
-1.892170e-04 -4.829813e-02 
2.779182e-02 2.681490e-01 
6.265602e-03 2.691961e-01 
7.617871e-03 1.751915e-01 
1.727790e-04 2.921629e-02 
-2.636629e-03 -6.582658e-02 
-4.079116e-03 -1.172547e-01 
-3.511373e-03 -1.089518e-01 
-1.153431e-03 -4.248269e-02 
-7.234264e-05 -4.147891e-03 
2.177692e-04 1.266959e-02 
1.829056e-05 6.355726e-03 
-1.151123e-04 -1.273961e-02 
1.820950e-01 5.061285e-01 
1.156086e-02 4.165999e-01 
7.587907e-03 2.089639e-01 
-1.200784e-03 -1.996629e-02 
-4.896778e-03 -1.406735e-01 
-5.145924e-03 -1.696597e-01 
-1.678241e-03 -8.350372e-02 
2.824425e-03 8.477973e-02 
3.322977e-03 1.508368e-01 
2.084141e-03 1.345883e-01 
-5.493080e-04 2.155099e-02 
-1.694793e-03 -1.644926e-01 
3.797633e-01 8.690590e-01 
2.207642e-02 7.256485e-01 
1.294189e-02 3.611334e-01 
-4.120080e-03 -8.272028e-02 
-9.619316e-03 -3.222584e-01 
-1.146066e-02 -3.924475e-01 
-7.258008e-03 -2.591197e-01 
1.722036e-03 3.956025e-02 
3.739487e-03 1.722632e-01 
2.343701e-03 1.733978e-01 
-1.104430e-03 2.655102e-02 
-2.044520e-03 -2.426667e-01 
1.337422e+00 9.294308e-01 
1.882013e-01 1.183336e+00 
2.916072e-02 8.460169e-01 
5.479204e-03 2.964446e-01 
-7.241829e-04 -4.644712e-02 
-4.928706e-03 -2.166227e-01 
-5.296793e-03 -1.942194e-01 
1.974656e-03 1.359524e-02 
3.359036e-03 1.227294e-01 
2.665663e-03 1.506936e-01 
7.573721e-04 9.089891e-02 
-2.502410e-04 -4.780750e-02 
1.063963e+00 -9.216626e-01 
-4.134106e-02 -6.814901e-01 
-3.486229e-02 -4.727160e-01 
-3.724429e-04 -3.476661e-01 
-1.262868e-03 -2.345300e-01 
-1.083909e-03 -1.265231e-01 
-2.324186e-04 -2.791354e-02 
-3.965923e-04 2.643465e-02 
-3.899211e-04 2.995585e-02 
-8.896556e-04 3.637102e-03 
-1.167537e-03 -5.390888e-02 
2.897174e-05 -1.437547e-01 
