poroelastic
2.898878e-03 4.039511e-02 
6.484095e-03 4.238756e-02 
7.498400e-03 1.073828e-02 
-3.543779e-03 -3.440227e-02 
-3.103270e-03 -4.608189e-02 
-2.393877e-03 -4.304161e-02 
-1.628362e-03 -2.838560e-02 
-6.451359e-04 -1.058890e-02 
-3.202990e-04 -5.475609e-03 
-2.584621e-04 -6.448832e-03 
1.664981e-05 -1.248473e-02 
4.091324e-04 -1.773581e-02 
-1.531864e-02 -6.870928e-02 
2.351906e-03 -5.874785e-02 
-2.078987e-03 -6.150907e-02 
-2.145070e-03 -5.108559e-02 
-3.222748e-04 -2.348698e-02 
1.099436e-03 8.008713e-03 
1.775773e-03 3.463003e-02 
8.144460e-04 4.226551e-02 
2.326875e-05 3.467730e-02 
-3.624920e-04 1.608063e-02 
-1.211576e-04 -1.053733e-02 
5.304699e-04 -2.724641e-02 
-2.000923e-01 -1.469531e-01 
1.923867e-02 -1.507396e-01 
1.072972e-02 -1.635287e-01 
-1.117337e-02 -1.521715e-01 
-6.644009e-03 -1.205809e-01 
-3.443241e-03 -7.390163e-02 
-1.199832e-03 -1.252943e-02 
-4.866146e-04 3.745521e-02 
-8.822114e-04 4.441291e-02 
-1.454642e-03 1.816706e-02 
-5.405172e-04 -4.390972e-02 
2.386748e-03 -1.199899e-01 
-8.750378e-02 -9.382152e-02 
1.274672e-03 -3.365472e-02 
1.564573e-03 -3.566903e-02 
-3.496107e-03 -7.129843e-02 
-2.617751e-03 -7.485029e-02 
-1.001297e-03 -5.519313e-02 
1.287729e-03 -8.176069e-03 
1.712338e-03 5.060222e-02 
4.807848e-04 6.868176e-02 
-5.030771e-04 5.660140e-02 
-6.340921e-04 1.248068e-02 
1.101270e-03 -5.437245e-02 
-4.372174e-02 1.705479e-01 
8.380701e-03 1.277903e-01 
6.347023e-03 5.234336e-02 
-2.268268e-03 -2.721744e-02 
-2.666628e-03 -5.543657e-02 
-2.201411e-03 -5.514039e-02 
-1.762624e-03 -3.539422e-02 
-1.024162e-03 -7.672310e-03 
-6.455535e-04 -1.194243e-03 
-6.193383e-04 -6.587716e-03 
-1.775617e-04 -2.205824e-02 
1.300661e-03 -5.576826e-02 
-2.752995e-01 2.219144e-01 
-9.875388e-03 2.427559e-01 
2.379310e-03 1.855121e-01 
2.339449e-03 6.202298e-02 
4.147912e-04 -3.359903e-03 
7.345153e-07 -3.226235e-02 
1.291506e-03 -2.390700e-02 
1.922859e-03 1.847979e-02 
9.212286e-04 4.059887e-02 
2.168972e-04 5.229772e-02 
-6.910355e-04 5.404479e-02 
-6.503955e-04 2.612879e-02 
1.341634e-02 1.896887e-01 
7.429840e-03 1.709339e-01 
4.363614e-03 7.983295e-02 
-3.707894e-03 -5.485572e-02 
-3.696588e-03 -1.176388e-01 
-3.248321e-03 -1.297713e-01 
-2.290357e-03 -8.879837e-02 
-1.025458e-03 -1.441237e-02 
-7.960934e-04 1.580446e-02 
-1.146116e-03 1.452719e-02 
-4.680250e-04 -2.220656e-02 
2.498781e-03 -1.049408e-01 
-1.354553e-02 4.258843e-02 
-1.090859e-03 1.681220e-02 
-1.421254e-03 -2.438839e-02 
-5.460434e-04 -5.934315e-02 
-1.561342e-04 -5.324762e-02 
9.887115e-04 -1.918574e-02 
2.746423e-03 4.138128e-02 
2.125164e-03 1.028323e-01 
1.447313e-04 1.155160e-01 
-1.027147e-03 9.138522e-02 
-9.098388e-04 2.684997e-02 
1.612914e-03 -7.467391e-02 
-4.586429e-02 -6.645859e-02 
4.082654e-03 -8.787262e-02 
9.591429e-04 -1.096541e-01 
-7.097189e-03 -1.137624e-01 
-4.137298e-03 -1.031252e-01 
-3.034403e-03 -8.241202e-02 
-2.402758e-03 -5.293065e-02 
-1.338392e-03 -2.675093e-02 
-7.712560e-04 -1.858423e-02 
-6.276650e-04 -2.540556e-02 
2.891301e-05 -4.870232e-02 
1.338605e-03 -8.058526e-02 
-8.824942e-02 -2.037452e-01 
-6.082532e-03 -2.401541e-01 
-6.624803e-03 -2.107852e-01 
-1.418860e-03 -1.074574e-01 
1.033674e-03 -2.287427e-02 
2.461756e-03 4.656295e-02 
2.710910e-03 9.236066e-02 
1.180508e-03 9.676454e-02 
3.484259e-07 8.128170e-02 
-4.793735e-04 4.698332e-02 
-1.973812e-04 -3.939365e-03 
6.785593e-04 -4.342255e-02 
-4.712544e-01 -2.225513e-01 
-1.861192e-02 -3.317862e-01 
-8.678130e-03 -3.427765e-01 
-8.705292e-03 -2.482672e-01 
-3.640228e-03 -1.610171e-01 
-1.392293e-03 -7.217439e-02 
-1.355359e-04 1.974522e-02 
-5.265770e-04 8.107286e-02 
-1.328677e-03 8.264491e-02 
-1.884714e-03 3.306203e-02 
-4.215163e-04 -7.153102e-02 
3.627691e-03 -1.965705e-01 
-2.172822e-01 -1.099182e-01 
-3.111695e-02 -1.492387e-01 
-5.885117e-03 -1.443077e-01 
-1.578974e-03 -1.113993e-01 
-7.589913e-04 -8.117787e-02 
-2.631323e-04 -4.498612e-02 
2.800845e-04 6.589347e-03 
8.000194e-04 6.187714e-02 
-2.579043e-04 7.773822e-02 
-9.741598e-04 5.782478e-02 
-5.615208e-04 -6.107918e-04 
1.708744e-03 -7.980182e-02 
6.120420e-02 5.804187e-03 
-4.115816e-03 -1.143860e-01 
-1.773526e-03 -1.256302e-01 
-3.845886e-05 -4.709095e-02 
-5.157718e-05 1.237862e-02 
1.204499e-04 5.305646e-02 
1.859754e-04 6.326082e-02 
-3.982914e-04 3.455738e-02 
-4.397921e-04 9.987740e-03 
-1.757069e-04 -1.023461e-02 
3.020823e-04 -2.189126e-02 
7.065020e-04 -2.582263e-02 
