poroelastic
1.627031e-02 1.070540e-01 
2.862693e-02 1.378855e-01 
2.776799e-02 4.259281e-02 
-2.194102e-02 -1.530672e-01 
-1.993393e-02 -2.242974e-01 
-1.424552e-02 -2.160553e-01 
-5.739694e-03 -1.340209e-01 
-7.832774e-05 -1.128410e-02 
-1.283028e-04 5.484351e-02 
-1.673102e-03 7.003039e-02 
-1.682144e-03 1.448999e-02 
3.547232e-03 -1.287858e-01 
-8.900849e-02 -2.545685e-01 
1.809255e-02 -1.385953e-01 
1.022841e-02 -8.666163e-02 
-1.465872e-02 -1.178723e-01 
-9.792602e-03 -1.060487e-01 
-6.051533e-03 -7.725724e-02 
-3.500747e-03 -4.906204e-02 
-1.201481e-03 -3.385578e-02 
-3.069325e-04 -1.388234e-02 
-2.709477e-04 3.072985e-03 
-4.023971e-04 5.980867e-03 
7.162510e-04 -2.982727e-02 
-3.301829e-01 -6.018366e-01 
1.690795e-03 -4.520020e-01 
-9.950020e-03 -2.684203e-01 
-1.106559e-02 -1.336129e-01 
-1.112691e-03 -2.432802e-02 
2.710910e-03 5.117779e-02 
1.174023e-03 6.718924e-02 
-9.537255e-04 1.030383e-02 
-7.745580e-04 -1.531240e-02 
-4.408288e-04 -2.371345e-02 
-6.725916e-06 -2.050571e-02 
6.490960e-04 -2.660603e-02 
-1.078695e+00 -7.461655e-01 
-1.388264e-02 -6.874538e-01 
4.795675e-03 -5.118858e-01 
-3.978672e-02 -3.882425e-01 
-2.239053e-02 -2.784331e-01 
-1.181818e-02 -1.761150e-01 
-5.356471e-03 -8.000734e-02 
-1.660718e-03 -1.082129e-02 
-1.080205e-03 2.309064e-02 
-1.704208e-03 2.414953e-02 
-1.166869e-03 -2.089532e-02 
3.277244e-03 -1.318604e-01 
-1.017241e+00 9.299598e-01 
-5.220116e-02 9.265105e-01 
3.032640e-02 5.898209e-01 
8.111362e-03 1.630135e-01 
-6.271454e-03 -8.374343e-02 
-8.630130e-03 -1.986432e-01 
-2.048177e-03 -1.703250e-01 
2.919682e-03 -6.846997e-03 
1.432149e-03 8.870804e-02 
-7.623242e-04 1.206499e-01 
-1.988085e-03 7.330122e-02 
1.844401e-03 -6.508210e-02 
-2.954232e-01 8.577208e-01 
3.049596e-02 6.293862e-01 
1.968175e-02 2.602213e-01 
-1.505319e-02 -1.339116e-01 
-1.845533e-02 -3.134961e-01 
-1.375477e-02 -3.432672e-01 
-2.762183e-03 -2.163782e-01 
2.953207e-03 2.329660e-02 
4.643209e-04 1.437837e-01 
-2.725338e-03 1.634698e-01 
-2.904181e-03 5.919624e-02 
5.111046e-03 -1.688073e-01 
-2.012757e-02 4.732766e-01 
2.050163e-02 2.989609e-01 
6.425933e-03 6.411428e-02 
-1.439330e-02 -1.464371e-01 
-1.249582e-02 -2.209788e-01 
-8.562865e-03 -2.113163e-01 
-2.438643e-03 -1.160917e-01 
6.515435e-04 2.674857e-02 
-6.529704e-04 9.297698e-02 
-2.606203e-03 9.383267e-02 
-1.800234e-03 7.746922e-03 
5.050368e-03 -1.692429e-01 
1.743639e-02 1.386800e-01 
6.787447e-03 5.927536e-02 
-9.129408e-04 -4.165040e-02 
-9.727432e-03 -1.236576e-01 
-6.805171e-03 -1.321329e-01 
-3.481612e-03 -1.040403e-01 
1.347745e-04 -5.068084e-02 
1.116649e-03 6.689791e-03 
3.538429e-04 4.230612e-02 
-5.752323e-04 5.314343e-02 
-8.562886e-04 2.815376e-02 
1.010010e-03 -3.616753e-02 
-8.764987e-02 -2.749626e-01 
-5.027665e-03 -3.081302e-01 
-1.342301e-02 -2.994420e-01 
-2.070855e-02 -2.476151e-01 
-9.690340e-03 -1.641648e-01 
-4.158073e-03 -8.181232e-02 
-1.606106e-03 -1.707672e-02 
-7.073267e-04 4.913198e-03 
-6.427167e-04 1.395368e-02 
-9.081318e-04 1.051511e-02 
-3.971625e-04 -1.654363e-02 
1.936467e-03 -8.369379e-02 
-3.480286e-01 -5.782641e-01 
-2.921561e-02 -5.404818e-01 
-2.094916e-02 -3.855525e-01 
-1.390902e-02 -1.859139e-01 
-3.058736e-03 -3.879748e-02 
-2.303881e-04 4.211443e-02 
-2.145895e-03 2.865522e-02 
-1.733707e-03 -7.288496e-02 
1.754563e-05 -1.037637e-01 
1.230123e-03 -8.322078e-02 
8.155962e-04 -1.018807e-02 
-2.031991e-03 9.149735e-02 
-8.061718e-01 -9.368191e-01 
-7.278681e-02 -9.397826e-01 
-3.827832e-02 -6.506857e-01 
-7.404783e-03 -2.194641e-01 
5.923480e-03 7.261363e-02 
8.521933e-03 2.292429e-01 
3.008244e-03 2.151284e-01 
-1.590599e-03 2.123541e-02 
-6.720168e-04 -7.796648e-02 
9.049149e-04 -1.042672e-01 
1.376619e-03 -5.318321e-02 
-1.520281e-03 6.199353e-02 
-1.625462e+00 -8.916073e-01 
-3.003925e-01 -1.288987e+00 
-7.790365e-02 -1.031362e+00 
-2.774996e-02 -5.364448e-01 
-6.498292e-03 -1.830845e-01 
5.939777e-04 4.282260e-02 
2.286814e-04 1.323932e-01 
-2.224663e-03 5.462293e-02 
-1.827946e-03 -7.630702e-03 
-1.029832e-03 -5.139931e-02 
5.900652e-04 -8.198333e-02 
3.062209e-03 -1.115672e-01 
-8.335209e-01 1.055097e+00 
5.225426e-02 6.559224e-01 
2.994613e-02 3.488712e-01 
7.789538e-03 1.762431e-01 
2.326559e-03 6.991525e-02 
5.806261e-04 -3.465766e-03 
1.167497e-03 -4.167187e-02 
1.865540e-03 -3.475858e-02 
1.476392e-03 -9.980624e-03 
8.768351e-04 2.459976e-02 
-9.388176e-04 6.369586e-02 
-3.181212e-03 9.549802e-02 
