poroelastic
9.488996e-03 -4.085493e-02 
7.917022e-03 -7.658536e-02 
2.881596e-03 -7.835929e-02 
-1.219122e-03 -2.504294e-02 
-8.792925e-05 3.791677e-03 
1.173543e-04 1.253362e-02 
-5.432054e-04 2.437295e-03 
-9.360954e-04 -2.101430e-02 
-7.526311e-04 -3.480099e-02 
-4.428892e-04 -3.576381e-02 
-2.427200e-05 -1.971447e-02 
2.990902e-05 2.050036e-02 
4.377157e-03 7.321576e-02 
2.160254e-04 -2.680233e-02 
-3.708597e-03 -7.992786e-02 
-1.507426e-03 -4.925275e-02 
-9.647838e-05 -1.670664e-02 
1.059799e-03 1.620805e-02 
2.075866e-03 5.000982e-02 
1.825428e-03 7.104065e-02 
1.015639e-03 6.390060e-02 
1.703178e-04 3.545914e-02 
-4.716245e-04 -1.415477e-02 
-2.716841e-04 -6.105564e-02 
-6.646917e-02 2.495167e-01 
1.475971e-02 9.908808e-02 
1.799649e-02 -5.281482e-02 
-6.818491e-03 -1.351015e-01 
-6.666901e-03 -1.627106e-01 
-5.208125e-03 -1.469465e-01 
-2.461686e-03 -7.694552e-02 
2.101452e-04 2.354306e-02 
5.572721e-04 5.822566e-02 
-1.657927e-04 4.173026e-02 
-9.842452e-04 -3.098165e-02 
-5.045305e-04 -1.306225e-01 
4.845581e-01 4.433688e-01 
-7.894097e-03 3.803385e-01 
-6.341127e-03 2.345188e-01 
3.224143e-03 9.496616e-02 
7.261033e-04 1.514529e-02 
-3.452738e-04 -2.150275e-02 
4.317401e-04 -8.810922e-03 
1.883055e-03 4.449156e-02 
1.472298e-03 6.406651e-02 
8.573470e-04 5.881796e-02 
1.394562e-04 2.743754e-02 
-4.276169e-05 -1.611306e-02 
7.205211e-01 -3.471823e-01 
9.317869e-02 -4.683654e-01 
8.751929e-03 -3.712644e-01 
-4.149612e-03 -2.186350e-01 
-2.173721e-03 -9.982988e-02 
-3.038638e-04 -1.624708e-02 
-2.937712e-05 1.926990e-02 
-1.430654e-03 -6.372641e-03 
-1.289931e-03 -3.290980e-02 
-1.161849e-03 -5.211366e-02 
-6.861925e-04 -6.030439e-02 
4.816588e-05 -6.638735e-02 
3.607871e-02 -2.805523e-01 
-5.152888e-03 -1.730396e-01 
-2.714590e-03 -4.000363e-02 
-2.511026e-04 5.043245e-02 
1.192946e-03 9.776943e-02 
1.607429e-03 1.075137e-01 
1.395341e-03 7.364672e-02 
4.544452e-04 7.215826e-03 
6.876960e-05 -2.415470e-02 
3.427133e-04 -2.104158e-02 
4.857812e-04 2.258950e-02 
-2.260007e-04 7.994502e-02 
1.258572e-01 -1.083822e-01 
5.516761e-03 -5.254939e-02 
1.484943e-03 -3.356781e-02 
8.838438e-05 -6.781631e-02 
-5.364023e-04 -8.515396e-02 
-8.230501e-04 -8.755552e-02 
-1.221222e-03 -7.245902e-02 
-1.357404e-03 -4.597181e-02 
-6.981783e-04 -3.134672e-02 
-4.588378e-04 -2.225189e-02 
-2.828494e-04 -1.966452e-02 
7.139854e-05 -4.187729e-02 
1.052137e-02 -6.839519e-02 
-1.214117e-04 -7.343695e-02 
-1.036542e-03 -8.564612e-02 
-1.403499e-03 -9.218333e-02 
-1.262561e-03 -7.468144e-02 
-7.685772e-04 -3.442612e-02 
6.497208e-04 3.359032e-02 
2.093878e-03 1.009195e-01 
1.377368e-03 1.132612e-01 
5.107034e-04 8.803948e-02 
-2.941808e-04 1.984429e-02 
-7.749050e-05 -9.187711e-02 
-2.258888e-02 7.609824e-02 
2.737719e-03 4.398064e-02 
2.935839e-03 -1.842967e-02 
-1.611585e-03 -7.610962e-02 
-1.704041e-03 -1.080173e-01 
-1.757789e-03 -1.109667e-01 
-1.286166e-03 -7.656973e-02 
-5.405538e-04 -2.051919e-02 
-1.518522e-04 2.428326e-03 
-2.144341e-04 4.715489e-04 
-5.616830e-04 -3.021063e-02 
-4.557871e-04 -7.737873e-02 
3.264318e-02 1.423532e-01 
5.066743e-04 4.041174e-02 
-9.440705e-04 -5.948162e-02 
-1.568796e-03 -9.850611e-02 
-1.486433e-03 -9.923974e-02 
-7.726054e-04 -5.936748e-02 
6.220677e-04 2.996962e-02 
2.169098e-03 1.320692e-01 
2.007984e-03 1.568520e-01 
1.183498e-03 1.188898e-01 
-3.192224e-04 8.471672e-03 
-1.038636e-03 -1.423720e-01 
-1.034155e-01 3.657952e-01 
-4.999483e-03 1.845255e-01 
3.290920e-04 -3.895917e-02 
-2.648745e-03 -2.181951e-01 
-3.000797e-03 -2.905161e-01 
-3.292885e-03 -2.655042e-01 
-1.823503e-03 -1.244279e-01 
1.216407e-03 8.400142e-02 
1.664939e-03 1.579723e-01 
6.069835e-04 1.226426e-01 
-1.287304e-03 -3.603358e-02 
-1.447512e-03 -2.799656e-01 
6.502200e-01 4.791194e-01 
7.509725e-02 5.641075e-01 
6.239112e-03 3.719227e-01 
-8.369191e-05 9.813285e-02 
-3.311361e-04 -6.790865e-02 
-1.480724e-03 -1.349780e-01 
-2.143987e-03 -8.594586e-02 
1.508889e-03 6.498227e-02 
1.726104e-03 1.329683e-01 
9.858745e-04 1.287625e-01 
-1.035835e-04 4.629514e-02 
-1.818911e-04 -9.483077e-02 
7.085007e-01 -5.481866e-01 
-1.604280e-02 -5.264243e-01 
-1.701453e-02 -4.048667e-01 
4.393983e-03 -2.586204e-01 
1.476160e-03 -1.401450e-01 
4.089836e-04 -3.937542e-02 
5.949496e-04 3.412815e-02 
-2.573162e-05 5.331712e-02 
-2.852888e-04 3.975466e-02 
-5.499524e-04 3.592842e-03 
-4.615368e-04 -5.482527e-02 
4.613908e-04 -1.363412e-01 
