poroelastic
3.501041e-02 7.957056e-02 
4.859865e-02 6.715979e-02 
3.566031e-02 -3.483008e-02 
-3.824036e-02 -1.486519e-01 
-2.986250e-02 -1.731158e-01 
-2.081934e-02 -1.476983e-01 
-1.292096e-02 -8.632221e-02 
-5.597490e-03 -2.598286e-02 
-3.141488e-03 -6.457919e-03 
-2.999757e-03 -8.898113e-03 
3.869926e-04 -3.201863e-02 
7.146174e-03 -6.279722e-02 
-5.911298e-02 -9.292903e-02 
2.916542e-02 -1.140445e-01 
3.506800e-03 -1.661591e-01 
-3.367035e-02 -1.871457e-01 
-1.881623e-02 -1.440149e-01 
-6.715574e-03 -7.392695e-02 
1.280094e-03 4.195811e-04 
7.858838e-04 3.907982e-02 
-1.951142e-03 4.036443e-02 
-3.268628e-03 2.061768e-02 
-6.248532e-04 -1.625446e-02 
5.953958e-03 -5.529838e-02 
-2.210593e-01 -1.486725e-01 
3.492110e-02 -1.451892e-01 
1.283641e-02 -1.726673e-01 
-4.132250e-02 -1.923047e-01 
-2.507533e-02 -1.638351e-01 
-1.348265e-02 -1.079522e-01 
-5.486443e-03 -3.432736e-02 
-3.032972e-03 2.092575e-02 
-3.863224e-03 3.091204e-02 
-4.783867e-03 1.082966e-02 
-4.719622e-04 -3.715424e-02 
1.006293e-02 -9.404992e-02 
-3.780780e-01 -9.803769e-02 
1.634672e-02 -1.113470e-01 
2.076804e-02 -1.649244e-01 
-5.069581e-02 -2.438809e-01 
-3.599945e-02 -2.450112e-01 
-2.106294e-02 -1.936760e-01 
-6.559335e-03 -9.556493e-02 
8.794531e-05 1.424398e-02 
-2.380584e-03 5.517707e-02 
-5.415762e-03 4.857690e-02 
-3.181200e-03 -6.164115e-03 
1.106352e-02 -1.059912e-01 
-8.934525e-02 3.276372e-01 
3.551246e-02 2.547192e-01 
2.678223e-02 8.711374e-02 
-2.377352e-02 -1.006484e-01 
-2.292948e-02 -1.673962e-01 
-1.538175e-02 -1.622572e-01 
-3.537046e-03 -9.550053e-02 
2.551104e-03 5.938570e-03 
-4.383816e-04 4.932152e-02 
-3.595982e-03 5.389758e-02 
-3.458469e-03 1.935065e-02 
6.563335e-03 -6.177402e-02 
-4.007962e-02 3.605536e-01 
4.020028e-02 2.975567e-01 
2.937821e-02 1.152420e-01 
-2.894068e-02 -1.215708e-01 
-2.908263e-02 -2.173722e-01 
-1.996771e-02 -2.208974e-01 
-4.199396e-03 -1.341895e-01 
3.414145e-03 6.974910e-03 
-8.670236e-04 7.077010e-02 
-5.434515e-03 7.917712e-02 
-4.900779e-03 2.799852e-02 
9.570670e-03 -9.025262e-02 
1.145965e-01 2.349072e-01 
4.528635e-02 1.632714e-01 
1.744598e-02 -1.858809e-02 
-4.760258e-02 -2.168786e-01 
-3.560287e-02 -2.734969e-01 
-2.220052e-02 -2.420962e-01 
-6.118615e-03 -1.301940e-01 
8.752401e-04 1.560202e-02 
-3.001220e-03 7.641915e-02 
-7.380517e-03 7.545066e-02 
-4.533702e-03 5.310180e-03 
1.457810e-02 -1.397775e-01 
5.147815e-02 7.357115e-02 
2.182761e-02 1.405020e-02 
-2.795205e-03 -1.125297e-01 
-3.783629e-02 -2.267513e-01 
-2.437497e-02 -2.305748e-01 
-9.661255e-03 -1.677158e-01 
5.839315e-03 -4.672648e-02 
5.440859e-03 8.297886e-02 
-2.787744e-03 1.294326e-01 
-8.477056e-03 1.118515e-01 
-5.504452e-03 2.081042e-02 
1.433719e-02 -1.405463e-01 
-4.917366e-02 -6.416699e-02 
3.232126e-02 -1.246552e-01 
-3.957663e-03 -2.234680e-01 
-6.532064e-02 -2.931901e-01 
-3.940774e-02 -2.797736e-01 
-2.314111e-02 -2.143097e-01 
-1.012514e-02 -1.061026e-01 
-3.436775e-03 1.000797e-03 
-4.384830e-03 4.399201e-02 
-6.555473e-03 3.618857e-02 
-1.951756e-03 -3.171730e-02 
1.495601e-02 -1.546237e-01 
-1.877238e-01 -1.900100e-01 
-1.199962e-02 -2.755660e-01 
-3.313347e-02 -3.239859e-01 
-4.050774e-02 -2.928026e-01 
-1.690476e-02 -2.056674e-01 
4.868569e-05 -9.222310e-02 
1.153211e-02 3.175796e-02 
5.876263e-03 1.169537e-01 
-2.909963e-03 1.361043e-01 
-7.329020e-03 1.011586e-01 
-3.739692e-03 8.684830e-03 
1.136631e-02 -1.166038e-01 
-6.377015e-01 -1.775716e-01 
-2.819553e-02 -3.786586e-01 
-4.383240e-02 -4.566439e-01 
-7.384326e-02 -4.191466e-01 
-3.672227e-02 -3.273943e-01 
-1.578559e-02 -1.976041e-01 
-2.095526e-03 -3.349160e-02 
-2.484237e-03 1.062534e-01 
-9.299323e-03 1.401715e-01 
-1.348429e-02 8.596221e-02 
-3.668623e-03 -6.374633e-02 
2.877088e-02 -2.796430e-01 
-3.939984e-01 -8.092618e-02 
-9.379262e-02 -2.320590e-01 
-4.164402e-02 -2.931329e-01 
-3.844062e-02 -2.984931e-01 
-1.891786e-02 -2.435959e-01 
-4.688387e-03 -1.489334e-01 
7.196743e-03 -1.224709e-02 
6.021333e-03 1.276151e-01 
-4.971619e-03 1.739843e-01 
-1.163347e-02 1.390625e-01 
-7.153089e-03 1.227917e-02 
2.112462e-02 -2.014255e-01 
2.988742e-01 7.995056e-02 
-1.883855e-02 -9.560963e-02 
-3.743195e-02 -2.200478e-01 
-3.042926e-02 -2.407849e-01 
-1.511426e-02 -1.891794e-01 
-5.186871e-03 -1.076353e-01 
1.874818e-03 -1.275986e-02 
4.163816e-04 5.684669e-02 
-4.355563e-03 7.796681e-02 
-7.250578e-03 6.178974e-02 
-3.566363e-03 -1.468261e-03 
1.488855e-02 -1.298227e-01 
