poroelastic
-6.072749e-03 -5.032166e-03 
-7.829919e-03 -1.530668e-02 
-7.049434e-03 8.640656e-03 
8.035093e-03 9.143382e-02 
7.570759e-03 1.091378e-01 
4.300868e-03 8.137389e-02 
-9.439601e-04 1.841204e-02 
-3.184539e-03 -5.615240e-02 
-1.839406e-03 -9.229777e-02 
4.225193e-04 -8.530721e-02 
1.765493e-03 -1.855799e-02 
-1.852395e-03 1.315549e-01 
1.852557e-02 1.899837e-01 
2.252454e-03 6.675925e-02 
2.001159e-04 -2.664197e-02 
-2.079042e-03 -2.555804e-02 
-1.559644e-03 -2.413803e-02 
-7.032864e-04 -1.595145e-02 
9.667694e-04 1.130564e-02 
1.408865e-03 4.405016e-02 
3.143436e-04 3.867072e-02 
-6.923092e-04 1.354394e-02 
-6.489355e-04 -2.647082e-02 
5.204117e-04 -4.659485e-02 
1.233893e-01 4.611916e-01 
8.996819e-03 2.906852e-01 
1.619795e-02 9.843485e-02 
-4.797861e-03 -2.463475e-02 
-8.291045e-03 -9.845014e-02 
-8.445043e-03 -1.280541e-01 
-4.480885e-03 -9.280672e-02 
4.114278e-04 -1.250348e-03 
7.563065e-04 3.174721e-02 
3.990550e-05 3.027487e-02 
-3.831211e-04 -1.213746e-03 
3.415872e-04 -2.918320e-02 
7.632799e-01 6.940562e-01 
6.154963e-03 6.332748e-01 
4.692525e-03 4.287150e-01 
1.774063e-02 2.355829e-01 
6.822930e-03 1.043376e-01 
7.199887e-04 1.327392e-02 
-1.413771e-03 -3.434004e-02 
-3.595825e-04 -3.189269e-02 
2.397007e-04 -2.973006e-02 
1.032743e-03 -1.690299e-02 
1.213265e-03 1.600148e-02 
-1.103514e-03 8.921969e-02 
9.609981e-01 -6.181424e-01 
8.762037e-02 -6.662567e-01 
-6.536299e-03 -4.717422e-01 
-1.521429e-02 -2.263938e-01 
-4.449939e-03 -6.374166e-02 
4.054941e-04 2.910435e-02 
-1.050540e-03 4.123563e-02 
-4.308990e-03 -3.238699e-02 
-3.016397e-03 -8.202110e-02 
-1.328355e-03 -9.542366e-02 
4.339288e-04 -6.089577e-02 
-3.411879e-04 2.194339e-02 
2.039617e-01 -5.412544e-01 
-1.157580e-02 -3.517667e-01 
-9.599384e-03 -1.155422e-01 
5.438208e-03 8.012182e-02 
8.921412e-03 1.670386e-01 
7.618659e-03 1.685835e-01 
2.068966e-03 8.457849e-02 
-2.771150e-03 -5.286355e-02 
-1.607679e-03 -1.165859e-01 
9.025804e-04 -1.086866e-01 
1.993444e-03 -1.246635e-02 
-2.656450e-03 1.566237e-01 
1.112677e-01 -2.520904e-01 
1.815332e-03 -1.049025e-01 
2.003167e-03 -8.585743e-03 
-6.581297e-04 1.357462e-02 
-7.553802e-04 4.027895e-03 
-1.944176e-03 -2.189620e-02 
-3.940646e-03 -5.567121e-02 
-3.517149e-03 -8.142367e-02 
-1.426423e-03 -8.543799e-02 
2.397514e-04 -6.450327e-02 
8.865635e-04 -9.297196e-03 
-1.139734e-03 7.187949e-02 
6.738820e-03 -4.835023e-02 
1.314731e-03 8.699657e-03 
1.489333e-03 1.371575e-02 
-1.469389e-03 -1.935275e-02 
-2.238159e-03 -4.321817e-02 
-2.174345e-03 -5.257161e-02 
-5.128137e-04 -2.912684e-02 
1.035526e-03 2.067210e-02 
5.883870e-04 3.364223e-02 
-2.818101e-05 2.881063e-02 
-3.613752e-04 6.977155e-03 
4.214193e-04 -3.161767e-02 
3.687303e-02 2.828244e-01 
1.029534e-02 2.978375e-01 
1.282210e-02 2.097208e-01 
1.071226e-03 6.449584e-02 
-3.802702e-03 -4.638675e-02 
-6.081711e-03 -1.147030e-01 
-4.748557e-03 -1.148811e-01 
-1.120100e-03 -4.474278e-02 
5.629086e-06 -7.265017e-03 
1.733915e-04 1.020364e-02 
1.428256e-05 8.145535e-03 
4.919418e-07 -6.063760e-05 
2.105083e-01 5.203937e-01 
1.851692e-02 4.497832e-01 
1.311296e-02 2.452868e-01 
-5.406941e-04 9.649399e-03 
-6.449724e-03 -1.274778e-01 
-6.421476e-03 -1.711423e-01 
-6.845447e-04 -8.892131e-02 
3.979552e-03 8.947888e-02 
2.690415e-03 1.559356e-01 
3.140203e-04 1.378743e-01 
-1.405536e-03 2.427724e-02 
1.152163e-03 -1.560283e-01 
4.366727e-01 8.918701e-01 
3.776423e-02 7.702787e-01 
2.350279e-02 4.100006e-01 
-8.991262e-03 -4.841831e-02 
-1.593157e-02 -3.132956e-01 
-1.669264e-02 -4.037790e-01 
-8.580538e-03 -2.773289e-01 
2.480475e-03 3.604606e-02 
2.766883e-03 1.750324e-01 
-2.270535e-04 1.777280e-01 
-2.546529e-03 2.901356e-02 
2.423264e-03 -2.435695e-01 
1.380748e+00 9.465955e-01 
2.242745e-01 1.253406e+00 
4.904575e-02 9.112321e-01 
1.166179e-02 3.253107e-01 
-1.852072e-03 -4.772031e-02 
-7.352210e-03 -2.370047e-01 
-5.318490e-03 -2.198567e-01 
3.614037e-03 5.436260e-03 
3.603647e-03 1.254532e-01 
1.521495e-03 1.580379e-01 
-7.536276e-04 9.599196e-02 
6.798185e-04 -5.342292e-02 
1.038984e+00 -9.492468e-01 
-5.369860e-02 -6.344580e-01 
-4.078789e-02 -4.218241e-01 
-9.207109e-03 -3.188110e-01 
-5.450352e-03 -2.213463e-01 
-3.122168e-03 -1.250230e-01 
-1.762097e-03 -3.557574e-02 
-1.795787e-03 1.598029e-02 
-1.516503e-03 1.892032e-02 
-1.799461e-03 -5.577684e-03 
-8.920450e-04 -5.821082e-02 
2.651917e-03 -1.400592e-01 
