poroelastic
-2.097155e-02 -6.006828e-02 
-2.889014e-02 -5.940100e-02 
-2.664445e-02 1.658936e-02 
1.538502e-02 1.368486e-01 
1.709095e-02 1.798169e-01 
1.465382e-02 1.695681e-01 
9.194472e-03 1.061047e-01 
2.231107e-03 1.484856e-02 
-7.152901e-05 -2.691968e-02 
5.682738e-04 -2.907557e-02 
2.316081e-03 2.238408e-02 
2.219857e-03 1.400933e-01 
8.040448e-02 2.291410e-01 
-1.164426e-02 1.875094e-01 
-6.721008e-04 1.528866e-01 
1.172048e-02 1.212057e-01 
6.431467e-03 7.416861e-02 
1.896235e-03 2.368211e-02 
-8.255467e-04 -1.557162e-02 
-9.287955e-04 -2.536621e-02 
-4.849685e-04 -2.278994e-02 
3.858008e-04 -9.726118e-03 
1.244023e-03 1.754242e-02 
1.092996e-03 6.270446e-02 
3.565660e-01 4.595770e-01 
-1.021315e-02 4.063859e-01 
1.938748e-03 3.005866e-01 
1.725195e-02 1.738345e-01 
7.564195e-03 8.118506e-02 
1.567738e-03 9.851523e-03 
-3.154815e-04 -3.035628e-02 
7.425674e-04 -2.040843e-02 
1.117635e-03 -6.628999e-03 
2.020567e-03 1.435740e-02 
2.666968e-03 5.021002e-02 
1.779036e-03 1.069504e-01 
7.429687e-01 4.746243e-01 
2.043129e-02 4.682787e-01 
-3.070542e-03 3.802798e-01 
2.761258e-02 3.007082e-01 
1.956526e-02 2.331317e-01 
1.211921e-02 1.602049e-01 
4.605301e-03 6.929736e-02 
-1.056997e-03 -2.205004e-02 
-2.043396e-03 -6.101079e-02 
-7.722881e-04 -5.770897e-02 
1.602803e-03 3.685609e-04 
1.895062e-03 1.337594e-01 
4.912637e-01 -6.215360e-01 
2.484694e-03 -5.388358e-01 
-2.205624e-02 -2.904009e-01 
-3.799331e-04 -2.375770e-02 
9.345281e-03 1.214309e-01 
1.188339e-02 1.769803e-01 
7.363109e-03 1.321828e-01 
-1.281845e-03 -5.166309e-03 
-2.953257e-03 -7.176467e-02 
-1.860750e-03 -8.221459e-02 
5.692477e-04 -3.029468e-02 
9.937739e-04 1.029655e-01 
2.310920e-01 -5.987922e-01 
-2.207829e-02 -4.616320e-01 
-1.642608e-02 -2.033328e-01 
7.114067e-03 8.956130e-02 
1.501787e-02 2.269983e-01 
1.541486e-02 2.561759e-01 
7.391472e-03 1.633296e-01 
-4.037444e-03 -2.862558e-02 
-5.328031e-03 -1.223084e-01 
-3.422533e-03 -1.384508e-01 
1.206931e-04 -6.439300e-02 
7.578580e-04 1.125114e-01 
-7.687519e-02 -3.324940e-01 
-2.238340e-02 -1.956615e-01 
-6.774473e-03 -7.092456e-04 
1.470289e-02 1.803597e-01 
1.652033e-02 2.418558e-01 
1.408219e-02 2.235242e-01 
7.556313e-03 1.208601e-01 
2.698619e-05 -2.687022e-02 
-1.319845e-03 -8.250590e-02 
6.667257e-04 -6.694929e-02 
3.091169e-03 3.471072e-02 
1.585881e-03 2.274149e-01 
-2.114395e-02 -5.270883e-02 
-2.155497e-03 3.207484e-02 
5.232260e-03 1.089335e-01 
1.072061e-02 1.504806e-01 
7.984226e-03 1.313109e-01 
3.666330e-03 7.728990e-02 
-2.065185e-03 -4.719590e-03 
-4.750543e-03 -8.369890e-02 
-3.790703e-03 -1.106709e-01 
-1.689566e-03 -9.157503e-02 
8.856703e-04 -1.476016e-02 
1.128064e-03 1.179964e-01 
1.021499e-01 2.533639e-01 
3.344680e-03 3.229092e-01 
1.165587e-02 3.299462e-01 
2.504711e-02 2.732877e-01 
1.550898e-02 1.988832e-01 
8.957767e-03 1.175950e-01 
4.697538e-03 4.268278e-02 
2.039904e-03 5.867130e-03 
1.130747e-03 -4.807904e-03 
1.722463e-03 9.813290e-03 
2.861000e-03 6.224075e-02 
2.237814e-03 1.553678e-01 
3.162528e-01 5.219332e-01 
3.486104e-02 5.667745e-01 
2.910364e-02 4.546463e-01 
1.650901e-02 2.288396e-01 
2.869687e-03 6.029777e-02 
-4.400264e-03 -5.869373e-02 
-5.538193e-03 -1.051653e-01 
-1.867153e-03 -5.395351e-02 
-3.150156e-04 -1.909877e-02 
5.453488e-04 6.981181e-03 
9.332108e-04 2.761247e-02 
5.410281e-04 3.450166e-02 
8.807286e-01 6.949182e-01 
7.974693e-02 8.446213e-01 
4.460310e-02 6.994663e-01 
2.594121e-02 3.566132e-01 
6.980735e-03 1.156357e-01 
-2.862237e-03 -5.084294e-02 
-5.284752e-03 -1.286293e-01 
-1.695746e-03 -7.838762e-02 
2.478396e-04 -2.904446e-02 
1.931613e-03 2.353519e-02 
3.077613e-03 8.322322e-02 
1.994990e-03 1.346532e-01 
1.124478e+00 5.676955e-01 
2.346455e-01 9.088443e-01 
6.509921e-02 7.856231e-01 
2.687041e-02 4.496227e-01 
1.007519e-02 2.023544e-01 
5.720354e-04 2.494518e-02 
-4.510634e-03 -9.250672e-02 
-4.134062e-03 -1.202492e-01 
-2.233133e-03 -9.955030e-02 
-3.635106e-05 -4.563137e-02 
2.180980e-03 4.280286e-02 
1.839212e-03 1.596658e-01 
2.897289e-01 -5.755450e-01 
-1.963532e-02 -2.138376e-01 
-2.881881e-03 -1.568375e-02 
5.176700e-05 8.856933e-03 
2.880816e-04 1.196301e-02 
8.112474e-05 8.948436e-03 
-6.983370e-04 -2.798613e-03 
-1.166564e-03 -1.975619e-02 
-8.141270e-04 -2.219955e-02 
-5.928969e-04 -2.062610e-02 
-4.010939e-04 -1.994276e-02 
-1.026468e-04 -1.638764e-02 
