poroelastic
-7.994707e-03 -9.912876e-02 
-1.836441e-02 -1.201069e-01 
-2.153092e-02 -6.418234e-02 
6.052274e-03 2.078683e-02 
9.352223e-03 6.919048e-02 
1.070177e-02 9.696009e-02 
1.005782e-02 9.621413e-02 
5.465528e-03 6.959643e-02 
2.829677e-03 5.408388e-02 
1.320581e-03 3.711372e-02 
1.989223e-04 1.612298e-02 
-1.274305e-04 -1.300776e-02 
4.873222e-02 6.865644e-02 
-1.175212e-02 8.112187e-02 
-1.630766e-03 1.141296e-01 
1.287358e-02 1.109874e-01 
8.234373e-03 8.397511e-02 
3.707736e-03 4.440663e-02 
-2.307525e-04 -2.362493e-03 
-1.469926e-03 -3.220034e-02 
-8.649630e-04 -3.260035e-02 
2.970604e-04 -1.516414e-02 
1.210865e-03 2.073584e-02 
6.398127e-04 5.598276e-02 
2.578064e-01 1.525348e-01 
-1.693855e-02 1.937675e-01 
-7.653001e-03 2.154720e-01 
2.415339e-02 1.875406e-01 
1.620652e-02 1.485136e-01 
9.894230e-03 9.876953e-02 
4.554705e-03 3.508211e-02 
7.142383e-04 -1.960982e-02 
3.393065e-04 -2.794581e-02 
1.650333e-03 -4.216649e-03 
2.688273e-03 5.154819e-02 
1.261870e-03 1.184264e-01 
1.545221e-01 3.373976e-02 
-1.666368e-03 -1.057278e-02 
-1.186371e-02 1.319654e-02 
1.142294e-02 8.557268e-02 
1.233397e-02 1.188552e-01 
1.055562e-02 1.220131e-01 
6.119364e-03 8.742369e-02 
9.139254e-04 2.272722e-02 
-5.493982e-04 -1.013328e-02 
-6.214577e-04 -2.246658e-02 
2.859042e-06 -1.233806e-02 
1.746281e-04 2.075776e-02 
1.196069e-02 -2.576335e-01 
-2.834080e-02 -2.103325e-01 
-1.771334e-02 -1.017626e-01 
7.579883e-03 3.809929e-02 
1.119130e-02 1.049792e-01 
1.133542e-02 1.274145e-01 
9.322512e-03 1.087618e-01 
4.250790e-03 5.591304e-02 
1.772092e-03 2.911783e-02 
1.027951e-03 1.494958e-02 
7.940788e-04 1.376092e-02 
1.651776e-04 4.558569e-02 
2.506274e-01 -3.166970e-01 
-1.184334e-02 -3.353622e-01 
-1.800640e-02 -2.417948e-01 
-2.928371e-03 -4.841680e-02 
4.965705e-03 6.094811e-02 
7.635991e-03 1.171487e-01 
4.625664e-03 1.092217e-01 
-9.188648e-04 3.382163e-02 
-2.121171e-03 -1.486146e-02 
-2.454823e-03 -5.014562e-02 
-1.459054e-03 -7.031543e-02 
-2.911960e-05 -4.664808e-02 
-7.257962e-02 -2.479739e-01 
-2.700492e-02 -2.336023e-01 
-1.400591e-02 -9.873877e-02 
1.475227e-02 1.013423e-01 
1.804182e-02 1.986568e-01 
1.740222e-02 2.249191e-01 
1.261731e-02 1.726479e-01 
4.450489e-03 6.415347e-02 
1.373153e-03 1.087812e-02 
1.100804e-03 -6.342182e-03 
1.333873e-03 1.772097e-02 
3.940737e-05 9.873440e-02 
-6.011365e-04 -8.347531e-02 
-5.197698e-03 -6.445353e-02 
8.489736e-05 9.244315e-03 
7.734737e-03 9.437976e-02 
7.557760e-03 1.167579e-01 
4.410103e-03 9.852808e-02 
-2.110865e-03 2.992856e-02 
-5.060396e-03 -6.494335e-02 
-3.896207e-03 -9.986586e-02 
-2.174540e-03 -9.537195e-02 
-1.522072e-04 -4.750779e-02 
1.158253e-04 4.470352e-02 
5.161932e-02 1.668309e-02 
-9.436109e-03 4.124063e-02 
-8.101707e-04 1.030009e-01 
2.324477e-02 1.610182e-01 
1.874689e-02 1.827895e-01 
1.562811e-02 1.785571e-01 
1.102705e-02 1.371657e-01 
4.344377e-03 7.114314e-02 
1.928835e-03 3.728296e-02 
1.258009e-03 2.285742e-02 
1.068546e-03 3.144149e-02 
4.267633e-04 5.855076e-02 
1.019977e-01 1.165771e-01 
1.256553e-02 1.676842e-01 
1.446500e-02 1.869789e-01 
1.199432e-02 1.422202e-01 
5.353529e-03 9.075277e-02 
2.022002e-04 3.619536e-02 
-3.858588e-03 -2.466819e-02 
-3.453781e-03 -7.045831e-02 
-2.371377e-03 -7.882713e-02 
-1.040309e-03 -5.842766e-02 
3.553223e-04 -5.455960e-03 
4.420375e-04 5.347072e-02 
4.597526e-01 7.007420e-02 
3.879283e-02 2.298793e-01 
2.297808e-02 3.136559e-01 
3.395323e-02 3.095304e-01 
2.211674e-02 2.727171e-01 
1.327037e-02 1.983107e-01 
4.046279e-03 7.116624e-02 
-1.822101e-03 -7.040634e-02 
-2.041964e-03 -1.147704e-01 
1.717822e-04 -7.900166e-02 
2.899208e-03 4.872163e-02 
1.739390e-03 2.403814e-01 
9.829699e-02 -6.669096e-02 
2.454878e-02 -4.903325e-02 
8.830769e-03 2.604465e-02 
1.226901e-02 1.245532e-01 
1.106116e-02 1.688406e-01 
8.059908e-03 1.610351e-01 
2.045921e-03 8.299222e-02 
-2.525583e-03 -5.002573e-02 
-2.570357e-03 -1.056384e-01 
-1.178485e-03 -9.903839e-02 
8.389154e-04 -2.032684e-02 
5.013417e-04 1.279437e-01 
-2.196274e-01 4.848423e-02 
1.780645e-02 1.047458e-01 
1.867982e-02 1.243639e-01 
8.152542e-03 1.033908e-01 
4.217221e-03 6.777710e-02 
2.177984e-03 3.426616e-02 
1.472886e-03 1.566940e-02 
1.021832e-03 2.139566e-02 
6.291771e-04 2.607509e-02 
3.208963e-04 2.301932e-02 
3.600424e-05 1.035448e-02 
5.398320e-06 -3.280375e-03 
