poroelastic
1.258351e-02 -1.187148e-01 
-1.301515e-03 -1.367647e-01 
-9.976468e-03 -8.935911e-02 
-9.463799e-03 -6.135670e-02 
-5.318090e-03 -4.710796e-02 
-6.817917e-04 -2.496007e-02 
4.862127e-03 -3.627977e-03 
6.488593e-03 3.695873e-02 
2.934273e-03 8.936733e-02 
-3.152026e-03 1.074625e-01 
-6.633185e-03 4.888476e-02 
9.794950e-03 -1.523816e-01 
2.772171e-02 -4.715220e-02 
-2.388538e-02 2.988907e-02 
2.919629e-03 1.500120e-01 
3.169922e-02 1.659051e-01 
1.825048e-02 1.219508e-01 
4.859383e-03 4.668231e-02 
-5.483118e-03 -4.634630e-02 
-3.184197e-03 -9.121815e-02 
2.129515e-03 -5.593332e-02 
4.034646e-03 9.745286e-03 
-4.281538e-04 7.368664e-02 
-3.297620e-03 5.297251e-02 
8.545601e-02 -6.240618e-02 
-2.369561e-02 1.261366e-02 
-6.039477e-03 1.163668e-01 
3.014317e-02 1.330905e-01 
2.013562e-02 1.152859e-01 
1.165583e-02 8.002996e-02 
3.432275e-03 1.931374e-02 
2.229219e-04 -3.902820e-02 
1.999252e-03 -2.109557e-02 
2.348941e-03 1.938898e-02 
-8.514689e-04 5.364867e-02 
-1.377555e-03 2.205233e-02 
-2.174890e-01 -2.382912e-01 
-3.277816e-02 -3.060157e-01 
-2.757431e-02 -1.816016e-01 
-2.462364e-03 -3.383037e-02 
6.654377e-03 2.915392e-02 
7.575160e-03 4.863400e-02 
4.488414e-03 3.333115e-02 
1.343191e-03 1.156330e-02 
3.992084e-04 2.864917e-02 
-1.623434e-03 4.200324e-02 
-3.147217e-03 2.231674e-02 
4.784834e-03 -7.665596e-02 
-2.646619e-01 6.319690e-02 
-3.089492e-02 7.509037e-02 
-8.604901e-04 9.382023e-02 
2.306789e-02 1.015834e-01 
1.340439e-02 6.938525e-02 
6.874485e-03 2.804439e-02 
6.331663e-03 1.043668e-04 
6.190796e-03 1.655373e-02 
3.203684e-03 5.656985e-02 
-3.907886e-04 7.814255e-02 
-3.258295e-03 5.189646e-02 
3.020644e-03 -4.520590e-02 
1.786719e-01 -3.819546e-02 
4.219686e-04 -1.602886e-01 
-2.156380e-02 -1.899450e-01 
-1.955451e-02 -1.209418e-01 
-7.000499e-03 -5.861437e-02 
1.187276e-03 1.974564e-03 
3.771823e-03 4.273133e-02 
6.689600e-04 5.434460e-02 
-2.167796e-03 6.798073e-02 
-5.489530e-03 5.253881e-02 
-3.791214e-03 -2.010593e-02 
1.068019e-02 -1.567738e-01 
3.857324e-05 -1.337827e-01 
-3.263186e-02 -2.149892e-01 
-3.044601e-02 -1.500376e-01 
1.147926e-02 -8.926561e-03 
1.779262e-02 7.384050e-02 
1.899771e-02 1.153152e-01 
1.508773e-02 1.036808e-01 
5.674702e-03 4.948231e-02 
1.933300e-03 4.009483e-02 
6.031832e-05 4.065477e-02 
-1.435031e-03 2.992479e-02 
5.266063e-04 -7.695888e-03 
2.126846e-02 -1.430550e-01 
-1.714939e-02 -1.854827e-01 
-1.666883e-02 -1.120054e-01 
1.721589e-03 5.823605e-03 
8.149420e-03 6.893140e-02 
6.316208e-03 9.051388e-02 
-3.625335e-03 4.862297e-02 
-6.303269e-03 -4.581097e-02 
-2.153086e-03 -6.846391e-02 
5.085172e-04 -5.624010e-02 
1.202531e-03 -2.263742e-02 
-7.068259e-04 1.054404e-02 
-3.394696e-02 -2.501729e-01 
-4.582537e-02 -2.892385e-01 
-4.001082e-02 -1.885959e-01 
1.595183e-02 -3.050888e-02 
2.558619e-02 9.443282e-02 
2.834859e-02 1.719875e-01 
2.041567e-02 1.695190e-01 
5.316354e-03 7.674031e-02 
1.286202e-03 3.477620e-02 
4.359881e-04 1.982775e-02 
-6.109743e-04 2.136298e-02 
-5.375698e-04 8.594955e-03 
-1.604410e-01 -3.109073e-01 
-3.977933e-02 -3.148309e-01 
-2.666857e-02 -1.754104e-01 
-1.453721e-03 -7.999021e-03 
1.063364e-02 1.007227e-01 
7.580411e-03 1.406822e-01 
-8.062813e-03 7.152663e-02 
-9.722460e-03 -1.023459e-01 
-1.716635e-03 -1.592944e-01 
3.997806e-03 -1.310978e-01 
3.389254e-03 -2.477753e-02 
-6.473871e-03 1.017797e-01 
-1.467261e-01 -5.527292e-01 
-7.660623e-02 -5.003220e-01 
-4.621401e-02 -2.328810e-01 
5.675870e-02 1.196049e-01 
6.077564e-02 3.558155e-01 
4.889155e-02 4.392786e-01 
1.655041e-02 3.061791e-01 
-4.288464e-03 -5.422718e-02 
2.085291e-03 -2.080120e-01 
1.097734e-02 -1.932612e-01 
8.260418e-03 -3.914914e-03 
-2.152768e-02 3.201729e-01 
-9.757956e-01 -6.617762e-01 
-3.320600e-01 -1.101700e+00 
-1.436856e-01 -8.668533e-01 
-2.845103e-02 -2.890929e-01 
2.073964e-02 1.084788e-01 
2.890365e-02 3.216439e-01 
8.033097e-03 3.145619e-01 
-9.272553e-03 3.703414e-02 
-4.165595e-03 -1.264884e-01 
3.178611e-03 -1.815919e-01 
7.006927e-03 -1.179727e-01 
-4.954101e-03 7.170042e-02 
-5.564028e-01 7.453585e-01 
6.769590e-02 3.202561e-01 
3.721641e-02 1.461085e-01 
2.991596e-02 1.297242e-01 
1.558145e-02 9.041674e-02 
9.753889e-03 5.049770e-02 
9.345974e-03 3.359847e-02 
4.450880e-03 4.091971e-02 
9.248340e-04 4.992881e-02 
-7.142361e-04 4.713042e-02 
-1.423581e-03 3.098963e-02 
-1.138466e-03 1.461973e-02 
