poroelastic
4.297496e-03 7.494723e-02 
1.410453e-02 7.192720e-02 
1.373264e-02 1.876423e-02 
-6.301745e-03 -8.654383e-03 
-5.233807e-03 -1.222940e-02 
-5.146791e-03 -1.123996e-02 
-7.645949e-03 -5.399680e-03 
-7.207902e-03 -2.139634e-02 
-2.549676e-03 -5.746051e-02 
2.475239e-03 -7.821117e-02 
6.042651e-03 -5.825022e-02 
-5.693955e-03 5.332065e-02 
-4.113668e-02 1.976689e-02 
3.137521e-02 -6.069671e-02 
4.866011e-03 -1.582863e-01 
-3.073511e-02 -1.643293e-01 
-1.715082e-02 -1.188118e-01 
-6.332747e-03 -5.078372e-02 
-4.177728e-04 2.442731e-02 
-2.545715e-03 5.677873e-02 
-4.467726e-03 2.788487e-02 
-3.594990e-03 -2.190081e-02 
2.629015e-03 -6.812596e-02 
5.442161e-03 -5.388617e-02 
-4.731281e-02 8.555445e-02 
2.223852e-02 2.851200e-02 
1.040720e-02 -6.234555e-02 
-2.108208e-02 -9.710802e-02 
-1.442855e-02 -9.437154e-02 
-8.435398e-03 -7.059653e-02 
-2.417654e-03 -2.309206e-02 
-5.163941e-04 2.335675e-02 
-1.610553e-03 1.750924e-02 
-1.396853e-03 -6.320422e-03 
1.562478e-03 -3.199862e-02 
1.460729e-03 -1.453605e-02 
6.901221e-02 2.413808e-01 
2.557311e-02 2.314902e-01 
3.010780e-02 9.330639e-02 
-1.568583e-02 -4.168078e-02 
-1.772858e-02 -9.450829e-02 
-1.429477e-02 -9.753938e-02 
-9.255848e-03 -5.871419e-02 
-4.693042e-03 -6.821596e-03 
-2.981969e-03 -6.220244e-03 
-1.782946e-03 -2.416464e-02 
1.497846e-03 -4.338408e-02 
3.325126e-03 -3.391649e-02 
3.137857e-01 -7.257689e-02 
4.262667e-02 -1.151513e-01 
1.063629e-03 -1.423420e-01 
-2.656106e-02 -1.465365e-01 
-1.503729e-02 -1.078972e-01 
-6.786913e-03 -5.585349e-02 
-2.633569e-03 -5.706974e-03 
-2.268396e-03 1.300490e-02 
-1.761263e-03 -4.053986e-03 
-4.355571e-04 -2.349045e-02 
1.523036e-03 -2.894717e-02 
1.066518e-03 -1.068542e-02 
1.785270e-02 4.602884e-03 
1.110012e-02 7.891267e-02 
1.429977e-02 7.305107e-02 
-4.281395e-03 7.130551e-03 
-7.227018e-03 -3.064857e-02 
-8.132754e-03 -5.527154e-02 
-6.791230e-03 -5.403652e-02 
-2.511647e-03 -3.194988e-02 
-3.795926e-06 -3.086624e-02 
1.546091e-03 -2.795559e-02 
1.430776e-03 -8.834451e-03 
-2.576106e-03 2.587003e-02 
9.518801e-02 5.667989e-02 
2.981153e-02 9.303010e-02 
1.677502e-02 1.457025e-02 
-2.825580e-02 -1.049614e-01 
-2.335065e-02 -1.540174e-01 
-1.733868e-02 -1.513605e-01 
-9.066480e-03 -9.190801e-02 
-2.726642e-03 -2.375542e-03 
-2.745875e-03 2.221370e-02 
-3.660988e-03 1.161632e-02 
-8.479316e-04 -2.523245e-02 
8.033025e-03 -8.227563e-02 
1.984916e-02 6.728119e-02 
1.671540e-02 7.297016e-02 
5.715217e-03 -9.405079e-03 
-2.041241e-02 -1.101568e-01 
-1.670192e-02 -1.452682e-01 
-8.999189e-03 -1.291961e-01 
2.849442e-03 -4.900073e-02 
4.454781e-03 6.698641e-02 
-1.589548e-03 9.967872e-02 
-5.715893e-03 7.886078e-02 
-3.496170e-03 6.858632e-03 
9.874228e-03 -1.037161e-01 
1.146244e-04 1.558013e-01 
3.857532e-02 1.445376e-01 
2.261656e-02 3.295670e-02 
-3.687818e-02 -1.035220e-01 
-3.097072e-02 -1.843367e-01 
-2.474460e-02 -2.034816e-01 
-1.371122e-02 -1.409310e-01 
-3.849167e-03 -1.640821e-02 
-3.626970e-03 3.160408e-02 
-5.322000e-03 2.544157e-02 
-1.450436e-03 -3.487492e-02 
1.156729e-02 -1.290008e-01 
4.213310e-02 2.076978e-01 
1.953028e-02 1.479302e-01 
4.418698e-03 2.549861e-03 
-2.169529e-02 -1.371881e-01 
-1.849680e-02 -1.939066e-01 
-7.402808e-03 -1.719765e-01 
1.015802e-02 -4.809012e-02 
9.582996e-03 1.426563e-01 
-2.618704e-03 2.022923e-01 
-1.033291e-02 1.610273e-01 
-6.249898e-03 1.725657e-02 
1.688823e-02 -1.867875e-01 
-7.147880e-02 4.303936e-01 
4.547065e-02 2.930575e-01 
1.980121e-02 4.673476e-02 
-6.089662e-02 -2.282580e-01 
-4.932804e-02 -3.778860e-01 
-3.479835e-02 -3.898317e-01 
-1.055869e-02 -2.259371e-01 
1.566447e-03 8.488065e-02 
-7.945337e-03 2.069261e-01 
-1.739535e-02 1.723678e-01 
-9.151606e-03 -2.982555e-02 
3.463035e-02 -3.615692e-01 
6.170111e-01 5.064560e-01 
1.523151e-01 6.995390e-01 
5.682807e-02 4.638973e-01 
-1.807888e-03 4.753782e-02 
-1.902315e-02 -1.989281e-01 
-1.589285e-02 -2.862837e-01 
2.248446e-03 -1.915261e-01 
1.304422e-02 8.652064e-02 
-2.999773e-04 2.221279e-01 
-1.210510e-02 2.261235e-01 
-1.210885e-02 8.352665e-02 
2.031776e-02 -2.083688e-01 
7.374701e-01 -5.497284e-01 
-6.109009e-02 -3.447092e-01 
-5.461330e-02 -2.958729e-01 
-4.278583e-02 -2.939759e-01 
-2.321976e-02 -2.371627e-01 
-1.181908e-02 -1.493546e-01 
-5.075992e-03 -4.373777e-02 
-4.379612e-03 4.654185e-02 
-6.882508e-03 6.867664e-02 
-9.081216e-03 4.363518e-02 
-2.869879e-03 -4.103876e-02 
2.232278e-02 -2.081342e-01 
