poroelastic
1.634085e-02 -8.109221e-02 
1.045091e-02 -1.141092e-01 
-5.107436e-04 -1.227081e-01 
-1.489112e-02 -1.347310e-01 
-1.012923e-02 -1.159343e-01 
-4.025314e-03 -6.661194e-02 
2.470370e-03 4.450591e-03 
4.132256e-03 7.385202e-02 
2.812075e-03 1.032384e-01 
1.968166e-04 8.666397e-02 
-1.990796e-03 5.364630e-03 
1.690137e-04 -1.605138e-01 
-2.683203e-02 -1.223243e-01 
-3.636312e-04 -7.892379e-02 
6.878252e-04 -1.024441e-02 
1.437075e-04 7.008670e-03 
3.455276e-04 1.048008e-02 
-3.330502e-04 5.422670e-03 
-1.787110e-03 -1.268103e-02 
-1.664358e-03 -2.956506e-02 
-7.626340e-04 -2.411836e-02 
-4.345071e-05 -8.553284e-03 
1.982971e-04 1.216706e-02 
3.138325e-06 2.829444e-03 
2.528218e-02 -2.023190e-01 
-1.811166e-02 -1.103640e-01 
-1.490738e-02 1.783059e-02 
1.499951e-02 9.261394e-02 
1.417879e-02 1.257992e-01 
1.126526e-02 1.242109e-01 
5.391995e-03 7.117827e-02 
-7.762812e-05 -1.678364e-02 
-4.494521e-04 -4.027030e-02 
7.058037e-04 -2.259651e-02 
1.407542e-03 3.098260e-02 
3.787260e-05 8.365417e-02 
-5.634166e-01 -3.809129e-01 
-2.951943e-02 -4.735736e-01 
-1.444609e-02 -3.651758e-01 
-2.204106e-02 -2.015202e-01 
-9.011717e-03 -9.511108e-02 
-2.062352e-03 -1.923480e-02 
2.416750e-04 2.586009e-02 
-1.657186e-05 3.319922e-02 
-3.575150e-04 3.172098e-02 
-1.338849e-03 1.435542e-02 
-1.854808e-03 -3.105452e-02 
1.532049e-04 -1.241108e-01 
-4.761413e-01 2.871359e-01 
-3.195339e-02 2.720805e-01 
4.716060e-03 1.702967e-01 
1.013333e-02 7.488869e-02 
3.361923e-03 7.977595e-03 
1.831526e-03 -2.029139e-02 
5.683327e-03 6.375424e-03 
6.566297e-03 8.447215e-02 
4.213023e-03 1.239104e-01 
1.757459e-03 1.170533e-01 
-5.316661e-04 4.958935e-02 
4.050734e-04 -6.987556e-02 
2.073453e-01 1.658116e-01 
1.604122e-02 -2.139073e-02 
-7.203674e-03 -1.672197e-01 
-2.017507e-02 -2.027093e-01 
-1.516499e-02 -1.908632e-01 
-8.825143e-03 -1.322664e-01 
-1.990224e-03 -3.177555e-02 
1.388747e-03 6.908974e-02 
5.962116e-04 1.038869e-01 
-1.861343e-03 7.228601e-02 
-2.645181e-03 -4.412279e-02 
1.876180e-03 -2.183185e-01 
5.845805e-03 -2.462872e-02 
-1.101262e-02 -1.508118e-01 
-1.468053e-02 -1.709055e-01 
-2.118999e-03 -8.026550e-02 
2.814515e-03 -6.995018e-03 
6.552294e-03 5.371521e-02 
8.990551e-03 9.750516e-02 
5.745625e-03 1.111499e-01 
2.647604e-03 1.067859e-01 
4.547533e-04 7.852034e-02 
-6.999939e-04 1.601234e-02 
5.968761e-04 -6.725523e-02 
3.984553e-02 -6.379703e-02 
-2.182140e-03 -1.261885e-01 
-7.572171e-03 -1.221916e-01 
-8.376947e-03 -6.617714e-02 
-3.760672e-03 -2.569118e-02 
-2.184273e-03 5.888424e-04 
-3.442018e-03 -1.504817e-03 
-3.115106e-03 -3.221838e-02 
-1.970463e-03 -4.064480e-02 
-1.386207e-03 -4.257141e-02 
-5.402923e-04 -4.296502e-02 
2.883790e-04 -4.181474e-02 
-3.016633e-02 -2.119478e-01 
-1.898270e-02 -2.556162e-01 
-1.889921e-02 -2.015779e-01 
-1.354183e-03 -9.003555e-02 
5.328955e-03 9.610107e-03 
9.710130e-03 8.945025e-02 
9.906078e-03 1.280408e-01 
4.432853e-03 1.075227e-01 
1.963941e-03 8.549534e-02 
4.761067e-04 5.582108e-02 
-4.014732e-04 1.283364e-02 
1.229590e-04 -5.525283e-02 
-1.884463e-01 -2.836229e-01 
-2.119505e-02 -2.731374e-01 
-1.243377e-02 -1.730480e-01 
-9.275085e-03 -6.917161e-02 
-2.204356e-03 2.365670e-03 
-9.799019e-04 3.553051e-02 
-3.906053e-03 8.268461e-03 
-3.719860e-03 -7.240340e-02 
-2.435698e-03 -9.824708e-02 
-1.052561e-03 -8.319730e-02 
1.411578e-04 -2.533891e-02 
-5.124844e-05 3.896382e-02 
-1.674862e-01 -5.177132e-01 
-3.478216e-02 -4.428964e-01 
-1.784298e-02 -2.011805e-01 
1.824389e-02 8.330042e-02 
2.209690e-02 2.539958e-01 
1.931781e-02 3.093776e-01 
8.282061e-03 2.106238e-01 
-1.338972e-03 -2.780364e-02 
-2.092679e-03 -1.307076e-01 
-1.761368e-04 -1.258652e-01 
1.727372e-03 -3.041536e-03 
-5.326907e-04 2.056127e-01 
-9.964306e-01 -6.196102e-01 
-2.299730e-01 -9.539587e-01 
-6.995873e-02 -7.460212e-01 
-1.999842e-02 -3.085050e-01 
1.250111e-03 -9.030331e-03 
8.346047e-03 1.659193e-01 
5.154267e-03 1.943331e-01 
-7.969532e-04 5.327938e-02 
-1.793367e-03 -3.642998e-02 
-1.512268e-03 -8.063415e-02 
-4.671998e-04 -7.664540e-02 
1.965587e-04 -3.377344e-02 
-5.707200e-01 7.152792e-01 
5.223142e-02 4.329350e-01 
2.757839e-02 2.281690e-01 
8.760111e-03 1.097516e-01 
2.406329e-03 2.571800e-02 
5.779982e-04 -2.361690e-02 
2.044405e-03 -1.988238e-02 
2.034742e-03 3.500160e-02 
1.102658e-03 6.562675e-02 
2.976461e-04 7.078349e-02 
-3.336037e-04 4.136890e-02 
2.476659e-04 -2.164006e-02 
