poroelastic
-8.815004e-02 -5.777420e-02 
-1.053384e-01 -1.633298e-02 
-7.921235e-02 1.139384e-01 
6.712054e-02 2.461411e-01 
6.468584e-02 2.969370e-01 
5.249821e-02 2.687217e-01 
3.907758e-02 1.776733e-01 
2.010881e-02 6.461472e-02 
9.888294e-03 5.955930e-03 
1.097356e-02 -3.477280e-03 
7.512170e-03 5.171796e-02 
-1.622530e-02 2.095934e-01 
6.888160e-02 1.709237e-01 
-2.792998e-02 1.718229e-01 
-3.623244e-03 1.617244e-01 
3.220661e-02 1.384440e-01 
1.956770e-02 9.810275e-02 
1.034691e-02 5.592355e-02 
6.137398e-03 3.117279e-02 
3.693359e-03 3.213971e-02 
7.216493e-04 2.980770e-02 
-1.180106e-03 1.575083e-02 
-3.077033e-04 -1.415550e-02 
1.358831e-03 -1.794561e-02 
3.075838e-01 2.671503e-01 
-4.073991e-02 2.564808e-01 
-1.845122e-02 2.182140e-01 
4.930791e-02 1.804860e-01 
3.344194e-02 1.483842e-01 
2.300374e-02 1.081607e-01 
1.764401e-02 6.414534e-02 
1.221162e-02 3.418114e-02 
6.661920e-03 1.800339e-02 
5.912663e-03 2.059719e-02 
2.953813e-03 4.437790e-02 
-7.744883e-03 1.018324e-01 
7.291411e-01 2.864664e-01 
2.701405e-04 3.975088e-01 
-1.887612e-02 3.917395e-01 
9.178370e-02 3.729660e-01 
6.968629e-02 3.451656e-01 
4.761546e-02 2.824849e-01 
2.351965e-02 1.696947e-01 
2.755056e-03 1.535117e-02 
7.760048e-04 -6.169237e-02 
5.777928e-03 -7.136996e-02 
7.224628e-03 -4.192282e-03 
-1.263765e-02 1.671833e-01 
2.382216e-01 -5.808649e-01 
-6.468754e-02 -4.622661e-01 
-6.385935e-02 -2.208774e-01 
2.557491e-02 5.291774e-02 
4.296567e-02 2.109713e-01 
4.243937e-02 2.740971e-01 
2.279172e-02 2.136301e-01 
-2.246278e-03 3.002652e-02 
-2.969371e-03 -7.022925e-02 
2.793979e-03 -9.665273e-02 
6.236184e-03 -4.231001e-02 
-8.952594e-03 1.123369e-01 
-1.476038e-01 -5.283864e-01 
-9.532069e-02 -3.411725e-01 
-5.007135e-02 -2.897219e-02 
7.471987e-02 2.845910e-01 
7.603877e-02 4.085728e-01 
5.668359e-02 3.911222e-01 
2.041062e-02 2.337703e-01 
-6.533368e-03 -1.735072e-02 
-2.742393e-03 -1.376798e-01 
7.007541e-03 -1.506917e-01 
9.694107e-03 -4.062647e-02 
-1.683429e-02 2.091229e-01 
-2.754320e-01 -2.464748e-01 
-7.997803e-02 -7.724164e-02 
-1.774291e-02 1.636599e-01 
9.622738e-02 3.567721e-01 
7.507273e-02 4.014170e-01 
5.013276e-02 3.392208e-01 
1.930198e-02 1.809187e-01 
-5.122421e-04 -1.740989e-02 
1.457173e-03 -1.045542e-01 
8.608171e-03 -1.035896e-01 
7.936849e-03 5.158151e-04 
-1.773439e-02 2.210831e-01 
-1.332018e-01 2.076095e-02 
-3.632246e-02 1.567039e-01 
2.151103e-02 3.016803e-01 
8.846377e-02 3.741405e-01 
5.844419e-02 3.415733e-01 
2.968053e-02 2.387866e-01 
1.416434e-03 8.461748e-02 
-7.341559e-03 -6.117827e-02 
-1.354710e-03 -1.204212e-01 
5.673795e-03 -1.100087e-01 
6.089426e-03 -1.915583e-02 
-1.204735e-02 1.534587e-01 
9.623907e-02 2.995905e-01 
-2.419580e-02 4.644958e-01 
5.112984e-02 5.539402e-01 
1.353221e-01 5.173436e-01 
7.614636e-02 4.047700e-01 
3.803571e-02 2.482397e-01 
1.226403e-02 7.895905e-02 
2.886360e-03 -3.100280e-02 
3.967925e-03 -6.573805e-02 
7.508017e-03 -4.550762e-02 
4.496120e-03 3.999586e-02 
-1.417073e-02 1.929464e-01 
4.358891e-01 4.972409e-01 
6.553968e-02 7.008049e-01 
1.029075e-01 6.912406e-01 
1.049178e-01 4.911739e-01 
4.095368e-02 2.712589e-01 
4.382620e-03 6.745796e-02 
-9.714159e-03 -7.395334e-02 
-2.908177e-03 -7.717096e-02 
1.376028e-03 -5.560062e-02 
3.135761e-03 -2.070694e-02 
9.866473e-04 2.726404e-02 
-5.264746e-03 7.021342e-02 
1.112033e+00 6.023674e-01 
1.574367e-01 1.010286e+00 
1.595105e-01 9.812230e-01 
1.330181e-01 6.465155e-01 
4.459029e-02 3.199113e-01 
3.127217e-04 3.949366e-02 
-1.355123e-02 -1.527170e-01 
-1.265696e-03 -1.515400e-01 
5.800913e-03 -9.789221e-02 
8.209800e-03 -1.527825e-02 
1.859586e-03 9.052439e-02 
-1.432806e-02 1.801076e-01 
1.252579e+00 4.850770e-01 
4.462849e-01 1.092613e+00 
2.185710e-01 1.088549e+00 
1.308904e-01 7.191053e-01 
4.294965e-02 3.649929e-01 
-2.102886e-03 6.342580e-02 
-1.942871e-02 -1.731592e-01 
-6.074950e-03 -2.440003e-01 
6.788118e-03 -2.016910e-01 
1.256011e-02 -9.012224e-02 
5.881742e-03 8.874163e-02 
-2.474611e-02 3.078267e-01 
-2.120359e-01 -5.087379e-01 
1.456327e-02 -1.296764e-02 
6.500530e-02 2.762140e-01 
5.723295e-02 3.204820e-01 
3.066622e-02 2.713432e-01 
9.277881e-03 1.739129e-01 
-1.145058e-02 3.034203e-02 
-9.162348e-03 -9.552785e-02 
6.617186e-05 -1.387924e-01 
5.825337e-03 -1.229243e-01 
5.454221e-03 -4.127117e-02 
-9.065318e-03 1.005856e-01 
