poroelastic
-1.943221e-02 -2.064823e-02 
-2.341997e-02 -2.320932e-03 
-1.951503e-02 8.420424e-02 
1.396737e-02 2.167694e-01 
1.579573e-02 2.485457e-01 
1.312441e-02 2.146996e-01 
5.692596e-03 1.121058e-01 
-2.879670e-03 -3.007013e-02 
-4.037193e-03 -9.088873e-02 
-2.474633e-03 -8.902300e-02 
9.789697e-05 -3.595911e-02 
1.456922e-03 9.805661e-02 
9.458313e-02 3.161363e-01 
-1.242699e-02 2.270834e-01 
-3.023976e-03 1.560834e-01 
6.582358e-03 9.849605e-02 
2.684437e-03 3.954050e-02 
1.182999e-03 1.666109e-02 
1.673010e-03 2.239026e-02 
1.392237e-03 2.140777e-02 
1.538211e-03 3.841139e-02 
1.185865e-03 4.796941e-02 
-3.913222e-04 1.111663e-02 
-1.153374e-03 -6.940314e-02 
3.537224e-01 6.744632e-01 
-2.973749e-03 5.600831e-01 
1.207033e-02 3.373676e-01 
4.910858e-03 7.934131e-02 
-5.606894e-03 -8.784825e-02 
-9.255118e-03 -1.568246e-01 
-5.443762e-03 -1.217977e-01 
1.541527e-03 -2.068627e-02 
3.691516e-03 5.270967e-02 
4.108275e-03 9.246066e-02 
2.518855e-03 8.665225e-02 
4.486686e-04 2.815107e-02 
9.966491e-01 9.117058e-01 
2.790758e-02 8.866185e-01 
9.084795e-03 6.037939e-01 
1.439168e-02 2.480498e-01 
1.620567e-03 2.665470e-02 
-5.778870e-03 -1.041832e-01 
-6.385231e-03 -1.432836e-01 
-8.137501e-05 -8.370050e-02 
2.201564e-03 -2.557854e-02 
4.409160e-03 3.274522e-02 
5.792104e-03 1.265605e-01 
3.604811e-03 2.633035e-01 
9.604426e-01 -6.558626e-01 
7.973000e-02 -6.845210e-01 
-8.512611e-03 -5.048355e-01 
-1.597122e-02 -3.334068e-01 
-9.361095e-03 -1.869644e-01 
-5.033248e-03 -9.813115e-02 
-2.112081e-03 -5.899867e-02 
1.255336e-03 -4.083827e-02 
1.349850e-03 -3.410176e-02 
2.646069e-03 -1.121465e-02 
4.479383e-03 8.270646e-02 
2.728096e-03 2.663516e-01 
2.220931e-01 -6.694311e-01 
-1.351505e-02 -4.328537e-01 
-9.709237e-03 -1.603439e-01 
9.091076e-04 4.682407e-02 
6.584923e-03 1.570926e-01 
7.548411e-03 1.703753e-01 
4.701102e-03 9.634084e-02 
1.649515e-04 -1.506632e-02 
-1.541491e-03 -8.127182e-02 
-1.460169e-04 -8.400207e-02 
2.612345e-03 1.564034e-02 
1.856819e-03 2.313032e-01 
-4.514252e-02 -2.900153e-01 
-9.200839e-03 -6.273614e-02 
1.259624e-03 1.140482e-01 
7.586492e-03 1.871883e-01 
8.562923e-03 1.966945e-01 
7.274717e-03 1.608724e-01 
2.835457e-03 7.416979e-02 
-2.916673e-03 -3.923974e-02 
-3.242580e-03 -8.736509e-02 
-1.899578e-03 -8.083444e-02 
1.317325e-05 -3.076469e-02 
5.830514e-04 6.249178e-02 
-3.578122e-02 -3.602219e-02 
-2.763610e-03 7.633756e-02 
3.694265e-03 1.595156e-01 
7.997243e-03 1.697753e-01 
6.047442e-03 1.318279e-01 
4.360485e-03 9.804720e-02 
1.964206e-03 5.795640e-02 
-1.453848e-03 -1.075783e-02 
-1.523617e-03 -2.804707e-02 
-1.084995e-03 -1.859200e-02 
-1.090274e-03 -2.457978e-02 
-8.307775e-04 -6.647461e-02 
8.160071e-02 3.416260e-01 
6.599475e-03 3.840833e-01 
9.936059e-03 3.236501e-01 
9.081622e-03 1.734640e-01 
1.934940e-03 3.715518e-02 
-1.620423e-03 -4.051093e-02 
-1.913889e-03 -6.225879e-02 
-7.213237e-04 -5.078877e-02 
8.246472e-04 -3.818316e-03 
2.390803e-03 5.118216e-02 
3.039809e-03 9.082911e-02 
1.642183e-03 9.407949e-02 
2.979544e-01 6.667207e-01 
2.663789e-02 6.554120e-01 
1.934323e-02 4.127086e-01 
2.542399e-03 6.481748e-02 
-7.981374e-03 -1.575866e-01 
-1.124637e-02 -2.574162e-01 
-6.524110e-03 -2.013355e-01 
1.328059e-03 -1.112383e-02 
4.169620e-03 9.821139e-02 
4.821809e-03 1.433839e-01 
3.468549e-03 1.240939e-01 
5.926856e-04 3.074792e-02 
8.045901e-01 1.153716e+00 
6.002183e-02 1.111779e+00 
3.245226e-02 6.833887e-01 
1.275587e-03 6.470393e-02 
-1.361733e-02 -2.846289e-01 
-1.920160e-02 -4.432116e-01 
-1.335678e-02 -3.621730e-01 
1.228105e-03 -2.804816e-02 
5.812688e-03 1.396821e-01 
6.247773e-03 1.897257e-01 
3.830720e-03 1.438285e-01 
2.418630e-04 1.287230e-02 
1.598059e+00 1.000588e+00 
2.638838e-01 1.379290e+00 
5.420970e-02 1.054080e+00 
1.483585e-02 4.027463e-01 
3.425010e-04 9.555951e-03 
-7.573049e-03 -2.082382e-01 
-7.868134e-03 -2.287799e-01 
1.709318e-03 -1.359474e-02 
4.429649e-03 1.030701e-01 
4.754258e-03 1.453229e-01 
3.673889e-03 1.319275e-01 
1.348105e-03 8.339256e-02 
7.244409e-01 -8.760060e-01 
-2.746194e-02 -4.609315e-01 
-1.949479e-02 -1.967619e-01 
-4.019399e-03 -1.607205e-01 
-2.849588e-03 -1.174332e-01 
-1.662790e-03 -6.720790e-02 
-4.345535e-04 -1.331787e-02 
-6.256313e-05 2.390023e-02 
4.045252e-05 2.748939e-02 
-6.328995e-04 4.456979e-03 
-2.081258e-03 -5.692934e-02 
-1.826978e-03 -1.535657e-01 
