poroelastic
-3.546007e-02 8.747884e-04 
-3.951189e-02 2.263955e-02 
-2.758327e-02 9.715849e-02 
3.004250e-02 2.139255e-01 
2.668413e-02 2.375754e-01 
1.841885e-02 1.919640e-01 
6.727814e-03 8.766699e-02 
-1.600503e-03 -3.790742e-02 
-1.318311e-03 -9.806217e-02 
2.471843e-03 -9.419175e-02 
4.345063e-03 -1.256037e-03 
-4.647659e-03 2.183574e-01 
5.760451e-02 2.426244e-01 
-5.695825e-03 1.660333e-01 
2.240359e-03 9.437108e-02 
8.776346e-03 7.559722e-02 
4.225550e-03 4.495155e-02 
7.813547e-04 1.449507e-02 
-9.989074e-04 -6.124077e-04 
-9.215291e-04 9.837800e-04 
-8.923211e-04 -1.020036e-02 
-6.276630e-04 -2.255258e-02 
2.851275e-04 -2.690582e-02 
-2.901240e-04 1.530741e-02 
2.880155e-01 4.776029e-01 
-6.145003e-03 3.715973e-01 
7.624984e-03 2.254746e-01 
1.406211e-02 1.158822e-01 
3.660102e-03 3.351222e-02 
-1.580870e-03 -2.521459e-02 
-1.226235e-03 -4.303868e-02 
1.801351e-03 -9.773195e-03 
1.700097e-03 4.384055e-04 
1.908263e-03 7.014555e-03 
1.515216e-03 2.259243e-02 
-1.510574e-03 7.726665e-02 
8.842273e-01 6.305602e-01 
1.943970e-02 6.483509e-01 
6.776965e-03 5.035574e-01 
4.260709e-02 3.611840e-01 
2.458473e-02 2.453905e-01 
1.133689e-02 1.366832e-01 
9.232784e-04 2.767205e-02 
-3.245396e-03 -6.257216e-02 
-1.567881e-03 -9.997043e-02 
1.891846e-03 -8.457574e-02 
3.706033e-03 1.889286e-03 
-3.829771e-03 1.888636e-01 
7.574962e-01 -7.046961e-01 
2.848125e-02 -6.432186e-01 
-2.673261e-02 -3.861289e-01 
-7.862105e-03 -9.072536e-02 
6.902380e-03 7.767073e-02 
1.023198e-02 1.467818e-01 
2.530688e-03 1.034432e-01 
-6.338981e-03 -4.607475e-02 
-4.390516e-03 -1.258414e-01 
-4.209762e-04 -1.345308e-01 
2.705476e-03 -5.510277e-02 
-3.040012e-03 1.276437e-01 
1.375613e-01 -6.362740e-01 
-3.473997e-02 -4.087640e-01 
-1.975222e-02 -1.033908e-01 
2.095391e-02 1.828344e-01 
2.599207e-02 2.987317e-01 
2.001933e-02 2.848755e-01 
4.370759e-03 1.410200e-01 
-6.985988e-03 -8.027178e-02 
-4.122642e-03 -1.824965e-01 
1.581250e-03 -1.766987e-01 
4.504548e-03 -3.841535e-02 
-5.901329e-03 2.347149e-01 
-4.493970e-02 -2.988730e-01 
-1.875281e-02 -9.903691e-02 
-7.053325e-04 8.365223e-02 
2.092042e-02 1.936652e-01 
1.654512e-02 2.015886e-01 
9.557345e-03 1.464513e-01 
-5.966884e-05 3.524823e-02 
-4.247046e-03 -8.736985e-02 
-1.582766e-03 -1.322323e-01 
2.445827e-03 -1.083444e-01 
3.521162e-03 3.621138e-03 
-5.060876e-03 2.072987e-01 
-3.827742e-02 -3.667839e-03 
-1.476163e-03 1.137611e-01 
1.117429e-02 1.772125e-01 
1.607896e-02 1.695764e-01 
8.523668e-03 1.172915e-01 
1.639264e-03 4.555290e-02 
-3.728338e-03 -2.439383e-02 
-3.507153e-03 -6.188590e-02 
-1.418804e-03 -7.564623e-02 
6.692034e-04 -6.055918e-02 
1.436810e-03 -6.576547e-03 
-1.924508e-03 8.715804e-02 
1.009606e-01 3.818176e-01 
9.882231e-03 4.745059e-01 
2.850112e-02 4.433328e-01 
3.240409e-02 3.040854e-01 
1.281109e-02 1.555519e-01 
1.467283e-03 2.309009e-02 
-2.647239e-03 -6.193164e-02 
-6.051708e-04 -6.075069e-02 
7.495188e-04 -4.561247e-02 
2.086037e-03 -1.459119e-02 
1.819385e-03 4.079165e-02 
-2.176716e-03 1.287976e-01 
3.873831e-01 6.767704e-01 
4.661736e-02 7.219801e-01 
4.453614e-02 5.473796e-01 
2.124852e-02 2.418696e-01 
-7.099105e-04 1.351012e-02 
-9.246228e-03 -1.281946e-01 
-5.632141e-03 -1.390773e-01 
1.677009e-03 -5.207909e-03 
1.942203e-03 6.062407e-02 
5.409148e-04 7.592360e-02 
-8.339152e-04 3.515417e-02 
8.793762e-04 -5.271711e-02 
9.355777e-01 1.004633e+00 
9.512663e-02 1.096232e+00 
6.856446e-02 8.016929e-01 
1.695018e-02 2.738181e-01 
-1.067327e-02 -9.089088e-02 
-2.032582e-02 -2.956232e-01 
-1.278760e-02 -2.918157e-01 
1.915209e-03 -5.252943e-02 
3.616875e-03 7.984360e-02 
1.633126e-03 1.285505e-01 
-1.166036e-03 8.456902e-02 
1.050751e-03 -5.437169e-02 
1.650144e+00 9.669586e-01 
3.618271e-01 1.488066e+00 
1.141952e-01 1.204412e+00 
4.073097e-02 5.615127e-01 
4.771810e-03 1.091895e-01 
-1.045758e-02 -1.718518e-01 
-1.044117e-02 -2.638685e-01 
3.132798e-04 -1.217070e-01 
3.272990e-03 -1.104064e-02 
3.343740e-03 6.799325e-02 
1.080472e-03 1.127740e-01 
-2.449354e-03 1.126673e-01 
7.101571e-01 -9.804224e-01 
-5.548267e-02 -4.309074e-01 
-2.499364e-02 -1.533736e-01 
-1.022701e-02 -1.032533e-01 
-5.783787e-03 -7.395769e-02 
-4.309121e-03 -5.398127e-02 
-4.963040e-03 -4.555283e-02 
-3.903958e-03 -4.568088e-02 
-1.820566e-03 -4.903552e-02 
-7.882021e-04 -4.812411e-02 
1.827528e-04 -4.028149e-02 
7.838211e-04 -2.742634e-02 
