poroelastic
1.704427e-02 6.125790e-02 
2.521282e-02 5.509043e-02 
2.017759e-02 -1.641981e-02 
-1.853213e-02 -1.015628e-01 
-1.454282e-02 -1.211583e-01 
-1.016258e-02 -1.062609e-01 
-5.786766e-03 -6.251877e-02 
-2.059760e-03 -1.464508e-02 
-1.281110e-03 9.256483e-04 
-1.440664e-03 -6.127390e-04 
-2.395478e-05 -1.891721e-02 
3.196349e-03 -4.479753e-02 
-4.567497e-02 -8.668411e-02 
1.496329e-02 -9.525665e-02 
6.130460e-04 -1.285569e-01 
-1.591625e-02 -1.368617e-01 
-8.034092e-03 -9.915956e-02 
-1.577866e-03 -4.231351e-02 
2.688044e-03 1.915347e-02 
1.225763e-03 5.313690e-02 
-1.184262e-03 5.161959e-02 
-2.323089e-03 2.775051e-02 
-5.495810e-04 -1.568558e-02 
4.041450e-03 -6.059586e-02 
-2.191619e-01 -1.518332e-01 
2.638393e-02 -1.534820e-01 
1.035021e-02 -1.762731e-01 
-2.687404e-02 -1.823882e-01 
-1.585199e-02 -1.511542e-01 
-8.180663e-03 -9.690599e-02 
-2.853455e-03 -2.378778e-02 
-1.652779e-03 3.502620e-02 
-2.787794e-03 4.477130e-02 
-3.789935e-03 1.989145e-02 
-6.352730e-04 -4.026779e-02 
7.696910e-03 -1.155335e-01 
-2.599949e-01 -9.839817e-02 
7.582138e-03 -7.499885e-02 
1.100850e-02 -1.077721e-01 
-2.289759e-02 -1.721362e-01 
-1.615446e-02 -1.742518e-01 
-8.672096e-03 -1.355439e-01 
-7.094312e-04 -5.625055e-02 
1.720339e-03 3.607290e-02 
-8.985283e-04 6.806710e-02 
-3.160258e-03 5.768880e-02 
-2.102500e-03 2.789849e-03 
5.981432e-03 -9.130116e-02 
-6.891667e-02 2.595974e-01 
2.086544e-02 2.004719e-01 
1.551906e-02 7.023312e-02 
-1.210829e-02 -7.453550e-02 
-1.170209e-02 -1.238436e-01 
-8.022812e-03 -1.174861e-01 
-2.850490e-03 -6.536316e-02 
-4.190552e-05 9.487541e-03 
-1.127951e-03 3.671794e-02 
-2.414592e-03 3.279061e-02 
-1.495790e-03 -2.078000e-03 
5.108601e-03 -7.522072e-02 
-1.523741e-01 3.025360e-01 
1.197792e-02 2.749893e-01 
1.438663e-02 1.481273e-01 
-6.835712e-03 -4.122248e-02 
-9.585375e-03 -1.234121e-01 
-6.765717e-03 -1.383938e-01 
4.033666e-04 -8.564998e-02 
3.239158e-03 1.385709e-02 
4.464425e-04 5.939017e-02 
-2.048524e-03 6.874510e-02 
-2.758028e-03 3.969720e-02 
2.858944e-03 -4.176996e-02 
6.339562e-02 2.181783e-01 
2.483132e-02 1.688903e-01 
1.141925e-02 2.558421e-02 
-2.226375e-02 -1.479619e-01 
-1.757678e-02 -2.070578e-01 
-1.184417e-02 -1.929005e-01 
-4.496588e-03 -1.079967e-01 
-6.093837e-04 1.012464e-02 
-2.164047e-03 5.697959e-02 
-4.251341e-03 5.282886e-02 
-2.116934e-03 -8.222640e-03 
8.908931e-03 -1.328673e-01 
1.707622e-02 6.171351e-02 
6.561056e-03 1.685141e-02 
-2.811503e-03 -7.246578e-02 
-1.340998e-02 -1.535372e-01 
-8.281799e-03 -1.527175e-01 
-1.630085e-03 -1.019451e-01 
5.854330e-03 -5.135172e-03 
4.024532e-03 9.730838e-02 
-1.448399e-03 1.283604e-01 
-4.813351e-03 1.053681e-01 
-3.115145e-03 2.137555e-02 
7.697269e-03 -1.186387e-01 
-5.194362e-02 -6.523076e-02 
1.604826e-02 -1.068474e-01 
-9.825206e-04 -1.712233e-01 
-3.165595e-02 -2.129284e-01 
-1.892874e-02 -2.007527e-01 
-1.188294e-02 -1.558385e-01 
-6.606290e-03 -8.173817e-02 
-2.859982e-03 -8.849102e-03 
-2.501456e-03 1.827276e-02 
-3.057639e-03 9.681825e-03 
-3.314049e-04 -4.052604e-02 
7.437244e-03 -1.243332e-01 
-1.450097e-01 -1.982813e-01 
-1.182919e-02 -2.599926e-01 
-1.965189e-02 -2.741421e-01 
-1.523094e-02 -2.095325e-01 
-4.145874e-03 -1.221356e-01 
3.411955e-03 -2.739915e-02 
7.736629e-03 6.355558e-02 
3.363541e-03 1.143138e-01 
-1.452306e-03 1.165128e-01 
-3.544803e-03 7.910598e-02 
-1.502727e-03 1.531332e-03 
5.226085e-03 -8.735834e-02 
-5.655934e-01 -1.974305e-01 
-2.381318e-02 -3.515912e-01 
-2.518855e-02 -4.011750e-01 
-3.677331e-02 -3.404327e-01 
-1.751021e-02 -2.527991e-01 
-7.406233e-03 -1.431602e-01 
-1.253229e-03 -1.072161e-02 
-2.015505e-03 9.612715e-02 
-5.408384e-03 1.150513e-01 
-7.359714e-03 6.152938e-02 
-1.348000e-03 -7.003156e-02 
1.567563e-02 -2.447640e-01 
-3.068390e-01 -9.143249e-02 
-5.944715e-02 -1.848862e-01 
-2.052393e-02 -2.166134e-01 
-1.491242e-02 -2.069456e-01 
-7.194023e-03 -1.660049e-01 
-1.661526e-03 -1.005480e-01 
3.203746e-03 -3.655420e-03 
3.012116e-03 9.839590e-02 
-2.250433e-03 1.301835e-01 
-5.423605e-03 1.017996e-01 
-3.115117e-03 6.175977e-03 
9.600727e-03 -1.443753e-01 
1.875565e-01 4.316765e-02 
-1.172300e-02 -1.093327e-01 
-1.863706e-02 -1.792481e-01 
-9.209490e-03 -1.502253e-01 
-3.648565e-03 -9.274069e-02 
-5.375583e-04 -2.914560e-02 
8.591369e-04 2.539521e-02 
-6.661587e-04 4.562544e-02 
-2.136498e-03 4.233027e-02 
-2.624773e-03 2.283575e-02 
-5.784476e-04 -1.536369e-02 
6.024369e-03 -8.098637e-02 
