poroelastic
4.818429e-03 2.450250e-02 
7.112770e-03 1.010375e-02 
5.410731e-03 -1.302173e-02 
-2.131325e-03 -8.061162e-04 
-1.468486e-03 2.403619e-03 
-2.125938e-03 -4.033523e-03 
-3.752509e-03 -1.412218e-02 
-2.914990e-03 -3.048309e-02 
-9.404077e-04 -4.932753e-02 
8.226636e-04 -5.405467e-02 
1.715073e-03 -3.108306e-02 
-2.085217e-03 4.356392e-02 
-1.943692e-02 4.936700e-02 
1.053254e-02 -3.546720e-02 
-2.889440e-04 -1.086012e-01 
-9.571987e-03 -9.998548e-02 
-4.877498e-03 -7.019194e-02 
-7.759503e-04 -2.755414e-02 
2.565047e-03 2.841628e-02 
1.500333e-03 6.897577e-02 
-8.411385e-04 5.857555e-02 
-1.989231e-03 2.125439e-02 
-3.284074e-04 -3.355260e-02 
3.002657e-03 -6.836668e-02 
-5.219441e-02 1.749076e-01 
2.073982e-02 7.239079e-02 
1.576901e-02 -4.944596e-02 
-1.574453e-02 -1.116492e-01 
-1.266328e-02 -1.340709e-01 
-8.847129e-03 -1.213757e-01 
-3.380925e-03 -6.063998e-02 
-1.216156e-04 2.559730e-02 
-1.007540e-03 4.616483e-02 
-2.195341e-03 2.671835e-02 
-7.644615e-04 -2.838408e-02 
3.702000e-03 -8.387391e-02 
2.966200e-01 3.490648e-01 
7.823221e-03 3.262210e-01 
1.059800e-02 1.839778e-01 
2.432040e-03 4.114173e-02 
-3.053909e-03 -3.430688e-02 
-3.742457e-03 -6.391607e-02 
-9.175579e-04 -4.317714e-02 
1.333496e-03 1.544610e-02 
3.902256e-04 3.101352e-02 
-4.374889e-04 2.488210e-02 
-3.865075e-04 3.142644e-03 
7.303992e-04 -1.673225e-02 
5.411801e-01 -2.346732e-01 
6.236467e-02 -3.039973e-01 
1.187961e-04 -2.604781e-01 
-1.697510e-02 -1.820792e-01 
-8.416629e-03 -1.053948e-01 
-3.595268e-03 -4.056179e-02 
-2.573681e-03 2.225100e-03 
-2.770943e-03 4.749952e-03 
-1.859898e-03 -1.395251e-02 
-1.087945e-03 -3.274736e-02 
3.737960e-04 -4.294859e-02 
2.170523e-03 -4.694789e-02 
2.695642e-02 -1.597300e-01 
-5.323951e-03 -5.765567e-02 
-1.010815e-03 1.643126e-02 
3.128803e-03 3.399571e-02 
2.596893e-03 3.818067e-02 
1.509805e-03 2.794159e-02 
3.724480e-04 7.819094e-03 
6.240695e-05 -1.460991e-02 
6.651514e-04 -2.896317e-02 
1.463822e-03 -2.355243e-02 
6.508417e-04 1.116138e-02 
-2.778429e-03 5.915201e-02 
1.088617e-01 -3.695451e-02 
1.300253e-02 1.796300e-02 
6.610310e-03 -4.307738e-03 
-1.101557e-02 -8.021704e-02 
-9.283777e-03 -1.174254e-01 
-7.638352e-03 -1.212765e-01 
-5.278443e-03 -8.469085e-02 
-2.176877e-03 -2.417545e-02 
-1.206533e-03 -4.320994e-03 
-1.233200e-03 -5.636907e-03 
-2.872711e-04 -2.277448e-02 
2.734769e-03 -6.003199e-02 
1.115964e-02 -4.178309e-03 
2.758969e-03 6.150832e-04 
-1.130620e-03 -4.151170e-02 
-6.606043e-03 -9.485195e-02 
-5.033050e-03 -1.057770e-01 
-1.837907e-03 -8.099647e-02 
3.241845e-03 -8.135908e-03 
3.371724e-03 8.484766e-02 
-5.382140e-05 1.072312e-01 
-2.399340e-03 8.369319e-02 
-1.834860e-03 1.280322e-02 
4.262900e-03 -9.865477e-02 
-1.302655e-02 1.207988e-01 
1.558524e-02 1.002208e-01 
9.629432e-03 1.544063e-02 
-1.458619e-02 -8.336853e-02 
-1.216950e-02 -1.419945e-01 
-1.020429e-02 -1.568921e-01 
-6.333135e-03 -1.112430e-01 
-2.063516e-03 -2.223883e-02 
-1.375073e-03 1.249591e-02 
-1.827456e-03 9.370792e-03 
-5.478886e-04 -3.276430e-02 
3.655906e-03 -9.621257e-02 
4.075667e-02 1.827203e-01 
5.840939e-03 9.825470e-02 
-8.845037e-04 -2.706227e-02 
-7.565897e-03 -1.165516e-01 
-6.094187e-03 -1.430105e-01 
-1.530081e-03 -1.099914e-01 
5.379239e-03 -1.138850e-03 
4.996427e-03 1.433767e-01 
-1.398199e-04 1.807500e-01 
-3.582183e-03 1.368336e-01 
-2.405622e-03 7.746838e-03 
6.211591e-03 -1.646803e-01 
-8.165583e-02 4.152335e-01 
1.538803e-02 2.501604e-01 
6.145365e-03 8.131877e-03 
-2.588400e-02 -2.239449e-01 
-2.057712e-02 -3.354366e-01 
-1.487376e-02 -3.288508e-01 
-4.840045e-03 -1.743895e-01 
1.137080e-03 8.378959e-02 
-2.404955e-03 1.784223e-01 
-6.603484e-03 1.426159e-01 
-3.811357e-03 -3.455515e-02 
1.279746e-02 -3.091992e-01 
6.620748e-01 5.105911e-01 
1.093454e-01 6.476765e-01 
2.631235e-02 4.248217e-01 
2.908170e-03 8.094812e-02 
-4.847189e-03 -1.227728e-01 
-5.361288e-03 -1.996609e-01 
1.196074e-05 -1.287633e-01 
5.813773e-03 7.874901e-02 
1.072619e-03 1.718402e-01 
-3.420371e-03 1.678225e-01 
-3.872905e-03 5.895828e-02 
6.095788e-03 -1.388987e-01 
7.559834e-01 -5.769198e-01 
-4.155096e-02 -4.758237e-01 
-3.702442e-02 -3.798904e-01 
-1.352336e-02 -2.824650e-01 
-6.421159e-03 -1.826576e-01 
-2.709387e-03 -8.287168e-02 
-1.201468e-03 6.393340e-03 
-2.331594e-03 5.137838e-02 
-3.033107e-03 4.669212e-02 
-3.322488e-03 1.174281e-02 
-3.108994e-04 -5.492408e-02 
8.026994e-03 -1.570980e-01 
