poroelastic
1.465601e-02 -1.122135e-01 
2.676665e-03 -1.358798e-01 
-7.872549e-03 -1.038129e-01 
-1.272885e-02 -8.537077e-02 
-7.587071e-03 -6.733039e-02 
-1.655691e-03 -3.468470e-02 
4.795382e-03 2.612072e-03 
5.887297e-03 5.083950e-02 
2.513272e-03 9.554859e-02 
-2.602331e-03 1.024584e-01 
-5.121290e-03 3.576106e-02 
7.590891e-03 -1.571311e-01 
1.501651e-02 -6.708275e-02 
-1.641119e-02 -5.324945e-04 
1.754992e-03 1.059531e-01 
2.092805e-02 1.232195e-01 
1.223892e-02 9.303752e-02 
3.231923e-03 3.767083e-02 
-4.286069e-03 -3.555996e-02 
-3.040285e-03 -7.547793e-02 
8.480878e-04 -4.945278e-02 
2.603440e-03 2.635898e-03 
7.699417e-05 5.633533e-02 
-1.961723e-03 4.238128e-02 
7.011214e-02 -9.854657e-02 
-2.297541e-02 -2.088274e-02 
-9.675689e-03 8.897860e-02 
2.611263e-02 1.220231e-01 
1.923802e-02 1.202245e-01 
1.251522e-02 9.575434e-02 
4.497438e-03 3.641048e-02 
-1.273655e-05 -3.375585e-02 
1.267594e-03 -2.901466e-02 
2.260143e-03 5.173404e-03 
2.294097e-04 4.641278e-02 
-1.927198e-03 4.130070e-02 
-3.119844e-01 -2.769081e-01 
-3.334213e-02 -3.596838e-01 
-2.574133e-02 -2.398256e-01 
-1.155072e-02 -8.421151e-02 
4.589142e-04 -6.245271e-03 
4.301468e-03 3.172156e-02 
3.208472e-03 3.520457e-02 
5.454784e-04 2.102340e-02 
-3.396021e-04 3.118976e-02 
-1.951837e-03 3.429801e-02 
-2.599129e-03 6.074830e-03 
4.351239e-03 -9.247823e-02 
-3.216049e-01 1.282217e-01 
-2.914574e-02 1.275776e-01 
1.553613e-03 1.126617e-01 
1.943136e-02 9.399778e-02 
1.043710e-02 5.462926e-02 
5.735664e-03 1.872235e-02 
6.775035e-03 2.944696e-03 
6.506085e-03 3.222496e-02 
3.205089e-03 7.072348e-02 
-1.339851e-04 8.470427e-02 
-2.506414e-03 4.944970e-02 
2.469601e-03 -4.800148e-02 
1.935167e-01 1.812157e-02 
7.321692e-03 -1.272595e-01 
-1.699680e-02 -1.918482e-01 
-2.307728e-02 -1.504332e-01 
-1.184264e-02 -9.914453e-02 
-2.670909e-03 -3.104990e-02 
2.090717e-03 2.946806e-02 
7.356402e-04 6.304949e-02 
-1.914568e-03 7.994842e-02 
-5.140909e-03 5.721639e-02 
-3.461953e-03 -2.998079e-02 
9.435300e-03 -1.779004e-01 
6.028806e-03 -1.060246e-01 
-2.598555e-02 -2.037536e-01 
-2.683108e-02 -1.620059e-01 
6.245964e-03 -3.116509e-02 
1.284040e-02 5.099259e-02 
1.547200e-02 9.968382e-02 
1.389713e-02 1.033480e-01 
5.782721e-03 6.572539e-02 
1.771088e-03 5.730483e-02 
-3.316296e-04 5.002236e-02 
-1.322677e-03 2.550870e-02 
1.271626e-03 -2.382989e-02 
2.863639e-02 -1.272071e-01 
-1.213375e-02 -1.791287e-01 
-1.484296e-02 -1.241440e-01 
-3.382838e-03 -1.776620e-02 
3.523405e-03 4.338157e-02 
3.347157e-03 6.923964e-02 
-3.705295e-03 3.859791e-02 
-5.435166e-03 -4.052998e-02 
-2.274801e-03 -6.022491e-02 
-2.530576e-04 -5.231692e-02 
7.784819e-04 -2.797519e-02 
1.674158e-04 -3.225549e-03 
-3.380054e-02 -2.472586e-01 
-3.844706e-02 -2.910763e-01 
-3.538069e-02 -2.026285e-01 
9.327229e-03 -5.181418e-02 
1.906742e-02 7.075815e-02 
2.305062e-02 1.524124e-01 
1.790454e-02 1.620955e-01 
5.172705e-03 8.722255e-02 
1.163271e-03 4.963083e-02 
-5.224258e-05 2.982966e-02 
-7.105254e-04 1.863240e-02 
4.731343e-04 -9.984006e-03 
-1.720763e-01 -3.117510e-01 
-3.511964e-02 -3.153179e-01 
-2.383478e-02 -1.847887e-01 
-5.725317e-03 -2.883711e-02 
5.806240e-03 7.355422e-02 
4.632700e-03 1.142120e-01 
-6.774086e-03 5.676510e-02 
-7.800706e-03 -9.317732e-02 
-2.011849e-03 -1.418126e-01 
2.276457e-03 -1.171658e-01 
2.312002e-03 -2.410860e-02 
-4.036404e-03 8.407376e-02 
-1.597860e-01 -5.538783e-01 
-6.631248e-02 -4.988763e-01 
-3.902312e-02 -2.344790e-01 
4.510106e-02 1.082543e-01 
4.930897e-02 3.314300e-01 
4.025409e-02 4.093608e-01 
1.425645e-02 2.841013e-01 
-3.309909e-03 -4.650408e-02 
7.554506e-04 -1.871220e-01 
7.458264e-03 -1.750764e-01 
6.090721e-03 -3.131600e-03 
-1.478037e-02 2.894431e-01 
-9.973069e-01 -6.603733e-01 
-3.085095e-01 -1.080935e+00 
-1.243385e-01 -8.483948e-01 
-2.821298e-02 -2.997075e-01 
1.377016e-02 7.615111e-02 
2.233376e-02 2.818759e-01 
7.233801e-03 2.844021e-01 
-6.653361e-03 4.186122e-02 
-3.779082e-03 -1.013646e-01 
1.144000e-03 -1.537208e-01 
4.338527e-03 -1.072644e-01 
-2.098494e-03 3.938643e-02 
-5.688165e-01 7.501124e-01 
6.638505e-02 3.577302e-01 
3.617282e-02 1.714429e-01 
2.309380e-02 1.227981e-01 
1.084425e-02 6.996773e-02 
6.588340e-03 2.821463e-02 
7.499784e-03 1.877390e-02 
4.030309e-03 4.194898e-02 
8.165281e-04 5.900757e-02 
-9.529130e-04 5.847559e-02 
-1.571567e-03 3.532587e-02 
1.223029e-04 -1.996709e-03 
