poroelastic
-5.287922e-02 -1.202102e-01 
-7.564533e-02 -1.031133e-01 
-6.184409e-02 2.434589e-02 
4.317630e-02 1.423654e-01 
4.336603e-02 1.839457e-01 
3.674877e-02 1.724510e-01 
3.077486e-02 1.157778e-01 
1.982665e-02 6.166150e-02 
1.040076e-02 6.037014e-02 
6.206740e-03 7.343629e-02 
-3.833628e-04 8.123663e-02 
-3.951548e-03 5.200201e-02 
7.723196e-02 1.015018e-01 
-4.504256e-02 1.607535e-01 
-3.909808e-03 2.379840e-01 
5.363256e-02 2.303815e-01 
3.276117e-02 1.674261e-01 
1.409096e-02 7.835366e-02 
2.509021e-03 -8.508474e-03 
2.632338e-03 -3.625549e-02 
4.243636e-03 -1.173737e-02 
4.418033e-03 2.866663e-02 
-7.446621e-05 6.029828e-02 
-3.298790e-03 4.415579e-02 
2.696124e-01 1.775339e-01 
-3.752660e-02 2.194121e-01 
-8.689071e-03 2.457476e-01 
5.405748e-02 2.070314e-01 
3.354420e-02 1.537540e-01 
1.957131e-02 9.322623e-02 
1.194324e-02 3.112683e-02 
8.760457e-03 -1.721394e-03 
6.489024e-03 1.369122e-02 
5.142490e-03 4.515663e-02 
-4.401898e-05 7.138153e-02 
-3.982067e-03 5.309135e-02 
4.486486e-01 7.332899e-02 
-1.266450e-02 1.348637e-01 
-2.994990e-02 2.108162e-01 
7.356433e-02 2.770511e-01 
6.042916e-02 2.836974e-01 
4.245227e-02 2.375409e-01 
2.259360e-02 1.382894e-01 
6.254440e-03 2.161727e-02 
3.091997e-03 -1.260087e-02 
3.999135e-03 -3.878183e-03 
2.146191e-03 3.225427e-02 
-5.782674e-03 7.737991e-02 
3.529118e-02 -4.171085e-01 
-7.026045e-02 -3.146167e-01 
-4.866777e-02 -1.093052e-01 
3.593529e-02 1.038836e-01 
4.197696e-02 2.002403e-01 
3.571204e-02 2.163312e-01 
1.973828e-02 1.491123e-01 
2.559327e-03 2.340533e-02 
6.330931e-04 -2.069045e-02 
2.165876e-03 -2.112027e-02 
1.846416e-03 6.537231e-03 
-4.157591e-03 5.238093e-02 
-2.130802e-02 -4.254262e-01 
-7.424104e-02 -3.544218e-01 
-5.089010e-02 -1.295097e-01 
4.605160e-02 1.469026e-01 
5.468488e-02 2.756193e-01 
4.495824e-02 2.957384e-01 
1.970503e-02 2.000559e-01 
-2.445094e-03 2.145598e-02 
-2.255905e-03 -5.482312e-02 
1.828228e-03 -6.861478e-02 
3.609239e-03 -2.813418e-02 
-5.159548e-03 6.413618e-02 
-2.033958e-01 -2.679557e-01 
-8.357115e-02 -1.932053e-01 
-3.355313e-02 3.188962e-02 
8.138383e-02 2.601808e-01 
7.006702e-02 3.439926e-01 
5.173469e-02 3.222539e-01 
2.550396e-02 1.957498e-01 
4.134773e-03 1.363220e-02 
2.993440e-03 -5.485285e-02 
6.819388e-03 -5.025665e-02 
4.577288e-03 2.381630e-02 
-1.294501e-02 1.604508e-01 
-8.744408e-02 -8.735812e-02 
-4.195863e-02 -1.510078e-02 
3.331838e-03 1.474663e-01 
7.127189e-02 2.833851e-01 
5.335850e-02 3.050950e-01 
3.023022e-02 2.463557e-01 
1.197327e-03 1.066044e-01 
-9.114885e-03 -6.619363e-02 
-2.197354e-03 -1.269718e-01 
4.831997e-03 -1.121156e-01 
5.241918e-03 -2.285382e-02 
-9.946827e-03 1.254899e-01 
4.270277e-02 3.095456e-02 
-5.109277e-02 1.213484e-01 
5.637229e-03 2.600770e-01 
1.121363e-01 3.499794e-01 
7.759807e-02 3.608658e-01 
5.165826e-02 3.031704e-01 
2.567022e-02 1.769429e-01 
6.196415e-03 2.456853e-02 
4.009038e-03 -3.434799e-02 
6.314597e-03 -2.941456e-02 
3.152954e-03 4.076691e-02 
-1.178480e-02 1.580479e-01 
2.004288e-01 1.170499e-01 
1.610795e-02 2.528074e-01 
4.976315e-02 3.514475e-01 
8.159456e-02 3.518314e-01 
4.546235e-02 2.894509e-01 
1.582723e-02 1.811556e-01 
-9.666558e-03 2.975248e-02 
-1.011790e-02 -1.140329e-01 
-8.500132e-04 -1.534544e-01 
5.804593e-03 -1.156390e-01 
4.310302e-03 -3.690906e-03 
-1.041184e-02 1.365716e-01 
6.356064e-01 3.403830e-02 
5.678575e-02 3.395588e-01 
7.223305e-02 4.970430e-01 
1.406280e-01 5.205164e-01 
8.295973e-02 4.720494e-01 
4.264828e-02 3.447027e-01 
5.827356e-03 1.223036e-01 
-5.004609e-03 -1.412615e-01 
5.098126e-03 -2.229528e-01 
1.498486e-02 -1.596426e-01 
9.352635e-03 5.016327e-02 
-2.923367e-02 3.627939e-01 
2.378838e-01 -1.113684e-01 
7.983840e-02 4.131311e-03 
4.477706e-02 1.618568e-01 
8.032858e-02 3.261393e-01 
5.565311e-02 3.712357e-01 
2.811086e-02 3.116004e-01 
-4.128268e-03 1.306237e-01 
-1.183191e-02 -1.436935e-01 
1.312428e-03 -2.494336e-01 
1.233542e-02 -2.150410e-01 
1.115212e-02 -3.077216e-02 
-2.491011e-02 3.053443e-01 
-4.901827e-01 1.001723e-01 
4.565817e-02 1.185129e-01 
6.727315e-02 2.313884e-01 
7.127468e-02 3.166359e-01 
4.123866e-02 2.895774e-01 
1.908283e-02 2.052902e-01 
-1.408236e-04 8.168875e-02 
-3.314552e-03 -3.422304e-02 
1.196590e-03 -7.855248e-02 
4.952899e-03 -7.849262e-02 
4.310813e-03 -2.394801e-02 
-9.195512e-03 1.006692e-01 
