poroelastic
-2.318800e-02 4.067117e-02 
-2.137258e-02 5.263648e-02 
-1.154675e-02 7.491285e-02 
2.110712e-02 1.400468e-01 
1.692420e-02 1.488835e-01 
9.640986e-03 1.125043e-01 
-1.311522e-04 4.401661e-02 
-4.437696e-03 -4.265940e-02 
-1.096242e-03 -9.990482e-02 
4.147981e-03 -1.077368e-01 
5.571770e-03 -3.535980e-02 
-9.873850e-03 1.689198e-01 
4.712308e-03 1.566579e-01 
1.205353e-02 5.562123e-02 
4.407716e-03 -4.281200e-02 
-7.861512e-03 -4.693999e-02 
-5.130161e-03 -3.767019e-02 
-2.562033e-03 -1.794411e-02 
-7.230597e-04 1.747275e-02 
-1.390478e-03 4.193473e-02 
-2.541177e-03 1.696432e-02 
-2.496693e-03 -2.518378e-02 
8.596251e-04 -6.415189e-02 
2.175096e-03 -3.973787e-02 
1.344310e-01 3.406603e-01 
6.279265e-03 2.251623e-01 
1.000861e-02 8.231365e-02 
-3.946163e-04 9.517184e-03 
-4.549356e-03 -3.588158e-02 
-5.227097e-03 -5.836330e-02 
-1.592544e-03 -4.136187e-02 
1.803007e-03 1.006425e-02 
8.964632e-04 1.376973e-02 
6.595634e-04 2.902561e-03 
1.026492e-03 -5.776504e-03 
-1.819362e-03 3.313239e-02 
6.077070e-01 5.512893e-01 
1.866855e-02 5.526663e-01 
1.946937e-02 3.809827e-01 
2.641737e-02 2.165838e-01 
9.867759e-03 1.080236e-01 
6.584971e-04 2.987651e-02 
-4.420906e-03 -2.084476e-02 
-3.834710e-03 -4.367017e-02 
-1.003886e-03 -6.517535e-02 
1.927788e-03 -6.522907e-02 
3.093610e-03 -2.392058e-02 
-5.038916e-03 9.292356e-02 
7.035315e-01 -4.988928e-01 
4.735011e-02 -4.952337e-01 
-1.794279e-02 -3.446450e-01 
-1.861121e-02 -1.512344e-01 
-3.126592e-03 -2.080380e-02 
2.429933e-03 5.368210e-02 
-1.449120e-03 5.955840e-02 
-6.052562e-03 -1.552458e-02 
-3.136871e-03 -7.540571e-02 
5.605240e-04 -9.685598e-02 
3.094449e-03 -6.018127e-02 
-2.691704e-03 4.738571e-02 
8.102425e-02 -4.103018e-01 
-2.232329e-02 -2.123073e-01 
-9.341826e-03 -1.225324e-02 
1.740992e-02 1.345706e-01 
1.698261e-02 1.817463e-01 
1.011297e-02 1.516061e-01 
-1.366677e-03 5.454225e-02 
-5.447983e-03 -7.184196e-02 
-5.214578e-04 -1.331073e-01 
4.800279e-03 -1.232422e-01 
4.747051e-03 -1.956173e-02 
-9.887783e-03 1.726578e-01 
4.255243e-02 -1.623429e-01 
1.627626e-03 -1.094349e-02 
7.853908e-03 6.069495e-02 
2.625476e-03 5.772265e-02 
-4.317665e-04 2.694395e-02 
-3.768325e-03 -9.869634e-03 
-6.917933e-03 -4.216027e-02 
-4.676282e-03 -5.818115e-02 
-1.173798e-03 -7.106546e-02 
1.432574e-03 -6.568976e-02 
2.102783e-03 -2.511590e-02 
-3.135358e-03 5.612971e-02 
-1.617640e-02 2.554957e-02 
4.055494e-03 1.022833e-01 
9.198505e-03 9.922359e-02 
3.326195e-03 4.152733e-02 
-1.744213e-03 -1.170859e-02 
-3.601117e-03 -4.759433e-02 
-1.337594e-03 -4.030434e-02 
1.030736e-03 1.223931e-02 
2.005561e-04 2.352341e-02 
-5.070821e-04 1.725112e-02 
-3.788047e-04 1.118769e-03 
8.598467e-04 -1.608029e-02 
5.206939e-02 3.286926e-01 
2.203122e-02 3.766884e-01 
3.120370e-02 2.938256e-01 
6.804466e-03 1.286828e-01 
-6.245968e-03 -1.606994e-02 
-1.211228e-02 -1.151808e-01 
-9.536882e-03 -1.320280e-01 
-2.038121e-03 -5.299829e-02 
-2.022174e-04 -1.417034e-02 
-1.389103e-04 8.834600e-04 
-2.469025e-05 -2.365843e-03 
2.188870e-04 -4.551675e-03 
2.604960e-01 5.477525e-01 
3.681277e-02 5.320858e-01 
3.272297e-02 3.376634e-01 
4.832796e-03 7.007413e-02 
-9.847763e-03 -1.059375e-01 
-1.063241e-02 -1.821291e-01 
7.074082e-04 -1.130715e-01 
6.642792e-03 8.822803e-02 
1.244326e-03 1.635140e-01 
-3.892232e-03 1.441445e-01 
-3.794473e-03 2.576315e-02 
7.547544e-03 -1.563011e-01 
5.303195e-01 8.976908e-01 
7.756500e-02 8.579018e-01 
5.674344e-02 5.206935e-01 
-1.669656e-02 2.637412e-02 
-3.158807e-02 -2.930383e-01 
-3.142668e-02 -4.277493e-01 
-1.357489e-02 -3.207078e-01 
3.876918e-03 2.466878e-02 
3.069258e-04 1.819772e-01 
-6.750019e-03 1.877022e-01 
-6.694081e-03 2.875309e-02 
1.400886e-02 -2.681420e-01 
1.420664e+00 9.326785e-01 
3.098501e-01 1.368787e+00 
1.044308e-01 1.039445e+00 
2.819433e-02 3.789924e-01 
-6.643598e-03 -5.964871e-02 
-1.614638e-02 -2.909141e-01 
-6.736534e-03 -2.845511e-01 
8.359434e-03 -1.331954e-02 
4.688378e-03 1.400671e-01 
-1.632109e-03 1.873242e-01 
-5.427710e-03 1.173747e-01 
4.077881e-03 -7.514067e-02 
9.161184e-01 -9.606800e-01 
-7.106872e-02 -5.004772e-01 
-4.588643e-02 -2.888447e-01 
-2.607549e-02 -2.434841e-01 
-1.470197e-02 -1.886385e-01 
-8.949624e-03 -1.238799e-01 
-6.634449e-03 -5.514764e-02 
-4.908527e-03 -1.378231e-03 
-3.595699e-03 6.392702e-03 
-3.509478e-03 -1.044386e-02 
-5.517887e-04 -5.571119e-02 
8.753988e-03 -1.405935e-01 
