poroelastic
1.550441e-02 -7.543909e-02 
1.046514e-02 -1.086274e-01 
2.409728e-04 -1.215523e-01 
-1.399469e-02 -1.377482e-01 
-9.783226e-03 -1.203049e-01 
-4.099039e-03 -7.053680e-02 
2.189772e-03 4.116680e-03 
4.087788e-03 7.641329e-02 
3.120462e-03 1.046179e-01 
7.778506e-04 8.607494e-02 
-1.666606e-03 3.546042e-03 
-9.702290e-04 -1.587181e-01 
-3.263214e-02 -1.295365e-01 
1.245873e-03 -8.730539e-02 
8.119897e-04 -2.468888e-02 
-1.456671e-03 -8.077088e-03 
-6.736252e-04 -1.402464e-03 
-6.596487e-04 -4.884563e-04 
-1.414295e-03 -1.011079e-02 
-1.288424e-03 -2.186090e-02 
-6.959259e-04 -1.849581e-02 
-1.885923e-04 -7.818369e-03 
9.231912e-05 7.175820e-03 
-3.333876e-05 -4.026641e-03 
2.168434e-02 -2.151724e-01 
-1.678215e-02 -1.171910e-01 
-1.489382e-02 1.174855e-02 
1.346428e-02 9.101367e-02 
1.312850e-02 1.258242e-01 
1.063010e-02 1.253899e-01 
5.290338e-03 7.397038e-02 
-4.362365e-05 -1.374780e-02 
-6.639579e-04 -4.016117e-02 
3.722293e-04 -2.454316e-02 
1.422688e-03 2.960912e-02 
6.649209e-04 8.744158e-02 
-5.924657e-01 -3.895225e-01 
-2.795646e-02 -4.777891e-01 
-1.165336e-02 -3.745766e-01 
-2.156420e-02 -2.137207e-01 
-9.559886e-03 -1.081222e-01 
-2.795360e-03 -3.009034e-02 
-1.268281e-04 2.023038e-02 
9.237489e-05 3.265812e-02 
-1.564402e-04 3.107085e-02 
-1.105833e-03 1.260541e-02 
-1.863071e-03 -3.389990e-02 
-7.151814e-04 -1.271961e-01 
-4.940419e-01 3.034649e-01 
-3.278770e-02 2.979750e-01 
5.202838e-03 1.834123e-01 
8.666832e-03 7.333206e-02 
2.205080e-03 -1.167582e-03 
8.376888e-04 -3.044698e-02 
4.732968e-03 1.987984e-03 
6.333234e-03 8.927527e-02 
4.503045e-03 1.304720e-01 
2.269597e-03 1.220031e-01 
-1.783971e-04 5.092018e-02 
-7.238532e-05 -7.311062e-02 
2.042439e-01 1.851210e-01 
1.666212e-02 5.280108e-03 
-5.770739e-03 -1.529763e-01 
-1.836409e-02 -2.068908e-01 
-1.461626e-02 -2.036355e-01 
-9.143675e-03 -1.485897e-01 
-2.605174e-03 -4.494042e-02 
1.376079e-03 6.575146e-02 
1.035320e-03 1.041652e-01 
-1.241817e-03 7.250739e-02 
-2.581513e-03 -4.577832e-02 
4.666030e-04 -2.219388e-01 
1.309150e-03 -7.457700e-03 
-8.697854e-03 -1.301360e-01 
-1.207466e-02 -1.599838e-01 
-2.812166e-03 -8.495959e-02 
1.570308e-03 -1.561716e-02 
5.199898e-03 4.666010e-02 
7.886769e-03 9.519624e-02 
5.643210e-03 1.160844e-01 
2.917577e-03 1.131960e-01 
7.500694e-04 8.161213e-02 
-6.298097e-04 1.305856e-02 
1.785200e-04 -7.643704e-02 
3.878159e-02 -4.555640e-02 
-1.031774e-03 -1.061175e-01 
-5.881990e-03 -1.084525e-01 
-7.794474e-03 -6.860736e-02 
-3.921613e-03 -3.338983e-02 
-2.427487e-03 -8.510477e-03 
-3.264954e-03 -8.065382e-03 
-2.846938e-03 -3.230000e-02 
-1.871075e-03 -3.753849e-02 
-1.468121e-03 -4.069630e-02 
-8.140473e-04 -4.579788e-02 
1.041572e-05 -5.134671e-02 
-2.796417e-02 -2.004162e-01 
-1.617871e-02 -2.402245e-01 
-1.596208e-02 -1.901489e-01 
-2.004202e-03 -9.136099e-02 
3.907881e-03 2.114302e-03 
8.039465e-03 7.979478e-02 
8.723913e-03 1.215130e-01 
4.345575e-03 1.087756e-01 
2.263886e-03 9.080748e-02 
8.036540e-04 6.082910e-02 
-3.109278e-04 1.331051e-02 
-2.805827e-04 -6.268483e-02 
-1.869244e-01 -2.793466e-01 
-1.901245e-02 -2.589669e-01 
-1.045993e-02 -1.642144e-01 
-8.717432e-03 -7.269011e-02 
-2.630424e-03 -8.435042e-03 
-1.328192e-03 2.209576e-02 
-3.346657e-03 -5.267210e-05 
-3.168504e-03 -6.897961e-02 
-2.358665e-03 -9.047563e-02 
-1.276437e-03 -7.587144e-02 
-3.718875e-05 -2.219497e-02 
2.044572e-04 3.580169e-02 
-1.618658e-01 -5.119008e-01 
-2.973160e-02 -4.255584e-01 
-1.512378e-02 -1.910054e-01 
1.525093e-02 8.180820e-02 
1.895647e-02 2.409823e-01 
1.688187e-02 2.909876e-01 
7.709928e-03 1.977061e-01 
-1.004049e-03 -2.395220e-02 
-2.295959e-03 -1.208964e-01 
-9.067226e-04 -1.163512e-01 
1.384092e-03 4.126433e-04 
9.448312e-04 1.978308e-01 
-9.846386e-01 -6.094920e-01 
-2.157180e-01 -9.230758e-01 
-6.207863e-02 -7.239270e-01 
-1.792573e-02 -3.046041e-01 
2.438117e-04 -2.090141e-02 
6.837906e-03 1.463631e-01 
4.902096e-03 1.788357e-01 
-8.735708e-05 5.552767e-02 
-1.376211e-03 -2.682097e-02 
-1.516451e-03 -6.949573e-02 
-8.430277e-04 -7.036851e-02 
-5.439710e-05 -3.984607e-02 
-5.689733e-01 6.976429e-01 
4.914511e-02 4.454965e-01 
2.602840e-02 2.391590e-01 
7.380004e-03 1.122456e-01 
1.704060e-03 2.113810e-02 
-1.593363e-05 -3.140936e-02 
1.260228e-03 -2.627332e-02 
1.701348e-03 3.342466e-02 
1.172136e-03 6.455807e-02 
5.939449e-04 7.015113e-02 
-4.498796e-05 4.096670e-02 
8.272405e-05 -2.142719e-02 
