poroelastic
4.383704e-02 -1.872826e-01 
3.326641e-02 -2.761606e-01 
1.122803e-02 -2.600513e-01 
-9.675415e-03 -1.575538e-01 
-6.552587e-03 -9.010829e-02 
-2.540911e-03 -3.365555e-02 
2.124942e-02 2.324676e-03 
-1.399625e-02 -4.304083e-02 
-1.665682e-02 2.649376e-03 
5.131093e-03 9.067211e-02 
8.678063e-03 1.251573e-01 
8.193411e-03 1.118422e-01 
1.427218e-01 1.598533e-01 
-2.552407e-02 1.185309e-01 
-1.609984e-02 1.368597e-01 
9.867056e-03 1.621971e-01 
9.700308e-03 1.417639e-01 
5.578267e-03 7.767450e-02 
1.497831e-01 2.092027e-01 
-1.109099e-02 9.314207e-02 
-5.313477e-03 6.429417e-02 
4.590401e-03 7.680138e-02 
3.672825e-03 5.383232e-02 
3.265841e-05 4.589652e-04 
-6.754332e-02 2.263015e-01 
5.056456e-03 2.931913e-02 
1.475456e-02 -7.479602e-02 
-2.257590e-03 -8.472953e-02 
-7.015033e-03 -1.144881e-01 
-1.054019e-02 -1.527183e-01 
1.477513e-01 -3.361903e-01 
-3.021485e-03 -3.058885e-01 
-2.042419e-02 -1.527112e-01 
-1.524603e-03 4.691465e-02 
8.769447e-03 1.767442e-01 
1.515321e-02 2.482631e-01 
3.496013e-01 -3.596300e-01 
1.691251e-02 -3.743640e-01 
-3.388219e-03 -2.876407e-01 
-5.956983e-03 -1.118616e-01 
5.395799e-04 2.254743e-02 
6.704002e-03 1.216134e-01 
2.075995e-01 -3.565746e-01 
7.998470e-03 -3.827394e-01 
-5.964381e-03 -2.905573e-01 
-5.763039e-03 -8.980591e-02 
1.897740e-03 6.392634e-02 
8.947177e-03 1.734742e-01 
6.828601e-02 -2.378949e-01 
5.554250e-03 -2.734221e-01 
-4.323869e-03 -2.053832e-01 
-3.662093e-03 -5.554712e-02 
1.499404e-03 5.044182e-02 
5.834482e-03 1.163064e-01 
1.393993e-04 -5.073207e-02 
2.506377e-03 -7.817280e-02 
3.037167e-04 -6.218044e-02 
-5.558079e-04 -2.081553e-02 
-8.663382e-05 -3.256366e-03 
-3.890937e-04 -7.706166e-03 
4.512966e-02 1.421714e-01 
-3.308772e-03 1.286431e-01 
-6.850205e-05 1.076184e-01 
2.284700e-03 6.450577e-02 
1.043800e-03 1.614524e-02 
-2.157921e-03 -4.265795e-02 
1.847899e-01 2.556590e-01 
-5.699756e-03 2.307493e-01 
-1.693358e-03 1.877793e-01 
3.001557e-03 1.129461e-01 
2.093104e-03 4.926920e-02 
-6.052296e-04 -1.244619e-02 
2.782395e-01 2.583257e-01 
-1.216189e-03 1.917893e-01 
-3.328509e-03 1.395127e-01 
1.133567e-03 9.598856e-02 
2.139203e-03 7.066704e-02 
2.322410e-03 5.225639e-02 
6.701419e-02 2.511026e-01 
-4.179583e-03 1.280404e-01 
2.659838e-03 8.050439e-03 
1.748934e-03 -5.803436e-02 
-1.770276e-03 -8.935364e-02 
-3.800270e-03 -9.877573e-02 
6.255368e-02 -2.673499e-01 
-4.489096e-03 -1.616659e-01 
-2.515786e-03 -4.906843e-02 
-3.383060e-03 4.523900e-02 
5.985215e-04 1.207200e-01 
5.007986e-03 1.694038e-01 
2.674444e-01 -2.651325e-01 
-1.611281e-03 -2.231191e-01 
7.030656e-04 -1.858587e-01 
1.293670e-03 -1.275362e-01 
-8.794984e-04 -6.442831e-02 
-1.331259e-04 -5.367126e-03 
1.106385e-01 -2.559317e-01 
-1.194986e-03 -2.450489e-01 
7.957525e-04 -1.909730e-01 
-2.391103e-03 -7.457116e-02 
-9.488574e-04 3.607932e-02 
3.007084e-03 1.311465e-01 
1.455670e-02 -1.308342e-01 
1.657489e-05 -1.389862e-01 
1.639689e-04 -1.055246e-01 
-2.481385e-03 -2.117708e-02 
-5.095462e-04 5.752035e-02 
2.671297e-03 1.201758e-01 
5.441475e-03 6.081608e-02 
3.421031e-04 5.860764e-02 
-1.124631e-04 3.659820e-02 
5.492516e-04 7.978428e-03 
2.076886e-04 -9.252849e-03 
-6.608041e-04 -2.896732e-02 
9.424758e-02 2.463182e-01 
2.670522e-03 2.574058e-01 
-1.000562e-03 1.914957e-01 
2.158088e-03 6.428564e-02 
1.305040e-03 -3.356677e-02 
-2.853703e-03 -1.231614e-01 
2.589962e-01 3.364340e-01 
8.606530e-03 3.479065e-01 
-7.997764e-04 2.669826e-01 
8.135360e-04 1.079749e-01 
1.350956e-03 -7.303789e-03 
-2.159592e-03 -1.012249e-01 
4.213479e-01 2.858681e-01 
2.595521e-02 2.911653e-01 
1.953806e-03 2.307025e-01 
-4.704157e-03 1.358740e-01 
-7.280124e-04 8.892043e-02 
1.155469e-03 6.629473e-02 
1.685484e-01 2.838808e-01 
6.746165e-03 2.403308e-01 
-6.069283e-03 9.502088e-02 
5.475934e-03 -4.676516e-02 
2.268607e-03 -1.023495e-01 
-1.261724e-03 -1.066567e-01 
7.963974e-02 -1.260627e-01 
-2.893175e-03 3.734114e-02 
-4.865641e-03 4.038406e-02 
4.709304e-03 -4.930053e-02 
1.787730e-03 -6.487087e-02 
-2.657814e-04 -4.676384e-02 
