poroelastic
3.352562e-02 -2.896920e-01 
1.189739e-02 -4.399406e-01 
-3.147249e-02 -3.780243e-01 
-1.002782e-02 -6.137789e-02 
1.033537e-02 2.215726e-01 
2.935246e-02 4.667488e-01 
-2.822344e-02 8.266798e-02 
1.978813e-02 -1.371725e-01 
3.269488e-03 -2.347241e-01 
-7.803416e-03 -1.447867e-01 
-1.817264e-03 -2.113138e-02 
7.682238e-03 1.255999e-01 
-2.409357e-02 4.464552e-01 
2.007133e-02 1.333709e-01 
2.436378e-02 -1.241375e-01 
-8.004735e-03 -2.157060e-01 
-9.832281e-03 -1.843881e-01 
-4.051125e-03 -6.696255e-02 
3.717376e-01 7.648800e-01 
-2.778727e-02 3.759239e-01 
-4.895935e-03 8.180696e-02 
-2.433159e-03 -2.976735e-02 
-7.874554e-04 -1.303593e-03 
7.017444e-03 1.165337e-01 
1.179291e+00 7.947270e-01 
-4.346470e-02 5.572572e-01 
-6.405451e-02 3.647852e-01 
1.560226e-03 3.598301e-01 
1.785678e-02 4.168164e-01 
2.842184e-02 4.932708e-01 
1.308050e+00 -6.743926e-01 
2.548012e-01 -9.545617e-01 
5.338377e-02 -7.781262e-01 
-5.701680e-03 -4.482286e-01 
-9.221090e-03 -2.651802e-01 
-1.123890e-02 -2.263127e-01 
6.746218e-01 -7.710961e-01 
5.066944e-02 -7.024138e-01 
5.147130e-03 -4.227691e-01 
-2.046361e-03 -5.316834e-02 
2.619933e-03 7.307527e-02 
-3.182374e-04 -7.319455e-03 
2.388103e-01 -5.754765e-01 
1.539518e-02 -4.503131e-01 
-4.899280e-03 -2.005834e-01 
-1.286517e-03 9.676005e-02 
4.508693e-03 1.550723e-01 
6.473612e-04 1.630361e-02 
5.028885e-02 -3.013767e-01 
5.118898e-03 -2.522103e-01 
-6.514509e-03 -1.099433e-01 
-2.106257e-03 8.648061e-02 
3.230530e-03 1.384746e-01 
2.658548e-03 6.962286e-02 
1.443879e-03 -5.332058e-02 
5.699488e-03 -1.266660e-01 
5.318128e-04 -1.432967e-01 
-2.640084e-03 -6.540019e-02 
-5.071653e-04 1.858124e-02 
3.846064e-03 1.000675e-01 
-3.828034e-02 2.201000e-01 
8.144586e-03 2.257141e-02 
1.167794e-02 -1.698390e-01 
-1.270312e-03 -2.425500e-01 
-4.783302e-03 -1.576740e-01 
1.533958e-03 3.963593e-02 
3.779275e-02 5.454710e-01 
1.809902e-03 2.463815e-01 
1.296224e-02 -8.061867e-02 
-5.150818e-04 -2.808359e-01 
-6.077234e-03 -2.195292e-01 
9.993708e-04 2.678438e-02 
4.812539e-01 8.235086e-01 
-1.369764e-02 5.092116e-01 
-1.459010e-03 1.501384e-01 
-1.628197e-03 -9.854188e-02 
-3.209446e-03 -7.485762e-02 
4.555004e-03 1.345540e-01 
1.229792e+00 7.762193e-01 
7.214375e-02 7.477297e-01 
-2.375862e-02 4.918927e-01 
-1.416666e-02 3.074476e-01 
-2.901167e-04 3.076168e-01 
1.202687e-02 4.261687e-01 
1.286005e+00 -6.868181e-01 
1.364794e-01 -8.210424e-01 
2.897415e-02 -6.894382e-01 
1.848988e-02 -5.214217e-01 
1.778528e-03 -3.938982e-01 
-6.343325e-03 -3.176218e-01 
5.800348e-01 -7.298633e-01 
1.661160e-02 -5.884287e-01 
9.141580e-03 -3.551901e-01 
3.694289e-03 -1.187413e-01 
6.686718e-04 -2.043315e-02 
-7.525562e-04 -4.959287e-02 
1.410088e-01 -4.763817e-01 
7.196024e-03 -3.187691e-01 
2.261929e-03 -1.170731e-01 
-4.286785e-03 6.658504e-02 
-5.013592e-04 1.115036e-01 
3.234539e-04 2.453501e-02 
8.292097e-03 -1.728014e-01 
2.803767e-03 -9.677599e-02 
-4.929165e-04 -1.003365e-02 
-4.169141e-03 6.534774e-02 
-8.949843e-04 9.062419e-02 
6.671560e-04 5.376328e-02 
-5.346451e-03 8.649888e-02 
-2.046871e-03 3.589852e-02 
1.655658e-03 -5.158835e-02 
3.445122e-03 -1.173441e-01 
-2.441391e-04 -7.619561e-02 
3.190576e-04 2.476331e-02 
-2.376473e-02 3.588142e-01 
-8.106409e-03 1.757809e-01 
2.965142e-03 -8.605470e-02 
1.228881e-02 -2.970412e-01 
9.606404e-04 -2.480763e-01 
-2.772085e-04 -2.053742e-02 
1.260001e-01 6.529562e-01 
-1.108820e-02 3.847529e-01 
-8.238926e-04 1.102784e-02 
1.292580e-02 -3.080363e-01 
7.978602e-04 -2.685622e-01 
3.173522e-04 2.586187e-02 
6.303671e-01 8.545283e-01 
4.184595e-03 6.258622e-01 
-6.624756e-03 2.345834e-01 
2.837364e-03 -1.282563e-01 
-2.003513e-03 -1.133204e-01 
1.473393e-03 1.696184e-01 
1.275734e+00 7.411432e-01 
1.737241e-01 8.579120e-01 
1.931207e-03 5.519880e-01 
-2.632389e-02 2.265306e-01 
-1.255039e-02 2.189771e-01 
1.323903e-03 4.415071e-01 
1.491027e+00 -7.226670e-01 
-3.835964e-02 -7.122641e-01 
-1.683807e-02 -7.082863e-01 
6.861033e-02 -7.422255e-01 
2.443695e-02 -6.205943e-01 
1.174256e-03 -3.942879e-01 
