poroelastic
-8.283784e-02 3.803753e-01 
-6.577324e-02 5.741830e-01 
-2.066429e-02 5.482279e-01 
9.054769e-03 3.006309e-01 
2.852573e-03 7.764198e-02 
-4.813616e-03 -1.367350e-01 
4.593119e-02 4.858537e-02 
-2.837320e-02 2.609755e-01 
-6.001502e-03 3.050785e-01 
5.381863e-03 1.653509e-01 
3.926395e-04 5.618838e-03 
-4.951078e-03 -1.432430e-01 
-1.473719e-02 -3.118878e-01 
-4.656974e-03 -5.028630e-02 
-5.520259e-03 1.041961e-01 
3.019757e-03 1.039121e-01 
1.095686e-03 3.067098e-02 
-1.627091e-03 -4.675508e-02 
-2.996808e-01 -5.870059e-01 
2.353711e-02 -2.271316e-01 
9.901688e-03 -2.939730e-02 
7.923188e-04 -1.102806e-02 
-1.817510e-03 -6.799937e-02 
-4.554548e-03 -1.302769e-01 
-7.226266e-01 -6.264902e-01 
3.085845e-02 -2.880180e-01 
3.316444e-02 -1.363029e-01 
-5.150779e-04 -1.921764e-01 
-5.751288e-03 -2.465088e-01 
-8.730781e-03 -2.751974e-01 
-7.954068e-01 6.752217e-01 
-1.409907e-01 8.344159e-01 
-1.298411e-02 5.610223e-01 
3.415195e-03 1.453305e-01 
-7.425956e-04 -7.733517e-02 
-3.250456e-03 -1.351042e-01 
-6.445858e-01 7.642846e-01 
-5.259323e-02 7.502324e-01 
-6.911442e-03 4.641361e-01 
2.256521e-03 4.577237e-02 
-6.443070e-04 -1.191430e-01 
-1.710086e-03 -9.924020e-02 
-3.526799e-01 6.598619e-01 
-2.979197e-02 6.519897e-01 
-5.592729e-03 3.935878e-01 
2.990962e-03 -1.846216e-03 
1.539479e-04 -1.476884e-01 
-1.317690e-03 -1.036686e-01 
-1.385897e-01 4.412078e-01 
-2.325562e-02 4.973543e-01 
-7.518867e-03 3.375498e-01 
1.546277e-03 4.272524e-02 
4.811697e-04 -8.482320e-02 
-8.013493e-04 -7.366146e-02 
-9.038193e-04 1.802198e-01 
-1.837724e-02 2.968289e-01 
-1.321878e-02 2.977096e-01 
-2.776405e-03 1.728610e-01 
6.378883e-05 7.436759e-02 
1.461037e-04 1.313342e-02 
6.605865e-02 -1.185646e-01 
-7.927976e-03 5.065730e-02 
-1.337978e-02 1.982354e-01 
-4.096867e-03 2.301902e-01 
2.523254e-04 1.589216e-01 
3.324105e-04 2.958877e-02 
-6.193662e-02 -4.329690e-01 
4.479529e-03 -1.958241e-01 
-5.722199e-03 4.221085e-02 
-2.255611e-03 1.693431e-01 
6.300473e-04 1.202975e-01 
-4.490069e-04 -4.432351e-02 
-4.617039e-01 -6.364261e-01 
1.254476e-02 -3.640727e-01 
8.271085e-03 -1.333496e-01 
3.047683e-03 -1.051855e-02 
1.743571e-03 -4.842015e-02 
-1.511919e-03 -1.971311e-01 
-8.521701e-01 -5.650530e-01 
-3.819699e-02 -4.420357e-01 
1.643924e-02 -2.847015e-01 
1.207504e-02 -2.218983e-01 
4.606057e-03 -2.315785e-01 
-7.788739e-04 -2.945376e-01 
-7.187176e-01 6.595113e-01 
-7.889002e-02 6.485298e-01 
-1.547226e-02 4.085413e-01 
-5.538000e-03 1.625994e-01 
-5.677384e-04 3.318462e-02 
-1.586489e-05 3.303775e-03 
-5.472090e-01 6.620664e-01 
-1.994791e-02 5.713978e-01 
-1.210968e-02 3.529683e-01 
-5.405650e-03 1.054490e-01 
-1.122308e-03 1.544246e-02 
-6.434376e-04 6.384488e-02 
-2.379212e-01 5.112249e-01 
-1.093983e-02 4.773861e-01 
-1.177541e-02 2.970929e-01 
-2.973894e-04 4.502967e-02 
2.074249e-03 -6.555423e-02 
3.643335e-04 -2.842794e-02 
-5.582487e-02 2.687664e-01 
-6.104464e-03 2.939260e-01 
-8.680702e-03 2.158787e-01 
-1.077925e-03 5.814720e-02 
1.696613e-03 -4.068118e-02 
6.282601e-04 -4.540068e-02 
2.530703e-02 -8.446565e-03 
4.692909e-03 6.478372e-02 
-3.976650e-03 1.446850e-01 
-1.073864e-02 1.697483e-01 
-4.309669e-03 1.270282e-01 
-1.027724e-03 7.626230e-02 
1.384588e-02 -2.975724e-01 
1.158793e-02 -1.822579e-01 
1.369633e-03 1.895531e-02 
-1.317544e-02 1.928269e-01 
-6.566389e-03 1.998924e-01 
-1.466218e-03 1.118081e-01 
-2.208124e-01 -5.394721e-01 
9.471599e-03 -3.886155e-01 
6.823246e-03 -1.468861e-01 
-5.911907e-03 8.796626e-02 
-3.318861e-03 1.179916e-01 
-9.751371e-05 6.810574e-03 
-6.685325e-01 -5.959142e-01 
-1.710413e-02 -4.790790e-01 
7.466029e-03 -2.858720e-01 
1.052930e-02 -9.809664e-02 
5.984719e-03 -8.751643e-02 
3.829827e-03 -2.160834e-01 
-8.610004e-01 -4.768830e-01 
-1.023481e-01 -5.066520e-01 
-7.978266e-04 -3.314537e-01 
2.078908e-02 -1.819569e-01 
1.205401e-02 -1.797821e-01 
7.050894e-03 -2.982035e-01 
-9.827437e-01 5.413644e-01 
-3.472827e-03 5.171483e-01 
9.206951e-03 4.900704e-01 
-4.832229e-02 4.861086e-01 
-2.435738e-02 4.047228e-01 
-8.349344e-03 2.736217e-01 
