poroelastic
3.220580e-02 -2.650657e-01 
9.857258e-03 -3.874163e-01 
-2.584332e-02 -3.215503e-01 
-7.559963e-03 -6.599502e-02 
9.783586e-03 1.427471e-01 
2.459100e-02 3.208328e-01 
6.482467e-03 8.555562e-02 
-2.969099e-03 -5.029717e-02 
-1.083380e-02 -8.378016e-02 
-1.343111e-03 -7.642244e-03 
4.220193e-03 6.193999e-02 
9.399716e-03 1.253925e-01 
8.350409e-02 3.905306e-01 
-2.969560e-03 1.955881e-01 
6.190658e-03 4.144886e-02 
-1.826557e-03 -3.218987e-02 
-3.398564e-03 -4.828739e-02 
-2.007167e-03 -2.710129e-02 
3.426699e-01 5.878399e-01 
-2.230011e-02 3.120860e-01 
-5.999564e-03 1.156266e-01 
1.894227e-03 3.891335e-02 
2.238533e-03 3.512046e-02 
5.399148e-03 7.352784e-02 
7.079236e-01 5.896516e-01 
-1.276417e-02 3.808382e-01 
-2.747727e-02 2.123359e-01 
7.260879e-03 1.963354e-01 
1.306055e-02 2.077384e-01 
1.585331e-02 2.242678e-01 
8.327143e-01 -6.075191e-01 
1.230002e-01 -7.133264e-01 
7.486024e-03 -5.068006e-01 
-9.517112e-03 -2.025996e-01 
-2.067977e-03 -3.529522e-02 
2.736631e-04 4.344883e-03 
5.504364e-01 -6.657900e-01 
2.741652e-02 -5.931181e-01 
-5.257775e-03 -3.633883e-01 
-3.576063e-03 -5.362309e-02 
3.651508e-03 7.631777e-02 
3.041682e-03 5.324296e-02 
2.186494e-01 -5.314678e-01 
6.362234e-03 -4.418148e-01 
-1.012809e-02 -2.298314e-01 
-1.107270e-03 4.798524e-02 
6.294124e-03 1.469357e-01 
5.300947e-03 9.859696e-02 
4.768686e-02 -2.934033e-01 
5.324441e-04 -2.634163e-01 
-9.287961e-03 -1.322099e-01 
-6.635195e-04 5.873688e-02 
5.275448e-03 1.312131e-01 
5.736233e-03 1.092668e-01 
6.041400e-04 -3.424512e-02 
9.311816e-04 -7.723316e-02 
-2.676772e-03 -7.232764e-02 
-1.426536e-03 -1.310374e-02 
9.362119e-04 2.979118e-02 
3.205659e-03 6.074070e-02 
2.604540e-02 2.516539e-01 
7.781275e-04 1.435057e-01 
4.074115e-03 1.968101e-02 
-1.460734e-03 -6.693453e-02 
-3.058563e-03 -6.959494e-02 
-5.266610e-04 -9.950123e-03 
1.854484e-01 5.183978e-01 
-3.329749e-03 3.462192e-01 
4.731465e-03 1.289388e-01 
-9.396279e-04 -5.536946e-02 
-3.659364e-03 -8.475599e-02 
-2.574772e-04 -5.022900e-03 
5.374839e-01 6.744684e-01 
-5.002292e-03 4.821501e-01 
-2.867843e-03 2.432456e-01 
9.806750e-05 5.172414e-02 
1.170061e-04 2.372385e-02 
4.878554e-03 1.029760e-01 
8.480301e-01 6.257726e-01 
6.284049e-02 5.864038e-01 
-6.246119e-03 3.678210e-01 
-9.529184e-04 2.016850e-01 
3.432695e-03 1.556958e-01 
7.670797e-03 1.848984e-01 
7.907745e-01 -6.041202e-01 
5.878743e-02 -5.657288e-01 
5.626485e-03 -3.989254e-01 
8.279023e-04 -2.443144e-01 
-2.261487e-03 -1.423721e-01 
-3.357583e-03 -1.007837e-01 
4.737592e-01 -6.111703e-01 
2.634351e-03 -4.577528e-01 
1.494672e-03 -2.780680e-01 
1.037173e-03 -1.072197e-01 
-7.424797e-05 -3.227125e-02 
-1.371441e-03 -4.770630e-02 
1.220082e-01 -4.309178e-01 
7.488197e-04 -2.991961e-01 
-2.970207e-04 -1.338998e-01 
-2.972687e-03 3.387050e-02 
7.661738e-04 1.033861e-01 
2.137392e-03 7.874757e-02 
-3.877831e-04 -1.588931e-01 
5.680134e-04 -9.530470e-02 
-1.092781e-03 -1.589947e-02 
-3.093562e-03 6.656135e-02 
6.313205e-04 1.086862e-01 
2.753905e-03 1.034606e-01 
9.269246e-03 1.247796e-01 
2.368071e-04 1.114870e-01 
4.074160e-05 4.879539e-02 
2.637689e-04 -2.350652e-02 
-5.182854e-04 -2.702988e-02 
2.022312e-04 7.461496e-03 
7.865333e-02 4.148378e-01 
-4.372221e-04 3.263380e-01 
3.306728e-04 1.250876e-01 
4.058911e-03 -1.036893e-01 
-1.200804e-03 -1.566419e-01 
-2.486257e-03 -9.017495e-02 
2.993983e-01 6.578684e-01 
2.601537e-03 5.206026e-01 
-1.010978e-03 2.372614e-01 
4.137251e-03 -8.591511e-02 
-1.140880e-03 -1.623549e-01 
-1.724734e-03 -6.629295e-02 
7.341576e-01 7.486616e-01 
2.891371e-02 6.496038e-01 
-1.251810e-03 3.650804e-01 
-2.214580e-03 4.423242e-02 
-1.694695e-03 -1.373001e-02 
2.378168e-03 1.082209e-01 
9.639316e-01 6.675203e-01 
1.411657e-01 7.651431e-01 
5.582206e-03 4.791212e-01 
-8.169002e-03 1.496407e-01 
-2.845420e-03 7.092927e-02 
2.664758e-03 1.673126e-01 
9.194614e-01 -5.783023e-01 
-3.964138e-02 -3.851596e-01 
-1.989975e-02 -3.542778e-01 
2.953502e-02 -4.314750e-01 
7.896290e-03 -3.726199e-01 
-2.324343e-03 -2.369563e-01 
