poroelastic
3.158327e-03 2.339958e-01 
2.579658e-02 3.258818e-01 
5.246548e-02 2.043459e-01 
-6.197728e-03 -1.262452e-01 
-2.156393e-02 -3.854151e-01 
-2.995282e-02 -5.795847e-01 
-4.219744e-03 -1.165298e-01 
-7.402736e-05 2.580505e-02 
5.580428e-03 8.961344e-02 
1.788513e-03 3.668510e-02 
-1.834141e-03 -3.207681e-02 
-5.684407e-03 -1.136629e-01 
1.130729e-02 -4.152769e-01 
-1.766216e-02 -1.972452e-01 
-2.374197e-02 4.137462e-02 
1.001832e-02 1.903443e-01 
1.127393e-02 2.184836e-01 
7.613167e-03 1.545862e-01 
-4.033780e-01 -6.709066e-01 
2.539609e-02 -4.206144e-01 
2.874084e-03 -1.672092e-01 
-6.627605e-04 -1.382078e-02 
3.270705e-05 1.534840e-03 
-3.908676e-03 -7.948342e-02 
-1.389282e+00 -6.323632e-01 
4.256332e-02 -5.794046e-01 
6.677677e-02 -4.971620e-01 
-1.785643e-02 -5.113001e-01 
-2.636212e-02 -5.621190e-01 
-2.889848e-02 -6.152039e-01 
-1.157888e+00 5.402572e-01 
-2.125486e-01 7.842955e-01 
-3.980092e-02 6.458857e-01 
1.011661e-02 3.974722e-01 
1.080911e-02 3.026813e-01 
1.372768e-02 3.511652e-01 
-3.198925e-01 6.196139e-01 
-7.601108e-03 4.581169e-01 
8.997394e-03 1.579893e-01 
-2.777380e-03 -1.584840e-01 
-5.995034e-03 -1.962451e-01 
-8.789211e-05 -2.685821e-03 
8.315710e-03 3.696662e-01 
5.817191e-03 1.607761e-01 
1.093971e-02 -9.825645e-02 
-4.121463e-03 -3.051210e-01 
-6.171566e-03 -2.386312e-01 
1.330489e-03 4.633700e-02 
4.200409e-02 1.361617e-01 
8.295363e-03 1.933121e-02 
8.971250e-03 -1.347800e-01 
-2.516790e-03 -2.551968e-01 
-4.519892e-03 -1.951805e-01 
1.833333e-04 6.731640e-03 
-1.162817e-03 7.204423e-03 
2.591529e-03 3.239881e-02 
4.429565e-03 1.164022e-02 
5.924364e-04 -5.801811e-02 
-1.574570e-03 -9.101274e-02 
-2.631349e-03 -9.478263e-02 
1.441089e-02 -1.469283e-01 
-2.812344e-03 3.147418e-03 
-2.560703e-03 1.291372e-01 
2.335154e-03 1.509706e-01 
2.050154e-03 6.724622e-02 
-2.662214e-03 -9.524126e-02 
-4.660560e-02 -3.752799e-01 
-9.775048e-04 -1.532360e-01 
-3.805299e-03 8.082899e-02 
2.579444e-03 1.997471e-01 
3.067175e-03 1.223541e-01 
-2.555638e-03 -9.756362e-02 
-4.516210e-01 -5.949400e-01 
2.419960e-03 -3.993026e-01 
3.078171e-03 -1.468659e-01 
1.640315e-03 2.269723e-02 
8.817992e-04 -1.047835e-02 
-4.182633e-03 -1.845991e-01 
-1.267151e+00 -5.360750e-01 
-1.046128e-01 -6.433509e-01 
1.234450e-02 -5.232454e-01 
1.006748e-02 -4.272233e-01 
-1.181849e-03 -4.422661e-01 
-9.025152e-03 -5.258448e-01 
-1.100047e+00 5.567890e-01 
-1.003253e-01 6.849139e-01 
-9.979282e-03 5.738099e-01 
-1.119567e-02 4.385417e-01 
-2.829445e-03 3.770993e-01 
3.220669e-03 3.771141e-01 
-2.886025e-01 5.765601e-01 
-2.526733e-03 3.918453e-01 
-2.659349e-03 1.434053e-01 
2.550982e-03 -6.734583e-02 
5.359070e-04 -1.064058e-01 
-6.761987e-06 -1.942862e-03 
2.209997e-02 3.031605e-01 
-6.733090e-03 1.041590e-01 
-6.206653e-04 -1.044254e-01 
7.376934e-03 -2.298528e-01 
1.553403e-03 -1.905618e-01 
-1.077523e-05 -9.077790e-03 
3.295451e-02 7.507553e-02 
-5.309191e-03 -3.867608e-02 
6.215046e-05 -1.507379e-01 
6.490856e-03 -1.986660e-01 
1.712056e-03 -1.609278e-01 
-2.061343e-05 -4.448030e-02 
-7.012969e-03 -4.732050e-02 
-1.008909e-03 -2.413790e-02 
-5.658419e-04 4.579206e-05 
9.992078e-04 1.599645e-02 
9.752459e-04 -2.018624e-02 
-1.020074e-04 -8.493832e-02 
2.249306e-02 -2.067081e-01 
6.146955e-03 -6.230677e-02 
8.554533e-04 1.047799e-01 
-6.250350e-03 2.179581e-01 
-7.813495e-04 1.470229e-01 
-8.907685e-05 -5.639863e-02 
-7.143630e-02 -4.219237e-01 
6.443471e-03 -2.276133e-01 
3.475887e-03 3.032638e-02 
-7.488019e-03 2.390152e-01 
-1.446055e-03 1.855841e-01 
8.113159e-06 -6.141805e-02 
-4.943196e-01 -5.881471e-01 
-1.803293e-02 -4.645016e-01 
2.647720e-03 -1.964870e-01 
-7.034651e-04 6.664713e-02 
9.322166e-04 5.702978e-02 
5.552081e-04 -1.496363e-01 
-1.202122e+00 -4.580254e-01 
-2.114012e-01 -6.668864e-01 
-2.456506e-02 -5.279902e-01 
2.901848e-02 -3.429404e-01 
1.566488e-02 -3.565414e-01 
4.701802e-03 -5.162373e-01 
-1.192601e+00 6.773627e-01 
4.901742e-02 6.795642e-01 
2.432803e-02 6.097273e-01 
-4.204067e-02 5.401844e-01 
-1.735043e-02 4.154291e-01 
-3.735213e-03 2.402434e-01 
