poroelastic
3.884123e-03 -1.292332e-01 
-5.687542e-03 -1.898609e-01 
-2.764676e-02 -1.286429e-01 
-6.073490e-03 6.851039e-02 
2.823638e-03 2.291267e-01 
1.025423e-02 3.443283e-01 
-1.830887e-02 -2.601018e-03 
1.403465e-02 -1.073720e-01 
5.001865e-03 -1.425084e-01 
-1.627380e-03 -7.152653e-02 
-4.135435e-04 3.978683e-03 
2.127340e-03 7.515292e-02 
-9.299298e-02 1.370248e-01 
2.331517e-02 -7.179059e-03 
2.549704e-02 -1.448291e-01 
6.505353e-04 -1.904686e-01 
-2.855540e-03 -1.597088e-01 
-2.125261e-03 -7.556958e-02 
1.574462e-01 3.161975e-01 
-1.854910e-02 1.759031e-01 
-3.473927e-03 3.864765e-02 
-1.076141e-03 -2.848255e-02 
-7.564948e-04 -7.049368e-03 
2.178556e-03 7.653492e-02 
9.141637e-01 3.302796e-01 
-6.040870e-02 3.114986e-01 
-6.954785e-02 3.122740e-01 
-1.203198e-02 3.531736e-01 
2.909760e-03 4.118978e-01 
1.224733e-02 4.726623e-01 
7.654031e-01 -1.792019e-01 
2.026956e-01 -4.430477e-01 
6.524789e-02 -4.464037e-01 
1.508041e-02 -3.569123e-01 
1.230415e-03 -3.305824e-01 
-6.387010e-03 -3.634055e-01 
8.582270e-02 -2.548619e-01 
7.193442e-03 -2.005210e-01 
-6.701662e-03 -4.189718e-02 
-5.187385e-03 1.345883e-01 
-2.468119e-04 1.448480e-01 
2.128142e-04 2.008551e-02 
-8.198622e-02 -9.890869e-02 
-9.567070e-03 1.800522e-02 
-1.528825e-02 1.513745e-01 
-7.575568e-03 2.337492e-01 
-2.813012e-04 1.538376e-01 
-3.320913e-04 -5.691229e-02 
-4.280942e-02 4.221469e-04 
-9.441994e-03 7.623068e-02 
-1.147809e-02 1.485430e-01 
-5.175030e-03 1.720597e-01 
6.527209e-05 9.291017e-02 
-2.644944e-04 -7.072336e-02 
1.593586e-03 -1.970581e-02 
8.010791e-04 -3.502593e-02 
-1.862052e-03 -1.990323e-02 
-2.726881e-03 2.578777e-02 
-1.232773e-03 5.192838e-02 
2.234232e-04 5.759360e-02 
-5.746826e-02 -4.701291e-02 
1.169412e-02 -1.530944e-01 
1.241519e-02 -2.096312e-01 
3.638100e-03 -1.629694e-01 
-8.367259e-04 -5.347624e-02 
4.123656e-04 9.901072e-02 
-1.363650e-01 1.636728e-02 
1.221559e-02 -1.363955e-01 
1.604626e-02 -2.504858e-01 
6.056033e-03 -2.336826e-01 
-5.333654e-04 -1.002440e-01 
3.675015e-04 1.169900e-01 
4.458854e-02 1.571063e-01 
-1.451722e-03 3.052105e-02 
3.394547e-03 -8.814053e-02 
5.037209e-04 -1.092174e-01 
-2.161720e-03 -1.140797e-02 
9.693889e-05 1.712712e-01 
6.924172e-01 1.593739e-01 
3.821682e-02 2.317584e-01 
-2.343964e-02 2.355036e-01 
-2.623745e-02 2.609445e-01 
-1.254489e-02 3.329175e-01 
-1.924662e-03 4.341088e-01 
6.895413e-01 -1.579180e-01 
1.053944e-01 -3.770192e-01 
2.922334e-02 -3.931818e-01 
3.144973e-02 -3.534793e-01 
1.538005e-02 -3.452285e-01 
4.470888e-03 -3.529326e-01 
4.283310e-02 -2.007089e-01 
8.576243e-03 -1.542428e-01 
1.662693e-03 -2.424212e-02 
-9.633934e-03 1.011229e-01 
-4.904453e-03 1.188758e-01 
-9.162172e-04 5.087692e-02 
-7.459643e-02 -5.399377e-02 
2.785779e-03 4.005267e-02 
-7.669385e-03 1.451438e-01 
-1.415934e-02 1.873369e-01 
-4.629176e-03 1.290732e-01 
2.986887e-04 -1.431136e-02 
-2.103804e-02 4.945271e-03 
3.171292e-05 6.679508e-02 
-6.879941e-03 1.261776e-01 
-7.802923e-03 1.234102e-01 
-1.546781e-03 6.147175e-02 
1.112786e-03 -5.025346e-02 
-4.156401e-03 -5.390122e-02 
2.977624e-03 -7.383631e-02 
3.374182e-03 -5.648759e-02 
3.116541e-05 -2.495285e-02 
-1.399962e-03 1.283396e-02 
-1.180357e-03 5.412911e-02 
-1.007324e-01 -9.242026e-02 
1.791636e-03 -1.882479e-01 
1.210114e-02 -2.253350e-01 
1.084619e-02 -1.841658e-01 
1.194357e-03 -7.321203e-02 
-1.977164e-03 9.329733e-02 
-1.814869e-01 -4.042383e-02 
-1.261310e-03 -1.659020e-01 
1.220274e-02 -2.421649e-01 
1.394056e-02 -2.242228e-01 
2.127947e-03 -1.011498e-01 
-2.363994e-03 1.070022e-01 
-4.047670e-02 6.357562e-02 
-2.951336e-03 -3.035608e-02 
6.103612e-03 -1.094263e-01 
6.095777e-03 -1.248382e-01 
-1.095197e-03 -3.562983e-02 
-3.457986e-03 1.379711e-01 
5.293142e-01 3.667053e-03 
9.517244e-02 1.120163e-01 
1.120560e-02 1.652790e-01 
-3.710289e-02 2.215689e-01 
-2.487475e-02 3.079719e-01 
-1.298848e-02 4.281174e-01 
6.814949e-01 -2.679824e-01 
1.132169e-02 -4.691290e-01 
7.890654e-03 -4.386953e-01 
3.902107e-02 -3.183377e-01 
1.816234e-02 -2.420275e-01 
5.937872e-03 -1.616524e-01 
