poroelastic
-5.270701e-02 4.129315e-01 
-2.840098e-02 6.066689e-01 
2.139218e-02 5.000794e-01 
4.847780e-03 9.177629e-02 
-7.702755e-03 -2.336446e-01 
-1.645226e-02 -4.922244e-01 
5.083604e-03 -4.442844e-02 
-5.640933e-03 1.809220e-01 
1.078501e-02 2.129718e-01 
1.734000e-03 4.056771e-02 
-3.438587e-03 -1.120933e-01 
-7.698632e-03 -2.433209e-01 
-4.495574e-02 -4.684789e-01 
-1.544735e-03 -1.771676e-01 
-1.054430e-02 3.471951e-02 
2.659964e-03 1.036418e-01 
2.937040e-03 9.740767e-02 
1.378792e-03 4.435818e-02 
-4.445642e-01 -8.042289e-01 
3.632087e-02 -4.163029e-01 
8.661883e-03 -1.495963e-01 
-7.640892e-04 -4.112969e-02 
-7.565374e-04 -2.986608e-02 
-2.613396e-03 -8.311022e-02 
-1.299602e+00 -8.266531e-01 
5.919398e-02 -5.340061e-01 
6.223136e-02 -3.767882e-01 
-2.685688e-03 -4.119207e-01 
-1.147554e-02 -4.629135e-01 
-1.505717e-02 -5.110309e-01 
-1.337507e+00 7.616679e-01 
-2.685621e-01 1.073648e+00 
-5.149706e-02 8.479848e-01 
1.227824e-03 4.393757e-01 
3.227142e-03 2.232849e-01 
3.849302e-03 1.808555e-01 
-6.674193e-01 8.778359e-01 
-4.482409e-02 7.980282e-01 
-3.318027e-03 4.547059e-01 
2.417729e-03 -9.632750e-03 
-1.345564e-03 -1.779586e-01 
-1.471354e-03 -1.020069e-01 
-2.137921e-01 6.528575e-01 
-1.522604e-02 5.114247e-01 
5.025378e-03 2.006225e-01 
4.690524e-03 -1.760003e-01 
-4.545919e-04 -2.574033e-01 
-9.190029e-04 -9.393230e-02 
-4.213605e-02 3.474432e-01 
-6.932281e-03 2.898840e-01 
4.954572e-03 9.542030e-02 
4.657105e-03 -1.572575e-01 
3.170116e-04 -2.071212e-01 
-6.584036e-04 -8.340981e-02 
-8.908412e-04 9.794216e-02 
-6.421050e-03 1.733511e-01 
-1.896597e-03 1.462418e-01 
1.412238e-03 2.034049e-02 
6.389232e-04 -5.854353e-02 
-7.191893e-04 -8.665237e-02 
3.120713e-02 -1.693605e-01 
-3.319937e-03 2.552377e-02 
-7.239099e-03 1.686709e-01 
-2.218189e-03 1.829232e-01 
6.439500e-04 8.799831e-02 
-6.464389e-04 -7.627349e-02 
-6.977459e-02 -4.714170e-01 
4.098143e-03 -1.899339e-01 
-4.861535e-03 7.621039e-02 
-2.459216e-03 2.059922e-01 
7.252903e-04 1.232849e-01 
-7.431605e-04 -1.077772e-01 
-4.976926e-01 -7.179145e-01 
1.124599e-02 -4.176255e-01 
5.696707e-03 -1.234516e-01 
1.945187e-03 4.383236e-02 
1.988084e-03 -1.569565e-02 
-8.892270e-04 -2.339394e-01 
-1.204794e+00 -6.820428e-01 
-6.932811e-02 -6.212974e-01 
1.767514e-02 -4.192195e-01 
1.888426e-02 -3.111460e-01 
8.066076e-03 -3.505420e-01 
6.708010e-04 -4.872282e-01 
-1.162838e+00 6.819742e-01 
-1.294149e-01 8.283189e-01 
-2.396714e-02 6.721575e-01 
-2.292727e-02 4.693142e-01 
-9.502841e-03 3.325629e-01 
-2.580425e-03 2.539999e-01 
-5.190713e-01 7.228911e-01 
-1.214441e-02 5.792672e-01 
-1.128013e-02 3.306767e-01 
-2.591773e-03 7.474558e-02 
8.405173e-04 -3.007657e-02 
7.292224e-05 -4.690881e-03 
-9.834954e-02 4.824544e-01 
-1.211642e-02 3.231013e-01 
-6.921150e-03 9.492051e-02 
1.035252e-02 -1.236841e-01 
6.680020e-03 -1.860820e-01 
1.901722e-03 -1.035523e-01 
2.593677e-03 1.958057e-01 
-8.941373e-03 1.194743e-01 
-3.312009e-03 -7.322411e-03 
1.044162e-02 -1.309484e-01 
6.585126e-03 -1.714571e-01 
2.367456e-03 -1.217933e-01 
5.945806e-03 -3.042519e-02 
1.585361e-03 1.945188e-02 
-1.636766e-03 5.978341e-02 
-3.221843e-03 7.322509e-02 
-3.753877e-04 2.751099e-02 
7.412896e-04 -3.940901e-02 
2.606760e-02 -2.824936e-01 
1.257768e-02 -1.250446e-01 
2.347549e-03 7.530828e-02 
-1.507663e-02 2.345955e-01 
-6.764553e-03 1.980930e-01 
-5.857809e-04 3.172466e-02 
-1.328062e-01 -5.379534e-01 
1.225463e-02 -3.290698e-01 
6.938806e-03 -4.171649e-02 
-1.339511e-02 2.150507e-01 
-6.441092e-03 1.981800e-01 
3.146900e-04 -1.573594e-02 
-6.164884e-01 -6.661181e-01 
-1.643557e-02 -5.000390e-01 
4.669313e-03 -2.257716e-01 
2.508135e-03 2.570054e-02 
3.409045e-03 -1.604392e-03 
5.378460e-03 -2.325566e-01 
-1.164815e+00 -5.490474e-01 
-1.708842e-01 -6.518249e-01 
-1.336337e-02 -4.541519e-01 
3.250840e-02 -2.578613e-01 
2.110622e-02 -2.936804e-01 
1.402684e-02 -4.978745e-01 
-1.268669e+00 6.346287e-01 
3.358101e-02 6.637999e-01 
2.424102e-02 6.373331e-01 
-6.784645e-02 6.352806e-01 
-3.502689e-02 5.352348e-01 
-1.225751e-02 3.528849e-01 
