poroelastic
2.585716e-02 -2.530089e-01 
2.097200e-03 -3.643940e-01 
-3.120814e-02 -2.907960e-01 
-5.174884e-03 -3.895775e-02 
1.258990e-02 1.647958e-01 
2.726054e-02 3.374662e-01 
8.887740e-03 9.308371e-02 
-4.325290e-03 -3.262339e-02 
-1.066228e-02 -6.592046e-02 
-6.099537e-04 -1.785416e-03 
4.407298e-03 5.726528e-02 
9.179068e-03 1.151885e-01 
8.503018e-02 3.896364e-01 
-1.835498e-03 2.026830e-01 
7.360832e-03 4.764823e-02 
-2.213617e-03 -3.307516e-02 
-4.130572e-03 -5.319601e-02 
-2.616589e-03 -3.305460e-02 
3.498313e-01 5.770640e-01 
-2.189056e-02 3.170930e-01 
-6.298174e-03 1.232582e-01 
2.752821e-03 4.508440e-02 
3.018478e-03 4.115489e-02 
6.329057e-03 8.073503e-02 
7.176363e-01 5.749637e-01 
-1.037375e-02 3.878946e-01 
-2.747657e-02 2.253973e-01 
1.049026e-02 2.080294e-01 
1.500933e-02 2.152546e-01 
1.717556e-02 2.289209e-01 
8.129886e-01 -6.018880e-01 
1.119053e-01 -6.888565e-01 
3.233889e-03 -4.814898e-01 
-1.025863e-02 -1.877676e-01 
-1.996651e-03 -3.119195e-02 
4.346881e-05 6.424118e-04 
5.206165e-01 -6.546168e-01 
2.197593e-02 -5.690381e-01 
-8.271101e-03 -3.373741e-01 
-2.969893e-03 -3.755960e-02 
4.421552e-03 8.103165e-02 
3.131767e-03 5.056742e-02 
1.969083e-01 -5.165669e-01 
2.158651e-03 -4.171290e-01 
-1.207108e-02 -2.038646e-01 
3.391765e-04 6.289334e-02 
7.456859e-03 1.508095e-01 
5.727978e-03 9.739529e-02 
3.770012e-02 -2.802529e-01 
-2.633928e-03 -2.416528e-01 
-1.063715e-02 -1.093665e-01 
7.357577e-04 7.248660e-02 
6.414526e-03 1.360376e-01 
6.439906e-03 1.115322e-01 
2.808078e-04 -2.449667e-02 
-8.762883e-04 -5.981286e-02 
-3.907095e-03 -5.144957e-02 
-7.523060e-04 3.476491e-03 
1.685299e-03 3.918661e-02 
3.865427e-03 6.662718e-02 
3.342494e-02 2.577068e-01 
8.798689e-04 1.575086e-01 
4.097021e-03 3.871803e-02 
-1.641137e-03 -5.012694e-02 
-3.198640e-03 -6.201427e-02 
-5.762308e-04 -9.911819e-03 
1.996033e-01 5.226434e-01 
-2.500516e-03 3.584520e-01 
5.616087e-03 1.466174e-01 
-9.804318e-04 -3.780370e-02 
-3.818775e-03 -7.558638e-02 
-4.216153e-04 -7.451643e-03 
5.571074e-01 6.735184e-01 
-2.647979e-03 4.970765e-01 
-1.932470e-03 2.637549e-01 
1.505792e-03 7.198353e-02 
1.035412e-03 3.545750e-02 
5.297144e-03 1.002654e-01 
8.647144e-01 6.236751e-01 
6.875040e-02 6.020885e-01 
-4.318396e-03 3.889029e-01 
2.302082e-03 2.208556e-01 
5.186258e-03 1.637862e-01 
8.259576e-03 1.760374e-01 
7.803237e-01 -6.100412e-01 
5.199396e-02 -5.497889e-01 
2.644970e-03 -3.764387e-01 
-1.495366e-03 -2.250702e-01 
-3.161808e-03 -1.328195e-01 
-4.228141e-03 -1.072983e-01 
4.527525e-01 -6.096594e-01 
8.483743e-04 -4.433866e-01 
-6.630643e-04 -2.566024e-01 
-4.397353e-05 -8.751126e-02 
-6.921132e-05 -2.157921e-02 
-1.780170e-03 -5.083008e-02 
1.085788e-01 -4.226451e-01 
-1.174309e-03 -2.822457e-01 
-1.615194e-03 -1.123992e-01 
-2.182265e-03 4.966850e-02 
1.820694e-03 1.092718e-01 
2.457833e-03 7.291713e-02 
-5.795112e-03 -1.487552e-01 
-4.439095e-04 -7.718361e-02 
-1.467938e-03 4.684391e-03 
-2.039310e-03 7.986020e-02 
1.703626e-03 1.127054e-01 
3.287660e-03 9.837550e-02 
1.219023e-02 1.350576e-01 
1.084832e-03 1.292863e-01 
5.202961e-04 7.023004e-02 
2.243050e-05 -6.078606e-03 
-5.152264e-04 -1.723026e-02 
3.396196e-04 1.003192e-02 
8.965166e-02 4.240490e-01 
2.402921e-03 3.425594e-01 
2.378504e-03 1.446142e-01 
2.296607e-03 -8.737468e-02 
-2.628005e-03 -1.488616e-01 
-3.105644e-03 -9.051417e-02 
3.188237e-01 6.698103e-01 
5.708481e-03 5.380607e-01 
1.864375e-03 2.555507e-01 
2.753239e-03 -7.140090e-02 
-2.557064e-03 -1.555789e-01 
-2.243306e-03 -6.838488e-02 
7.601057e-01 7.603276e-01 
3.352015e-02 6.740110e-01 
1.207529e-03 3.878147e-01 
-1.589198e-03 5.886611e-02 
-1.460249e-03 -9.192786e-03 
2.884457e-03 1.012989e-01 
9.904817e-01 6.789516e-01 
1.491799e-01 7.915506e-01 
8.721924e-03 5.036499e-01 
-6.027617e-03 1.638522e-01 
-1.798028e-03 7.128902e-02 
3.362324e-03 1.534466e-01 
9.032674e-01 -5.980421e-01 
-3.804113e-02 -3.802920e-01 
-1.970623e-02 -3.373988e-01 
2.212737e-02 -4.095257e-01 
4.202576e-03 -3.537416e-01 
-3.539284e-03 -2.259290e-01 
