poroelastic
-4.826715e-02 1.346341e-01 
-4.882670e-02 2.190037e-01 
-3.617247e-02 2.580848e-01 
-1.392585e-03 2.289865e-01 
2.241278e-03 1.800245e-01 
2.222236e-03 1.052420e-01 
1.582833e-02 3.005591e-02 
-1.266738e-02 1.107562e-01 
-3.712283e-03 1.227702e-01 
1.113151e-03 6.205316e-02 
3.432088e-04 -6.166210e-03 
-1.619639e-03 -8.276198e-02 
-6.253647e-02 -9.267799e-02 
1.071720e-02 -4.489357e-03 
1.220638e-02 -1.425638e-03 
1.686254e-03 -5.665764e-02 
-6.768210e-04 -9.673451e-02 
-2.317868e-03 -1.195908e-01 
-3.711478e-02 -1.611912e-01 
5.113588e-05 -5.357430e-03 
-2.988547e-04 3.632702e-02 
3.096941e-04 2.889378e-03 
-9.459417e-05 -1.471772e-02 
-3.033887e-04 -1.524696e-02 
2.167162e-01 -2.166910e-01 
-1.909408e-02 1.712769e-02 
-2.891495e-02 1.487896e-01 
-4.694247e-03 1.687338e-01 
5.227193e-04 1.751521e-01 
2.958356e-03 1.687226e-01 
-1.393305e-01 2.689315e-01 
-1.624864e-02 2.675506e-01 
7.134192e-03 1.569663e-01 
6.040643e-03 -5.285508e-03 
2.213585e-03 -1.427578e-01 
-2.320921e-03 -2.546273e-01 
-4.535530e-01 2.793812e-01 
-5.309076e-02 3.693528e-01 
-2.539229e-02 3.520357e-01 
-6.613014e-03 2.381472e-01 
-5.036262e-04 1.079191e-01 
-6.373771e-05 -3.352580e-02 
-3.106582e-01 3.330364e-01 
-3.586779e-02 4.261789e-01 
-2.364389e-02 3.959493e-01 
-5.798336e-03 2.295172e-01 
6.817304e-04 5.187287e-02 
4.072677e-04 -1.288424e-01 
-1.101120e-01 2.566670e-01 
-2.506496e-02 3.386417e-01 
-1.693048e-02 3.139677e-01 
-3.244157e-03 1.648615e-01 
1.602878e-03 7.198903e-03 
7.993714e-04 -1.475302e-01 
4.923180e-04 7.411419e-02 
-1.098192e-02 1.346256e-01 
-1.121032e-02 1.567694e-01 
-5.038553e-03 1.185080e-01 
-9.800081e-04 5.974398e-02 
2.923922e-05 -5.525436e-03 
2.219540e-03 -1.168867e-01 
3.209499e-03 -7.182408e-02 
-2.113983e-03 -1.225425e-02 
-3.450904e-03 4.143507e-02 
-1.830760e-03 6.018406e-02 
-3.082028e-04 6.054700e-02 
-8.381513e-02 -2.505467e-01 
1.040646e-02 -1.859582e-01 
3.169432e-03 -9.995669e-02 
-1.762798e-03 -1.289562e-03 
-1.683304e-03 4.827027e-02 
-4.150658e-04 6.677475e-02 
-1.401529e-01 -2.985390e-01 
9.944425e-03 -1.831855e-01 
2.310829e-03 -7.835082e-02 
-2.284701e-03 1.574701e-02 
-1.755901e-03 5.296047e-02 
-4.498448e-04 5.162549e-02 
2.185067e-02 -2.965908e-01 
1.827408e-02 -1.262238e-01 
-5.205429e-03 3.307842e-02 
-1.173298e-02 1.330425e-01 
-6.084691e-03 1.597446e-01 
-1.827587e-03 1.345218e-01 
-1.150420e-01 2.365967e-01 
-1.211357e-02 1.801530e-01 
-4.908998e-03 9.902077e-02 
3.933612e-03 1.677268e-02 
5.670956e-03 -8.321565e-02 
3.940522e-03 -1.792607e-01 
-3.600004e-01 2.395152e-01 
-1.256198e-02 2.614179e-01 
-1.320091e-02 2.593224e-01 
-1.847840e-02 2.190626e-01 
-7.341492e-03 1.491101e-01 
-1.798500e-03 6.539847e-02 
-1.943882e-01 2.606915e-01 
-7.564605e-03 2.992622e-01 
-1.608294e-02 2.807892e-01 
-1.237025e-02 1.788157e-01 
-2.041183e-03 6.232252e-02 
1.648187e-03 -5.383628e-02 
-4.079163e-02 1.501350e-01 
-5.647353e-03 1.936316e-01 
-1.165920e-02 1.930728e-01 
-5.785087e-03 1.108953e-01 
1.075857e-03 7.870928e-03 
3.002690e-03 -9.381516e-02 
1.233029e-02 -4.978546e-02 
5.513707e-03 -1.789518e-02 
-8.438146e-04 4.353381e-02 
-8.912418e-03 8.535781e-02 
-4.992743e-03 8.330263e-02 
-2.096647e-03 6.618694e-02 
-3.658235e-02 -2.336198e-01 
1.144553e-02 -2.088088e-01 
8.495464e-03 -1.051290e-01 
-6.608938e-03 2.756437e-02 
-6.785530e-03 9.550318e-02 
-4.117481e-03 1.319623e-01 
-1.777932e-01 -3.408458e-01 
1.031177e-02 -2.993595e-01 
1.191874e-02 -1.794118e-01 
-1.604908e-03 -1.981453e-02 
-4.351727e-03 5.814387e-02 
-2.840922e-03 8.810436e-02 
-3.101498e-01 -3.421270e-01 
1.371029e-03 -2.779613e-01 
9.414921e-03 -1.635073e-01 
2.501729e-03 -3.399254e-02 
-3.505391e-04 8.878577e-03 
2.361265e-04 -6.724158e-03 
-1.268412e-01 -3.449325e-01 
2.054822e-02 -2.450969e-01 
1.234147e-02 -5.159385e-02 
-1.593543e-02 1.136467e-01 
-1.106646e-02 1.510693e-01 
-4.137367e-03 1.027976e-01 
-2.266076e-01 7.300267e-02 
7.318702e-03 -6.683116e-03 
1.224543e-02 5.412837e-02 
-2.597860e-02 1.863733e-01 
-1.634282e-02 1.952111e-01 
-6.541434e-03 1.395127e-01 
