poroelastic
9.490466e-03 2.164031e-01 
3.239930e-02 2.982307e-01 
5.457568e-02 1.763408e-01 
-1.083210e-02 -1.436134e-01 
-2.466166e-02 -3.927666e-01 
-3.203316e-02 -5.810447e-01 
-3.356004e-03 -1.198267e-01 
-9.280595e-04 1.775350e-02 
4.839005e-03 8.716179e-02 
2.329024e-03 4.468449e-02 
-1.443785e-03 -1.929987e-02 
-5.581293e-03 -1.031511e-01 
1.319532e-02 -4.084559e-01 
-2.034865e-02 -1.929852e-01 
-2.417552e-02 4.776740e-02 
1.260800e-02 1.968673e-01 
1.306773e-02 2.213615e-01 
8.112960e-03 1.509660e-01 
-3.979121e-01 -6.559521e-01 
2.236603e-02 -4.181339e-01 
1.841270e-03 -1.641945e-01 
-7.892265e-04 -1.135332e-02 
-1.146663e-04 1.366704e-03 
-4.393995e-03 -8.209267e-02 
-1.372613e+00 -6.150302e-01 
3.614272e-02 -5.858892e-01 
6.345718e-02 -5.026196e-01 
-2.537929e-02 -5.118230e-01 
-2.996268e-02 -5.570984e-01 
-3.070336e-02 -6.057868e-01 
-1.142941e+00 5.319682e-01 
-1.995459e-01 7.582737e-01 
-3.349433e-02 6.219136e-01 
1.397213e-02 3.843492e-01 
1.286378e-02 2.970919e-01 
1.513288e-02 3.503530e-01 
-3.080662e-01 6.053909e-01 
-4.110144e-03 4.404967e-01 
9.574094e-03 1.449375e-01 
-4.597634e-03 -1.589145e-01 
-6.762592e-03 -1.872082e-01 
3.517123e-04 9.512067e-03 
1.769334e-02 3.558470e-01 
8.182644e-03 1.451954e-01 
9.616418e-03 -1.098110e-01 
-7.066175e-03 -3.050237e-01 
-7.278195e-03 -2.317689e-01 
1.692122e-03 5.089551e-02 
4.779929e-02 1.260589e-01 
9.692854e-03 6.193289e-03 
7.905542e-03 -1.442579e-01 
-5.045824e-03 -2.565231e-01 
-5.615616e-03 -1.933395e-01 
7.611420e-05 2.377401e-03 
-6.732482e-04 -1.499879e-03 
3.605295e-03 2.095696e-02 
4.771497e-03 3.315637e-03 
-4.838268e-04 -6.085179e-02 
-2.318920e-03 -9.030729e-02 
-3.153589e-03 -9.674871e-02 
1.028962e-02 -1.535738e-01 
-3.213598e-03 -5.391577e-03 
-1.582956e-03 1.226965e-01 
3.715200e-03 1.468026e-01 
2.280450e-03 6.637593e-02 
-3.130753e-03 -9.545590e-02 
-5.185826e-02 -3.827460e-01 
-2.566424e-03 -1.608441e-01 
-3.701904e-03 7.605352e-02 
4.573666e-03 1.967665e-01 
3.746555e-03 1.232589e-01 
-2.870736e-03 -9.204888e-02 
-4.564503e-01 -6.040243e-01 
-1.675633e-04 -4.167575e-01 
1.921032e-03 -1.588218e-01 
1.209205e-03 1.888820e-02 
4.961697e-04 -4.814665e-03 
-4.648127e-03 -1.671498e-01 
-1.285314e+00 -5.428457e-01 
-1.107874e-01 -6.679699e-01 
1.036901e-02 -5.458319e-01 
2.895275e-03 -4.435845e-01 
-5.364925e-03 -4.479004e-01 
-1.154805e-02 -5.176079e-01 
-1.114819e+00 5.677888e-01 
-9.444349e-02 6.791829e-01 
-5.966462e-03 5.647126e-01 
-5.486899e-03 4.307980e-01 
7.161637e-04 3.732279e-01 
5.523551e-03 3.834264e-01 
-2.865481e-01 5.822096e-01 
-4.771217e-05 3.895822e-01 
-1.126864e-03 1.358904e-01 
1.529923e-03 -7.523445e-02 
-3.503967e-04 -1.066678e-01 
9.635493e-05 1.009932e-02 
2.790957e-02 3.012008e-01 
-4.754626e-03 9.593452e-02 
-1.087448e-03 -1.162972e-01 
4.669229e-03 -2.382268e-01 
1.758976e-05 -1.902591e-01 
6.002507e-06 7.943048e-04 
3.642038e-02 6.862294e-02 
-4.467003e-03 -4.980233e-02 
-7.203975e-04 -1.608529e-01 
4.226800e-03 -2.030906e-01 
3.759625e-04 -1.594772e-01 
-2.828442e-04 -3.978880e-02 
-8.366495e-03 -5.882643e-02 
-1.054469e-03 -3.727353e-02 
-3.492290e-04 -9.072925e-03 
9.401575e-04 1.156382e-02 
6.451950e-04 -1.988455e-02 
-6.507431e-04 -8.283499e-02 
1.339974e-02 -2.215041e-01 
4.076668e-03 -7.462133e-02 
9.300921e-04 9.815722e-02 
-3.213405e-03 2.127357e-01 
4.759543e-04 1.428680e-01 
-5.089792e-04 -6.141263e-02 
-8.406148e-02 -4.452416e-01 
3.795507e-03 -2.432498e-01 
2.620825e-03 2.596519e-02 
-4.509704e-03 2.395566e-01 
9.169626e-05 1.870277e-01 
-4.040469e-04 -6.055727e-02 
-5.115069e-01 -6.225906e-01 
-2.055461e-02 -4.982663e-01 
1.787658e-03 -2.123683e-01 
-6.817717e-04 6.891497e-02 
7.858716e-04 7.072747e-02 
-3.577685e-04 -1.268474e-01 
-1.252837e+00 -4.876629e-01 
-2.201555e-01 -7.104957e-01 
-2.633252e-02 -5.593996e-01 
2.366336e-02 -3.605439e-01 
1.186699e-02 -3.623093e-01 
1.573274e-03 -5.113570e-01 
-1.227192e+00 7.137261e-01 
4.953508e-02 6.996955e-01 
2.667894e-02 6.234596e-01 
-3.418853e-02 5.438553e-01 
-1.331883e-02 4.136649e-01 
-2.310999e-03 2.405381e-01 
