poroelastic
-5.890187e-02 4.296719e-01 
-3.705807e-02 6.361034e-01 
1.517641e-02 5.360960e-01 
6.905323e-03 1.206166e-01 
-5.566055e-03 -2.187178e-01 
-1.532315e-02 -4.906618e-01 
7.367355e-03 -3.386733e-02 
-8.073530e-03 2.010346e-01 
9.686379e-03 2.323838e-01 
2.527344e-03 4.710506e-02 
-2.651420e-03 -1.191773e-01 
-7.525583e-03 -2.600864e-01 
-4.094526e-02 -4.648846e-01 
-7.077802e-04 -1.675177e-01 
-1.038197e-02 4.330888e-02 
1.722156e-03 1.056801e-01 
2.280718e-03 9.294152e-02 
1.021450e-03 3.643256e-02 
-4.343301e-01 -8.090450e-01 
3.728653e-02 -4.071947e-01 
8.802182e-03 -1.396091e-01 
-9.066795e-05 -3.340083e-02 
-3.523113e-04 -2.565633e-02 
-2.340800e-03 -8.228858e-02 
-1.288950e+00 -8.370144e-01 
6.289014e-02 -5.175795e-01 
6.326426e-02 -3.578295e-01 
3.311111e-03 -3.972499e-01 
-8.491046e-03 -4.581302e-01 
-1.389897e-02 -5.168668e-01 
-1.345431e+00 7.608735e-01 
-2.827222e-01 1.093566e+00 
-5.940179e-02 8.729310e-01 
-2.705509e-03 4.572929e-01 
1.968418e-03 2.292747e-01 
3.179435e-03 1.732021e-01 
-6.847409e-01 8.814318e-01 
-5.089117e-02 8.153211e-01 
-7.230916e-03 4.760521e-01 
3.283720e-03 3.980976e-03 
-2.999707e-04 -1.779839e-01 
-1.311275e-03 -1.154499e-01 
-2.291922e-01 6.608723e-01 
-1.978997e-02 5.294234e-01 
2.793982e-03 2.224519e-01 
6.766261e-03 -1.623524e-01 
9.733134e-04 -2.561613e-01 
-6.640101e-04 -1.027638e-01 
-5.010629e-02 3.558776e-01 
-1.022155e-02 3.062432e-01 
3.277590e-03 1.145186e-01 
6.258942e-03 -1.439634e-01 
1.477353e-03 -2.024991e-01 
-3.639300e-04 -8.420614e-02 
-5.117909e-04 1.073430e-01 
-8.222917e-03 1.883245e-01 
-3.958452e-03 1.632119e-01 
1.282898e-03 3.356444e-02 
1.080921e-03 -5.259266e-02 
-3.953239e-04 -8.543393e-02 
3.887554e-02 -1.594365e-01 
-3.292327e-03 3.958062e-02 
-9.010894e-03 1.840414e-01 
-4.187613e-03 1.956080e-01 
2.736025e-04 9.315989e-02 
-3.690960e-04 -7.792246e-02 
-5.695712e-02 -4.594837e-01 
5.165098e-03 -1.757351e-01 
-5.624036e-03 9.029923e-02 
-4.519277e-03 2.177311e-01 
2.477648e-04 1.271101e-01 
-3.452719e-04 -1.137209e-01 
-4.780767e-01 -7.068804e-01 
1.275000e-02 -3.975268e-01 
5.516882e-03 -1.047901e-01 
1.919782e-03 5.824145e-02 
2.605711e-03 -1.140935e-02 
4.489961e-05 -2.436704e-01 
-1.175128e+00 -6.738386e-01 
-6.422423e-02 -5.960231e-01 
1.809443e-02 -3.934912e-01 
2.308223e-02 -2.883852e-01 
1.089523e-02 -3.397490e-01 
2.658788e-03 -4.933880e-01 
-1.148928e+00 6.665512e-01 
-1.348920e-01 8.293140e-01 
-2.849264e-02 6.813248e-01 
-2.859736e-02 4.811649e-01 
-1.219130e-02 3.389812e-01 
-3.633577e-03 2.466229e-01 
-5.227248e-01 7.113092e-01 
-1.409401e-02 5.795909e-01 
-1.401619e-02 3.399017e-01 
-3.846410e-03 8.836275e-02 
9.030958e-04 -2.336477e-02 
2.363522e-04 -1.165580e-02 
-1.047078e-01 4.796426e-01 
-1.428804e-02 3.287126e-01 
-8.499332e-03 1.073373e-01 
1.137999e-02 -1.106368e-01 
7.907992e-03 -1.810517e-01 
2.577800e-03 -1.104126e-01 
-7.414148e-04 1.986882e-01 
-1.033331e-02 1.279219e-01 
-4.104376e-03 3.905336e-03 
1.154174e-02 -1.212125e-01 
7.745711e-03 -1.675485e-01 
3.071869e-03 -1.245488e-01 
8.803271e-03 -2.182573e-02 
2.130071e-03 3.054431e-02 
-2.249900e-03 7.108543e-02 
-4.641697e-03 8.362220e-02 
-8.111471e-04 3.429497e-02 
8.531276e-04 -3.540969e-02 
3.676017e-02 -2.689292e-01 
1.514100e-02 -1.121318e-01 
2.645537e-03 8.545298e-02 
-1.872889e-02 2.433728e-01 
-8.657603e-03 2.046619e-01 
-8.885939e-04 3.728287e-02 
-1.178506e-01 -5.164520e-01 
1.471273e-02 -3.129346e-01 
8.013798e-03 -3.410417e-02 
-1.602741e-02 2.177941e-01 
-7.963191e-03 1.994264e-01 
3.555734e-04 -1.396393e-02 
-5.932153e-01 -6.377332e-01 
-1.468236e-02 -4.723888e-01 
4.944496e-03 -2.118517e-01 
2.753335e-03 2.747430e-02 
4.039255e-03 -4.899658e-03 
6.752995e-03 -2.377417e-01 
-1.122725e+00 -5.226250e-01 
-1.652472e-01 -6.167770e-01 
-1.296658e-02 -4.301658e-01 
3.562340e-02 -2.454662e-01 
2.369635e-02 -2.894427e-01 
1.651188e-02 -4.986320e-01 
-1.245072e+00 5.998706e-01 
3.565818e-02 6.443628e-01 
2.446269e-02 6.269897e-01 
-7.652282e-02 6.352376e-01 
-4.027976e-02 5.444795e-01 
-1.461313e-02 3.684079e-01 
