poroelastic
3.994922e-02 -3.070043e-01 
1.983465e-02 -4.693618e-01 
-2.599629e-02 -4.126876e-01 
-1.228678e-02 -8.811802e-02 
7.989703e-03 2.067134e-01 
2.795498e-02 4.619429e-01 
-3.023689e-02 7.430434e-02 
2.088205e-02 -1.547384e-01 
3.813367e-03 -2.513433e-01 
-7.499578e-03 -1.488708e-01 
-1.605993e-03 -1.255138e-02 
8.339083e-03 1.429088e-01 
-2.712369e-02 4.485222e-01 
1.887479e-02 1.279838e-01 
2.458191e-02 -1.311086e-01 
-6.256757e-03 -2.189254e-01 
-8.752942e-03 -1.821445e-01 
-3.476717e-03 -6.059035e-02 
3.669273e-01 7.783104e-01 
-2.869133e-02 3.737598e-01 
-4.598267e-03 7.476173e-02 
-2.710784e-03 -3.773601e-02 
-1.220045e-03 -6.086424e-03 
6.663762e-03 1.165930e-01 
1.183504e+00 8.130250e-01 
-4.682707e-02 5.521819e-01 
-6.549078e-02 3.543821e-01 
-3.715794e-03 3.511418e-01 
1.521068e-02 4.162005e-01 
2.757889e-02 5.017137e-01 
1.330949e+00 -6.813286e-01 
2.699566e-01 -9.837992e-01 
6.081654e-02 -8.095339e-01 
-2.010265e-03 -4.698731e-01 
-7.987226e-03 -2.741389e-01 
-1.044222e-02 -2.234571e-01 
6.963192e-01 -7.834629e-01 
5.629075e-02 -7.267441e-01 
8.448437e-03 -4.465016e-01 
-2.231535e-03 -6.492535e-02 
2.250486e-03 7.501019e-02 
1.751783e-04 4.332041e-03 
2.539765e-01 -5.889110e-01 
1.930249e-02 -4.714660e-01 
-3.045976e-03 -2.210950e-01 
-2.563099e-03 8.762586e-02 
3.753581e-03 1.568948e-01 
8.290481e-04 2.274230e-02 
5.780597e-02 -3.122854e-01 
8.031110e-03 -2.697190e-01 
-5.009003e-03 -1.274439e-01 
-3.186960e-03 7.689204e-02 
2.430168e-03 1.365165e-01 
2.404419e-03 6.921207e-02 
1.365519e-03 -6.280678e-02 
7.332924e-03 -1.419904e-01 
2.408251e-03 -1.601723e-01 
-2.384542e-03 -7.777286e-02 
-8.783834e-04 1.341491e-02 
3.451040e-03 9.875540e-02 
-4.544508e-02 2.127986e-01 
7.763080e-03 9.724445e-03 
1.316292e-02 -1.854155e-01 
1.045744e-03 -2.558162e-01 
-4.122884e-03 -1.626596e-01 
1.500634e-03 4.264329e-02 
2.564498e-02 5.391239e-01 
1.901313e-04 2.352765e-01 
1.341098e-02 -9.485922e-02 
2.215977e-03 -2.946523e-01 
-5.070867e-03 -2.250129e-01 
1.107093e-03 3.283218e-02 
4.671407e-01 8.208065e-01 
-1.572648e-02 4.948035e-01 
-1.981229e-03 1.336586e-01 
-1.121805e-03 -1.127085e-01 
-3.263957e-03 -7.863854e-02 
4.411236e-03 1.462370e-01 
1.216346e+00 7.757538e-01 
6.719903e-02 7.303600e-01 
-2.524994e-02 4.722750e-01 
-1.844844e-02 2.906444e-01 
-2.897013e-03 3.026882e-01 
1.073586e-02 4.377375e-01 
1.285837e+00 -6.792306e-01 
1.441530e-01 -8.335268e-01 
3.380228e-02 -7.075186e-01 
2.442625e-02 -5.384736e-01 
4.594990e-03 -4.032932e-01 
-4.948897e-03 -3.135297e-01 
5.891438e-01 -7.270764e-01 
1.896061e-02 -5.970528e-01 
1.196308e-02 -3.690970e-01 
5.114261e-03 -1.320649e-01 
7.617177e-04 -2.488910e-02 
-4.549789e-04 -4.199704e-02 
1.483942e-01 -4.790720e-01 
9.147120e-03 -3.290082e-01 
3.729031e-03 -1.309414e-01 
-4.890326e-03 5.609819e-02 
-1.276194e-03 1.096616e-01 
2.673319e-04 3.107220e-02 
1.154923e-02 -1.785024e-01 
3.834377e-03 -1.081190e-01 
1.543369e-04 -2.225275e-02 
-4.740035e-03 5.763026e-02 
-1.535210e-03 8.934134e-02 
4.299939e-04 5.643945e-02 
-7.936841e-03 7.698378e-02 
-2.693018e-03 2.285993e-02 
2.198641e-03 -6.432215e-02 
4.988488e-03 -1.269677e-01 
2.721911e-04 -8.071507e-02 
1.828236e-04 2.262127e-02 
-3.387388e-02 3.468984e-01 
-1.071028e-02 1.631041e-01 
2.848922e-03 -9.690707e-02 
1.621995e-02 -3.059718e-01 
2.838093e-03 -2.535534e-01 
-2.138469e-04 -2.471556e-02 
1.104179e-01 6.351433e-01 
-1.408746e-02 3.698309e-01 
-1.834051e-03 1.529824e-03 
1.642638e-02 -3.136749e-01 
2.624942e-03 -2.711531e-01 
1.857388e-04 2.520665e-02 
6.099379e-01 8.320485e-01 
1.502899e-03 6.008178e-01 
-7.640858e-03 2.191048e-01 
3.568830e-03 -1.325451e-01 
-1.858147e-03 -1.091369e-01 
7.216586e-04 1.812027e-01 
1.241825e+00 7.210838e-01 
1.668815e-01 8.261229e-01 
3.245269e-04 5.274373e-01 
-2.914271e-02 2.130136e-01 
-1.474226e-02 2.169389e-01 
-6.117246e-04 4.501907e-01 
1.479338e+00 -6.966093e-01 
-3.809893e-02 -7.083961e-01 
-1.530924e-02 -7.125412e-01 
7.851389e-02 -7.525284e-01 
2.949095e-02 -6.308996e-01 
2.904235e-03 -3.984622e-01 
