poroelastic
3.691961e-02 -2.736082e-01 
1.614918e-02 -4.047572e-01 
-2.101943e-02 -3.461162e-01 
-9.393239e-03 -8.900545e-02 
7.585975e-03 1.250562e-01 
2.281168e-02 3.077420e-01 
4.195502e-03 7.951206e-02 
-1.509234e-03 -6.473515e-02 
-1.065257e-02 -9.999885e-02 
-2.224193e-03 -1.529914e-02 
3.878813e-03 6.444625e-02 
9.750234e-03 1.353795e-01 
8.155740e-02 3.907177e-01 
-3.754924e-03 1.895901e-01 
5.352345e-03 3.446883e-02 
-1.671802e-03 -3.433476e-02 
-2.931646e-03 -4.501891e-02 
-1.389639e-03 -1.961620e-02 
3.360500e-01 5.962622e-01 
-2.252897e-02 3.086219e-01 
-5.781972e-03 1.080992e-01 
1.040049e-03 3.116083e-02 
1.577898e-03 2.925418e-02 
4.987503e-03 7.097040e-02 
7.016980e-01 6.024340e-01 
-1.469621e-02 3.760894e-01 
-2.763360e-02 2.011184e-01 
4.369716e-03 1.850294e-01 
1.144029e-02 2.012681e-01 
1.527346e-02 2.247744e-01 
8.505908e-01 -6.120481e-01 
1.327876e-01 -7.337230e-01 
1.155949e-02 -5.296905e-01 
-8.797255e-03 -2.184422e-01 
-2.251517e-03 -4.090207e-02 
6.077071e-04 1.012999e-02 
5.744006e-01 -6.747545e-01 
3.213920e-02 -6.128123e-01 
-2.401968e-03 -3.859492e-01 
-4.064324e-03 -6.912759e-02 
2.980481e-03 7.158730e-02 
3.214381e-03 5.948546e-02 
2.359609e-01 -5.431514e-01 
9.977154e-03 -4.613793e-01 
-8.158822e-03 -2.518920e-01 
-2.389767e-03 3.374297e-02 
5.300045e-03 1.430280e-01 
5.216320e-03 1.033418e-01 
5.549127e-02 -3.033142e-01 
3.284771e-03 -2.803059e-01 
-7.890319e-03 -1.515306e-01 
-1.897332e-03 4.561030e-02 
4.310056e-03 1.266242e-01 
5.432898e-03 1.107891e-01 
6.625530e-04 -4.134543e-02 
2.398792e-03 -9.083847e-02 
-1.468111e-03 -9.013988e-02 
-1.830743e-03 -2.828510e-02 
3.719670e-04 2.174251e-02 
2.898924e-03 5.880654e-02 
1.979229e-02 2.473677e-01 
6.093294e-04 1.321467e-01 
4.242117e-03 2.960419e-03 
-1.058142e-03 -8.237778e-02 
-2.940409e-03 -7.628648e-02 
-3.488139e-04 -7.054117e-03 
1.737782e-01 5.160099e-01 
-4.179645e-03 3.365633e-01 
4.117523e-03 1.134656e-01 
-6.316335e-04 -7.141979e-02 
-3.503178e-03 -9.243269e-02 
-3.710679e-05 -7.777696e-04 
5.210884e-01 6.772227e-01 
-6.830315e-03 4.713595e-01 
-3.588836e-03 2.261140e-01 
-8.821501e-04 3.313002e-02 
-5.919147e-04 1.329847e-02 
4.652016e-03 1.063631e-01 
8.361395e-01 6.300421e-01 
5.798335e-02 5.754614e-01 
-7.847769e-03 3.508589e-01 
-3.598844e-03 1.843705e-01 
2.000430e-03 1.484444e-01 
7.306437e-03 1.930879e-01 
8.001707e-01 -5.984870e-01 
6.468052e-02 -5.777693e-01 
8.520414e-03 -4.175921e-01 
3.250767e-03 -2.627088e-01 
-1.478058e-03 -1.518484e-01 
-2.799022e-03 -9.585920e-02 
4.898089e-01 -6.106334e-01 
4.238710e-03 -4.680811e-01 
3.569780e-03 -2.951343e-01 
2.310985e-03 -1.248453e-01 
2.882209e-05 -4.160206e-02 
-1.097902e-03 -4.484074e-02 
1.324766e-01 -4.353946e-01 
2.384928e-03 -3.111386e-01 
1.065826e-03 -1.508157e-01 
-3.477696e-03 1.939328e-02 
-4.805793e-05 9.765155e-02 
1.883480e-03 8.316209e-02 
3.851983e-03 -1.652989e-01 
1.510447e-03 -1.083409e-01 
-5.637535e-04 -3.225119e-02 
-3.900051e-03 5.413729e-02 
-2.290841e-04 1.044460e-01 
2.351592e-03 1.072239e-01 
6.623798e-03 1.170895e-01 
-5.366732e-04 9.767533e-02 
-1.547015e-04 3.110810e-02 
8.003184e-04 -3.906769e-02 
-4.219620e-04 -3.556985e-02 
1.268018e-04 5.652051e-03 
6.913676e-02 4.067823e-01 
-2.889382e-03 3.127107e-01 
-1.062636e-03 1.083149e-01 
5.882153e-03 -1.180236e-01 
-2.916711e-05 -1.629735e-01 
-2.021112e-03 -8.830677e-02 
2.831848e-01 6.475093e-01 
-1.647904e-04 5.058881e-01 
-3.154516e-03 2.213130e-01 
5.578635e-03 -9.866649e-02 
-1.017861e-05 -1.674002e-01 
-1.324375e-03 -6.219234e-02 
7.119496e-01 7.391485e-01 
2.511599e-02 6.298475e-01 
-3.203518e-03 3.455973e-01 
-2.565049e-03 3.073762e-02 
-1.922950e-03 -1.785162e-02 
2.020451e-03 1.156675e-01 
9.432145e-01 6.587679e-01 
1.343566e-01 7.439103e-01 
3.051155e-03 4.583897e-01 
-9.851025e-03 1.366337e-01 
-3.792120e-03 7.018626e-02 
2.124528e-03 1.803749e-01 
9.316425e-01 -5.618956e-01 
-4.044284e-02 -3.895005e-01 
-1.970889e-02 -3.686217e-01 
3.628628e-02 -4.505001e-01 
1.103115e-02 -3.883288e-01 
-1.407065e-03 -2.444151e-01 
