poroelastic
9.907684e-04 -1.187628e-01 
-8.594541e-03 -1.747927e-01 
-2.863650e-02 -1.160950e-01 
-4.898979e-03 7.172008e-02 
3.847692e-03 2.274986e-01 
1.131733e-02 3.423753e-01 
-2.046883e-02 2.818768e-04 
1.489771e-02 -1.041856e-01 
5.969285e-03 -1.447491e-01 
-1.910605e-03 -8.228033e-02 
-6.158331e-04 -8.608327e-03 
2.111494e-03 6.592789e-02 
-9.280609e-02 1.373468e-01 
2.391440e-02 -7.012496e-03 
2.524984e-02 -1.469861e-01 
-6.011308e-04 -1.947564e-01 
-3.721987e-03 -1.608148e-01 
-2.290207e-03 -7.127323e-02 
1.540093e-01 3.166550e-01 
-1.725884e-02 1.785805e-01 
-2.606290e-03 3.783719e-02 
-1.151874e-03 -3.378836e-02 
-8.260210e-04 -1.189309e-02 
2.345598e-03 7.240171e-02 
9.021277e-01 3.339734e-01 
-5.770146e-02 3.203500e-01 
-6.713157e-02 3.145245e-01 
-8.699443e-03 3.456642e-01 
4.706197e-03 3.998151e-01 
1.344687e-02 4.569054e-01 
7.635997e-01 -1.749754e-01 
1.971849e-01 -4.303937e-01 
6.224105e-02 -4.355614e-01 
1.283930e-02 -3.552670e-01 
-4.175078e-04 -3.313424e-01 
-7.836076e-03 -3.666253e-01 
8.726297e-02 -2.489333e-01 
6.284014e-03 -1.916543e-01 
-6.296327e-03 -3.698902e-02 
-3.891034e-03 1.287766e-01 
4.740252e-04 1.350688e-01 
1.045292e-04 7.200663e-03 
-8.351175e-02 -9.176690e-02 
-1.028499e-02 2.700140e-02 
-1.423950e-02 1.570787e-01 
-5.907406e-03 2.298562e-01 
5.016701e-04 1.469246e-01 
-6.576644e-04 -6.606952e-02 
-4.530026e-02 7.982344e-03 
-9.923761e-03 8.529386e-02 
-1.086283e-02 1.544401e-01 
-4.094728e-03 1.704635e-01 
5.243325e-04 9.011721e-02 
-5.948984e-04 -7.411856e-02 
1.008802e-03 -1.112260e-02 
7.955693e-05 -2.537738e-02 
-2.016661e-03 -1.444791e-02 
-2.219650e-03 2.358705e-02 
-8.314955e-04 4.732033e-02 
4.172151e-04 5.078327e-02 
-5.650835e-02 -4.001281e-02 
1.134395e-02 -1.449722e-01 
1.159754e-02 -2.059496e-01 
2.834168e-03 -1.655046e-01 
-9.239254e-04 -5.791752e-02 
7.906966e-04 9.281683e-02 
-1.367490e-01 2.086282e-02 
1.243301e-02 -1.303825e-01 
1.546838e-02 -2.496606e-01 
4.821450e-03 -2.383281e-01 
-8.805938e-04 -1.058781e-01 
8.532442e-04 1.121033e-01 
3.826165e-02 1.614207e-01 
-1.546765e-03 3.913821e-02 
3.500118e-03 -8.729652e-02 
5.625379e-04 -1.174139e-01 
-1.851257e-03 -2.350938e-02 
8.230342e-04 1.597611e-01 
6.930394e-01 1.639851e-01 
3.804989e-02 2.428845e-01 
-2.382714e-02 2.400668e-01 
-2.351743e-02 2.582963e-01 
-1.044508e-02 3.265875e-01 
5.388675e-05 4.316848e-01 
7.002493e-01 -1.588554e-01 
1.044672e-01 -3.769036e-01 
2.832830e-02 -3.969304e-01 
2.916309e-02 -3.591785e-01 
1.317748e-02 -3.486695e-01 
2.641908e-03 -3.459932e-01 
4.703687e-02 -2.040694e-01 
7.763909e-03 -1.567610e-01 
1.438464e-03 -2.855519e-02 
-8.592319e-03 9.656047e-02 
-4.149472e-03 1.138827e-01 
-7.054442e-04 5.489818e-02 
-7.525382e-02 -5.657861e-02 
2.157570e-03 4.019455e-02 
-7.184303e-03 1.446659e-01 
-1.299213e-02 1.863799e-01 
-3.962049e-03 1.270568e-01 
1.181598e-04 -7.611684e-03 
-2.214229e-02 5.034014e-03 
-5.324078e-05 6.767023e-02 
-6.341312e-03 1.249892e-01 
-7.223798e-03 1.218414e-01 
-1.382273e-03 6.127969e-02 
6.503915e-04 -3.913501e-02 
-3.955564e-03 -5.004429e-02 
2.729270e-03 -7.252359e-02 
3.182892e-03 -5.948817e-02 
-5.269321e-05 -2.866506e-02 
-1.393522e-03 1.135361e-02 
-1.026747e-03 6.314252e-02 
-9.818054e-02 -8.607848e-02 
2.147299e-03 -1.873202e-01 
1.153440e-02 -2.297895e-01 
9.426447e-03 -1.880210e-01 
5.951704e-04 -7.243855e-02 
-1.629204e-03 1.043863e-01 
-1.800427e-01 -3.053329e-02 
-6.572577e-04 -1.644843e-01 
1.201672e-02 -2.492812e-01 
1.262020e-02 -2.322520e-01 
1.452279e-03 -1.029091e-01 
-1.918981e-03 1.167143e-01 
-4.214508e-02 8.131638e-02 
-3.922895e-03 -2.151223e-02 
5.719273e-03 -1.139384e-01 
6.428140e-03 -1.373772e-01 
-7.664255e-04 -4.621887e-02 
-2.641186e-03 1.349695e-01 
5.464410e-01 2.260879e-02 
9.438077e-02 1.281584e-01 
9.699258e-03 1.694994e-01 
-3.498017e-02 2.188093e-01 
-2.290057e-02 3.067559e-01 
-1.090208e-02 4.332490e-01 
7.104261e-01 -2.783193e-01 
1.243523e-02 -4.813007e-01 
7.448209e-03 -4.550989e-01 
3.828935e-02 -3.357525e-01 
1.723910e-02 -2.531612e-01 
5.206135e-03 -1.649762e-01 
