poroelastic
4.156689e-02 -1.884095e-01 
2.848933e-02 -2.711370e-01 
5.687649e-03 -2.438030e-01 
-1.013681e-02 -1.354224e-01 
-5.437268e-03 -6.817127e-02 
-1.053154e-03 -1.322888e-02 
2.511305e-02 9.715355e-03 
-1.748160e-02 -2.525298e-02 
-1.712294e-02 2.737189e-02 
8.213440e-03 1.089239e-01 
1.024581e-02 1.303078e-01 
8.268404e-03 1.059961e-01 
1.469897e-01 1.662112e-01 
-2.660875e-02 1.322883e-01 
-1.448497e-02 1.517427e-01 
1.265048e-02 1.678562e-01 
1.065345e-02 1.374921e-01 
5.078578e-03 6.597462e-02 
1.652651e-01 2.101760e-01 
-1.249302e-02 1.034119e-01 
-5.827983e-03 7.835337e-02 
6.404220e-03 8.850037e-02 
4.693066e-03 6.189669e-02 
4.551702e-04 5.972514e-03 
-4.043243e-02 2.224196e-01 
4.669745e-03 3.686097e-02 
1.280473e-02 -5.899156e-02 
-3.123310e-03 -6.695560e-02 
-7.098485e-03 -9.992313e-02 
-1.048767e-02 -1.427995e-01 
1.401411e-01 -3.403699e-01 
-7.990987e-03 -3.000824e-01 
-2.200298e-02 -1.408200e-01 
9.029692e-04 5.721309e-02 
1.083274e-02 1.791976e-01 
1.581590e-02 2.401631e-01 
3.244700e-01 -3.616928e-01 
1.217009e-02 -3.632212e-01 
-7.244671e-03 -2.664461e-01 
-5.621271e-03 -8.947496e-02 
1.791320e-03 3.737043e-02 
7.453682e-03 1.240211e-01 
1.883478e-01 -3.526327e-01 
3.938714e-03 -3.675684e-01 
-9.604067e-03 -2.662334e-01 
-4.963225e-03 -6.697598e-02 
3.383836e-03 7.650530e-02 
9.742866e-03 1.713568e-01 
6.084226e-02 -2.324624e-01 
2.443314e-03 -2.589958e-01 
-6.759226e-03 -1.834012e-01 
-2.897244e-03 -3.633427e-02 
2.592868e-03 5.909459e-02 
6.198477e-03 1.112572e-01 
3.295726e-04 -4.718357e-02 
1.019466e-03 -6.690446e-02 
-8.327403e-04 -4.235779e-02 
-6.436335e-05 -9.985898e-04 
4.824521e-04 8.825847e-03 
-3.387816e-04 -6.042165e-03 
5.097591e-02 1.446660e-01 
-3.643586e-03 1.399568e-01 
8.286549e-04 1.276404e-01 
3.822681e-03 8.366984e-02 
1.522314e-03 2.508163e-02 
-2.628731e-03 -4.680467e-02 
1.974568e-01 2.561038e-01 
-6.049474e-03 2.411146e-01 
-3.575666e-04 2.068748e-01 
5.396974e-03 1.326236e-01 
3.035690e-03 5.995128e-02 
-8.227920e-04 -1.515031e-02 
3.003797e-01 2.507287e-01 
-3.978349e-04 1.982945e-01 
-3.241712e-03 1.577339e-01 
3.496254e-03 1.207572e-01 
3.777971e-03 9.087259e-02 
3.075213e-03 6.119787e-02 
7.749329e-02 2.426012e-01 
-1.277220e-03 1.292976e-01 
3.105756e-03 1.916322e-02 
6.686243e-04 -4.207030e-02 
-2.438373e-03 -8.043641e-02 
-4.571737e-03 -1.031966e-01 
4.389651e-02 -2.709016e-01 
-8.180316e-03 -1.542684e-01 
-3.523416e-03 -3.329547e-02 
-1.605802e-03 6.362922e-02 
2.508638e-03 1.310578e-01 
6.019036e-03 1.667211e-01 
2.469145e-01 -2.657785e-01 
-2.166985e-03 -2.155023e-01 
-1.110660e-03 -1.697812e-01 
-6.637612e-04 -1.071161e-01 
-1.160111e-03 -4.847256e-02 
5.889572e-05 1.865427e-03 
9.935298e-02 -2.535781e-01 
-2.626547e-03 -2.366124e-01 
-1.473033e-03 -1.754561e-01 
-2.768539e-03 -5.742216e-02 
-1.073973e-04 4.716260e-02 
3.985045e-03 1.325939e-01 
1.045898e-02 -1.278445e-01 
-1.129326e-03 -1.295398e-01 
-1.129625e-03 -8.893170e-02 
-2.121359e-03 -4.532213e-03 
4.939690e-04 6.643310e-02 
3.502923e-03 1.181684e-01 
8.311721e-03 6.319127e-02 
1.185497e-03 6.895407e-02 
4.979943e-04 5.669352e-02 
5.242233e-04 3.001261e-02 
3.283193e-04 5.809196e-03 
-7.303203e-04 -2.419128e-02 
1.022257e-01 2.488660e-01 
4.794952e-03 2.702971e-01 
1.742457e-03 2.137190e-01 
2.659746e-03 8.447130e-02 
7.729260e-04 -2.626262e-02 
-4.047029e-03 -1.324338e-01 
2.738253e-01 3.369828e-01 
1.061797e-02 3.600686e-01 
2.367591e-03 2.882379e-01 
2.066610e-03 1.280205e-01 
1.183411e-03 1.057338e-03 
-3.143385e-03 -1.092436e-01 
4.438785e-01 2.776801e-01 
2.963804e-02 2.990513e-01 
4.065934e-03 2.503390e-01 
-2.786893e-03 1.596376e-01 
5.051754e-04 1.065262e-01 
1.750993e-03 7.139061e-02 
1.658638e-01 2.778533e-01 
8.987998e-03 2.406996e-01 
-4.627796e-03 1.025148e-01 
4.271310e-03 -4.001414e-02 
1.196356e-03 -1.047955e-01 
-2.238792e-03 -1.218823e-01 
3.831022e-02 -1.266979e-01 
6.030696e-04 4.848502e-02 
-2.237391e-03 6.286411e-02 
1.960547e-03 -2.237136e-02 
5.935396e-04 -4.078816e-02 
-3.232030e-04 -2.685816e-02 
