poroelastic
-7.436186e-02 3.668393e-01 
-5.975194e-02 5.568347e-01 
-1.565748e-02 5.201819e-01 
5.275769e-03 2.391370e-01 
3.839250e-04 -1.975841e-03 
-5.338517e-03 -2.192853e-01 
2.076263e-02 2.406269e-02 
-1.685451e-02 2.341422e-01 
3.125696e-03 2.560891e-01 
2.550574e-03 8.188543e-02 
-1.294982e-03 -7.907873e-02 
-5.234986e-03 -2.266851e-01 
-5.446938e-02 -3.267780e-01 
4.709658e-03 -7.201469e-02 
1.033876e-03 5.413530e-02 
9.770822e-04 3.416550e-02 
-1.798540e-04 -1.600008e-02 
-1.743733e-03 -7.565045e-02 
-2.823475e-01 -5.961606e-01 
2.439933e-02 -2.370195e-01 
6.790459e-03 -4.858359e-02 
2.762184e-04 -1.964626e-02 
-4.779109e-04 -3.436726e-02 
-1.676621e-03 -7.125173e-02 
-6.562183e-01 -6.667151e-01 
3.307393e-02 -3.011414e-01 
2.512859e-02 -1.188570e-01 
1.533792e-03 -1.385401e-01 
-2.066389e-03 -1.707187e-01 
-4.359020e-03 -2.073969e-01 
-9.573607e-01 6.443284e-01 
-1.999961e-01 8.692257e-01 
-3.712761e-02 6.636501e-01 
-1.033660e-03 2.973193e-01 
7.295256e-04 6.437116e-02 
-5.876598e-04 -4.540776e-02 
-7.399952e-01 7.333992e-01 
-6.886254e-02 7.687098e-01 
-1.980497e-02 5.446672e-01 
-3.937829e-04 1.666446e-01 
6.498071e-04 -3.795205e-02 
-5.837493e-04 -9.930835e-02 
-3.521318e-01 6.353025e-01 
-3.392530e-02 6.234755e-01 
-1.104410e-02 4.086353e-01 
2.554984e-03 5.147979e-02 
2.160958e-03 -1.293777e-01 
-1.668455e-04 -1.594674e-01 
-1.065616e-01 3.966423e-01 
-2.133707e-02 4.226504e-01 
-6.999363e-03 2.841850e-01 
3.048852e-03 2.134431e-02 
2.504432e-03 -1.207702e-01 
1.447445e-04 -1.514397e-01 
-6.946700e-04 1.265407e-01 
-1.301541e-02 2.199083e-01 
-9.252070e-03 2.150748e-01 
-1.716944e-03 1.025693e-01 
4.447841e-04 7.944235e-03 
3.703990e-05 -5.659783e-02 
3.426986e-02 -1.525683e-01 
-2.955645e-03 7.499903e-03 
-8.970040e-03 1.319507e-01 
-4.719098e-03 1.600142e-01 
-8.905786e-04 1.005955e-01 
4.984810e-06 -1.087017e-02 
-6.220535e-02 -4.218524e-01 
6.616668e-03 -1.908896e-01 
-4.593227e-03 2.812459e-02 
-4.333899e-03 1.527885e-01 
-9.278069e-04 1.155631e-01 
5.463522e-05 -3.243847e-02 
-3.534542e-01 -6.113080e-01 
1.382737e-02 -3.347411e-01 
3.879003e-03 -8.571907e-02 
-3.351222e-04 5.973769e-02 
7.988356e-04 2.824531e-02 
5.412066e-04 -1.269557e-01 
-7.058660e-01 -6.008885e-01 
-2.117765e-02 -4.303153e-01 
1.145009e-02 -2.068407e-01 
8.350313e-03 -9.310749e-02 
4.631789e-03 -1.147519e-01 
2.118261e-03 -2.299630e-01 
-8.121138e-01 5.580578e-01 
-1.012597e-01 6.414603e-01 
-2.410951e-02 5.015618e-01 
-1.721213e-02 3.203286e-01 
-5.449683e-03 1.671962e-01 
-8.755244e-04 5.043294e-02 
-5.640380e-01 5.936836e-01 
-1.887313e-02 5.405411e-01 
-1.598605e-02 3.877661e-01 
-1.217199e-02 1.952143e-01 
-3.219574e-03 7.946339e-02 
-7.907204e-04 3.471448e-02 
-1.936416e-01 4.687344e-01 
-1.225595e-02 4.070680e-01 
-1.348562e-02 2.534323e-01 
7.683019e-04 4.393493e-02 
4.303240e-03 -7.564193e-02 
2.696781e-03 -1.049755e-01 
-2.928024e-02 2.268317e-01 
-8.635680e-03 2.142157e-01 
-8.413692e-03 1.341176e-01 
3.916573e-03 -5.089999e-04 
5.397557e-03 -9.372015e-02 
3.451106e-03 -1.286990e-01 
1.483953e-02 -3.271884e-02 
4.118272e-03 2.326518e-02 
-2.190300e-03 8.308690e-02 
-8.053857e-03 1.093038e-01 
-3.467075e-03 7.825967e-02 
-7.465028e-04 2.835798e-02 
9.629290e-03 -2.937309e-01 
1.388038e-02 -1.762456e-01 
4.027036e-03 5.956091e-03 
-1.497048e-02 1.730287e-01 
-9.002954e-03 1.880672e-01 
-2.816288e-03 1.087831e-01 
-1.602556e-01 -5.136463e-01 
1.390002e-02 -3.507369e-01 
8.774965e-03 -1.062071e-01 
-1.113307e-02 1.322011e-01 
-7.234882e-03 1.605826e-01 
-1.185476e-03 4.375905e-02 
-5.312881e-01 -5.902125e-01 
-6.438141e-03 -4.347249e-01 
7.489170e-03 -2.050160e-01 
2.793445e-03 3.697771e-03 
2.568397e-03 -1.640785e-03 
4.914718e-03 -1.630194e-01 
-7.628825e-01 -5.252227e-01 
-7.963902e-02 -5.032687e-01 
1.774291e-03 -2.736900e-01 
1.328096e-02 -7.835420e-02 
9.343033e-03 -9.376703e-02 
9.214450e-03 -2.598475e-01 
-9.413645e-01 4.085577e-01 
1.066540e-02 4.213324e-01 
1.802658e-02 4.526556e-01 
-6.189513e-02 5.279183e-01 
-3.515716e-02 4.745287e-01 
-1.399510e-02 3.321328e-01 
