poroelastic
5.138423e-04 2.412204e-01 
2.290077e-02 3.374372e-01 
5.138277e-02 2.164887e-01 
-4.174498e-03 -1.180960e-01 
-2.024261e-02 -3.818925e-01 
-2.926414e-02 -5.791713e-01 
-4.515542e-03 -1.149619e-01 
1.787314e-04 2.949113e-02 
5.867444e-03 9.126105e-02 
1.689857e-03 3.400399e-02 
-1.935836e-03 -3.735349e-02 
-5.760266e-03 -1.184613e-01 
1.093115e-02 -4.175622e-01 
-1.657939e-02 -1.984890e-01 
-2.359962e-02 3.940239e-02 
8.927067e-03 1.882194e-01 
1.056644e-02 2.173241e-01 
7.438479e-03 1.558929e-01 
-4.046023e-01 -6.762356e-01 
2.652993e-02 -4.212034e-01 
3.283226e-03 -1.678514e-01 
-5.547129e-04 -1.414096e-02 
1.166432e-04 1.954326e-03 
-3.731162e-03 -7.825449e-02 
-1.394260e+00 -6.387217e-01 
4.503222e-02 -5.758708e-01 
6.808263e-02 -4.938424e-01 
-1.451346e-02 -5.098373e-01 
-2.477246e-02 -5.630932e-01 
-2.825377e-02 -6.183630e-01 
-1.163079e+00 5.425648e-01 
-2.176822e-01 7.939047e-01 
-4.247853e-02 6.553149e-01 
8.302086e-03 4.032395e-01 
9.934368e-03 3.051877e-01 
1.321619e-02 3.509502e-01 
-3.247771e-01 6.242238e-01 
-9.167303e-03 4.649608e-01 
8.630164e-03 1.636868e-01 
-1.931996e-03 -1.572931e-01 
-5.634467e-03 -1.991286e-01 
-2.450858e-04 -7.847404e-03 
4.238695e-03 3.748033e-01 
4.737924e-03 1.672257e-01 
1.138260e-02 -9.291092e-02 
-2.809721e-03 -3.042009e-01 
-5.703720e-03 -2.409195e-01 
1.184973e-03 4.371474e-02 
3.937417e-02 1.403015e-01 
7.595431e-03 2.502400e-02 
9.331005e-03 -1.301468e-01 
-1.408311e-03 -2.536062e-01 
-4.066165e-03 -1.952473e-01 
2.044193e-04 8.008990e-03 
-1.350017e-03 1.105275e-02 
2.110490e-03 3.752244e-02 
4.238857e-03 1.568965e-02 
1.060293e-03 -5.618639e-02 
-1.257010e-03 -9.093631e-02 
-2.455436e-03 -9.436206e-02 
1.626119e-02 -1.436791e-01 
-2.667522e-03 7.345001e-03 
-3.001152e-03 1.324130e-01 
1.760622e-03 1.529165e-01 
1.969588e-03 6.739565e-02 
-2.509128e-03 -9.578375e-02 
-4.383682e-02 -3.717328e-01 
-3.510323e-04 -1.492530e-01 
-3.915613e-03 8.360990e-02 
1.756243e-03 2.014707e-01 
2.829853e-03 1.220518e-01 
-2.437366e-03 -9.993664e-02 
-4.485437e-01 -5.908464e-01 
3.369950e-03 -3.914067e-01 
3.488967e-03 -1.411995e-01 
1.867649e-03 2.494747e-02 
1.105484e-03 -1.264580e-02 
-3.988126e-03 -1.917472e-01 
-1.258427e+00 -5.331352e-01 
-1.020253e-01 -6.322804e-01 
1.316892e-02 -5.129203e-01 
1.305990e-02 -4.194834e-01 
5.379888e-04 -4.395608e-01 
-8.091367e-03 -5.290243e-01 
-1.093662e+00 5.520305e-01 
-1.025439e-01 6.866384e-01 
-1.167779e-02 5.771930e-01 
-1.374021e-02 4.419557e-01 
-4.276422e-03 3.783024e-01 
2.398373e-03 3.739947e-01 
-2.894403e-01 5.736674e-01 
-3.559878e-03 3.926639e-01 
-3.329166e-03 1.466358e-01 
2.941973e-03 -6.347366e-02 
8.923275e-04 -1.061762e-01 
-8.600314e-06 -6.733250e-03 
1.965108e-02 3.035994e-01 
-7.560145e-03 1.076121e-01 
-4.972314e-04 -9.931367e-02 
8.487919e-03 -2.257985e-01 
2.170982e-03 -1.907013e-01 
1.516260e-05 -1.334032e-02 
3.140146e-02 7.763689e-02 
-5.702604e-03 -3.395671e-02 
3.469907e-04 -1.461734e-01 
7.429499e-03 -1.959528e-01 
2.250649e-03 -1.610906e-01 
9.097306e-05 -4.621628e-02 
-6.360940e-03 -4.240856e-02 
-1.004526e-03 -1.849211e-02 
-6.941308e-04 4.168838e-03 
9.983279e-04 1.832355e-02 
1.116433e-03 -2.011676e-02 
1.063185e-04 -8.564376e-02 
2.633697e-02 -2.001560e-01 
6.969915e-03 -5.680617e-02 
7.561101e-04 1.078824e-01 
-7.514167e-03 2.200690e-01 
-1.277406e-03 1.483155e-01 
4.877964e-05 -5.477086e-02 
-6.568268e-02 -4.120695e-01 
7.526949e-03 -2.208240e-01 
3.744287e-03 3.262166e-02 
-8.712322e-03 2.390580e-01 
-2.030632e-03 1.852032e-01 
1.618132e-04 -6.135114e-02 
-4.865293e-01 -5.738599e-01 
-1.707111e-02 -4.505500e-01 
2.902658e-03 -1.896772e-01 
-6.618148e-04 6.598410e-02 
1.092613e-03 5.178963e-02 
9.690046e-04 -1.584432e-01 
-1.181278e+00 -4.457595e-01 
-2.076514e-01 -6.485883e-01 
-2.380547e-02 -5.145942e-01 
3.116755e-02 -3.354669e-01 
1.718559e-02 -3.539412e-01 
5.875463e-03 -5.181609e-01 
-1.178305e+00 6.622543e-01 
4.861340e-02 6.714393e-01 
2.335964e-02 6.043782e-01 
-4.526023e-02 5.387530e-01 
-1.895480e-02 4.162638e-01 
-4.261355e-03 2.401303e-01 
