poroelastic
-8.193275e-02 3.865876e-01 
-7.189341e-02 5.943427e-01 
-2.715259e-02 5.713884e-01 
3.802348e-03 2.845940e-01 
1.298607e-03 2.343350e-02 
-4.431559e-03 -2.173533e-01 
2.756481e-02 4.464757e-02 
-2.340334e-02 2.704118e-01 
-1.273130e-03 2.971593e-01 
3.004055e-03 1.066633e-01 
1.336337e-05 -7.815862e-02 
-4.555945e-03 -2.506145e-01 
-4.613040e-02 -3.142366e-01 
3.588998e-03 -4.934104e-02 
4.680992e-04 7.757088e-02 
1.150702e-03 4.455322e-02 
1.849285e-04 -2.308877e-02 
-1.756209e-03 -1.003433e-01 
-2.582429e-01 -5.964686e-01 
2.313321e-02 -2.180240e-01 
5.191039e-03 -2.507143e-02 
8.371244e-04 -1.004325e-03 
1.187149e-04 -2.535632e-02 
-1.333101e-03 -7.364617e-02 
-6.191284e-01 -6.779208e-01 
3.404032e-02 -2.800372e-01 
2.298494e-02 -8.831598e-02 
4.515148e-03 -1.095531e-01 
-2.319287e-04 -1.543113e-01 
-3.415356e-03 -2.078568e-01 
-9.668373e-01 6.400193e-01 
-2.192979e-01 8.925773e-01 
-4.762095e-02 6.974001e-01 
-4.581332e-03 3.229565e-01 
4.589413e-04 7.244311e-02 
-4.618892e-04 -5.988658e-02 
-7.704995e-01 7.339144e-01 
-7.873276e-02 7.936521e-01 
-2.830301e-02 5.805331e-01 
-2.255142e-03 1.945498e-01 
1.187074e-03 -2.993940e-02 
-4.619795e-05 -1.145161e-01 
-3.776198e-01 6.421855e-01 
-4.154842e-02 6.490024e-01 
-1.805177e-02 4.445136e-01 
2.158085e-03 7.920355e-02 
3.410510e-03 -1.201053e-01 
8.241832e-04 -1.694328e-01 
-1.173647e-01 4.055132e-01 
-2.708194e-02 4.452281e-01 
-1.229313e-02 3.147252e-01 
2.785366e-03 4.565824e-02 
3.642941e-03 -1.112393e-01 
1.133413e-03 -1.555621e-01 
8.375668e-04 1.370773e-01 
-1.567387e-02 2.400378e-01 
-1.374649e-02 2.430173e-01 
-4.056680e-03 1.283446e-01 
2.139356e-04 2.206399e-02 
3.831521e-04 -5.353518e-02 
4.686285e-02 -1.408906e-01 
-2.791528e-03 2.602916e-02 
-1.173764e-02 1.573398e-01 
-8.483252e-03 1.847309e-01 
-2.123605e-03 1.135834e-01 
8.142059e-05 -1.152452e-02 
-4.205608e-02 -4.072645e-01 
7.957993e-03 -1.722172e-01 
-5.640690e-03 5.140698e-02 
-7.599802e-03 1.750920e-01 
-2.100571e-03 1.253116e-01 
3.490770e-04 -4.084779e-02 
-3.202350e-01 -6.025825e-01 
1.565435e-02 -3.137481e-01 
2.961789e-03 -5.984661e-02 
-2.049177e-03 8.648945e-02 
5.333160e-04 4.443486e-02 
1.480423e-03 -1.300153e-01 
-6.678752e-01 -5.963388e-01 
-1.551271e-02 -4.083525e-01 
1.105584e-02 -1.799278e-01 
9.325402e-03 -6.418821e-02 
5.832152e-03 -9.726575e-02 
3.813044e-03 -2.333223e-01 
-8.017161e-01 5.389966e-01 
-1.091557e-01 6.429883e-01 
-3.006287e-02 5.157464e-01 
-2.322852e-02 3.393369e-01 
-7.812885e-03 1.802405e-01 
-1.165706e-03 4.564035e-02 
-5.734223e-01 5.791194e-01 
-2.008282e-02 5.412934e-01 
-2.040188e-02 4.012715e-01 
-1.691228e-02 2.156136e-01 
-4.794032e-03 9.436653e-02 
-1.097948e-03 3.515361e-02 
-2.018032e-01 4.626019e-01 
-1.441994e-02 4.112723e-01 
-1.725966e-02 2.673914e-01 
-7.161883e-04 6.069801e-02 
4.711319e-03 -6.461906e-02 
3.614219e-03 -1.045404e-01 
-3.208134e-02 2.269950e-01 
-1.037270e-02 2.217749e-01 
-1.089777e-02 1.471159e-01 
3.422344e-03 1.184870e-02 
6.249607e-03 -8.704344e-02 
4.670591e-03 -1.292729e-01 
1.989825e-02 -2.607380e-02 
5.895610e-03 3.447412e-02 
-2.934841e-03 9.880868e-02 
-1.168043e-02 1.265509e-01 
-5.311476e-03 9.231036e-02 
-1.399858e-03 3.915774e-02 
2.407183e-02 -2.809792e-01 
1.816337e-02 -1.623765e-01 
5.560959e-03 2.080317e-02 
-2.034058e-02 1.880776e-01 
-1.256119e-02 2.005555e-01 
-4.228845e-03 1.192035e-01 
-1.420015e-01 -4.910787e-01 
1.697156e-02 -3.324505e-01 
1.098442e-02 -9.427318e-02 
-1.425384e-02 1.388656e-01 
-9.584162e-03 1.639587e-01 
-1.662365e-03 4.508396e-02 
-5.007378e-01 -5.650924e-01 
-3.916111e-03 -4.085909e-01 
8.230333e-03 -1.893540e-01 
2.308900e-03 1.110727e-02 
2.569137e-03 3.454556e-03 
6.258045e-03 -1.579715e-01 
-7.247912e-01 -5.009282e-01 
-7.516127e-02 -4.735036e-01 
2.028899e-03 -2.535536e-01 
1.461931e-02 -6.928767e-02 
1.082345e-02 -9.151619e-02 
1.153799e-02 -2.604066e-01 
-9.339117e-01 3.739188e-01 
1.649371e-02 4.061301e-01 
2.071002e-02 4.519163e-01 
-7.464090e-02 5.388074e-01 
-4.381601e-02 4.962761e-01 
-1.850712e-02 3.627099e-01 
