poroelastic
-7.252562e-02 3.623512e-01 
-5.703112e-02 5.484842e-01 
-1.326382e-02 5.091709e-01 
5.592708e-03 2.295934e-01 
1.980525e-04 -7.778473e-03 
-5.757757e-03 -2.202048e-01 
1.924005e-02 2.023683e-02 
-1.544600e-02 2.265176e-01 
4.088791e-03 2.473475e-01 
2.551921e-03 7.666102e-02 
-1.575984e-03 -8.011519e-02 
-5.584124e-03 -2.222810e-01 
-5.560626e-02 -3.268787e-01 
4.782518e-03 -7.548505e-02 
1.105596e-03 5.065540e-02 
1.011257e-03 3.321210e-02 
-2.204900e-04 -1.481644e-02 
-1.821151e-03 -7.221311e-02 
-2.861419e-01 -5.922830e-01 
2.447051e-02 -2.395782e-01 
7.157525e-03 -5.141975e-02 
1.848942e-04 -2.201015e-02 
-6.285001e-04 -3.680395e-02 
-1.914257e-03 -7.461382e-02 
-6.618917e-01 -6.623460e-01 
3.253322e-02 -3.042825e-01 
2.553501e-02 -1.227043e-01 
9.450111e-04 -1.427053e-01 
-2.515984e-03 -1.737179e-01 
-4.833133e-03 -2.107404e-01 
-9.541117e-01 6.450890e-01 
-1.954789e-01 8.645101e-01 
-3.481561e-02 6.570865e-01 
-2.402265e-04 2.919531e-01 
8.504905e-04 6.236234e-02 
-6.921445e-04 -4.615760e-02 
-7.339767e-01 7.333773e-01 
-6.685019e-02 7.636946e-01 
-1.809340e-02 5.379783e-01 
1.311654e-05 1.615909e-01 
5.391785e-04 -3.814585e-02 
-7.766114e-04 -9.714177e-02 
-3.480394e-01 6.344321e-01 
-3.236925e-02 6.184631e-01 
-9.710058e-03 4.023560e-01 
2.626855e-03 4.688141e-02 
1.823605e-03 -1.290404e-01 
-5.106398e-04 -1.565539e-01 
-1.052455e-01 3.956810e-01 
-2.023257e-02 4.188110e-01 
-6.068556e-03 2.796034e-01 
3.045320e-03 1.790234e-02 
2.171362e-03 -1.201228e-01 
-1.997841e-04 -1.485726e-01 
-9.197446e-04 1.253745e-01 
-1.256646e-02 2.168877e-01 
-8.539954e-03 2.112359e-01 
-1.369085e-03 9.893047e-02 
4.378930e-04 7.471077e-03 
-9.195803e-05 -5.491382e-02 
3.304858e-02 -1.526972e-01 
-3.134222e-03 5.459494e-03 
-8.677340e-03 1.290645e-01 
-4.087734e-03 1.569273e-01 
-6.230965e-04 1.003055e-01 
-1.667980e-05 -8.869357e-03 
-6.345598e-02 -4.206791e-01 
6.163442e-03 -1.921720e-01 
-4.639964e-03 2.617840e-02 
-3.760102e-03 1.504273e-01 
-6.204203e-04 1.153839e-01 
-2.223804e-05 -3.110794e-02 
-3.566918e-01 -6.067078e-01 
1.321929e-02 -3.354925e-01 
3.953352e-03 -8.798880e-02 
-4.175048e-06 5.573653e-02 
9.031827e-04 2.494741e-02 
2.363844e-04 -1.307701e-01 
-7.109858e-01 -5.968447e-01 
-2.254091e-02 -4.302624e-01 
1.146976e-02 -2.087267e-01 
8.196503e-03 -9.803077e-02 
4.405267e-03 -1.194393e-01 
1.600211e-03 -2.363795e-01 
-8.127233e-01 5.637487e-01 
-9.945679e-02 6.441822e-01 
-2.301145e-02 5.014012e-01 
-1.579663e-02 3.159935e-01 
-4.697262e-03 1.615497e-01 
-6.151914e-04 4.190120e-02 
-5.611261e-01 5.996560e-01 
-1.888879e-02 5.441823e-01 
-1.528097e-02 3.879516e-01 
-1.100376e-02 1.904646e-01 
-2.678222e-03 7.339731e-02 
-5.121156e-04 2.555514e-02 
-1.920737e-01 4.733905e-01 
-1.200167e-02 4.103335e-01 
-1.288845e-02 2.538419e-01 
1.277203e-03 4.038044e-02 
4.352132e-03 -8.047022e-02 
2.578533e-03 -1.127849e-01 
-2.905078e-02 2.301991e-01 
-8.452987e-03 2.173339e-01 
-8.103267e-03 1.354088e-01 
4.163269e-03 -2.367734e-03 
5.327743e-03 -9.711770e-02 
3.227267e-03 -1.350128e-01 
1.405341e-02 -3.081424e-02 
3.593993e-03 2.583671e-02 
-2.341103e-03 8.430497e-02 
-7.327683e-03 1.071513e-01 
-2.953548e-03 7.378570e-02 
-4.843470e-04 2.069677e-02 
7.928271e-03 -2.942414e-01 
1.288683e-02 -1.752276e-01 
3.343917e-03 7.167082e-03 
-1.397248e-02 1.719755e-01 
-8.115652e-03 1.848842e-01 
-2.366758e-03 1.031286e-01 
-1.623629e-01 -5.180133e-01 
1.327303e-02 -3.528796e-01 
8.040026e-03 -1.056072e-01 
-1.060199e-02 1.329135e-01 
-6.629837e-03 1.600682e-01 
-1.009418e-03 4.184672e-02 
-5.373974e-01 -5.965959e-01 
-6.887118e-03 -4.409520e-01 
7.304737e-03 -2.072077e-01 
2.859261e-03 3.278565e-03 
2.588474e-03 -2.658381e-03 
4.491412e-03 -1.647260e-01 
-7.718334e-01 -5.311132e-01 
-8.049378e-02 -5.104266e-01 
1.790497e-03 -2.780051e-01 
1.305863e-02 -8.058579e-02 
9.026512e-03 -9.455099e-02 
8.492378e-03 -2.593610e-01 
-9.429371e-01 4.172202e-01 
8.779595e-03 4.265986e-01 
1.708395e-02 4.536487e-01 
-5.917577e-02 5.245408e-01 
-3.307496e-02 4.684620e-01 
-1.282029e-02 3.251586e-01 
