poroelastic
4.240589e-02 -2.572341e-02 
4.629653e-02 -4.292680e-02 
4.036649e-02 -8.978171e-02 
-1.711834e-02 -1.926798e-01 
-2.464326e-02 -2.937363e-01 
-2.919719e-02 -3.770882e-01 
1.807520e-02 -7.890552e-02 
-1.616444e-02 -2.179586e-02 
-1.067345e-02 7.555737e-02 
1.108906e-02 1.288128e-01 
8.851213e-03 1.092620e-01 
2.197295e-03 2.863338e-02 
1.179806e-01 -1.329687e-01 
-3.593223e-02 -2.430208e-02 
-2.658889e-02 1.479151e-01 
2.228983e-02 2.594172e-01 
2.034945e-02 2.490762e-01 
1.080717e-02 1.416496e-01 
-1.086082e-01 -2.372880e-01 
-9.530314e-05 -1.731882e-01 
-4.528461e-03 -2.809038e-02 
5.976252e-03 7.475778e-02 
4.035238e-03 5.343332e-02 
-3.990627e-03 -5.286308e-02 
-8.023053e-01 -2.008648e-01 
1.148594e-02 -3.317799e-01 
4.222123e-02 -3.341613e-01 
-2.396473e-02 -3.335450e-01 
-2.937332e-02 -3.873636e-01 
-3.280483e-02 -4.557359e-01 
-5.676937e-01 7.891904e-02 
-1.093164e-01 2.179889e-01 
-2.841265e-02 2.509260e-01 
1.479780e-02 2.564682e-01 
1.899965e-02 2.884355e-01 
2.331312e-02 3.596004e-01 
3.451263e-02 9.814227e-02 
6.491362e-03 -5.227128e-03 
-9.474284e-05 -1.016781e-01 
-8.003210e-03 -1.411584e-01 
-3.838775e-03 -6.447440e-02 
6.702413e-03 1.134187e-01 
1.387016e-01 -4.170992e-02 
7.676157e-03 -1.780902e-01 
-3.042544e-03 -2.486955e-01 
-1.101619e-02 -2.133017e-01 
-4.114116e-03 -7.067868e-02 
8.598970e-03 1.535697e-01 
7.469563e-02 -9.535309e-02 
7.980701e-03 -1.854872e-01 
-1.124762e-03 -2.133582e-01 
-8.240452e-03 -1.702898e-01 
-3.953254e-03 -7.219079e-02 
3.416162e-03 6.202695e-02 
3.537007e-04 -5.242000e-02 
3.710636e-03 -5.515562e-02 
2.603273e-03 -3.830366e-02 
-1.399455e-03 -3.582541e-02 
-2.287481e-03 -4.516189e-02 
-3.814285e-03 -6.866382e-02 
3.202324e-02 -2.591281e-02 
-4.917461e-03 5.658938e-02 
3.935411e-04 1.387785e-01 
7.391009e-03 1.440730e-01 
3.770371e-03 6.752519e-02 
-4.243025e-03 -7.628304e-02 
8.445131e-02 -9.843127e-02 
-7.691513e-03 2.101261e-02 
-3.117421e-03 1.573352e-01 
1.015773e-02 2.072044e-01 
7.020531e-03 1.326934e-01 
-1.835934e-03 -3.404357e-02 
-1.002702e-01 -2.392073e-01 
-3.955389e-03 -1.751885e-01 
-3.896530e-03 -2.700637e-02 
3.789975e-03 8.977172e-02 
3.913762e-03 8.066733e-02 
-7.839345e-04 -1.561388e-02 
-7.528274e-01 -1.960925e-01 
-8.279148e-02 -3.809821e-01 
3.573271e-03 -3.639694e-01 
-7.167438e-03 -3.125720e-01 
-1.185160e-02 -3.185698e-01 
-1.594589e-02 -3.594286e-01 
-6.720620e-01 1.793180e-01 
-5.389523e-02 2.987649e-01 
-1.436895e-03 3.110583e-01 
3.674872e-03 3.015945e-01 
8.616915e-03 3.177857e-01 
1.303433e-02 3.525230e-01 
-2.112083e-02 1.859505e-01 
1.586295e-03 8.925354e-02 
-3.849232e-04 -3.427796e-02 
-1.720375e-03 -1.135058e-01 
-2.345409e-03 -8.070946e-02 
1.022600e-03 3.144979e-02 
8.554412e-02 1.391013e-02 
-3.084601e-03 -1.115743e-01 
-2.974193e-03 -1.984648e-01 
-3.129365e-03 -1.848959e-01 
-2.445606e-03 -7.275026e-02 
3.126106e-03 1.003718e-01 
3.449463e-02 -5.653132e-02 
-2.992854e-03 -1.388084e-01 
-2.628650e-03 -1.725802e-01 
-2.134942e-03 -1.305894e-01 
-1.469351e-03 -4.690626e-02 
1.529588e-03 4.934369e-02 
-3.711221e-03 -2.572774e-02 
-4.446166e-04 -1.459001e-02 
1.905588e-04 8.004116e-03 
9.766329e-04 2.050139e-02 
3.449648e-04 -3.546520e-03 
-2.330383e-03 -7.376124e-02 
5.363388e-02 -1.858646e-02 
3.397890e-03 8.869382e-02 
2.856781e-03 1.773516e-01 
3.702320e-03 1.827252e-01 
2.775475e-03 7.467994e-02 
-4.357781e-03 -1.364837e-01 
9.233733e-02 -1.204476e-01 
5.490493e-03 2.981406e-02 
3.215267e-03 1.779075e-01 
3.038348e-03 2.363494e-01 
3.784170e-03 1.345841e-01 
-2.884938e-03 -9.563265e-02 
-7.822066e-02 -2.977284e-01 
1.188843e-03 -2.037564e-01 
2.140912e-03 -1.623900e-02 
-9.675887e-04 1.558753e-01 
2.390543e-03 1.559293e-01 
7.643414e-04 2.977949e-02 
-7.544457e-01 -2.057199e-01 
-1.544744e-01 -4.005321e-01 
-2.375192e-02 -3.579570e-01 
8.867940e-03 -2.691921e-01 
1.412543e-03 -2.778393e-01 
-6.762357e-03 -3.560952e-01 
-7.943656e-01 4.210818e-01 
4.309145e-02 4.648122e-01 
2.160634e-02 4.245364e-01 
-1.141630e-02 3.331633e-01 
-1.891979e-03 2.413158e-01 
1.919843e-03 1.557449e-01 
