poroelastic
3.825001e-02 -2.225235e-02 
4.218963e-02 -2.525197e-02 
3.926474e-02 -5.263881e-02 
-1.402748e-02 -1.505301e-01 
-2.436286e-02 -2.756144e-01 
-3.200988e-02 -3.876870e-01 
1.582009e-02 -6.124314e-02 
-1.387951e-02 -8.195042e-03 
-6.673092e-03 8.871426e-02 
1.135907e-02 1.276402e-01 
7.436970e-03 8.793585e-02 
-1.418146e-03 -1.728294e-02 
9.461486e-02 -1.068142e-01 
-2.916777e-02 -1.471430e-02 
-2.022226e-02 1.316679e-01 
1.910935e-02 2.135276e-01 
1.735151e-02 2.008835e-01 
7.576841e-03 9.276380e-02 
-1.391459e-01 -2.081588e-01 
5.086659e-03 -1.608241e-01 
6.452486e-05 -5.349172e-02 
1.391514e-03 1.728325e-02 
7.777524e-04 1.141066e-02 
-5.508625e-03 -6.822759e-02 
-7.906460e-01 -1.717480e-01 
8.992162e-03 -3.173628e-01 
4.184430e-02 -3.499815e-01 
-2.795804e-02 -3.679606e-01 
-3.181451e-02 -3.975497e-01 
-3.265705e-02 -4.243199e-01 
-5.430306e-01 7.739008e-02 
-1.030804e-01 1.918848e-01 
-2.844074e-02 2.161627e-01 
1.350966e-02 2.249876e-01 
1.967495e-02 2.792178e-01 
2.734969e-02 3.913448e-01 
7.817831e-03 6.996934e-02 
2.669945e-03 -1.682004e-02 
-3.428359e-03 -9.393836e-02 
-7.604462e-03 -1.192967e-01 
-2.274145e-03 -3.355802e-02 
1.094215e-02 1.704944e-01 
1.049314e-01 -4.916138e-02 
4.622787e-03 -1.604599e-01 
-5.403622e-03 -2.125141e-01 
-1.004485e-02 -1.726824e-01 
-2.902217e-03 -4.248864e-02 
1.118168e-02 1.829092e-01 
6.039464e-02 -8.189072e-02 
6.048638e-03 -1.542270e-01 
-1.774724e-03 -1.738381e-01 
-7.337691e-03 -1.373435e-01 
-3.682316e-03 -6.106921e-02 
3.813888e-03 6.334783e-02 
4.125239e-04 -3.797293e-02 
3.383150e-03 -3.099323e-02 
3.222255e-03 -1.613842e-02 
-1.002528e-03 -2.585859e-02 
-2.776188e-03 -4.970143e-02 
-4.361124e-03 -7.197320e-02 
3.220413e-02 -1.203770e-02 
-4.452610e-03 6.989809e-02 
1.605277e-03 1.434296e-01 
7.634958e-03 1.338362e-01 
3.267376e-03 5.335766e-02 
-4.760428e-03 -7.856840e-02 
7.946229e-02 -7.676357e-02 
-7.130760e-03 2.704226e-02 
-2.300676e-03 1.476542e-01 
9.916346e-03 1.823693e-01 
6.735306e-03 1.159664e-01 
-1.791463e-03 -3.040854e-02 
-1.051799e-01 -2.022356e-01 
-4.137387e-03 -1.669703e-01 
-3.498237e-03 -4.075129e-02 
2.779524e-03 5.909992e-02 
3.354534e-03 6.243921e-02 
-8.436727e-04 -1.528469e-02 
-7.598919e-01 -1.710734e-01 
-8.609528e-02 -3.708920e-01 
4.008346e-03 -3.723247e-01 
-9.857841e-03 -3.414154e-01 
-1.441401e-02 -3.397985e-01 
-1.827648e-02 -3.707324e-01 
-6.604299e-01 2.061099e-01 
-5.104542e-02 3.031535e-01 
-1.005580e-03 2.991835e-01 
4.481098e-03 2.733642e-01 
9.563738e-03 2.962917e-01 
1.439106e-02 3.417920e-01 
-2.927465e-02 2.048192e-01 
2.240955e-03 9.495455e-02 
-3.668312e-04 -3.545226e-02 
-2.695029e-03 -1.235247e-01 
-2.880206e-03 -8.152526e-02 
1.795239e-03 4.764818e-02 
7.061990e-02 2.563179e-02 
-2.492229e-03 -1.014522e-01 
-3.485125e-03 -1.884083e-01 
-4.371020e-03 -1.790494e-01 
-2.654599e-03 -6.010351e-02 
4.793327e-03 1.318443e-01 
2.434972e-02 -4.502903e-02 
-2.499931e-03 -1.193538e-01 
-2.806736e-03 -1.468567e-01 
-2.836107e-03 -1.053314e-01 
-1.200210e-03 -2.108976e-02 
3.262536e-03 9.011770e-02 
3.529885e-03 -1.288041e-02 
4.822799e-04 1.307049e-02 
8.390112e-04 4.791245e-02 
1.465257e-03 6.292345e-02 
1.151395e-03 3.138851e-02 
-1.152231e-03 -3.141549e-02 
7.757337e-02 -1.497486e-02 
4.213233e-03 1.129470e-01 
3.952834e-03 2.179851e-01 
5.342994e-03 2.261832e-01 
3.829997e-03 1.031699e-01 
-3.956426e-03 -1.072351e-01 
1.119612e-01 -1.258262e-01 
5.799140e-03 3.872605e-02 
3.761966e-03 2.001939e-01 
4.662749e-03 2.613230e-01 
4.727152e-03 1.474711e-01 
-2.814517e-03 -8.028943e-02 
-9.047396e-02 -2.961494e-01 
-8.494806e-04 -2.108916e-01 
1.240054e-03 -2.451013e-02 
-1.005987e-04 1.466216e-01 
2.983884e-03 1.461544e-01 
9.066505e-04 2.984808e-02 
-7.992657e-01 -1.746408e-01 
-1.681221e-01 -4.045992e-01 
-2.645474e-02 -3.897856e-01 
7.969873e-03 -3.184397e-01 
-3.547273e-04 -3.216432e-01 
-9.091996e-03 -3.878486e-01 
-7.649726e-01 4.576205e-01 
3.914430e-02 4.835848e-01 
1.931807e-02 4.094474e-01 
-7.856548e-03 2.888507e-01 
-4.740330e-04 2.030835e-01 
2.113925e-03 1.270361e-01 
