poroelastic
-1.558322e-02 -4.110597e-01 
-4.550420e-02 -4.805787e-01 
-6.668122e-02 -1.569512e-01 
9.202568e-03 2.827836e-01 
3.779954e-02 7.791423e-01 
4.392967e-02 8.731070e-01 
1.415181e-01 3.442338e-01 
-3.035417e-02 7.585648e-01 
1.934702e-02 8.175277e-01 
1.804060e-02 3.509882e-01 
-3.997209e-04 -2.134644e-03 
-2.633263e-02 -5.203129e-01 
2.096895e-01 8.814204e-01 
1.925486e-02 1.594319e+00 
1.147280e-01 1.369748e+00 
7.482055e-03 1.284218e-01 
-5.022773e-02 -9.621836e-01 
-9.429877e-02 -1.893458e+00 
5.876527e-01 9.564210e-01 
6.665973e-03 1.861138e+00 
1.060759e-01 1.678380e+00 
1.957906e-02 3.224698e-01 
-4.587190e-02 -9.641510e-01 
-9.159217e-02 -1.925727e+00 
6.113561e-01 7.034603e-01 
3.279463e-02 1.583038e+00 
7.956367e-02 1.569585e+00 
2.543398e-02 4.168339e-01 
-3.295540e-02 -8.406871e-01 
-7.987886e-02 -1.861430e+00 
-1.284661e+00 1.600478e+00 
-9.973449e-02 2.331309e+00 
7.455109e-02 1.912007e+00 
2.961451e-02 5.355618e-01 
-2.769775e-02 -9.349704e-01 
-8.087949e-02 -2.245391e+00 
-1.766878e+00 1.517891e+00 
-1.032822e-01 2.265308e+00 
2.407633e-02 2.170535e+00 
3.480397e-02 1.175545e+00 
1.164683e-03 -9.001527e-02 
-4.596021e-02 -1.508588e+00 
-1.002313e+00 1.402646e+00 
-3.903853e-02 2.074036e+00 
2.481312e-02 2.059567e+00 
3.223624e-02 1.152753e+00 
1.856532e-03 -1.490081e-01 
-4.975329e-02 -1.796264e+00 
-2.292689e-01 1.010691e+00 
-4.200447e-03 1.504618e+00 
3.300165e-02 1.509634e+00 
2.638279e-02 7.579178e-01 
-4.598685e-03 -4.384223e-01 
-5.660752e-02 -2.066112e+00 
6.805202e-04 5.554758e-01 
1.192840e-02 8.920834e-01 
3.852495e-02 9.335004e-01 
1.801585e-02 4.046500e-01 
-1.111686e-02 -5.705697e-01 
-5.688019e-02 -1.970770e+00 
4.441424e-03 4.121561e-01 
1.244674e-02 7.960519e-01 
4.170218e-02 8.701768e-01 
1.568069e-02 3.771959e-01 
-1.414052e-02 -5.648282e-01 
-5.634977e-02 -1.857077e+00 
3.748387e-01 6.129009e-01 
8.119947e-03 1.204048e+00 
3.778198e-02 1.300714e+00 
2.248104e-02 6.833048e-01 
-1.030160e-02 -3.972682e-01 
-5.141139e-02 -1.713553e+00 
1.011391e+00 8.080351e-01 
4.211145e-02 1.655172e+00 
3.356447e-02 1.786429e+00 
2.806651e-02 9.885084e-01 
-6.648467e-03 -3.292852e-01 
-4.860040e-02 -1.807084e+00 
5.610932e-01 8.721589e-01 
4.508348e-02 1.710178e+00 
3.530983e-02 1.724503e+00 
2.114583e-02 6.417207e-01 
-1.415585e-02 -9.536031e-01 
-5.609934e-02 -2.640408e+00 
-1.367990e+00 1.659417e+00 
-6.549633e-02 2.477594e+00 
2.152331e-02 2.197850e+00 
1.883577e-02 8.368285e-01 
-5.054533e-03 -8.899978e-01 
-3.856441e-02 -2.652199e+00 
-1.057189e+00 1.528104e+00 
-4.237515e-03 2.192270e+00 
7.102865e-03 1.993163e+00 
1.396770e-02 8.373428e-01 
1.605678e-03 -6.380961e-01 
-2.310616e-02 -2.259039e+00 
-3.486497e-01 1.050682e+00 
7.552201e-03 1.483092e+00 
2.753391e-04 1.376036e+00 
1.163000e-02 5.719068e-01 
3.136033e-03 -5.459606e-01 
-1.795223e-02 -1.958491e+00 
-3.513130e-02 4.988316e-01 
4.701514e-03 7.300386e-01 
9.739312e-04 7.668791e-01 
7.803197e-03 3.875725e-01 
1.542188e-03 -3.440324e-01 
-1.454613e-02 -1.480823e+00 
2.860152e-02 2.415291e-01 
5.438015e-03 4.468979e-01 
4.946208e-03 6.168306e-01 
5.992517e-03 4.999436e-01 
1.077120e-03 -4.175777e-02 
-1.143387e-02 -1.009767e+00 
2.240391e-01 4.551530e-01 
1.415473e-02 8.624083e-01 
1.051297e-02 9.996259e-01 
8.437987e-03 6.597622e-01 
-7.562536e-04 -1.510377e-01 
-1.583688e-02 -1.281317e+00 
7.351146e-01 9.936947e-01 
3.823821e-02 1.755224e+00 
1.519257e-02 1.763081e+00 
1.088640e-02 8.731671e-01 
-2.740976e-03 -4.998235e-01 
-2.243529e-02 -2.041766e+00 
1.333226e+00 1.455966e+00 
9.376787e-02 2.581416e+00 
1.060130e-03 2.478504e+00 
1.204447e-02 1.020381e+00 
3.119875e-03 -9.251487e-01 
-1.886477e-02 -2.951384e+00 
8.011964e-01 1.460969e+00 
4.706492e-02 2.580822e+00 
-5.736574e-02 2.339572e+00 
1.420540e-02 5.822842e-01 
1.924606e-02 -1.551224e+00 
2.041600e-03 -3.683319e+00 
-2.620234e+00 1.341834e+00 
-8.056261e-03 2.531480e+00 
2.382498e-02 2.681276e+00 
-2.176304e-02 1.584671e+00 
1.872488e-03 2.485171e-01 
9.400174e-03 -1.196141e+00 
