poroelastic
4.094324e-02 -2.948745e-01 
2.637693e-02 -4.533797e-01 
-1.841792e-02 -3.970754e-01 
-1.233955e-02 -7.350479e-02 
3.045401e-03 2.211024e-01 
1.969479e-02 4.677732e-01 
-4.193271e-02 1.222808e-02 
3.045510e-02 -2.182252e-01 
1.171587e-02 -3.032830e-01 
-4.907583e-03 -1.716128e-01 
-1.799920e-03 -1.262753e-02 
6.217499e-03 1.560971e-01 
-9.749301e-02 3.401814e-01 
2.846284e-02 2.851073e-02 
3.337456e-02 -2.169601e-01 
-7.995636e-04 -2.743754e-01 
-5.601280e-03 -2.076188e-01 
-2.236576e-03 -5.738026e-02 
2.938614e-01 6.820328e-01 
-2.915788e-02 3.103980e-01 
-3.917240e-03 3.615474e-02 
-2.549873e-03 -6.058576e-02 
-1.722496e-03 -1.352555e-02 
5.025496e-03 1.284638e-01 
1.275333e+00 7.379527e-01 
-7.276554e-02 5.115277e-01 
-8.513826e-02 3.790619e-01 
-1.785549e-02 4.099063e-01 
6.597203e-03 5.005536e-01 
2.263108e-02 6.090522e-01 
1.341214e+00 -5.336702e-01 
3.267266e-01 -9.303065e-01 
9.544822e-02 -8.342900e-01 
1.654200e-02 -5.565250e-01 
-2.071479e-03 -3.982380e-01 
-1.027758e-02 -3.603631e-01 
5.470987e-01 -6.527352e-01 
5.758990e-02 -6.246262e-01 
1.132618e-02 -3.621882e-01 
-2.736687e-03 -2.206653e-03 
8.115555e-04 1.140081e-01 
4.524661e-04 2.080763e-02 
1.560116e-01 -4.515332e-01 
1.753779e-02 -3.369161e-01 
-4.003773e-03 -1.057911e-01 
-6.255640e-03 1.560885e-01 
8.057705e-04 1.753340e-01 
-2.154022e-04 -1.257087e-02 
3.251132e-02 -2.231589e-01 
7.191585e-03 -1.715869e-01 
-4.326639e-03 -4.284046e-02 
-5.204211e-03 1.164850e-01 
5.180130e-05 1.281732e-01 
9.197244e-05 6.127271e-03 
2.204978e-03 -7.868178e-02 
9.927648e-03 -1.533936e-01 
5.794112e-03 -1.597672e-01 
-1.182801e-03 -6.801611e-02 
-1.461172e-03 2.428657e-02 
1.492402e-03 9.875925e-02 
-8.624151e-02 7.416974e-02 
1.356430e-02 -1.320166e-01 
2.095340e-02 -2.935492e-01 
7.988289e-03 -2.987353e-01 
-1.316951e-03 -1.541371e-01 
1.369996e-03 8.911454e-02 
-1.166800e-01 3.184278e-01 
6.704765e-03 1.896477e-02 
2.189847e-02 -2.642226e-01 
1.095881e-02 -3.709319e-01 
-1.079917e-03 -2.271239e-01 
1.310523e-03 9.298054e-02 
2.529309e-01 5.940736e-01 
-1.416322e-02 2.857881e-01 
2.104795e-03 -2.055539e-02 
2.172827e-03 -1.805369e-01 
-2.767435e-03 -8.142781e-02 
2.193170e-03 1.996844e-01 
1.129413e+00 5.790016e-01 
5.110742e-02 5.528055e-01 
-3.267816e-02 3.887272e-01 
-3.287266e-02 3.000903e-01 
-1.310409e-02 3.724452e-01 
3.130312e-03 5.500572e-01 
1.235546e+00 -4.982748e-01 
1.748505e-01 -7.764417e-01 
5.068548e-02 -7.222101e-01 
4.620225e-02 -5.888381e-01 
1.752414e-02 -4.849342e-01 
1.340853e-03 -4.059860e-01 
4.231435e-01 -5.656359e-01 
2.593502e-02 -4.940521e-01 
1.510695e-02 -2.841628e-01 
1.481684e-03 -5.408113e-02 
-1.277701e-03 3.987378e-02 
-1.062651e-04 1.234158e-02 
7.503167e-02 -3.399767e-01 
1.206004e-02 -2.156240e-01 
2.028347e-03 -3.643244e-02 
-1.016903e-02 1.159393e-01 
-4.085579e-03 1.302128e-01 
-1.453920e-04 1.273834e-02 
6.288280e-03 -1.275092e-01 
4.676212e-03 -6.374032e-02 
-1.111749e-03 2.203470e-02 
-6.315863e-03 8.102760e-02 
-2.338728e-03 7.672969e-02 
-2.871821e-06 2.245776e-04 
-1.558107e-02 -1.256442e-02 
-7.935821e-04 -7.019822e-02 
5.822429e-03 -1.146792e-01 
7.698053e-03 -1.254029e-01 
1.322341e-03 -6.310795e-02 
-4.220657e-04 3.394601e-02 
-1.150419e-01 1.215799e-01 
-9.457285e-03 -5.835763e-02 
1.103882e-02 -2.390910e-01 
2.423288e-02 -3.324532e-01 
6.545370e-03 -2.214413e-01 
-3.640449e-04 3.069237e-02 
-9.419109e-02 3.247667e-01 
-1.495350e-02 7.625060e-02 
6.824873e-03 -1.903504e-01 
2.514674e-02 -3.564839e-01 
6.364837e-03 -2.398877e-01 
-1.100155e-03 8.497184e-02 
2.843928e-01 5.103049e-01 
-8.573306e-03 2.908017e-01 
-1.613927e-03 1.830834e-02 
8.514272e-03 -1.826662e-01 
-1.197351e-03 -9.259478e-02 
-3.413654e-03 2.148257e-01 
1.017814e+00 4.140721e-01 
1.412861e-01 5.086327e-01 
3.975096e-03 3.670756e-01 
-4.382910e-02 2.338862e-01 
-2.715072e-02 3.143337e-01 
-1.162961e-02 5.582121e-01 
1.343553e+00 -5.353488e-01 
-5.729714e-03 -7.344913e-01 
4.548705e-04 -7.417767e-01 
9.092289e-02 -7.023167e-01 
4.084199e-02 -5.831471e-01 
1.024805e-02 -3.803339e-01 
