poroelastic
-1.047001e-02 -1.785998e-01 
-3.070469e-02 -1.850585e-01 
-3.945721e-02 -2.461523e-02 
1.564970e-02 2.043603e-01 
2.279409e-02 2.467969e-01 
2.430275e-02 2.499786e-01 
3.840725e-02 2.456909e-01 
-1.288555e-02 1.512197e-01 
-1.735147e-03 1.090932e-01 
7.374269e-03 8.124727e-02 
1.668207e-03 1.757328e-02 
4.344163e-04 4.498061e-03 
1.231198e-01 5.924187e-01 
6.588524e-03 3.549876e-01 
2.346561e-02 1.211527e-01 
-6.921138e-03 -8.869151e-02 
-1.383876e-02 -1.476113e-01 
-1.092101e-02 -1.137224e-01 
4.522066e-01 8.573902e-01 
-1.097652e-02 5.422090e-01 
1.321606e-02 2.277414e-01 
-3.842013e-03 -4.736375e-02 
-6.261932e-03 -6.747548e-02 
9.887347e-04 1.046522e-02 
9.376571e-01 7.816980e-01 
9.451179e-03 6.778995e-01 
-1.500303e-02 4.131588e-01 
1.069027e-02 1.703948e-01 
1.381522e-02 1.670637e-01 
2.111091e-02 2.346557e-01 
8.996112e-01 -3.731078e-01 
1.420931e-01 -5.332488e-01 
2.240596e-02 -4.897899e-01 
-2.502174e-02 -4.061504e-01 
-2.013030e-02 -2.635805e-01 
-1.341622e-02 -1.622382e-01 
3.754362e-01 -5.110581e-01 
1.122305e-02 -4.045460e-01 
-8.888138e-03 -2.304586e-01 
-4.694165e-03 -5.753970e-02 
2.777733e-03 4.374798e-02 
5.909854e-03 7.673808e-02 
6.557772e-02 -4.365103e-01 
-1.180788e-02 -2.704258e-01 
-1.633506e-02 -5.570755e-02 
4.407050e-03 1.319453e-01 
1.155850e-02 1.838011e-01 
1.201128e-02 1.619380e-01 
-2.390984e-02 -2.176989e-01 
-1.468707e-02 -1.151284e-01 
-1.419163e-02 3.760283e-02 
6.880558e-03 1.715971e-01 
1.140177e-02 1.827809e-01 
1.101593e-02 1.506834e-01 
-3.003625e-03 6.820187e-02 
-9.166958e-03 8.475952e-02 
-4.879286e-03 1.085724e-01 
6.284563e-03 1.213082e-01 
5.325693e-03 8.216145e-02 
4.211559e-03 5.768391e-02 
8.427071e-02 3.665809e-01 
-1.568293e-03 3.100276e-01 
7.650292e-03 1.927541e-01 
3.714294e-03 4.842945e-02 
-3.061355e-03 -4.798534e-02 
-4.217287e-03 -5.785853e-02 
3.123821e-01 6.703490e-01 
-1.693029e-03 5.302062e-01 
1.173210e-02 3.055649e-01 
3.641116e-03 4.484397e-02 
-4.567207e-03 -7.193908e-02 
-4.658757e-03 -6.524671e-02 
7.242974e-01 8.857969e-01 
6.452735e-03 7.024093e-01 
7.362045e-03 4.340936e-01 
6.353015e-03 1.185412e-01 
4.277015e-04 7.155505e-03 
2.591600e-04 3.836914e-03 
1.123659e+00 8.364554e-01 
1.052576e-01 8.711669e-01 
4.902807e-03 6.039401e-01 
9.566915e-03 2.778866e-01 
8.186581e-03 1.631866e-01 
7.316746e-03 1.194775e-01 
8.182725e-01 -4.841799e-01 
5.711701e-02 -4.318922e-01 
5.107549e-03 -3.243073e-01 
-5.491791e-03 -3.153572e-01 
-1.002378e-02 -2.581238e-01 
-1.455302e-02 -2.688783e-01 
3.348212e-01 -4.500383e-01 
3.226838e-04 -3.056060e-01 
-1.348712e-03 -1.524670e-01 
-6.691994e-04 -7.386811e-02 
-7.028423e-04 -3.501906e-02 
-4.242135e-03 -8.531011e-02 
3.754926e-02 -3.050475e-01 
-3.193443e-03 -1.537594e-01 
-1.915035e-03 8.398475e-04 
4.573472e-04 9.229905e-02 
3.416445e-03 9.896882e-02 
2.326884e-03 4.786673e-02 
-2.936920e-02 -8.168863e-02 
-1.612222e-03 2.330336e-02 
-7.485373e-04 1.068616e-01 
1.346128e-03 1.358189e-01 
3.453823e-03 1.058602e-01 
3.834825e-03 7.930100e-02 
2.473007e-02 2.020844e-01 
2.856904e-03 2.218339e-01 
2.457140e-03 1.727902e-01 
1.803830e-03 7.539835e-02 
2.765327e-04 1.216475e-02 
1.338638e-03 2.764257e-02 
1.413717e-01 5.328049e-01 
7.972076e-03 4.422333e-01 
7.188276e-03 2.259196e-01 
1.314564e-03 -3.807145e-02 
-5.074691e-03 -1.411075e-01 
-4.252195e-03 -8.747904e-02 
4.102831e-01 8.110002e-01 
1.335791e-02 6.766317e-01 
8.810086e-03 3.502845e-01 
2.025756e-03 -5.099433e-02 
-5.903954e-03 -1.779299e-01 
-4.469391e-03 -9.534365e-02 
8.887764e-01 9.119372e-01 
4.571538e-02 8.666042e-01 
7.426883e-03 5.254236e-01 
1.534145e-03 6.158630e-02 
-2.404199e-03 -6.673468e-02 
1.291150e-03 3.086084e-02 
1.167141e+00 8.131810e-01 
1.847326e-01 1.001404e+00 
1.552322e-02 6.751025e-01 
-1.075363e-03 1.910573e-01 
-4.214267e-04 3.815202e-02 
3.346858e-03 9.776994e-02 
7.754692e-01 -4.931617e-01 
-2.478189e-02 -2.274181e-01 
-1.922432e-02 -2.102034e-01 
1.447020e-02 -3.886118e-01 
-9.530654e-04 -3.773405e-01 
-7.835922e-03 -2.871072e-01 
