poroelastic
3.776689e-02 -2.844219e-01 
2.240865e-02 -4.369188e-01 
-2.101360e-02 -3.799516e-01 
-1.134159e-02 -6.272053e-02 
4.055141e-03 2.244661e-01 
2.013332e-02 4.655192e-01 
-4.184004e-02 1.677652e-02 
3.002346e-02 -2.102837e-01 
1.142515e-02 -2.973906e-01 
-5.158734e-03 -1.728954e-01 
-1.837563e-03 -1.993243e-02 
6.005149e-03 1.456863e-01 
-9.573784e-02 3.399198e-01 
2.893357e-02 3.068583e-02 
3.275748e-02 -2.144914e-01 
-2.071556e-03 -2.733308e-01 
-6.192724e-03 -2.081165e-01 
-2.374193e-03 -5.856215e-02 
2.950327e-01 6.772535e-01 
-2.848725e-02 3.116104e-01 
-3.933069e-03 3.862269e-02 
-2.584175e-03 -5.848172e-02 
-1.594636e-03 -1.294045e-02 
5.148799e-03 1.266051e-01 
1.268946e+00 7.311442e-01 
-7.078539e-02 5.157058e-01 
-8.377431e-02 3.834665e-01 
-1.442361e-02 4.112443e-01 
8.255856e-03 4.969360e-01 
2.309286e-02 5.998532e-01 
1.332708e+00 -5.303607e-01 
3.186998e-01 -9.164324e-01 
9.091623e-02 -8.194550e-01 
1.352393e-02 -5.466553e-01 
-3.291266e-03 -3.936727e-01 
-1.085117e-02 -3.613758e-01 
5.417767e-01 -6.470051e-01 
5.511986e-02 -6.146770e-01 
1.000387e-02 -3.538019e-01 
-2.330105e-03 -5.059691e-04 
1.145068e-03 1.096180e-01 
2.875938e-04 1.233216e-02 
1.523768e-01 -4.459835e-01 
1.594350e-02 -3.292698e-01 
-4.404575e-03 -9.958906e-02 
-5.281012e-03 1.564167e-01 
1.266810e-03 1.712860e-01 
-3.322411e-04 -1.764044e-02 
3.012154e-02 -2.190181e-01 
6.081087e-03 -1.656571e-01 
-4.746699e-03 -3.791520e-02 
-4.613547e-03 1.179519e-01 
3.787776e-04 1.275349e-01 
1.117941e-04 6.643754e-03 
2.206599e-03 -7.427781e-02 
9.195750e-03 -1.475086e-01 
4.903839e-03 -1.547979e-01 
-1.345862e-03 -6.553244e-02 
-1.300585e-03 2.443384e-02 
1.677603e-03 9.884930e-02 
-8.362670e-02 7.849589e-02 
1.366100e-02 -1.267044e-01 
1.982962e-02 -2.890223e-01 
6.523228e-03 -2.958188e-01 
-1.664272e-03 -1.538524e-01 
1.516703e-03 8.786778e-02 
-1.124435e-01 3.232677e-01 
7.437532e-03 2.384443e-02 
2.115236e-02 -2.602398e-01 
9.123436e-03 -3.678748e-01 
-1.638608e-03 -2.266417e-01 
1.453744e-03 9.066791e-02 
2.567052e-01 5.990993e-01 
-1.364400e-02 2.932300e-01 
2.016917e-03 -1.524142e-02 
1.703980e-03 -1.782507e-01 
-2.691597e-03 -8.375765e-02 
2.490889e-03 1.919233e-01 
1.135807e+00 5.830264e-01 
5.245741e-02 5.628743e-01 
-3.247408e-02 3.970717e-01 
-3.038622e-02 3.057203e-01 
-1.143432e-02 3.729083e-01 
4.189639e-03 5.446716e-01 
1.242144e+00 -5.030119e-01 
1.719420e-01 -7.741449e-01 
4.832158e-02 -7.181686e-01 
4.256821e-02 -5.846345e-01 
1.554993e-02 -4.819519e-01 
4.196177e-04 -4.062592e-01 
4.245987e-01 -5.691503e-01 
2.488160e-02 -4.939589e-01 
1.396440e-02 -2.825802e-01 
1.330254e-03 -5.207127e-02 
-1.058890e-03 3.922723e-02 
-5.175196e-05 8.271035e-03 
7.463626e-02 -3.409802e-01 
1.117416e-02 -2.143609e-01 
1.654375e-03 -3.425261e-02 
-9.475537e-03 1.174342e-01 
-3.569040e-03 1.288979e-01 
-8.241656e-05 9.226209e-03 
5.678365e-03 -1.266442e-01 
4.258996e-03 -6.181064e-02 
-1.180261e-03 2.330029e-02 
-5.915434e-03 8.142589e-02 
-2.075446e-03 7.613572e-02 
-3.282517e-06 3.222656e-04 
-1.490493e-02 -8.811651e-03 
-7.144626e-04 -6.702564e-02 
5.476304e-03 -1.137136e-01 
7.054864e-03 -1.252708e-01 
1.109504e-03 -6.324221e-02 
-3.478723e-04 3.548029e-02 
-1.118216e-01 1.277374e-01 
-8.538827e-03 -5.489307e-02 
1.070602e-02 -2.389911e-01 
2.225497e-02 -3.325908e-01 
5.654541e-03 -2.204043e-01 
-3.163770e-04 3.441906e-02 
-8.954490e-02 3.348886e-01 
-1.385794e-02 8.095740e-02 
6.850483e-03 -1.912442e-01 
2.334973e-02 -3.586162e-01 
5.493852e-03 -2.399198e-01 
-9.058701e-04 8.850473e-02 
2.900738e-01 5.255220e-01 
-8.444659e-03 3.016608e-01 
-1.730083e-03 2.056815e-02 
8.319670e-03 -1.864624e-01 
-1.061096e-03 -9.781436e-02 
-2.787805e-03 2.100865e-01 
1.035735e+00 4.283808e-01 
1.428787e-01 5.245807e-01 
3.764880e-03 3.762094e-01 
-4.214813e-02 2.377944e-01 
-2.569648e-02 3.154769e-01 
-1.025252e-02 5.577810e-01 
1.361924e+00 -5.495819e-01 
-5.560098e-03 -7.431586e-01 
-1.183890e-04 -7.488612e-01 
8.690467e-02 -7.059083e-01 
3.846542e-02 -5.831625e-01 
9.290667e-03 -3.794048e-01 
