poroelastic
1.176746e-02 -1.590952e-01 
2.935481e-03 -2.320086e-01 
-2.539527e-02 -1.613028e-01 
-1.169208e-02 6.230779e-02 
-6.574267e-04 2.405087e-01 
8.913113e-03 3.614508e-01 
-1.187933e-02 -6.492768e-03 
1.193327e-02 -1.128079e-01 
2.550136e-03 -1.331540e-01 
-1.966892e-03 -4.219499e-02 
-6.601722e-04 3.815437e-02 
2.164380e-03 9.864565e-02 
-9.381770e-02 1.456375e-01 
2.088353e-02 6.381471e-04 
2.736215e-02 -1.338260e-01 
5.303595e-03 -1.813581e-01 
-4.412721e-04 -1.620811e-01 
-2.033741e-03 -9.741482e-02 
1.700647e-01 3.331679e-01 
-2.278045e-02 1.827407e-01 
-5.250628e-03 4.917690e-02 
-1.104772e-03 -1.683020e-02 
-9.160899e-04 -1.106798e-03 
1.560942e-03 7.329584e-02 
9.638565e-01 3.462644e-01 
-6.872329e-02 3.025205e-01 
-7.727338e-02 3.154900e-01 
-2.561915e-02 3.721695e-01 
-3.292602e-03 4.408343e-01 
9.999672e-03 5.052786e-01 
7.751915e-01 -1.864712e-01 
2.212953e-01 -4.693127e-01 
7.730310e-02 -4.703211e-01 
2.553800e-02 -3.697464e-01 
6.686880e-03 -3.421289e-01 
-4.011380e-03 -3.793076e-01 
7.407401e-02 -2.662817e-01 
9.127572e-03 -2.070372e-01 
-8.221686e-03 -3.641654e-02 
-1.006536e-02 1.561588e-01 
-2.352097e-03 1.699153e-01 
1.124503e-04 3.463172e-02 
-9.152816e-02 -1.064278e-01 
-8.986868e-03 1.799411e-02 
-2.014708e-02 1.623167e-01 
-1.381462e-02 2.581744e-01 
-2.333246e-03 1.777495e-01 
1.069992e-04 -5.037380e-02 
-4.294109e-02 -2.499750e-03 
-9.725314e-03 7.819443e-02 
-1.496756e-02 1.598408e-01 
-8.918679e-03 1.891494e-01 
-7.804399e-04 1.022765e-01 
4.053556e-04 -8.420959e-02 
2.907743e-03 -2.663441e-02 
1.715997e-03 -3.731776e-02 
-2.364661e-03 -1.041899e-02 
-4.791718e-03 4.202570e-02 
-2.326232e-03 6.371350e-02 
-2.625192e-04 5.324263e-02 
-5.660483e-02 -5.662254e-02 
1.183475e-02 -1.565429e-01 
1.471020e-02 -2.008720e-01 
5.779335e-03 -1.489801e-01 
-8.354740e-04 -4.295050e-02 
-4.745431e-04 9.859865e-02 
-1.340487e-01 3.176231e-03 
1.095955e-02 -1.396338e-01 
1.833353e-02 -2.407352e-01 
9.836382e-03 -2.200862e-01 
1.149373e-04 -9.142655e-02 
-7.135554e-04 1.161044e-01 
5.838866e-02 1.344843e-01 
-1.121355e-03 1.483377e-02 
3.667242e-03 -8.410368e-02 
-3.973506e-04 -8.938651e-02 
-3.888084e-03 1.385734e-02 
-1.780961e-03 1.969381e-01 
6.865494e-01 1.358102e-01 
3.883748e-02 2.027187e-01 
-2.305430e-02 2.224845e-01 
-3.663133e-02 2.617781e-01 
-1.931185e-02 3.424000e-01 
-6.308144e-03 4.485620e-01 
6.512871e-01 -1.459732e-01 
1.078529e-01 -3.701390e-01 
3.300123e-02 -3.839372e-01 
4.060550e-02 -3.442481e-01 
2.197877e-02 -3.442700e-01 
8.458164e-03 -3.574157e-01 
1.949514e-02 -1.884887e-01 
1.090563e-02 -1.395517e-01 
1.844305e-03 -7.884662e-03 
-1.439012e-02 1.153633e-01 
-7.733715e-03 1.325067e-01 
-1.907139e-03 6.487173e-02 
-8.334701e-02 -4.813371e-02 
5.042479e-03 4.802706e-02 
-9.928021e-03 1.548306e-01 
-1.989843e-02 1.976158e-01 
-7.455369e-03 1.419610e-01 
-1.769084e-05 5.383412e-04 
-2.145378e-02 5.645107e-03 
6.965018e-04 7.182199e-02 
-9.310041e-03 1.379970e-01 
-1.129233e-02 1.352582e-01 
-2.746099e-03 6.904879e-02 
1.764053e-03 -5.078117e-02 
-1.930608e-03 -6.184985e-02 
4.522081e-03 -7.248594e-02 
3.577922e-03 -4.087479e-02 
-1.536141e-03 -7.518047e-03 
-2.470747e-03 2.485013e-02 
-1.918959e-03 5.549490e-02 
-1.002977e-01 -1.075835e-01 
1.700654e-03 -1.883547e-01 
1.388902e-02 -2.080634e-01 
1.355916e-02 -1.679193e-01 
1.853558e-03 -6.685477e-02 
-2.951630e-03 8.629614e-02 
-1.806859e-01 -6.618409e-02 
-2.530451e-03 -1.683183e-01 
1.314890e-02 -2.212650e-01 
1.721346e-02 -2.034007e-01 
3.448510e-03 -9.543722e-02 
-3.258323e-03 9.214344e-02 
-3.504514e-02 1.593771e-02 
3.898239e-04 -5.337995e-02 
7.852543e-03 -9.806826e-02 
4.478861e-03 -9.581609e-02 
-2.964827e-03 -8.728536e-03 
-5.814000e-03 1.532775e-01 
4.805580e-01 -4.272279e-02 
9.610291e-02 7.091145e-02 
1.442099e-02 1.499954e-01 
-4.399039e-02 2.168661e-01 
-3.060234e-02 3.040626e-01 
-1.778498e-02 4.192714e-01 
5.947296e-01 -2.286849e-01 
9.937613e-03 -4.219577e-01 
8.741325e-03 -3.846113e-01 
4.219208e-02 -2.771744e-01 
2.102362e-02 -2.209926e-01 
7.703414e-03 -1.574735e-01 
