poroelastic
-4.158629e-02 3.789447e-01 
-1.413438e-02 5.520865e-01 
3.036931e-02 4.417704e-01 
1.826329e-03 5.403502e-02 
-1.145210e-02 -2.509806e-01 
-2.024071e-02 -4.890530e-01 
3.082247e-03 -6.064509e-02 
-2.928239e-03 1.472045e-01 
1.155842e-02 1.843665e-01 
1.360320e-03 3.815965e-02 
-4.393674e-03 -9.457095e-02 
-8.472453e-03 -2.080759e-01 
-4.750862e-02 -4.625513e-01 
-4.046938e-03 -1.866546e-01 
-1.146893e-02 2.643946e-02 
4.477375e-03 1.059152e-01 
4.528760e-03 1.047824e-01 
2.268626e-03 5.554467e-02 
-4.558760e-01 -7.728003e-01 
3.355777e-02 -4.227102e-01 
8.841491e-03 -1.622726e-01 
-2.051291e-03 -5.302973e-02 
-1.842594e-03 -4.300776e-02 
-3.941381e-03 -9.622522e-02 
-1.303703e+00 -7.822391e-01 
4.992305e-02 -5.503585e-01 
6.073717e-02 -4.024915e-01 
-1.279983e-02 -4.337818e-01 
-1.750431e-02 -4.739516e-01 
-1.945476e-02 -5.131179e-01 
-1.302511e+00 7.593571e-01 
-2.369007e-01 1.031954e+00 
-3.614721e-02 7.980233e-01 
7.317665e-03 4.014151e-01 
5.425272e-03 2.009800e-01 
5.125450e-03 1.685220e-01 
-6.308754e-01 8.656379e-01 
-3.387799e-02 7.697692e-01 
3.471104e-03 4.216999e-01 
1.109318e-03 -2.934393e-02 
-3.400697e-03 -1.772411e-01 
-2.236878e-03 -9.381686e-02 
-1.897867e-01 6.398011e-01 
-7.340543e-03 4.860790e-01 
8.243557e-03 1.718712e-01 
1.097615e-03 -1.916258e-01 
-3.394217e-03 -2.544417e-01 
-1.788860e-03 -9.082293e-02 
-3.167894e-02 3.385440e-01 
-1.735877e-03 2.699801e-01 
7.085349e-03 7.457158e-02 
1.664257e-03 -1.696335e-01 
-2.146825e-03 -2.072239e-01 
-1.645400e-03 -9.025991e-02 
-1.082009e-03 8.798264e-02 
-3.769474e-03 1.567847e-01 
9.822718e-04 1.293127e-01 
1.270957e-03 7.143947e-03 
-3.003914e-04 -6.169564e-02 
-1.732394e-03 -9.238783e-02 
2.356554e-02 -1.794536e-01 
-4.077554e-03 1.263462e-02 
-5.148673e-03 1.558589e-01 
9.765013e-04 1.708639e-01 
1.559980e-03 8.604569e-02 
-1.372363e-03 -7.237142e-02 
-7.880678e-02 -4.850576e-01 
1.381723e-03 -2.025575e-01 
-4.760524e-03 6.661489e-02 
1.001956e-03 1.977792e-01 
2.052971e-03 1.248671e-01 
-1.649787e-03 -9.345210e-02 
-5.141486e-01 -7.295429e-01 
7.354869e-03 -4.436129e-01 
5.173739e-03 -1.446671e-01 
1.831022e-03 2.905292e-02 
1.042394e-03 -1.774525e-02 
-3.193888e-03 -2.154353e-01 
-1.241756e+00 -6.893169e-01 
-7.836067e-02 -6.544664e-01 
1.688787e-02 -4.535070e-01 
1.095879e-02 -3.436289e-01 
2.298932e-03 -3.683031e-01 
-4.611041e-03 -4.800425e-01 
-1.181675e+00 7.113775e-01 
-1.179273e-01 8.277764e-01 
-1.622769e-02 6.568325e-01 
-1.338076e-02 4.458532e-01 
-3.982695e-03 3.107961e-01 
5.093303e-04 2.513078e-01 
-5.049646e-01 7.472238e-01 
-8.895342e-03 5.853881e-01 
-6.573908e-03 3.159802e-01 
-3.566532e-04 4.523952e-02 
7.213785e-04 -5.395747e-02 
2.077122e-05 -6.809659e-03 
-8.304866e-02 4.924651e-01 
-8.269771e-03 3.203583e-01 
-4.435028e-03 7.369945e-02 
8.765691e-03 -1.535857e-01 
4.259480e-03 -2.072191e-01 
5.634049e-04 -1.045262e-01 
8.866904e-03 1.961630e-01 
-6.628900e-03 1.123609e-01 
-2.156805e-03 -2.331131e-02 
8.659880e-03 -1.505356e-01 
4.261364e-03 -1.855323e-01 
7.531456e-04 -1.250708e-01 
2.205612e-03 -3.937645e-02 
6.996735e-04 9.571797e-03 
-9.982010e-04 4.831982e-02 
-1.168027e-03 5.735289e-02 
2.826014e-04 1.344935e-02 
2.619738e-04 -4.890714e-02 
1.488521e-02 -2.996260e-01 
8.023773e-03 -1.345215e-01 
8.048912e-04 7.228393e-02 
-9.134478e-03 2.276341e-01 
-3.116258e-03 1.891854e-01 
-1.187572e-04 2.411719e-02 
-1.417322e-01 -5.748234e-01 
8.406830e-03 -3.464072e-01 
3.998523e-03 -3.704743e-02 
-9.306954e-03 2.257492e-01 
-3.368819e-03 2.053426e-01 
6.795236e-05 -1.076275e-02 
-6.392289e-01 -7.239299e-01 
-1.845845e-02 -5.469324e-01 
3.996369e-03 -2.387147e-01 
1.536486e-03 3.670022e-02 
2.226761e-03 1.541410e-02 
2.093551e-03 -2.112640e-01 
-1.236924e+00 -6.047316e-01 
-1.780834e-01 -7.142575e-01 
-1.323958e-02 -4.905898e-01 
2.622573e-02 -2.735120e-01 
1.569430e-02 -2.968072e-01 
7.768018e-03 -4.915579e-01 
-1.316204e+00 6.996799e-01 
2.676216e-02 7.115179e-01 
2.290070e-02 6.665992e-01 
-5.214279e-02 6.373196e-01 
-2.463631e-02 5.161041e-01 
-7.213506e-03 3.210819e-01 
