poroelastic
4.454743e-02 -3.068986e-01 
3.099260e-02 -4.722774e-01 
-1.525096e-02 -4.167163e-01 
-1.337841e-02 -8.591953e-02 
1.870692e-03 2.172049e-01 
1.917242e-02 4.705339e-01 
-4.196196e-02 7.055947e-03 
3.099470e-02 -2.273771e-01 
1.207419e-02 -3.100605e-01 
-4.689269e-03 -1.700301e-01 
-1.821035e-03 -3.990387e-03 
6.436220e-03 1.684150e-01 
-9.944812e-02 3.407059e-01 
2.790647e-02 2.597705e-02 
3.409711e-02 -2.197956e-01 
6.847491e-04 -2.754382e-01 
-4.918805e-03 -2.068131e-01 
-2.082116e-03 -5.601552e-02 
2.925984e-01 6.879593e-01 
-2.992276e-02 3.091588e-01 
-3.876189e-03 3.351333e-02 
-2.485719e-03 -6.282079e-02 
-1.860708e-03 -1.407908e-02 
4.853073e-03 1.300541e-01 
1.282850e+00 7.460535e-01 
-7.497066e-02 5.067860e-01 
-8.661099e-02 3.742000e-01 
-2.181220e-02 4.084562e-01 
4.612126e-03 5.046225e-01 
2.200522e-02 6.188088e-01 
1.350236e+00 -5.369275e-01 
3.356891e-01 -9.452489e-01 
1.006666e-01 -8.503486e-01 
2.019062e-02 -5.675436e-01 
-6.022155e-04 -4.034960e-01 
-9.624596e-03 -3.599759e-01 
5.524305e-01 -6.584533e-01 
6.041631e-02 -6.351839e-01 
1.291767e-02 -3.710023e-01 
-3.215352e-03 -3.967285e-03 
3.845267e-04 1.189360e-01 
5.925362e-04 2.980254e-02 
1.595842e-01 -4.571350e-01 
1.936113e-02 -3.449321e-01 
-3.495120e-03 -1.121706e-01 
-7.421514e-03 1.559696e-01 
2.303422e-04 1.800746e-01 
-1.055725e-04 -6.977227e-03 
3.504909e-02 -2.273681e-01 
8.458153e-03 -1.777239e-01 
-3.800416e-03 -4.785992e-02 
-5.876060e-03 1.149636e-01 
-3.322736e-04 1.287824e-01 
6.597982e-05 5.126470e-03 
2.171345e-03 -8.344002e-02 
1.074618e-02 -1.596259e-01 
6.841396e-03 -1.648877e-01 
-9.625415e-04 -7.056150e-02 
-1.640014e-03 2.407482e-02 
1.269096e-03 9.825200e-02 
-8.904144e-02 6.933238e-02 
1.342620e-02 -1.377483e-01 
2.223907e-02 -2.981944e-01 
9.679083e-03 -3.015041e-01 
-9.130357e-04 -1.541397e-01 
1.189775e-03 9.052495e-02 
-1.212616e-01 3.130029e-01 
5.843425e-03 1.367759e-02 
2.277044e-02 -2.683141e-01 
1.308991e-02 -3.739354e-01 
-4.271764e-04 -2.275048e-01 
1.126027e-03 9.535140e-02 
2.487815e-01 5.883188e-01 
-1.472337e-02 2.776315e-01 
2.247580e-03 -2.615857e-02 
2.716620e-03 -1.827972e-01 
-2.875243e-03 -7.881157e-02 
1.797291e-03 2.079919e-01 
1.122084e+00 5.742093e-01 
4.965851e-02 5.414297e-01 
-3.283859e-02 3.794786e-01 
-3.566552e-02 2.938092e-01 
-1.504006e-02 3.716742e-01 
1.854801e-03 5.555896e-01 
1.227236e+00 -4.925201e-01 
1.778050e-01 -7.780245e-01 
5.326800e-02 -7.257309e-01 
5.044366e-02 -5.930122e-01 
1.983289e-02 -4.882290e-01 
2.410678e-03 -4.059032e-01 
4.208195e-01 -5.610141e-01 
2.709644e-02 -4.933799e-01 
1.638857e-02 -2.852180e-01 
1.665673e-03 -5.609538e-02 
-1.529429e-03 4.039463e-02 
-1.883031e-04 1.660765e-02 
7.508420e-02 -3.383460e-01 
1.306197e-02 -2.163909e-01 
2.461080e-03 -3.828783e-02 
-1.098147e-02 1.144323e-01 
-4.698339e-03 1.316086e-01 
-2.400062e-04 1.680683e-02 
6.912476e-03 -1.281939e-01 
5.146482e-03 -6.540837e-02 
-1.040318e-03 2.104458e-02 
-6.768556e-03 8.056558e-02 
-2.635116e-03 7.708340e-02 
7.186368e-07 -4.552343e-05 
-1.633214e-02 -1.670745e-02 
-8.920811e-04 -7.347960e-02 
6.199072e-03 -1.153843e-01 
8.439483e-03 -1.253803e-01 
1.576105e-03 -6.307087e-02 
-4.957446e-04 3.205632e-02 
-1.184659e-01 1.145690e-01 
-1.047812e-02 -6.220045e-02 
1.139777e-02 -2.388616e-01 
2.644305e-02 -3.318393e-01 
7.559907e-03 -2.222462e-01 
-3.997850e-04 2.676715e-02 
-9.936211e-02 3.132757e-01 
-1.617246e-02 7.089979e-02 
6.794690e-03 -1.891348e-01 
2.716567e-02 -3.538180e-01 
7.367787e-03 -2.397345e-01 
-1.298410e-03 8.080754e-02 
2.779103e-01 4.928610e-01 
-8.637463e-03 2.785185e-01 
-1.449447e-03 1.602533e-02 
8.685223e-03 -1.781739e-01 
-1.387771e-03 -8.671333e-02 
-4.155362e-03 2.197147e-01 
9.974641e-01 3.974835e-01 
1.395296e-01 4.903229e-01 
4.268692e-03 3.567466e-01 
-4.568910e-02 2.294883e-01 
-2.880446e-02 3.130027e-01 
-1.322245e-02 5.583635e-01 
1.321726e+00 -5.188176e-01 
-5.989275e-03 -7.238802e-01 
9.601900e-04 -7.328392e-01 
9.539094e-02 -6.975731e-01 
4.356237e-02 -5.828752e-01 
1.137901e-02 -3.818606e-01 
