poroelastic
3.776014e-02 -1.878036e-01 
2.245236e-02 -2.634919e-01 
-1.805885e-04 -2.262810e-01 
-9.648887e-03 -1.116058e-01 
-3.688034e-03 -4.228439e-02 
1.376033e-03 1.588833e-02 
2.882948e-02 1.964864e-02 
-2.062134e-02 -6.574391e-03 
-1.749509e-02 4.847312e-02 
1.083242e-02 1.217611e-01 
1.184150e-02 1.334372e-01 
9.218518e-03 1.074632e-01 
1.528138e-01 1.765808e-01 
-2.757137e-02 1.471580e-01 
-1.333003e-02 1.633878e-01 
1.479752e-02 1.693415e-01 
1.168695e-02 1.331177e-01 
5.522670e-03 6.480588e-02 
1.869204e-01 2.165085e-01 
-1.427083e-02 1.170113e-01 
-6.972022e-03 9.278674e-02 
8.348891e-03 9.955276e-02 
6.201270e-03 7.244495e-02 
1.921769e-03 2.281541e-02 
1.662002e-03 2.230797e-01 
4.168006e-03 5.166458e-02 
1.033649e-02 -3.695230e-02 
-2.807143e-03 -4.448642e-02 
-6.391585e-03 -7.906612e-02 
-9.767946e-03 -1.211686e-01 
1.394344e-01 -3.487490e-01 
-1.163139e-02 -2.957653e-01 
-2.294873e-02 -1.306975e-01 
2.514434e-03 6.328841e-02 
1.258390e-02 1.774453e-01 
1.690374e-02 2.300889e-01 
2.992471e-01 -3.649526e-01 
7.525934e-03 -3.503619e-01 
-1.047760e-02 -2.442306e-01 
-5.094718e-03 -6.926773e-02 
3.060939e-03 5.045101e-02 
8.569970e-03 1.262470e-01 
1.697300e-01 -3.456386e-01 
1.602669e-04 -3.481839e-01 
-1.231059e-02 -2.414974e-01 
-4.264635e-03 -4.940881e-02 
4.669182e-03 8.433204e-02 
1.080557e-02 1.663424e-01 
5.355914e-02 -2.230464e-01 
-2.873289e-04 -2.400019e-01 
-8.404263e-03 -1.623395e-01 
-2.314007e-03 -2.402194e-02 
3.477147e-03 6.313784e-02 
6.744902e-03 1.053049e-01 
1.756468e-04 -4.006577e-02 
-3.484028e-04 -5.222850e-02 
-1.496472e-03 -2.495637e-02 
5.569441e-04 1.132132e-02 
1.097050e-03 1.780164e-02 
-6.669104e-05 -1.035975e-03 
5.636220e-02 1.501697e-01 
-3.953818e-03 1.538754e-01 
1.976631e-03 1.447654e-01 
5.535376e-03 9.544468e-02 
2.091753e-03 3.195671e-02 
-2.873006e-03 -4.461500e-02 
2.125895e-01 2.591321e-01 
-6.712742e-03 2.550003e-01 
7.502808e-04 2.253396e-01 
8.096534e-03 1.485742e-01 
4.351433e-03 7.196661e-02 
-4.644863e-04 -7.409602e-03 
3.275167e-01 2.445333e-01 
5.604159e-04 2.102019e-01 
-3.511088e-03 1.783919e-01 
6.336770e-03 1.446930e-01 
6.014323e-03 1.127293e-01 
4.674537e-03 7.950317e-02 
9.711140e-02 2.342232e-01 
2.768632e-03 1.369914e-01 
3.778680e-03 3.554589e-02 
2.812317e-04 -2.352699e-02 
-2.894008e-03 -6.898009e-02 
-5.239181e-03 -9.923078e-02 
2.783369e-02 -2.764684e-01 
-1.148499e-02 -1.485534e-01 
-4.373497e-03 -1.902469e-02 
1.554470e-04 7.966374e-02 
4.538775e-03 1.380865e-01 
7.547686e-03 1.660191e-01 
2.258467e-01 -2.673217e-01 
-2.748244e-03 -2.078674e-01 
-2.631338e-03 -1.536828e-01 
-1.954684e-03 -8.766969e-02 
-1.277370e-03 -3.468737e-02 
5.020625e-04 1.219610e-02 
8.970176e-02 -2.498534e-01 
-4.125979e-03 -2.257279e-01 
-3.443842e-03 -1.602914e-01 
-2.893707e-03 -4.420710e-02 
7.016599e-04 5.172248e-02 
5.232815e-03 1.307667e-01 
6.749721e-03 -1.216161e-01 
-2.208543e-03 -1.156651e-01 
-2.111468e-03 -7.215640e-02 
-1.584512e-03 7.638453e-03 
1.455433e-03 6.857921e-02 
4.447023e-03 1.114902e-01 
1.062046e-02 7.040018e-02 
1.850598e-03 8.490288e-02 
1.432879e-03 7.766507e-02 
1.256016e-03 4.748284e-02 
6.546598e-04 1.477387e-02 
-9.560372e-04 -2.370766e-02 
1.095290e-01 2.573827e-01 
6.766858e-03 2.884930e-01 
5.068894e-03 2.370443e-01 
3.991786e-03 1.000251e-01 
2.238431e-04 -2.407929e-02 
-5.889877e-03 -1.449526e-01 
2.918205e-01 3.428246e-01 
1.233360e-02 3.770659e-01 
5.816573e-03 3.120870e-01 
4.088052e-03 1.465174e-01 
1.218876e-03 9.685080e-03 
-4.447143e-03 -1.143825e-01 
4.691166e-01 2.725255e-01 
3.335009e-02 3.109870e-01 
5.957501e-03 2.731740e-01 
-2.535928e-04 1.820918e-01 
2.283556e-03 1.242882e-01 
2.679240e-03 7.829319e-02 
1.646673e-01 2.696465e-01 
1.177410e-02 2.428931e-01 
-2.653729e-03 1.132117e-01 
3.305872e-03 -3.341639e-02 
-9.558226e-05 -1.067584e-01 
-3.718616e-03 -1.360109e-01 
-1.212296e-02 -1.198101e-01 
4.169730e-03 6.115481e-02 
8.399837e-04 8.722532e-02 
2.089020e-04 6.234241e-03 
-7.437242e-05 -1.358430e-02 
-4.154240e-05 -2.000194e-03 
