poroelastic
4.231504e-02 -1.881471e-01 
2.995712e-02 -2.726832e-01 
7.306027e-03 -2.485553e-01 
-1.009051e-02 -1.419118e-01 
-5.812798e-03 -7.469572e-02 
-1.537329e-03 -1.960757e-02 
2.404001e-02 7.701570e-03 
-1.649711e-02 -3.025271e-02 
-1.702004e-02 2.049709e-02 
7.313776e-03 1.038944e-01 
9.800981e-03 1.289982e-01 
8.202505e-03 1.070849e-01 
1.458216e-01 1.646192e-01 
-2.631739e-02 1.286279e-01 
-1.493503e-02 1.478983e-01 
1.187793e-02 1.665007e-01 
1.038909e-02 1.387395e-01 
5.170345e-03 6.853526e-02 
1.608981e-01 2.101391e-01 
-1.210127e-02 1.007196e-01 
-5.647569e-03 7.473351e-02 
5.871321e-03 8.536822e-02 
4.380655e-03 5.953735e-02 
2.542815e-04 3.403341e-03 
-4.848886e-02 2.236260e-01 
4.783784e-03 3.483149e-02 
1.341132e-02 -6.325772e-02 
-2.918899e-03 -7.201232e-02 
-7.118066e-03 -1.043343e-01 
-1.059775e-02 -1.468687e-01 
1.419645e-01 -3.388220e-01 
-6.617021e-03 -3.012614e-01 
-2.157223e-02 -1.436513e-01 
2.291625e-04 5.459437e-02 
1.025436e-02 1.785789e-01 
1.557130e-02 2.416075e-01 
3.317254e-01 -3.607342e-01 
1.356328e-02 -3.660696e-01 
-6.141927e-03 -2.721605e-01 
-5.763728e-03 -9.576927e-02 
1.412356e-03 3.301560e-02 
7.175491e-03 1.223457e-01 
1.938276e-01 -3.534524e-01 
5.127909e-03 -3.717167e-01 
-8.603405e-03 -2.729127e-01 
-5.232786e-03 -7.331110e-02 
2.954691e-03 7.297872e-02 
9.476707e-03 1.713192e-01 
6.299404e-02 -2.338092e-01 
3.349616e-03 -2.630069e-01 
-6.098459e-03 -1.894490e-01 
-3.145969e-03 -4.164787e-02 
2.277660e-03 5.663955e-02 
6.064160e-03 1.121032e-01 
3.138756e-04 -4.812552e-02 
1.459876e-03 -7.001486e-02 
-5.344692e-04 -4.776647e-02 
-2.516191e-04 -6.445543e-03 
3.025434e-04 5.410223e-03 
-3.781234e-04 -6.944972e-03 
4.947261e-02 1.438759e-01 
-3.558122e-03 1.368451e-01 
5.193605e-04 1.222540e-01 
3.337508e-03 7.861342e-02 
1.387066e-03 2.284005e-02 
-2.486547e-03 -4.558800e-02 
1.940325e-01 2.557788e-01 
-5.940379e-03 2.382015e-01 
-7.750367e-04 2.016799e-01 
4.659564e-03 1.273572e-01 
2.755418e-03 5.711178e-02 
-7.526004e-04 -1.429362e-02 
2.943724e-01 2.526694e-01 
-6.575907e-04 1.963455e-01 
-3.289135e-03 1.526342e-01 
2.743594e-03 1.139725e-01 
3.271988e-03 8.531198e-02 
2.858801e-03 5.888382e-02 
7.464936e-02 2.448461e-01 
-2.083612e-03 1.288616e-01 
2.951461e-03 1.602083e-02 
9.364526e-04 -4.642478e-02 
-2.255220e-03 -8.283147e-02 
-4.333523e-03 -1.017300e-01 
4.908010e-02 -2.703863e-01 
-7.183098e-03 -1.563473e-01 
-3.278681e-03 -3.750982e-02 
-2.156979e-03 5.876839e-02 
1.944704e-03 1.283867e-01 
5.730207e-03 1.676940e-01 
2.529500e-01 -2.659477e-01 
-1.986066e-03 -2.176290e-01 
-6.021149e-04 -1.742365e-01 
-1.675628e-04 -1.128343e-01 
-1.109509e-03 -5.305674e-02 
-1.211071e-05 -4.095468e-04 
1.025480e-01 -2.543881e-01 
-2.185874e-03 -2.390323e-01 
-8.490983e-04 -1.797871e-01 
-2.711461e-03 -6.212253e-02 
-3.638179e-04 4.419545e-02 
3.695776e-03 1.322574e-01 
1.166074e-02 -1.287428e-01 
-7.898462e-04 -1.323285e-01 
-7.940192e-04 -9.366130e-02 
-2.264224e-03 -9.192821e-03 
1.947242e-04 6.398418e-02 
3.258479e-03 1.187355e-01 
7.544435e-03 6.245452e-02 
9.689387e-04 6.588527e-02 
2.904408e-04 5.092855e-02 
4.509644e-04 2.378448e-02 
2.614351e-04 1.620628e-03 
-7.127040e-04 -2.545171e-02 
1.001242e-01 2.480189e-01 
4.200654e-03 2.665136e-01 
8.947439e-04 2.073758e-01 
2.438535e-03 7.889656e-02 
9.246690e-04 -2.796212e-02 
-3.668556e-03 -1.293200e-01 
2.695939e-01 3.368155e-01 
1.007505e-02 3.565121e-01 
1.417989e-03 2.820731e-01 
1.633727e-03 1.222421e-01 
1.219344e-03 -1.303008e-03 
-2.836028e-03 -1.067571e-01 
4.376875e-01 2.802539e-01 
2.858210e-02 2.967565e-01 
3.455539e-03 2.445820e-01 
-3.427219e-03 1.527641e-01 
1.018525e-04 1.015747e-01 
1.575483e-03 7.026283e-02 
1.669660e-01 2.800194e-01 
8.374121e-03 2.408403e-01 
-5.071019e-03 1.003668e-01 
4.614378e-03 -4.201411e-02 
1.521107e-03 -1.040338e-01 
-1.929516e-03 -1.173548e-01 
5.081879e-02 -1.270505e-01 
-4.118744e-04 4.538950e-02 
-3.043220e-03 5.652320e-02 
2.662299e-03 -3.028530e-02 
8.906809e-04 -4.798321e-02 
-3.367354e-04 -3.313207e-02 
