poroelastic
4.083394e-02 -1.883510e-01 
2.715063e-02 -2.693460e-01 
4.305190e-03 -2.392543e-01 
-1.011469e-02 -1.296039e-01 
-5.088359e-03 -6.246229e-02 
-6.516886e-04 -8.065379e-03 
2.598661e-02 1.171636e-02 
-1.827821e-02 -2.038553e-02 
-1.710107e-02 3.360592e-02 
8.997863e-03 1.130844e-01 
1.060560e-02 1.309062e-01 
8.274556e-03 1.042206e-01 
1.478589e-01 1.677056e-01 
-2.679086e-02 1.359756e-01 
-1.399980e-02 1.552468e-01 
1.330094e-02 1.687649e-01 
1.083833e-02 1.357274e-01 
4.949150e-03 6.305569e-02 
1.689578e-01 2.101258e-01 
-1.279001e-02 1.063380e-01 
-5.920374e-03 8.179670e-02 
6.885485e-03 9.113719e-02 
4.940530e-03 6.338742e-02 
6.091955e-04 7.842802e-03 
-3.304785e-02 2.212241e-01 
4.577627e-03 3.920966e-02 
1.230150e-02 -5.475573e-02 
-3.237225e-03 -6.226469e-02 
-7.083692e-03 -9.632823e-02 
-1.039758e-02 -1.391952e-01 
1.384267e-01 -3.413706e-01 
-9.176428e-03 -2.985750e-01 
-2.232201e-02 -1.381633e-01 
1.478867e-03 5.949639e-02 
1.130596e-02 1.791487e-01 
1.604484e-02 2.386775e-01 
3.174710e-01 -3.622464e-01 
1.089451e-02 -3.602043e-01 
-8.197646e-03 -2.610465e-01 
-5.449308e-03 -8.362058e-02 
2.123491e-03 4.100225e-02 
7.734516e-03 1.257439e-01 
1.830614e-01 -3.516372e-01 
2.848212e-03 -3.633322e-01 
-1.045774e-02 -2.599211e-01 
-4.689844e-03 -6.106074e-02 
3.758407e-03 7.945391e-02 
1.001737e-02 1.716781e-01 
5.867058e-02 -2.310413e-01 
1.599705e-03 -2.549545e-01 
-7.331090e-03 -1.776601e-01 
-2.646365e-03 -3.125976e-02 
2.877146e-03 6.133294e-02 
6.362619e-03 1.110903e-01 
3.127426e-04 -4.621355e-02 
5.813013e-04 -6.386169e-02 
-1.105074e-03 -3.727707e-02 
1.509582e-04 4.196449e-03 
6.683096e-04 1.210730e-02 
-2.564834e-04 -4.450354e-03 
5.244645e-02 1.454522e-01 
-3.752753e-03 1.428210e-01 
1.097377e-03 1.325792e-01 
4.298461e-03 8.839382e-02 
1.663815e-03 2.732157e-02 
-2.722457e-03 -4.716823e-02 
2.009565e-01 2.566714e-01 
-6.192415e-03 2.438571e-01 
-1.235303e-05 2.117147e-01 
6.100088e-03 1.376223e-01 
3.321559e-03 6.290685e-02 
-8.481238e-04 -1.517219e-02 
3.065254e-01 2.496426e-01 
-1.527685e-04 2.004838e-01 
-3.220947e-03 1.627158e-01 
4.220927e-03 1.271665e-01 
4.279193e-03 9.623376e-02 
3.299763e-03 6.359480e-02 
8.134863e-02 2.415763e-01 
-4.439109e-04 1.305912e-01 
3.267420e-03 2.275852e-02 
4.808639e-04 -3.769739e-02 
-2.577030e-03 -7.791440e-02 
-4.809246e-03 -1.046945e-01 
3.947157e-02 -2.720502e-01 
-9.055083e-03 -1.522451e-01 
-3.706156e-03 -2.887536e-02 
-1.090336e-03 6.824327e-02 
3.034425e-03 1.334647e-01 
6.254435e-03 1.647658e-01 
2.412357e-01 -2.657667e-01 
-2.326721e-03 -2.128513e-01 
-1.534090e-03 -1.647561e-01 
-1.035747e-03 -1.015716e-01 
-1.172577e-03 -4.428499e-02 
8.171227e-05 2.439657e-03 
9.626782e-02 -2.521580e-01 
-3.018748e-03 -2.332679e-01 
-1.993616e-03 -1.704302e-01 
-2.768190e-03 -5.290737e-02 
1.436254e-04 4.966832e-02 
4.195732e-03 1.308022e-01 
9.261319e-03 -1.261181e-01 
-1.419790e-03 -1.258191e-01 
-1.389518e-03 -8.357618e-02 
-1.952906e-03 -3.701291e-05 
7.832844e-04 6.860373e-02 
3.672356e-03 1.156690e-01 
9.012329e-03 6.445594e-02 
1.374062e-03 7.257391e-02 
7.162987e-04 6.270701e-02 
6.619029e-04 3.582810e-02 
4.265475e-04 9.642668e-03 
-7.946392e-04 -2.461731e-02 
1.040431e-01 2.494969e-01 
5.318162e-03 2.740220e-01 
2.546303e-03 2.198461e-01 
2.920018e-03 8.952140e-02 
6.512291e-04 -2.462314e-02 
-4.446270e-03 -1.361820e-01 
2.776184e-01 3.364213e-01 
1.107865e-02 3.632934e-01 
3.238731e-03 2.939500e-01 
2.503613e-03 1.333365e-01 
1.170078e-03 3.577823e-03 
-3.439373e-03 -1.113686e-01 
4.492298e-01 2.744492e-01 
3.059957e-02 3.011011e-01 
4.604469e-03 2.555008e-01 
-2.175943e-03 1.658188e-01 
8.985321e-04 1.111858e-01 
1.934163e-03 7.288590e-02 
1.649806e-01 2.754865e-01 
9.601872e-03 2.406306e-01 
-4.189581e-03 1.043885e-01 
3.964117e-03 -3.820815e-02 
8.833378e-04 -1.054293e-01 
-2.530838e-03 -1.252535e-01 
2.727595e-02 -1.266958e-01 
1.485573e-03 5.059614e-02 
-1.484594e-03 6.815549e-02 
1.402824e-03 -1.529158e-02 
3.576331e-04 -3.442499e-02 
-2.824638e-04 -2.044043e-02 
