poroelastic
3.237444e-02 -2.665192e-01 
1.594834e-02 -4.088651e-01 
-2.489668e-02 -3.511955e-01 
-9.549103e-03 -4.516117e-02 
5.673597e-03 2.294517e-01 
2.086238e-02 4.611115e-01 
-4.168342e-02 2.451827e-02 
2.943287e-02 -1.966909e-01 
1.109673e-02 -2.876506e-01 
-5.702971e-03 -1.754156e-01 
-2.041471e-03 -3.234204e-02 
5.602790e-03 1.283073e-01 
-9.307218e-02 3.386792e-01 
2.971779e-02 3.410349e-02 
3.182074e-02 -2.108132e-01 
-4.127326e-03 -2.720412e-01 
-7.207135e-03 -2.090276e-01 
-2.592871e-03 -5.988258e-02 
2.963352e-01 6.672786e-01 
-2.732034e-02 3.131494e-01 
-3.962241e-03 4.220963e-02 
-2.650689e-03 -5.540954e-02 
-1.404113e-03 -1.196600e-02 
5.415092e-03 1.248534e-01 
1.257844e+00 7.180505e-01 
-6.729266e-02 5.213606e-01 
-8.146405e-02 3.895207e-01 
-8.924548e-03 4.127052e-01 
1.082693e-02 4.907275e-01 
2.393064e-02 5.867847e-01 
1.318493e+00 -5.250905e-01 
3.051103e-01 -8.936415e-01 
8.342449e-02 -7.955437e-01 
8.847869e-03 -5.311276e-01 
-5.255291e-03 -3.862747e-01 
-1.174255e-02 -3.601025e-01 
5.329934e-01 -6.379499e-01 
5.117545e-02 -5.988510e-01 
7.955356e-03 -3.409217e-01 
-1.756646e-03 1.242103e-03 
1.581701e-03 1.019617e-01 
3.008687e-05 1.156479e-03 
1.464152e-01 -4.374440e-01 
1.341779e-02 -3.171203e-01 
-4.931611e-03 -9.021209e-02 
-3.798655e-03 1.559457e-01 
1.929047e-03 1.643812e-01 
-5.024912e-04 -2.311387e-02 
2.636541e-02 -2.125108e-01 
4.355341e-03 -1.560612e-01 
-5.279442e-03 -3.057046e-02 
-3.649110e-03 1.190489e-01 
8.822638e-04 1.256077e-01 
1.781862e-04 8.941721e-03 
2.160109e-03 -6.700186e-02 
8.044794e-03 -1.378605e-01 
3.573904e-03 -1.471973e-01 
-1.558428e-03 -6.250460e-02 
-1.052089e-03 2.387843e-02 
2.002441e-03 9.945854e-02 
-7.938547e-02 8.556821e-02 
1.385152e-02 -1.181953e-01 
1.807193e-02 -2.820271e-01 
4.132545e-03 -2.914706e-01 
-2.262551e-03 -1.533545e-01 
1.768945e-03 8.646622e-02 
-1.059047e-01 3.310984e-01 
8.700389e-03 3.142319e-02 
2.006685e-02 -2.542578e-01 
6.146441e-03 -3.634645e-01 
-2.589221e-03 -2.259871e-01 
1.680225e-03 8.691882e-02 
2.618354e-01 6.068953e-01 
-1.264109e-02 3.050881e-01 
2.031846e-03 -6.977547e-03 
9.378447e-04 -1.753567e-01 
-2.642951e-03 -8.797490e-02 
2.931328e-03 1.788696e-01 
1.145365e+00 5.895346e-01 
5.479779e-02 5.788100e-01 
-3.200043e-02 4.100723e-01 
-2.620750e-02 3.139109e-01 
-8.714021e-03 3.732531e-01 
5.945244e-03 5.355600e-01 
1.252953e+00 -5.103827e-01 
1.666289e-01 -7.693592e-01 
4.430388e-02 -7.108491e-01 
3.679160e-02 -5.781252e-01 
1.230160e-02 -4.767580e-01 
-1.169598e-03 -4.062666e-01 
4.267226e-01 -5.742816e-01 
2.312678e-02 -4.933183e-01 
1.208389e-02 -2.797261e-01 
1.134246e-03 -4.954787e-02 
-7.088032e-04 3.792131e-02 
-2.802926e-06 1.275670e-03 
7.374018e-02 -3.418455e-01 
9.693065e-03 -2.116624e-01 
1.085160e-03 -3.026991e-02 
-8.305835e-03 1.191553e-01 
-2.732090e-03 1.265842e-01 
-1.545301e-05 3.326678e-03 
4.710340e-03 -1.245121e-01 
3.553244e-03 -5.791357e-02 
-1.272034e-03 2.564549e-02 
-5.178380e-03 8.099215e-02 
-1.609070e-03 7.430748e-02 
3.085806e-06 -5.429997e-04 
-1.384073e-02 -2.276290e-03 
-6.126300e-04 -6.115770e-02 
4.901716e-03 -1.117626e-01 
6.054259e-03 -1.255295e-01 
7.807441e-04 -6.402594e-02 
-1.941863e-04 3.689570e-02 
-1.062836e-01 1.374845e-01 
-6.964109e-03 -4.882333e-02 
1.015748e-02 -2.383949e-01 
1.890859e-02 -3.323944e-01 
4.156539e-03 -2.182906e-01 
-1.859066e-04 4.056995e-02 
-8.220065e-02 3.508469e-01 
-1.198099e-02 8.891652e-02 
6.945157e-03 -1.925948e-01 
2.031648e-02 -3.620668e-01 
4.036325e-03 -2.402975e-01 
-5.198197e-04 9.372124e-02 
2.987526e-01 5.494420e-01 
-8.103414e-03 3.199636e-01 
-1.843946e-03 2.470013e-02 
7.896810e-03 -1.925786e-01 
-9.157736e-04 -1.071611e-01 
-1.761134e-03 2.013231e-01 
1.065520e+00 4.508489e-01 
1.455509e-01 5.506814e-01 
3.444647e-03 3.913731e-01 
-3.929612e-02 2.444997e-01 
-2.324900e-02 3.169809e-01 
-7.899731e-03 5.571283e-01 
1.390795e+00 -5.726736e-01 
-5.164476e-03 -7.564323e-01 
-1.191700e-03 -7.595917e-01 
7.999564e-02 -7.108291e-01 
3.443455e-02 -5.830450e-01 
7.658711e-03 -3.776196e-01 
