poroelastic
-4.791060e-02 1.349847e-01 
-4.783618e-02 2.181260e-01 
-3.458827e-02 2.543677e-01 
-5.962398e-04 2.230561e-01 
2.495448e-03 1.749605e-01 
2.283766e-03 1.022060e-01 
1.416430e-02 2.780471e-02 
-1.146478e-02 1.066540e-01 
-2.672820e-03 1.164209e-01 
1.192492e-03 5.543364e-02 
2.281435e-04 -1.020699e-02 
-1.741798e-03 -8.283495e-02 
-6.358921e-02 -9.507572e-02 
1.109722e-02 -7.865184e-03 
1.226278e-02 -5.276972e-03 
1.380395e-03 -5.913091e-02 
-9.435714e-04 -9.578282e-02 
-2.404408e-03 -1.145607e-01 
-4.127252e-02 -1.631140e-01 
6.279099e-04 -8.188830e-03 
1.271192e-04 3.264472e-02 
2.875810e-04 -7.099887e-04 
-1.620236e-04 -1.631333e-02 
-3.063139e-04 -1.426732e-02 
2.079306e-01 -2.179448e-01 
-1.834857e-02 1.546066e-02 
-2.800474e-02 1.450021e-01 
-3.924474e-03 1.634875e-01 
8.514952e-04 1.709605e-01 
3.154356e-03 1.669206e-01 
-1.382769e-01 2.695003e-01 
-1.513776e-02 2.656216e-01 
7.563734e-03 1.534710e-01 
5.798104e-03 -8.188288e-03 
1.798323e-03 -1.426244e-01 
-2.654765e-03 -2.498528e-01 
-4.480922e-01 2.794447e-01 
-5.180006e-02 3.650513e-01 
-2.402253e-02 3.456242e-01 
-5.864618e-03 2.322739e-01 
-3.252182e-04 1.052315e-01 
-1.062593e-04 -3.060658e-02 
-3.063297e-01 3.317183e-01 
-3.478402e-02 4.215497e-01 
-2.216768e-02 3.894425e-01 
-5.115378e-03 2.236837e-01 
7.486235e-04 4.920965e-02 
1.873365e-04 -1.256837e-01 
-1.086001e-01 2.550313e-01 
-2.416242e-02 3.347007e-01 
-1.580660e-02 3.083047e-01 
-2.770683e-03 1.598293e-01 
1.568591e-03 5.305085e-03 
5.260968e-04 -1.438746e-01 
1.591150e-04 7.336174e-02 
-1.065329e-02 1.318464e-01 
-1.047357e-02 1.516644e-01 
-4.447566e-03 1.128854e-01 
-8.089538e-04 5.642568e-02 
1.632189e-05 -4.670032e-03 
4.388326e-04 -1.165491e-01 
3.156797e-03 -7.385725e-02 
-1.896737e-03 -1.664114e-02 
-3.028540e-03 3.624096e-02 
-1.601843e-03 5.729072e-02 
-1.997670e-04 6.098162e-02 
-8.659973e-02 -2.494322e-01 
1.028432e-02 -1.877578e-01 
3.144591e-03 -1.038719e-01 
-1.520793e-03 -6.111074e-03 
-1.492360e-03 4.598901e-02 
-2.922479e-04 6.736200e-02 
-1.452939e-01 -2.951208e-01 
9.656598e-03 -1.837115e-01 
2.419339e-03 -8.152825e-02 
-1.864961e-03 1.003426e-02 
-1.477610e-03 4.848577e-02 
-3.261919e-04 4.815704e-02 
1.889160e-02 -2.930635e-01 
1.751770e-02 -1.250905e-01 
-5.270971e-03 3.204564e-02 
-1.087884e-02 1.293859e-01 
-5.562070e-03 1.571198e-01 
-1.537125e-03 1.318981e-01 
-1.125928e-01 2.383018e-01 
-1.120567e-02 1.798120e-01 
-4.425666e-03 9.709273e-02 
4.152904e-03 1.307568e-02 
5.473849e-03 -8.512051e-02 
3.585417e-03 -1.810362e-01 
-3.567536e-01 2.410854e-01 
-1.272546e-02 2.607900e-01 
-1.269327e-02 2.572371e-01 
-1.730700e-02 2.152090e-01 
-6.764384e-03 1.460405e-01 
-1.545297e-03 6.117553e-02 
-1.929680e-01 2.622608e-01 
-7.591545e-03 2.991352e-01 
-1.542966e-02 2.795337e-01 
-1.153053e-02 1.761475e-01 
-1.728009e-03 5.993779e-02 
1.634549e-03 -5.780340e-02 
-4.059104e-02 1.512250e-01 
-5.570952e-03 1.934053e-01 
-1.116970e-02 1.915392e-01 
-5.246901e-03 1.083797e-01 
1.197733e-03 6.056958e-03 
2.837975e-03 -9.596424e-02 
1.142688e-02 -4.918606e-02 
5.040518e-03 -1.828766e-02 
-8.510346e-04 4.107462e-02 
-8.184031e-03 8.154029e-02 
-4.532012e-03 7.980014e-02 
-1.836267e-03 6.283577e-02 
-3.830094e-02 -2.336638e-01 
1.082268e-02 -2.094498e-01 
8.039300e-03 -1.076110e-01 
-6.084596e-03 2.440749e-02 
-6.269904e-03 9.287941e-02 
-3.738980e-03 1.302051e-01 
-1.800943e-01 -3.416306e-01 
9.993141e-03 -3.007193e-01 
1.148646e-02 -1.820989e-01 
-1.423634e-03 -2.238946e-02 
-4.065286e-03 5.654531e-02 
-2.632636e-03 8.859270e-02 
-3.143333e-01 -3.414798e-01 
7.889599e-04 -2.787945e-01 
9.133942e-03 -1.658784e-01 
2.756103e-03 -3.727161e-02 
-1.113048e-04 5.311348e-03 
2.886658e-04 -8.837993e-03 
-1.264507e-01 -3.443525e-01 
2.005944e-02 -2.450759e-01 
1.195166e-02 -5.231641e-02 
-1.548464e-02 1.133609e-01 
-1.067648e-02 1.512099e-01 
-3.978070e-03 1.048328e-01 
-2.201808e-01 7.343986e-02 
6.655952e-03 -8.634638e-03 
1.174635e-02 4.937365e-02 
-2.448831e-02 1.808822e-01 
-1.532173e-02 1.900093e-01 
-6.076007e-03 1.363037e-01 
