poroelastic
3.316927e-03 5.288817e-02 
1.376806e-02 1.642635e-01 
3.945992e-02 2.664451e-01 
1.599801e-02 1.700233e-01 
-1.372064e-02 -1.378741e-01 
-5.558062e-02 -6.011683e-01 
4.785004e-02 1.019688e-01 
-1.348903e-02 2.599664e-01 
2.104300e-02 3.738640e-01 
2.503540e-02 2.656042e-01 
-2.809761e-04 6.025577e-03 
-3.106448e-02 -3.372027e-01 
1.335963e-01 1.326168e-01 
-1.201923e-02 2.836122e-01 
1.832339e-02 3.486936e-01 
1.839942e-02 1.960075e-01 
-1.988643e-03 -1.477604e-02 
-1.999090e-02 -2.187705e-01 
3.429763e-01 1.609512e-01 
-1.899555e-02 3.369601e-01 
5.922099e-03 3.941854e-01 
2.016190e-02 2.187945e-01 
5.529728e-03 6.117065e-02 
-2.771089e-03 -3.103002e-02 
1.845478e-01 1.680422e-01 
1.314026e-02 2.858872e-01 
2.202173e-02 2.729851e-01 
3.537480e-03 3.759987e-02 
-1.042606e-02 -1.192938e-01 
-1.407885e-02 -1.667750e-01 
-2.771007e-01 4.796458e-02 
-3.825456e-02 3.119837e-01 
1.238283e-02 3.254705e-01 
8.158280e-03 1.057556e-01 
-2.250673e-03 -2.879115e-02 
-5.034890e-03 -6.537238e-02 
-2.143340e-01 1.094703e-01 
-7.566622e-03 2.707601e-01 
1.124849e-02 2.679344e-01 
6.830853e-03 9.617995e-02 
-1.213392e-03 -1.807367e-02 
-6.547371e-03 -9.177560e-02 
-1.617018e-01 1.394845e-01 
-4.405693e-03 2.690807e-01 
1.135583e-02 3.037077e-01 
1.206215e-02 1.811812e-01 
1.919911e-03 2.353671e-02 
-1.295512e-02 -1.884614e-01 
-9.097671e-02 2.096723e-01 
-1.036919e-03 3.700892e-01 
2.033423e-02 4.306556e-01 
1.887708e-02 2.771482e-01 
4.665627e-04 -4.163397e-03 
-2.881969e-02 -4.239187e-01 
1.254504e-03 2.974026e-01 
6.723297e-04 5.030444e-01 
2.783521e-02 5.677314e-01 
2.472903e-02 3.609886e-01 
-4.477469e-04 -1.180058e-02 
-3.679128e-02 -5.397189e-01 
9.697370e-02 2.563713e-01 
5.898304e-03 4.575204e-01 
2.969214e-02 5.080503e-01 
2.087213e-02 3.014405e-01 
-4.909784e-03 -7.006123e-02 
-3.817320e-02 -5.595832e-01 
1.459991e-01 1.408517e-01 
4.593898e-03 3.298248e-01 
2.081971e-02 3.869338e-01 
1.617868e-02 2.392809e-01 
-3.289480e-03 -4.684391e-02 
-2.594960e-02 -3.887625e-01 
1.460363e-01 -1.506554e-02 
5.677264e-03 1.607459e-01 
7.389514e-03 2.381357e-01 
1.092846e-02 1.768272e-01 
1.442536e-03 2.232105e-02 
-8.041680e-03 -1.279098e-01 
-2.299732e-01 7.896559e-02 
-3.166077e-02 7.171483e-02 
1.192196e-02 2.760125e-02 
-3.936188e-03 -1.216650e-01 
-1.542525e-02 -2.919502e-01 
-2.334458e-02 -4.125365e-01 
-5.138340e-01 2.786637e-01 
-2.195660e-02 5.378616e-01 
1.646658e-02 4.920422e-01 
1.027969e-02 2.211090e-01 
8.940685e-06 -1.020374e-02 
-9.510207e-03 -1.927324e-01 
-2.678441e-01 3.156086e-01 
1.220102e-02 5.047544e-01 
1.511392e-02 4.252112e-01 
6.963318e-03 1.259312e-01 
-3.742267e-03 -1.204577e-01 
-1.568091e-02 -3.494197e-01 
-1.066449e-01 2.468645e-01 
9.549685e-03 3.527834e-01 
1.050975e-02 3.140690e-01 
6.823115e-03 1.262340e-01 
-1.843172e-03 -8.463716e-02 
-1.525579e-02 -3.480531e-01 
-1.678898e-02 1.432797e-01 
5.935263e-03 2.033662e-01 
7.503042e-03 2.099363e-01 
6.482994e-03 1.252914e-01 
-1.193557e-03 -6.246866e-02 
-1.488210e-02 -3.395215e-01 
1.511334e-02 7.702596e-02 
5.183087e-03 1.725972e-01 
7.906307e-03 2.290244e-01 
8.346551e-03 1.950283e-01 
9.770807e-04 6.250903e-03 
-1.180051e-02 -2.669850e-01 
8.488787e-02 9.728205e-02 
8.898470e-03 2.649353e-01 
1.165603e-02 3.308035e-01 
1.016642e-02 2.328887e-01 
-4.838456e-05 -1.937455e-02 
-1.436282e-02 -3.232232e-01 
2.696751e-01 1.390003e-01 
1.743760e-02 3.727459e-01 
1.398166e-02 4.501162e-01 
1.128071e-02 2.950742e-01 
2.014138e-03 3.111274e-02 
-1.072789e-02 -2.527940e-01 
4.712233e-01 6.359090e-02 
4.754474e-02 3.428964e-01 
1.454606e-02 4.724340e-01 
8.404706e-03 3.447836e-01 
5.202989e-03 1.520251e-01 
-2.311565e-03 -6.244847e-02 
-5.543396e-02 1.532604e-01 
-2.242885e-02 2.557417e-01 
-6.085151e-03 2.394352e-01 
5.385204e-03 -3.152894e-02 
-3.032824e-03 -2.826714e-01 
-1.543036e-02 -5.291688e-01 
-9.774551e-01 5.027999e-01 
4.789208e-02 7.874321e-01 
2.847642e-02 7.788563e-01 
1.556904e-03 4.382682e-01 
3.102953e-03 1.530639e-01 
-2.732109e-03 -1.265399e-01 
