poroelastic
9.783952e-03 -1.518981e-01 
6.383822e-04 -2.217758e-01 
-2.615710e-02 -1.532983e-01 
-1.022886e-02 6.396088e-02 
2.968549e-04 2.379109e-01 
9.270283e-03 3.577208e-01 
-1.357243e-02 -5.803706e-03 
1.242839e-02 -1.118271e-01 
3.180568e-03 -1.357733e-01 
-1.728874e-03 -4.963222e-02 
-5.087910e-04 2.959921e-02 
2.186240e-03 9.313499e-02 
-9.365133e-02 1.435098e-01 
2.157131e-02 -1.501260e-03 
2.691847e-02 -1.367949e-01 
4.087790e-03 -1.838006e-01 
-1.076255e-03 -1.616092e-01 
-2.076313e-03 -9.179396e-02 
1.668447e-01 3.292581e-01 
-2.168933e-02 1.809562e-01 
-4.751034e-03 4.635057e-02 
-1.050377e-03 -1.991102e-02 
-8.626767e-04 -2.697156e-03 
1.708103e-03 7.412433e-02 
9.511973e-01 3.426466e-01 
-6.672796e-02 3.052641e-01 
-7.533718e-02 3.150263e-01 
-2.197063e-02 3.675390e-01 
-1.571565e-03 4.335561e-01 
1.059381e-02 4.966682e-01 
7.729262e-01 -1.846602e-01 
2.168186e-01 -4.628497e-01 
7.431785e-02 -4.643639e-01 
2.270124e-02 -3.663683e-01 
5.230502e-03 -3.392147e-01 
-4.634493e-03 -3.760023e-01 
7.691997e-02 -2.634640e-01 
8.570593e-03 -2.054666e-01 
-7.876775e-03 -3.772454e-02 
-8.690300e-03 1.511053e-01 
-1.740914e-03 1.638991e-01 
1.554627e-04 3.057066e-02 
-8.908208e-02 -1.044652e-01 
-9.207443e-03 1.795537e-02 
-1.891304e-02 1.596150e-01 
-1.205895e-02 2.522551e-01 
-1.737684e-03 1.716728e-01 
7.120035e-06 -5.292836e-02 
-4.301717e-02 -1.798601e-03 
-9.711438e-03 7.759735e-02 
-1.408196e-02 1.570843e-01 
-7.907333e-03 1.853090e-01 
-5.582385e-04 1.003234e-01 
2.164319e-04 -8.100172e-02 
2.553711e-03 -2.506655e-02 
1.450273e-03 -3.700441e-02 
-2.240957e-03 -1.288744e-02 
-4.223230e-03 3.826711e-02 
-2.032188e-03 6.121495e-02 
-1.483362e-04 5.464370e-02 
-5.700654e-02 -5.438381e-02 
1.179021e-02 -1.559903e-01 
1.416116e-02 -2.033534e-01 
5.318658e-03 -1.526537e-01 
-8.010586e-04 -4.576856e-02 
-2.506365e-04 9.845119e-02 
-1.347312e-01 6.368789e-03 
1.125671e-02 -1.390820e-01 
1.775108e-02 -2.434117e-01 
8.928332e-03 -2.235383e-01 
-2.899842e-05 -9.356488e-02 
-4.438009e-04 1.164753e-01 
5.504607e-02 1.402183e-01 
-1.270536e-03 1.854600e-02 
3.547978e-03 -8.532765e-02 
-6.763632e-05 -9.424654e-02 
-3.375673e-03 7.855973e-03 
-1.268357e-03 1.910117e-01 
6.883648e-01 1.418780e-01 
3.858238e-02 2.101275e-01 
-2.321364e-02 2.259183e-01 
-3.396496e-02 2.619446e-01 
-1.754512e-02 3.404203e-01 
-5.184816e-03 4.451936e-01 
6.612814e-01 -1.492692e-01 
1.075906e-01 -3.726606e-01 
3.220443e-02 -3.869696e-01 
3.824116e-02 -3.467524e-01 
2.030100e-02 -3.445931e-01 
7.467442e-03 -3.565287e-01 
2.533185e-02 -1.919859e-01 
1.033397e-02 -1.437831e-01 
1.832504e-03 -1.233067e-02 
-1.314472e-02 1.121170e-01 
-7.000995e-03 1.296291e-01 
-1.643286e-03 6.180799e-02 
-8.108768e-02 -4.993980e-02 
4.443983e-03 4.558790e-02 
-9.352541e-03 1.521024e-01 
-1.838101e-02 1.952907e-01 
-6.706695e-03 1.389667e-01 
9.926585e-05 -3.318676e-03 
-2.143358e-02 5.211424e-03 
5.222374e-04 7.020667e-02 
-8.656206e-03 1.348869e-01 
-1.040949e-02 1.327956e-01 
-2.465160e-03 6.778566e-02 
1.591329e-03 -5.028526e-02 
-2.519781e-03 -6.006063e-02 
4.122127e-03 -7.323083e-02 
3.576929e-03 -4.508823e-02 
-1.100400e-03 -1.168577e-02 
-2.196393e-03 2.231426e-02 
-1.750325e-03 5.567685e-02 
-1.007475e-01 -1.037947e-01 
1.658980e-03 -1.886684e-01 
1.349301e-02 -2.128274e-01 
1.300289e-02 -1.723390e-01 
1.730103e-03 -6.875016e-02 
-2.719306e-03 8.770890e-02 
-1.808649e-01 -5.960746e-02 
-2.270351e-03 -1.679120e-01 
1.294455e-02 -2.267219e-01 
1.646480e-02 -2.086279e-01 
3.115688e-03 -9.667178e-02 
-3.085012e-03 9.609784e-02 
-3.619647e-02 2.822959e-02 
-5.284398e-04 -4.775838e-02 
7.396414e-03 -1.012210e-01 
4.997845e-03 -1.030642e-01 
-2.432896e-03 -1.508943e-02 
-5.212768e-03 1.499545e-01 
4.928636e-01 -3.046588e-02 
9.583366e-02 8.151769e-02 
1.361342e-02 1.539113e-01 
-4.227263e-02 2.181208e-01 
-2.916829e-02 3.051273e-01 
-1.660539e-02 4.212789e-01 
6.172687e-01 -2.390416e-01 
1.027922e-02 -4.347585e-01 
8.689305e-03 -3.990709e-01 
4.162740e-02 -2.879996e-01 
2.037354e-02 -2.263068e-01 
7.258807e-03 -1.581893e-01 
