poroelastic
2.997616e-02 -2.588136e-01 
1.317208e-02 -3.969431e-01 
-2.653526e-02 -3.391474e-01 
-8.834551e-03 -3.799220e-02 
6.360308e-03 2.320776e-01 
2.135174e-02 4.608262e-01 
-4.160552e-02 2.797773e-02 
2.922386e-02 -1.909873e-01 
1.097709e-02 -2.839657e-01 
-6.023384e-03 -1.770046e-01 
-2.193075e-03 -3.752073e-02 
5.481379e-03 1.218835e-01 
-9.178121e-02 3.388413e-01 
3.001343e-02 3.586843e-02 
3.145735e-02 -2.094467e-01 
-4.983758e-03 -2.717605e-01 
-7.677102e-03 -2.093493e-01 
-2.680838e-03 -5.991023e-02 
2.974336e-01 6.645298e-01 
-2.685289e-02 3.148286e-01 
-3.943006e-03 4.403355e-02 
-2.681429e-03 -5.416092e-02 
-1.341106e-03 -1.177506e-02 
5.542804e-03 1.237675e-01 
1.254007e+00 7.141457e-01 
-6.575722e-02 5.251522e-01 
-8.043048e-02 3.928018e-01 
-6.676625e-03 4.133133e-01 
1.188533e-02 4.873883e-01 
2.434970e-02 5.799359e-01 
1.312170e+00 -5.220121e-01 
2.991904e-01 -8.823841e-01 
8.036786e-02 -7.841109e-01 
7.081435e-03 -5.245350e-01 
-6.095360e-03 -3.841719e-01 
-1.227136e-02 -3.614730e-01 
5.285943e-01 -6.327113e-01 
4.947855e-02 -5.902891e-01 
7.184381e-03 -3.341038e-01 
-1.490752e-03 1.979609e-03 
1.755558e-03 9.757299e-02 
-1.551890e-04 -5.662392e-03 
1.431956e-01 -4.322562e-01 
1.229066e-02 -3.100240e-01 
-5.098215e-03 -8.488560e-02 
-3.163136e-03 1.558293e-01 
2.220854e-03 1.605773e-01 
-6.256365e-04 -2.693808e-02 
2.447071e-02 -2.084430e-01 
3.579163e-03 -1.502760e-01 
-5.461416e-03 -2.634966e-02 
-3.218940e-03 1.194534e-01 
1.112757e-03 1.239324e-01 
1.887860e-04 8.782418e-03 
2.092102e-03 -6.300534e-02 
7.509411e-03 -1.324396e-01 
3.035499e-03 -1.431061e-01 
-1.632998e-03 -6.120120e-02 
-9.507757e-04 2.307216e-02 
2.152401e-03 9.908277e-02 
-7.733951e-02 8.911153e-02 
1.388710e-02 -1.136215e-01 
1.734442e-02 -2.783851e-01 
3.112366e-03 -2.893801e-01 
-2.551929e-03 -1.532362e-01 
1.894991e-03 8.591741e-02 
-1.027149e-01 3.347293e-01 
9.198236e-03 3.544260e-02 
1.964847e-02 -2.512130e-01 
4.880555e-03 -3.614274e-01 
-3.046132e-03 -2.258358e-01 
1.793728e-03 8.550209e-02 
2.644796e-01 6.102479e-01 
-1.221152e-02 3.110202e-01 
2.065947e-03 -2.946398e-03 
5.845939e-04 -1.740590e-01 
-2.681524e-03 -9.004948e-02 
3.139953e-03 1.735657e-01 
1.150061e+00 5.921401e-01 
5.587179e-02 5.862325e-01 
-3.184705e-02 4.160445e-01 
-2.448372e-02 3.174762e-01 
-7.558443e-03 3.730900e-01 
6.810605e-03 5.322085e-01 
1.257149e+00 -5.132093e-01 
1.641845e-01 -7.667635e-01 
4.260475e-02 -7.073760e-01 
3.444416e-02 -5.753326e-01 
1.087224e-02 -4.748209e-01 
-1.950674e-03 -4.053164e-01 
4.270501e-01 -5.761660e-01 
2.238080e-02 -4.926561e-01 
1.127664e-02 -2.783172e-01 
1.029901e-03 -4.850854e-02 
-5.736760e-04 3.704470e-02 
1.260478e-07 -6.405401e-04 
7.303236e-02 -3.421958e-01 
9.057820e-03 -2.100905e-01 
8.481982e-04 -2.842766e-02 
-7.840979e-03 1.197511e-01 
-2.384839e-03 1.254018e-01 
-5.695697e-06 2.240729e-03 
4.258539e-03 -1.235890e-01 
3.256606e-03 -5.592523e-02 
-1.302102e-03 2.655987e-02 
-4.872731e-03 8.029062e-02 
-1.415877e-03 7.313622e-02 
-9.872187e-07 2.833653e-04 
-1.336087e-02 7.823323e-04 
-5.613693e-04 -5.843092e-02 
4.678353e-03 -1.110802e-01 
5.620751e-03 -1.261301e-01 
6.102763e-04 -6.451345e-02 
-1.175419e-04 3.850593e-02 
-1.036502e-01 1.423016e-01 
-6.251432e-03 -4.607143e-02 
9.965211e-03 -2.382708e-01 
1.743422e-02 -3.325935e-01 
3.455253e-03 -2.170582e-01 
-1.038227e-04 4.423082e-02 
-7.886705e-02 3.586109e-01 
-1.115279e-02 9.265064e-02 
7.045764e-03 -1.933094e-01 
1.899419e-02 -3.640795e-01 
3.355965e-03 -2.404406e-01 
-3.148429e-04 9.612056e-02 
3.026181e-01 5.605877e-01 
-7.942913e-03 3.285663e-01 
-1.855875e-03 2.662332e-02 
7.694531e-03 -1.957741e-01 
-9.120137e-04 -1.113888e-01 
-1.291824e-03 1.970474e-01 
1.078857e+00 4.610471e-01 
1.466116e-01 5.626762e-01 
3.218546e-03 3.981516e-01 
-3.804954e-02 2.468936e-01 
-2.216390e-02 3.173979e-01 
-6.758261e-03 5.564734e-01 
1.403313e+00 -5.818290e-01 
-4.787911e-03 -7.621557e-01 
-1.625873e-03 -7.643054e-01 
7.706497e-02 -7.134575e-01 
3.264749e-02 -5.833820e-01 
6.886296e-03 -3.773714e-01 
