poroelastic
3.999493e-02 -1.883711e-01 
2.573873e-02 -2.677692e-01 
2.908513e-03 -2.348622e-01 
-1.001053e-02 -1.237687e-01 
-4.655199e-03 -5.603010e-02 
-1.648734e-04 -2.007167e-03 
2.686299e-02 1.402912e-02 
-1.903479e-02 -1.591438e-02 
-1.711352e-02 3.932736e-02 
9.705146e-03 1.168393e-01 
1.100215e-02 1.320858e-01 
8.318056e-03 1.027803e-01 
1.488979e-01 1.702626e-01 
-2.693682e-02 1.397408e-01 
-1.353902e-02 1.586339e-01 
1.386180e-02 1.694185e-01 
1.105179e-02 1.345457e-01 
4.789471e-03 5.976144e-02 
1.730406e-01 2.119747e-01 
-1.303729e-02 1.100754e-01 
-5.927597e-03 8.564578e-02 
7.332754e-03 9.349904e-02 
5.213610e-03 6.512487e-02 
6.411648e-04 8.087301e-03 
-2.490619e-02 2.218377e-01 
4.523591e-03 4.310418e-02 
1.196224e-02 -4.943833e-02 
-3.254812e-03 -5.764892e-02 
-7.020381e-03 -9.256861e-02 
-1.049799e-02 -1.379637e-01 
1.370930e-01 -3.415273e-01 
-1.010206e-02 -2.961681e-01 
-2.243267e-02 -1.346272e-01 
1.966504e-03 6.145647e-02 
1.172856e-02 1.788347e-01 
1.608592e-02 2.340480e-01 
3.104358e-01 -3.614039e-01 
9.747249e-03 -3.560628e-01 
-8.929399e-03 -2.546229e-01 
-5.250247e-03 -7.799926e-02 
2.442171e-03 4.435793e-02 
7.843364e-03 1.243889e-01 
1.775972e-01 -3.488773e-01 
1.860885e-03 -3.579421e-01 
-1.111434e-02 -2.526689e-01 
-4.408557e-03 -5.533653e-02 
4.112866e-03 8.213150e-02 
1.015668e-02 1.693543e-01 
5.635635e-02 -2.282209e-01 
8.289955e-04 -2.499408e-01 
-7.764448e-03 -1.711423e-01 
-2.383526e-03 -2.624970e-02 
3.152059e-03 6.343695e-02 
6.432314e-03 1.090974e-01 
2.688392e-04 -4.453803e-02 
1.621713e-04 -6.017738e-02 
-1.302112e-03 -3.170965e-02 
4.048943e-04 9.309961e-03 
8.641738e-04 1.521305e-02 
-2.314923e-04 -3.902815e-03 
5.388315e-02 1.462370e-01 
-3.870745e-03 1.459323e-01 
1.370176e-03 1.376503e-01 
4.788616e-03 9.296392e-02 
1.811873e-03 2.938052e-02 
-2.834348e-03 -4.772700e-02 
2.043691e-01 2.569561e-01 
-6.357150e-03 2.465682e-01 
2.861706e-04 2.164361e-01 
6.793039e-03 1.424651e-01 
3.613485e-03 6.572910e-02 
-8.476587e-04 -1.471459e-02 
3.124387e-01 2.484756e-01 
8.023604e-05 2.025870e-01 
-3.238503e-03 1.674138e-01 
4.923372e-03 1.332617e-01 
4.780356e-03 1.012851e-01 
3.569224e-03 6.654103e-02 
8.544825e-02 2.405164e-01 
3.964872e-04 1.319100e-01 
3.423305e-03 2.613677e-02 
3.500981e-04 -3.346068e-02 
-2.690254e-03 -7.528708e-02 
-5.012937e-03 -1.051355e-01 
3.573798e-02 -2.746169e-01 
-9.874266e-03 -1.505068e-01 
-3.878286e-03 -2.495290e-02 
-6.369281e-04 7.232731e-02 
3.537684e-03 1.358794e-01 
6.538105e-03 1.637726e-01 
2.357635e-01 -2.668521e-01 
-2.473333e-03 -2.105272e-01 
-1.907482e-03 -1.602006e-01 
-1.359235e-03 -9.649474e-02 
-1.162948e-03 -3.979198e-02 
1.497931e-04 4.217697e-03 
9.322687e-02 -2.513118e-01 
-3.381170e-03 -2.304366e-01 
-2.460585e-03 -1.659023e-01 
-2.785200e-03 -4.881276e-02 
3.886069e-04 5.262163e-02 
4.455847e-03 1.303125e-01 
8.028807e-03 -1.246534e-01 
-1.685376e-03 -1.226392e-01 
-1.617797e-03 -7.870725e-02 
-1.814758e-03 4.150879e-03 
1.067663e-03 7.132053e-02 
3.890375e-03 1.146201e-01 
9.684329e-03 6.562190e-02 
1.537414e-03 7.576235e-02 
9.327798e-04 6.820542e-02 
8.188528e-04 4.126271e-02 
5.458236e-04 1.373824e-02 
-8.201777e-04 -2.380557e-02 
1.058626e-01 2.503070e-01 
5.793803e-03 2.775249e-01 
3.324884e-03 2.254458e-01 
3.204355e-03 9.414017e-02 
5.418261e-04 -2.292250e-02 
-4.831699e-03 -1.387741e-01 
2.815903e-01 3.368581e-01 
1.148495e-02 3.666738e-01 
4.058296e-03 2.992744e-01 
2.958718e-03 1.381745e-01 
1.169605e-03 5.896488e-03 
-3.728647e-03 -1.127638e-01 
4.548328e-01 2.734728e-01 
3.147313e-02 3.038973e-01 
5.071174e-03 2.604609e-01 
-1.563088e-03 1.711932e-01 
1.296327e-03 1.149775e-01 
2.113719e-03 7.384538e-02 
1.649592e-01 2.755752e-01 
1.010762e-02 2.419692e-01 
-3.798443e-03 1.065458e-01 
3.737576e-03 -3.704390e-02 
5.885986e-04 -1.068056e-01 
-2.870099e-03 -1.297481e-01 
1.775602e-02 -1.274267e-01 
2.254047e-03 5.355046e-02 
-8.425884e-04 7.373963e-02 
1.015091e-03 -9.202167e-03 
2.000347e-04 -2.918745e-02 
-2.554539e-04 -1.628848e-02 
