poroelastic
-5.166040e-03 -8.796734e-02 
-1.361281e-02 -1.312225e-01 
-3.018522e-02 -1.223205e-01 
-5.745166e-03 3.001826e-02 
5.309969e-03 2.177424e-01 
1.756782e-02 4.039179e-01 
-1.065990e-02 5.032423e-02 
7.496865e-03 -4.958032e-02 
8.851730e-04 -1.504679e-01 
-4.944427e-03 -1.206395e-01 
-1.448509e-03 -1.016326e-02 
7.774145e-03 1.811898e-01 
-1.131961e-02 2.185653e-01 
7.026436e-03 5.977489e-02 
1.007412e-02 -1.100619e-01 
-4.239874e-03 -1.599489e-01 
-4.178904e-03 -9.601026e-02 
4.407840e-03 1.022162e-01 
3.273340e-01 4.060748e-01 
-3.789001e-02 2.540151e-01 
-1.995708e-02 1.192580e-01 
-1.918533e-03 5.810551e-02 
1.094283e-03 7.345605e-02 
9.047170e-03 2.104509e-01 
1.126449e+00 3.328738e-01 
-6.234328e-02 4.215715e-01 
-8.389934e-02 4.641158e-01 
-4.664809e-03 4.935319e-01 
1.087718e-02 4.949111e-01 
2.087329e-02 5.306602e-01 
8.110071e-01 -3.072641e-01 
1.836886e-01 -4.327320e-01 
5.512527e-02 -3.651238e-01 
1.060126e-02 -2.939530e-01 
-3.288668e-03 -3.335327e-01 
-1.316934e-02 -4.190373e-01 
1.200093e-01 -2.743549e-01 
6.570633e-03 -1.671158e-01 
-3.909655e-03 -6.458403e-03 
-6.042296e-04 1.183971e-01 
1.878938e-03 8.544813e-02 
-1.575801e-03 -6.385860e-02 
-1.095827e-02 -6.549024e-02 
-3.559801e-03 2.566996e-02 
-3.528940e-03 9.961114e-02 
7.777575e-04 1.067439e-01 
1.867575e-03 3.198795e-02 
-2.701150e-03 -1.326818e-01 
7.759152e-03 1.744691e-02 
-5.812147e-04 6.319529e-02 
3.332770e-03 3.710379e-02 
3.406450e-03 -2.819061e-02 
1.024674e-03 -6.139596e-02 
-2.063934e-03 -1.109980e-01 
-1.724559e-03 1.189566e-02 
5.564174e-03 -1.686736e-02 
9.012168e-03 -1.212038e-01 
2.337872e-03 -1.751560e-01 
-1.345630e-03 -9.149020e-02 
1.140396e-03 6.069748e-02 
-5.768240e-02 2.122453e-02 
9.770012e-03 -8.245644e-02 
1.324300e-02 -2.416689e-01 
1.379168e-03 -2.779673e-01 
-2.966781e-03 -1.168615e-01 
3.449970e-03 1.810002e-01 
-3.224462e-02 1.043494e-01 
3.903522e-03 -2.694689e-02 
6.535223e-03 -1.880520e-01 
-1.323258e-03 -2.173062e-01 
-3.428514e-03 -5.903140e-02 
4.844732e-03 2.661124e-01 
2.580148e-01 2.022719e-01 
-9.390362e-03 1.495643e-01 
-9.965638e-03 4.388484e-02 
-6.398554e-03 -2.159787e-03 
-3.489229e-03 7.211936e-02 
4.755215e-03 3.032743e-01 
9.550672e-01 1.385911e-01 
5.811782e-02 3.452202e-01 
-3.702069e-02 4.041454e-01 
-2.888462e-02 4.292787e-01 
-8.936901e-03 4.506397e-01 
5.707715e-03 5.502374e-01 
7.104106e-01 -2.900506e-01 
9.611983e-02 -3.768938e-01 
2.357579e-02 -3.295329e-01 
2.271407e-02 -2.860157e-01 
9.062925e-03 -3.212463e-01 
-1.023069e-03 -3.518225e-01 
9.322839e-02 -2.350186e-01 
6.676973e-03 -1.508731e-01 
8.962793e-04 -2.968909e-02 
-4.302541e-03 7.572899e-02 
-1.111266e-03 7.193414e-02 
2.801488e-05 -1.222730e-02 
2.040444e-02 -4.572040e-02 
-2.176369e-04 -1.783593e-03 
-1.562976e-03 3.635009e-02 
1.348280e-03 3.464506e-02 
2.144088e-03 -5.579257e-03 
5.824412e-04 -1.210635e-01 
2.548215e-02 4.897266e-03 
-3.472738e-03 1.144605e-02 
1.635195e-03 -3.023578e-02 
1.057680e-02 -1.021876e-01 
5.135057e-03 -1.185075e-01 
8.672115e-04 -1.504639e-01 
-2.323357e-02 -1.886542e-02 
-2.458055e-03 -5.817810e-02 
7.396798e-03 -1.557573e-01 
1.230164e-02 -2.201160e-01 
2.970347e-03 -1.408172e-01 
-1.178137e-05 2.168756e-03 
-8.247398e-02 1.085591e-02 
-1.954392e-03 -7.602722e-02 
9.735920e-03 -2.111210e-01 
1.115597e-02 -2.664924e-01 
7.074611e-04 -1.310605e-01 
-6.112073e-04 1.264099e-01 
-1.106607e-02 6.750430e-02 
-7.253564e-04 -8.183696e-03 
5.026268e-03 -1.132332e-01 
3.135315e-03 -1.605816e-01 
-2.792291e-03 -3.948183e-02 
-1.279560e-03 2.213705e-01 
2.512568e-01 6.717461e-02 
9.549641e-03 1.078306e-01 
-2.572605e-03 8.842894e-02 
-1.040294e-02 3.932905e-02 
-7.302317e-03 8.954094e-02 
-2.466132e-03 2.637183e-01 
8.469494e-01 -8.926072e-02 
1.520519e-01 2.218178e-01 
5.531077e-03 3.761250e-01 
-5.406014e-02 4.404845e-01 
-2.868915e-02 4.836728e-01 
-8.954133e-03 5.724888e-01 
6.255851e-01 -3.978908e-01 
1.903129e-02 -4.666092e-01 
7.854124e-03 -3.561561e-01 
2.210249e-02 -2.088601e-01 
9.575519e-03 -1.569251e-01 
2.847149e-03 -1.270072e-01 
