poroelastic
-7.613546e-02 3.713588e-01 
-6.245758e-02 5.653364e-01 
-1.807774e-02 5.316794e-01 
5.006683e-03 2.489624e-01 
5.844503e-04 3.738897e-03 
-5.063765e-03 -2.189106e-01 
2.223326e-02 2.872692e-02 
-1.825137e-02 2.422926e-01 
2.238050e-03 2.652899e-01 
2.621025e-03 8.719469e-02 
-1.021938e-03 -7.873294e-02 
-5.032239e-03 -2.324041e-01 
-5.302814e-02 -3.246208e-01 
4.569837e-03 -6.735286e-02 
1.008690e-03 5.901112e-02 
9.939036e-04 3.588621e-02 
-1.271897e-04 -1.763940e-02 
-1.751887e-03 -8.162098e-02 
-2.781205e-01 -5.980262e-01 
2.426666e-02 -2.334777e-01 
6.506880e-03 -4.388422e-02 
4.099716e-04 -1.627222e-02 
-3.367678e-04 -3.235800e-02 
-1.575838e-03 -7.168298e-02 
-6.499028e-01 -6.716091e-01 
3.345495e-02 -2.973568e-01 
2.472864e-02 -1.128736e-01 
2.191632e-03 -1.330956e-01 
-1.644191e-03 -1.672263e-01 
-4.073844e-03 -2.070094e-01 
-9.603804e-01 6.441156e-01 
-2.044378e-01 8.747068e-01 
-3.940574e-02 6.707937e-01 
-1.786430e-03 3.024905e-01 
6.472880e-04 6.651431e-02 
-5.377709e-04 -4.692653e-02 
-7.471098e-01 7.342060e-01 
-7.097625e-02 7.736153e-01 
-2.159517e-02 5.516087e-01 
-7.938489e-04 1.720319e-01 
7.521858e-04 -3.611786e-02 
-4.369648e-04 -1.007243e-01 
-3.575984e-01 6.367061e-01 
-3.554529e-02 6.280912e-01 
-1.248346e-02 4.153037e-01 
2.457653e-03 5.680507e-02 
2.428917e-03 -1.274089e-01 
9.446495e-05 -1.595738e-01 
-1.087871e-01 3.979308e-01 
-2.253303e-02 4.264542e-01 
-8.070138e-03 2.896151e-01 
2.980679e-03 2.602985e-02 
2.747956e-03 -1.187492e-01 
4.033026e-04 -1.502564e-01 
-3.794494e-04 1.279873e-01 
-1.355520e-02 2.230677e-01 
-1.016053e-02 2.200019e-01 
-2.193479e-03 1.078188e-01 
3.871482e-04 1.117276e-02 
1.302729e-04 -5.392125e-02 
3.676717e-02 -1.509097e-01 
-2.864063e-03 1.004884e-02 
-9.483781e-03 1.362236e-01 
-5.490482e-03 1.650290e-01 
-1.183531e-03 1.036235e-01 
2.095635e-05 -9.371959e-03 
-5.847618e-02 -4.195816e-01 
6.976436e-03 -1.885283e-01 
-4.724369e-03 3.179667e-02 
-4.999191e-03 1.570705e-01 
-1.220506e-03 1.179411e-01 
1.157126e-04 -3.283975e-02 
-3.473611e-01 -6.104687e-01 
1.433633e-02 -3.319700e-01 
3.744622e-03 -8.152624e-02 
-6.689868e-04 6.486665e-02 
7.215276e-04 3.228138e-02 
7.767083e-04 -1.260153e-01 
-6.989936e-01 -6.008574e-01 
-1.993586e-02 -4.272989e-01 
1.142159e-02 -2.025468e-01 
8.599688e-03 -8.774678e-02 
4.891583e-03 -1.104879e-01 
2.545674e-03 -2.292288e-01 
-8.095838e-01 5.535356e-01 
-1.029656e-01 6.409286e-01 
-2.531733e-02 5.035555e-01 
-1.846360e-02 3.237324e-01 
-6.025780e-03 1.708458e-01 
-9.993038e-04 5.124814e-02 
-5.658204e-01 5.901054e-01 
-1.905600e-02 5.394701e-01 
-1.685845e-02 3.895035e-01 
-1.314411e-02 1.989122e-01 
-3.595489e-03 8.337532e-02 
-9.080305e-04 3.635175e-02 
-1.951102e-01 4.668805e-01 
-1.271551e-02 4.069707e-01 
-1.424727e-02 2.555694e-01 
4.743718e-04 4.693459e-02 
4.390113e-03 -7.289621e-02 
2.913575e-03 -1.041073e-01 
-2.980650e-02 2.265751e-01 
-9.012809e-03 2.153415e-01 
-8.923691e-03 1.364489e-01 
3.822522e-03 1.751360e-03 
5.592213e-03 -9.213346e-02 
3.762812e-03 -1.288351e-01 
1.586837e-02 -3.118333e-02 
4.473690e-03 2.562848e-02 
-2.324525e-03 8.643064e-02 
-8.770393e-03 1.130245e-01 
-3.849446e-03 8.142725e-02 
-8.625660e-04 3.001881e-02 
1.259033e-02 -2.906390e-01 
1.477739e-02 -1.730693e-01 
4.405344e-03 9.327175e-03 
-1.605903e-02 1.764467e-01 
-9.768069e-03 1.906985e-01 
-3.104854e-03 1.096016e-01 
-1.566608e-01 -5.084858e-01 
1.451553e-02 -3.465037e-01 
9.283040e-03 -1.034019e-01 
-1.175778e-02 1.337789e-01 
-7.743347e-03 1.610786e-01 
-1.250746e-03 4.229457e-02 
-5.253038e-01 -5.848437e-01 
-5.943308e-03 -4.287667e-01 
7.597692e-03 -2.013105e-01 
2.713649e-03 5.396042e-03 
2.603346e-03 -7.675509e-04 
5.323828e-03 -1.635531e-01 
-7.553766e-01 -5.202794e-01 
-7.887306e-02 -4.970217e-01 
1.760444e-03 -2.693007e-01 
1.358887e-02 -7.626563e-02 
9.707105e-03 -9.355323e-02 
9.858056e-03 -2.614272e-01 
-9.401369e-01 4.018602e-01 
1.212339e-02 4.177538e-01 
1.872042e-02 4.519917e-01 
-6.460670e-02 5.304421e-01 
-3.709047e-02 4.795542e-01 
-1.503161e-02 3.386420e-01 
