poroelastic
1.894072e-02 -2.238529e-01 
1.713454e-03 -3.437268e-01 
-3.341136e-02 -2.854246e-01 
-7.217327e-03 -2.851198e-03 
9.021790e-03 2.485193e-01 
2.493646e-02 4.653185e-01 
-3.947273e-02 5.288006e-02 
2.733741e-02 -1.562700e-01 
1.087056e-02 -2.587210e-01 
-7.208092e-03 -1.778257e-01 
-3.202851e-03 -5.677126e-02 
4.988438e-03 9.436779e-02 
-8.178322e-02 3.491067e-01 
2.949570e-02 5.663417e-02 
3.066060e-02 -1.923094e-01 
-7.402362e-03 -2.695116e-01 
-9.762569e-03 -2.134506e-01 
-3.310044e-03 -6.242536e-02 
3.014495e-01 6.586185e-01 
-2.518385e-02 3.294412e-01 
-3.129702e-03 5.611474e-02 
-3.131176e-03 -5.759096e-02 
-1.680706e-03 -1.916211e-02 
6.338191e-03 1.198272e-01 
1.238493e+00 7.084194e-01 
-5.926474e-02 5.448899e-01 
-7.695075e-02 4.008108e-01 
-1.593538e-03 3.985315e-01 
1.520939e-02 4.680265e-01 
2.814172e-02 5.689824e-01 
1.308814e+00 -4.969191e-01 
2.870519e-01 -8.485921e-01 
7.430239e-02 -7.686006e-01 
2.056943e-03 -5.380403e-01 
-9.980394e-03 -3.988119e-01 
-1.501093e-02 -3.590457e-01 
5.176643e-01 -6.049762e-01 
4.539338e-02 -5.652588e-01 
5.419290e-03 -3.273962e-01 
-1.290258e-03 -1.851288e-02 
1.968898e-03 7.539935e-02 
-1.374493e-04 -3.877036e-03 
1.232941e-01 -4.132334e-01 
7.968774e-03 -2.859034e-01 
-6.739128e-03 -7.100161e-02 
-2.031462e-03 1.500811e-01 
3.152852e-03 1.553213e-01 
1.670502e-05 5.292147e-04 
8.692579e-03 -1.918183e-01 
-6.136167e-04 -1.238590e-01 
-8.107438e-03 -5.425953e-03 
-2.959369e-03 1.285248e-01 
1.853786e-03 1.347922e-01 
1.635914e-03 5.445423e-02 
1.603191e-03 -4.234973e-02 
4.074110e-03 -1.040909e-01 
-6.232497e-04 -1.184385e-01 
-2.889757e-03 -4.487662e-02 
-8.242161e-04 3.673785e-02 
4.117741e-03 1.360544e-01 
-6.498304e-02 1.120323e-01 
1.303649e-02 -8.918365e-02 
1.446153e-02 -2.599574e-01 
-5.691791e-04 -2.787519e-01 
-4.040416e-03 -1.476574e-01 
3.185291e-03 1.042368e-01 
-9.563968e-02 3.569384e-01 
1.095698e-02 5.364077e-02 
1.952304e-02 -2.456617e-01 
9.580770e-04 -3.684185e-01 
-5.350860e-03 -2.374200e-01 
2.409691e-03 8.135442e-02 
2.479347e-01 6.333541e-01 
-9.895943e-03 3.322615e-01 
4.517854e-03 -4.509611e-03 
-1.105324e-04 -2.003192e-01 
-3.558274e-03 -1.235715e-01 
3.866424e-03 1.438513e-01 
1.138228e+00 6.270487e-01 
5.620213e-02 6.163091e-01 
-3.026760e-02 4.164842e-01 
-1.881230e-02 2.905278e-01 
-3.699996e-03 3.431244e-01 
1.102266e-02 5.120088e-01 
1.294052e+00 -5.056241e-01 
1.621720e-01 -7.556812e-01 
4.000861e-02 -7.154155e-01 
2.927057e-02 -6.050010e-01 
5.865703e-03 -4.969959e-01 
-5.861030e-03 -4.118213e-01 
4.326463e-01 -5.748154e-01 
2.038374e-02 -4.846147e-01 
9.012200e-03 -2.775930e-01 
1.301129e-03 -6.262376e-02 
-4.513326e-05 2.429373e-02 
-5.937001e-05 -6.312958e-03 
6.165740e-02 -3.314926e-01 
6.680511e-03 -1.906599e-01 
-5.004297e-04 -1.063537e-02 
-6.637390e-03 1.236137e-01 
-1.151267e-03 1.249373e-01 
2.699840e-05 3.684613e-03 
-3.495129e-03 -1.058368e-01 
2.010050e-03 -3.068050e-02 
-2.273910e-03 4.892178e-02 
-4.758652e-03 9.064588e-02 
-9.336154e-04 7.976365e-02 
8.294032e-05 1.256964e-02 
-8.802829e-03 1.988135e-02 
-3.345010e-04 -3.371118e-02 
3.393064e-03 -9.124697e-02 
3.198675e-03 -1.143979e-01 
-4.446927e-04 -5.428429e-02 
4.089106e-04 5.859843e-02 
-8.678790e-02 1.614553e-01 
-3.797104e-03 -2.735490e-02 
9.274183e-03 -2.278617e-01 
1.196482e-02 -3.261051e-01 
4.911649e-04 -2.049380e-01 
5.586910e-04 7.298791e-02 
-6.434473e-02 3.850473e-01 
-8.429697e-03 1.087119e-01 
7.761693e-03 -1.958396e-01 
1.441490e-02 -3.757215e-01 
4.186393e-04 -2.414719e-01 
7.949128e-04 1.176415e-01 
3.055178e-01 6.037745e-01 
-8.019935e-03 3.578759e-01 
-1.282449e-03 2.357196e-02 
7.424758e-03 -2.244431e-01 
-1.430537e-03 -1.362413e-01 
6.084453e-04 1.906198e-01 
1.104522e+00 5.035906e-01 
1.451964e-01 6.030098e-01 
1.439588e-03 4.078712e-01 
-3.321463e-02 2.298858e-01 
-1.818569e-02 3.017178e-01 
-1.638398e-03 5.585986e-01 
1.455427e+00 -5.969254e-01 
-2.439010e-04 -7.766855e-01 
-1.995169e-03 -7.914888e-01 
7.021096e-02 -7.484655e-01 
2.679594e-02 -6.052020e-01 
3.444500e-03 -3.776373e-01 
