poroelastic
3.010714e-02 -2.614998e-01 
7.154935e-03 -3.801206e-01 
-2.781421e-02 -3.113464e-01 
-6.704112e-03 -5.642366e-02 
1.073642e-02 1.502320e-01 
2.547301e-02 3.273824e-01 
7.400565e-03 8.774417e-02 
-3.543170e-03 -4.478608e-02 
-1.091591e-02 -7.770405e-02 
-1.021129e-03 -4.969798e-03 
4.335173e-03 6.080520e-02 
9.376614e-03 1.228543e-01 
8.417614e-02 3.898474e-01 
-2.637930e-03 1.971921e-01 
6.467541e-03 4.336729e-02 
-1.935689e-03 -3.190262e-02 
-3.597609e-03 -4.940181e-02 
-2.133228e-03 -2.823574e-02 
3.451873e-01 5.835793e-01 
-2.220223e-02 3.125843e-01 
-6.209201e-03 1.177602e-01 
2.222114e-03 4.152345e-02 
2.554829e-03 3.797022e-02 
5.760834e-03 7.693621e-02 
7.107747e-01 5.838990e-01 
-1.194971e-02 3.819196e-01 
-2.753116e-02 2.160677e-01 
8.433597e-03 2.005503e-01 
1.377302e-02 2.110317e-01 
1.629983e-02 2.266099e-01 
8.257825e-01 -6.065181e-01 
1.189265e-01 -7.057933e-01 
5.789259e-03 -4.983236e-01 
-9.805516e-03 -1.968490e-01 
-1.973201e-03 -3.262684e-02 
2.697420e-04 4.192341e-03 
5.405648e-01 -6.628859e-01 
2.546536e-02 -5.858184e-01 
-6.427087e-03 -3.548928e-01 
-3.378436e-03 -4.787402e-02 
3.949714e-03 7.875030e-02 
3.090913e-03 5.281239e-02 
2.116137e-01 -5.272269e-01 
4.878496e-03 -4.343814e-01 
-1.087856e-02 -2.214312e-01 
-5.942983e-04 5.312571e-02 
6.712339e-03 1.488284e-01 
5.427501e-03 9.824207e-02 
4.453319e-02 -2.896219e-01 
-5.694602e-04 -2.568560e-01 
-9.790766e-03 -1.248547e-01 
-1.641490e-04 6.335333e-02 
5.677744e-03 1.331847e-01 
5.926986e-03 1.096544e-01 
5.309691e-04 -3.137910e-02 
3.415336e-04 -7.188024e-02 
-3.109660e-03 -6.554177e-02 
-1.218906e-03 -7.606480e-03 
1.188430e-03 3.305489e-02 
3.367014e-03 6.196870e-02 
2.835879e-02 2.534444e-01 
8.758189e-04 1.480008e-01 
4.093964e-03 2.598551e-02 
-1.575359e-03 -6.138813e-02 
-3.113588e-03 -6.719841e-02 
-6.083957e-04 -1.116682e-02 
1.897524e-01 5.195023e-01 
-2.964134e-03 3.502061e-01 
5.075804e-03 1.348367e-01 
-1.003832e-03 -4.953486e-02 
-3.729663e-03 -8.203686e-02 
-3.841153e-04 -7.267987e-03 
5.433198e-01 6.734414e-01 
-4.167136e-03 4.869271e-01 
-2.489464e-03 2.500739e-01 
5.766811e-04 5.860982e-02 
4.157344e-04 2.734649e-02 
4.938802e-03 1.007684e-01 
8.522882e-01 6.241937e-01 
6.480321e-02 5.911267e-01 
-5.521162e-03 3.746470e-01 
2.120205e-04 2.081746e-01 
4.023694e-03 1.580094e-01 
7.794326e-03 1.807578e-01 
7.871707e-01 -6.055074e-01 
5.636750e-02 -5.601856e-01 
4.503842e-03 -3.913429e-01 
-5.871565e-05 -2.374337e-01 
-2.579956e-03 -1.391537e-01 
-3.636574e-03 -1.033927e-01 
4.669357e-01 -6.105225e-01 
1.974107e-03 -4.531821e-01 
6.878837e-04 -2.711368e-01 
6.083271e-04 -1.003936e-01 
-9.471283e-05 -2.881856e-02 
-1.502831e-03 -4.899898e-02 
1.177016e-01 -4.285209e-01 
5.694179e-05 -2.940201e-01 
-7.896165e-04 -1.270320e-01 
-2.701065e-03 3.933967e-02 
1.114080e-03 1.052464e-01 
2.240332e-03 7.680650e-02 
-2.125192e-03 -1.559784e-01 
1.947329e-04 -8.970537e-02 
-1.242875e-03 -9.265963e-03 
-2.718109e-03 7.119219e-02 
9.910452e-04 1.099011e-01 
2.924663e-03 1.017974e-01 
1.026935e-02 1.279956e-01 
5.413265e-04 1.172582e-01 
1.820533e-04 5.594543e-02 
1.379631e-04 -1.741338e-02 
-5.356247e-04 -2.391301e-02 
2.382745e-04 8.158914e-03 
8.237147e-02 4.180684e-01 
5.741444e-04 3.318812e-01 
9.998415e-04 1.318173e-01 
3.386742e-03 -9.795498e-02 
-1.695238e-03 -1.543380e-01 
-2.700468e-03 -9.099676e-02 
3.059283e-01 6.621218e-01 
3.715539e-03 5.265933e-01 
-4.116825e-05 2.437090e-01 
3.612693e-03 -8.072275e-02 
-1.622110e-03 -1.604443e-01 
-1.914139e-03 -6.801884e-02 
7.429301e-01 7.524951e-01 
3.052182e-02 6.577689e-01 
-3.959970e-04 3.731436e-01 
-2.001588e-03 4.971709e-02 
-1.596147e-03 -1.228874e-02 
2.517495e-03 1.048845e-01 
9.724867e-01 6.707839e-01 
1.439699e-01 7.736265e-01 
6.693660e-03 4.876669e-01 
-7.421270e-03 1.550656e-01 
-2.460434e-03 7.121113e-02 
2.878113e-03 1.618406e-01 
9.132800e-01 -5.848079e-01 
-3.919033e-02 -3.831155e-01 
-1.990180e-02 -3.481332e-01 
2.679621e-02 -4.232240e-01 
6.602494e-03 -3.655444e-01 
-2.711177e-03 -2.332441e-01 
