poroelastic
5.496564e-03 2.274986e-01 
2.828145e-02 3.155629e-01 
5.328532e-02 1.936731e-01 
-7.981654e-03 -1.331212e-01 
-2.270166e-02 -3.882578e-01 
-3.057352e-02 -5.797133e-01 
-3.955021e-03 -1.177642e-01 
-3.319292e-04 2.252775e-02 
5.311254e-03 8.825775e-02 
1.922569e-03 3.921554e-02 
-1.713669e-03 -2.735979e-02 
-5.618740e-03 -1.095428e-01 
1.174417e-02 -4.128913e-01 
-1.861126e-02 -1.961278e-01 
-2.387196e-02 4.322398e-02 
1.097076e-02 1.923037e-01 
1.191021e-02 2.196063e-01 
7.767674e-03 1.533042e-01 
-4.020419e-01 -6.656842e-01 
2.437287e-02 -4.201776e-01 
2.512692e-03 -1.666176e-01 
-7.516722e-04 -1.349145e-02 
-2.889324e-05 1.425884e-03 
-4.074352e-03 -8.059600e-02 
-1.384511e+00 -6.264398e-01 
4.031581e-02 -5.824061e-01 
6.558271e-02 -4.999326e-01 
-2.075908e-02 -5.124469e-01 
-2.770221e-02 -5.607194e-01 
-2.946922e-02 -6.121930e-01 
-1.152836e+00 5.381126e-01 
-2.078414e-01 7.751524e-01 
-3.744626e-02 6.370254e-01 
1.161404e-02 3.921448e-01 
1.156596e-02 3.006781e-01 
1.418718e-02 3.512179e-01 
-3.152905e-01 6.153330e-01 
-6.239945e-03 4.515041e-01 
9.260014e-03 1.526007e-01 
-3.500225e-03 -1.595675e-01 
-6.282855e-03 -1.933266e-01 
6.700471e-05 1.966113e-03 
1.216852e-02 3.648904e-01 
6.743663e-03 1.545704e-01 
1.049496e-02 -1.033143e-01 
-5.248365e-03 -3.060111e-01 
-6.568463e-03 -2.364816e-01 
1.464822e-03 4.855177e-02 
4.441691e-02 1.322632e-01 
8.878834e-03 1.390418e-02 
8.612095e-03 -1.391635e-01 
-3.480204e-03 -2.566323e-01 
-4.916013e-03 -1.950124e-01 
1.624909e-04 5.645295e-03 
-9.939463e-04 3.652580e-03 
3.010414e-03 2.761838e-02 
4.579073e-03 7.758841e-03 
1.738997e-04 -5.982974e-02 
-1.856562e-03 -9.121799e-02 
-2.791115e-03 -9.515029e-02 
1.261861e-02 -1.497610e-01 
-2.929163e-03 -6.515752e-04 
-2.173648e-03 1.259503e-01 
2.829074e-03 1.488391e-01 
2.112953e-03 6.662679e-02 
-2.805951e-03 -9.500736e-02 
-4.926256e-02 -3.784427e-01 
-1.527248e-03 -1.568329e-01 
-3.723727e-03 7.814277e-02 
3.294757e-03 1.979147e-01 
3.278692e-03 1.222802e-01 
-2.655747e-03 -9.544310e-02 
-4.546144e-01 -5.988146e-01 
1.523701e-03 -4.066035e-01 
2.686931e-03 -1.522140e-01 
1.447220e-03 2.048310e-02 
7.043943e-04 -8.742296e-03 
-4.332068e-03 -1.779613e-01 
-1.275267e+00 -5.392486e-01 
-1.069699e-01 -6.535828e-01 
1.159109e-02 -5.327435e-01 
7.398698e-03 -4.341740e-01 
-2.699526e-03 -4.446060e-01 
-9.845790e-03 -5.222541e-01 
-1.105495e+00 5.612727e-01 
-9.820578e-02 6.826457e-01 
-8.466163e-03 5.697689e-01 
-9.025358e-03 4.350704e-01 
-1.560619e-03 3.758899e-01 
3.989791e-03 3.807788e-01 
-2.876102e-01 5.788495e-01 
-1.610809e-03 3.902850e-01 
-2.075304e-03 1.396098e-01 
2.176362e-03 -7.099295e-02 
2.117334e-04 -1.064388e-01 
2.068619e-05 3.769381e-03 
2.450498e-02 3.020223e-01 
-6.007638e-03 1.002048e-01 
-7.564651e-04 -1.098237e-01 
6.377740e-03 -2.336239e-01 
9.983635e-04 -1.903414e-01 
-1.309160e-05 -3.960070e-03 
3.436912e-02 7.213678e-02 
-4.984994e-03 -4.359970e-02 
-2.047065e-04 -1.554385e-01 
5.650872e-03 -2.010823e-01 
1.226630e-03 -1.605474e-01 
-1.116886e-04 -4.163935e-02 
-7.596890e-03 -5.183736e-02 
-1.024794e-03 -2.951841e-02 
-4.660680e-04 -4.046802e-03 
9.822643e-04 1.376955e-02 
8.459751e-04 -2.025088e-02 
-2.863970e-04 -8.356539e-02 
1.901845e-02 -2.119482e-01 
5.390962e-03 -6.711812e-02 
9.153845e-04 1.018475e-01 
-5.129235e-03 2.156999e-01 
-3.379485e-04 1.454548e-01 
-2.223010e-04 -5.804883e-02 
-7.642363e-02 -4.299085e-01 
5.458214e-03 -2.333904e-01 
3.195872e-03 2.840979e-02 
-6.389002e-03 2.388145e-01 
-9.088013e-04 1.857527e-01 
-1.331754e-04 -6.186089e-02 
-5.010852e-01 -6.001654e-01 
-1.897073e-02 -4.767283e-01 
2.356185e-03 -2.023465e-01 
-7.002108e-04 6.718383e-02 
8.437701e-04 6.165352e-02 
2.163452e-04 -1.424395e-01 
-1.220900e+00 -4.686688e-01 
-2.147720e-01 -6.829594e-01 
-2.528130e-02 -5.395777e-01 
2.708418e-02 -3.495482e-01 
1.431655e-02 -3.588154e-01 
3.650500e-03 -5.152818e-01 
-1.205320e+00 6.914574e-01 
4.932321e-02 6.869451e-01 
2.519418e-02 6.145311e-01 
-3.915630e-02 5.413536e-01 
-1.591074e-02 4.147408e-01 
-3.250764e-03 2.398249e-01 
