poroelastic
3.671887e-02 -5.204397e-04 
4.376971e-02 -1.308679e-02 
4.468273e-02 -7.518584e-02 
-9.792946e-03 -2.010480e-01 
-2.084412e-02 -3.150922e-01 
-2.656587e-02 -4.002500e-01 
9.931853e-03 -9.095876e-02 
-8.935864e-03 -4.241421e-02 
-8.561661e-03 3.868855e-02 
5.325269e-03 8.794146e-02 
5.122948e-03 8.019951e-02 
1.480084e-03 2.304430e-02 
1.036424e-01 -1.632079e-01 
-2.956373e-02 -5.984381e-02 
-2.765537e-02 1.122774e-01 
1.414849e-02 2.407643e-01 
1.553135e-02 2.496658e-01 
1.010323e-02 1.606131e-01 
-1.503413e-01 -2.771786e-01 
6.577183e-03 -2.055876e-01 
-2.611997e-03 -6.000539e-02 
3.164991e-03 5.322679e-02 
2.696704e-03 4.292644e-02 
-3.530838e-03 -5.653289e-02 
-8.866063e-01 -2.323637e-01 
2.148995e-02 -3.503298e-01 
4.935661e-02 -3.610906e-01 
-1.296805e-02 -3.643698e-01 
-2.383065e-02 -4.175849e-01 
-2.923501e-02 -4.836560e-01 
-5.932033e-01 1.026217e-01 
-1.221620e-01 2.533636e-01 
-3.507446e-02 2.730744e-01 
6.963328e-03 2.653172e-01 
1.357750e-02 2.990211e-01 
1.988384e-02 3.792368e-01 
4.794155e-02 1.284847e-01 
8.024653e-03 9.232365e-03 
4.243914e-03 -1.109029e-01 
-5.977885e-03 -1.717369e-01 
-4.475494e-03 -9.673285e-02 
4.376494e-03 9.443155e-02 
1.493299e-01 -2.280187e-02 
9.696195e-03 -1.743466e-01 
3.563036e-03 -2.652486e-01 
-7.624257e-03 -2.448499e-01 
-4.326976e-03 -9.544571e-02 
6.549696e-03 1.537702e-01 
7.512905e-02 -8.668587e-02 
9.870386e-03 -1.860174e-01 
3.422012e-03 -2.289654e-01 
-5.175129e-03 -1.925581e-01 
-3.389365e-03 -8.274761e-02 
3.278369e-03 7.967907e-02 
-7.997870e-04 -4.669388e-02 
4.137157e-03 -5.530993e-02 
3.525374e-03 -5.074644e-02 
-2.218475e-04 -5.290995e-02 
-1.629428e-03 -5.719304e-02 
-2.771557e-03 -6.665114e-02 
3.005915e-02 -2.467285e-02 
-3.477037e-03 5.079767e-02 
-1.701428e-03 1.233389e-01 
3.334615e-03 1.299338e-01 
2.587908e-03 5.937691e-02 
-3.097487e-03 -7.427101e-02 
7.203751e-02 -9.753651e-02 
-4.152379e-03 1.397443e-02 
-3.943320e-03 1.400587e-01 
3.954961e-03 1.900956e-01 
4.177132e-03 1.174504e-01 
-1.907398e-03 -4.800980e-02 
-1.319618e-01 -2.292717e-01 
-3.512263e-04 -1.638618e-01 
-8.675563e-04 -3.446593e-02 
1.449592e-03 6.479249e-02 
1.691685e-03 4.373538e-02 
-2.229582e-03 -6.245486e-02 
-7.600686e-01 -1.881715e-01 
-7.683396e-02 -3.556382e-01 
7.200174e-03 -3.508495e-01 
5.524898e-03 -3.122997e-01 
-4.399309e-03 -3.268189e-01 
-1.109476e-02 -3.712401e-01 
-6.384930e-01 1.805632e-01 
-5.827801e-02 3.049159e-01 
-5.683646e-03 3.065597e-01 
-6.986820e-03 2.926563e-01 
4.649676e-04 3.106498e-01 
7.332744e-03 3.511946e-01 
-3.739082e-03 1.876138e-01 
-1.623107e-03 8.600821e-02 
-2.252530e-04 -4.329941e-02 
2.249180e-03 -1.259291e-01 
-7.876848e-04 -1.018254e-01 
1.660135e-04 1.040155e-02 
8.691427e-02 1.636451e-02 
-4.017432e-03 -1.091742e-01 
1.121497e-03 -2.000351e-01 
1.729275e-03 -1.902318e-01 
-1.294102e-03 -8.531011e-02 
1.344767e-03 9.698129e-02 
3.264448e-02 -5.165867e-02 
-2.489147e-03 -1.345917e-01 
7.904750e-04 -1.771782e-01 
1.190360e-03 -1.393394e-01 
-7.733569e-04 -5.711107e-02 
7.836919e-04 5.968017e-02 
-4.948971e-03 -1.509378e-02 
-9.430832e-04 -1.027511e-02 
-3.260055e-04 -2.411513e-03 
1.201283e-03 5.642186e-03 
6.487609e-04 -1.991159e-02 
-9.838243e-04 -7.118004e-02 
5.803101e-02 -5.389146e-03 
4.431341e-03 8.558956e-02 
-3.232860e-04 1.583132e-01 
-1.748637e-03 1.698586e-01 
1.471227e-03 7.393871e-02 
-1.531548e-03 -1.081422e-01 
9.300978e-02 -8.862618e-02 
8.145547e-03 3.448283e-02 
1.372158e-03 1.583325e-01 
-3.713150e-03 2.148662e-01 
1.080925e-03 1.215278e-01 
-1.097297e-03 -8.934630e-02 
-8.019249e-02 -2.315777e-01 
2.475726e-03 -1.617493e-01 
2.951071e-03 -1.448268e-02 
-3.933710e-03 1.257700e-01 
-2.318930e-04 1.101425e-01 
-1.995551e-04 -2.342262e-02 
-6.753098e-01 -1.489653e-01 
-1.400999e-01 -3.298465e-01 
-2.047144e-02 -3.140369e-01 
1.947520e-02 -2.469004e-01 
8.818654e-03 -2.669472e-01 
-1.115246e-03 -3.580782e-01 
-6.918802e-01 3.690969e-01 
3.666229e-02 4.304354e-01 
1.332040e-02 3.851522e-01 
-2.074044e-02 2.989597e-01 
-6.488460e-03 2.115372e-01 
-3.462842e-04 1.097421e-01 
