poroelastic
2.230440e-02 -2.587025e-01 
-6.683609e-04 -3.898391e-01 
-3.935893e-02 -3.233833e-01 
-6.803888e-03 -2.317913e-02 
1.413912e-02 2.461278e-01 
3.314857e-02 4.800104e-01 
-2.547483e-02 9.956053e-02 
1.872795e-02 -1.071577e-01 
3.249953e-03 -2.118266e-01 
-8.937854e-03 -1.454167e-01 
-2.714656e-03 -3.662071e-02 
6.946100e-03 1.019181e-01 
-1.856165e-02 4.465358e-01 
2.175614e-02 1.454743e-01 
2.450856e-02 -1.145670e-01 
-1.067223e-02 -2.156001e-01 
-1.189924e-02 -1.884124e-01 
-4.867662e-03 -7.156877e-02 
3.824768e-01 7.455406e-01 
-2.668777e-02 3.852760e-01 
-5.476619e-03 9.475708e-02 
-2.110741e-03 -1.988887e-02 
-1.533565e-04 6.109749e-03 
8.261727e-03 1.222890e-01 
1.178408e+00 7.647625e-01 
-3.784355e-02 5.705880e-01 
-6.232731e-02 3.845212e-01 
8.789123e-03 3.722647e-01 
2.192043e-02 4.172250e-01 
3.117130e-02 4.860659e-01 
1.271314e+00 -6.591364e-01 
2.315409e-01 -9.036980e-01 
4.323926e-02 -7.290560e-01 
-1.028916e-02 -4.212744e-01 
-1.144037e-02 -2.576106e-01 
-1.292559e-02 -2.281418e-01 
6.386506e-01 -7.470318e-01 
4.250501e-02 -6.610354e-01 
8.416029e-04 -3.871944e-01 
-1.858346e-03 -4.160925e-02 
2.952720e-03 6.505825e-02 
-9.478932e-04 -1.870904e-02 
2.144968e-01 -5.513915e-01 
9.678131e-03 -4.145433e-01 
-7.132069e-03 -1.714721e-01 
3.833887e-04 1.030717e-01 
5.555788e-03 1.477191e-01 
7.683691e-04 1.626252e-02 
3.831404e-02 -2.817154e-01 
9.137708e-04 -2.219423e-01 
-8.328703e-03 -8.608804e-02 
-7.201810e-04 9.263900e-02 
4.356994e-03 1.368284e-01 
3.717971e-03 8.080801e-02 
1.171793e-03 -3.492289e-02 
3.126843e-03 -9.935385e-02 
-2.026150e-03 -1.194853e-01 
-3.046566e-03 -5.285768e-02 
-5.070370e-05 2.424623e-02 
5.228903e-03 1.129868e-01 
-2.580459e-02 2.360426e-01 
8.459160e-03 4.610981e-02 
9.729791e-03 -1.465234e-01 
-4.649942e-03 -2.251955e-01 
-6.061787e-03 -1.489940e-01 
2.143669e-03 4.608398e-02 
6.099960e-02 5.610395e-01 
3.862135e-03 2.678900e-01 
1.262484e-02 -5.760603e-02 
-4.387168e-03 -2.605725e-01 
-7.931061e-03 -2.088332e-01 
1.201634e-03 2.652956e-02 
5.092790e-01 8.337765e-01 
-1.039911e-02 5.381144e-01 
-4.608445e-04 1.792066e-01 
-2.223368e-03 -7.695623e-02 
-3.337674e-03 -6.766876e-02 
5.100564e-03 1.213774e-01 
1.258519e+00 7.813382e-01 
8.049987e-02 7.816594e-01 
-2.173624e-02 5.272254e-01 
-7.748528e-03 3.334730e-01 
3.885812e-03 3.155768e-01 
1.490882e-02 4.101870e-01 
1.285234e+00 -6.958316e-01 
1.246000e-01 -7.962626e-01 
2.239007e-02 -6.580452e-01 
1.066482e-02 -4.982729e-01 
-2.786782e-03 -3.823741e-01 
-9.448209e-03 -3.258415e-01 
5.623657e-01 -7.270526e-01 
1.326016e-02 -5.697201e-01 
5.155678e-03 -3.313987e-01 
2.006821e-03 -1.018222e-01 
5.926176e-04 -1.636035e-02 
-1.517060e-03 -6.204625e-02 
1.282505e-01 -4.653186e-01 
4.140581e-03 -2.977531e-01 
3.198583e-04 -9.505744e-02 
-3.090154e-03 7.702186e-02 
8.206437e-04 1.107368e-01 
3.695825e-04 1.617311e-02 
3.242807e-03 -1.594814e-01 
1.258993e-03 -7.510021e-02 
-1.199687e-03 7.437890e-03 
-3.106705e-03 6.924183e-02 
1.247443e-04 8.750539e-02 
1.177934e-03 5.256838e-02 
-1.662531e-03 1.036030e-01 
-1.083886e-03 5.866446e-02 
1.226780e-03 -3.398464e-02 
1.403889e-03 -1.091682e-01 
-1.168089e-03 -7.226049e-02 
7.798202e-04 3.413586e-02 
-7.518596e-03 3.783734e-01 
-3.949605e-03 1.966732e-01 
3.796032e-03 -7.119580e-02 
6.354441e-03 -2.871362e-01 
-2.367448e-03 -2.393806e-01 
-1.077049e-04 -4.589839e-03 
1.515390e-01 6.816057e-01 
-6.366570e-03 4.093592e-01 
1.466733e-03 2.434527e-02 
7.505257e-03 -3.022541e-01 
-2.600538e-03 -2.643130e-01 
7.803976e-04 3.496948e-02 
6.631954e-01 8.896280e-01 
8.781691e-03 6.677713e-01 
-4.518280e-03 2.586956e-01 
1.539282e-03 -1.243033e-01 
-2.816950e-03 -1.206893e-01 
2.899960e-03 1.578945e-01 
1.333425e+00 7.732093e-01 
1.843893e-01 9.106911e-01 
4.301399e-03 5.908338e-01 
-2.196294e-02 2.453414e-01 
-9.171638e-03 2.211853e-01 
5.210487e-03 4.342521e-01 
1.507453e+00 -7.643734e-01 
-3.641776e-02 -7.188146e-01 
-1.825287e-02 -7.027045e-01 
5.377315e-02 -7.291196e-01 
1.595624e-02 -6.059463e-01 
-2.261346e-03 -3.826391e-01 
