poroelastic
-1.576767e-02 2.077489e-01 
8.348780e-04 2.977641e-01 
2.075948e-02 2.041786e-01 
-5.526822e-03 -5.722842e-02 
-9.207551e-03 -1.892101e-01 
-7.889252e-03 -2.204532e-01 
-2.665972e-03 -1.302670e-01 
7.461889e-04 3.053524e-02 
1.421263e-03 7.418313e-02 
4.214259e-04 2.287223e-02 
-2.265714e-01 6.873993e-01 
-8.141146e-03 6.937608e-01 
3.696236e-02 4.431731e-01 
-4.848533e-03 -9.574371e-03 
-1.376056e-02 -2.610977e-01 
-1.414689e-02 -3.601131e-01 
-7.952992e-03 -2.819612e-01 
-1.163045e-03 -6.016830e-02 
1.114289e-03 5.057526e-02 
1.437353e-03 7.176759e-02 
-9.316282e-01 7.264585e-01 
-1.084881e-01 8.349141e-01 
-1.260937e-02 6.295007e-01 
1.050867e-02 2.635114e-01 
1.945307e-03 4.431354e-02 
-1.665758e-03 -6.767231e-02 
-8.019208e-04 -6.934985e-02 
1.297409e-03 3.137861e-02 
2.340506e-03 9.458783e-02 
2.616991e-03 1.255885e-01 
-1.044706e+00 -6.905047e-01 
-4.590493e-02 -6.381403e-01 
1.391072e-02 -4.244113e-01 
-8.260045e-03 -2.707579e-01 
-4.809764e-03 -1.569187e-01 
-2.327000e-03 -7.772168e-02 
-1.435260e-03 -4.056516e-02 
-1.652784e-03 -5.143802e-02 
-1.568669e-03 -6.306474e-02 
-1.449192e-03 -7.212396e-02 
-4.091390e-01 -7.152186e-01 
-1.658142e-03 -5.153916e-01 
-2.858506e-03 -2.479574e-01 
-5.767746e-04 -1.901736e-02 
2.283803e-03 1.002407e-01 
3.497248e-03 1.383820e-01 
2.369766e-03 8.737036e-02 
-1.403320e-03 -3.153482e-02 
-2.337696e-03 -9.057130e-02 
-2.011365e-03 -9.885473e-02 
-4.027390e-02 -3.397977e-01 
-1.311822e-03 -1.859118e-01 
-3.570843e-03 -4.654574e-02 
8.281395e-05 3.614891e-02 
1.287627e-03 7.167955e-02 
1.593725e-03 7.431672e-02 
1.112092e-03 4.483965e-02 
2.289131e-04 6.395013e-03 
8.609317e-05 1.857972e-03 
3.983546e-04 1.845067e-02 
5.898251e-03 1.586593e-01 
5.570267e-03 1.582101e-01 
9.009836e-03 7.724710e-02 
-1.106214e-03 -7.233109e-02 
-3.501515e-03 -1.558769e-01 
-4.399909e-03 -1.855740e-01 
-3.454133e-03 -1.419359e-01 
-8.766979e-04 -3.844364e-02 
3.117729e-04 1.297470e-02 
4.090532e-04 1.896087e-02 
-2.177954e-01 6.412183e-01 
-2.988566e-03 5.570602e-01 
9.190831e-03 3.267519e-01 
1.390588e-03 8.315063e-03 
-3.644034e-03 -1.742497e-01 
-5.902006e-03 -2.520654e-01 
-5.107298e-03 -2.014324e-01 
-7.163918e-04 -3.510465e-02 
1.520121e-03 5.862155e-02 
2.167458e-03 9.243356e-02 
-8.906762e-01 7.698057e-01 
-3.887967e-02 7.342380e-01 
-1.666198e-04 5.285766e-01 
3.285488e-03 2.598451e-01 
1.340837e-03 7.963165e-02 
-9.404872e-04 -3.225420e-02 
-2.050276e-03 -6.590388e-02 
4.747505e-05 -8.190452e-03 
1.382632e-03 4.698005e-02 
2.366899e-03 9.703118e-02 
-1.098193e+00 -7.173454e-01 
-1.122250e-01 -7.988810e-01 
-8.316091e-03 -5.659083e-01 
7.462798e-04 -2.779534e-01 
-3.052753e-05 -1.017961e-01 
1.030730e-03 -5.728679e-03 
1.601789e-03 1.067460e-02 
-1.582965e-03 -4.471179e-02 
-2.125469e-03 -7.500223e-02 
-1.923325e-03 -8.138922e-02 
-4.744391e-01 -7.930798e-01 
-2.154982e-02 -6.884509e-01 
1.371870e-03 -4.041753e-01 
-2.955108e-03 -2.953004e-02 
-1.126634e-03 1.668884e-01 
2.601453e-03 2.323971e-01 
4.708940e-03 1.609953e-01 
-7.389978e-04 -9.686150e-03 
-2.405251e-03 -8.488870e-02 
-1.805840e-03 -7.890596e-02 
-8.247450e-02 -3.816232e-01 
-5.294042e-03 -3.081224e-01 
2.984837e-03 -1.508214e-01 
-2.644213e-03 5.593128e-02 
-3.322623e-04 1.414105e-01 
2.019076e-03 1.405211e-01 
2.105265e-03 5.262839e-02 
-1.877110e-03 -5.924197e-02 
-1.647798e-03 -6.586470e-02 
1.420691e-04 6.296428e-03 
9.114140e-03 8.951251e-02 
-4.247663e-03 -5.639165e-03 
-2.814802e-03 -4.796417e-02 
1.700873e-03 -3.128071e-02 
8.481277e-04 -3.749230e-02 
9.823341e-05 -5.275346e-02 
-1.034038e-03 -6.180920e-02 
-1.034917e-03 -4.157396e-02 
-9.723006e-05 -6.887061e-03 
7.565004e-04 3.421639e-02 
-2.305234e-01 6.214068e-01 
1.093402e-02 4.155075e-01 
-4.615860e-04 2.119413e-01 
1.386253e-03 4.548013e-02 
6.410609e-04 -6.624411e-02 
-1.630192e-03 -1.277671e-01 
-3.524497e-03 -1.151989e-01 
-2.328955e-05 -1.580734e-02 
1.706983e-03 5.699933e-02 
2.406054e-03 1.023263e-01 
-6.864544e-01 8.394512e-01 
-7.813766e-03 7.086538e-01 
3.376395e-03 4.389936e-01 
-7.678912e-04 1.930580e-01 
1.458284e-03 1.582832e-02 
-2.606526e-04 -1.004544e-01 
-3.268948e-03 -1.320699e-01 
-1.199394e-03 -5.090760e-02 
9.662772e-04 2.755769e-02 
2.430020e-03 9.845965e-02 
