poroelastic
-4.628522e-03 -6.240142e-02 
-1.196845e-02 -9.437574e-02 
-1.801766e-02 -4.394075e-02 
7.698283e-03 1.027713e-01 
1.086066e-02 1.610211e-01 
8.861501e-03 1.450696e-01 
1.823791e-03 4.280475e-02 
-4.359385e-03 -8.394780e-02 
-2.954841e-03 -7.017422e-02 
2.524921e-03 6.072799e-02 
1.937080e-01 -4.878679e-01 
9.048831e-03 -4.721403e-01 
-2.521005e-02 -3.094035e-01 
4.235976e-05 -1.366006e-02 
1.043079e-02 1.441422e-01 
1.251538e-02 1.975246e-01 
7.174273e-03 1.319516e-01 
-1.083447e-03 -1.663600e-02 
-2.245877e-03 -5.041937e-02 
2.312534e-04 5.619394e-03 
7.728567e-01 -5.897613e-01 
8.508070e-02 -6.400166e-01 
8.737347e-03 -4.807384e-01 
-1.325572e-02 -2.124748e-01 
-3.955835e-03 -6.012726e-02 
4.110737e-04 1.165378e-02 
-2.494400e-04 1.003312e-02 
-3.211356e-03 -4.773053e-02 
-3.269514e-03 -6.570591e-02 
-2.032760e-03 -4.851199e-02 
9.952388e-01 6.765973e-01 
5.014261e-02 6.932917e-01 
-6.898886e-03 4.845120e-01 
1.444097e-02 2.801088e-01 
6.977326e-03 1.282565e-01 
9.946286e-04 1.888289e-02 
-1.362427e-03 -3.201637e-02 
1.148833e-03 8.547249e-04 
3.013522e-03 5.283955e-02 
4.859106e-03 1.191709e-01 
3.718637e-01 7.525017e-01 
7.897784e-03 5.843314e-01 
1.569372e-02 2.983582e-01 
1.501733e-03 4.652659e-03 
-7.100898e-03 -1.575166e-01 
-1.119975e-02 -2.242645e-01 
-9.648645e-03 -1.827680e-01 
-7.084790e-04 -3.988083e-02 
3.649296e-03 6.317231e-02 
5.485160e-03 1.362478e-01 
6.144946e-02 4.088251e-01 
5.735114e-03 2.945701e-01 
9.943918e-03 1.259796e-01 
3.236656e-04 -3.331488e-02 
-4.504865e-03 -1.126287e-01 
-6.688169e-03 -1.399483e-01 
-6.152363e-03 -1.132275e-01 
-1.887092e-03 -4.428259e-02 
8.691186e-04 1.051584e-02 
2.704865e-03 6.437202e-02 
-1.512378e-02 -4.263264e-02 
-6.968572e-03 -4.251762e-03 
-6.693390e-03 3.157949e-02 
2.733357e-03 8.142198e-02 
4.842931e-03 1.063648e-01 
5.056777e-03 1.018779e-01 
2.787586e-03 5.243240e-02 
-8.423069e-04 -1.900989e-02 
-7.035746e-04 -1.972668e-02 
1.817531e-03 4.392683e-02 
2.062778e-01 -5.147643e-01 
1.785177e-03 -4.004837e-01 
-8.407757e-03 -2.231831e-01 
-1.486066e-03 -1.964931e-02 
4.239257e-03 9.003967e-02 
6.437271e-03 1.263367e-01 
3.880589e-03 7.570221e-02 
-2.432821e-03 -3.754606e-02 
-3.111579e-03 -6.548314e-02 
-9.778951e-04 -2.336862e-02 
8.319555e-01 -6.973200e-01 
3.097322e-02 -5.887316e-01 
-1.262157e-03 -4.104626e-01 
-8.057757e-03 -2.351893e-01 
-4.908876e-03 -1.212120e-01 
-2.183514e-03 -5.321808e-02 
-1.283269e-03 -2.694293e-02 
-2.070219e-03 -3.435709e-02 
-1.340711e-03 -2.728170e-02 
-3.028652e-04 -7.017124e-03 
1.165562e+00 8.139204e-01 
1.293634e-01 9.684630e-01 
1.795503e-02 7.004979e-01 
8.437543e-03 3.051207e-01 
1.780555e-03 5.221527e-02 
-4.751638e-03 -9.424023e-02 
-7.186911e-03 -1.200004e-01 
1.029835e-03 -1.072713e-02 
4.985715e-03 8.532800e-02 
7.040747e-03 1.660034e-01 
5.491872e-01 9.512182e-01 
3.269532e-02 8.782486e-01 
9.775690e-03 5.358892e-01 
7.216953e-03 2.697375e-02 
-3.757793e-03 -2.503032e-01 
-1.280601e-02 -3.602813e-01 
-1.518820e-02 -2.871971e-01 
-1.048547e-03 -5.439417e-02 
5.541078e-03 9.404423e-02 
7.060643e-03 1.700465e-01 
1.228724e-01 5.352141e-01 
1.585144e-02 5.027567e-01 
2.293820e-03 2.881488e-01 
5.365681e-03 -4.045099e-02 
-2.660231e-03 -1.956904e-01 
-8.207295e-03 -2.328645e-01 
-8.158574e-03 -1.483751e-01 
9.247697e-04 5.828234e-04 
3.143836e-03 5.758491e-02 
1.972558e-03 4.674164e-02 
-1.381854e-02 -2.113311e-02 
6.648850e-03 1.042471e-01 
3.276930e-03 1.069685e-01 
-7.471217e-04 1.097406e-02 
-1.471633e-03 -1.985891e-02 
-1.827572e-03 -1.633712e-02 
-3.568730e-04 8.697364e-03 
2.213505e-03 2.819881e-02 
1.976177e-03 3.591353e-02 
1.622544e-03 3.926249e-02 
2.851881e-01 -6.025110e-01 
-1.879156e-02 -3.537299e-01 
-6.682196e-03 -1.845456e-01 
6.094758e-04 -1.007222e-01 
4.161780e-04 -3.248336e-02 
2.053307e-03 1.088951e-02 
1.700610e-03 9.351673e-03 
-3.611628e-03 -4.675037e-02 
-3.425169e-03 -6.403593e-02 
-1.886246e-03 -4.476970e-02 
7.054649e-01 -8.970249e-01 
-2.955945e-04 -6.800451e-01 
-1.087915e-02 -3.877528e-01 
-2.645115e-03 -1.761680e-01 
-1.206986e-03 -2.127571e-02 
2.847775e-03 7.433587e-02 
5.153769e-03 8.655246e-02 
-6.791105e-04 2.487557e-03 
-2.612391e-03 -4.478752e-02 
-2.465614e-03 -5.676084e-02 
