poroelastic
4.267943e-03 2.130423e-02 
7.136726e-03 5.808791e-03 
7.579646e-03 -6.365727e-03 
2.638257e-04 1.597793e-02 
-1.084274e-04 1.120885e-02 
-1.572195e-03 -2.170336e-02 
-3.875020e-03 -8.902752e-02 
-3.500649e-03 -1.345363e-01 
-7.286528e-04 -5.630103e-02 
2.171706e-03 1.201603e-01 
7.802823e-03 -2.115149e-01 
-1.102421e-02 -1.785404e-01 
-2.337275e-02 -7.905432e-02 
4.329867e-03 8.276328e-02 
8.167417e-03 1.645117e-01 
7.391950e-03 1.730075e-01 
3.163244e-03 9.008986e-02 
-1.092088e-03 -4.042138e-02 
-7.278053e-04 -4.209700e-02 
1.093710e-03 5.786106e-02 
4.859332e-01 -2.645187e-01 
7.494789e-02 -3.642672e-01 
1.995937e-02 -3.087966e-01 
-6.003628e-03 -1.623830e-01 
-2.964237e-03 -7.031646e-02 
-1.070793e-03 -2.269196e-02 
-1.629426e-03 -2.462499e-02 
-2.686258e-03 -6.583484e-02 
-1.691024e-03 -6.304137e-02 
-4.801320e-04 -2.423540e-02 
4.452493e-01 3.325951e-01 
8.423117e-03 3.096870e-01 
-6.724503e-03 1.920977e-01 
2.688442e-03 9.991664e-02 
9.951590e-04 3.470208e-02 
-2.240702e-04 -3.398705e-03 
1.914467e-06 -1.321124e-03 
1.531593e-03 3.624130e-02 
1.068645e-03 3.954982e-02 
2.309567e-04 1.178834e-02 
-6.992153e-02 2.669603e-01 
4.405136e-03 8.481075e-02 
9.858735e-03 -8.893938e-02 
-1.794731e-03 -1.676853e-01 
-3.900432e-03 -1.824956e-01 
-3.930472e-03 -1.416996e-01 
-1.350102e-03 -3.926008e-02 
2.061775e-03 6.672079e-02 
7.090310e-04 4.578146e-02 
-1.525850e-03 -7.651344e-02 
-3.605841e-02 6.455108e-02 
5.082800e-03 -6.583763e-02 
2.682428e-03 -1.404114e-01 
-1.920065e-03 -1.226994e-01 
-2.407526e-03 -8.613714e-02 
-1.628726e-03 -3.377389e-02 
9.381435e-04 3.478127e-02 
2.896411e-03 7.698341e-02 
9.874907e-04 4.342965e-02 
-9.217727e-04 -4.116167e-02 
7.878040e-03 -1.474696e-02 
2.810374e-03 -5.457392e-03 
3.382609e-03 1.586433e-03 
1.195183e-03 1.930347e-02 
1.043142e-03 1.936885e-02 
5.282881e-04 1.284437e-03 
-1.391030e-03 -4.258548e-02 
-3.149118e-03 -8.675181e-02 
-1.726457e-03 -6.746132e-02 
1.326830e-04 6.161944e-03 
2.838859e-02 -2.158738e-01 
-2.425371e-03 -1.583298e-01 
-6.887216e-03 -6.542297e-02 
-1.219044e-03 3.291398e-02 
1.561768e-03 8.473168e-02 
2.323304e-03 9.363998e-02 
1.417058e-03 4.629527e-02 
-3.082345e-04 -2.473433e-02 
3.684608e-04 -1.026085e-03 
2.290452e-03 9.628895e-02 
5.854282e-01 -3.071735e-01 
3.676500e-02 -3.667062e-01 
9.345677e-03 -3.098600e-01 
-2.097256e-04 -1.925144e-01 
-8.412838e-04 -1.063368e-01 
5.786252e-05 -4.639514e-02 
6.688835e-05 -1.995990e-02 
-2.352867e-03 -3.872772e-02 
-2.333725e-03 -6.427920e-02 
-2.279084e-03 -9.355202e-02 
4.645181e-01 3.197175e-01 
3.832167e-02 3.362532e-01 
4.213047e-04 2.054473e-01 
-1.780834e-03 6.376461e-02 
-1.717485e-03 -1.121062e-02 
-2.578960e-03 -2.778917e-02 
-1.183041e-03 2.749932e-02 
5.042204e-03 1.220135e-01 
3.050573e-03 1.036210e-01 
-2.402455e-04 -9.979084e-03 
-1.639770e-01 3.023345e-01 
-1.156436e-02 9.335818e-02 
-7.004396e-03 -1.051012e-01 
8.945828e-03 -2.382395e-01 
2.731403e-03 -2.750424e-01 
-1.781091e-03 -2.217329e-01 
-1.205422e-03 -6.496558e-02 
2.764211e-03 1.005844e-01 
-7.724143e-07 4.382994e-02 
-4.446089e-03 -1.874527e-01 
-3.124547e-02 1.382994e-02 
-3.868416e-03 -1.111338e-01 
6.655967e-04 -1.760542e-01 
-8.037101e-04 -1.621993e-01 
-3.825431e-03 -1.067682e-01 
-4.465924e-03 -1.226472e-02 
1.349463e-03 1.236090e-01 
8.113488e-03 2.056981e-01 
2.253515e-03 1.043340e-01 
-2.948212e-03 -1.268008e-01 
2.026167e-02 -8.606741e-02 
-5.267753e-03 -5.856159e-02 
-2.054256e-03 -3.874962e-02 
3.753767e-03 -3.506454e-02 
2.273308e-03 -2.820439e-02 
2.180857e-03 -1.789442e-02 
1.508543e-03 -9.743968e-03 
-2.188458e-03 -2.225531e-02 
-2.431926e-03 -5.942592e-02 
-2.393424e-03 -1.055424e-01 
8.191158e-02 -3.065389e-01 
-3.770228e-04 -2.056354e-01 
1.902061e-03 -9.088729e-02 
-3.256484e-03 -9.494674e-03 
-1.846784e-03 3.968071e-02 
-4.587351e-04 6.294416e-02 
7.936581e-04 4.922866e-02 
7.285602e-04 6.310711e-03 
5.505910e-04 7.112708e-03 
1.223348e-03 5.137017e-02 
3.557053e-01 -3.638854e-01 
1.221479e-02 -3.109467e-01 
-1.792245e-03 -1.734582e-01 
3.209201e-03 -6.959723e-02 
1.615655e-03 -4.715557e-03 
2.439987e-03 2.409234e-02 
1.770961e-03 1.397216e-03 
-3.147908e-03 -6.224111e-02 
-2.303761e-03 -6.956810e-02 
-5.898631e-04 -2.405820e-02 
