poroelastic
-8.068060e-03 -4.996590e-02 
-1.442476e-02 -7.293083e-02 
-1.828909e-02 -1.908355e-02 
8.476211e-03 1.200878e-01 
1.116784e-02 1.706505e-01 
9.062930e-03 1.508056e-01 
2.077985e-03 4.763344e-02 
-4.346115e-03 -8.208989e-02 
-3.117577e-03 -7.261813e-02 
2.138593e-03 5.119717e-02 
1.829727e-01 -4.879993e-01 
6.991020e-03 -4.588934e-01 
-2.485246e-02 -2.924660e-01 
5.331056e-04 -4.457834e-03 
1.014198e-02 1.452385e-01 
1.210037e-02 1.948103e-01 
7.170235e-03 1.313967e-01 
-8.629899e-04 -1.285932e-02 
-2.075660e-03 -4.655048e-02 
2.963839e-04 7.167602e-03 
7.829919e-01 -5.981859e-01 
8.621202e-02 -6.384339e-01 
9.885277e-03 -4.811882e-01 
-1.352335e-02 -2.244420e-01 
-4.898989e-03 -7.797279e-02 
-6.418990e-04 -7.728914e-03 
-7.659359e-04 -3.152698e-03 
-2.928463e-03 -4.612846e-02 
-2.643406e-03 -5.401074e-02 
-1.206071e-03 -2.867272e-02 
1.014616e+00 7.158199e-01 
5.469128e-02 7.261581e-01 
-5.693637e-03 4.969808e-01 
1.335267e-02 2.695669e-01 
5.794112e-03 1.095265e-01 
-1.821195e-04 -1.707713e-03 
-2.099489e-03 -4.633729e-02 
1.503130e-03 3.354113e-03 
3.767514e-03 6.709242e-02 
5.756151e-03 1.410328e-01 
3.800791e-01 7.771630e-01 
7.903933e-03 6.041478e-01 
1.627278e-02 3.084119e-01 
1.510327e-03 -1.229052e-03 
-7.381169e-03 -1.676643e-01 
-1.150466e-02 -2.333416e-01 
-9.813408e-03 -1.866692e-01 
-6.263810e-04 -3.736684e-02 
3.660306e-03 6.488353e-02 
5.142982e-03 1.278740e-01 
7.257905e-02 4.245909e-01 
5.057946e-03 3.185208e-01 
9.894462e-03 1.511508e-01 
1.082311e-03 -1.639761e-02 
-3.768583e-03 -9.931748e-02 
-5.851896e-03 -1.265374e-01 
-5.368281e-03 -1.002274e-01 
-1.850493e-03 -3.849059e-02 
3.292635e-04 3.183304e-03 
1.314804e-03 3.153360e-02 
-1.762942e-02 -2.413142e-02 
-6.883868e-03 2.343035e-02 
-5.624363e-03 6.005185e-02 
3.267753e-03 9.672064e-02 
5.091406e-03 1.134107e-01 
5.261094e-03 1.059089e-01 
2.926598e-03 5.548435e-02 
-1.168795e-03 -2.038891e-02 
-1.286489e-03 -2.949170e-02 
6.137607e-04 1.489206e-02 
1.979949e-01 -4.998165e-01 
1.612765e-03 -3.800392e-01 
-7.599716e-03 -2.073454e-01 
-1.410884e-03 -1.887881e-02 
3.795123e-03 8.267325e-02 
5.870639e-03 1.163408e-01 
3.562216e-03 6.919840e-02 
-2.327144e-03 -3.615098e-02 
-2.824047e-03 -5.985587e-02 
-7.866977e-04 -1.901147e-02 
8.337701e-01 -6.779870e-01 
3.450802e-02 -5.824753e-01 
-5.900592e-04 -4.158297e-01 
-8.389792e-03 -2.544328e-01 
-5.855950e-03 -1.449613e-01 
-3.370608e-03 -7.686095e-02 
-2.149420e-03 -4.246475e-02 
-1.763165e-03 -3.306833e-02 
-5.733379e-04 -1.385095e-02 
7.622910e-04 1.781038e-02 
1.169609e+00 8.254596e-01 
1.299004e-01 9.816042e-01 
1.743520e-02 7.005558e-01 
7.894486e-03 2.921683e-01 
9.817728e-04 3.393076e-02 
-5.762239e-03 -1.122980e-01 
-7.871533e-03 -1.294172e-01 
1.696479e-03 -4.490762e-03 
5.864052e-03 1.011779e-01 
8.037582e-03 1.914774e-01 
5.524174e-01 9.610508e-01 
3.249558e-02 8.870352e-01 
9.827695e-03 5.368026e-01 
7.296965e-03 2.199311e-02 
-4.151112e-03 -2.578438e-01 
-1.323704e-02 -3.662561e-01 
-1.520634e-02 -2.866010e-01 
-5.737359e-04 -4.772714e-02 
5.763299e-03 9.928144e-02 
7.094656e-03 1.727910e-01 
1.289169e-01 5.441678e-01 
1.632533e-02 5.134100e-01 
2.929663e-03 2.989615e-01 
5.365375e-03 -2.980304e-02 
-2.457011e-03 -1.862288e-01 
-7.753108e-03 -2.227969e-01 
-7.434130e-03 -1.376511e-01 
1.035334e-03 6.282717e-03 
2.689475e-03 5.134964e-02 
1.147189e-03 2.740678e-02 
-1.620022e-02 -1.317613e-02 
7.517482e-03 1.196376e-01 
3.730594e-03 1.246752e-01 
-5.061066e-04 2.614519e-02 
-9.614861e-04 -6.502921e-03 
-1.084053e-03 -4.030616e-03 
3.811184e-04 1.821875e-02 
2.003507e-03 2.984395e-02 
1.256848e-03 2.450603e-02 
5.445302e-04 1.330576e-02 
2.866944e-01 -5.958620e-01 
-1.819769e-02 -3.434903e-01 
-6.594732e-03 -1.767276e-01 
9.870920e-04 -9.972044e-02 
6.261000e-04 -3.448634e-02 
2.183559e-03 7.434497e-03 
1.640196e-03 5.118852e-03 
-3.991978e-03 -5.069180e-02 
-3.754091e-03 -6.968989e-02 
-2.206058e-03 -5.286201e-02 
7.105624e-01 -8.752563e-01 
1.684469e-03 -6.729957e-01 
-1.129602e-02 -3.912542e-01 
-2.387332e-03 -1.884617e-01 
-1.458200e-03 -3.659433e-02 
2.173036e-03 5.739357e-02 
4.204835e-03 7.088740e-02 
-8.882349e-04 -4.589681e-03 
-2.212638e-03 -3.968566e-02 
-1.498275e-03 -3.480286e-02 
