poroelastic
1.605547e-03 1.591283e-01 
2.007280e-02 2.270408e-01 
3.408150e-02 1.312925e-01 
-1.504140e-02 -1.185537e-01 
-1.831913e-02 -2.348516e-01 
-1.434966e-02 -2.471794e-01 
-4.255695e-03 -1.383260e-01 
1.769197e-03 3.404709e-02 
1.244149e-03 7.496044e-02 
1.984448e-05 2.234607e-03 
-1.815513e-01 6.123187e-01 
8.070947e-03 6.095727e-01 
4.971106e-02 3.832476e-01 
-9.696192e-03 -3.010282e-02 
-2.205285e-02 -2.553190e-01 
-2.128642e-02 -3.358794e-01 
-1.059482e-02 -2.517047e-01 
-4.259985e-05 -3.972183e-02 
1.312710e-03 5.410812e-02 
4.799807e-04 4.622214e-02 
-8.419377e-01 6.929153e-01 
-8.438220e-02 7.606065e-01 
1.772578e-03 5.587635e-01 
1.484789e-02 2.066770e-01 
1.301257e-03 1.188352e-02 
-2.929477e-03 -7.662871e-02 
1.596475e-04 -6.455412e-02 
3.373482e-03 3.317622e-02 
2.655224e-03 8.861655e-02 
1.189850e-03 1.014662e-01 
-1.081712e+00 -6.535587e-01 
-4.844571e-02 -6.478913e-01 
1.080543e-02 -4.591792e-01 
-2.178781e-02 -3.145700e-01 
-1.165215e-02 -1.884616e-01 
-5.503258e-03 -8.970456e-02 
-3.417226e-03 -3.517047e-02 
-3.287866e-03 -4.341644e-02 
-2.100775e-03 -6.197011e-02 
-1.028676e-03 -9.013708e-02 
-4.298590e-01 -7.018197e-01 
-1.162413e-02 -5.413820e-01 
-9.824557e-03 -2.865401e-01 
-2.468557e-03 -5.819436e-02 
3.492747e-03 7.400951e-02 
5.308753e-03 1.282580e-01 
2.507791e-03 9.334289e-02 
-2.685906e-03 -1.705421e-02 
-2.469175e-03 -7.462245e-02 
-1.042132e-03 -9.251664e-02 
-7.825965e-02 -3.707765e-01 
-3.460052e-03 -2.392286e-01 
-5.372032e-03 -1.065421e-01 
-4.060472e-04 -1.429331e-02 
1.744885e-03 3.586485e-02 
2.457725e-03 5.498453e-02 
1.876983e-03 4.310242e-02 
4.742174e-04 1.325395e-02 
4.800359e-05 2.969606e-03 
-2.633271e-05 -2.003080e-03 
2.120285e-02 1.197641e-01 
1.458294e-02 1.012061e-01 
1.422728e-02 1.479629e-02 
-9.509290e-03 -1.318420e-01 
-1.114993e-02 -2.025530e-01 
-9.952807e-03 -2.118398e-01 
-5.102742e-03 -1.403776e-01 
-5.596913e-06 -1.676642e-02 
7.243538e-04 3.264198e-02 
1.916301e-04 1.612400e-02 
-1.713608e-01 6.082851e-01 
9.234189e-03 5.137984e-01 
1.980201e-02 2.806494e-01 
-2.798455e-03 -3.001693e-02 
-1.072209e-02 -1.997573e-01 
-1.183017e-02 -2.615124e-01 
-6.725506e-03 -1.955278e-01 
6.524179e-04 -2.380872e-02 
1.948907e-03 6.463090e-02 
1.188658e-03 8.105634e-02 
-8.502700e-01 7.928187e-01 
-1.613201e-02 6.784172e-01 
9.423002e-03 4.582855e-01 
8.950615e-03 1.949979e-01 
1.836025e-03 4.154052e-02 
-1.525581e-03 -3.939104e-02 
-1.119245e-03 -4.894229e-02 
1.690770e-03 9.752773e-03 
1.770532e-03 5.159658e-02 
1.126463e-03 7.368625e-02 
-1.191752e+00 -7.296563e-01 
-1.427368e-01 -8.831048e-01 
-2.373877e-02 -6.617596e-01 
-1.143945e-02 -3.518284e-01 
-4.528979e-03 -1.397608e-01 
-8.500851e-05 -8.858053e-03 
9.117182e-04 3.021701e-02 
-3.056665e-03 -3.022008e-02 
-2.733092e-03 -7.510525e-02 
-1.592181e-03 -1.073709e-01 
-5.660647e-01 -8.458333e-01 
-4.148848e-02 -7.776743e-01 
-1.287232e-02 -4.922046e-01 
-2.568281e-03 -8.425511e-02 
2.589065e-03 1.489183e-01 
6.805723e-03 2.420368e-01 
6.501873e-03 1.841997e-01 
-2.028020e-03 4.515299e-03 
-2.903757e-03 -8.335111e-02 
-1.328020e-03 -9.804848e-02 
-1.302486e-01 -4.489212e-01 
-1.889692e-02 -4.065273e-01 
-4.962351e-03 -2.471581e-01 
-1.210632e-03 -5.399848e-03 
2.118621e-03 1.111371e-01 
3.956534e-03 1.361118e-01 
2.356925e-03 6.679014e-02 
-2.200513e-03 -4.213321e-02 
-1.232563e-03 -5.532160e-02 
-3.519822e-05 -2.905327e-03 
2.193171e-02 5.800092e-02 
-7.077588e-03 -6.097955e-02 
-6.267561e-03 -1.091371e-01 
-9.904993e-04 -7.859913e-02 
-1.167925e-03 -6.637552e-02 
-1.519334e-03 -6.374352e-02 
-1.842730e-03 -5.703590e-02 
-9.338678e-04 -3.247184e-02 
-2.530813e-05 -6.297475e-03 
1.371152e-04 1.194726e-02 
-2.172670e-01 6.363156e-01 
1.705204e-02 3.895726e-01 
4.315164e-03 1.741854e-01 
9.129391e-04 1.626259e-02 
-1.972526e-03 -8.097122e-02 
-4.050391e-03 -1.249254e-01 
-2.918317e-03 -9.326530e-02 
2.460565e-03 1.554406e-02 
2.441068e-03 7.849486e-02 
1.189213e-03 9.425653e-02 
-6.571551e-01 9.308298e-01 
7.335484e-03 7.314607e-01 
1.088292e-02 4.151300e-01 
3.858588e-03 1.375620e-01 
2.063666e-05 -4.270740e-02 
-3.782648e-03 -1.463431e-01 
-5.028382e-03 -1.516335e-01 
1.265849e-04 -4.153507e-02 
1.682950e-03 4.090998e-02 
1.236599e-03 9.224879e-02 
