poroelastic
1.677575e-03 4.227238e-02 
6.394652e-03 3.343893e-02 
8.898028e-03 1.377620e-02 
3.272897e-04 2.265005e-02 
-5.859763e-04 9.583850e-03 
-2.740603e-03 -2.835102e-02 
-5.462868e-03 -9.620640e-02 
-3.719850e-03 -1.384699e-01 
-1.188709e-04 -5.774497e-02 
1.464382e-03 1.234873e-01 
1.441001e-02 -1.748427e-01 
-9.541537e-03 -1.501686e-01 
-2.007809e-02 -7.474311e-02 
5.226393e-03 6.155100e-02 
8.989540e-03 1.329932e-01 
7.795527e-03 1.411452e-01 
2.690000e-03 6.863230e-02 
-1.433577e-03 -4.677386e-02 
-4.941272e-04 -4.445065e-02 
6.904848e-04 5.374571e-02 
4.322702e-01 -2.326629e-01 
6.395492e-02 -3.168529e-01 
1.515050e-02 -2.734249e-01 
-8.852816e-03 -1.460496e-01 
-4.239984e-03 -6.720584e-02 
-1.898278e-03 -2.638332e-02 
-2.357522e-03 -2.585683e-02 
-2.723920e-03 -5.617509e-02 
-1.198569e-03 -4.875400e-02 
-1.130794e-04 -8.102192e-03 
3.930493e-01 3.261463e-01 
9.014736e-03 3.128297e-01 
-7.130417e-04 1.932459e-01 
4.303137e-03 9.095937e-02 
7.137910e-04 1.615505e-02 
-1.235387e-03 -2.903511e-02 
-9.448254e-04 -2.882733e-02 
9.602388e-04 1.506530e-02 
6.713482e-04 2.542207e-02 
9.733094e-05 7.007524e-03 
-5.532441e-02 2.570101e-01 
6.758707e-03 8.756793e-02 
9.076499e-03 -8.309832e-02 
-5.767778e-03 -1.637466e-01 
-6.745828e-03 -1.795982e-01 
-5.534890e-03 -1.394164e-01 
-1.369428e-03 -3.723435e-02 
2.604193e-03 7.081513e-02 
6.500399e-04 5.320438e-02 
-8.667372e-04 -6.194487e-02 
-3.426144e-02 7.843791e-02 
5.951547e-03 -4.105615e-02 
2.381862e-03 -1.191768e-01 
-3.634560e-03 -1.181507e-01 
-3.627588e-03 -9.564993e-02 
-2.443011e-03 -5.449146e-02 
5.433449e-04 9.310818e-03 
2.637138e-03 5.903985e-02 
8.100484e-04 3.962139e-02 
-4.167286e-04 -2.517599e-02 
7.980725e-03 2.333025e-03 
3.976982e-03 1.581422e-02 
5.329330e-03 1.594850e-02 
1.025065e-03 2.157016e-02 
4.877131e-04 1.273507e-02 
-7.010936e-04 -1.188763e-02 
-3.338991e-03 -5.830521e-02 
-4.087854e-03 -9.871056e-02 
-1.618278e-03 -7.305704e-02 
1.554609e-04 1.022569e-02 
2.220617e-02 -1.972277e-01 
-5.126639e-03 -1.431210e-01 
-8.505342e-03 -6.346510e-02 
-1.123194e-04 2.043201e-02 
2.727760e-03 6.752376e-02 
3.215917e-03 7.853647e-02 
2.165665e-03 4.112246e-02 
6.881278e-04 -1.614094e-02 
1.147931e-03 1.198683e-02 
1.916223e-03 1.082618e-01 
5.963989e-01 -2.877714e-01 
3.187344e-02 -3.286082e-01 
8.567700e-03 -2.838247e-01 
-4.917073e-03 -1.875811e-01 
-3.457883e-03 -1.192052e-01 
-1.992664e-03 -7.059965e-02 
-2.248151e-03 -4.399289e-02 
-3.796652e-03 -4.974636e-02 
-2.641629e-03 -6.837017e-02 
-1.704507e-03 -9.388320e-02 
4.657901e-01 3.305657e-01 
4.213032e-02 3.577340e-01 
3.204998e-03 2.181379e-01 
1.839945e-04 5.969379e-02 
-1.620712e-03 -2.679956e-02 
-2.812967e-03 -4.797377e-02 
-4.707828e-04 1.353988e-02 
6.313899e-03 1.252242e-01 
3.160039e-03 1.133381e-01 
-1.224925e-05 -6.803875e-04 
-1.520513e-01 3.246858e-01 
-6.584327e-03 1.149959e-01 
-7.378617e-03 -9.404693e-02 
2.713554e-03 -2.440341e-01 
-1.782095e-03 -2.900380e-01 
-4.897816e-03 -2.385415e-01 
-2.389196e-03 -7.478805e-02 
2.619672e-03 1.045494e-01 
-6.277825e-04 5.108799e-02 
-3.167121e-03 -1.833178e-01 
-3.151309e-02 3.435596e-02 
-4.986532e-03 -8.877205e-02 
-2.546587e-03 -1.644381e-01 
-2.116876e-03 -1.687334e-01 
-4.333631e-03 -1.229545e-01 
-3.987184e-03 -3.206508e-02 
2.748663e-03 1.079348e-01 
8.298349e-03 2.002159e-01 
1.348933e-03 1.022461e-01 
-2.106551e-03 -1.291365e-01 
1.986179e-02 -8.149690e-02 
-4.741621e-03 -5.131208e-02 
-2.154651e-03 -3.658636e-02 
2.184247e-03 -4.100663e-02 
1.058014e-03 -3.687568e-02 
9.824344e-04 -2.498391e-02 
3.084021e-04 -9.795943e-03 
-2.585897e-03 -1.366637e-02 
-2.359899e-03 -4.988778e-02 
-1.567346e-03 -1.001745e-01 
9.936401e-02 -3.175683e-01 
-4.006824e-03 -2.124092e-01 
-4.124453e-04 -1.029896e-01 
-2.245281e-03 -2.710745e-02 
-8.899555e-04 2.214462e-02 
3.554191e-04 4.887510e-02 
1.324659e-03 4.215439e-02 
9.426449e-04 5.514325e-03 
6.407174e-04 5.879141e-03 
7.691142e-04 4.628323e-02 
3.746232e-01 -3.882472e-01 
9.631261e-03 -3.190627e-01 
-3.971513e-03 -1.770283e-01 
1.704290e-03 -7.346073e-02 
1.219049e-03 -9.413413e-03 
2.124240e-03 1.815491e-02 
6.176210e-04 -4.613140e-03 
-3.915999e-03 -6.633388e-02 
-2.121912e-03 -7.019651e-02 
-3.099425e-04 -1.799330e-02 
