poroelastic
-2.157842e-02 -1.235343e-01 
-4.062997e-02 -1.537566e-01 
-4.799053e-02 -5.668585e-02 
2.012267e-02 1.347580e-01 
2.719032e-02 2.313561e-01 
2.563976e-02 2.500714e-01 
1.545253e-02 1.786192e-01 
2.202668e-03 4.350118e-02 
-1.450132e-03 -2.259412e-02 
-9.468049e-04 -2.373869e-02 
1.343360e-01 -3.784728e-01 
-6.910005e-03 -3.785973e-01 
-3.505378e-02 -2.445993e-01 
2.026165e-03 -7.956374e-03 
1.502661e-02 1.216151e-01 
1.751211e-02 1.730203e-01 
1.106435e-02 1.390596e-01 
8.594464e-04 3.171033e-02 
-1.972912e-03 -2.858685e-02 
-1.826067e-03 -4.726395e-02 
4.249529e-01 -4.538981e-01 
2.360353e-02 -4.343442e-01 
-1.727872e-02 -2.853853e-01 
-7.054570e-03 -7.315705e-02 
4.164146e-03 3.700393e-02 
7.450780e-03 8.087601e-02 
4.561845e-03 6.761222e-02 
-9.063394e-04 8.404911e-03 
-2.354429e-03 -3.269186e-02 
-2.080553e-03 -5.243389e-02 
7.822520e-01 3.789219e-01 
4.548869e-02 4.417151e-01 
-9.000823e-03 3.604515e-01 
2.900585e-02 2.708342e-01 
1.860141e-02 1.839959e-01 
1.009953e-02 1.035203e-01 
5.202470e-03 3.954743e-02 
3.933259e-03 2.062842e-02 
3.502176e-03 4.291812e-02 
3.857063e-03 1.004388e-01 
4.519580e-01 5.093991e-01 
1.568610e-02 5.050957e-01 
1.836017e-02 3.723441e-01 
1.529148e-02 1.731346e-01 
2.620483e-03 3.273641e-02 
-4.976746e-03 -6.200373e-02 
-6.742686e-03 -1.016937e-01 
-7.152097e-04 -5.651713e-02 
3.433608e-03 2.898258e-02 
5.380965e-03 1.466507e-01 
1.190909e-01 3.320092e-01 
5.943864e-03 3.089919e-01 
1.304748e-02 2.230813e-01 
8.675794e-03 1.051577e-01 
2.208346e-03 2.899475e-02 
-2.049254e-03 -2.335775e-02 
-4.864999e-03 -5.709109e-02 
-3.712557e-03 -5.819116e-02 
-6.600668e-04 -2.392133e-02 
1.692024e-03 4.377329e-02 
-4.303407e-02 -5.485123e-02 
-2.442395e-02 -2.435754e-02 
-1.973770e-02 4.488200e-02 
1.654874e-02 1.446969e-01 
1.951871e-02 2.000565e-01 
1.900230e-02 2.125883e-01 
1.384719e-02 1.656719e-01 
4.856386e-03 7.279914e-02 
9.233949e-04 1.917670e-02 
7.805036e-05 2.166536e-03 
1.327079e-01 -3.894727e-01 
-9.798591e-03 -3.106588e-01 
-1.429503e-02 -1.535097e-01 
4.018941e-03 3.861715e-02 
1.143295e-02 1.326851e-01 
1.170462e-02 1.561193e-01 
4.354115e-03 1.033630e-01 
-4.497414e-03 -1.474448e-02 
-6.201120e-03 -9.831136e-02 
-5.482689e-03 -1.479374e-01 
2.992945e-01 -5.626329e-01 
-1.711441e-02 -3.656623e-01 
-1.845461e-02 -1.756640e-01 
-1.748864e-04 -1.901473e-02 
5.559968e-03 5.661383e-02 
7.137478e-03 8.140744e-02 
6.361820e-03 6.568634e-02 
3.695991e-03 3.380041e-02 
2.338997e-03 3.347833e-02 
2.352168e-03 6.226737e-02 
8.874030e-01 5.208992e-01 
1.376190e-01 7.297969e-01 
3.999512e-02 6.134123e-01 
2.732959e-02 3.618641e-01 
1.166444e-02 1.610390e-01 
1.192137e-04 3.780636e-03 
-7.099658e-03 -9.986676e-02 
-5.136767e-03 -1.012563e-01 
2.090501e-04 -2.432413e-02 
4.267906e-03 1.154181e-01 
7.432549e-01 6.622087e-01 
7.254994e-02 8.002043e-01 
4.609339e-02 6.542611e-01 
1.853602e-02 2.908191e-01 
2.901267e-03 4.393470e-02 
-7.565351e-03 -1.154623e-01 
-1.145623e-02 -1.791846e-01 
-1.075176e-03 -9.821608e-02 
6.054872e-03 5.565816e-02 
9.112721e-03 2.610963e-01 
1.952260e-01 4.944032e-01 
4.705665e-02 5.747216e-01 
2.826140e-02 4.507699e-01 
1.032333e-02 1.575548e-01 
-6.146278e-04 -2.703228e-02 
-8.095707e-03 -1.379633e-01 
-1.191113e-02 -1.748283e-01 
-6.067475e-03 -1.186376e-01 
6.215571e-04 -1.856847e-02 
3.832032e-03 1.124426e-01 
-4.108178e-02 6.309076e-02 
1.939055e-02 1.844839e-01 
1.730953e-02 2.069690e-01 
7.628428e-03 1.348456e-01 
5.109412e-03 8.881393e-02 
3.292958e-03 5.592522e-02 
2.554408e-03 2.763513e-02 
2.866801e-03 1.482015e-02 
2.636392e-03 3.580260e-02 
2.760730e-03 8.441593e-02 
1.238017e-01 -3.734026e-01 
-1.379670e-02 -1.619962e-01 
-3.089727e-03 -3.430979e-02 
1.576400e-03 1.992200e-02 
3.217762e-03 4.575820e-02 
3.299485e-03 4.421824e-02 
-9.561699e-04 4.757387e-03 
-6.446972e-03 -6.108652e-02 
-4.817537e-03 -8.653690e-02 
-2.549846e-03 -7.750141e-02 
3.323885e-01 -6.821019e-01 
-2.617427e-02 -4.622614e-01 
-1.206250e-02 -2.235476e-01 
-3.019860e-03 -3.181569e-02 
4.708681e-03 8.791657e-02 
9.469393e-03 1.525521e-01 
9.606149e-03 1.470083e-01 
2.114871e-03 5.969826e-02 
-1.680458e-03 -1.558669e-02 
-2.721846e-03 -8.106981e-02 
