poroelastic
-3.675872e-03 4.880777e-03 
-4.372506e-03 -1.748168e-02 
-5.624332e-03 -7.233392e-03 
6.738068e-03 7.970241e-02 
7.151457e-03 1.005511e-01 
3.242133e-03 6.254967e-02 
-4.189690e-03 -4.146784e-02 
-5.999049e-03 -1.404854e-01 
-1.331282e-03 -7.975364e-02 
2.510756e-03 1.167427e-01 
1.467523e-01 -3.613822e-01 
6.804782e-03 -3.521573e-01 
-2.312748e-02 -2.365951e-01 
1.786936e-03 2.934315e-03 
1.133536e-02 1.322899e-01 
1.175394e-02 1.679172e-01 
4.299917e-03 9.277435e-02 
-3.022578e-03 -5.396227e-02 
-1.841126e-03 -6.737029e-02 
6.542313e-04 3.001958e-02 
6.848487e-01 -4.666308e-01 
8.443350e-02 -5.434784e-01 
1.026448e-02 -4.330406e-01 
-1.609167e-02 -2.028316e-01 
-5.829280e-03 -7.203729e-02 
-1.391853e-03 -1.023382e-02 
-2.237046e-03 -1.080510e-02 
-3.815772e-03 -5.663625e-02 
-2.041364e-03 -5.637405e-02 
-2.863845e-04 -1.248347e-02 
7.901819e-01 6.078565e-01 
2.703985e-02 6.008265e-01 
1.373745e-03 4.019059e-01 
1.446669e-02 2.164590e-01 
4.486624e-03 7.187022e-02 
-1.784118e-03 -3.047788e-02 
-3.178864e-03 -6.720853e-02 
6.428405e-04 -1.820195e-02 
1.814253e-03 2.862137e-02 
1.645228e-03 7.293028e-02 
1.733497e-01 5.968887e-01 
1.257108e-02 3.983103e-01 
1.738475e-02 1.223728e-01 
-5.903439e-03 -1.012035e-01 
-1.174594e-02 -2.106349e-01 
-1.268105e-02 -2.285013e-01 
-7.188632e-03 -1.422677e-01 
2.744392e-03 1.290649e-02 
3.217700e-03 7.174419e-02 
1.308854e-03 5.909652e-02 
1.407811e-02 3.029702e-01 
9.136491e-03 1.636329e-01 
9.089776e-03 1.158527e-02 
-4.014906e-03 -9.233444e-02 
-7.096216e-03 -1.361224e-01 
-7.531849e-03 -1.354109e-01 
-4.605173e-03 -8.452366e-02 
8.091522e-04 -7.163846e-03 
1.599483e-03 2.820086e-02 
1.102812e-03 4.458239e-02 
-3.421847e-03 -1.408207e-02 
-1.404186e-03 1.835211e-02 
3.652510e-04 3.448384e-02 
3.826045e-03 6.473905e-02 
3.765730e-03 6.660116e-02 
1.918555e-03 3.946278e-02 
-2.507729e-03 -2.689826e-02 
-4.653564e-03 -9.369326e-02 
-1.772418e-03 -6.700209e-02 
9.883015e-04 4.304177e-02 
1.466199e-01 -4.132687e-01 
-2.272714e-05 -3.244424e-01 
-1.127310e-02 -1.832148e-01 
-1.417582e-03 -2.030910e-02 
4.251258e-03 6.909501e-02 
5.604013e-03 9.669084e-02 
2.900379e-03 5.031718e-02 
-1.035239e-03 -3.705894e-02 
-2.411716e-05 -2.178873e-02 
1.936199e-03 7.742276e-02 
8.967826e-01 -5.888583e-01 
3.247488e-02 -5.173549e-01 
5.332877e-03 -3.916684e-01 
-1.243677e-02 -2.430659e-01 
-7.939689e-03 -1.541859e-01 
-5.291674e-03 -1.022200e-01 
-5.305115e-03 -7.854772e-02 
-5.417656e-03 -7.609386e-02 
-2.900735e-03 -6.678243e-02 
-1.268721e-03 -4.950349e-02 
1.001193e+00 7.189049e-01 
1.072489e-01 8.428362e-01 
1.874897e-02 5.875229e-01 
8.754502e-03 2.285226e-01 
-2.948428e-04 -5.022110e-05 
-6.226870e-03 -1.171478e-01 
-5.136803e-03 -9.629207e-02 
6.614852e-03 5.843242e-02 
6.255437e-03 1.297384e-01 
3.227233e-03 1.268980e-01 
2.469587e-01 8.133921e-01 
2.028427e-02 6.356937e-01 
4.267514e-03 2.845472e-01 
8.248178e-04 -1.446167e-01 
-8.663008e-03 -3.633633e-01 
-1.563355e-02 -4.073102e-01 
-1.299724e-02 -2.534858e-01 
3.239595e-03 2.511173e-02 
4.033405e-03 1.019877e-01 
4.227118e-04 1.733474e-02 
5.698317e-02 3.806795e-01 
8.475081e-03 2.929328e-01 
-5.949940e-04 1.021020e-01 
2.981684e-04 -1.311442e-01 
-6.365530e-03 -2.185783e-01 
-9.051454e-03 -1.962092e-01 
-3.469900e-03 -5.513542e-02 
6.910727e-03 1.097550e-01 
2.943616e-03 9.543463e-02 
-1.070268e-03 -4.515750e-02 
2.211268e-03 -5.825523e-02 
9.526467e-04 4.087631e-02 
8.167618e-04 4.664131e-02 
2.547513e-04 -2.336930e-02 
-1.272047e-03 -4.718552e-02 
-1.568558e-03 -3.929959e-02 
-3.508558e-04 -7.104253e-03 
5.235119e-04 1.626819e-02 
-1.334456e-04 4.530011e-03 
-5.444921e-04 -2.381130e-02 
2.633876e-01 -5.788918e-01 
-1.653156e-02 -3.580501e-01 
-6.588996e-03 -1.932525e-01 
-1.812926e-03 -1.006010e-01 
-8.956932e-04 -3.290233e-02 
7.776713e-04 9.341775e-03 
6.158739e-04 1.085586e-02 
-2.121097e-03 -3.319157e-02 
-1.104631e-03 -3.427970e-02 
2.347879e-04 9.950684e-03 
6.938094e-01 -8.171415e-01 
3.683903e-03 -6.232323e-01 
-1.230778e-02 -3.517059e-01 
-2.310449e-03 -1.568400e-01 
-1.997934e-04 -2.632046e-02 
2.923529e-03 4.368595e-02 
2.037283e-03 3.343181e-02 
-4.492126e-03 -5.287670e-02 
-3.100819e-03 -7.427933e-02 
-7.853572e-04 -3.222385e-02 
