poroelastic
2.747372e-02 -1.745852e-01 
1.089378e-02 -2.344816e-01 
-1.037360e-02 -2.081143e-01 
-1.317671e-02 -1.400519e-01 
-4.547393e-03 -6.898762e-02 
3.803083e-03 2.224421e-02 
1.020689e-02 1.322505e-01 
7.845671e-03 1.799211e-01 
7.573702e-04 6.038708e-02 
-6.549140e-03 -2.017953e-01 
1.241787e-01 -4.104733e-03 
2.550699e-02 -9.492678e-02 
1.024419e-02 -1.317932e-01 
-1.820027e-02 -1.573558e-01 
-1.475010e-02 -1.538514e-01 
-7.888527e-03 -1.038645e-01 
1.828415e-03 1.136585e-02 
5.823645e-03 1.271067e-01 
1.482021e-03 6.527880e-02 
-4.443555e-03 -1.383077e-01 
-3.026284e-01 1.569692e-01 
-3.252571e-02 1.935263e-01 
-4.722722e-03 1.738506e-01 
1.073263e-02 9.192268e-02 
5.355540e-03 4.575790e-02 
3.611257e-03 3.030003e-02 
4.805610e-03 4.769058e-02 
4.506747e-03 7.814507e-02 
1.626736e-03 4.659398e-02 
-1.282895e-03 -3.854864e-02 
-4.642045e-01 -2.625709e-01 
-3.666912e-02 -3.513197e-01 
-6.036919e-03 -2.649643e-01 
-1.477055e-02 -1.589562e-01 
-6.135407e-03 -7.271728e-02 
-7.018368e-04 -6.912730e-03 
7.509688e-04 1.946395e-02 
-9.236062e-04 -6.644467e-03 
-1.030928e-03 -1.951325e-02 
-6.687295e-04 -2.077223e-02 
-5.355235e-03 -2.646705e-01 
-1.091425e-02 -1.484827e-01 
-8.926613e-03 1.082873e-02 
1.030526e-02 1.059895e-01 
1.110179e-02 1.389284e-01 
8.819472e-03 1.223101e-01 
3.391263e-03 5.020572e-02 
-1.330980e-03 -3.663620e-02 
-1.232801e-04 -2.063622e-02 
2.167228e-03 7.023952e-02 
-2.033806e-02 -1.398798e-01 
-4.329828e-03 -7.003488e-02 
-1.025490e-03 8.547879e-03 
4.174802e-03 5.370452e-02 
4.756603e-03 6.790844e-02 
3.681380e-03 5.868020e-02 
7.095222e-05 1.803095e-02 
-3.128292e-03 -3.595702e-02 
-2.301985e-03 -4.565020e-02 
-1.193624e-03 -3.682191e-02 
1.457964e-02 -1.196275e-01 
-5.565894e-03 -1.971688e-01 
-1.461528e-02 -1.978157e-01 
-9.550378e-03 -1.373478e-01 
-3.430111e-03 -7.055666e-02 
3.062699e-03 1.108390e-02 
9.501417e-03 1.079414e-01 
8.674304e-03 1.627391e-01 
3.596970e-03 1.043092e-01 
-1.643408e-03 -5.365105e-02 
1.047990e-01 1.092451e-01 
1.551199e-02 -1.495835e-02 
4.596118e-03 -9.533583e-02 
-1.185203e-02 -1.226786e-01 
-1.063347e-02 -1.236405e-01 
-7.363702e-03 -9.269353e-02 
-2.594470e-03 -1.776659e-02 
7.576263e-04 5.251936e-02 
-1.528521e-03 -5.677605e-03 
-5.419002e-03 -1.689744e-01 
-5.038968e-01 2.896303e-01 
-1.206221e-02 2.330377e-01 
-6.842901e-04 1.679151e-01 
1.046120e-02 1.033479e-01 
7.003891e-03 7.564412e-02 
6.429198e-03 7.346775e-02 
8.453875e-03 9.126547e-02 
7.789419e-03 1.084034e-01 
4.606694e-03 9.763347e-02 
2.074386e-03 6.287780e-02 
-6.623741e-01 -3.594493e-01 
-1.049554e-01 -5.098826e-01 
-2.383264e-02 -3.779064e-01 
-1.180852e-02 -1.685239e-01 
-2.431767e-03 -3.093511e-02 
1.841706e-03 3.903315e-02 
-6.306031e-04 1.619109e-02 
-7.808813e-03 -9.690348e-02 
-6.026024e-03 -1.258815e-01 
-2.699807e-03 -8.396612e-02 
-2.470505e-02 -4.485063e-01 
-1.236297e-02 -3.269180e-01 
9.331287e-04 -1.035506e-01 
9.065930e-03 1.380832e-01 
1.333374e-02 2.568816e-01 
1.435651e-02 2.696978e-01 
9.066215e-03 1.594115e-01 
5.943424e-04 -1.550893e-02 
6.899537e-04 -1.365083e-02 
3.736598e-03 1.243471e-01 
-7.793634e-02 -1.965164e-01 
-1.390997e-02 -1.560199e-01 
-5.577805e-03 -6.922876e-02 
1.795808e-03 3.202628e-02 
3.548991e-03 6.284286e-02 
2.529096e-03 3.881628e-02 
-3.168599e-03 -4.805522e-02 
-7.873895e-03 -1.375928e-01 
-3.205020e-03 -9.278657e-02 
1.223245e-03 4.201593e-02 
2.956554e-04 -3.237429e-02 
-8.676042e-03 -1.341140e-01 
-6.133483e-03 -1.370071e-01 
-1.937415e-03 -3.767172e-02 
1.423442e-03 2.970405e-02 
3.812101e-03 7.263391e-02 
5.201328e-03 8.776886e-02 
3.730111e-03 6.999576e-02 
1.344013e-03 3.939762e-02 
-3.500630e-04 -1.246807e-02 
-2.940134e-02 2.682402e-01 
2.275863e-03 4.538935e-02 
-4.598256e-03 -7.000235e-02 
-2.853929e-03 -5.388850e-02 
-1.657325e-03 -3.029109e-02 
2.193314e-04 4.719321e-03 
3.150753e-03 5.775639e-02 
3.387091e-03 9.094891e-02 
-2.049620e-05 2.791843e-02 
-3.445676e-03 -1.204608e-01 
-2.564223e-01 5.011839e-01 
1.379898e-02 2.764648e-01 
3.365120e-03 6.101787e-02 
-1.858684e-03 -3.755689e-02 
-4.253312e-03 -8.049280e-02 
-4.159561e-03 -7.400983e-02 
4.099812e-04 -3.626463e-03 
5.581886e-03 9.380576e-02 
3.114233e-03 8.480442e-02 
-4.825261e-04 -1.635752e-02 
