poroelastic
-5.699081e-02 -8.063983e-02 
-6.938708e-02 1.036885e-01 
-5.648417e-02 6.263356e-01 
3.437561e-02 1.140913e+00 
5.435358e-02 1.444406e+00 
5.818853e-02 1.398138e+00 
2.395380e-02 8.352553e-01 
-3.287706e-02 -9.637718e-02 
-3.540613e-02 -9.014137e-01 
-2.367569e-02 -1.486353e+00 
-1.078832e+00 1.376025e+00 
-1.058098e-01 2.108784e+00 
2.033989e-02 2.283097e+00 
6.344874e-02 1.734607e+00 
4.513270e-02 1.179531e+00 
2.073880e-02 4.768760e-01 
-2.870133e-02 -4.132870e-01 
-5.753001e-02 -1.098491e+00 
-3.333474e-02 -1.193578e+00 
-1.131489e-02 -7.309521e-01 
-1.937807e+00 1.422181e+00 
-2.197726e-01 2.320470e+00 
1.453381e-02 2.198038e+00 
3.984930e-02 1.178028e+00 
1.180036e-02 3.065565e-01 
-1.349992e-02 -4.215215e-01 
-3.380039e-02 -9.285775e-01 
-2.130987e-02 -8.803861e-01 
2.766695e-03 -1.831429e-01 
1.575058e-02 9.787823e-01 
9.073803e-01 1.924896e-01 
1.337605e-01 1.073618e+00 
2.174298e-02 1.326841e+00 
2.006852e-02 6.660932e-01 
1.871413e-03 3.807546e-02 
-1.527345e-02 -5.140518e-01 
-2.652738e-02 -8.880681e-01 
-1.051834e-02 -7.449545e-01 
8.702747e-03 4.128475e-02 
1.705392e-02 1.232435e+00 
9.985136e-01 3.688728e-01 
4.877682e-02 1.311033e+00 
2.249518e-02 1.632636e+00 
3.027998e-02 1.211089e+00 
1.963855e-02 7.368394e-01 
6.392807e-03 1.891638e-01 
-1.441966e-02 -4.083101e-01 
-2.454182e-02 -7.661579e-01 
-1.202364e-02 -6.491434e-01 
-2.090464e-03 -1.776454e-01 
1.295868e-01 1.351689e-01 
6.707500e-03 6.035834e-01 
1.923969e-02 9.360227e-01 
2.449845e-02 1.018192e+00 
2.382682e-02 9.600440e-01 
1.815254e-02 6.771573e-01 
-4.852555e-03 1.250157e-01 
-3.070682e-02 -5.813366e-01 
-2.725336e-02 -1.224757e+00 
-1.944045e-02 -1.681489e+00 
-4.981223e-02 2.008576e-01 
-4.583031e-03 3.966918e-01 
8.515558e-03 6.664355e-01 
2.108616e-02 8.875876e-01 
2.295014e-02 9.968334e-01 
1.843983e-02 8.461363e-01 
-1.331753e-04 3.848143e-01 
-1.905853e-02 -2.921680e-01 
-2.066318e-02 -1.018611e+00 
-1.712899e-02 -1.574831e+00 
-9.070384e-01 1.271252e+00 
-2.015357e-02 1.772661e+00 
3.113717e-02 1.747397e+00 
2.740237e-02 1.178546e+00 
1.340413e-02 7.088515e-01 
-2.475434e-04 1.694878e-01 
-1.535408e-02 -4.175740e-01 
-1.664743e-02 -7.499428e-01 
-1.048200e-02 -7.519518e-01 
-3.494361e-03 -3.507933e-01 
-2.334085e+00 1.704751e+00 
-1.541999e-01 2.741122e+00 
4.447932e-02 2.611775e+00 
3.009829e-02 1.434192e+00 
6.563713e-03 4.671477e-01 
-1.077204e-02 -4.029329e-01 
-2.089548e-02 -1.080729e+00 
-1.445298e-02 -1.099504e+00 
-2.840026e-03 -3.919895e-01 
9.429981e-03 9.502072e-01 
1.112600e+00 6.805178e-01 
1.899384e-01 1.819510e+00 
4.100466e-02 2.054153e+00 
1.515809e-02 1.201222e+00 
7.862627e-04 4.050054e-01 
-1.123296e-02 -3.983778e-01 
-1.855056e-02 -1.159339e+00 
-1.413207e-02 -1.401676e+00 
-6.476168e-03 -7.812696e-01 
4.285685e-03 5.310503e-01 
1.377806e+00 4.674025e-01 
1.387276e-01 1.544623e+00 
5.625501e-02 2.082986e+00 
2.345134e-02 1.895772e+00 
1.133301e-02 1.512952e+00 
-3.633752e-05 8.827872e-01 
-6.927070e-03 -8.819518e-02 
-2.678846e-03 -1.041865e+00 
-6.466461e-03 -1.291842e+00 
-6.343007e-03 -9.968467e-01 
1.405868e-01 -9.793150e-02 
1.815199e-02 1.449634e-01 
1.956211e-02 5.434589e-01 
1.023053e-02 9.235754e-01 
6.387958e-03 1.088729e+00 
3.181752e-04 9.924280e-01 
-2.550725e-03 5.143807e-01 
5.067410e-03 -2.846772e-01 
-1.872360e-03 -1.005640e+00 
-9.941125e-03 -1.602313e+00 
1.615168e-02 3.472939e-01 
7.649394e-03 4.760842e-01 
-3.384185e-03 4.572541e-01 
-2.610956e-03 3.207131e-01 
-3.289766e-03 2.050897e-01 
-5.876095e-03 1.900854e-02 
-4.344680e-03 -1.777386e-01 
2.831947e-03 -3.381591e-01 
-7.956753e-04 -6.155099e-01 
-4.374398e-03 -7.987184e-01 
-9.540561e-01 1.860112e+00 
7.863680e-02 2.598517e+00 
2.866118e-02 2.397558e+00 
2.607145e-03 1.303937e+00 
-5.459251e-03 4.121402e-01 
-1.176611e-02 -4.553996e-01 
-7.738724e-03 -1.161941e+00 
2.513829e-04 -1.291904e+00 
-4.347313e-03 -9.895480e-01 
-1.128764e-03 -1.672296e-01 
-1.831579e+00 1.088515e+00 
-8.223091e-02 1.821636e+00 
5.445954e-02 1.896592e+00 
9.735996e-03 1.316990e+00 
2.926102e-04 7.863479e-01 
-4.021205e-03 1.981910e-01 
-5.899331e-04 -4.165913e-01 
2.939535e-03 -7.164643e-01 
-1.985906e-03 -5.165519e-01 
8.757065e-04 1.376881e-01 
