poroelastic
5.267765e-03 1.336625e-02 
7.563475e-03 -4.618930e-03 
7.272483e-03 -1.411305e-02 
2.625241e-04 1.321522e-02 
3.256735e-05 1.160765e-02 
-1.180893e-03 -1.918671e-02 
-3.302437e-03 -8.593472e-02 
-3.415848e-03 -1.326448e-01 
-9.561687e-04 -5.587983e-02 
2.412678e-03 1.180647e-01 
5.368868e-03 -2.248627e-01 
-1.118139e-02 -1.885133e-01 
-2.424984e-02 -8.023578e-02 
3.646913e-03 9.079725e-02 
7.483368e-03 1.762502e-01 
6.952631e-03 1.849180e-01 
3.191900e-03 9.820864e-02 
-9.972173e-04 -3.801507e-02 
-8.281832e-04 -4.139257e-02 
1.250100e-03 5.895543e-02 
5.053284e-01 -2.756697e-01 
7.918218e-02 -3.812669e-01 
2.192487e-02 -3.215799e-01 
-4.712265e-03 -1.684582e-01 
-2.409152e-03 -7.139342e-02 
-7.188832e-04 -2.112696e-02 
-1.244459e-03 -2.412591e-02 
-2.571568e-03 -6.985845e-02 
-1.868978e-03 -6.896078e-02 
-6.814446e-04 -3.098438e-02 
4.647296e-01 3.343289e-01 
8.710490e-03 3.079364e-01 
-8.777967e-03 1.913339e-01 
1.776758e-03 1.029983e-01 
8.337570e-04 4.184672e-02 
-8.852565e-05 6.868625e-03 
1.483125e-04 9.816025e-03 
1.656906e-03 4.471223e-02 
1.224977e-03 4.523451e-02 
2.936182e-04 1.354029e-02 
-7.659195e-02 2.707947e-01 
3.597740e-03 8.367899e-02 
1.024301e-02 -9.096951e-02 
-2.063323e-04 -1.691054e-01 
-2.767359e-03 -1.835254e-01 
-3.258099e-03 -1.427427e-01 
-1.271008e-03 -4.071584e-02 
1.878807e-03 6.410406e-02 
7.326197e-04 4.225774e-02 
-1.823381e-03 -8.246175e-02 
-3.625157e-02 5.889405e-02 
4.915831e-03 -7.527274e-02 
2.962174e-03 -1.482617e-01 
-1.371451e-03 -1.242070e-01 
-2.082706e-03 -8.225730e-02 
-1.483015e-03 -2.565229e-02 
9.684736e-04 4.509100e-02 
3.008867e-03 8.469684e-02 
1.103879e-03 4.552779e-02 
-1.153864e-03 -4.722662e-02 
7.980001e-03 -2.064934e-02 
2.591608e-03 -1.286399e-02 
2.899088e-03 -3.329047e-03 
1.188957e-03 1.831056e-02 
1.130251e-03 2.135427e-02 
8.472696e-04 5.535686e-03 
-7.766749e-04 -3.735541e-02 
-2.823280e-03 -8.273770e-02 
-1.753369e-03 -6.562069e-02 
9.709861e-05 4.079351e-03 
2.975709e-02 -2.221868e-01 
-1.412484e-03 -1.629680e-01 
-6.255558e-03 -6.510666e-02 
-1.730635e-03 3.808439e-02 
1.009370e-03 9.132600e-02 
1.930713e-03 9.938227e-02 
1.211120e-03 4.851947e-02 
-5.777889e-04 -2.739326e-02 
9.943922e-05 -5.357456e-03 
2.372990e-03 9.177523e-02 
5.801585e-01 -3.130898e-01 
3.901933e-02 -3.794421e-01 
9.946793e-03 -3.182593e-01 
1.428033e-03 -1.937138e-01 
-4.146329e-05 -1.015965e-01 
6.093675e-04 -3.792983e-02 
7.583363e-04 -1.187200e-02 
-1.857757e-03 -3.543248e-02 
-2.213471e-03 -6.325528e-02 
-2.482406e-03 -9.372580e-02 
4.637047e-01 3.147637e-01 
3.711635e-02 3.279684e-01 
-4.683386e-04 2.008642e-01 
-2.578689e-03 6.552283e-02 
-1.863847e-03 -5.249220e-03 
-2.569021e-03 -2.018665e-02 
-1.433504e-03 3.264559e-02 
4.577522e-03 1.206345e-01 
2.988886e-03 9.990940e-02 
-3.506700e-04 -1.342883e-02 
-1.686214e-01 2.929367e-01 
-1.324185e-02 8.493025e-02 
-6.728641e-03 -1.090712e-01 
1.109213e-02 -2.357301e-01 
4.262079e-03 -2.691752e-01 
-6.904095e-04 -2.153892e-01 
-7.629126e-04 -6.153588e-02 
2.815505e-03 9.871614e-02 
2.310333e-04 4.098029e-02 
-4.883018e-03 -1.887244e-01 
-3.092625e-02 5.848005e-03 
-3.217274e-03 -1.194097e-01 
1.970986e-03 -1.799986e-01 
-4.648888e-04 -1.592784e-01 
-3.758886e-03 -1.005184e-01 
-4.744684e-03 -4.999274e-03 
7.101525e-04 1.290889e-01 
7.935689e-03 2.074792e-01 
2.571367e-03 1.051998e-01 
-3.212379e-03 -1.254594e-01 
2.029335e-02 -8.750420e-02 
-5.425163e-03 -6.088178e-02 
-2.029906e-03 -3.919862e-02 
4.259464e-03 -3.274372e-02 
2.657901e-03 -2.516776e-02 
2.585034e-03 -1.558845e-02 
1.993510e-03 -9.819189e-03 
-1.949235e-03 -2.498310e-02 
-2.419460e-03 -6.232945e-02 
-2.680964e-03 -1.070415e-01 
7.489195e-02 -3.020074e-01 
1.022013e-03 -2.020655e-01 
2.758014e-03 -8.537297e-02 
-3.835564e-03 -2.545264e-03 
-2.360667e-03 4.590203e-02 
-8.918907e-04 6.739705e-02 
4.972740e-04 5.118257e-02 
6.397686e-04 6.755253e-03 
5.286279e-04 8.192418e-03 
1.416574e-03 5.402288e-02 
3.473564e-01 -3.543695e-01 
1.302212e-02 -3.066878e-01 
-1.049429e-03 -1.708708e-01 
3.677802e-03 -6.761501e-02 
1.703558e-03 -3.105673e-03 
2.478951e-03 2.569597e-02 
2.141629e-03 2.979637e-03 
-2.814936e-03 -6.071206e-02 
-2.316132e-03 -6.884233e-02 
-6.885275e-04 -2.553895e-02 
