poroelastic
9.808268e-03 -4.192466e-02 
7.507028e-03 -8.347498e-02 
9.423352e-04 -7.090511e-02 
1.312882e-03 2.931912e-02 
2.686344e-03 6.307432e-02 
1.487770e-03 4.003702e-02 
-2.457356e-03 -4.937804e-02 
-5.171139e-03 -1.378385e-01 
-2.440902e-03 -7.451813e-02 
3.678930e-03 1.094548e-01 
1.663987e-01 -4.702937e-01 
1.160483e-02 -4.528151e-01 
-2.240994e-02 -2.875001e-01 
2.819160e-04 9.460072e-03 
8.022688e-03 1.679804e-01 
9.539765e-03 2.167949e-01 
5.600664e-03 1.377154e-01 
-9.406449e-04 -2.429382e-02 
-1.572378e-03 -4.617722e-02 
1.317700e-03 3.900738e-02 
8.458137e-01 -5.441765e-01 
1.172433e-01 -6.645433e-01 
2.691913e-02 -5.329304e-01 
-9.340329e-03 -2.704762e-01 
-4.300549e-03 -1.089638e-01 
-8.872561e-04 -2.487660e-02 
-9.799666e-04 -1.798029e-02 
-3.320475e-03 -7.359919e-02 
-3.117840e-03 -8.154275e-02 
-1.773326e-03 -5.157175e-02 
8.764918e-01 6.705130e-01 
2.751128e-02 6.300112e-01 
-1.111495e-02 4.037513e-01 
5.118992e-03 2.060661e-01 
2.070094e-03 7.154064e-02 
-8.527535e-04 -1.354630e-02 
-1.593235e-03 -3.341574e-02 
1.299871e-03 2.051886e-02 
2.491242e-03 6.147500e-02 
2.910056e-03 8.660877e-02 
1.395474e-01 6.567065e-01 
1.866768e-03 4.061781e-01 
1.352327e-02 9.934945e-02 
4.716506e-04 -1.433012e-01 
-5.572288e-03 -2.526180e-01 
-8.159515e-03 -2.614296e-01 
-6.455218e-03 -1.578429e-01 
1.064220e-03 1.303104e-02 
3.021679e-03 7.615224e-02 
1.728957e-03 5.128593e-02 
-1.018747e-02 2.832739e-01 
4.267154e-03 1.143254e-01 
7.170940e-03 -4.688698e-02 
-1.327534e-04 -1.342543e-01 
-3.377984e-03 -1.553985e-01 
-4.286366e-03 -1.305721e-01 
-2.643490e-03 -5.778770e-02 
1.255306e-03 2.286543e-02 
1.615678e-03 3.965176e-02 
5.416874e-04 1.522584e-02 
6.600122e-03 -5.835661e-02 
1.156489e-03 -4.204360e-02 
1.668749e-04 -2.525910e-02 
4.338725e-04 1.322903e-02 
1.139479e-03 3.169037e-02 
1.309849e-03 2.725752e-02 
-2.133608e-04 -1.244910e-02 
-2.690854e-03 -6.449264e-02 
-1.570086e-03 -4.403770e-02 
1.393304e-03 3.938921e-02 
1.876272e-01 -4.724794e-01 
8.421525e-03 -3.817026e-01 
-4.115219e-03 -2.217668e-01 
-2.432133e-03 -3.374537e-02 
1.237500e-03 7.255067e-02 
3.238075e-03 1.105233e-01 
2.405856e-03 6.402948e-02 
-1.407583e-03 -3.597624e-02 
-1.034089e-03 -3.022906e-02 
2.094463e-03 5.778268e-02 
9.422712e-01 -6.130825e-01 
5.853162e-02 -6.282488e-01 
1.128009e-02 -4.950439e-01 
-3.848102e-04 -3.140883e-01 
-2.214973e-03 -1.790195e-01 
-9.736347e-04 -8.587531e-02 
-3.118550e-04 -4.002439e-02 
-2.546703e-03 -4.953351e-02 
-2.536904e-03 -5.855885e-02 
-2.528833e-03 -6.768799e-02 
9.698056e-01 7.231840e-01 
8.222988e-02 7.829313e-01 
1.610856e-03 5.186544e-01 
-8.090363e-04 1.847043e-01 
-1.358410e-03 -7.465232e-03 
-4.517412e-03 -9.393083e-02 
-5.202447e-03 -6.118660e-02 
3.952675e-03 7.251483e-02 
5.409651e-03 1.254770e-01 
3.822283e-03 1.040586e-01 
1.650469e-01 7.756174e-01 
-3.118062e-03 5.645512e-01 
-7.229616e-03 2.125618e-01 
1.291539e-02 -1.838676e-01 
2.701286e-03 -3.674051e-01 
-6.080043e-03 -3.879629e-01 
-8.905502e-03 -2.283887e-01 
1.765826e-03 2.989192e-02 
3.733904e-03 9.221571e-02 
-2.429229e-04 -6.678686e-03 
2.038678e-02 3.141558e-01 
-3.179905e-03 1.957220e-01 
-3.770791e-03 1.434727e-02 
5.503474e-03 -1.721677e-01 
-1.395449e-03 -2.229926e-01 
-5.849505e-03 -1.738527e-01 
-3.276693e-03 -2.100856e-02 
6.696521e-03 1.326610e-01 
4.206921e-03 1.063925e-01 
-1.938781e-03 -5.244354e-02 
1.269603e-02 -9.620347e-02 
-3.451626e-03 -1.840935e-02 
-1.560826e-03 -8.282795e-03 
2.660486e-03 -5.418572e-02 
5.760978e-04 -5.585913e-02 
2.041675e-05 -3.289627e-02 
7.068823e-04 2.370966e-03 
2.528920e-04 1.321795e-02 
-6.759190e-04 -1.035720e-02 
-1.941221e-03 -5.349824e-02 
2.638327e-01 -5.740732e-01 
-8.999245e-03 -3.907083e-01 
-5.906707e-04 -2.213858e-01 
5.955552e-04 -1.060874e-01 
-7.061043e-04 -1.916161e-02 
6.888458e-04 3.786753e-02 
2.073596e-03 4.477119e-02 
-5.905841e-04 -8.623220e-03 
-1.086633e-03 -2.518345e-02 
-1.979172e-04 -5.303716e-03 
7.091154e-01 -7.407925e-01 
1.995390e-02 -6.232860e-01 
-4.352871e-03 -3.814905e-01 
5.444385e-03 -1.968435e-01 
1.120981e-03 -5.859843e-02 
2.437135e-03 2.718908e-02 
3.575755e-03 3.521959e-02 
-2.579073e-03 -4.029111e-02 
-3.215009e-03 -6.899388e-02 
-2.019363e-03 -5.252590e-02 
