poroelastic
2.306149e-02 -1.684795e-03 
2.638660e-02 -3.237461e-03 
2.026654e-02 -6.390941e-02 
-1.826219e-02 -1.875171e-01 
-1.615495e-02 -2.198561e-01 
-9.442580e-03 -1.689604e-01 
3.807699e-04 -2.150064e-02 
4.308836e-03 1.299662e-01 
1.872842e-03 8.663209e-02 
-2.805200e-03 -1.199569e-01 
3.227123e-03 4.005713e-01 
3.187269e-02 3.161088e-01 
4.346808e-02 1.224775e-01 
-1.939132e-02 -1.634396e-01 
-2.465702e-02 -3.013775e-01 
-1.995925e-02 -3.109868e-01 
-7.559737e-03 -1.666969e-01 
2.039646e-03 5.498546e-02 
1.853780e-03 7.501135e-02 
-1.644172e-03 -6.778278e-02 
-7.249733e-01 5.581700e-01 
-6.806518e-02 6.124880e-01 
-2.809904e-04 4.578114e-01 
1.419018e-02 1.795242e-01 
2.736079e-03 2.556956e-02 
-8.092677e-04 -3.861081e-02 
1.934894e-03 -1.273358e-02 
4.217056e-03 7.746392e-02 
3.193300e-03 9.393753e-02 
1.177022e-03 4.632451e-02 
-1.020233e+00 -5.491001e-01 
-6.322438e-02 -6.215441e-01 
6.691785e-03 -4.651879e-01 
-2.268462e-02 -3.196352e-01 
-1.272907e-02 -1.952851e-01 
-6.180472e-03 -9.654541e-02 
-3.601324e-03 -4.287415e-02 
-3.232360e-03 -5.308884e-02 
-2.383217e-03 -6.266222e-02 
-1.726509e-03 -7.007970e-02 
-3.052844e-01 -6.029955e-01 
-1.408472e-02 -4.436655e-01 
-1.121217e-02 -1.974385e-01 
7.862812e-04 6.183774e-04 
5.564664e-03 1.036518e-01 
6.321573e-03 1.318108e-01 
2.950421e-03 7.552816e-02 
-1.762228e-03 -3.358693e-02 
-1.566352e-03 -5.109913e-02 
4.332792e-05 1.791219e-03 
-7.464207e-02 -3.136660e-01 
-3.548164e-03 -1.931124e-01 
-3.200811e-03 -7.200471e-02 
2.073377e-04 2.693448e-03 
1.778846e-03 3.621136e-02 
1.876929e-03 4.091134e-02 
3.904429e-04 1.437626e-02 
-1.200487e-03 -2.388364e-02 
-7.609018e-04 -2.285322e-02 
-1.181089e-04 -4.589764e-03 
2.854394e-02 7.246773e-03 
9.798304e-03 -5.517356e-02 
3.866838e-03 -1.206920e-01 
-1.137625e-02 -1.840294e-01 
-1.042718e-02 -1.956814e-01 
-7.249046e-03 -1.570527e-01 
-1.279170e-03 -5.174450e-02 
2.821633e-03 6.792101e-02 
2.128814e-03 7.476121e-02 
-4.114150e-04 -1.651527e-02 
-2.238951e-02 4.589209e-01 
1.824747e-02 3.037645e-01 
1.582912e-02 8.863235e-02 
-8.737101e-03 -1.342542e-01 
-1.347688e-02 -2.413937e-01 
-1.248451e-02 -2.526365e-01 
-6.089900e-03 -1.459998e-01 
1.220851e-03 2.678381e-02 
1.720314e-03 5.843764e-02 
-6.719219e-04 -2.501172e-02 
-7.794760e-01 6.906521e-01 
-1.333458e-02 5.894595e-01 
9.108247e-03 3.938066e-01 
8.643112e-03 1.705377e-01 
2.106514e-03 4.082845e-02 
-7.973807e-04 -2.163214e-02 
2.879783e-04 -1.517783e-02 
3.230068e-03 4.823267e-02 
3.199795e-03 8.195082e-02 
2.440033e-03 8.747462e-02 
-1.153231e+00 -6.438013e-01 
-1.549235e-01 -8.331331e-01 
-2.722754e-02 -6.319191e-01 
-1.234046e-02 -3.356902e-01 
-5.002857e-03 -1.367356e-01 
-4.046162e-04 -1.965442e-02 
-3.460479e-05 -7.137932e-04 
-4.837754e-03 -8.094433e-02 
-4.157354e-03 -1.078846e-01 
-2.457286e-03 -9.023023e-02 
-3.870443e-01 -7.653982e-01 
-3.425323e-02 -6.666409e-01 
-8.026064e-03 -3.759197e-01 
-1.436038e-03 -2.685859e-03 
4.516328e-03 1.989861e-01 
8.278493e-03 2.634408e-01 
6.823656e-03 1.774633e-01 
-3.946145e-04 -8.401447e-03 
-1.183383e-03 -4.420499e-02 
9.774714e-04 3.787389e-02 
-1.389928e-01 -3.750941e-01 
-2.100095e-02 -3.236932e-01 
-8.044403e-03 -1.883305e-01 
2.467553e-04 -3.974524e-03 
2.645833e-03 7.106780e-02 
3.226312e-03 6.631505e-02 
-3.465577e-04 -2.052262e-02 
-5.475976e-03 -1.215526e-01 
-2.729071e-03 -9.159365e-02 
6.980795e-04 2.772277e-02 
1.549569e-02 1.678151e-02 
-8.720066e-03 -1.180114e-01 
-6.556328e-03 -1.562652e-01 
-2.420636e-03 -8.718501e-02 
-1.573293e-03 -4.391837e-02 
-8.274315e-04 -1.497192e-02 
2.886571e-04 8.898206e-03 
1.480668e-03 2.929421e-02 
1.142717e-03 3.467367e-02 
4.057606e-04 1.650351e-02 
-1.151137e-01 5.445153e-01 
1.078838e-02 2.535724e-01 
-6.986481e-04 4.076463e-02 
-7.483316e-04 -5.656207e-02 
-3.098437e-03 -1.055519e-01 
-4.071225e-03 -1.089614e-01 
-1.881333e-03 -4.613290e-02 
2.802954e-03 5.770820e-02 
2.181091e-03 6.953415e-02 
-4.409851e-05 -1.719003e-03 
-5.283942e-01 8.706931e-01 
1.513811e-02 6.183505e-01 
7.942757e-03 2.899958e-01 
2.455465e-03 4.945996e-02 
-1.952197e-03 -9.467162e-02 
-5.370138e-03 -1.597498e-01 
-5.000166e-03 -1.215328e-01 
1.560072e-03 1.224666e-02 
2.744079e-03 7.179657e-02 
1.745241e-03 6.501251e-02 
