poroelastic
-3.465003e-02 2.433565e-01 
-1.840898e-02 3.527799e-01 
9.352933e-03 2.870699e-01 
5.688507e-04 5.226292e-02 
-3.749389e-03 -8.508453e-02 
-4.733522e-03 -1.541425e-01 
-2.812491e-03 -1.431091e-01 
-5.849317e-04 -5.135470e-02 
5.089497e-04 2.794601e-02 
1.259114e-03 9.628638e-02 
-3.387921e-01 5.782665e-01 
-4.658545e-02 6.701380e-01 
6.925796e-03 5.192437e-01 
4.496039e-03 1.624929e-01 
-3.199154e-03 -5.677616e-02 
-5.942275e-03 -1.830099e-01 
-4.829565e-03 -2.076048e-01 
-1.685946e-03 -1.091886e-01 
2.394886e-04 5.007063e-03 
1.905797e-03 1.298463e-01 
-6.739062e-01 5.378034e-01 
-9.010679e-02 6.268558e-01 
-1.399757e-02 4.800646e-01 
5.597931e-03 2.129395e-01 
1.215442e-03 4.680534e-02 
-1.160680e-03 -4.868787e-02 
-1.419848e-03 -7.645817e-02 
-1.729372e-04 -2.724494e-02 
8.263069e-04 3.503063e-02 
1.638123e-03 1.057596e-01 
-6.415976e-01 -5.609459e-01 
-1.420799e-02 -4.457000e-01 
7.490794e-03 -2.611066e-01 
-2.166017e-03 -1.338444e-01 
-8.645387e-04 -4.876706e-02 
1.427990e-04 4.087167e-03 
5.187601e-04 2.388742e-02 
-1.339563e-04 6.271956e-03 
-6.065349e-04 -2.472895e-02 
-9.736308e-04 -6.469678e-02 
-3.593394e-01 -5.636506e-01 
5.095938e-03 -4.340332e-01 
1.782642e-03 -2.408404e-01 
-4.400450e-04 -3.880180e-02 
1.051455e-03 7.321586e-02 
2.505452e-03 1.221996e-01 
2.834385e-03 1.023742e-01 
-8.133863e-04 8.314455e-03 
-2.299836e-03 -9.014868e-02 
-2.931785e-03 -1.881815e-01 
-1.127180e-02 -2.892015e-01 
-1.665280e-04 -1.918567e-01 
-5.344005e-03 -7.323287e-02 
-1.959922e-03 3.755034e-02 
-6.349485e-05 9.737641e-02 
1.083209e-03 1.213733e-01 
1.935442e-03 1.086630e-01 
1.540871e-03 6.517702e-02 
3.504087e-04 2.055252e-02 
-3.882411e-04 -2.242528e-02 
-1.082756e-02 1.746380e-01 
-1.316383e-03 2.071846e-01 
5.130902e-03 1.583189e-01 
1.634471e-03 2.980278e-02 
-9.847162e-05 -5.696231e-02 
-1.383192e-03 -1.125471e-01 
-2.151568e-03 -1.248115e-01 
-1.607558e-03 -8.069155e-02 
-5.817706e-04 -3.325774e-02 
2.903719e-04 1.714520e-02 
-2.908183e-01 5.052714e-01 
-2.045676e-02 5.130551e-01 
-2.502374e-03 3.800107e-01 
1.983720e-03 1.396918e-01 
1.833097e-04 -1.716484e-02 
-1.662018e-03 -1.123714e-01 
-2.772619e-03 -1.335150e-01 
-1.065201e-03 -5.788204e-02 
7.186523e-04 2.920533e-02 
2.385393e-03 1.233589e-01 
-6.509671e-01 5.299733e-01 
-3.686442e-02 5.098029e-01 
-6.076086e-03 3.835907e-01 
-2.673398e-04 2.184863e-01 
7.658752e-04 9.986800e-02 
2.688784e-04 1.653853e-02 
-6.149993e-04 -2.840133e-02 
-3.759838e-04 -1.898452e-02 
1.244444e-04 3.096000e-03 
6.807032e-04 3.419529e-02 
-7.122641e-01 -5.707073e-01 
-5.565744e-02 -5.830411e-01 
8.041647e-04 -3.920180e-01 
1.467658e-03 -1.600777e-01 
-1.538664e-04 -2.233950e-02 
5.563454e-04 5.311560e-02 
1.986983e-03 7.209274e-02 
4.958595e-04 3.198107e-02 
-8.860224e-04 -2.899248e-02 
-2.000871e-03 -1.036787e-01 
-4.577310e-01 -6.269528e-01 
-1.434773e-02 -5.913247e-01 
3.765478e-03 -3.889563e-01 
-5.445826e-04 -7.156593e-02 
-1.606575e-03 1.043255e-01 
1.492699e-03 1.825305e-01 
5.388757e-03 1.605936e-01 
-1.232868e-05 3.691910e-02 
-2.712857e-03 -9.022508e-02 
-4.030676e-03 -2.134144e-01 
-3.757411e-02 -3.529647e-01 
4.244340e-03 -3.262838e-01 
9.948800e-03 -1.799933e-01 
-8.243674e-03 5.072214e-02 
-5.436449e-03 1.685307e-01 
-1.770446e-03 2.080001e-01 
2.140851e-03 1.659337e-01 
1.442963e-03 6.630087e-02 
-3.166504e-04 -6.423888e-03 
-9.940901e-04 -5.464578e-02 
6.783795e-03 7.904054e-02 
-3.960291e-03 2.911432e-02 
-3.141549e-03 1.096127e-02 
2.881129e-03 1.677042e-02 
2.581132e-03 -4.714918e-03 
2.374153e-03 -3.926686e-02 
6.484322e-04 -7.511661e-02 
-2.021401e-03 -8.203087e-02 
-1.226442e-03 -5.983055e-02 
-2.478171e-04 -1.399727e-02 
-2.712539e-01 4.612571e-01 
9.974857e-03 3.763972e-01 
7.388640e-06 2.647623e-01 
-3.482406e-03 1.330314e-01 
-4.415621e-04 2.780310e-02 
-9.300855e-04 -4.959824e-02 
-2.771760e-03 -8.265166e-02 
-3.191118e-04 -3.444454e-02 
1.306625e-03 4.461713e-02 
2.765290e-03 1.444691e-01 
-5.757797e-01 5.687919e-01 
-1.794754e-02 5.332479e-01 
5.312574e-04 3.876094e-01 
-5.691014e-03 2.263306e-01 
4.884189e-05 9.020079e-02 
9.584864e-04 -1.754864e-02 
-1.065772e-03 -8.253622e-02 
-1.435228e-03 -6.515272e-02 
7.861701e-06 -7.624816e-03 
1.543713e-03 7.753637e-02 
