poroelastic
2.574983e-02 -1.065516e-02 
2.815084e-02 -5.012148e-02 
1.670624e-02 -2.105799e-01 
-2.723347e-02 -4.625752e-01 
-3.155380e-02 -5.855017e-01 
-2.675507e-02 -5.560983e-01 
-5.338729e-03 -2.996606e-01 
1.508146e-02 1.224654e-01 
1.694680e-02 4.140009e-01 
1.386924e-02 5.823092e-01 
1.188956e-01 3.353393e-01 
3.988765e-02 2.894282e-01 
3.441854e-02 -3.980330e-02 
-3.565215e-02 -5.819183e-01 
-4.749903e-02 -8.755308e-01 
-4.218934e-02 -8.907252e-01 
-1.344884e-02 -5.795637e-01 
1.688582e-02 1.928872e-02 
2.593462e-02 6.103165e-01 
2.553391e-02 1.085569e+00 
-8.543208e-01 4.522169e-01 
-9.017645e-02 7.323873e-01 
-5.619388e-03 5.943249e-01 
6.582367e-03 9.506768e-02 
-9.953880e-03 -2.272775e-01 
-1.496713e-02 -3.560555e-01 
-2.361415e-03 -2.850471e-01 
1.617302e-02 2.705654e-02 
2.318800e-02 5.065080e-01 
2.474032e-02 1.020260e+00 
-2.909665e-02 3.021697e-02 
3.466105e-03 2.623856e-01 
2.182214e-02 3.099642e-01 
-1.945486e-03 -1.948529e-02 
-1.401229e-02 -2.681820e-01 
-1.988702e-02 -4.240881e-01 
-1.734449e-02 -4.558222e-01 
-3.477909e-03 -2.727854e-01 
7.523450e-03 1.093982e-01 
1.434239e-02 6.424988e-01 
-1.366512e-01 -1.566415e-01 
-3.082830e-04 3.778250e-02 
4.974956e-03 2.219416e-02 
-1.081686e-02 -2.347037e-01 
-1.736671e-02 -4.050148e-01 
-1.885396e-02 -4.732479e-01 
-1.004795e-02 -3.957277e-01 
6.879089e-03 -1.022755e-01 
1.495486e-02 3.468111e-01 
1.898496e-02 9.054220e-01 
-1.943978e-01 -3.861565e-01 
-1.138382e-02 -5.021940e-01 
-2.088781e-02 -5.930133e-01 
-2.719461e-02 -6.379682e-01 
-2.336750e-02 -5.865369e-01 
-1.490325e-02 -4.237676e-01 
3.714822e-03 -1.605357e-01 
2.016693e-02 1.981778e-01 
2.252487e-02 6.251317e-01 
2.121888e-02 1.034576e+00 
2.436334e-02 -9.033315e-02 
-4.290955e-04 -2.185965e-01 
-1.189374e-02 -3.439624e-01 
-1.966670e-02 -4.426282e-01 
-1.810131e-02 -4.629438e-01 
-1.197197e-02 -3.836841e-01 
2.781939e-03 -1.851365e-01 
1.364505e-02 1.334028e-01 
1.573102e-02 4.809517e-01 
1.506937e-02 8.067342e-01 
1.198817e-01 5.665945e-01 
3.949733e-02 5.335251e-01 
3.038255e-02 2.388865e-01 
-1.845054e-02 -2.282766e-01 
-2.823235e-02 -5.454577e-01 
-3.037349e-02 -7.079825e-01 
-2.166893e-02 -6.459864e-01 
-5.606053e-03 -3.196711e-01 
3.933655e-03 7.358218e-02 
9.092133e-03 5.013764e-01 
-9.021621e-01 7.004747e-01 
-4.095197e-02 7.774058e-01 
1.242923e-02 5.064056e-01 
3.143462e-03 2.079007e-02 
-9.762653e-03 -2.917182e-01 
-1.220775e-02 -4.161333e-01 
-1.449607e-03 -3.208816e-01 
1.082757e-02 2.889083e-02 
1.730669e-02 5.304138e-01 
2.075557e-02 1.068190e+00 
-4.904645e-01 -4.353478e-01 
-6.745093e-02 -3.911486e-01 
-1.454333e-02 -3.267559e-01 
-1.835927e-02 -4.742118e-01 
-1.899198e-02 -5.660309e-01 
-1.449691e-02 -5.305087e-01 
-1.747811e-03 -3.521227e-01 
1.057650e-02 4.334519e-03 
1.753846e-02 5.908128e-01 
2.131980e-02 1.227522e+00 
-2.979769e-01 -2.219017e-01 
-1.440482e-02 2.871376e-02 
-4.840226e-03 2.594629e-02 
-1.117553e-02 -2.568672e-01 
-1.584868e-02 -4.780655e-01 
-1.686920e-02 -5.887656e-01 
-1.109184e-02 -5.509230e-01 
-1.927752e-04 -2.654985e-01 
8.986334e-03 2.962663e-01 
1.527383e-02 9.812412e-01 
-1.201637e-01 -1.393741e-01 
-9.687444e-03 -3.756202e-02 
-7.743738e-03 -1.804352e-02 
-4.477027e-03 -8.350185e-02 
-5.557080e-03 -1.547451e-01 
-6.498850e-03 -2.044996e-01 
-6.987157e-03 -2.471849e-01 
-4.767146e-03 -2.311813e-01 
-2.670070e-04 -4.518264e-02 
3.200557e-03 1.979738e-01 
8.742640e-03 -1.504682e-01 
-1.674566e-02 -3.617806e-01 
-1.112489e-02 -3.666924e-01 
-3.870106e-03 -1.896357e-01 
3.691796e-04 -5.191203e-02 
4.661594e-03 9.197384e-02 
7.495972e-03 1.942291e-01 
5.418843e-03 2.000944e-01 
3.804124e-03 2.031884e-01 
1.623876e-03 1.117823e-01 
1.793470e-01 5.036745e-01 
-1.251832e-03 1.454686e-01 
-1.861098e-02 -1.986655e-01 
-1.754447e-02 -4.416872e-01 
-1.812041e-02 -5.753030e-01 
-1.518823e-02 -5.635467e-01 
-5.998809e-03 -3.652993e-01 
2.912415e-03 -2.075588e-02 
6.845884e-03 2.978428e-01 
8.018563e-03 5.337400e-01 
-7.172045e-01 9.453071e-01 
2.840503e-03 7.653586e-01 
1.689410e-02 3.665299e-01 
-5.062151e-04 -2.933606e-02 
-7.021330e-03 -2.742261e-01 
-8.508721e-03 -3.849998e-01 
-3.653988e-03 -2.956522e-01 
3.848088e-03 1.907332e-02 
7.907607e-03 3.507489e-01 
1.106221e-02 7.130301e-01 
