poroelastic
-2.390395e-02 2.195836e-01 
-4.645239e-03 3.147081e-01 
2.101022e-02 2.395118e-01 
-2.960806e-03 3.841753e-03 
-8.233392e-03 -1.259116e-01 
-8.545896e-03 -1.825292e-01 
-4.295064e-03 -1.548455e-01 
4.566405e-05 -4.944101e-02 
9.138877e-04 3.179595e-02 
5.251465e-04 9.024631e-02 
-2.987650e-01 5.467472e-01 
-3.369190e-02 6.193165e-01 
1.849143e-02 4.668434e-01 
4.392353e-03 1.247624e-01 
-6.292726e-03 -7.699774e-02 
-9.299752e-03 -1.849265e-01 
-6.457994e-03 -1.933184e-01 
-1.000226e-03 -9.147028e-02 
7.684625e-04 9.997081e-03 
8.091002e-04 1.076636e-01 
-6.384379e-01 5.335738e-01 
-7.628252e-02 5.970259e-01 
-5.118234e-03 4.416148e-01 
8.405254e-03 1.740908e-01 
8.935096e-04 2.051939e-02 
-2.048433e-03 -5.834437e-02 
-1.193488e-03 -6.976352e-02 
9.833898e-04 -1.350003e-02 
1.316868e-03 4.292073e-02 
8.341313e-04 9.598007e-02 
-7.023072e-01 -5.296257e-01 
-1.931758e-02 -4.458266e-01 
8.347786e-03 -2.848550e-01 
-7.339030e-03 -1.739367e-01 
-3.439593e-03 -8.722924e-02 
-1.059815e-03 -2.468499e-02 
-3.581635e-04 8.543186e-03 
-1.117300e-03 -2.323911e-04 
-1.136079e-03 -3.227253e-02 
-7.068583e-04 -8.268950e-02 
-3.702425e-01 -5.580369e-01 
-1.866269e-04 -4.488218e-01 
-2.568589e-03 -2.668714e-01 
-2.023494e-03 -6.984216e-02 
1.453293e-03 5.017860e-02 
3.349660e-03 1.123382e-01 
2.697258e-03 1.084092e-01 
-1.826844e-03 2.606342e-02 
-2.638704e-03 -7.014675e-02 
-1.553194e-03 -1.757010e-01 
-3.966348e-02 -2.999909e-01 
-1.557224e-03 -2.123418e-01 
-5.795777e-03 -1.037635e-01 
-6.474296e-04 -8.208568e-05 
1.327595e-03 6.090396e-02 
2.429577e-03 9.115559e-02 
2.920118e-03 9.082664e-02 
1.649710e-03 6.035200e-02 
1.360742e-04 1.967414e-02 
-3.247442e-04 -2.973857e-02 
-1.244892e-03 1.598699e-01 
5.146194e-03 1.819209e-01 
1.116106e-02 1.237608e-01 
-7.634421e-04 -1.132680e-02 
-3.426638e-03 -9.413826e-02 
-4.701654e-03 -1.392377e-01 
-4.304442e-03 -1.343801e-01 
-1.794063e-03 -7.525501e-02 
-3.045786e-04 -2.545264e-02 
1.550093e-04 1.569491e-02 
-2.623228e-01 4.963466e-01 
-1.468987e-02 4.903081e-01 
4.842597e-03 3.455864e-01 
3.269093e-03 1.018424e-01 
-1.523609e-03 -4.701080e-02 
-3.872191e-03 -1.278441e-01 
-3.369273e-03 -1.309500e-01 
9.880084e-05 -4.345290e-02 
1.421973e-03 4.203434e-02 
1.574381e-03 1.230721e-01 
-6.103970e-01 5.551390e-01 
-2.325917e-02 4.907622e-01 
4.548343e-04 3.458390e-01 
4.004722e-03 1.718178e-01 
1.632176e-03 6.158255e-02 
-1.166417e-04 -6.286960e-03 
-9.603592e-04 -3.301364e-02 
-2.158320e-04 -1.366880e-02 
1.632163e-04 3.104737e-03 
2.187955e-04 1.654129e-02 
-7.716874e-01 -5.676429e-01 
-7.194224e-02 -6.187280e-01 
-6.567506e-03 -4.427522e-01 
-2.251048e-03 -2.100567e-01 
-1.010946e-03 -5.778484e-02 
8.095710e-04 3.699609e-02 
2.231518e-03 7.565584e-02 
1.294828e-04 4.500058e-02 
-1.271395e-03 -2.160884e-02 
-1.471784e-03 -1.146090e-01 
-5.147616e-01 -6.442531e-01 
-2.420657e-02 -6.322424e-01 
-4.607331e-03 -4.385338e-01 
-1.065815e-03 -1.133723e-01 
-9.855693e-06 7.817018e-02 
3.318088e-03 1.727013e-01 
5.733937e-03 1.658817e-01 
-1.598050e-03 4.838298e-02 
-3.620143e-03 -8.471130e-02 
-2.712487e-03 -2.249252e-01 
-7.013905e-02 -3.825544e-01 
-5.220785e-03 -3.732598e-01 
4.242212e-03 -2.327003e-01 
-4.814589e-03 6.997837e-03 
-1.941797e-03 1.369407e-01 
1.156293e-03 1.899484e-01 
3.771800e-03 1.628123e-01 
1.489364e-03 7.301930e-02 
-5.512611e-04 -1.416577e-03 
-6.719390e-04 -6.270402e-02 
1.440818e-02 6.405525e-02 
-4.420606e-03 2.106446e-03 
-3.253432e-03 -2.149439e-02 
2.400241e-03 -1.316356e-02 
1.652436e-03 -2.660125e-02 
9.004276e-04 -5.114002e-02 
-1.094489e-03 -7.533018e-02 
-2.677680e-03 -7.531375e-02 
-1.129668e-03 -5.623709e-02 
-2.382083e-04 -2.347652e-02 
-2.548273e-01 4.659875e-01 
1.206708e-02 3.575097e-01 
3.503500e-03 2.365623e-01 
-6.087217e-04 1.065014e-01 
-2.192778e-04 9.746691e-03 
-1.671975e-03 -5.590355e-02 
-2.485256e-03 -7.532063e-02 
1.263330e-03 -1.937791e-02 
1.995989e-03 5.490952e-02 
1.590620e-03 1.391413e-01 
-5.496828e-01 6.139692e-01 
-1.065240e-02 5.450464e-01 
4.402286e-03 3.727861e-01 
1.105018e-04 1.909015e-01 
1.501958e-03 5.183720e-02 
1.442471e-04 -4.941507e-02 
-2.324518e-03 -1.001912e-01 
-1.236517e-03 -6.672375e-02 
4.453377e-04 -4.638565e-03 
9.118964e-04 7.564540e-02 
