poroelastic
-1.285226e-02 4.108985e-03 
-1.415031e-02 2.685737e-02 
-9.329045e-03 8.240298e-02 
1.011028e-02 1.593075e-01 
1.019486e-02 1.647205e-01 
5.976400e-03 1.029238e-01 
-2.743153e-03 -3.208190e-02 
-7.726995e-03 -1.486789e-01 
-3.671497e-03 -9.619472e-02 
4.361164e-03 1.116109e-01 
1.072667e-01 -3.734233e-01 
-4.440393e-04 -2.674586e-01 
-1.433306e-02 -1.284304e-01 
2.521351e-03 3.502819e-02 
8.132456e-03 1.256280e-01 
7.247189e-03 1.205419e-01 
1.066779e-03 2.159255e-02 
-3.702198e-03 -7.980837e-02 
-1.982660e-03 -5.892695e-02 
4.262030e-03 1.109728e-01 
6.870977e-01 -5.011292e-01 
7.622461e-02 -5.130774e-01 
1.336054e-02 -3.814917e-01 
-1.356782e-02 -2.302037e-01 
-7.578867e-03 -1.233602e-01 
-5.180209e-03 -8.658771e-02 
-5.130800e-03 -8.779457e-02 
-3.040601e-03 -6.538688e-02 
-7.996578e-04 -2.861384e-02 
3.296678e-03 8.378648e-02 
1.241801e+00 8.325909e-01 
9.006826e-02 9.774351e-01 
1.610943e-03 7.160398e-01 
1.819321e-02 3.607493e-01 
6.437955e-03 1.202799e-01 
-2.165513e-03 -3.822705e-02 
-4.414506e-03 -9.073035e-02 
1.393105e-03 -9.388372e-03 
4.107039e-03 7.031225e-02 
6.112104e-03 1.607489e-01 
5.001871e-01 8.085900e-01 
1.094067e-02 7.407364e-01 
1.876263e-02 4.611924e-01 
6.034359e-03 9.817766e-02 
-5.657242e-03 -1.303608e-01 
-1.098200e-02 -2.227893e-01 
-9.470240e-03 -1.799736e-01 
-1.624854e-03 -5.104764e-02 
2.579038e-03 4.813810e-02 
2.723866e-03 7.343844e-02 
1.266647e-01 4.690713e-01 
3.930007e-03 4.069954e-01 
9.665812e-03 2.626519e-01 
4.834726e-03 8.389534e-02 
-1.523337e-03 -4.666938e-02 
-4.256596e-03 -9.346026e-02 
-4.341948e-03 -8.040975e-02 
-2.992144e-03 -5.807926e-02 
3.692010e-05 -1.532165e-03 
5.951542e-04 1.563838e-02 
-3.084994e-02 4.654997e-02 
-7.525123e-03 1.483801e-01 
-1.398911e-03 1.980747e-01 
8.089212e-03 1.910954e-01 
7.005425e-03 1.444244e-01 
4.820534e-03 9.078566e-02 
8.928695e-05 4.171734e-03 
-4.636468e-03 -8.926865e-02 
-1.956269e-03 -5.202459e-02 
1.864655e-03 4.991703e-02 
1.537417e-01 -3.893652e-01 
3.405830e-03 -1.916825e-01 
6.185855e-04 -5.846295e-02 
7.978394e-04 9.998508e-03 
1.815952e-03 3.303230e-02 
5.693211e-04 6.395949e-03 
-3.825917e-03 -7.089033e-02 
-6.208150e-03 -1.297465e-01 
-2.282763e-03 -6.699354e-02 
3.801727e-03 1.027316e-01 
7.592035e-01 -5.656174e-01 
3.939353e-02 -4.567708e-01 
2.215220e-03 -3.430252e-01 
-1.122860e-02 -3.007684e-01 
-1.054402e-02 -2.370107e-01 
-1.025136e-02 -2.071699e-01 
-9.229158e-03 -1.769874e-01 
-1.451066e-03 -7.048807e-02 
3.656908e-03 5.100098e-02 
9.241122e-03 2.392203e-01 
1.305300e+00 9.714097e-01 
1.564455e-01 1.192724e+00 
2.554588e-02 8.573593e-01 
1.093278e-02 3.090115e-01 
-3.363287e-04 -1.411016e-02 
-9.793767e-03 -2.059655e-01 
-1.262546e-02 -2.354797e-01 
1.155732e-03 -4.223923e-02 
7.240760e-03 1.214992e-01 
1.164669e-02 3.082435e-01 
6.747258e-01 1.007414e+00 
4.583468e-02 1.042744e+00 
1.846835e-02 7.076803e-01 
9.013658e-03 1.244812e-01 
-3.588108e-03 -2.056425e-01 
-1.265095e-02 -3.502444e-01 
-1.445954e-02 -2.966738e-01 
-2.177779e-03 -7.256710e-02 
3.512385e-03 6.137605e-02 
4.749181e-03 1.288891e-01 
2.033573e-01 5.866080e-01 
2.795873e-02 6.280043e-01 
1.162452e-02 4.613855e-01 
6.254055e-03 1.328842e-01 
3.324626e-04 -5.859669e-02 
-3.215334e-03 -1.184815e-01 
-2.766315e-03 -6.845106e-02 
-8.637197e-04 -2.726658e-04 
-7.340587e-04 -1.778929e-03 
-3.464078e-03 -9.186231e-02 
-3.474075e-02 4.844061e-02 
1.391869e-02 2.236123e-01 
8.996706e-03 2.686236e-01 
3.463936e-03 1.687393e-01 
3.472477e-03 9.429791e-02 
3.833056e-03 6.934447e-02 
3.233348e-03 4.983006e-02 
-2.378259e-03 -1.712636e-02 
-2.894463e-03 -4.817522e-02 
-4.151474e-03 -1.135056e-01 
2.443959e-01 -5.492280e-01 
-1.320866e-02 -2.582111e-01 
-4.692504e-03 -9.055410e-02 
1.611233e-03 -4.601720e-02 
1.100915e-03 -2.391263e-02 
1.546539e-03 -1.178791e-02 
-1.040611e-03 -4.141131e-02 
-6.655465e-03 -1.108776e-01 
-3.286283e-03 -7.358537e-02 
-7.169354e-05 -1.920080e-03 
7.674301e-01 -8.358136e-01 
8.590578e-03 -6.455443e-01 
-1.571934e-02 -4.076195e-01 
-3.264408e-03 -2.525120e-01 
-3.667659e-03 -1.296129e-01 
-2.816111e-03 -6.329328e-02 
-3.604375e-03 -6.077492e-02 
-2.797536e-03 -8.243757e-02 
1.579416e-03 7.115991e-03 
7.016902e-03 1.828716e-01 
