poroelastic
-7.459419e-03 2.052463e-02 
-6.994867e-03 1.777168e-02 
-4.503263e-03 5.806670e-02 
5.170651e-03 1.264332e-01 
5.098298e-03 1.217422e-01 
3.477609e-03 8.344070e-02 
-1.386770e-03 -1.952704e-02 
-5.921747e-03 -1.453190e-01 
-3.122401e-03 -9.352872e-02 
1.134436e-03 3.601549e-02 
9.106110e-02 -4.367503e-01 
-3.017068e-03 -3.361840e-01 
-2.192451e-02 -1.343108e-01 
3.724328e-03 1.042822e-01 
8.379944e-03 1.983105e-01 
8.998405e-03 2.182415e-01 
5.132653e-03 1.328836e-01 
-1.897988e-03 -4.250486e-02 
-2.006008e-03 -5.726588e-02 
-4.138090e-04 -1.313609e-02 
8.179402e-01 -5.418225e-01 
1.094000e-01 -5.847331e-01 
2.847548e-02 -4.576653e-01 
-8.562973e-03 -2.838289e-01 
-6.677051e-03 -1.814095e-01 
-4.534722e-03 -1.210518e-01 
-3.873555e-03 -9.440406e-02 
-3.347645e-03 -8.605437e-02 
-9.010012e-04 -2.988464e-02 
1.574267e-03 4.879865e-02 
9.793139e-01 8.534415e-01 
4.340750e-02 8.115267e-01 
-5.024190e-03 4.887989e-01 
3.582368e-03 1.474322e-01 
-2.052741e-03 -5.233118e-02 
-6.946336e-03 -1.714708e-01 
-7.168104e-03 -1.682302e-01 
2.444527e-03 7.543850e-03 
6.657519e-03 1.563957e-01 
9.927179e-03 3.176123e-01 
1.682165e-01 8.296136e-01 
2.845029e-03 5.401769e-01 
1.761755e-02 1.411738e-01 
4.055616e-04 -2.177127e-01 
-8.314402e-03 -3.664821e-01 
-1.272816e-02 -3.961607e-01 
-1.121824e-02 -2.724767e-01 
1.410517e-03 -7.173480e-03 
5.167244e-03 1.218667e-01 
6.294553e-03 2.027248e-01 
4.613086e-02 3.676196e-01 
1.887990e-04 2.386419e-01 
4.852993e-03 6.522215e-02 
4.566277e-04 -7.241109e-02 
-2.480708e-03 -1.163845e-01 
-3.526936e-03 -1.091512e-01 
-2.120258e-03 -4.897201e-02 
1.401107e-03 2.902444e-02 
9.612736e-04 2.566458e-02 
1.296488e-04 4.023813e-03 
-2.253408e-02 3.986363e-02 
-6.736971e-03 1.189290e-01 
-3.570636e-03 1.657960e-01 
3.241691e-03 1.736562e-01 
4.748281e-03 1.539547e-01 
5.183369e-03 1.213067e-01 
2.588483e-03 4.453750e-02 
-3.983979e-03 -7.182329e-02 
-4.307993e-03 -1.096455e-01 
-3.016253e-03 -9.409168e-02 
8.580552e-02 -4.175574e-01 
-1.377569e-03 -2.406387e-01 
-5.717976e-03 -4.401745e-02 
6.147817e-04 9.908283e-02 
3.668401e-03 1.455537e-01 
5.138757e-03 1.504034e-01 
3.527170e-03 8.200662e-02 
-2.694313e-03 -5.644990e-02 
-2.547885e-03 -6.821490e-02 
-1.179346e-03 -3.665122e-02 
8.732897e-01 -5.467744e-01 
6.267652e-02 -5.268754e-01 
1.171454e-02 -4.199500e-01 
-5.901306e-04 -3.268223e-01 
-4.271648e-03 -2.569949e-01 
-4.587457e-03 -1.859538e-01 
-4.074348e-03 -1.164519e-01 
-2.657465e-03 -6.799138e-02 
2.398650e-04 2.738463e-03 
1.262209e-03 3.755313e-02 
9.760337e-01 8.504892e-01 
8.322492e-02 9.121179e-01 
3.233087e-03 5.501458e-01 
7.529209e-04 8.439272e-02 
-4.284582e-03 -1.766021e-01 
-1.097611e-02 -2.883501e-01 
-1.271688e-02 -2.143145e-01 
4.966377e-03 5.076214e-02 
1.058576e-02 2.444285e-01 
1.219433e-02 3.707216e-01 
1.590599e-01 9.041021e-01 
-3.264346e-03 6.622555e-01 
-6.068892e-03 2.173938e-01 
1.304896e-02 -2.875786e-01 
-8.016038e-04 -5.077924e-01 
-1.200505e-02 -5.460035e-01 
-1.572874e-02 -3.582298e-01 
2.562078e-03 1.012814e-02 
7.290376e-03 1.676122e-01 
6.920783e-03 2.126849e-01 
6.570098e-02 3.806166e-01 
2.129965e-03 2.988463e-01 
-1.941642e-03 1.035392e-01 
3.198325e-03 -1.286928e-01 
-2.115497e-03 -1.941598e-01 
-5.825370e-03 -1.649538e-01 
-3.244682e-03 -2.795193e-02 
6.576009e-03 1.344852e-01 
3.551866e-03 9.479134e-02 
-7.788129e-04 -2.333456e-02 
-1.396760e-02 -2.766202e-02 
4.519733e-03 1.021507e-01 
8.962956e-04 1.501694e-01 
2.016289e-04 1.004561e-01 
2.221051e-03 8.296530e-02 
4.421338e-03 8.492114e-02 
5.552176e-03 7.808906e-02 
-1.395735e-03 1.276406e-02 
-4.558395e-03 -9.204537e-02 
-6.655891e-03 -2.049636e-01 
1.585029e-01 -5.388044e-01 
-3.215205e-03 -2.997516e-01 
8.609788e-04 -7.703235e-02 
-1.721508e-03 4.308413e-02 
9.820474e-04 9.946485e-02 
4.845477e-03 1.407705e-01 
6.842298e-03 1.176781e-01 
-2.397237e-03 -1.797151e-02 
-4.061291e-03 -8.299935e-02 
-5.145458e-03 -1.536289e-01 
6.877369e-01 -7.330023e-01 
2.309618e-02 -5.940040e-01 
-5.164862e-03 -3.460333e-01 
4.403131e-03 -1.716229e-01 
1.041740e-03 -6.934447e-02 
1.943618e-03 6.652506e-03 
2.335121e-03 1.362413e-02 
-4.087337e-03 -8.100776e-02 
-2.127935e-03 -5.177310e-02 
-5.347099e-04 -1.552060e-02 
