poroelastic
2.590371e-02 -1.631906e-01 
1.191625e-02 -2.230915e-01 
-7.445865e-03 -2.055370e-01 
-1.188160e-02 -1.443125e-01 
-4.511194e-03 -7.509350e-02 
2.807139e-03 1.673812e-02 
8.678020e-03 1.301926e-01 
7.675382e-03 1.800945e-01 
1.477552e-03 5.990143e-02 
-7.304570e-03 -2.017932e-01 
1.327661e-01 2.222632e-02 
2.803826e-02 -7.960349e-02 
1.343939e-02 -1.384561e-01 
-1.807854e-02 -1.789082e-01 
-1.481519e-02 -1.765659e-01 
-8.278892e-03 -1.208011e-01 
8.760091e-04 5.507940e-03 
5.528462e-03 1.277455e-01 
1.777369e-03 6.156101e-02 
-5.469979e-03 -1.514282e-01 
-3.345419e-01 1.840120e-01 
-3.524550e-02 2.228184e-01 
-5.530601e-03 1.892068e-01 
9.426373e-03 9.526006e-02 
4.550568e-03 4.427488e-02 
3.090902e-03 2.886051e-02 
4.481429e-03 5.148886e-02 
4.682674e-03 8.814002e-02 
2.120563e-03 5.436637e-02 
-1.348474e-03 -3.639012e-02 
-5.006654e-01 -2.631105e-01 
-3.970927e-02 -3.527563e-01 
-2.099622e-03 -2.713650e-01 
-1.352953e-02 -1.718051e-01 
-6.597233e-03 -8.912926e-02 
-1.905614e-03 -2.447582e-02 
-3.691082e-04 4.307303e-03 
-1.308536e-03 -1.605683e-02 
-1.339501e-03 -2.744236e-02 
-1.018442e-03 -2.843762e-02 
-3.794783e-03 -2.748376e-01 
-8.831713e-03 -1.507860e-01 
-8.412697e-03 8.744373e-03 
7.958583e-03 1.035036e-01 
9.172990e-03 1.371837e-01 
7.566372e-03 1.224973e-01 
3.199481e-03 5.340436e-02 
-1.033760e-03 -3.040465e-02 
-1.940098e-04 -1.622569e-02 
2.509263e-03 7.212972e-02 
-2.073478e-02 -1.323730e-01 
-2.675208e-03 -5.819270e-02 
-1.581825e-05 1.519593e-02 
3.092719e-03 4.942408e-02 
3.324849e-03 5.665769e-02 
2.369721e-03 4.409135e-02 
-3.733528e-04 5.066168e-03 
-2.736207e-03 -4.175982e-02 
-2.051209e-03 -4.452971e-02 
-9.465891e-04 -2.631485e-02 
1.467206e-02 -1.054857e-01 
-3.196862e-03 -1.804849e-01 
-1.051682e-02 -1.868856e-01 
-8.111251e-03 -1.339418e-01 
-3.668117e-03 -7.412824e-02 
1.331047e-03 1.943434e-03 
6.787261e-03 9.537368e-02 
7.403612e-03 1.501404e-01 
3.563745e-03 9.546843e-02 
-1.882854e-03 -5.362737e-02 
9.778087e-02 1.250492e-01 
1.276719e-02 -4.753743e-03 
3.867507e-03 -9.733519e-02 
-1.004842e-02 -1.349320e-01 
-9.282304e-03 -1.366376e-01 
-6.332249e-03 -1.002436e-01 
-1.374008e-03 -1.336023e-02 
2.132527e-03 6.643808e-02 
-4.846869e-04 7.069416e-03 
-5.709243e-03 -1.585885e-01 
-4.845102e-01 3.008068e-01 
-1.346517e-02 2.616936e-01 
1.353714e-03 1.864122e-01 
7.420109e-03 1.061156e-01 
4.378885e-03 6.393111e-02 
3.507652e-03 5.179030e-02 
5.133610e-03 6.869938e-02 
6.031965e-03 9.573437e-02 
4.203669e-03 9.016841e-02 
2.216217e-03 5.951931e-02 
-6.516978e-01 -3.462582e-01 
-9.755793e-02 -4.839605e-01 
-1.893388e-02 -3.596791e-01 
-8.517522e-03 -1.668798e-01 
-2.061454e-03 -4.133401e-02 
1.322494e-03 2.295698e-02 
-1.806375e-04 4.759408e-03 
-6.175235e-03 -9.184292e-02 
-5.350444e-03 -1.149125e-01 
-2.680138e-03 -7.384139e-02 
-1.569455e-02 -4.272819e-01 
-6.205445e-03 -3.053647e-01 
3.127174e-03 -9.186876e-02 
4.402097e-03 1.320592e-01 
9.137972e-03 2.391705e-01 
1.068106e-02 2.487961e-01 
7.035456e-03 1.456331e-01 
3.870235e-04 -1.275286e-02 
5.767187e-04 -6.497261e-03 
4.422101e-03 1.281676e-01 
-7.464876e-02 -1.754822e-01 
-1.126042e-02 -1.288644e-01 
-4.480173e-03 -5.020037e-02 
1.903875e-03 3.088196e-02 
2.852980e-03 4.940471e-02 
1.899021e-03 1.941037e-02 
-2.963232e-03 -6.470407e-02 
-7.543617e-03 -1.429083e-01 
-3.560444e-03 -9.384136e-02 
1.438442e-03 4.195695e-02 
-1.073132e-03 -2.087121e-02 
-5.613967e-03 -1.154410e-01 
-3.294885e-03 -1.215135e-01 
-2.194288e-03 -3.476510e-02 
2.945756e-04 2.419593e-02 
2.230224e-03 6.322109e-02 
3.924247e-03 8.092461e-02 
3.780891e-03 7.188179e-02 
1.859135e-03 4.709496e-02 
9.763034e-06 2.920252e-04 
-2.266022e-02 2.645027e-01 
1.442161e-03 5.320775e-02 
-4.084531e-03 -6.454754e-02 
-2.237198e-03 -5.998437e-02 
-1.918686e-03 -4.339787e-02 
-6.935349e-04 -1.216347e-02 
2.046346e-03 4.192229e-02 
3.284460e-03 8.167077e-02 
3.957117e-04 2.667379e-02 
-3.750295e-03 -1.097847e-01 
-2.559718e-01 4.788325e-01 
1.084049e-02 2.791494e-01 
3.016674e-03 7.198593e-02 
-1.010351e-03 -3.015124e-02 
-3.387932e-03 -7.828422e-02 
-4.068663e-03 -7.770028e-02 
-8.855277e-04 -1.289211e-02 
4.771468e-03 8.282554e-02 
3.363130e-03 8.105089e-02 
-8.531796e-05 -2.408604e-03 
