poroelastic
-1.387891e-02 2.024652e-01 
3.166313e-03 2.901733e-01 
2.266635e-02 1.957474e-01 
-6.563728e-03 -6.534121e-02 
-1.026489e-02 -1.958469e-01 
-8.628794e-03 -2.247513e-01 
-2.795667e-03 -1.317146e-01 
8.702256e-04 3.109449e-02 
1.395452e-03 7.429207e-02 
3.487150e-04 2.039621e-02 
-2.216364e-01 6.801072e-01 
-6.107413e-03 6.856949e-01 
3.904705e-02 4.371741e-01 
-5.497151e-03 -1.237759e-02 
-1.496323e-02 -2.613629e-01 
-1.515763e-02 -3.580943e-01 
-8.296123e-03 -2.788305e-01 
-1.019583e-03 -5.796463e-02 
1.129300e-03 5.060985e-02 
1.265534e-03 6.771768e-02 
-9.238485e-01 7.247605e-01 
-1.060228e-01 8.279579e-01 
-1.094703e-02 6.220674e-01 
1.127481e-02 2.567177e-01 
1.978591e-03 4.043684e-02 
-1.754185e-03 -6.847604e-02 
-6.192623e-04 -6.839183e-02 
1.559284e-03 3.171860e-02 
2.375710e-03 9.410140e-02 
2.408589e-03 1.227758e-01 
-1.055590e+00 -6.914210e-01 
-4.534898e-02 -6.417909e-01 
1.364707e-02 -4.298430e-01 
-9.799979e-03 -2.768517e-01 
-5.549318e-03 -1.608671e-01 
-2.674260e-03 -7.896545e-02 
-1.658800e-03 -3.978814e-02 
-1.825657e-03 -5.086165e-02 
-1.606788e-03 -6.294599e-02 
-1.393036e-03 -7.337560e-02 
-4.128381e-01 -7.180202e-01 
-3.031675e-03 -5.227965e-01 
-3.721489e-03 -2.558869e-01 
-7.199987e-04 -2.509998e-02 
2.459113e-03 9.710174e-02 
3.702701e-03 1.377447e-01 
2.366130e-03 8.879004e-02 
-1.539768e-03 -2.921498e-02 
-2.303158e-03 -8.720992e-02 
-1.813110e-03 -9.428000e-02 
-4.562218e-02 -3.475886e-01 
-1.582627e-03 -1.959980e-01 
-3.760002e-03 -5.679558e-02 
1.607060e-04 2.940130e-02 
1.419740e-03 6.771963e-02 
1.731561e-03 7.249303e-02 
1.220178e-03 4.507205e-02 
2.964657e-04 7.480660e-03 
1.297762e-04 2.928987e-03 
4.050015e-04 1.957159e-02 
7.625691e-03 1.524971e-01 
6.606154e-03 1.493421e-01 
9.693883e-03 6.804690e-02 
-1.946110e-03 -7.998368e-02 
-4.323905e-03 -1.616641e-01 
-5.038049e-03 -1.888105e-01 
-3.650976e-03 -1.413558e-01 
-7.655096e-04 -3.510149e-02 
4.041231e-04 1.674357e-02 
4.534221e-04 2.215093e-02 
-2.115493e-01 6.348158e-01 
-1.735728e-03 5.502089e-01 
1.048505e-02 3.202391e-01 
1.041175e-03 3.869171e-03 
-4.423404e-03 -1.770847e-01 
-6.579835e-03 -2.529464e-01 
-5.283478e-03 -2.002902e-01 
-5.676365e-04 -3.346581e-02 
1.580113e-03 5.961092e-02 
2.078431e-03 9.191187e-02 
-8.869960e-01 7.708763e-01 
-3.543486e-02 7.260361e-01 
1.010583e-03 5.196773e-01 
4.159848e-03 2.524736e-01 
1.498640e-03 7.566560e-02 
-9.858293e-04 -3.255616e-02 
-1.959006e-03 -6.371218e-02 
2.164763e-04 -6.492931e-03 
1.429657e-03 4.714882e-02 
2.209438e-03 9.398784e-02 
-1.111763e+00 -7.183132e-01 
-1.158882e-01 -8.093676e-01 
-9.996917e-03 -5.777642e-01 
-3.595184e-04 -2.866615e-01 
-4.197626e-04 -1.058893e-01 
9.422592e-04 -5.716028e-03 
1.551096e-03 1.266515e-02 
-1.770368e-03 -4.432371e-02 
-2.226920e-03 -7.637134e-02 
-1.968567e-03 -8.618853e-02 
-4.873880e-01 -8.007038e-01 
-2.390141e-02 -7.001447e-01 
-1.372178e-05 -4.154905e-01 
-2.728061e-03 -3.633552e-02 
-7.150208e-04 1.651481e-01 
3.053330e-03 2.340393e-01 
4.935867e-03 1.634865e-01 
-9.082189e-04 -9.131472e-03 
-2.493421e-03 -8.558276e-02 
-1.811708e-03 -8.208660e-02 
-8.925379e-02 -3.910364e-01 
-6.865454e-03 -3.212159e-01 
2.309388e-03 -1.634573e-01 
-2.317281e-03 4.837452e-02 
-4.586158e-06 1.378477e-01 
2.251735e-03 1.398160e-01 
2.119699e-03 5.337483e-02 
-1.975394e-03 -5.857721e-02 
-1.621465e-03 -6.534920e-02 
1.111797e-04 5.147227e-03 
1.066819e-02 8.549152e-02 
-4.630670e-03 -1.306209e-02 
-3.111630e-03 -5.601752e-02 
1.569565e-03 -3.713764e-02 
7.010949e-04 -4.104094e-02 
-6.224817e-05 -5.440311e-02 
-1.135385e-03 -6.187859e-02 
-1.022309e-03 -4.097605e-02 
-7.263055e-05 -6.662630e-03 
6.890661e-04 3.255641e-02 
-2.288117e-01 6.226461e-01 
1.163640e-02 4.121859e-01 
1.684663e-04 2.074914e-01 
1.392559e-03 4.249442e-02 
3.508341e-04 -6.768236e-02 
-1.948439e-03 -1.275490e-01 
-3.546862e-03 -1.131050e-01 
2.080097e-04 -1.248634e-02 
1.810000e-03 5.955216e-02 
2.301413e-03 1.019711e-01 
-6.833374e-01 8.489185e-01 
-6.088338e-03 7.106815e-01 
4.146521e-03 4.363634e-01 
-2.635211e-05 1.873165e-01 
1.473084e-03 9.888900e-03 
-5.544920e-04 -1.050819e-01 
-3.449953e-03 -1.340150e-01 
-1.079924e-03 -4.973836e-02 
1.041584e-03 2.872859e-02 
2.286145e-03 9.645689e-02 
