poroelastic
6.050769e-03 -2.744873e-02 
3.967525e-03 -6.382003e-02 
-1.378626e-03 -5.162225e-02 
2.664094e-03 4.655167e-02 
3.991024e-03 7.742819e-02 
1.951716e-03 4.919410e-02 
-3.174743e-03 -4.728162e-02 
-5.485638e-03 -1.410023e-01 
-2.117292e-03 -7.814685e-02 
3.237576e-03 1.113438e-01 
1.608105e-01 -4.332405e-01 
9.554450e-03 -4.211596e-01 
-2.370386e-02 -2.727599e-01 
1.140398e-03 7.217168e-03 
9.833502e-03 1.573365e-01 
1.087286e-02 2.015314e-01 
5.453389e-03 1.220276e-01 
-1.576338e-03 -3.635938e-02 
-1.679236e-03 -5.462382e-02 
1.074634e-03 3.670154e-02 
7.928420e-01 -5.178192e-01 
1.063379e-01 -6.241395e-01 
2.120036e-02 -4.996039e-01 
-1.245364e-02 -2.459650e-01 
-5.173034e-03 -9.498106e-02 
-1.266641e-03 -1.927449e-02 
-1.730407e-03 -1.616558e-02 
-3.741472e-03 -6.936100e-02 
-2.807882e-03 -7.369788e-02 
-1.137731e-03 -3.765804e-02 
8.451955e-01 6.477037e-01 
2.509582e-02 6.132833e-01 
-7.147967e-03 3.985374e-01 
8.483647e-03 2.088651e-01 
3.064273e-03 7.172966e-02 
-9.142509e-04 -1.936550e-02 
-1.822161e-03 -4.566086e-02 
1.223127e-03 6.053723e-03 
2.252994e-03 4.989562e-02 
2.454859e-03 8.264836e-02 
1.521056e-01 6.321075e-01 
5.654955e-03 4.009507e-01 
1.450859e-02 1.069524e-01 
-2.218895e-03 -1.271303e-01 
-7.890982e-03 -2.361501e-01 
-9.798886e-03 -2.482700e-01 
-6.728618e-03 -1.513235e-01 
1.667012e-03 1.348915e-02 
3.109868e-03 7.540783e-02 
1.641066e-03 5.522481e-02 
-3.125007e-03 2.899790e-01 
6.001284e-03 1.295417e-01 
7.526906e-03 -2.791901e-02 
-1.657094e-03 -1.207700e-01 
-4.682489e-03 -1.497046e-01 
-5.364080e-03 -1.339294e-01 
-3.302822e-03 -6.933142e-02 
1.033902e-03 1.044253e-02 
1.549084e-03 3.513453e-02 
8.733728e-04 2.714958e-02 
3.278574e-03 -4.676750e-02 
2.904973e-05 -2.616227e-02 
-4.773122e-04 -7.874867e-03 
1.164481e-03 3.194242e-02 
1.987050e-03 4.733760e-02 
1.711626e-03 3.593966e-02 
-6.820542e-04 -1.429569e-02 
-3.227011e-03 -7.375748e-02 
-1.674926e-03 -5.193747e-02 
1.300259e-03 4.157835e-02 
1.766968e-01 -4.541112e-01 
6.030893e-03 -3.671558e-01 
-6.707092e-03 -2.126950e-01 
-2.231640e-03 -3.011977e-02 
2.356439e-03 7.231658e-02 
4.188019e-03 1.070684e-01 
2.546523e-03 5.900386e-02 
-1.497556e-03 -3.910270e-02 
-8.481633e-04 -3.022105e-02 
2.083183e-03 6.326011e-02 
9.325556e-01 -6.074835e-01 
4.733717e-02 -5.919494e-01 
8.641320e-03 -4.611999e-01 
-4.932332e-03 -2.893155e-01 
-4.186124e-03 -1.690650e-01 
-2.198724e-03 -8.940372e-02 
-1.734581e-03 -5.140538e-02 
-3.496455e-03 -5.843117e-02 
-2.726321e-03 -6.172091e-02 
-2.080047e-03 -6.145167e-02 
9.775447e-01 7.209341e-01 
8.975963e-02 8.008653e-01 
6.950331e-03 5.396393e-01 
2.077969e-03 1.986403e-01 
-9.971589e-04 -5.506725e-03 
-4.957478e-03 -1.020831e-01 
-5.181915e-03 -7.343457e-02 
4.739652e-03 6.662310e-02 
5.679306e-03 1.258451e-01 
3.749216e-03 1.119071e-01 
1.925615e-01 7.882301e-01 
4.450590e-03 5.870401e-01 
-4.304812e-03 2.358426e-01 
8.651409e-03 -1.705437e-01 
-8.536028e-04 -3.661966e-01 
-9.120243e-03 -3.945933e-01 
-1.035568e-02 -2.367275e-01 
2.215584e-03 2.834176e-02 
3.883184e-03 9.569960e-02 
9.938284e-05 3.011643e-03 
3.248338e-02 3.353750e-01 
1.193061e-04 2.268166e-01 
-3.475077e-03 4.257559e-02 
3.688650e-03 -1.588947e-01 
-2.977110e-03 -2.214143e-01 
-6.810723e-03 -1.807417e-01 
-3.221241e-03 -3.145674e-02 
6.941777e-03 1.255521e-01 
3.832346e-03 1.027559e-01 
-1.614201e-03 -4.874965e-02 
9.284656e-03 -8.617166e-02 
-2.179387e-03 -2.102072e-03 
-1.079658e-03 7.261239e-03 
1.489748e-03 -4.365857e-02 
-1.405544e-04 -5.122252e-02 
-4.938137e-04 -3.264670e-02 
3.481403e-04 1.132429e-03 
2.568556e-04 1.433270e-02 
-5.458835e-04 -6.116045e-03 
-1.384307e-03 -4.264761e-02 
2.648620e-01 -5.791891e-01 
-1.172414e-02 -3.852540e-01 
-2.781972e-03 -2.168957e-01 
-2.161384e-04 -1.053621e-01 
-6.281889e-04 -2.217506e-02 
9.940945e-04 3.141505e-02 
1.889647e-03 3.643271e-02 
-1.067166e-03 -1.613913e-02 
-1.174977e-03 -2.892712e-02 
-6.323029e-06 -1.889769e-04 
7.091256e-01 -7.709693e-01 
1.446505e-02 -6.287463e-01 
-6.893870e-03 -3.767669e-01 
2.437505e-03 -1.853836e-01 
3.952216e-04 -4.734213e-02 
2.548713e-03 3.470686e-02 
3.170935e-03 3.720788e-02 
-3.192426e-03 -4.327817e-02 
-3.260166e-03 -7.081247e-02 
-1.588503e-03 -4.607429e-02 
