poroelastic
6.014620e-03 6.931529e-03 
7.884231e-03 -1.308807e-02 
7.021470e-03 -2.025216e-02 
2.786067e-04 1.083216e-02 
1.424779e-04 1.191650e-02 
-8.695534e-04 -1.699323e-02 
-2.835991e-03 -8.306826e-02 
-3.341751e-03 -1.306689e-01 
-1.128287e-03 -5.505408e-02 
2.608723e-03 1.163179e-01 
3.266649e-03 -2.358294e-01 
-1.117822e-02 -1.968774e-01 
-2.485567e-02 -8.115167e-02 
2.933121e-03 9.724167e-02 
6.760039e-03 1.857842e-01 
6.476757e-03 1.946705e-01 
3.169550e-03 1.050225e-01 
-9.219988e-04 -3.572726e-02 
-9.010708e-04 -4.031218e-02 
1.394979e-03 6.025833e-02 
5.209621e-01 -2.848122e-01 
8.264264e-02 -3.956516e-01 
2.351440e-02 -3.322489e-01 
-3.568630e-03 -1.735404e-01 
-1.922639e-03 -7.225504e-02 
-4.114841e-04 -1.976492e-02 
-8.699340e-04 -2.358181e-02 
-2.423670e-03 -7.305187e-02 
-2.001060e-03 -7.361268e-02 
-8.576721e-04 -3.601964e-02 
4.810092e-01 3.350756e-01 
9.305856e-03 3.069956e-01 
-1.038422e-02 1.907754e-01 
9.006528e-04 1.055654e-01 
5.850834e-04 4.774344e-02 
-9.211868e-05 1.539417e-02 
1.719212e-04 1.921262e-02 
1.727120e-03 5.195200e-02 
1.362909e-03 5.016865e-02 
3.698072e-04 1.579996e-02 
-8.265643e-02 2.738807e-01 
3.000880e-03 8.294815e-02 
1.060383e-02 -9.281719e-02 
1.139891e-03 -1.702117e-01 
-1.822237e-03 -1.845419e-01 
-2.689111e-03 -1.439853e-01 
-1.176009e-03 -4.236130e-02 
1.749758e-03 6.148146e-02 
7.542674e-04 3.893664e-02 
-2.071177e-03 -8.672480e-02 
-3.613880e-02 5.386458e-02 
4.840824e-03 -8.318845e-02 
3.242578e-03 -1.549056e-01 
-9.766367e-04 -1.250689e-01 
-1.879840e-03 -7.886906e-02 
-1.440682e-03 -1.898197e-02 
9.200128e-04 5.349295e-02 
3.101697e-03 9.133490e-02 
1.226850e-03 4.763317e-02 
-1.332575e-03 -5.119280e-02 
8.133851e-03 -2.550998e-02 
2.490666e-03 -1.881271e-02 
2.589990e-03 -7.478813e-03 
1.168042e-03 1.745918e-02 
1.159319e-03 2.256599e-02 
1.052315e-03 8.377515e-03 
-3.222476e-04 -3.353870e-02 
-2.567625e-03 -7.960432e-02 
-1.769559e-03 -6.423208e-02 
7.868573e-05 3.071136e-03 
3.028668e-02 -2.275679e-01 
-6.162675e-04 -1.664732e-01 
-5.763554e-03 -6.475539e-02 
-2.211424e-03 4.247877e-02 
4.940454e-04 9.671977e-02 
1.567505e-03 1.040085e-01 
1.058727e-03 5.052870e-02 
-7.406215e-04 -2.894471e-02 
-8.981412e-05 -8.191896e-03 
2.450809e-03 8.932980e-02 
5.753719e-01 -3.178706e-01 
4.109490e-02 -3.897612e-01 
1.052764e-02 -3.251546e-01 
2.699992e-03 -1.947763e-01 
5.304845e-04 -9.794384e-02 
9.633454e-04 -3.143267e-02 
1.244847e-03 -5.684439e-03 
-1.460763e-03 -3.279512e-02 
-2.097863e-03 -6.212463e-02 
-2.610947e-03 -9.287364e-02 
4.635124e-01 3.106626e-01 
3.628921e-02 3.210969e-01 
-1.137082e-03 1.969836e-01 
-3.269014e-03 6.680403e-02 
-2.044285e-03 -4.610395e-04 
-2.614417e-03 -1.406878e-02 
-1.649264e-03 3.682522e-02 
4.224376e-03 1.197914e-01 
2.951641e-03 9.746130e-02 
-4.218758e-04 -1.526170e-02 
-1.721212e-01 2.858557e-01 
-1.451730e-02 7.854115e-02 
-6.420283e-03 -1.121559e-01 
1.276485e-02 -2.338782e-01 
5.422216e-03 -2.645635e-01 
1.481194e-04 -2.104185e-01 
-4.167897e-04 -5.899442e-02 
2.857146e-03 9.710117e-02 
4.226294e-04 3.878780e-02 
-5.208440e-03 -1.895276e-01 
-3.054408e-02 2.604282e-04 
-2.616448e-03 -1.251263e-01 
3.028487e-03 -1.824828e-01 
-2.137782e-04 -1.568464e-01 
-3.724553e-03 -9.561011e-02 
-4.978547e-03 5.786953e-04 
1.653788e-04 1.330396e-01 
7.724230e-03 2.085410e-01 
2.802199e-03 1.056462e-01 
-3.422559e-03 -1.249897e-01 
2.030667e-02 -8.766167e-02 
-5.569421e-03 -6.138358e-02 
-2.057557e-03 -3.843851e-02 
4.690850e-03 -3.081580e-02 
2.982420e-03 -2.304079e-02 
2.932536e-03 -1.419390e-02 
2.414235e-03 -1.041640e-02 
-1.753764e-03 -2.749030e-02 
-2.416026e-03 -6.498444e-02 
-2.936482e-03 -1.094908e-01 
6.896429e-02 -2.968652e-01 
2.140028e-03 -1.974663e-01 
3.399822e-03 -7.951685e-02 
-4.323725e-03 3.339274e-03 
-2.792143e-03 5.065036e-02 
-1.247451e-03 7.042760e-02 
2.413188e-04 5.205306e-02 
5.332681e-04 6.684439e-03 
4.912982e-04 8.747585e-03 
1.538626e-03 5.492992e-02 
3.394692e-01 -3.449473e-01 
1.361359e-02 -3.016362e-01 
-5.181683e-04 -1.675703e-01 
4.040507e-03 -6.564296e-02 
1.776617e-03 -1.855588e-03 
2.507992e-03 2.667730e-02 
2.434034e-03 3.777152e-03 
-2.550959e-03 -5.977168e-02 
-2.315501e-03 -6.829573e-02 
-7.872485e-04 -2.735872e-02 
