poroelastic
2.852784e-02 -1.950226e-02 
3.076629e-02 -2.632162e-02 
2.188560e-02 -8.192068e-02 
-2.226669e-02 -1.975045e-01 
-1.929032e-02 -2.252670e-01 
-1.122475e-02 -1.708091e-01 
3.375461e-04 -2.235798e-02 
4.566739e-03 1.291076e-01 
1.353608e-03 8.488003e-02 
-2.532979e-03 -1.274520e-01 
9.606241e-03 3.642979e-01 
3.429461e-02 2.861804e-01 
4.436781e-02 1.125148e-01 
-2.114893e-02 -1.537863e-01 
-2.706228e-02 -2.847859e-01 
-2.182949e-02 -2.940719e-01 
-7.925758e-03 -1.563518e-01 
2.426201e-03 5.792882e-02 
1.646851e-03 7.639932e-02 
-1.381071e-03 -6.705325e-02 
-6.805920e-01 5.318899e-01 
-6.034796e-02 5.769289e-01 
3.908262e-03 4.323217e-01 
1.532760e-02 1.648333e-01 
2.549734e-03 1.905911e-02 
-1.173469e-03 -4.028607e-02 
2.124175e-03 -1.529246e-02 
4.625835e-03 6.993982e-02 
2.982343e-03 8.593157e-02 
8.246629e-04 3.765739e-02 
-1.000566e+00 -5.355034e-01 
-6.238811e-02 -6.214959e-01 
3.691184e-03 -4.690996e-01 
-2.790124e-02 -3.223450e-01 
-1.506651e-02 -1.933573e-01 
-6.875020e-03 -8.928920e-02 
-3.832233e-03 -3.275695e-02 
-3.620453e-03 -4.518020e-02 
-2.426497e-03 -5.726856e-02 
-1.488552e-03 -7.014305e-02 
-3.083138e-01 -5.908581e-01 
-1.784527e-02 -4.455068e-01 
-1.363362e-02 -2.027026e-01 
7.922945e-04 -5.910447e-03 
6.501351e-03 9.879243e-02 
7.303562e-03 1.290375e-01 
3.138340e-03 7.444274e-02 
-2.172061e-03 -3.439829e-02 
-1.556929e-03 -5.101869e-02 
-8.017395e-06 -3.911919e-04 
-8.274348e-02 -3.229764e-01 
-4.938374e-03 -2.114329e-01 
-4.639203e-03 -8.941450e-02 
-3.031344e-04 -7.148977e-03 
1.998545e-03 3.342445e-02 
2.357798e-03 4.396395e-02 
6.214188e-04 2.104463e-02 
-1.333014e-03 -1.863140e-02 
-8.804067e-04 -2.293176e-02 
-3.605602e-04 -1.625382e-02 
3.295939e-02 -1.093815e-02 
1.115918e-02 -7.935399e-02 
2.696776e-03 -1.429018e-01 
-1.559590e-02 -2.010176e-01 
-1.323030e-02 -2.055979e-01 
-8.335054e-03 -1.577642e-01 
-3.968397e-04 -4.323285e-02 
3.789381e-03 8.115295e-02 
2.233373e-03 8.457626e-02 
-3.871640e-04 -1.867805e-02 
-6.286131e-03 4.405012e-01 
2.325679e-02 2.868736e-01 
1.855354e-02 7.821562e-02 
-1.195477e-02 -1.369332e-01 
-1.682440e-02 -2.401034e-01 
-1.493777e-02 -2.497643e-01 
-7.021800e-03 -1.451125e-01 
1.087081e-03 2.311045e-02 
1.295804e-03 5.167453e-02 
-8.338192e-04 -3.635176e-02 
-7.741597e-01 6.891067e-01 
-7.274684e-03 5.598143e-01 
1.065380e-02 3.658006e-01 
1.053457e-02 1.519073e-01 
2.780762e-03 3.692055e-02 
7.404373e-05 -1.184762e-02 
2.053945e-03 1.658279e-03 
4.541991e-03 5.992349e-02 
3.440150e-03 8.669712e-02 
1.939810e-03 8.163594e-02 
-1.178449e+00 -6.517066e-01 
-1.676469e-01 -8.682765e-01 
-3.483792e-02 -6.673430e-01 
-1.895711e-02 -3.573258e-01 
-7.296633e-03 -1.421375e-01 
-7.993756e-04 -1.187889e-02 
-4.786795e-04 1.169761e-02 
-5.929855e-03 -7.796471e-02 
-4.561790e-03 -1.124784e-01 
-2.374810e-03 -1.026322e-01 
-4.146466e-01 -7.880836e-01 
-4.354406e-02 -7.012050e-01 
-1.433704e-02 -4.053611e-01 
-1.154759e-04 -1.463223e-02 
7.247575e-03 2.029888e-01 
1.119748e-02 2.769938e-01 
8.466306e-03 1.915676e-01 
-4.490681e-04 -5.172096e-03 
-1.194338e-03 -4.751317e-02 
6.287542e-04 2.937852e-02 
-1.529667e-01 -4.039028e-01 
-2.651845e-02 -3.650707e-01 
-1.174459e-02 -2.251614e-01 
-6.673385e-04 -2.117219e-02 
2.937171e-03 6.944503e-02 
3.667212e-03 7.593695e-02 
-4.901848e-04 -6.073092e-03 
-5.605944e-03 -1.119814e-01 
-2.375035e-03 -8.732622e-02 
4.897414e-04 2.422984e-02 
1.999436e-02 3.860329e-04 
-1.143052e-02 -1.450885e-01 
-9.903864e-03 -1.836385e-01 
-4.078101e-03 -1.036218e-01 
-2.090131e-03 -4.973838e-02 
-6.199748e-04 -1.240129e-02 
9.218463e-04 1.586454e-02 
1.668072e-03 3.295713e-02 
8.995450e-04 3.151569e-02 
4.826574e-05 2.483243e-03 
-1.137219e-01 5.485698e-01 
1.285409e-02 2.398976e-01 
-3.288972e-04 2.492165e-02 
-2.190710e-03 -6.308789e-02 
-4.216522e-03 -1.031238e-01 
-4.358080e-03 -9.834464e-02 
-7.953489e-04 -2.950014e-02 
3.744587e-03 7.338437e-02 
2.127973e-03 7.689315e-02 
-2.126920e-04 -1.047222e-02 
-5.172355e-01 9.055698e-01 
2.154539e-02 6.208402e-01 
1.035203e-02 2.751621e-01 
1.806557e-03 2.812970e-02 
-3.967222e-03 -1.134666e-01 
-7.136228e-03 -1.711199e-01 
-4.958792e-03 -1.213480e-01 
2.546754e-03 2.225699e-02 
2.890222e-03 7.953282e-02 
1.251433e-03 5.895667e-02 
