poroelastic
3.651051e-02 -4.453555e-02 
3.676714e-02 -5.861876e-02 
2.375536e-02 -1.059987e-01 
-2.811538e-02 -2.087672e-01 
-2.378040e-02 -2.303961e-01 
-1.384536e-02 -1.721751e-01 
-3.743919e-05 -2.480385e-02 
4.694143e-03 1.253037e-01 
5.212374e-04 8.125367e-02 
-2.047729e-03 -1.368104e-01 
1.718466e-02 3.089143e-01 
3.592274e-02 2.413735e-01 
4.392997e-02 9.879109e-02 
-2.260227e-02 -1.373438e-01 
-2.922174e-02 -2.580400e-01 
-2.357602e-02 -2.679129e-01 
-8.059955e-03 -1.416357e-01 
3.076451e-03 6.113373e-02 
1.411780e-03 7.884373e-02 
-9.790073e-04 -6.328009e-02 
-6.113260e-01 4.889913e-01 
-4.917313e-02 5.230845e-01 
9.887874e-03 3.954822e-01 
1.615595e-02 1.449437e-01 
1.875491e-03 1.015492e-02 
-2.022724e-03 -4.355900e-02 
1.825992e-03 -2.087732e-02 
4.752894e-03 5.761231e-02 
2.576115e-03 7.392534e-02 
4.267127e-04 2.534373e-02 
-9.604075e-01 -5.114796e-01 
-6.268815e-02 -6.174055e-01 
-1.121122e-03 -4.703623e-01 
-3.493204e-02 -3.226131e-01 
-1.807782e-02 -1.890126e-01 
-7.540425e-03 -7.929416e-02 
-3.840245e-03 -1.984038e-02 
-3.951476e-03 -3.446214e-02 
-2.429384e-03 -4.873460e-02 
-1.106271e-03 -6.837316e-02 
-3.092793e-01 -5.700912e-01 
-2.249221e-02 -4.419200e-01 
-1.688448e-02 -2.049440e-01 
6.030066e-04 -1.303186e-02 
7.646803e-03 9.168390e-02 
8.502744e-03 1.237320e-01 
3.227312e-03 7.164082e-02 
-2.793222e-03 -3.555146e-02 
-1.554518e-03 -5.070331e-02 
-6.299305e-05 -4.204301e-03 
-9.302156e-02 -3.318133e-01 
-7.016518e-03 -2.336545e-01 
-7.005623e-03 -1.113047e-01 
-1.479851e-03 -2.122044e-02 
2.086221e-03 2.759459e-02 
2.944938e-03 4.579990e-02 
8.883433e-04 2.851556e-02 
-1.616061e-03 -1.172211e-02 
-1.136054e-03 -2.265650e-02 
-5.294298e-04 -3.195410e-02 
3.902508e-02 -3.832177e-02 
1.236287e-02 -1.151567e-01 
-2.110753e-04 -1.749120e-01 
-2.210136e-02 -2.235002e-01 
-1.708981e-02 -2.163017e-01 
-9.404252e-03 -1.557189e-01 
1.438759e-03 -2.971419e-02 
5.335033e-03 9.959192e-02 
2.260975e-03 9.782838e-02 
-3.116001e-04 -2.169122e-02 
1.906462e-02 4.117170e-01 
3.056763e-02 2.593866e-01 
2.199272e-02 6.115194e-02 
-1.710171e-02 -1.408054e-01 
-2.170580e-02 -2.375151e-01 
-1.853019e-02 -2.458344e-01 
-8.795390e-03 -1.472220e-01 
4.971165e-04 1.392776e-02 
6.109647e-04 4.157094e-02 
-8.014155e-04 -4.844267e-02 
-7.598695e-01 6.809157e-01 
-5.138760e-04 5.134171e-01 
1.155584e-02 3.221845e-01 
1.275036e-02 1.232682e-01 
3.973391e-03 3.140811e-02 
2.091021e-03 4.224030e-03 
5.423325e-03 2.914211e-02 
6.568691e-03 7.908365e-02 
3.648431e-03 9.425248e-02 
1.243245e-03 7.266571e-02 
-1.207965e+00 -6.590697e-01 
-1.867774e-01 -9.158364e-01 
-4.718458e-02 -7.170626e-01 
-2.979722e-02 -3.885051e-01 
-1.085297e-02 -1.499462e-01 
-1.195006e-03 -8.562924e-05 
-1.082565e-03 3.100806e-02 
-7.569949e-03 -7.246164e-02 
-5.119171e-03 -1.187024e-01 
-1.978959e-03 -1.205719e-01 
-4.520667e-01 -8.155892e-01 
-5.792457e-02 -7.479362e-01 
-2.491315e-02 -4.465137e-01 
1.637690e-03 -3.269730e-02 
1.164702e-02 2.075757e-01 
1.585062e-02 2.960679e-01 
1.093017e-02 2.127334e-01 
-6.315477e-04 4.213307e-04 
-1.241532e-03 -5.220862e-02 
2.308738e-04 1.632768e-02 
-1.731565e-01 -4.441343e-01 
-3.588262e-02 -4.249622e-01 
-1.881807e-02 -2.797997e-01 
-2.575492e-03 -4.823642e-02 
3.465560e-03 6.645416e-02 
4.718718e-03 9.131673e-02 
-1.832991e-04 1.792325e-02 
-5.490396e-03 -9.609462e-02 
-1.860383e-03 -8.093926e-02 
2.177321e-04 1.788397e-02 
2.685027e-02 -2.631727e-02 
-1.621913e-02 -1.881418e-01 
-1.617512e-02 -2.272764e-01 
-7.432716e-03 -1.293170e-01 
-2.989874e-03 -5.731707e-02 
-1.149824e-04 -5.620559e-03 
1.887603e-03 2.913089e-02 
1.621196e-03 3.830302e-02 
3.420099e-04 2.511782e-02 
-2.200901e-04 -1.991553e-02 
-1.079613e-01 5.502817e-01 
1.488295e-02 2.134025e-01 
-1.118036e-03 -4.781211e-03 
-4.363169e-03 -7.561422e-02 
-5.288919e-03 -9.821220e-02 
-3.840647e-03 -7.820576e-02 
1.566861e-03 -1.730277e-04 
4.947625e-03 9.711667e-02 
1.680256e-03 8.495529e-02 
-3.274935e-04 -2.833885e-02 
-4.919019e-01 9.518349e-01 
3.149536e-02 6.171935e-01 
1.307950e-02 2.459968e-01 
-7.138347e-04 -7.065335e-03 
-7.604580e-03 -1.412525e-01 
-9.621264e-03 -1.850488e-01 
-4.337011e-03 -1.169852e-01 
3.986469e-03 3.868364e-02 
2.805921e-03 9.023868e-02 
5.686631e-04 4.721131e-02 
