poroelastic
-1.131211e-02 1.951335e-01 
6.156888e-03 2.795243e-01 
2.491437e-02 1.845847e-01 
-7.909028e-03 -7.541347e-02 
-1.162749e-02 -2.035599e-01 
-9.606282e-03 -2.293752e-01 
-3.004081e-03 -1.330266e-01 
1.052099e-03 3.197396e-02 
1.380925e-03 7.474344e-02 
2.645034e-04 1.704914e-02 
-2.147147e-01 6.692097e-01 
-3.436874e-03 6.731961e-01 
4.138737e-02 4.281455e-01 
-6.266755e-03 -1.596528e-02 
-1.639025e-02 -2.609635e-01 
-1.640022e-02 -3.546636e-01 
-8.762354e-03 -2.741191e-01 
-8.314606e-04 -5.454046e-02 
1.170825e-03 5.118413e-02 
1.078559e-03 6.311781e-02 
-9.106454e-01 7.199634e-01 
-1.023393e-01 8.167088e-01 
-8.664709e-03 6.112559e-01 
1.215691e-02 2.476662e-01 
1.970988e-03 3.530796e-02 
-1.913427e-03 -6.970561e-02 
-4.275158e-04 -6.726289e-02 
1.925074e-03 3.241616e-02 
2.438789e-03 9.331841e-02 
2.149803e-03 1.185404e-01 
-1.063077e+00 -6.852078e-01 
-4.536682e-02 -6.422598e-01 
1.328771e-02 -4.347267e-01 
-1.180977e-02 -2.837267e-01 
-6.554700e-03 -1.658394e-01 
-3.152199e-03 -8.079794e-02 
-1.980803e-03 -3.898080e-02 
-2.098044e-03 -4.997062e-02 
-1.703760e-03 -6.361384e-02 
-1.371895e-03 -7.795448e-02 
-4.159394e-01 -7.146296e-01 
-4.712457e-03 -5.265416e-01 
-4.722724e-03 -2.618329e-01 
-9.141569e-04 -3.132205e-02 
2.699093e-03 9.307904e-02 
4.004949e-03 1.364157e-01 
2.368830e-03 8.983424e-02 
-1.790651e-03 -2.721637e-02 
-2.349851e-03 -8.539159e-02 
-1.690994e-03 -9.501054e-02 
-5.184054e-02 -3.520097e-01 
-1.909357e-03 -2.035275e-01 
-3.901545e-03 -6.536800e-02 
2.534033e-04 2.194607e-02 
1.588431e-03 6.245186e-02 
1.921762e-03 6.972703e-02 
1.352906e-03 4.465945e-02 
3.176241e-04 7.905422e-03 
1.044771e-04 1.940634e-03 
2.709465e-04 1.394100e-02 
9.893032e-03 1.477793e-01 
8.045275e-03 1.422502e-01 
1.072632e-02 5.983148e-02 
-3.067276e-03 -8.901125e-02 
-5.439731e-03 -1.691903e-01 
-5.908829e-03 -1.933435e-01 
-3.967358e-03 -1.416915e-01 
-6.698556e-04 -3.231095e-02 
4.587481e-04 1.905349e-02 
3.801896e-04 2.003103e-02 
-2.047249e-01 6.310829e-01 
5.947318e-05 5.450429e-01 
1.227600e-02 3.143366e-01 
5.481603e-04 -1.674081e-03 
-5.478338e-03 -1.810313e-01 
-7.514981e-03 -2.545499e-01 
-5.571295e-03 -1.995938e-01 
-3.715365e-04 -3.193105e-02 
1.645114e-03 6.006347e-02 
1.898442e-03 8.889698e-02 
-8.831628e-01 7.762372e-01 
-3.155833e-02 7.176868e-01 
2.571368e-03 5.089916e-01 
5.252764e-03 2.427130e-01 
1.671953e-03 7.001436e-02 
-1.070082e-03 -3.352043e-02 
-1.846718e-03 -6.108310e-02 
4.755741e-04 -3.749888e-03 
1.509206e-03 4.781446e-02 
2.006182e-03 9.038967e-02 
-1.127715e+00 -7.224137e-01 
-1.205078e-01 -8.238746e-01 
-1.222623e-02 -5.933088e-01 
-2.014149e-03 -2.978072e-01 
-1.027025e-03 -1.113047e-01 
7.807218e-04 -5.825465e-03 
1.440497e-03 1.593607e-02 
-1.995334e-03 -4.204172e-02 
-2.317959e-03 -7.641000e-02 
-1.938577e-03 -8.972006e-02 
-5.018078e-01 -8.105874e-01 
-2.689619e-02 -7.154790e-01 
-1.966836e-03 -4.301737e-01 
-2.560159e-03 -4.449014e-02 
-1.511776e-04 1.630793e-01 
3.678200e-03 2.362252e-01 
5.218306e-03 1.676362e-01 
-1.094450e-03 -6.646809e-03 
-2.565390e-03 -8.507660e-02 
-1.743821e-03 -8.394624e-02 
-9.656351e-02 -4.020772e-01 
-8.827169e-03 -3.373503e-01 
1.353521e-03 -1.789137e-01 
-1.988589e-03 3.949206e-02 
4.102868e-04 1.338554e-01 
2.550894e-03 1.395964e-01 
2.134344e-03 5.577149e-02 
-2.045533e-03 -5.589846e-02 
-1.549052e-03 -6.356138e-02 
9.635744e-05 4.789224e-03 
1.250122e-02 8.044887e-02 
-5.011786e-03 -2.155208e-02 
-3.492791e-03 -6.515104e-02 
1.301449e-03 -4.390244e-02 
4.570321e-04 -4.518518e-02 
-2.997750e-04 -5.610143e-02 
-1.272991e-03 -6.129235e-02 
-9.921824e-04 -3.957476e-02 
-3.924047e-05 -6.346730e-03 
5.911341e-04 3.004131e-02 
-2.272181e-01 6.247159e-01 
1.261408e-02 4.088159e-01 
1.018804e-03 2.026412e-01 
1.384912e-03 3.868216e-02 
-5.043233e-05 -6.981595e-02 
-2.384269e-03 -1.274760e-01 
-3.560139e-03 -1.103518e-01 
5.631648e-04 -7.965132e-03 
1.955621e-03 6.300976e-02 
2.140814e-03 1.016529e-01 
-6.796712e-01 8.635112e-01 
-3.891923e-03 7.150047e-01 
5.238710e-03 4.336789e-01 
9.362407e-04 1.793789e-01 
1.431266e-03 9.722881e-04 
-1.016917e-03 -1.124855e-01 
-3.748685e-03 -1.377013e-01 
-9.122934e-04 -4.882724e-02 
1.159460e-03 3.047581e-02 
2.116245e-03 9.559240e-02 
