poroelastic
8.000475e-03 -3.513691e-02 
5.683736e-03 -7.454691e-02 
-4.437801e-04 -6.187415e-02 
2.000665e-03 3.874887e-02 
3.416626e-03 7.183242e-02 
1.748784e-03 4.602594e-02 
-2.865178e-03 -4.797072e-02 
-5.327627e-03 -1.400208e-01 
-2.259496e-03 -7.694520e-02 
3.422077e-03 1.108707e-01 
1.638793e-01 -4.496706e-01 
1.046407e-02 -4.366628e-01 
-2.344139e-02 -2.808822e-01 
8.450773e-04 8.070948e-03 
9.216987e-03 1.626852e-01 
1.042429e-02 2.089831e-01 
5.562325e-03 1.290960e-01 
-1.293581e-03 -3.161497e-02 
-1.638557e-03 -5.140228e-02 
1.189776e-03 3.831426e-02 
8.163400e-01 -5.294895e-01 
1.111931e-01 -6.424580e-01 
2.364620e-02 -5.148066e-01 
-1.126303e-02 -2.559422e-01 
-4.836348e-03 -1.002044e-01 
-1.119062e-03 -2.102232e-02 
-1.447891e-03 -1.672256e-02 
-3.586254e-03 -7.164504e-02 
-2.949630e-03 -7.753313e-02 
-1.382746e-03 -4.337354e-02 
8.568802e-01 6.567473e-01 
2.533962e-02 6.171532e-01 
-8.892955e-03 3.981465e-01 
7.083846e-03 2.071692e-01 
2.672220e-03 7.181306e-02 
-8.294015e-04 -1.648105e-02 
-1.663864e-03 -4.023546e-02 
1.250523e-03 1.181707e-02 
2.327204e-03 5.434100e-02 
2.634505e-03 8.417909e-02 
1.465489e-01 6.411573e-01 
4.049903e-03 4.015934e-01 
1.399262e-02 1.031802e-01 
-1.170579e-03 -1.332117e-01 
-6.898101e-03 -2.420281e-01 
-9.060852e-03 -2.528179e-01 
-6.585117e-03 -1.536159e-01 
1.386098e-03 1.307920e-02 
3.049899e-03 7.537286e-02 
1.679186e-03 5.350760e-02 
-6.738945e-03 2.865720e-01 
5.317464e-03 1.219489e-01 
7.350705e-03 -3.659886e-02 
-1.014697e-03 -1.266306e-01 
-4.097542e-03 -1.519650e-01 
-4.865300e-03 -1.325144e-01 
-3.017102e-03 -6.499990e-02 
1.082515e-03 1.484458e-02 
1.540808e-03 3.635029e-02 
7.440505e-04 2.208945e-02 
4.718796e-03 -5.292978e-02 
4.763039e-04 -3.457032e-02 
-3.345487e-04 -1.619660e-02 
7.855300e-04 2.462514e-02 
1.632909e-03 4.228338e-02 
1.588007e-03 3.402723e-02 
-4.240654e-04 -1.251222e-02 
-2.978410e-03 -6.982280e-02 
-1.649817e-03 -4.894734e-02 
1.338549e-03 4.050762e-02 
1.821546e-01 -4.623197e-01 
7.195474e-03 -3.748762e-01 
-5.598908e-03 -2.175971e-01 
-2.309846e-03 -3.145264e-02 
1.926153e-03 7.332317e-02 
3.834940e-03 1.094920e-01 
2.496581e-03 6.128675e-02 
-1.516427e-03 -3.881552e-02 
-9.932527e-04 -3.159273e-02 
2.063615e-03 5.985906e-02 
9.378761e-01 -6.104780e-01 
5.144102e-02 -6.078069e-01 
9.683738e-03 -4.757688e-01 
-3.046160e-03 -2.990869e-01 
-3.322619e-03 -1.722641e-01 
-1.615746e-03 -8.681931e-02 
-1.067361e-03 -4.590452e-02 
-3.084955e-03 -5.490681e-02 
-2.666552e-03 -6.086573e-02 
-2.286419e-03 -6.446478e-02 
9.722896e-01 7.208124e-01 
8.620666e-02 7.914378e-01 
4.618839e-03 5.293500e-01 
7.952605e-04 1.924361e-01 
-1.135348e-03 -6.243120e-03 
-4.716402e-03 -9.837127e-02 
-5.183743e-03 -6.824293e-02 
4.332740e-03 6.847015e-02 
5.533729e-03 1.250215e-01 
3.796005e-03 1.083322e-01 
1.803758e-01 7.820794e-01 
1.127137e-03 5.762895e-01 
-5.809790e-03 2.253984e-01 
1.044869e-02 -1.759038e-01 
7.904579e-04 -3.663417e-01 
-7.714708e-03 -3.915059e-01 
-9.721132e-03 -2.332450e-01 
1.987234e-03 2.861518e-02 
3.819712e-03 9.399448e-02 
-2.153918e-05 -6.220405e-04 
2.730820e-02 3.254731e-01 
-1.387054e-03 2.128000e-01 
-3.733817e-03 3.029998e-02 
4.476946e-03 -1.642658e-01 
-2.253506e-03 -2.216159e-01 
-6.359822e-03 -1.773729e-01 
-3.245666e-03 -2.680704e-02 
6.842776e-03 1.285333e-01 
4.003722e-03 1.042258e-01 
-1.739593e-03 -4.980013e-02 
1.069739e-02 -9.117827e-02 
-2.736059e-03 -1.006115e-02 
-1.311767e-03 9.361368e-05 
1.926702e-03 -4.756910e-02 
1.587323e-04 -5.225328e-02 
-2.570128e-04 -3.182192e-02 
5.145797e-04 2.190245e-03 
2.431304e-04 1.374763e-02 
-6.160135e-04 -8.299806e-03 
-1.614807e-03 -4.708940e-02 
2.640951e-01 -5.777267e-01 
-1.056424e-02 -3.888679e-01 
-1.812303e-03 -2.197112e-01 
1.038872e-04 -1.052984e-01 
-6.593556e-04 -1.994058e-02 
8.893253e-04 3.527246e-02 
2.010677e-03 4.083668e-02 
-8.455754e-04 -1.275398e-02 
-1.145628e-03 -2.742331e-02 
-7.076267e-05 -2.003259e-03 
7.099713e-01 -7.591101e-01 
1.668310e-02 -6.277056e-01 
-5.738726e-03 -3.801206e-01 
3.690203e-03 -1.906390e-01 
6.591475e-04 -5.197976e-02 
2.475463e-03 3.199343e-02 
3.356164e-03 3.701324e-02 
-2.891891e-03 -4.158949e-02 
-3.239346e-03 -6.987422e-02 
-1.770305e-03 -4.864382e-02 
