poroelastic
3.536415e-03 -1.998901e-01 
-1.957911e-02 -2.597266e-01 
-3.719363e-02 -1.730495e-01 
5.168710e-03 6.375981e-03 
1.492539e-02 1.209448e-01 
1.918414e-02 1.934610e-01 
1.695133e-02 2.127131e-01 
7.452660e-03 1.455337e-01 
-3.257768e-04 1.934604e-02 
-6.398232e-03 -1.532171e-01 
1.462693e-01 -2.712496e-01 
4.969614e-03 -3.226285e-01 
-2.075465e-02 -2.424577e-01 
-7.023992e-03 -8.544761e-02 
3.118444e-03 1.204598e-02 
8.479657e-03 8.006755e-02 
9.985449e-03 1.236479e-01 
5.788254e-03 1.130339e-01 
2.838644e-04 2.580067e-02 
-4.821010e-03 -1.183571e-01 
1.030363e-01 -2.158306e-01 
-5.579437e-03 -1.802197e-01 
-1.448283e-02 -8.861584e-02 
2.184733e-03 8.076710e-03 
6.233943e-03 5.709184e-02 
7.245081e-03 7.905770e-02 
6.046387e-03 7.985811e-02 
2.559673e-03 5.390491e-02 
-5.706523e-04 1.446220e-03 
-2.909459e-03 -6.970665e-02 
2.362311e-01 7.427044e-02 
1.362105e-02 6.384178e-02 
-9.754069e-03 6.677616e-02 
8.945375e-03 8.125454e-02 
8.364432e-03 8.413813e-02 
7.021901e-03 7.775404e-02 
5.150115e-03 5.564616e-02 
2.483198e-03 2.463821e-02 
1.586304e-03 2.259269e-02 
1.882360e-03 4.660655e-02 
3.114302e-01 1.578827e-01 
3.910444e-03 2.318491e-01 
3.826080e-03 2.515611e-01 
1.679589e-02 1.914378e-01 
1.034943e-02 1.271598e-01 
4.610202e-03 5.834877e-02 
-2.042478e-04 -1.341719e-02 
-1.072060e-03 -4.554842e-02 
1.620916e-03 7.503930e-03 
4.820490e-03 1.241860e-01 
6.920630e-02 1.206175e-01 
7.349347e-04 1.486050e-01 
6.363426e-03 1.482352e-01 
8.588115e-03 1.101243e-01 
5.551837e-03 7.531927e-02 
2.549189e-03 3.808291e-02 
-1.588928e-03 -1.045789e-02 
-3.991712e-03 -5.123688e-02 
-2.366408e-03 -4.516328e-02 
-3.907615e-04 -9.668124e-03 
-1.867248e-02 -1.218863e-01 
-1.899472e-02 -1.533299e-01 
-2.145997e-02 -1.003681e-01 
4.398520e-03 1.559111e-02 
1.042780e-02 1.015971e-01 
1.445433e-02 1.650379e-01 
1.550379e-02 1.935049e-01 
9.533217e-03 1.589440e-01 
3.193318e-03 7.666419e-02 
-1.793187e-03 -4.657038e-02 
1.332519e-01 -2.011709e-01 
-5.796562e-04 -2.249008e-01 
-8.037931e-03 -1.601430e-01 
-2.934528e-03 -3.320294e-02 
2.686817e-03 3.890454e-02 
4.913540e-03 7.808098e-02 
3.241962e-03 8.585526e-02 
-7.633151e-04 3.947791e-02 
-4.774535e-03 -6.646466e-02 
-8.527279e-03 -2.167226e-01 
-1.196675e-01 -1.935879e-01 
-1.962368e-02 -1.145310e-01 
-1.317481e-02 -2.614635e-02 
6.238122e-03 5.162590e-02 
8.582408e-03 9.586195e-02 
9.730440e-03 1.190994e-01 
1.043076e-02 1.215675e-01 
7.663060e-03 1.005550e-01 
4.219975e-03 7.696289e-02 
2.223330e-03 5.510336e-02 
1.545175e-01 8.301725e-02 
2.437786e-02 1.156452e-01 
8.476353e-03 1.318912e-01 
8.548588e-03 1.261572e-01 
6.698441e-03 1.027858e-01 
3.664379e-03 5.905632e-02 
-2.052996e-03 -1.829593e-02 
-7.462720e-03 -1.036115e-01 
-4.642564e-03 -9.471599e-02 
-1.798175e-04 -4.563271e-03 
4.496333e-01 1.097729e-01 
3.970277e-02 2.705865e-01 
2.708596e-02 3.302737e-01 
1.654323e-02 2.811325e-01 
1.210325e-02 2.181969e-01 
7.623386e-03 1.348347e-01 
1.650351e-03 2.232861e-02 
-5.472628e-04 -5.609362e-02 
2.811108e-03 1.724642e-02 
7.740372e-03 2.073700e-01 
7.142216e-02 1.579016e-01 
1.844454e-02 2.241307e-01 
1.246282e-02 2.136015e-01 
7.073705e-03 1.220672e-01 
3.130699e-03 4.374122e-02 
-1.048335e-03 -3.097605e-02 
-6.875599e-03 -1.089590e-01 
-8.351934e-03 -1.427123e-01 
-2.387748e-03 -6.831053e-02 
2.985728e-03 8.113478e-02 
-2.570814e-02 5.744674e-03 
6.258997e-03 1.475312e-02 
6.917113e-03 3.730044e-02 
3.342422e-03 7.154164e-02 
4.806026e-03 9.436485e-02 
5.679755e-03 1.034485e-01 
5.776785e-03 8.912575e-02 
3.863669e-03 5.576306e-02 
1.827647e-03 3.633656e-02 
8.351314e-04 2.345783e-02 
3.942170e-02 -7.601644e-02 
-6.870595e-03 -8.403183e-02 
-3.830620e-03 -6.271891e-02 
3.812700e-05 1.542576e-03 
2.540682e-03 4.375262e-02 
4.192358e-03 6.822411e-02 
3.612578e-03 6.934350e-02 
-6.278993e-04 3.008754e-02 
-3.303121e-03 -4.415349e-02 
-5.337344e-03 -1.483758e-01 
3.759956e-02 -1.232034e-01 
-8.639926e-03 -1.350589e-01 
-4.239376e-03 -1.140425e-01 
-2.893621e-03 -3.879791e-02 
3.508489e-04 1.921432e-02 
3.477715e-03 6.992224e-02 
6.938935e-03 1.120517e-01 
6.116384e-03 1.113825e-01 
1.464995e-03 4.630392e-02 
-2.717807e-03 -7.364696e-02 
