poroelastic
-2.003461e-02 1.274021e-01 
-1.266992e-02 1.773177e-01 
1.570854e-03 1.544165e-01 
1.441137e-03 6.341910e-02 
-3.019668e-04 -3.327292e-03 
-1.465501e-03 -5.795358e-02 
-2.082474e-03 -1.011299e-01 
-1.712827e-03 -9.696933e-02 
-3.712793e-04 -2.091728e-02 
1.963702e-03 1.111618e-01 
-2.369183e-01 1.782381e-01 
-4.713291e-02 2.754448e-01 
-2.234539e-02 2.844198e-01 
4.359150e-03 2.077960e-01 
3.212239e-03 1.403419e-01 
1.398661e-03 6.610821e-02 
-5.140307e-04 -2.441130e-02 
-1.529305e-03 -8.134366e-02 
-5.713906e-04 -3.019806e-02 
1.979883e-03 1.051274e-01 
-8.135527e-02 1.227920e-01 
-8.340007e-03 1.137420e-01 
1.893040e-03 8.115144e-02 
1.001122e-03 3.765749e-02 
3.132975e-04 8.266463e-03 
-1.168251e-04 -1.699647e-02 
-8.540250e-04 -4.709414e-02 
-1.374762e-03 -6.710033e-02 
-7.894960e-04 -4.031542e-02 
4.334805e-04 2.242871e-02 
-3.377146e-02 -1.650166e-01 
3.505328e-03 -1.004869e-01 
-4.613432e-03 -4.005391e-02 
-9.839516e-04 1.040501e-02 
-1.947211e-04 3.973208e-02 
2.519622e-04 5.735187e-02 
8.870483e-04 6.758605e-02 
1.267987e-03 6.166075e-02 
4.673520e-04 2.551949e-02 
-6.906244e-04 -3.670677e-02 
-2.451389e-01 -1.944992e-01 
7.045070e-03 -2.214098e-01 
7.415362e-03 -1.936630e-01 
1.382067e-03 -9.615812e-02 
4.842399e-04 -2.912504e-02 
1.072816e-03 2.443383e-02 
2.383224e-03 6.400315e-02 
7.649206e-04 5.051900e-02 
-1.287247e-03 -4.334718e-02 
-3.915276e-03 -2.014893e-01 
-1.100365e-02 -1.579536e-01 
3.425442e-03 -1.825523e-01 
-2.333259e-03 -1.371784e-01 
-3.340342e-03 -2.507980e-02 
-2.032166e-03 5.273234e-02 
-6.637538e-04 1.082318e-01 
1.683333e-03 1.377350e-01 
2.770440e-03 1.151408e-01 
7.947342e-04 3.998258e-02 
-1.478257e-03 -6.999120e-02 
-7.744653e-03 7.939701e-02 
-2.662146e-03 1.049102e-01 
6.911191e-04 1.003596e-01 
1.420197e-03 6.230744e-02 
1.311168e-03 2.293510e-02 
1.004369e-03 -1.860806e-02 
-8.766849e-05 -6.239468e-02 
-1.786432e-03 -8.440569e-02 
-1.358323e-03 -6.432486e-02 
-1.813335e-04 -8.662100e-03 
-1.897349e-01 1.527211e-01 
-1.838116e-02 2.073540e-01 
-9.779252e-03 2.107319e-01 
-2.354104e-03 1.551942e-01 
-8.457819e-05 1.008336e-01 
1.285007e-04 4.421037e-02 
-6.995830e-04 -1.730834e-02 
-1.057773e-03 -4.514944e-02 
4.144943e-05 2.300742e-03 
2.450578e-03 1.074006e-01 
-8.751952e-02 9.993466e-02 
-5.028202e-03 5.712991e-02 
-1.159663e-03 4.020626e-02 
-3.963591e-04 4.593429e-02 
3.529228e-04 4.404881e-02 
9.712379e-04 3.554680e-02 
1.137482e-03 1.389692e-02 
-4.128723e-04 -1.790497e-02 
-9.212562e-04 -3.795222e-02 
-1.116010e-03 -4.784743e-02 
-1.286730e-01 -1.968398e-01 
-2.022158e-03 -1.846911e-01 
2.953001e-03 -1.196951e-01 
-2.145364e-03 -2.806830e-02 
-2.168492e-03 2.768846e-02 
-1.446074e-03 6.701769e-02 
5.454020e-04 9.821213e-02 
2.395139e-03 1.007038e-01 
6.437908e-04 3.164381e-02 
-2.161486e-03 -9.548593e-02 
-3.550441e-01 -2.472134e-01 
-1.186894e-02 -3.356764e-01 
2.438442e-03 -3.005640e-01 
6.462760e-03 -1.488280e-01 
1.870059e-03 -4.705393e-02 
1.578364e-03 3.384385e-02 
4.509507e-03 9.784776e-02 
1.942039e-03 9.105606e-02 
-1.579996e-03 -4.148955e-02 
-6.078402e-03 -2.702929e-01 
-2.206461e-02 -2.344375e-01 
7.199502e-03 -2.892842e-01 
1.186122e-02 -2.128757e-01 
-8.819631e-03 -3.117810e-02 
-8.146294e-03 8.908100e-02 
-5.763425e-03 1.721228e-01 
3.981716e-04 2.147504e-01 
4.644265e-03 1.799320e-01 
1.192918e-03 5.995944e-02 
-2.639958e-03 -1.194394e-01 
1.102123e-02 3.484163e-03 
-4.754487e-03 -5.020306e-03 
-3.205473e-03 8.992461e-03 
3.778191e-03 2.396081e-02 
3.515319e-03 1.346829e-02 
4.123439e-03 -1.064053e-02 
3.055521e-03 -4.580599e-02 
-2.016447e-03 -7.504223e-02 
-2.143068e-03 -8.825109e-02 
-1.837961e-03 -8.538418e-02 
-1.692351e-01 1.146857e-01 
8.005730e-03 1.386684e-01 
1.540683e-03 1.548395e-01 
-8.781816e-03 1.289957e-01 
-3.717938e-03 8.889605e-02 
-2.070016e-03 4.312277e-02 
-2.046690e-03 -4.409632e-03 
-2.191491e-04 -1.623469e-02 
9.137939e-04 3.016770e-02 
2.782585e-03 1.218055e-01 
-1.966449e-01 1.376890e-01 
-9.057850e-03 1.535471e-01 
-8.021156e-04 1.564240e-01 
-5.152210e-03 1.301721e-01 
-7.348006e-04 8.608889e-02 
1.415683e-03 3.395936e-02 
1.077720e-03 -2.655704e-02 
-1.620831e-03 -6.374231e-02 
-1.003352e-03 -4.190555e-02 
5.966606e-04 2.543577e-02 
