poroelastic
-1.231130e-02 -1.303105e-01 
-2.914018e-02 -1.684831e-01 
-3.849982e-02 -7.881465e-02 
1.381993e-02 1.118661e-01 
2.046264e-02 2.096723e-01 
1.987854e-02 2.324252e-01 
1.195090e-02 1.660750e-01 
1.501789e-03 3.554860e-02 
-1.807963e-03 -3.008574e-02 
-1.647350e-03 -3.719262e-02 
1.600074e-01 -4.074406e-01 
-2.238189e-04 -4.142499e-01 
-3.008354e-02 -2.767227e-01 
-3.273081e-04 -2.724022e-02 
1.166882e-02 1.120222e-01 
1.470049e-02 1.716048e-01 
1.001877e-02 1.437059e-01 
1.553991e-03 3.886548e-02 
-1.621784e-03 -2.500138e-02 
-2.323029e-03 -5.365652e-02 
4.684771e-01 -4.663714e-01 
3.298315e-02 -4.560162e-01 
-1.091203e-02 -3.073825e-01 
-7.963708e-03 -9.361208e-02 
1.905276e-03 2.076518e-02 
5.288954e-03 6.938723e-02 
3.443741e-03 6.048294e-02 
-7.926006e-04 4.234539e-03 
-2.384613e-03 -3.687825e-02 
-2.687769e-03 -6.076989e-02 
7.730343e-01 4.137117e-01 
4.810488e-02 4.583168e-01 
-7.480438e-03 3.557557e-01 
2.085974e-02 2.508165e-01 
1.309875e-02 1.602936e-01 
6.674485e-03 8.311252e-02 
3.113137e-03 2.712516e-02 
2.662009e-03 1.720982e-02 
3.056611e-03 4.361901e-02 
4.329987e-03 1.008790e-01 
4.546630e-01 5.366352e-01 
1.223174e-02 5.137209e-01 
1.428437e-02 3.669691e-01 
1.099283e-02 1.563876e-01 
9.351870e-04 1.446640e-02 
-5.243498e-03 -7.729092e-02 
-6.677570e-03 -1.100474e-01 
-1.341534e-03 -5.615345e-02 
3.043871e-03 3.414037e-02 
6.383102e-03 1.530728e-01 
1.059720e-01 3.389184e-01 
5.835111e-03 3.059917e-01 
1.120563e-02 2.090567e-01 
5.537002e-03 8.117545e-02 
1.812909e-04 2.063395e-03 
-3.230416e-03 -4.831590e-02 
-5.212242e-03 -7.408952e-02 
-3.758974e-03 -6.356067e-02 
-7.572016e-04 -2.231666e-02 
2.050886e-03 4.713374e-02 
-3.212599e-02 -6.583443e-02 
-1.756379e-02 -4.197947e-02 
-1.590316e-02 1.950919e-02 
8.990961e-03 1.134791e-01 
1.269801e-02 1.695330e-01 
1.356563e-02 1.886801e-01 
1.085595e-02 1.534780e-01 
4.485098e-03 7.222577e-02 
1.107207e-03 2.228830e-02 
9.388747e-05 2.238258e-03 
1.565995e-01 -4.088522e-01 
-5.853488e-03 -3.331116e-01 
-1.189255e-02 -1.804999e-01 
1.032074e-03 1.250618e-02 
7.975500e-03 1.133186e-01 
9.602349e-03 1.467542e-01 
5.172638e-03 1.051457e-01 
-2.427678e-03 -5.086644e-03 
-5.325369e-03 -8.900426e-02 
-6.218196e-03 -1.459657e-01 
3.710415e-01 -5.540885e-01 
-6.963916e-03 -3.887782e-01 
-1.352542e-02 -2.125304e-01 
-4.041075e-03 -6.182750e-02 
1.453573e-03 2.044934e-02 
3.859489e-03 5.748958e-02 
4.193754e-03 5.638740e-02 
2.667210e-03 3.222393e-02 
1.716368e-03 2.757970e-02 
1.871262e-03 4.277885e-02 
8.720277e-01 5.386739e-01 
1.235280e-01 7.126005e-01 
2.908555e-02 5.748320e-01 
1.789746e-02 3.197808e-01 
7.769574e-03 1.313187e-01 
-3.037021e-04 -7.259566e-03 
-5.572387e-03 -9.069935e-02 
-3.969546e-03 -8.178427e-02 
3.384533e-04 -1.084081e-02 
4.787111e-03 1.115706e-01 
6.997302e-01 6.706006e-01 
6.164706e-02 7.742885e-01 
3.281010e-02 6.114830e-01 
1.168241e-02 2.491625e-01 
1.128597e-03 1.548671e-02 
-7.079363e-03 -1.281126e-01 
-1.075973e-02 -1.757674e-01 
-2.059474e-03 -8.826437e-02 
5.039157e-03 5.836564e-02 
1.021434e-02 2.472403e-01 
1.673491e-01 4.748804e-01 
3.492962e-02 5.306540e-01 
1.713900e-02 3.966193e-01 
7.283151e-03 1.117703e-01 
-8.459445e-04 -5.807817e-02 
-6.843715e-03 -1.521854e-01 
-1.015819e-02 -1.711098e-01 
-5.535264e-03 -1.063062e-01 
3.290041e-04 -1.199269e-02 
4.273197e-03 1.032927e-01 
-3.401590e-02 3.651286e-02 
1.557986e-02 1.458410e-01 
1.176077e-02 1.626842e-01 
2.339998e-03 9.773655e-02 
2.040467e-03 6.647943e-02 
1.677372e-03 5.063841e-02 
2.211877e-03 3.937026e-02 
3.165923e-03 3.158819e-02 
2.716931e-03 4.334967e-02 
2.923791e-03 7.260677e-02 
1.558867e-01 -3.953895e-01 
-1.519869e-02 -1.995612e-01 
-5.139577e-03 -7.646380e-02 
3.086295e-04 -1.373984e-02 
2.124129e-03 2.710166e-02 
3.448195e-03 4.275462e-02 
1.360098e-03 1.979660e-02 
-4.590742e-03 -4.311688e-02 
-4.788395e-03 -8.104835e-02 
-3.901033e-03 -9.565501e-02 
3.867016e-01 -6.748151e-01 
-1.830322e-02 -4.798767e-01 
-1.032466e-02 -2.556697e-01 
-5.086461e-03 -7.340675e-02 
8.829196e-04 5.054130e-02 
5.810626e-03 1.258900e-01 
8.107712e-03 1.370658e-01 
3.066323e-03 6.475877e-02 
-9.476595e-04 -6.325512e-03 
-3.163938e-03 -7.550073e-02 
