poroelastic
4.877166e-03 -1.910192e-01 
-1.527924e-02 -2.507421e-01 
-3.155834e-02 -1.707545e-01 
3.517895e-03 7.470847e-04 
1.226856e-02 1.131259e-01 
1.633630e-02 1.861936e-01 
1.483766e-02 2.076714e-01 
7.157201e-03 1.423222e-01 
-1.720368e-04 1.507865e-02 
-7.270969e-03 -1.622418e-01 
1.555163e-01 -2.634152e-01 
8.652837e-03 -3.198566e-01 
-1.616638e-02 -2.491537e-01 
-7.905582e-03 -9.981690e-02 
1.293604e-03 -1.561004e-03 
6.673197e-03 7.137984e-02 
8.748212e-03 1.220449e-01 
5.764361e-03 1.147647e-01 
4.239933e-04 2.368457e-02 
-5.785211e-03 -1.315035e-01 
9.926407e-02 -2.031889e-01 
-3.729926e-03 -1.701339e-01 
-1.222837e-02 -8.614395e-02 
1.140393e-03 1.414420e-03 
4.743741e-03 4.817777e-02 
5.958771e-03 7.192587e-02 
5.513897e-03 7.811525e-02 
2.925781e-03 5.796519e-02 
-1.511628e-04 5.932898e-03 
-3.107646e-03 -6.939016e-02 
2.149761e-01 8.796543e-02 
1.456524e-02 7.364400e-02 
-6.775765e-03 6.355092e-02 
5.967256e-03 6.536884e-02 
5.525834e-03 6.348601e-02 
4.648118e-03 5.751530e-02 
3.521731e-03 4.109786e-02 
1.849797e-03 1.958206e-02 
1.442616e-03 2.192170e-02 
2.106210e-03 4.871883e-02 
3.168072e-01 1.654352e-01 
3.167067e-03 2.350004e-01 
2.326533e-03 2.469185e-01 
1.352623e-02 1.814736e-01 
8.416974e-03 1.171007e-01 
3.610595e-03 5.077951e-02 
-3.507405e-04 -1.535805e-02 
-9.405840e-04 -4.001059e-02 
1.633186e-03 1.383180e-02 
5.512925e-03 1.317337e-01 
6.574154e-02 1.291873e-01 
1.672725e-03 1.562343e-01 
6.202253e-03 1.482942e-01 
6.856482e-03 1.010294e-01 
4.029192e-03 6.144354e-02 
1.382222e-03 2.308247e-02 
-1.950820e-03 -2.129940e-02 
-3.699347e-03 -5.387716e-02 
-2.285127e-03 -4.488482e-02 
-2.286582e-04 -5.325020e-03 
-1.547981e-02 -1.146026e-01 
-1.497447e-02 -1.441377e-01 
-1.742546e-02 -9.711977e-02 
2.282721e-03 1.070538e-02 
7.611971e-03 9.172130e-02 
1.138178e-02 1.540548e-01 
1.305418e-02 1.851102e-01 
8.840850e-03 1.540024e-01 
3.097615e-03 7.129777e-02 
-2.204334e-03 -5.265749e-02 
1.349173e-01 -1.971359e-01 
-1.527649e-04 -2.188013e-01 
-6.786320e-03 -1.621306e-01 
-3.302581e-03 -4.452539e-02 
1.660431e-03 2.680381e-02 
4.287030e-03 7.160618e-02 
3.989495e-03 8.948294e-02 
5.159671e-04 4.870588e-02 
-4.070648e-03 -5.932553e-02 
-9.102167e-03 -2.165537e-01 
-8.920785e-02 -1.785709e-01 
-1.637193e-02 -1.007230e-01 
-9.659311e-03 -2.430742e-02 
3.255016e-03 3.785739e-02 
5.439851e-03 7.466047e-02 
6.658326e-03 9.675250e-02 
7.742384e-03 1.048944e-01 
6.510185e-03 9.359509e-02 
3.869600e-03 7.200359e-02 
1.972451e-03 4.551639e-02 
1.526136e-01 9.734563e-02 
2.266989e-02 1.242175e-01 
7.090759e-03 1.276488e-01 
6.297629e-03 1.081139e-01 
4.873027e-03 8.181628e-02 
2.634589e-03 4.192794e-02 
-1.754037e-03 -2.442424e-02 
-6.178282e-03 -9.403969e-02 
-3.986061e-03 -8.157613e-02 
1.370489e-04 3.245096e-03 
4.370857e-01 1.195416e-01 
3.847464e-02 2.706667e-01 
2.300825e-02 3.194106e-01 
1.138903e-02 2.609759e-01 
9.112944e-03 1.971272e-01 
5.660525e-03 1.180495e-01 
8.288246e-04 1.599329e-02 
-6.228244e-04 -4.914523e-02 
2.688435e-03 2.492575e-02 
8.432188e-03 2.090490e-01 
6.434223e-02 1.583423e-01 
1.567554e-02 2.209570e-01 
9.476525e-03 2.037098e-01 
5.830410e-03 1.068372e-01 
2.430673e-03 2.775420e-02 
-1.201076e-03 -4.372727e-02 
-6.268837e-03 -1.128608e-01 
-7.781091e-03 -1.374407e-01 
-2.514396e-03 -6.476735e-02 
3.176550e-03 7.860937e-02 
-2.472676e-02 1.923319e-03 
6.667243e-03 1.061597e-02 
6.476205e-03 3.078520e-02 
1.227289e-03 6.330828e-02 
3.109971e-03 8.641759e-02 
4.339714e-03 9.965231e-02 
5.286813e-03 9.381725e-02 
4.286917e-03 6.587440e-02 
2.171450e-03 4.333353e-02 
9.167340e-04 2.333086e-02 
5.094763e-02 -8.703073e-02 
-7.195634e-03 -9.078905e-02 
-3.966034e-03 -7.116990e-02 
-4.443683e-04 -9.727184e-03 
1.678161e-03 3.223420e-02 
3.531874e-03 6.027095e-02 
3.885543e-03 6.863640e-02 
6.529524e-05 3.376162e-02 
-3.035949e-03 -4.168019e-02 
-5.968561e-03 -1.500155e-01 
5.596441e-02 -1.341251e-01 
-6.945502e-03 -1.351528e-01 
-3.432273e-03 -1.151582e-01 
-3.355232e-03 -4.875872e-02 
-8.769725e-04 5.443133e-03 
1.859932e-03 5.580691e-02 
5.479629e-03 1.013193e-01 
6.000757e-03 1.065588e-01 
1.900750e-03 4.875674e-02 
-2.561308e-03 -6.247333e-02 
