poroelastic
-3.794914e-02 2.515797e-01 
-2.319571e-02 3.659073e-01 
4.611694e-03 3.042084e-01 
1.284435e-03 7.164535e-02 
-2.379646e-03 -6.799296e-02 
-3.475885e-03 -1.418117e-01 
-2.377552e-03 -1.378487e-01 
-8.415565e-04 -5.215568e-02 
3.455725e-04 2.563140e-02 
1.570597e-03 9.706577e-02 
-3.520075e-01 5.872463e-01 
-5.092939e-02 6.864668e-01 
2.005492e-03 5.370343e-01 
4.071724e-03 1.766757e-01 
-2.066389e-03 -4.853869e-02 
-4.564976e-03 -1.818659e-01 
-4.175345e-03 -2.129922e-01 
-2.014529e-03 -1.155399e-01 
9.073256e-06 3.848392e-03 
2.474994e-03 1.394502e-01 
-6.817232e-01 5.376012e-01 
-9.428453e-02 6.363233e-01 
-1.708078e-02 4.932701e-01 
4.011197e-03 2.263646e-01 
1.073813e-03 5.518877e-02 
-9.134725e-04 -4.715610e-02 
-1.507202e-03 -8.134945e-02 
-6.082339e-04 -3.368190e-02 
6.182857e-04 3.165267e-02 
2.007826e-03 1.097267e-01 
-6.094068e-01 -5.641255e-01 
-1.284104e-02 -4.419667e-01 
7.240391e-03 -2.503949e-01 
-8.850770e-04 -1.189073e-01 
-3.776821e-04 -3.538158e-02 
2.807507e-04 1.348804e-02 
6.445866e-04 2.870905e-02 
1.437692e-04 9.595306e-03 
-4.191408e-04 -2.020523e-02 
-9.968944e-04 -5.656683e-02 
-3.551725e-01 -5.605916e-01 
7.341833e-03 -4.222787e-01 
3.314547e-03 -2.265507e-01 
-6.438926e-05 -2.633835e-02 
8.231187e-04 8.059552e-02 
2.247899e-03 1.237471e-01 
3.048605e-03 9.797444e-02 
-3.166428e-04 3.588520e-04 
-2.188659e-03 -9.907239e-02 
-3.567429e-03 -1.963967e-01 
1.316691e-03 -2.805871e-01 
4.551610e-04 -1.795316e-01 
-5.397218e-03 -5.766379e-02 
-2.945797e-03 5.297295e-02 
-8.958826e-04 1.111594e-01 
3.730431e-04 1.328150e-01 
1.462722e-03 1.160460e-01 
1.463164e-03 6.807829e-02 
4.127888e-04 2.128966e-02 
-4.436950e-04 -2.279758e-02 
-1.393344e-02 1.814059e-01 
-3.487343e-03 2.182101e-01 
2.771061e-03 1.727361e-01 
1.996138e-03 4.587518e-02 
8.359074e-04 -4.290877e-02 
-2.478184e-04 -1.024440e-01 
-1.330421e-03 -1.213364e-01 
-1.553044e-03 -8.354865e-02 
-7.323999e-04 -3.795081e-02 
2.503385e-04 1.285703e-02 
-3.035315e-01 5.098949e-01 
-2.205156e-02 5.225604e-01 
-5.387804e-03 3.935695e-01 
1.020106e-03 1.537703e-01 
5.634740e-04 -6.124098e-03 
-9.005573e-04 -1.063033e-01 
-2.451959e-03 -1.335314e-01 
-1.366850e-03 -6.185018e-02 
4.950216e-04 2.594931e-02 
2.640412e-03 1.237913e-01 
-6.616558e-01 5.211619e-01 
-4.300416e-02 5.190085e-01 
-8.433836e-03 3.985737e-01 
-2.484373e-03 2.350004e-01 
4.852933e-05 1.124401e-01 
1.971361e-04 2.327063e-02 
-5.760290e-04 -2.765062e-02 
-4.688737e-04 -2.077178e-02 
8.813338e-05 3.709727e-03 
9.090824e-04 4.137279e-02 
-6.848141e-01 -5.704263e-01 
-4.939753e-02 -5.669412e-01 
3.216011e-03 -3.713484e-01 
2.153266e-03 -1.418802e-01 
-1.811693e-04 -1.051805e-02 
3.134282e-04 5.784895e-02 
1.834163e-03 7.084389e-02 
6.581053e-04 2.900501e-02 
-7.161882e-04 -2.936993e-02 
-2.048414e-03 -9.682338e-02 
-4.337402e-01 -6.176598e-01 
-1.064221e-02 -5.728329e-01 
6.340649e-03 -3.682994e-01 
-8.416414e-04 -5.614880e-02 
-2.306380e-03 1.123664e-01 
7.700913e-04 1.844553e-01 
5.131692e-03 1.583229e-01 
5.561201e-04 3.377019e-02 
-2.336065e-03 -9.125991e-02 
-4.337072e-03 -2.084986e-01 
-2.420711e-02 -3.397993e-01 
7.590105e-03 -3.063086e-01 
1.135065e-02 -1.586517e-01 
-9.832534e-03 6.660117e-02 
-6.860324e-03 1.790316e-01 
-2.928524e-03 2.139375e-01 
1.489200e-03 1.679129e-01 
1.437861e-03 6.555566e-02 
-2.295016e-04 -7.154325e-03 
-1.057252e-03 -5.185122e-02 
4.062384e-03 8.506423e-02 
-3.741336e-03 4.040771e-02 
-3.317241e-03 2.364047e-02 
2.691806e-03 2.727704e-02 
2.703290e-03 2.499895e-03 
2.802645e-03 -3.521863e-02 
1.271689e-03 -7.432773e-02 
-1.761542e-03 -8.342742e-02 
-1.257529e-03 -6.084780e-02 
-2.317664e-04 -1.167666e-02 
-2.767931e-01 4.590170e-01 
9.242570e-03 3.840186e-01 
-1.399586e-03 2.747781e-01 
-4.684180e-03 1.408588e-01 
-6.226796e-04 3.288931e-02 
-6.567420e-04 -4.802035e-02 
-2.752053e-03 -8.501525e-02 
-7.766176e-04 -3.894350e-02 
1.046434e-03 4.134493e-02 
3.097066e-03 1.455840e-01 
-5.843100e-01 5.529745e-01 
-2.053884e-02 5.306108e-01 
-6.345232e-04 3.937666e-01 
-8.197908e-03 2.375268e-01 
-8.762077e-04 1.024657e-01 
9.741664e-04 -7.400909e-03 
-7.288800e-04 -7.707442e-02 
-1.469306e-03 -6.443883e-02 
-1.175792e-04 -7.672491e-03 
1.763254e-03 7.986151e-02 
