poroelastic
-4.088383e-02 2.552257e-01 
-2.853350e-02 3.812484e-01 
-1.536648e-03 3.452709e-01 
2.919810e-03 1.350729e-01 
-6.103644e-04 -9.289485e-03 
-2.126973e-03 -9.046225e-02 
-1.991240e-03 -1.047934e-01 
-8.799962e-04 -5.666215e-02 
-6.263252e-05 -3.550468e-03 
6.614659e-04 4.218017e-02 
-3.393044e-01 5.621752e-01 
-4.852590e-02 6.743783e-01 
2.177812e-04 5.363470e-01 
3.679889e-03 1.765015e-01 
-1.814006e-03 -6.297688e-02 
-4.193606e-03 -1.986110e-01 
-3.990140e-03 -2.196925e-01 
-1.924299e-03 -1.121669e-01 
4.300783e-04 2.573282e-02 
2.874870e-03 1.675860e-01 
-6.040095e-01 5.284766e-01 
-8.009588e-02 6.254282e-01 
-1.114159e-02 4.593000e-01 
2.510130e-03 1.599987e-01 
-4.714737e-04 -2.826184e-02 
-2.431859e-03 -1.331772e-01 
-2.704000e-03 -1.438749e-01 
-6.042094e-04 -3.883035e-02 
1.515100e-03 7.703752e-02 
3.734347e-03 2.110230e-01 
-5.215385e-01 -4.490638e-01 
-1.648851e-02 -3.772734e-01 
6.895168e-03 -2.288748e-01 
-7.598506e-04 -1.436192e-01 
-8.377524e-04 -7.409059e-02 
-6.506437e-04 -3.614302e-02 
-4.198800e-04 -1.293634e-02 
4.152338e-04 1.982586e-02 
3.712703e-04 1.873974e-02 
6.337522e-04 3.777092e-02 
-2.924637e-01 -4.887472e-01 
5.791993e-03 -3.463525e-01 
2.377539e-03 -1.633927e-01 
7.204233e-05 8.908704e-03 
1.088332e-03 1.059313e-01 
2.604594e-03 1.366598e-01 
3.300226e-03 1.009064e-01 
-4.222512e-04 3.121158e-03 
-2.633594e-03 -1.249006e-01 
-4.006862e-03 -2.343921e-01 
4.505879e-02 -2.273562e-01 
-2.025223e-03 -1.070111e-01 
-7.834472e-03 2.829645e-02 
-3.586145e-03 1.324569e-01 
-5.804019e-04 1.807287e-01 
1.315477e-03 1.969750e-01 
2.828331e-03 1.661998e-01 
1.430927e-03 7.975376e-02 
-4.584032e-04 -1.604824e-02 
-2.286856e-03 -1.286095e-01 
-1.707697e-02 2.075221e-01 
-4.604205e-03 2.564182e-01 
1.970192e-03 2.188607e-01 
2.442065e-03 7.688431e-02 
1.395957e-03 -3.323228e-02 
4.483342e-04 -9.585769e-02 
-7.736435e-04 -1.149583e-01 
-1.788185e-03 -9.362110e-02 
-9.842907e-04 -5.248748e-02 
-8.351583e-04 -4.637590e-02 
-2.972924e-01 5.352546e-01 
-2.065389e-02 5.470417e-01 
-4.365992e-03 3.977879e-01 
1.170400e-03 1.203034e-01 
2.685866e-04 -6.297634e-02 
-1.669506e-03 -1.648966e-01 
-3.471944e-03 -1.722154e-01 
-1.256240e-03 -6.461389e-02 
1.381931e-03 6.837571e-02 
3.660588e-03 1.903672e-01 
-6.560062e-01 5.590592e-01 
-4.644826e-02 5.619610e-01 
-7.895864e-03 4.107669e-01 
-2.020706e-03 2.017149e-01 
-9.129553e-05 6.030237e-02 
-6.992276e-04 -3.799965e-02 
-2.076852e-03 -7.650120e-02 
-4.282140e-04 -2.233876e-02 
8.626029e-04 3.761664e-02 
2.525922e-03 1.255064e-01 
-5.653019e-01 -5.193967e-01 
-3.915667e-02 -4.833719e-01 
2.820883e-03 -2.939508e-01 
1.155866e-03 -1.037625e-01 
-3.843846e-04 7.313115e-03 
2.237730e-04 5.878944e-02 
1.535877e-03 6.679860e-02 
7.753139e-04 4.003657e-02 
-7.090991e-04 -3.024966e-02 
-1.756839e-03 -9.159737e-02 
-3.515980e-01 -5.736428e-01 
-6.798133e-03 -5.011411e-01 
5.842263e-03 -2.880445e-01 
-2.337699e-03 -1.936054e-03 
-2.275793e-03 1.468435e-01 
1.332491e-03 2.112684e-01 
5.914860e-03 1.838038e-01 
5.654952e-04 4.695575e-02 
-2.695444e-03 -1.108582e-01 
-5.225403e-03 -2.775363e-01 
-7.668509e-03 -3.004449e-01 
8.116895e-03 -2.569673e-01 
9.506663e-03 -1.138334e-01 
-9.323659e-03 8.232538e-02 
-6.087870e-03 1.756196e-01 
-2.388173e-03 2.120201e-01 
1.909669e-03 1.758470e-01 
1.411172e-03 7.147496e-02 
-2.248304e-04 -4.294061e-03 
-1.674832e-03 -8.970953e-02 
7.558370e-03 1.102985e-01 
-5.641753e-03 6.754575e-02 
-4.715244e-03 2.781458e-02 
4.736003e-03 -8.626784e-03 
3.678927e-03 -5.181574e-02 
2.690840e-03 -9.053709e-02 
2.091287e-04 -1.145174e-01 
-1.892879e-03 -9.371285e-02 
-6.959192e-04 -3.792489e-02 
4.774976e-04 2.650996e-02 
-2.904003e-01 5.041862e-01 
7.671454e-03 4.341589e-01 
-2.515607e-03 3.008581e-01 
-3.316333e-03 1.243086e-01 
-1.505522e-06 1.637882e-03 
-8.483500e-04 -8.855678e-02 
-3.795379e-03 -1.230089e-01 
-7.458615e-04 -4.853964e-02 
1.488046e-03 5.754503e-02 
3.905826e-03 2.007087e-01 
-6.620807e-01 5.886835e-01 
-2.697868e-02 5.933612e-01 
-2.251356e-04 4.647988e-01 
-9.543911e-03 2.852704e-01 
-1.244475e-03 1.354862e-01 
1.223929e-03 1.016857e-02 
-2.779030e-04 -7.672696e-02 
-1.645750e-03 -7.626414e-02 
-4.230652e-04 -2.412845e-02 
1.582228e-03 7.826053e-02 
