poroelastic
-1.075775e-02 -1.314033e-01 
-2.704089e-02 -1.706284e-01 
-3.662915e-02 -8.264501e-02 
1.259792e-02 1.074756e-01 
1.909599e-02 2.047544e-01 
1.872106e-02 2.280714e-01 
1.138480e-02 1.634921e-01 
1.494921e-03 3.471633e-02 
-1.802119e-03 -3.054707e-02 
-1.695827e-03 -3.733141e-02 
1.648402e-01 -4.149915e-01 
9.613231e-04 -4.214463e-01 
-2.898808e-02 -2.829638e-01 
-6.846140e-04 -3.066171e-02 
1.094513e-02 1.098023e-01 
1.407493e-02 1.709069e-01 
9.849848e-03 1.449579e-01 
1.755759e-03 4.108157e-02 
-1.523592e-03 -2.384346e-02 
-2.401741e-03 -5.399134e-02 
4.777166e-01 -4.725461e-01 
3.466477e-02 -4.605029e-01 
-9.676686e-03 -3.113053e-01 
-7.965704e-03 -9.727803e-02 
1.525429e-03 1.744715e-02 
4.909906e-03 6.708765e-02 
3.316996e-03 5.957394e-02 
-7.006440e-04 4.078923e-03 
-2.382616e-03 -3.755870e-02 
-2.852939e-03 -6.292292e-02 
7.731719e-01 4.251615e-01 
4.946821e-02 4.655275e-01 
-7.018535e-03 3.575510e-01 
1.931110e-02 2.477537e-01 
1.205802e-02 1.555181e-01 
6.020835e-03 7.874823e-02 
2.693907e-03 2.444427e-02 
2.372269e-03 1.630035e-02 
2.928871e-03 4.324892e-02 
4.351042e-03 9.895477e-02 
4.568610e-01 5.451908e-01 
1.123586e-02 5.171226e-01 
1.350328e-02 3.671440e-01 
1.017484e-02 1.524991e-01 
6.167139e-04 1.002332e-02 
-5.281633e-03 -8.078583e-02 
-6.669040e-03 -1.117541e-01 
-1.502219e-03 -5.593109e-02 
2.945044e-03 3.529017e-02 
6.527486e-03 1.524579e-01 
1.032387e-01 3.410421e-01 
5.806084e-03 3.070821e-01 
1.093549e-02 2.076796e-01 
5.039045e-03 7.613141e-02 
-1.494459e-04 -3.890348e-03 
-3.410437e-03 -5.374871e-02 
-5.255964e-03 -7.773226e-02 
-3.783866e-03 -6.473505e-02 
-7.906483e-04 -2.196001e-02 
2.057501e-03 4.627673e-02 
-3.019013e-02 -6.618268e-02 
-1.617603e-02 -4.344053e-02 
-1.496057e-02 1.608275e-02 
7.594636e-03 1.071172e-01 
1.135975e-02 1.626627e-01 
1.246250e-02 1.831674e-01 
1.027277e-02 1.509114e-01 
4.447598e-03 7.248221e-02 
1.180123e-03 2.357247e-02 
9.347092e-05 2.164929e-03 
1.601079e-01 -4.115532e-01 
-5.284195e-03 -3.366533e-01 
-1.137067e-02 -1.850107e-01 
5.834601e-04 7.635382e-03 
7.333873e-03 1.093821e-01 
9.202497e-03 1.449888e-01 
5.381716e-03 1.063008e-01 
-1.992152e-03 -2.271534e-03 
-5.100583e-03 -8.612200e-02 
-6.312989e-03 -1.448007e-01 
3.830315e-01 -5.521251e-01 
-4.723989e-03 -3.940096e-01 
-1.258632e-02 -2.199452e-01 
-4.488550e-03 -6.997393e-02 
8.216008e-04 1.345319e-02 
3.318441e-03 5.301582e-02 
3.869150e-03 5.532458e-02 
2.551886e-03 3.270768e-02 
1.626149e-03 2.675846e-02 
1.743710e-03 3.889021e-02 
8.706858e-01 5.426112e-01 
1.210168e-01 7.100014e-01 
2.695330e-02 5.675966e-01 
1.623602e-02 3.120484e-01 
7.093851e-03 1.256848e-01 
-3.798494e-04 -9.244563e-03 
-5.282956e-03 -8.822187e-02 
-3.692007e-03 -7.699411e-02 
4.142067e-04 -7.453702e-03 
4.882551e-03 1.111256e-01 
6.917740e-01 6.744512e-01 
5.937462e-02 7.698019e-01 
3.023678e-02 6.031109e-01 
1.056214e-02 2.408320e-01 
8.626274e-04 9.751897e-03 
-6.959574e-03 -1.306254e-01 
-1.057168e-02 -1.747949e-01 
-2.197888e-03 -8.576169e-02 
4.849324e-03 5.925403e-02 
1.034347e-02 2.439200e-01 
1.619657e-01 4.729745e-01 
3.254950e-02 5.229880e-01 
1.519761e-02 3.866236e-01 
6.885427e-03 1.025268e-01 
-8.171185e-04 -6.445916e-02 
-6.582556e-03 -1.551725e-01 
-9.822251e-03 -1.705059e-01 
-5.426303e-03 -1.037881e-01 
2.758224e-04 -1.064452e-02 
4.268833e-03 1.000712e-01 
-3.256689e-02 3.251822e-02 
1.493995e-02 1.402058e-01 
1.085428e-02 1.557307e-01 
1.479451e-03 9.016943e-02 
1.500894e-03 6.157433e-02 
1.346911e-03 4.904864e-02 
2.069999e-03 4.095609e-02 
3.168595e-03 3.432128e-02 
2.708678e-03 4.439268e-02 
2.832082e-03 6.811191e-02 
1.620353e-01 -3.976451e-01 
-1.530370e-02 -2.048534e-01 
-5.340335e-03 -8.270308e-02 
2.358605e-04 -2.029155e-02 
1.964734e-03 2.309672e-02 
3.462529e-03 4.202477e-02 
1.749383e-03 2.205751e-02 
-4.287320e-03 -4.023040e-02 
-4.793938e-03 -8.042565e-02 
-4.259696e-03 -1.011095e-01 
3.959075e-01 -6.689849e-01 
-1.658966e-02 -4.816223e-01 
-9.873871e-03 -2.604970e-01 
-5.183021e-03 -8.126029e-02 
2.925355e-04 4.302751e-02 
5.139441e-03 1.202046e-01 
7.743294e-03 1.343463e-01 
3.151835e-03 6.486053e-02 
-8.441414e-04 -5.197406e-03 
-3.267811e-03 -7.540050e-02 
