poroelastic
-5.272568e-03 -6.350363e-02 
-1.305336e-02 -9.606489e-02 
-1.925004e-02 -4.431639e-02 
8.428367e-03 1.054650e-01 
1.166758e-02 1.654673e-01 
9.433705e-03 1.494615e-01 
1.944036e-03 4.538483e-02 
-4.383069e-03 -8.366879e-02 
-2.901225e-03 -7.055126e-02 
2.484813e-03 6.130911e-02 
1.924454e-01 -4.821235e-01 
8.547456e-03 -4.687396e-01 
-2.611968e-02 -3.081352e-01 
2.649579e-04 -1.250430e-02 
1.105530e-02 1.455893e-01 
1.300601e-02 1.981487e-01 
7.184224e-03 1.308111e-01 
-1.282098e-03 -1.933384e-02 
-2.335889e-03 -5.306241e-02 
2.113220e-04 5.271467e-03 
7.628029e-01 -5.852424e-01 
8.319774e-02 -6.345711e-01 
7.459062e-03 -4.760134e-01 
-1.362530e-02 -2.066095e-01 
-3.803687e-03 -5.465436e-02 
6.070796e-04 1.566148e-02 
-2.777421e-04 1.189066e-02 
-3.320109e-03 -4.764596e-02 
-3.265264e-03 -6.568482e-02 
-1.927606e-03 -4.709611e-02 
9.883099e-01 6.679267e-01 
4.802385e-02 6.826011e-01 
-6.554653e-03 4.788854e-01 
1.551136e-02 2.807400e-01 
7.502670e-03 1.309565e-01 
1.237346e-03 2.135523e-02 
-1.267780e-03 -3.157106e-02 
1.150269e-03 -1.304533e-03 
2.966913e-03 5.069790e-02 
4.688845e-03 1.175066e-01 
3.701483e-01 7.429342e-01 
8.996729e-03 5.795722e-01 
1.624394e-02 2.980173e-01 
1.415973e-03 8.533359e-03 
-7.286218e-03 -1.527976e-01 
-1.138152e-02 -2.202464e-01 
-9.693247e-03 -1.811435e-01 
-6.306871e-04 -4.102639e-02 
3.697943e-03 6.251866e-02 
5.373576e-03 1.364279e-01 
6.199761e-02 4.066553e-01 
6.217069e-03 2.929557e-01 
1.026090e-02 1.264614e-01 
1.710067e-04 -3.145536e-02 
-4.699443e-03 -1.107504e-01 
-6.904091e-03 -1.390038e-01 
-6.357336e-03 -1.143409e-01 
-1.970402e-03 -4.668819e-02 
9.174202e-04 1.025396e-02 
2.799332e-03 6.765163e-02 
-1.609579e-02 -4.314455e-02 
-7.616349e-03 -5.100813e-03 
-7.184711e-03 3.251534e-02 
3.365693e-03 8.598364e-02 
5.483711e-03 1.121468e-01 
5.537355e-03 1.065161e-01 
2.905251e-03 5.347511e-02 
-9.366532e-04 -2.110351e-02 
-7.367369e-04 -2.123938e-02 
1.859635e-03 4.589733e-02 
2.033074e-01 -5.113792e-01 
1.304952e-03 -3.998141e-01 
-9.093444e-03 -2.223762e-01 
-1.338592e-03 -1.675297e-02 
4.676260e-03 9.364732e-02 
6.770396e-03 1.287863e-01 
3.846568e-03 7.559413e-02 
-2.606215e-03 -3.971221e-02 
-3.184092e-03 -6.734850e-02 
-9.084205e-04 -2.201179e-02 
8.249777e-01 -6.991745e-01 
2.771414e-02 -5.835871e-01 
-2.078063e-03 -4.038554e-01 
-8.584835e-03 -2.262785e-01 
-4.913442e-03 -1.136986e-01 
-2.116394e-03 -4.878996e-02 
-1.336238e-03 -2.611109e-02 
-2.146903e-03 -3.557014e-02 
-1.333746e-03 -2.763070e-02 
-1.350129e-04 -3.176032e-03 
1.165077e+00 8.075241e-01 
1.312997e-01 9.671150e-01 
1.960872e-02 7.031215e-01 
9.404167e-03 3.105146e-01 
2.053568e-03 5.622943e-02 
-4.772888e-03 -9.301494e-02 
-7.263034e-03 -1.216590e-01 
1.034769e-03 -1.353998e-02 
5.024688e-03 8.417806e-02 
7.091013e-03 1.694218e-01 
5.558785e-01 9.493969e-01 
3.475253e-02 8.804072e-01 
1.112565e-02 5.403248e-01 
6.852024e-03 3.212433e-02 
-4.194053e-03 -2.478657e-01 
-1.332175e-02 -3.604689e-01 
-1.554774e-02 -2.892020e-01 
-9.369645e-04 -5.601913e-02 
5.734477e-03 9.521309e-02 
7.228878e-03 1.765174e-01 
1.267715e-01 5.387556e-01 
1.740698e-02 5.095480e-01 
3.030815e-03 2.953869e-01 
5.192859e-03 -3.539568e-02 
-2.973222e-03 -1.938410e-01 
-8.555490e-03 -2.338149e-01 
-8.424075e-03 -1.512469e-01 
8.934321e-04 -2.019496e-03 
3.183137e-03 5.734250e-02 
2.137421e-03 5.151795e-02 
-1.486520e-02 -1.764209e-02 
7.205697e-03 1.099813e-01 
3.736290e-03 1.131883e-01 
-5.973641e-04 1.647382e-02 
-1.371197e-03 -1.687555e-02 
-1.758904e-03 -1.579065e-02 
-3.513053e-04 7.101864e-03 
2.157444e-03 2.609254e-02 
1.957805e-03 3.502968e-02 
1.710883e-03 4.210087e-02 
2.809372e-01 -6.005140e-01 
-1.902774e-02 -3.478094e-01 
-6.846892e-03 -1.783885e-01 
4.381795e-04 -9.544142e-02 
4.589579e-04 -2.927501e-02 
2.105776e-03 1.160000e-02 
1.520445e-03 7.344580e-03 
-3.890405e-03 -5.013919e-02 
-3.549360e-03 -6.681196e-02 
-1.842200e-03 -4.445107e-02 
6.995101e-01 -9.016288e-01 
-2.081194e-03 -6.776433e-01 
-1.136661e-02 -3.833086e-01 
-3.072768e-03 -1.697429e-01 
-1.074423e-03 -1.515297e-02 
3.168460e-03 7.892136e-02 
5.294912e-03 8.847796e-02 
-8.177474e-04 1.653926e-03 
-2.731749e-03 -4.687867e-02 
-2.502570e-03 -5.859143e-02 
