poroelastic
-9.952157e-03 1.345180e-01 
3.985395e-03 1.769531e-01 
1.915091e-02 1.258182e-01 
-2.570005e-03 6.506374e-03 
-6.225317e-03 -6.604907e-02 
-7.554082e-03 -1.135313e-01 
-6.088731e-03 -1.353404e-01 
-1.295067e-03 -1.046911e-01 
1.001454e-03 -1.755196e-02 
7.331138e-05 1.137825e-01 
-1.721316e-01 1.912697e-01 
-2.933570e-02 2.456403e-01 
-3.635894e-03 2.132632e-01 
8.213798e-03 1.161739e-01 
3.246190e-03 5.685680e-02 
1.832042e-05 8.209133e-03 
-1.883035e-03 -4.071460e-02 
-8.492894e-04 -6.377561e-02 
5.676555e-04 -1.934257e-02 
1.762221e-04 7.922315e-02 
-1.072960e-01 1.638997e-01 
-6.029464e-03 1.444364e-01 
6.332623e-03 8.121828e-02 
-1.427780e-04 7.949952e-03 
-2.029001e-03 -2.658207e-02 
-2.403185e-03 -4.117893e-02 
-2.017575e-03 -4.421224e-02 
-5.707004e-04 -3.412948e-02 
3.009370e-04 -6.544982e-03 
1.233518e-04 3.579289e-02 
-1.885886e-01 -1.238775e-01 
-3.904068e-03 -8.631869e-02 
4.653549e-03 -6.481953e-02 
-3.534558e-03 -5.677567e-02 
-2.390048e-03 -4.424090e-02 
-1.354816e-03 -2.710065e-02 
-4.290301e-04 -9.002998e-04 
-3.697240e-04 1.971216e-02 
-7.531739e-04 -2.864992e-03 
-2.132855e-04 -6.014095e-02 
-2.370734e-01 -1.922400e-01 
3.154494e-03 -2.291613e-01 
2.701191e-05 -2.180639e-01 
-5.875730e-03 -1.369516e-01 
-2.574862e-03 -6.390609e-02 
2.496016e-04 6.375025e-03 
2.292050e-03 7.044586e-02 
1.463950e-04 8.176455e-02 
-1.966616e-03 -2.445786e-04 
-5.635606e-04 -1.543369e-01 
-4.768197e-02 -1.434534e-01 
1.795007e-03 -1.662311e-01 
-3.971305e-03 -1.442720e-01 
-2.939968e-03 -7.322871e-02 
-7.963885e-04 -1.760030e-02 
1.100738e-03 2.968277e-02 
3.187080e-03 7.038662e-02 
2.452852e-03 7.920130e-02 
-3.209194e-05 3.338966e-02 
-3.103856e-04 -5.203060e-02 
5.357630e-03 8.459676e-02 
6.822717e-03 1.015343e-01 
1.108515e-02 7.249312e-02 
-7.589915e-04 6.035916e-03 
-2.677645e-03 -4.052419e-02 
-4.161511e-03 -7.679377e-02 
-5.342451e-03 -1.006774e-01 
-3.443657e-03 -9.565767e-02 
-8.798137e-04 -6.118100e-02 
-7.855242e-06 -1.740436e-03 
-1.563052e-01 1.640917e-01 
-1.563436e-02 1.912295e-01 
-3.088715e-03 1.588381e-01 
3.339675e-03 7.861308e-02 
1.636879e-03 3.136230e-02 
3.541084e-04 1.581993e-05 
4.957713e-04 -2.086397e-02 
1.777637e-03 -1.183653e-02 
1.846775e-03 3.985565e-02 
9.162811e-04 1.248751e-01 
1.269067e-03 1.579207e-01 
6.215398e-03 7.899964e-02 
5.447952e-03 1.784947e-02 
-8.435078e-04 -1.923457e-02 
-1.225528e-03 -3.358642e-02 
-1.292812e-03 -3.519941e-02 
-1.967365e-03 -2.915704e-02 
-2.521754e-03 -2.647393e-02 
-1.559818e-03 -4.401185e-02 
-5.692260e-04 -7.449488e-02 
-2.005866e-01 -1.681057e-01 
-1.853078e-02 -1.925547e-01 
-3.889507e-03 -1.660790e-01 
-2.934006e-03 -1.028095e-01 
-1.696647e-03 -4.573813e-02 
-1.151225e-04 1.334160e-02 
2.657071e-03 8.253055e-02 
3.708835e-03 1.258516e-01 
2.398312e-05 5.886194e-02 
-7.018493e-04 -9.424956e-02 
-4.165018e-01 -2.279521e-01 
-1.882352e-02 -3.516856e-01 
-1.055507e-02 -3.508058e-01 
-1.981344e-03 -2.183656e-01 
-1.239235e-03 -1.107037e-01 
5.275430e-04 -9.525647e-03 
3.600460e-03 8.859213e-02 
-8.245243e-04 1.136369e-01 
-4.118080e-03 -2.249510e-02 
-1.804635e-03 -2.794842e-01 
-6.973663e-02 -2.433736e-01 
-9.264203e-03 -3.219273e-01 
-1.675673e-03 -2.726368e-01 
-4.644473e-03 -1.056735e-01 
-2.697453e-03 1.769585e-02 
2.568968e-04 1.158607e-01 
5.764335e-03 1.878655e-01 
5.311155e-03 1.826170e-01 
-6.121858e-04 6.412558e-02 
-6.370996e-04 -1.329694e-01 
2.163910e-02 -1.847133e-02 
-4.916494e-03 -4.168879e-02 
-3.002696e-03 -4.123641e-02 
1.774753e-03 -2.836896e-02 
1.168493e-03 -2.754555e-02 
7.725183e-04 -3.274989e-02 
-1.283455e-03 -4.097655e-02 
-4.107230e-03 -5.117120e-02 
-2.205710e-03 -7.057652e-02 
-3.712681e-04 -9.124271e-02 
-1.115512e-01 9.109115e-02 
4.828698e-03 8.522517e-02 
2.980795e-03 8.288254e-02 
-1.059139e-03 6.015853e-02 
-2.001819e-04 3.905822e-02 
-4.394762e-04 1.967705e-02 
9.144776e-05 2.215234e-03 
2.306585e-03 4.712145e-03 
1.798353e-03 3.757473e-02 
5.017967e-04 9.921137e-02 
-1.188565e-01 1.480606e-01 
-1.586161e-03 1.396703e-01 
1.530798e-03 1.164810e-01 
1.723490e-03 7.044703e-02 
1.549304e-03 2.789567e-02 
6.990626e-04 -1.276827e-02 
-1.636355e-03 -5.318082e-02 
-2.524700e-03 -7.015148e-02 
-3.961889e-04 -4.154996e-02 
1.487188e-04 2.718052e-02 
