poroelastic
2.785157e-02 -1.791846e-01 
1.005608e-02 -2.385264e-01 
-1.187068e-02 -2.076741e-01 
-1.357063e-02 -1.363818e-01 
-4.426225e-03 -6.493737e-02 
4.331405e-03 2.533658e-02 
1.093947e-02 1.327732e-01 
7.929901e-03 1.789047e-01 
3.924052e-04 6.017114e-02 
-6.208424e-03 -2.014109e-01 
1.192855e-01 -1.721991e-02 
2.375398e-02 -1.014437e-01 
8.442911e-03 -1.273209e-01 
-1.784763e-02 -1.459055e-01 
-1.438045e-02 -1.420100e-01 
-7.526117e-03 -9.516899e-02 
2.324853e-03 1.396852e-02 
6.009874e-03 1.259697e-01 
1.349554e-03 6.647125e-02 
-4.014079e-03 -1.321385e-01 
-2.860531e-01 1.429948e-01 
-3.110388e-02 1.794851e-01 
-4.190663e-03 1.668429e-01 
1.128908e-02 9.035905e-02 
5.697286e-03 4.626070e-02 
3.792442e-03 3.059799e-02 
4.820843e-03 4.527752e-02 
4.336501e-03 7.289755e-02 
1.374970e-03 4.262820e-02 
-1.262676e-03 -4.000560e-02 
-4.428363e-01 -2.599289e-01 
-3.581180e-02 -3.483687e-01 
-8.041539e-03 -2.596924e-01 
-1.504943e-02 -1.516904e-01 
-5.702805e-03 -6.452614e-02 
2.206035e-05 1.188985e-03 
1.384551e-03 2.599374e-02 
-6.814948e-04 -2.472568e-03 
-8.714256e-04 -1.575516e-02 
-5.302790e-04 -1.739708e-02 
-4.228333e-03 -2.589013e-01 
-1.193172e-02 -1.452635e-01 
-9.123561e-03 1.380669e-02 
1.152325e-02 1.078597e-01 
1.208397e-02 1.397434e-01 
9.424082e-03 1.219262e-01 
3.451043e-03 4.856580e-02 
-1.476481e-03 -3.902045e-02 
-7.018620e-05 -2.216372e-02 
1.999268e-03 6.907386e-02 
-1.980789e-02 -1.421595e-01 
-5.216306e-03 -7.413726e-02 
-1.525283e-03 6.629281e-03 
4.809632e-03 5.587409e-02 
5.533336e-03 7.278700e-02 
4.368901e-03 6.491218e-02 
2.950045e-04 2.374174e-02 
-3.329280e-03 -3.302081e-02 
-2.433695e-03 -4.591605e-02 
-1.278725e-03 -4.190356e-02 
1.401888e-02 -1.261473e-01 
-7.093461e-03 -2.045010e-01 
-1.688862e-02 -2.019651e-01 
-1.003294e-02 -1.374062e-01 
-3.072883e-03 -6.721214e-02 
4.135083e-03 1.693297e-02 
1.104366e-02 1.149659e-01 
9.398885e-03 1.692088e-01 
3.596891e-03 1.085746e-01 
-1.523483e-03 -5.373614e-02 
1.082611e-01 1.012579e-01 
1.672189e-02 -1.985884e-02 
4.930808e-03 -9.393479e-02 
-1.265411e-02 -1.161857e-01 
-1.124992e-02 -1.173298e-01 
-7.980144e-03 -9.021632e-02 
-3.401231e-03 -2.123167e-02 
2.134770e-05 4.661694e-02 
-2.037158e-03 -1.117162e-02 
-5.175617e-03 -1.733439e-01 
-5.136819e-01 2.821324e-01 
-1.214325e-02 2.188427e-01 
-2.035513e-03 1.593202e-01 
1.224535e-02 1.026213e-01 
8.614065e-03 8.215057e-02 
8.208065e-03 8.499815e-02 
1.038937e-02 1.033513e-01 
8.770393e-03 1.153781e-01 
4.798765e-03 1.014790e-01 
1.973753e-03 6.443303e-02 
-6.645438e-01 -3.636227e-01 
-1.084779e-01 -5.201207e-01 
-2.629417e-02 -3.849862e-01 
-1.345462e-02 -1.686245e-01 
-2.554180e-03 -2.579947e-02 
2.135072e-03 4.660434e-02 
-9.568478e-04 2.148041e-02 
-8.703923e-03 -9.940989e-02 
-6.342829e-03 -1.313134e-01 
-2.647994e-03 -8.893895e-02 
-2.768712e-02 -4.567943e-01 
-1.554691e-02 -3.354457e-01 
-4.163811e-04 -1.076002e-01 
1.164323e-02 1.413893e-01 
1.572690e-02 2.651893e-01 
1.636840e-02 2.793045e-01 
1.010784e-02 1.657392e-01 
6.808708e-04 -1.671151e-02 
7.602420e-04 -1.694496e-02 
3.365117e-03 1.225258e-01 
-7.899750e-02 -2.058913e-01 
-1.532549e-02 -1.680489e-01 
-6.209859e-03 -7.747560e-02 
1.857488e-03 3.269754e-02 
4.039574e-03 6.942389e-02 
2.961413e-03 4.847818e-02 
-3.191089e-03 -3.943215e-02 
-7.940163e-03 -1.343438e-01 
-2.981537e-03 -9.187699e-02 
1.103302e-03 4.213106e-02 
9.426320e-04 -3.785168e-02 
-1.030454e-02 -1.429795e-01 
-7.702530e-03 -1.443645e-01 
-1.812122e-03 -3.894649e-02 
2.064391e-03 3.270489e-02 
4.663121e-03 7.759987e-02 
5.791221e-03 9.122897e-02 
3.601503e-03 6.862968e-02 
1.040650e-03 3.497988e-02 
-4.732032e-04 -1.892057e-02 
-3.313269e-02 2.702619e-01 
2.544050e-03 4.099599e-02 
-4.997141e-03 -7.319867e-02 
-2.997683e-03 -5.082543e-02 
-1.312765e-03 -2.311280e-02 
8.823246e-04 1.413675e-02 
3.814483e-03 6.655175e-02 
3.390852e-03 9.572728e-02 
-2.830032e-04 2.825440e-02 
-3.190334e-03 -1.256351e-01 
-2.564216e-01 5.117998e-01 
1.522316e-02 2.741798e-01 
3.421945e-03 5.476084e-02 
-2.342993e-03 -4.123885e-02 
-4.639902e-03 -8.107414e-02 
-4.086039e-03 -7.136151e-02 
1.160859e-03 1.817618e-03 
5.953376e-03 9.946053e-02 
2.916949e-03 8.650060e-02 
-5.974607e-04 -2.289918e-02 
