poroelastic
-1.833618e-02 1.289685e-01 
-9.577240e-03 1.774385e-01 
5.271241e-03 1.485872e-01 
1.256378e-03 5.098180e-02 
-1.096468e-03 -1.724406e-02 
-2.472067e-03 -7.065141e-02 
-2.812206e-03 -1.093934e-01 
-1.611435e-03 -9.910491e-02 
-6.654637e-05 -1.974581e-02 
1.569204e-03 1.132507e-01 
-2.236345e-01 1.815772e-01 
-4.399581e-02 2.688527e-01 
-1.841981e-02 2.687672e-01 
6.184748e-03 1.878209e-01 
3.909799e-03 1.224029e-01 
1.451035e-03 5.392378e-02 
-7.435944e-04 -2.748706e-02 
-1.353458e-03 -7.735379e-02 
-2.743114e-04 -2.809907e-02 
1.495639e-03 9.897294e-02 
-8.763049e-02 1.305139e-01 
-8.230231e-03 1.188051e-01 
2.609730e-03 7.950104e-02 
9.402264e-04 3.056489e-02 
-2.514072e-05 7.599271e-04 
-5.716396e-04 -2.147801e-02 
-1.272525e-03 -4.482891e-02 
-1.315078e-03 -5.781632e-02 
-5.114289e-04 -3.132915e-02 
4.194300e-04 2.641413e-02 
-7.118984e-02 -1.567238e-01 
9.693465e-04 -9.781302e-02 
-2.985049e-03 -4.592548e-02 
-4.291098e-04 -3.960132e-03 
1.823399e-04 2.167973e-02 
5.656384e-04 3.877777e-02 
1.076295e-03 5.204832e-02 
1.082068e-03 5.150562e-02 
1.851497e-04 1.767553e-02 
-6.816088e-04 -4.371654e-02 
-2.413494e-01 -1.945770e-01 
5.904913e-03 -2.252842e-01 
5.858707e-03 -2.009469e-01 
-9.266377e-06 -1.054935e-01 
-9.376312e-05 -3.601738e-02 
8.341885e-04 2.216090e-02 
2.138491e-03 6.782623e-02 
4.304123e-04 5.979978e-02 
-1.475304e-03 -3.248287e-02 
-3.086379e-03 -1.910523e-01 
-2.051041e-02 -1.551698e-01 
2.653192e-03 -1.800195e-01 
-2.741893e-03 -1.397572e-01 
-2.577867e-03 -3.604547e-02 
-1.204855e-03 3.732738e-02 
2.072460e-04 9.110980e-02 
2.353678e-03 1.226458e-01 
2.740867e-03 1.062103e-01 
5.425705e-04 3.674660e-02 
-1.242602e-03 -6.816126e-02 
-5.649493e-03 8.032034e-02 
-1.187341e-03 1.040428e-01 
2.713494e-03 9.455939e-02 
1.692409e-03 5.070504e-02 
1.001717e-03 1.032725e-02 
2.506778e-04 -2.984164e-02 
-1.076521e-03 -6.957645e-02 
-2.135911e-03 -8.610664e-02 
-1.259738e-03 -6.304470e-02 
-1.154996e-04 -6.544375e-03 
-1.807027e-01 1.550561e-01 
-1.824215e-02 2.034830e-01 
-8.207941e-03 1.994541e-01 
-4.891889e-04 1.388523e-01 
7.258598e-04 8.620176e-02 
3.189907e-04 3.466718e-02 
-6.663819e-04 -1.916396e-02 
-7.021254e-04 -4.010028e-02 
3.808511e-04 8.111530e-03 
2.189554e-03 1.092621e-01 
-7.106317e-02 1.116136e-01 
-2.773901e-03 5.966447e-02 
-1.575033e-04 3.400373e-02 
4.026699e-04 3.204737e-02 
7.063234e-04 2.867680e-02 
1.003597e-03 2.224992e-02 
7.873873e-04 6.363266e-03 
-7.577623e-04 -1.880504e-02 
-1.031683e-03 -3.895445e-02 
-1.099458e-03 -5.368577e-02 
-1.462389e-01 -1.918712e-01 
-5.764005e-03 -1.872051e-01 
1.666109e-03 -1.299580e-01 
-1.613786e-03 -4.332169e-02 
-1.609094e-03 1.290369e-02 
-9.328221e-04 5.611839e-02 
9.841014e-04 9.475283e-02 
2.606312e-03 1.052916e-01 
5.184956e-04 3.623557e-02 
-1.926344e-03 -9.630780e-02 
-3.690653e-01 -2.450531e-01 
-1.355189e-02 -3.407681e-01 
-3.498467e-05 -3.125146e-01 
5.371034e-03 -1.630815e-01 
1.609245e-03 -5.964733e-02 
1.569065e-03 2.544600e-02 
4.425198e-03 9.640612e-02 
1.358445e-03 9.603207e-02 
-2.150161e-03 -3.770727e-02 
-5.370880e-03 -2.720616e-01 
-3.253656e-02 -2.378311e-01 
3.670246e-03 -2.979738e-01 
9.490475e-03 -2.267567e-01 
-7.457285e-03 -4.618387e-02 
-6.677337e-03 7.511182e-02 
-4.283835e-03 1.611766e-01 
1.709347e-03 2.096123e-01 
4.959324e-03 1.805651e-01 
8.708906e-04 6.064451e-02 
-2.309393e-03 -1.212361e-01 
1.315124e-02 -2.011831e-03 
-4.737043e-03 -1.371930e-02 
-2.812837e-03 -1.988086e-03 
3.797104e-03 1.401848e-02 
3.292119e-03 5.881479e-03 
3.528742e-03 -1.492407e-02 
2.043764e-03 -4.535737e-02 
-2.585450e-03 -7.121808e-02 
-2.189489e-03 -8.522367e-02 
-1.564871e-03 -8.454869e-02 
-1.576298e-01 1.084994e-01 
7.219396e-03 1.265033e-01 
2.040127e-03 1.394071e-01 
-6.730745e-03 1.156019e-01 
-2.705279e-03 7.969982e-02 
-1.647110e-03 3.910492e-02 
-1.663690e-03 -2.957318e-03 
3.003612e-04 -1.263939e-02 
1.167005e-03 3.136316e-02 
2.367250e-03 1.194201e-01 
-1.802993e-01 1.382779e-01 
-7.693488e-03 1.492365e-01 
-4.032357e-04 1.472740e-01 
-3.103395e-03 1.182799e-01 
2.269540e-04 7.501612e-02 
1.600914e-03 2.533941e-02 
6.369141e-04 -3.148344e-02 
-1.878284e-03 -6.558391e-02 
-9.360708e-04 -4.292064e-02 
5.195150e-04 2.545932e-02 
