poroelastic
-3.600348e-02 6.868685e-02 
-3.616199e-02 1.050546e-01 
-3.417713e-02 1.332248e-01 
1.499090e-03 1.666860e-01 
4.792439e-03 1.793815e-01 
4.738341e-03 1.670209e-01 
4.407682e-03 1.221148e-01 
4.121719e-03 9.465140e-02 
4.516104e-03 1.785056e-01 
6.271600e-01 -1.023326e-01 
1.862578e-01 -2.612753e-01 
5.768029e-02 -2.561803e-01 
-2.315441e-03 -2.090669e-01 
-5.008127e-03 -1.884704e-01 
-5.824537e-03 -1.985113e-01 
-8.722856e-03 -2.573409e-01 
-8.673244e-03 -3.325199e-01 
-5.417318e-03 -2.942193e-01 
7.232965e-01 1.936428e-01 
-1.272307e-01 2.417696e-01 
-6.640500e-02 3.371875e-01 
1.153888e-03 4.279770e-01 
9.518980e-03 4.712684e-01 
9.424278e-03 4.743326e-01 
1.113891e-02 4.361727e-01 
1.212013e-02 3.856099e-01 
8.351348e-03 3.964650e-01 
6.539612e-01 -1.388300e-01 
7.703158e-02 -2.833155e-01 
5.700451e-02 -3.668052e-01 
-9.882510e-04 -3.946124e-01 
-3.942847e-03 -4.049569e-01 
-6.705003e-03 -3.991251e-01 
-1.042784e-02 -3.830228e-01 
-1.215094e-02 -3.586459e-01 
-7.585109e-03 -3.285930e-01 
5.646655e-01 1.870207e-01 
7.054903e-02 2.956923e-01 
-1.720566e-02 2.653999e-01 
-2.620675e-03 2.203521e-01 
2.079412e-03 1.923327e-01 
2.256513e-03 1.808043e-01 
3.826419e-03 1.938131e-01 
8.289088e-03 2.349069e-01 
6.301590e-03 2.729216e-01 
3.593956e-03 -3.335680e-02 
2.730939e-03 -6.365319e-02 
9.213473e-04 -7.090927e-02 
-5.778343e-04 -3.687176e-02 
-3.347404e-04 -1.393851e-02 
1.201331e-05 3.491507e-03 
1.951990e-04 7.827931e-03 
4.630070e-05 1.843516e-04 
1.734385e-04 7.347045e-03 
5.869693e-01 -1.637387e-01 
1.661475e-01 -3.559457e-01 
3.710543e-02 -3.422139e-01 
5.922987e-03 -2.471122e-01 
7.210260e-04 -1.829714e-01 
-2.235443e-04 -1.537567e-01 
-3.526249e-03 -1.783402e-01 
-8.776065e-03 -2.543573e-01 
-7.005429e-03 -2.927232e-01 
6.737071e-01 1.375557e-01 
-4.841769e-02 2.165317e-01 
-3.578296e-02 3.147075e-01 
-1.294164e-02 4.150102e-01 
1.779016e-03 4.672954e-01 
4.283192e-03 4.813860e-01 
8.713549e-03 4.590748e-01 
1.404537e-02 4.110394e-01 
9.289513e-03 3.820351e-01 
8.520830e-01 -1.535166e-01 
-1.031442e-02 -3.024342e-01 
3.315302e-02 -4.246609e-01 
3.999222e-03 -4.875180e-01 
3.437533e-03 -5.152699e-01 
-2.002178e-03 -5.047334e-01 
-8.023815e-03 -4.593932e-01 
-1.385523e-02 -4.031739e-01 
-1.012969e-02 -3.863145e-01 
5.149302e-01 1.393887e-01 
1.174994e-01 2.644141e-01 
4.721006e-03 2.383575e-01 
-1.057845e-02 1.911117e-01 
-3.368219e-03 1.710877e-01 
-2.224374e-03 1.802610e-01 
1.359831e-03 2.299205e-01 
1.203423e-02 3.010351e-01 
8.874914e-03 3.119829e-01 
1.173760e-03 -6.551598e-02 
9.560770e-04 -1.033356e-01 
7.506717e-04 -1.053301e-01 
-9.798105e-05 -6.964674e-02 
-5.912093e-04 -4.087707e-02 
-3.742188e-04 -9.466192e-03 
4.692068e-04 1.918505e-02 
6.023156e-04 2.064406e-02 
-3.960812e-04 -1.430447e-02 
7.718664e-01 -1.833500e-01 
1.630566e-01 -4.034708e-01 
2.318890e-02 -4.062131e-01 
1.376125e-02 -3.266607e-01 
6.666027e-03 -2.724600e-01 
3.642898e-03 -2.409533e-01 
-1.695466e-03 -2.496046e-01 
-1.192204e-02 -3.160002e-01 
-1.109191e-02 -3.925171e-01 
6.894064e-01 8.659202e-02 
2.719334e-02 1.835128e-01 
-1.261089e-03 2.940803e-01 
-3.296228e-02 4.180176e-01 
-8.278215e-03 4.968296e-01 
-2.923293e-03 5.389797e-01 
6.583192e-03 5.476361e-01 
1.967691e-02 5.061546e-01 
1.183254e-02 4.179569e-01 
1.046056e+00 -2.422721e-01 
-1.393108e-01 -3.774207e-01 
-3.097165e-03 -5.139119e-01 
2.341130e-02 -5.664476e-01 
1.626766e-02 -5.774866e-01 
6.085802e-03 -5.420412e-01 
-3.634099e-03 -4.612883e-01 
-1.644559e-02 -3.938379e-01 
-1.415696e-02 -4.460063e-01 
3.921360e-01 1.319846e-01 
1.014614e-01 2.147423e-01 
1.626002e-02 1.613651e-01 
-1.117565e-02 9.819491e-02 
-7.078815e-03 7.302931e-02 
-6.460049e-03 9.257589e-02 
-2.275184e-03 1.738123e-01 
1.212890e-02 2.702772e-01 
7.254747e-03 2.216334e-01 
-8.892922e-03 -9.013421e-02 
-6.290404e-03 -1.255095e-01 
-2.131675e-03 -1.123150e-01 
2.994649e-03 -7.717968e-02 
9.400401e-04 -4.915047e-02 
7.801781e-04 -1.481229e-02 
1.716976e-03 2.316441e-02 
-4.224314e-04 9.888346e-03 
-3.381510e-03 -1.089792e-01 
5.159733e-01 -3.664956e-01 
3.779599e-02 -4.837366e-01 
-5.643313e-04 -3.808261e-01 
7.104553e-03 -1.957254e-01 
2.060712e-03 -6.790430e-02 
2.827779e-03 1.698867e-02 
4.043209e-03 4.373616e-02 
-2.791944e-03 -3.268441e-02 
-6.291055e-03 -1.795846e-01 
