poroelastic
-3.713715e-02 3.428450e-01 
-2.147027e-02 4.836318e-01 
2.179063e-03 3.867518e-01 
1.877050e-03 9.086482e-02 
-2.262736e-03 -7.873152e-02 
-3.104498e-03 -1.626129e-01 
-1.325353e-03 -1.463033e-01 
5.620546e-04 3.855465e-03 
1.723546e-03 2.005188e-01 
-6.777887e-01 9.059391e-01 
-1.030661e-01 1.057366e+00 
1.546391e-02 7.231490e-01 
1.973267e-03 2.145825e-01 
-5.566925e-03 -1.040673e-01 
-7.191051e-03 -2.827613e-01 
-4.518852e-03 -3.141855e-01 
-5.536638e-04 -1.741836e-01 
4.281685e-05 1.907553e-02 
-3.422929e-02 -4.097528e-01 
-8.266751e-03 -8.436454e-02 
-5.280452e-03 -2.022874e-02 
-4.926628e-04 -9.075961e-02 
3.499081e-05 -8.885514e-02 
9.260380e-04 -4.839610e-02 
2.189679e-03 3.639824e-02 
1.876316e-03 1.784241e-01 
1.645485e-03 3.125013e-01 
-2.664457e-01 5.739028e-01 
-1.523817e-02 5.155943e-01 
4.124146e-03 3.839868e-01 
3.007234e-03 2.162403e-01 
7.948204e-04 8.280122e-02 
-1.168251e-03 -2.426001e-02 
-2.652149e-03 -1.090117e-01 
-2.281912e-03 -1.737170e-01 
-1.588342e-03 -2.128916e-01 
-5.631775e-01 -6.891517e-01 
-5.554999e-02 -6.284924e-01 
-2.346840e-03 -3.963215e-01 
-3.275844e-03 -2.105035e-01 
-9.827699e-04 -8.040086e-02 
2.952941e-04 6.295120e-03 
6.760022e-04 4.990970e-02 
4.758905e-04 4.605919e-02 
1.170700e-04 1.679456e-02 
-5.052623e-03 1.185230e-01 
-2.259318e-03 1.666953e-01 
8.086719e-04 1.394174e-01 
4.311843e-04 4.181446e-02 
-1.971930e-04 -1.446869e-02 
-5.729763e-04 -4.749965e-02 
-5.156440e-04 -4.908042e-02 
1.882221e-05 -7.940578e-03 
3.336412e-04 4.287843e-02 
-6.499722e-01 7.995782e-01 
-1.165099e-01 9.287040e-01 
-2.774181e-03 6.669140e-01 
3.633913e-03 2.966096e-01 
6.577120e-04 4.131392e-02 
-1.469296e-03 -1.245394e-01 
-2.433006e-03 -1.927204e-01 
-1.418723e-03 -1.331267e-01 
-1.742111e-04 -2.064776e-02 
-1.078891e-01 -4.368447e-01 
4.596914e-04 -1.979895e-01 
-1.573444e-03 -1.050812e-01 
-1.457960e-03 -1.030220e-01 
-7.397417e-04 -7.255890e-02 
-4.722473e-04 -2.828022e-02 
2.861786e-04 3.812268e-02 
2.147777e-03 1.458211e-01 
2.218802e-03 2.454748e-01 
-1.657060e-01 5.134820e-01 
2.411153e-03 3.365877e-01 
2.128773e-03 2.296606e-01 
8.471551e-04 1.567983e-01 
1.532703e-03 7.806874e-02 
8.854936e-04 -3.070386e-03 
-4.062137e-04 -8.693891e-02 
-2.477219e-03 -1.816024e-01 
-2.871971e-03 -2.701711e-01 
-5.517106e-01 -7.339267e-01 
-8.931640e-02 -7.850591e-01 
-5.812476e-03 -5.175367e-01 
-1.868997e-03 -2.016399e-01 
-4.948818e-04 -2.446493e-03 
5.671015e-04 1.131137e-01 
1.414908e-03 1.451215e-01 
1.127944e-03 8.217813e-02 
-3.311227e-04 -2.720472e-02 
3.927431e-05 -2.211261e-02 
1.608453e-04 -2.578925e-02 
2.520479e-04 -9.313589e-03 
-1.654104e-04 2.179503e-02 
-1.117667e-04 3.766113e-02 
1.180440e-04 3.944204e-02 
2.869431e-04 3.438558e-02 
3.289024e-04 2.528246e-02 
3.824699e-05 3.310750e-03 
-5.063940e-01 7.538821e-01 
-5.856162e-02 7.667477e-01 
-9.273992e-04 5.128006e-01 
1.758905e-03 2.349004e-01 
1.998725e-03 3.198487e-02 
8.293789e-04 -1.114073e-01 
-1.017711e-03 -1.830616e-01 
-2.160737e-03 -1.598189e-01 
-1.254306e-03 -1.039195e-01 
-1.484744e-01 -5.024531e-01 
-3.289055e-03 -3.551896e-01 
2.066832e-03 -2.184301e-01 
-3.022914e-03 -1.015952e-01 
-1.469276e-03 -1.505600e-02 
-1.443230e-03 5.098552e-02 
-5.412641e-04 1.057824e-01 
2.810976e-03 1.638515e-01 
2.400217e-03 1.952035e-01 
-1.045687e-01 4.190892e-01 
3.481418e-03 1.234342e-01 
-6.913477e-04 7.160912e-02 
8.168517e-05 1.394334e-01 
1.948247e-03 1.360214e-01 
3.137627e-03 8.848659e-02 
2.885620e-03 -2.330485e-03 
-2.712195e-03 -1.514773e-01 
-4.821485e-03 -3.178994e-01 
-7.133124e-01 -8.330397e-01 
-1.388548e-01 -9.993527e-01 
-6.349757e-03 -7.105133e-01 
-4.338406e-04 -2.633138e-01 
-2.179062e-03 1.520592e-02 
-1.176070e-03 1.738025e-01 
1.456241e-03 2.147487e-01 
1.797365e-03 1.131422e-01 
-9.841833e-04 -6.613809e-02 
-1.571480e-02 -1.461519e-01 
-1.107518e-02 -2.020515e-01 
-4.164234e-03 -1.624805e-01 
1.547577e-03 -3.925613e-02 
9.571918e-04 1.539772e-02 
1.344115e-03 2.515705e-02 
1.201013e-03 1.651976e-04 
-1.170382e-03 -5.373344e-02 
-1.682997e-03 -1.283857e-01 
-7.341513e-01 7.461112e-01 
-3.497338e-02 6.665693e-01 
7.637609e-03 4.558290e-01 
-6.886756e-03 2.807296e-01 
-1.526189e-03 1.428519e-01 
-2.009027e-04 3.616630e-02 
-7.510174e-04 -2.426760e-02 
1.629247e-04 4.045600e-04 
9.204863e-04 5.237073e-02 
