poroelastic
-3.075445e-02 -6.560930e-02 
-4.083781e-02 -7.600651e-02 
-4.483222e-02 7.560773e-03 
1.524188e-02 1.809894e-01 
2.361445e-02 2.664988e-01 
2.252956e-02 2.720482e-01 
1.556817e-02 1.920068e-01 
4.695686e-03 6.548761e-02 
1.419544e-03 3.108324e-02 
9.005882e-01 -6.212293e-01 
1.768534e-01 -7.559852e-01 
1.637009e-02 -5.584235e-01 
-2.451722e-02 -2.704876e-01 
-1.023775e-02 -1.073873e-01 
-4.756111e-03 -3.402634e-02 
-8.428962e-03 -5.636197e-02 
-1.103621e-02 -1.530026e-01 
-7.042429e-03 -1.811014e-01 
4.519391e-01 4.554684e-01 
-6.659192e-02 3.115062e-01 
-3.191950e-02 2.700731e-01 
2.343433e-02 3.003617e-01 
2.453138e-02 2.883559e-01 
1.940624e-02 2.471310e-01 
1.534790e-02 1.874781e-01 
9.503892e-03 1.282687e-01 
5.026232e-03 1.210342e-01 
5.156944e-01 -4.840891e-01 
3.273194e-02 -4.122026e-01 
1.665308e-02 -3.624248e-01 
-2.583522e-02 -2.921061e-01 
-1.874831e-02 -2.469996e-01 
-1.553595e-02 -2.072144e-01 
-1.139473e-02 -1.575153e-01 
-3.469683e-03 -6.846046e-02 
1.564739e-03 3.658222e-02 
8.059159e-01 7.501492e-01 
1.222910e-01 8.819568e-01 
1.971814e-02 6.531818e-01 
2.695605e-02 3.650241e-01 
1.282170e-02 1.672857e-01 
2.757429e-03 3.303321e-02 
-4.051604e-04 -2.466407e-02 
3.914218e-03 2.749035e-02 
5.802634e-03 1.357053e-01 
-9.601514e-06 2.622386e-02 
9.843549e-04 1.979139e-02 
1.504343e-04 -6.000519e-03 
-5.047207e-04 -6.347616e-03 
-5.001198e-04 -7.026961e-03 
-3.712500e-04 -5.487344e-03 
-4.130093e-04 -7.671024e-03 
-1.446340e-04 -7.621235e-03 
7.523518e-04 1.821417e-02 
8.252357e-01 -7.466215e-01 
1.358037e-01 -8.538103e-01 
-7.130496e-03 -6.237402e-01 
-2.312446e-02 -3.267356e-01 
-8.976860e-03 -1.266656e-01 
-3.590233e-04 -3.555392e-03 
1.428898e-03 3.386810e-02 
-2.060186e-03 -1.750038e-02 
-2.816137e-03 -6.781050e-02 
5.241976e-01 5.722993e-01 
-1.577946e-02 5.408621e-01 
-2.939965e-03 4.824166e-01 
2.743858e-02 4.128724e-01 
2.369116e-02 3.177520e-01 
1.503306e-02 2.116230e-01 
8.844422e-03 1.184548e-01 
4.958944e-03 6.662913e-02 
2.854711e-03 6.788827e-02 
6.111130e-01 -5.017449e-01 
-2.117653e-02 -2.452947e-01 
1.760831e-02 -2.507868e-01 
-3.057277e-02 -3.358141e-01 
-2.499470e-02 -3.854387e-01 
-2.520933e-02 -3.806290e-01 
-1.921432e-02 -2.958047e-01 
-3.979166e-03 -9.641671e-02 
4.896400e-03 1.121606e-01 
9.077591e-01 8.846350e-01 
2.240151e-01 1.144917e+00 
5.043938e-02 8.590197e-01 
2.513715e-02 3.981238e-01 
7.126946e-03 1.048959e-01 
-3.995506e-03 -6.216955e-02 
-4.363335e-03 -8.473067e-02 
8.525963e-03 6.845191e-02 
1.201852e-02 2.642228e-01 
1.376581e-03 1.601582e-01 
7.680802e-03 2.145407e-01 
9.194479e-03 1.568600e-01 
1.498455e-03 2.529715e-02 
-3.136596e-03 -5.004007e-02 
-5.055439e-03 -7.957782e-02 
-3.539334e-03 -6.422431e-02 
1.344833e-03 1.542358e-03 
3.672901e-03 8.596002e-02 
9.846121e-01 -8.108159e-01 
1.154806e-01 -7.941779e-01 
-7.998503e-03 -5.646765e-01 
-2.370138e-02 -3.781226e-01 
-1.481894e-02 -2.485765e-01 
-9.686294e-03 -1.561826e-01 
-7.718205e-03 -1.043936e-01 
-6.453538e-03 -9.233011e-02 
-3.627025e-03 -8.414073e-02 
6.514034e-01 7.095098e-01 
5.279817e-02 7.696570e-01 
2.538359e-02 6.583685e-01 
2.256173e-02 4.606689e-01 
1.929259e-02 2.999982e-01 
1.080763e-02 1.739950e-01 
8.131462e-03 1.089499e-01 
1.029824e-02 1.241928e-01 
7.707348e-03 1.773619e-01 
6.850365e-01 -5.894657e-01 
-9.150475e-02 -1.106676e-01 
2.081522e-03 -1.669930e-01 
-2.443189e-02 -3.868287e-01 
-2.445043e-02 -4.954528e-01 
-2.919983e-02 -5.004230e-01 
-2.352741e-02 -3.728577e-01 
-2.324412e-03 -8.435262e-02 
9.027229e-03 1.933159e-01 
1.092746e+00 1.110716e+00 
3.082725e-01 1.482204e+00 
7.574470e-02 1.101790e+00 
2.217634e-02 4.134225e-01 
-6.626739e-04 -2.079918e-02 
-1.479745e-02 -2.505699e-01 
-1.632179e-02 -2.511526e-01 
5.878994e-03 9.856974e-03 
1.468974e-02 3.098577e-01 
2.919097e-02 3.516321e-01 
3.068809e-02 4.771866e-01 
1.769710e-02 3.501063e-01 
2.281659e-03 2.359184e-02 
-7.005191e-03 -1.408405e-01 
-1.146742e-02 -1.898358e-01 
-7.658485e-03 -1.280986e-01 
5.695515e-03 3.508232e-02 
9.188366e-03 2.088156e-01 
1.003573e+00 -1.092334e+00 
6.773541e-03 -8.330492e-01 
-2.923414e-02 -5.164607e-01 
-1.060611e-02 -3.103012e-01 
-6.147501e-03 -1.473689e-01 
-4.305504e-04 -3.043940e-02 
4.516999e-04 9.668015e-03 
-6.583716e-03 -6.387123e-02 
-6.456853e-03 -1.389679e-01 
