poroelastic
-5.004415e-02 2.341694e-01 
-3.911396e-02 3.401262e-01 
-1.930603e-02 3.126449e-01 
7.246776e-03 1.702443e-01 
4.028944e-03 8.270281e-02 
1.767322e-03 2.502011e-02 
2.026562e-03 -1.522868e-03 
3.276352e-03 5.148896e-02 
2.479071e-03 1.962990e-01 
-8.228832e-02 4.604274e-01 
3.057870e-02 4.810540e-01 
4.249655e-02 3.025693e-01 
-1.652250e-03 4.015222e-02 
-8.056671e-03 -1.301716e-01 
-1.111946e-02 -2.425990e-01 
-1.250218e-02 -3.076749e-01 
-6.095563e-03 -2.936025e-01 
-1.321755e-03 -1.817328e-01 
4.432168e-01 -1.209501e-01 
-9.663765e-02 1.122535e-01 
-4.424170e-02 2.159044e-01 
7.822922e-03 2.275521e-01 
1.151773e-02 2.512371e-01 
1.005643e-02 2.714640e-01 
1.169061e-02 2.885967e-01 
1.061627e-02 3.261012e-01 
4.050596e-03 3.916637e-01 
2.211805e-01 2.628927e-01 
3.958291e-02 1.410525e-01 
3.742534e-02 1.415994e-02 
-5.843442e-03 -1.015040e-01 
-5.210117e-03 -1.858324e-01 
-7.906614e-03 -2.453094e-01 
-1.178345e-02 -2.876234e-01 
-1.074343e-02 -3.205354e-01 
-4.289478e-03 -3.434819e-01 
4.269160e-02 -3.143317e-01 
1.602295e-02 -1.987056e-01 
-1.205128e-02 -6.351930e-02 
-1.784071e-04 3.443229e-02 
3.682471e-03 1.005357e-01 
4.432879e-03 1.448077e-01 
5.364066e-03 1.709075e-01 
5.885480e-03 1.776141e-01 
2.175110e-03 1.617156e-01 
-5.094873e-03 5.933781e-02 
-2.964901e-03 7.942643e-02 
-5.474520e-04 7.121489e-02 
1.142470e-03 4.190414e-02 
5.767006e-04 2.198186e-02 
1.529446e-04 5.600259e-03 
-2.481385e-04 -8.070123e-03 
-2.219599e-04 -1.037021e-02 
2.202416e-05 1.677020e-03 
-6.257814e-02 3.767714e-01 
2.036079e-02 3.518203e-01 
2.071510e-02 2.114786e-01 
3.792238e-03 5.221645e-02 
-5.506553e-04 -6.167447e-02 
-3.604644e-03 -1.474702e-01 
-7.625302e-03 -2.125197e-01 
-7.411776e-03 -2.400465e-01 
-2.954988e-03 -2.172475e-01 
3.696794e-01 -1.826160e-01 
-3.835218e-02 1.307539e-02 
-2.351349e-02 1.382284e-01 
-2.180018e-03 2.104411e-01 
6.841302e-03 2.660118e-01 
6.884803e-03 3.029079e-01 
9.441991e-03 3.234369e-01 
1.158039e-02 3.403716e-01 
5.086935e-03 3.529311e-01 
3.830968e-01 2.249538e-01 
-1.484561e-04 2.779396e-02 
2.035495e-02 -1.004513e-01 
-6.581367e-03 -1.711817e-01 
-3.386619e-04 -2.302235e-01 
-3.205384e-03 -2.740321e-01 
-8.334564e-03 -3.078651e-01 
-1.241457e-02 -3.555637e-01 
-7.281756e-03 -4.321013e-01 
-2.861599e-04 -3.738370e-01 
2.340010e-02 -3.208517e-01 
-4.830641e-04 -1.624811e-01 
-5.217099e-03 1.455975e-02 
8.718528e-04 1.285954e-01 
2.718873e-03 2.032820e-01 
5.318614e-03 2.445071e-01 
8.390603e-03 2.332594e-01 
2.849077e-03 1.488936e-01 
1.351114e-04 -4.790711e-02 
-4.866637e-04 -6.725232e-02 
-9.505666e-04 -4.903009e-02 
-2.695184e-04 -1.343097e-03 
2.451638e-04 2.551028e-02 
7.828962e-04 3.922987e-02 
1.055190e-03 4.068234e-02 
1.325216e-04 1.779658e-02 
-6.660045e-04 -3.813866e-02 
1.043269e-01 3.452478e-01 
5.194933e-02 2.409240e-01 
1.352645e-02 9.844918e-02 
4.423794e-03 -1.386822e-02 
2.956983e-03 -1.026520e-01 
-1.058085e-04 -1.760624e-01 
-5.715664e-03 -2.391326e-01 
-9.906892e-03 -2.898849e-01 
-5.820738e-03 -3.296856e-01 
3.561725e-01 -2.636688e-01 
5.719741e-03 -1.081562e-01 
6.924559e-04 5.298943e-02 
-1.638900e-02 2.116585e-01 
1.399103e-03 3.196762e-01 
2.847235e-03 3.884877e-01 
8.280839e-03 4.215762e-01 
1.513152e-02 4.127293e-01 
6.222738e-03 3.457671e-01 
5.638568e-01 1.188865e-01 
-7.596021e-02 -1.555548e-01 
-6.457554e-03 -2.668663e-01 
2.536357e-03 -2.506034e-01 
7.779789e-03 -2.564551e-01 
3.643186e-03 -2.644055e-01 
-2.851662e-03 -2.756825e-01 
-1.442026e-02 -3.408688e-01 
-1.090422e-02 -5.028739e-01 
-1.688017e-01 -4.501011e-01 
-1.257585e-02 -4.907252e-01 
7.230034e-03 -3.308449e-01 
-6.774867e-03 -7.798315e-02 
-3.746110e-03 8.547691e-02 
-1.340896e-03 1.948751e-01 
3.239106e-03 2.614364e-01 
8.881179e-03 2.432633e-01 
1.774297e-03 8.003567e-02 
-1.091128e-02 -1.427108e-01 
-8.059600e-03 -1.926493e-01 
-3.414079e-03 -1.468804e-01 
1.400412e-03 -3.684431e-02 
1.415605e-03 1.567714e-02 
2.278319e-03 3.527301e-02 
1.864676e-03 2.647374e-02 
-3.119238e-03 -3.723562e-02 
-3.588261e-03 -1.802597e-01 
-1.736839e-01 2.320614e-01 
-8.495054e-03 1.256315e-01 
1.258780e-03 6.733373e-02 
-8.689510e-04 7.954381e-02 
8.291565e-04 7.357060e-02 
1.858526e-03 5.618624e-02 
1.390607e-03 2.743389e-02 
-1.687252e-03 -1.892530e-02 
-2.094034e-03 -9.631584e-02 
