poroelastic
-5.424561e-02 5.573195e-02 
-5.520274e-02 7.582018e-02 
-4.913929e-02 1.027681e-01 
2.304462e-02 1.769051e-01 
2.721950e-02 2.152830e-01 
2.346981e-02 2.033593e-01 
1.741063e-02 1.393829e-01 
8.825734e-03 6.945849e-02 
4.079689e-03 1.129446e-01 
8.209008e-01 -2.856860e-01 
2.317090e-01 -4.713929e-01 
6.038329e-02 -4.333630e-01 
-3.979324e-02 -2.895888e-01 
-2.738012e-02 -2.061697e-01 
-2.230524e-02 -1.650165e-01 
-2.814547e-02 -1.813848e-01 
-2.447059e-02 -2.538268e-01 
-8.322402e-03 -2.585793e-01 
5.329756e-01 3.256299e-01 
-1.328489e-01 2.715208e-01 
-7.423483e-02 2.685557e-01 
3.738048e-02 3.193897e-01 
4.492474e-02 3.478266e-01 
3.972472e-02 3.449142e-01 
4.003303e-02 3.197555e-01 
2.921223e-02 2.853641e-01 
9.575875e-03 2.800833e-01 
6.544939e-01 -2.630596e-01 
8.695670e-02 -2.906351e-01 
6.418389e-02 -3.395323e-01 
-5.078808e-02 -3.285905e-01 
-3.869560e-02 -3.422790e-01 
-3.772496e-02 -3.442394e-01 
-3.748462e-02 -3.199185e-01 
-2.284802e-02 -2.485160e-01 
-5.996920e-03 -1.705652e-01 
6.213046e-01 5.132765e-01 
8.311846e-02 6.309468e-01 
4.485611e-03 4.585567e-01 
2.802117e-02 2.528539e-01 
1.587280e-02 1.283715e-01 
8.072928e-03 5.683908e-02 
1.002734e-02 5.093005e-02 
1.642882e-02 1.291304e-01 
8.107891e-03 2.185967e-01 
4.539706e-03 1.838962e-02 
3.980630e-03 -1.675994e-02 
-2.369760e-03 -6.498964e-02 
-5.478581e-03 -5.212752e-02 
-2.967552e-03 -3.238702e-02 
-5.212143e-04 -8.946635e-03 
1.449614e-03 8.202539e-03 
1.602880e-03 1.275114e-02 
7.839277e-04 2.393929e-02 
8.133374e-01 -4.434644e-01 
1.833946e-01 -6.025766e-01 
2.369557e-02 -5.012346e-01 
-3.668708e-02 -3.077206e-01 
-2.122400e-02 -1.868327e-01 
-1.420404e-02 -1.162215e-01 
-1.735585e-02 -1.063864e-01 
-1.708587e-02 -1.639842e-01 
-6.818145e-03 -2.101038e-01 
5.559937e-01 4.308842e-01 
-6.045835e-02 4.581198e-01 
-3.280790e-02 4.286568e-01 
4.230584e-02 3.903348e-01 
4.232826e-02 3.427635e-01 
3.263151e-02 2.881632e-01 
3.173430e-02 2.558992e-01 
2.684395e-02 2.681609e-01 
9.629745e-03 2.929296e-01 
9.537181e-01 -3.416528e-01 
4.234238e-05 -2.334524e-01 
6.067883e-02 -3.509764e-01 
-7.919368e-02 -4.594944e-01 
-5.384033e-02 -5.513626e-01 
-5.400769e-02 -5.684286e-01 
-4.710739e-02 -4.826668e-01 
-2.207941e-02 -2.843965e-01 
-4.177460e-03 -1.198914e-01 
7.519576e-01 6.334509e-01 
1.836587e-01 8.609768e-01 
3.917620e-02 6.516802e-01 
3.192626e-02 3.158610e-01 
1.412827e-02 1.154951e-01 
4.661531e-03 1.717584e-02 
1.059338e-02 4.261824e-02 
2.582499e-02 2.068024e-01 
1.282872e-02 3.468269e-01 
3.442089e-03 8.582398e-02 
8.074335e-03 9.011765e-02 
5.971245e-03 2.848568e-02 
-5.483811e-03 -4.687663e-02 
-7.605481e-03 -8.328515e-02 
-6.691105e-03 -8.147671e-02 
-1.937061e-03 -4.273248e-02 
3.132495e-03 2.123960e-02 
1.905318e-03 6.064344e-02 
1.151102e+00 -5.933950e-01 
1.893981e-01 -7.052219e-01 
1.269237e-02 -5.944971e-01 
-5.456265e-02 -4.503676e-01 
-3.501339e-02 -3.616409e-01 
-2.824054e-02 -2.898551e-01 
-2.762751e-02 -2.386939e-01 
-2.017657e-02 -2.230056e-01 
-7.337225e-03 -2.396480e-01 
7.132438e-01 5.395570e-01 
9.612505e-03 6.370769e-01 
6.780003e-03 5.899610e-01 
4.143222e-02 4.815296e-01 
4.414465e-02 3.909165e-01 
3.264696e-02 3.193560e-01 
3.490683e-02 3.058610e-01 
3.526296e-02 3.593626e-01 
1.173325e-02 3.780456e-01 
1.229896e+00 -5.325716e-01 
-1.462310e-01 -2.168382e-01 
1.946689e-02 -3.831569e-01 
-8.289848e-02 -5.899061e-01 
-5.592212e-02 -7.194205e-01 
-5.916917e-02 -7.234922e-01 
-4.893793e-02 -5.660915e-01 
-1.992331e-02 -2.691012e-01 
-2.940838e-03 -8.659834e-02 
9.228889e-01 8.159584e-01 
2.820592e-01 1.127000e+00 
8.226822e-02 8.453667e-01 
2.924874e-02 3.420036e-01 
3.314645e-03 2.802456e-02 
-8.382384e-03 -1.183055e-01 
-1.031168e-03 -5.973241e-02 
2.719081e-02 2.055067e-01 
1.375196e-02 3.838372e-01 
1.360466e-02 1.857487e-01 
1.886990e-02 2.309518e-01 
9.095018e-03 1.208792e-01 
-8.780538e-03 -1.058292e-01 
-1.593580e-02 -2.112057e-01 
-1.652080e-02 -2.159497e-01 
-7.818327e-03 -1.233656e-01 
4.810149e-03 2.507374e-02 
2.862631e-03 9.637574e-02 
1.051281e+00 -9.863706e-01 
1.949895e-02 -8.473912e-01 
-3.955782e-02 -5.878966e-01 
-2.755233e-02 -3.575295e-01 
-1.374011e-02 -1.807094e-01 
-3.967916e-03 -4.997884e-02 
-3.243004e-03 6.161088e-03 
-9.588908e-03 -6.152106e-02 
-4.775674e-03 -1.737605e-01 
