poroelastic
5.067682e-02 -5.018527e-02 
4.976030e-02 -1.206442e-01 
3.102584e-02 -2.391894e-01 
-3.637818e-02 -3.742288e-01 
-2.930601e-02 -4.111029e-01 
-2.138145e-02 -3.647242e-01 
-1.158984e-02 -2.329015e-01 
-3.223323e-03 -9.914675e-02 
-2.557916e-03 -1.242288e-01 
-8.370023e-01 4.644267e-01 
-1.572397e-01 5.518057e-01 
-1.732582e-02 3.900197e-01 
2.441216e-02 2.060490e-01 
1.518231e-02 1.141899e-01 
1.388766e-02 1.081043e-01 
1.572256e-02 1.995133e-01 
7.126330e-03 3.228599e-01 
3.998446e-03 2.958323e-01 
-8.738235e-01 -4.364192e-01 
1.080223e-01 -4.453820e-01 
2.210593e-02 -5.012676e-01 
-5.836021e-02 -5.620148e-01 
-4.046621e-02 -5.541436e-01 
-2.998770e-02 -4.972212e-01 
-2.044205e-02 -4.016115e-01 
-7.888023e-03 -3.148231e-01 
-5.008631e-03 -3.176436e-01 
-6.599610e-01 3.940622e-01 
-4.432082e-02 4.088849e-01 
-1.208133e-02 4.090412e-01 
3.616552e-02 3.952741e-01 
2.660121e-02 3.789842e-01 
2.180326e-02 3.616734e-01 
1.694451e-02 3.350313e-01 
7.565524e-03 2.738759e-01 
3.629264e-03 2.032532e-01 
-1.059501e+00 -5.733345e-01 
-1.948556e-01 -8.433815e-01 
-2.934142e-02 -7.344957e-01 
-3.994368e-02 -5.266270e-01 
-2.348581e-02 -3.632320e-01 
-1.408209e-02 -2.337287e-01 
-9.227698e-03 -1.535645e-01 
-4.593510e-03 -1.624970e-01 
-3.520852e-03 -2.237080e-01 
3.459173e-03 -5.654057e-02 
5.824476e-04 -8.607466e-02 
-2.763996e-03 -1.005949e-01 
-7.007694e-03 -1.126778e-01 
-4.169895e-03 -9.685984e-02 
-1.695466e-03 -6.136929e-02 
8.282153e-04 -4.084287e-03 
1.185290e-03 4.669653e-02 
7.189716e-04 4.579821e-02 
-7.777283e-01 6.181607e-01 
-1.290006e-01 7.427459e-01 
7.507593e-03 5.391685e-01 
1.742531e-02 2.755201e-01 
7.773085e-03 1.090748e-01 
4.349382e-03 3.001746e-02 
5.683341e-03 5.275432e-02 
4.928299e-03 1.658958e-01 
4.158113e-03 2.485731e-01 
-9.204623e-01 -4.474906e-01 
1.874097e-02 -5.464009e-01 
-1.389227e-02 -6.183085e-01 
-4.956341e-02 -6.610713e-01 
-3.598559e-02 -6.255753e-01 
-2.678147e-02 -5.460841e-01 
-1.839860e-02 -4.333727e-01 
-8.087190e-03 -3.090054e-01 
-3.875567e-03 -2.285120e-01 
-7.906492e-01 4.007221e-01 
2.484814e-02 2.960806e-01 
7.726904e-03 3.295114e-01 
3.871810e-02 4.184917e-01 
2.820568e-02 4.776699e-01 
2.491374e-02 4.966633e-01 
2.009333e-02 4.647032e-01 
9.722742e-03 3.749841e-01 
5.220808e-03 3.030295e-01 
-1.067886e+00 -6.242119e-01 
-2.955982e-01 -9.565147e-01 
-6.572921e-02 -8.112952e-01 
-3.200179e-02 -5.117380e-01 
-1.719622e-02 -3.013061e-01 
-1.041008e-02 -1.753179e-01 
-8.819927e-03 -1.517599e-01 
-7.129708e-03 -2.433722e-01 
-5.800704e-03 -3.354863e-01 
-4.460648e-03 -9.487778e-02 
-6.669916e-03 -1.398228e-01 
-6.805676e-03 -1.342597e-01 
-3.447592e-03 -7.625166e-02 
-8.914215e-04 -2.717352e-02 
3.565788e-04 7.156058e-03 
6.481024e-04 2.375496e-02 
1.782634e-04 1.135018e-02 
-2.093255e-04 -1.289776e-02 
-9.452326e-01 6.547054e-01 
-1.153611e-01 6.985721e-01 
2.009089e-02 5.005470e-01 
2.005602e-02 3.239011e-01 
1.180740e-02 2.156952e-01 
9.190667e-03 1.712754e-01 
9.471201e-03 1.954710e-01 
7.026801e-03 2.677397e-01 
5.419376e-03 3.212009e-01 
-9.513499e-01 -5.118629e-01 
-8.657177e-02 -6.696827e-01 
-5.711073e-02 -7.024248e-01 
-3.758435e-02 -6.700973e-01 
-2.852158e-02 -6.047300e-01 
-2.153957e-02 -5.189980e-01 
-1.617920e-02 -4.288299e-01 
-9.206816e-03 -3.532652e-01 
-4.988251e-03 -2.962678e-01 
-9.113937e-01 5.151742e-01 
1.267575e-01 2.940132e-01 
4.404346e-02 3.649992e-01 
3.219103e-02 5.186993e-01 
2.309803e-02 5.887725e-01 
2.093978e-02 5.873473e-01 
1.608301e-02 4.945872e-01 
7.884349e-03 3.125929e-01 
3.576295e-03 1.916592e-01 
-1.070793e+00 -7.781074e-01 
-3.188756e-01 -1.137256e+00 
-7.785730e-02 -8.982475e-01 
-1.858239e-02 -4.335265e-01 
-5.183990e-03 -1.286643e-01 
-1.420662e-04 3.594396e-02 
-7.866679e-04 3.424276e-02 
-4.840962e-03 -1.497100e-01 
-5.403604e-03 -3.102704e-01 
-2.810171e-02 -2.308992e-01 
-2.666108e-02 -3.396837e-01 
-1.442714e-02 -3.045240e-01 
-3.101802e-03 -1.191272e-01 
3.505344e-04 -3.979451e-04 
2.065156e-03 6.727648e-02 
2.129848e-03 8.212309e-02 
7.548422e-04 4.074108e-02 
-3.362198e-05 -2.332328e-03 
-7.978630e-01 9.734051e-01 
8.087840e-03 8.050329e-01 
2.766912e-02 4.747731e-01 
5.136443e-03 1.908478e-01 
2.141222e-04 1.111078e-02 
-2.372664e-03 -8.385223e-02 
-1.579387e-03 -7.185140e-02 
2.954670e-03 6.840120e-02 
4.559567e-03 2.213114e-01 
