poroelastic
2.807435e-02 2.165071e-01 
4.000059e-02 2.104313e-01 
2.877778e-02 -9.993555e-02 
-3.999607e-02 -5.693213e-01 
-4.451679e-02 -7.782410e-01 
-3.529440e-02 -7.352632e-01 
-7.462487e-03 -3.660905e-01 
1.627069e-02 2.398350e-01 
1.714641e-02 6.810392e-01 
-1.142976e-01 5.042017e-01 
3.182039e-02 4.529813e-01 
1.856495e-02 6.034653e-02 
-2.821691e-02 -4.382323e-01 
-3.365950e-02 -6.600150e-01 
-2.238034e-02 -5.987078e-01 
5.067112e-03 -2.250532e-01 
1.936052e-02 3.744836e-01 
1.673673e-02 8.362064e-01 
-1.361529e-01 -1.598214e-01 
7.090666e-03 -8.042033e-02 
-3.094196e-03 -1.633967e-01 
-2.227318e-02 -3.883416e-01 
-1.886703e-02 -4.280385e-01 
-8.120581e-03 -3.031053e-01 
8.405546e-03 -5.029231e-02 
1.354435e-02 2.929500e-01 
1.121572e-02 6.075443e-01 
-3.891003e-01 3.971753e-01 
-7.325107e-03 4.309803e-01 
5.377073e-03 3.411083e-01 
1.166570e-02 1.350966e-01 
4.030906e-03 2.021946e-02 
3.415234e-03 4.337854e-04 
7.544598e-03 5.681986e-02 
7.734610e-03 1.684734e-01 
6.237115e-03 3.210909e-01 
-1.459487e+00 -2.348084e-01 
-2.722499e-01 -5.832547e-01 
-1.413759e-02 -7.012646e-01 
-6.783229e-02 -8.318903e-01 
-5.659986e-02 -8.820446e-01 
-4.544234e-02 -8.387549e-01 
-3.184121e-02 -6.768875e-01 
-1.256513e-02 -4.180010e-01 
-3.247782e-03 -1.835215e-01 
-4.019189e-02 3.486699e-01 
-2.840915e-02 4.972820e-01 
-1.475842e-02 3.833712e-01 
3.802993e-02 9.001472e-02 
2.424206e-02 3.118811e-02 
3.178172e-02 1.774679e-01 
5.133845e-02 5.632994e-01 
3.950829e-02 1.172677e+00 
2.611491e-02 1.725992e+00 
6.242030e-01 8.022684e-01 
2.116639e-01 5.937967e-01 
3.894329e-02 -6.573166e-03 
-5.824386e-02 -7.254115e-01 
-6.059731e-02 -1.093559e+00 
-4.881922e-02 -1.127901e+00 
-2.429548e-02 -8.122079e-01 
-1.256055e-03 -1.887466e-01 
6.309348e-03 4.147997e-01 
-4.571252e-01 -3.323784e-01 
-1.627451e-02 -4.513479e-01 
-2.639152e-02 -6.403229e-01 
-4.524933e-02 -8.346109e-01 
-3.152509e-02 -8.009141e-01 
-1.285193e-02 -5.720848e-01 
1.089769e-02 -1.398626e-01 
1.570249e-02 4.485764e-01 
1.343110e-02 9.676269e-01 
-9.362480e-01 4.923998e-01 
1.848390e-02 5.054618e-01 
1.408161e-02 4.607815e-01 
4.218872e-02 3.397986e-01 
2.811530e-02 2.891627e-01 
2.662295e-02 3.080018e-01 
2.926813e-02 4.200659e-01 
1.701590e-02 6.417536e-01 
1.129447e-02 9.146807e-01 
-2.019928e+00 -8.881196e-02 
-4.965230e-01 -5.728729e-01 
-8.504516e-02 -7.854727e-01 
-1.014438e-01 -1.017678e+00 
-7.772489e-02 -1.157424e+00 
-6.392592e-02 -1.194384e+00 
-4.820277e-02 -1.133122e+00 
-1.939916e-02 -9.679801e-01 
-8.138623e-03 -7.224445e-01 
-5.211931e-03 7.296416e-02 
-8.214541e-03 7.794038e-02 
1.584766e-02 1.867315e-02 
5.493756e-02 -1.971025e-02 
4.279538e-02 1.405129e-01 
5.526747e-02 4.861309e-01 
6.433414e-02 1.006434e+00 
2.859143e-02 1.627712e+00 
2.007933e-02 2.142070e+00 
3.744883e-01 7.789331e-01 
1.226723e-01 4.737348e-01 
-8.021984e-03 -1.399301e-01 
-5.247643e-02 -7.460620e-01 
-4.380882e-02 -1.023673e+00 
-2.653980e-02 -9.795011e-01 
-2.057639e-03 -5.677073e-01 
4.738344e-03 1.543778e-01 
6.131867e-03 8.138840e-01 
-8.139813e-01 -1.453361e-01 
-5.096072e-02 -1.757097e-01 
-4.197915e-02 -3.639149e-01 
-6.211154e-02 -7.025287e-01 
-4.687794e-02 -8.748355e-01 
-3.573919e-02 -9.040901e-01 
-1.944987e-02 -7.551680e-01 
-4.122824e-03 -3.853698e-01 
4.729606e-04 5.917098e-02 
-1.593679e+00 7.274111e-01 
1.485837e-01 7.658931e-01 
8.788129e-02 8.414153e-01 
7.915478e-02 8.102131e-01 
5.144541e-02 7.934168e-01 
4.322290e-02 7.940554e-01 
3.274213e-02 7.886845e-01 
1.024842e-02 8.089561e-01 
7.426211e-03 9.613639e-01 
-1.919092e+00 -4.526038e-01 
-5.618571e-01 -1.043327e+00 
-1.588960e-01 -1.144275e+00 
-8.828083e-02 -1.103460e+00 
-5.235677e-02 -1.022183e+00 
-3.390189e-02 -8.638565e-01 
-1.820654e-02 -6.625141e-01 
-3.774639e-03 -4.674484e-01 
-1.147135e-03 -2.393939e-01 
2.421719e-02 8.915629e-02 
2.035869e-02 6.099775e-02 
2.301585e-02 -1.051571e-01 
8.683619e-03 -2.984070e-01 
7.111597e-03 -3.123530e-01 
1.755908e-02 -1.331927e-01 
2.540579e-02 2.569746e-01 
5.506251e-03 8.277668e-01 
4.504426e-03 1.371908e+00 
-6.046058e-01 9.667464e-01 
1.547901e-02 7.990067e-01 
1.712133e-02 3.718718e-01 
-3.035412e-03 -5.752975e-02 
-7.043859e-03 -2.917207e-01 
-4.120479e-03 -3.520477e-01 
2.554098e-03 -1.953978e-01 
2.265071e-03 1.779071e-01 
3.517737e-03 5.606250e-01 
