poroelastic
-4.065690e-02 9.441338e-02 
-3.800965e-02 1.337285e-01 
-3.132109e-02 1.424356e-01 
8.031787e-03 1.485351e-01 
9.271558e-03 1.487527e-01 
7.725632e-03 1.304324e-01 
6.639759e-03 8.823928e-02 
5.312548e-03 7.130834e-02 
3.722549e-03 1.633701e-01 
5.763428e-01 -6.211581e-02 
1.831163e-01 -2.143467e-01 
6.127714e-02 -2.356717e-01 
-1.315618e-02 -2.089886e-01 
-1.268259e-02 -1.954911e-01 
-1.277515e-02 -2.003472e-01 
-1.648026e-02 -2.416426e-01 
-1.261417e-02 -2.984220e-01 
-4.577858e-03 -2.603829e-01 
6.441050e-01 1.721015e-01 
-1.356042e-01 2.254995e-01 
-7.091125e-02 3.014560e-01 
1.507188e-02 3.753653e-01 
2.383143e-02 4.167336e-01 
2.138562e-02 4.249417e-01 
2.270326e-02 4.011275e-01 
1.876652e-02 3.668036e-01 
7.685438e-03 3.757960e-01 
6.363228e-01 -9.621050e-02 
8.416597e-02 -2.252825e-01 
6.457829e-02 -3.223246e-01 
-2.107946e-02 -3.652368e-01 
-1.676509e-02 -3.915620e-01 
-1.848854e-02 -3.949804e-01 
-2.180881e-02 -3.784060e-01 
-1.774823e-02 -3.463490e-01 
-7.051221e-03 -3.150346e-01 
4.854040e-01 1.829348e-01 
5.840167e-02 2.876548e-01 
-1.604354e-02 2.436741e-01 
5.454516e-03 1.813261e-01 
7.412452e-03 1.481353e-01 
6.448401e-03 1.378611e-01 
8.642946e-03 1.595951e-01 
1.245753e-02 2.166850e-01 
6.239203e-03 2.626287e-01 
3.863949e-03 -1.572382e-02 
2.777458e-03 -4.718912e-02 
-9.521186e-05 -6.895495e-02 
-2.030354e-03 -4.759588e-02 
-1.146336e-03 -2.674176e-02 
-2.587629e-04 -5.703701e-03 
5.051432e-04 7.705161e-03 
6.840383e-04 1.035244e-02 
4.567332e-04 2.009575e-02 
5.751928e-01 -1.330365e-01 
1.648402e-01 -3.112907e-01 
3.993996e-02 -3.131688e-01 
-5.930976e-03 -2.374906e-01 
-6.585615e-03 -1.861165e-01 
-6.651061e-03 -1.616350e-01 
-1.124944e-02 -1.814757e-01 
-1.313058e-02 -2.481246e-01 
-6.572143e-03 -2.851014e-01 
6.026874e-01 1.464591e-01 
-6.026812e-02 2.256716e-01 
-4.219206e-02 2.973562e-01 
3.730912e-03 3.691401e-01 
1.769412e-02 4.102361e-01 
1.709891e-02 4.248080e-01 
2.039310e-02 4.190388e-01 
2.081431e-02 3.988159e-01 
9.058276e-03 3.798177e-01 
8.780461e-01 -1.327473e-01 
-3.961203e-03 -2.614900e-01 
4.315417e-02 -4.015912e-01 
-2.446702e-02 -4.797801e-01 
-1.297848e-02 -5.216614e-01 
-1.669345e-02 -5.150662e-01 
-2.118921e-02 -4.597807e-01 
-1.981572e-02 -3.839194e-01 
-9.507247e-03 -3.603805e-01 
4.759585e-01 1.638081e-01 
1.069401e-01 2.884236e-01 
3.616863e-03 2.437651e-01 
-1.321870e-03 1.702048e-01 
3.140772e-03 1.387532e-01 
3.189824e-03 1.447795e-01 
7.703678e-03 2.009690e-01 
1.752542e-02 2.889896e-01 
8.878048e-03 3.066612e-01 
3.097609e-03 -4.765863e-02 
1.593622e-03 -8.670853e-02 
-4.581598e-04 -1.036333e-01 
-2.416841e-03 -8.266307e-02 
-1.986237e-03 -5.787834e-02 
-1.020653e-03 -2.466796e-02 
4.885758e-04 1.130233e-02 
7.226915e-04 2.212894e-02 
-3.319970e-04 -1.246162e-02 
7.980813e-01 -1.926407e-01 
1.712596e-01 -4.082231e-01 
2.624053e-02 -4.184850e-01 
-4.279055e-03 -3.419636e-01 
-4.102418e-03 -2.864912e-01 
-5.531481e-03 -2.474452e-01 
-1.125548e-02 -2.418702e-01 
-1.643399e-02 -2.957131e-01 
-1.003704e-02 -3.746552e-01 
6.533575e-01 1.088757e-01 
5.143235e-03 2.028774e-01 
-1.024885e-02 2.904082e-01 
-1.477244e-02 3.928635e-01 
1.109701e-02 4.630999e-01 
1.274121e-02 5.047757e-01 
2.083683e-02 5.254323e-01 
2.780091e-02 5.024736e-01 
1.119015e-02 4.114660e-01 
1.135347e+00 -2.467194e-01 
-1.434506e-01 -3.509620e-01 
2.857582e-03 -5.126238e-01 
-8.516072e-03 -5.872723e-01 
-1.028272e-03 -6.135733e-01 
-9.727955e-03 -5.802061e-01 
-1.790443e-02 -4.848425e-01 
-2.373021e-02 -3.939355e-01 
-1.375141e-02 -4.429687e-01 
4.172939e-01 1.655726e-01 
1.115905e-01 2.565721e-01 
1.902013e-02 1.857212e-01 
-5.396400e-03 1.024037e-01 
-3.188884e-03 6.989820e-02 
-2.897724e-03 9.046274e-02 
2.957153e-03 1.826557e-01 
1.850266e-02 2.965388e-01 
7.927689e-03 2.460018e-01 
-7.752081e-03 -8.485879e-02 
-7.191982e-03 -1.303456e-01 
-5.001204e-03 -1.369990e-01 
6.666612e-04 -1.155615e-01 
-9.372853e-04 -8.695523e-02 
-5.776260e-04 -4.324993e-02 
8.216185e-04 1.045599e-02 
-1.409046e-03 1.003064e-02 
-3.276410e-03 -1.113220e-01 
5.774710e-01 -4.121802e-01 
3.670717e-02 -5.176577e-01 
-7.478088e-03 -4.128563e-01 
6.105235e-04 -2.233208e-01 
-3.692761e-04 -8.576063e-02 
2.183079e-03 9.387928e-03 
2.685534e-03 4.447141e-02 
-4.772896e-03 -3.336594e-02 
-5.707921e-03 -1.865479e-01 
