poroelastic
6.507583e-02 -8.703922e-02 
6.215791e-02 -1.663122e-01 
3.791255e-02 -2.708841e-01 
-4.858705e-02 -3.859459e-01 
-4.018214e-02 -4.152458e-01 
-2.883345e-02 -3.637799e-01 
-1.579641e-02 -2.309462e-01 
-4.451557e-03 -9.473627e-02 
-2.077675e-03 -1.153819e-01 
-7.745247e-01 3.887550e-01 
-1.601781e-01 4.796396e-01 
-2.350335e-02 3.515988e-01 
3.175130e-02 1.930742e-01 
1.975194e-02 1.183655e-01 
1.846998e-02 1.148436e-01 
2.235616e-02 1.977058e-01 
1.096036e-02 3.174550e-01 
3.584757e-03 2.954156e-01 
-8.395520e-01 -4.214099e-01 
1.246348e-01 -4.470999e-01 
3.072607e-02 -4.856248e-01 
-6.755714e-02 -5.292107e-01 
-5.340083e-02 -5.222892e-01 
-3.998284e-02 -4.729435e-01 
-2.967245e-02 -3.935454e-01 
-1.341693e-02 -3.224115e-01 
-5.020412e-03 -3.306457e-01 
-6.471407e-01 3.444337e-01 
-5.094433e-02 3.438152e-01 
-2.086546e-02 3.595026e-01 
4.988947e-02 3.570580e-01 
3.488092e-02 3.662802e-01 
3.020646e-02 3.663366e-01 
2.486127e-02 3.457552e-01 
1.102978e-02 2.789339e-01 
3.341994e-03 1.942082e-01 
-1.000506e+00 -5.612431e-01 
-1.867297e-01 -8.379319e-01 
-3.323806e-02 -7.250352e-01 
-5.080010e-02 -5.062792e-01 
-3.026082e-02 -3.385915e-01 
-1.769094e-02 -2.084711e-01 
-1.218058e-02 -1.343136e-01 
-7.822249e-03 -1.587407e-01 
-3.974360e-03 -2.374312e-01 
6.918768e-03 -8.669193e-02 
1.837984e-03 -1.211152e-01 
-3.855443e-03 -1.250198e-01 
-1.141494e-02 -1.258071e-01 
-6.817592e-03 -1.045607e-01 
-3.232915e-03 -6.838806e-02 
3.847030e-04 -1.293811e-02 
1.231608e-03 3.391667e-02 
3.811785e-04 2.463087e-02 
-7.583923e-01 5.687439e-01 
-1.256391e-01 6.766159e-01 
6.947198e-03 4.918228e-01 
2.475864e-02 2.519745e-01 
1.129109e-02 1.077082e-01 
7.425199e-03 4.330922e-02 
1.062853e-02 7.369459e-02 
8.302991e-03 1.847490e-01 
4.182431e-03 2.531455e-01 
-8.957158e-01 -4.626525e-01 
2.775048e-02 -5.856185e-01 
-1.139748e-02 -6.426857e-01 
-6.417866e-02 -6.539226e-01 
-5.159239e-02 -6.030881e-01 
-3.701321e-02 -5.107794e-01 
-2.602738e-02 -3.988306e-01 
-1.262250e-02 -3.053432e-01 
-4.714436e-03 -2.673687e-01 
-8.050995e-01 3.753631e-01 
2.145589e-02 2.375846e-01 
-3.235021e-03 2.865765e-01 
5.880454e-02 3.963783e-01 
3.912548e-02 4.849201e-01 
3.631277e-02 5.243909e-01 
3.020058e-02 4.948885e-01 
1.396953e-02 3.706655e-01 
4.745690e-03 2.473482e-01 
-1.047266e+00 -6.413897e-01 
-3.028282e-01 -9.984687e-01 
-7.704151e-02 -8.498541e-01 
-4.448276e-02 -5.201567e-01 
-2.404591e-02 -2.927557e-01 
-1.342540e-02 -1.507937e-01 
-1.152905e-02 -1.186094e-01 
-1.185906e-02 -2.288280e-01 
-7.077409e-03 -3.543994e-01 
-4.757642e-03 -1.409776e-01 
-1.045941e-02 -2.076045e-01 
-1.319734e-02 -2.009004e-01 
-8.662677e-03 -1.241804e-01 
-3.087913e-03 -5.804212e-02 
-1.918399e-04 -8.354780e-03 
9.893772e-04 2.325764e-02 
3.456124e-04 1.769376e-02 
-2.490993e-04 -1.422688e-02 
-9.254446e-01 6.446153e-01 
-1.126289e-01 6.624522e-01 
1.855566e-02 4.615641e-01 
3.053370e-02 2.928521e-01 
1.699493e-02 2.045579e-01 
1.432150e-02 1.714415e-01 
1.625948e-02 2.018225e-01 
1.102309e-02 2.793396e-01 
5.889907e-03 3.312519e-01 
-9.645216e-01 -5.497583e-01 
-8.065879e-02 -7.350725e-01 
-6.241618e-02 -7.582692e-01 
-5.235170e-02 -6.886703e-01 
-4.454785e-02 -5.952204e-01 
-3.143476e-02 -4.908258e-01 
-2.356217e-02 -3.996906e-01 
-1.420340e-02 -3.441531e-01 
-5.617040e-03 -3.072948e-01 
-9.366187e-01 5.121884e-01 
1.280806e-01 2.204953e-01 
3.792781e-02 3.044719e-01 
5.467858e-02 4.974360e-01 
3.519943e-02 6.126396e-01 
3.350554e-02 6.343052e-01 
2.592172e-02 5.354109e-01 
1.119635e-02 3.107929e-01 
3.127493e-03 1.479494e-01 
-1.111114e+00 -8.152050e-01 
-3.649202e-01 -1.229131e+00 
-1.046770e-01 -9.899255e-01 
-3.113225e-02 -4.740211e-01 
-8.520715e-03 -1.305454e-01 
1.069008e-04 5.811045e-02 
-1.121239e-03 5.710591e-02 
-9.414992e-03 -1.640117e-01 
-7.146694e-03 -3.626604e-01 
-3.325192e-02 -2.834418e-01 
-3.579420e-02 -4.128973e-01 
-2.210321e-02 -3.636345e-01 
-4.592390e-03 -1.288017e-01 
1.998400e-03 2.170316e-02 
5.138231e-03 1.064280e-01 
4.839198e-03 1.233361e-01 
1.452367e-03 5.994707e-02 
-2.114236e-04 -1.328282e-02 
-7.550999e-01 1.002986e+00 
2.136722e-02 7.710592e-01 
3.088784e-02 4.208006e-01 
7.618637e-03 1.493640e-01 
-4.094435e-04 -1.592565e-02 
-3.405572e-03 -9.769526e-02 
-6.177556e-05 -6.998667e-02 
4.950060e-03 8.168973e-02 
4.081536e-03 2.204486e-01 
