poroelastic
7.579295e-02 -1.036484e-01 
7.165189e-02 -1.821006e-01 
4.407261e-02 -2.723728e-01 
-5.635923e-02 -3.741559e-01 
-4.812908e-02 -4.025425e-01 
-3.520393e-02 -3.532888e-01 
-2.060823e-02 -2.287435e-01 
-6.658361e-03 -1.004078e-01 
-2.372339e-03 -1.236305e-01 
-7.316400e-01 3.215400e-01 
-1.636717e-01 4.218430e-01 
-2.873583e-02 3.305112e-01 
3.748123e-02 1.942027e-01 
2.382348e-02 1.282164e-01 
2.201914e-02 1.224044e-01 
2.769554e-02 1.935981e-01 
1.580330e-02 3.057470e-01 
4.079547e-03 2.887864e-01 
-7.843490e-01 -3.930239e-01 
1.345701e-01 -4.244403e-01 
4.050380e-02 -4.491795e-01 
-7.456629e-02 -4.879369e-01 
-6.298543e-02 -4.909898e-01 
-4.864326e-02 -4.539177e-01 
-3.895442e-02 -3.899885e-01 
-1.966852e-02 -3.291694e-01 
-5.643683e-03 -3.330265e-01 
-6.303269e-01 3.020598e-01 
-5.928568e-02 3.004149e-01 
-2.888389e-02 3.278022e-01 
5.857769e-02 3.267281e-01 
4.157135e-02 3.470441e-01 
3.738965e-02 3.585544e-01 
3.248225e-02 3.452526e-01 
1.520225e-02 2.798905e-01 
3.693869e-03 1.969410e-01 
-9.305099e-01 -5.313595e-01 
-1.758544e-01 -8.044517e-01 
-3.350231e-02 -6.912059e-01 
-5.944015e-02 -4.766697e-01 
-3.610464e-02 -3.183087e-01 
-2.143663e-02 -1.970888e-01 
-1.583765e-02 -1.318406e-01 
-1.144506e-02 -1.624978e-01 
-4.532738e-03 -2.402262e-01 
9.930951e-03 -9.837293e-02 
3.505262e-03 -1.285859e-01 
-3.494100e-03 -1.222472e-01 
-1.453263e-02 -1.221695e-01 
-9.214362e-03 -1.052360e-01 
-5.028666e-03 -7.448339e-02 
-4.842277e-04 -2.409274e-02 
1.181738e-03 2.313599e-02 
2.952937e-04 1.819083e-02 
-7.331737e-01 5.272538e-01 
-1.223223e-01 6.259476e-01 
6.674214e-03 4.580603e-01 
3.039246e-02 2.321510e-01 
1.400414e-02 1.009151e-01 
9.742312e-03 4.519015e-02 
1.478567e-02 7.863018e-02 
1.180466e-02 1.890161e-01 
4.370002e-03 2.562495e-01 
-8.528147e-01 -4.637092e-01 
3.611290e-02 -5.995709e-01 
-7.579582e-03 -6.442655e-01 
-7.973799e-02 -6.392654e-01 
-6.479858e-02 -5.809633e-01 
-4.611847e-02 -4.843110e-01 
-3.357141e-02 -3.780599e-01 
-1.719146e-02 -3.031743e-01 
-5.035447e-03 -2.794125e-01 
-8.168532e-01 3.580308e-01 
1.222342e-02 2.033752e-01 
-1.467244e-02 2.628623e-01 
7.545012e-02 3.777602e-01 
5.084914e-02 4.849453e-01 
4.798169e-02 5.371856e-01 
4.028154e-02 5.065814e-01 
1.790536e-02 3.654007e-01 
4.482235e-03 2.272751e-01 
-1.020597e+00 -6.420037e-01 
-3.056153e-01 -1.011894e+00 
-8.560496e-02 -8.646667e-01 
-5.878458e-02 -5.258776e-01 
-3.152505e-02 -2.918996e-01 
-1.729772e-02 -1.442017e-01 
-1.557135e-02 -1.102400e-01 
-1.643272e-02 -2.282906e-01 
-7.377069e-03 -3.613610e-01 
-3.023254e-03 -1.615985e-01 
-1.195092e-02 -2.327912e-01 
-1.749177e-02 -2.212584e-01 
-1.273287e-02 -1.379891e-01 
-4.554908e-03 -6.493435e-02 
-2.361747e-04 -8.858942e-03 
1.464069e-03 2.704618e-02 
3.625983e-04 1.956210e-02 
-2.856063e-04 -1.728043e-02 
-9.319946e-01 6.420004e-01 
-1.145098e-01 6.450582e-01 
1.771512e-02 4.467603e-01 
4.155492e-02 2.828276e-01 
2.355346e-02 2.065250e-01 
2.040528e-02 1.821157e-01 
2.328312e-02 2.143839e-01 
1.459885e-02 2.828311e-01 
5.268792e-03 3.240060e-01 
-9.617354e-01 -5.751557e-01 
-7.383097e-02 -7.796936e-01 
-6.639294e-02 -7.946918e-01 
-7.335332e-02 -7.027341e-01 
-6.019594e-02 -5.901091e-01 
-4.106929e-02 -4.697700e-01 
-3.112385e-02 -3.770320e-01 
-1.874679e-02 -3.435366e-01 
-5.440895e-03 -3.273408e-01 
-9.734861e-01 5.211037e-01 
1.211832e-01 1.849283e-01 
3.003313e-02 2.753883e-01 
7.840330e-02 4.866322e-01 
5.112724e-02 6.335409e-01 
4.829300e-02 6.750644e-01 
3.628051e-02 5.731577e-01 
1.353981e-02 3.166802e-01 
2.444057e-03 1.259457e-01 
-1.142088e+00 -8.419228e-01 
-4.018264e-01 -1.295957e+00 
-1.303145e-01 -1.060982e+00 
-4.719660e-02 -5.172039e-01 
-1.330923e-02 -1.452754e-01 
-5.842219e-04 6.500418e-02 
-3.046854e-03 7.061319e-02 
-1.383877e-02 -1.728425e-01 
-7.091149e-03 -3.981794e-01 
-3.624709e-02 -3.176727e-01 
-4.417773e-02 -4.577129e-01 
-3.093329e-02 -3.978888e-01 
-5.389215e-03 -1.331656e-01 
4.733493e-03 3.955236e-02 
9.165135e-03 1.374353e-01 
7.882932e-03 1.567122e-01 
1.786418e-03 7.447048e-02 
-3.415635e-04 -2.662001e-02 
-7.485928e-01 1.043394e+00 
3.068543e-02 7.686475e-01 
3.597573e-02 4.013352e-01 
9.991413e-03 1.273621e-01 
-1.127520e-03 -3.327934e-02 
-3.978222e-03 -1.064949e-01 
2.325202e-03 -6.501216e-02 
7.062724e-03 9.651341e-02 
2.979613e-03 2.279829e-01 
