poroelastic
-1.027482e-01 9.735508e-01 
-6.608885e-02 1.574795e+00 
-2.150841e-03 1.738314e+00 
5.485326e-02 1.358208e+00 
3.879267e-02 1.014368e+00 
1.991249e-02 5.686454e-01 
-9.239490e-03 -2.318239e-02 
-2.263311e-02 -5.032387e-01 
-1.058933e-02 -6.399200e-01 
-1.021041e+00 1.864024e+00 
-3.962028e-02 2.505585e+00 
1.139148e-01 2.204183e+00 
3.658872e-02 1.206876e+00 
-5.145693e-06 3.588250e-01 
-3.010353e-02 -4.888092e-01 
-6.643099e-02 -1.294295e+00 
-5.648062e-02 -1.727919e+00 
-2.069756e-02 -1.650584e+00 
1.047541e+00 5.265567e-01 
-4.013886e-02 1.539551e+00 
2.045072e-02 1.735172e+00 
4.365435e-02 1.149858e+00 
2.076235e-02 6.573728e-01 
2.917504e-03 1.496132e-01 
-8.544141e-03 -2.580407e-01 
-4.767062e-03 -2.750132e-01 
5.988130e-04 5.746024e-02 
-8.174898e-01 1.379460e+00 
-4.145534e-03 1.704698e+00 
3.991464e-02 1.464255e+00 
2.231971e-02 7.567935e-01 
2.663974e-03 2.068570e-01 
-1.053339e-02 -2.365165e-01 
-1.864360e-02 -5.133455e-01 
-1.163892e-02 -4.909176e-01 
-2.858745e-03 -2.630297e-01 
-1.472470e+00 -7.508867e-02 
-2.253872e-01 3.179097e-02 
3.241427e-02 1.259036e-01 
-2.066294e-02 -1.466211e-01 
-2.595820e-02 -4.334091e-01 
-3.326430e-02 -7.645224e-01 
-4.622971e-02 -1.119127e+00 
-3.458907e-02 -1.352887e+00 
-1.345980e-02 -1.381224e+00 
-7.051661e-02 1.407154e+00 
-3.150319e-02 2.315690e+00 
2.178169e-02 2.598296e+00 
9.119150e-02 2.206126e+00 
5.775447e-02 1.796006e+00 
3.422624e-02 1.253919e+00 
1.448123e-02 6.076536e-01 
2.852562e-03 1.603275e-01 
7.213606e-04 9.999059e-02 
-2.245553e-01 1.968905e+00 
1.411513e-01 2.477898e+00 
9.654459e-02 2.096386e+00 
-7.635328e-05 1.026730e+00 
-2.378247e-02 9.050457e-02 
-4.434684e-02 -8.525193e-01 
-6.080544e-02 -1.748103e+00 
-3.702858e-02 -2.268403e+00 
-1.428608e-02 -2.301142e+00 
5.078215e-01 3.529908e-01 
2.872570e-02 1.078039e+00 
3.375653e-02 1.268087e+00 
2.106254e-02 9.140063e-01 
7.480268e-03 5.789260e-01 
-5.122908e-03 1.242261e-01 
-1.452065e-02 -3.862498e-01 
-8.604692e-03 -6.788795e-01 
-3.333299e-03 -6.572743e-01 
-1.585313e+00 1.228623e+00 
2.015550e-02 1.702720e+00 
4.828043e-02 1.812654e+00 
5.236578e-02 1.502336e+00 
2.790055e-02 1.168630e+00 
1.127247e-02 7.059349e-01 
-6.066378e-04 1.719119e-01 
-1.826339e-03 -1.874818e-01 
-8.531632e-04 -2.412744e-01 
-1.452505e+00 3.914684e-01 
-3.098998e-01 5.779161e-01 
-2.606473e-02 5.769651e-01 
-4.545511e-02 6.683388e-02 
-4.097867e-02 -4.314985e-01 
-4.533801e-02 -1.010656e+00 
-4.024779e-02 -1.598113e+00 
-8.866708e-03 -1.919856e+00 
-3.177802e-03 -1.884574e+00 
5.591871e-02 1.442603e+00 
7.741327e-02 2.304046e+00 
9.625383e-02 2.416652e+00 
7.066906e-02 1.836434e+00 
3.303372e-02 1.337110e+00 
1.632409e-02 8.062885e-01 
6.864843e-03 3.448956e-01 
-2.035542e-04 2.498955e-01 
-1.015747e-04 4.968161e-01 
-3.156301e-01 1.926071e+00 
1.124819e-01 2.474704e+00 
3.743587e-02 2.127904e+00 
-2.747737e-02 1.047708e+00 
-3.657564e-02 1.065490e-01 
-4.506366e-02 -8.237755e-01 
-3.161234e-02 -1.691826e+00 
7.830665e-03 -2.153042e+00 
2.895759e-03 -2.102921e+00 
3.728661e-01 4.000438e-01 
4.720961e-02 1.000086e+00 
2.858778e-02 1.163264e+00 
5.256598e-03 8.523907e-01 
-4.769203e-03 5.426854e-01 
-1.344380e-02 1.114599e-01 
-1.064072e-02 -4.531754e-01 
5.952382e-03 -8.785586e-01 
1.690547e-03 -9.227337e-01 
-1.853299e+00 8.916510e-01 
1.239451e-01 1.271419e+00 
1.101713e-01 1.496592e+00 
6.510034e-02 1.449594e+00 
3.184459e-02 1.317779e+00 
1.787228e-02 1.066930e+00 
4.798419e-03 7.336471e-01 
-4.990619e-03 4.872344e-01 
-1.663527e-03 4.998915e-01 
-2.021545e+00 4.908176e-01 
-5.359806e-01 4.567023e-01 
-1.545895e-01 2.660151e-01 
-8.796384e-02 -3.902338e-01 
-5.705315e-02 -9.874661e-01 
-4.514262e-02 -1.538410e+00 
-1.397695e-02 -1.933441e+00 
2.501354e-02 -1.956129e+00 
9.445754e-03 -1.647611e+00 
2.147420e-01 1.987295e+00 
2.074561e-01 3.110707e+00 
1.471846e-01 3.149471e+00 
3.352022e-02 2.159550e+00 
1.771227e-03 1.270422e+00 
-9.170518e-03 3.742455e-01 
-1.885807e-03 -4.248762e-01 
9.134739e-03 -6.700452e-01 
1.713107e-03 -2.844380e-01 
-1.259420e+00 1.086913e+00 
-3.850487e-02 1.514446e+00 
4.425857e-02 1.491719e+00 
3.587776e-03 1.061772e+00 
-7.506243e-03 6.740852e-01 
-1.277407e-02 2.076146e-01 
-2.634387e-03 -3.712843e-01 
1.462107e-02 -7.938562e-01 
4.452593e-03 -7.991296e-01 
