poroelastic
1.238436e-02 2.154046e-01 
2.591056e-02 2.666096e-01 
3.147132e-02 1.076181e-01 
-1.654817e-02 -1.995010e-01 
-1.671208e-02 -3.459681e-01 
-1.293621e-02 -3.748723e-01 
-5.673969e-03 -2.701169e-01 
-5.374579e-04 -5.992893e-02 
8.741174e-04 8.652899e-02 
-9.188725e-01 9.018231e-01 
-1.470151e-01 1.035893e+00 
4.893047e-03 6.877542e-01 
9.648787e-03 2.215361e-01 
-9.363531e-04 -4.538598e-02 
-1.923926e-03 -1.564580e-01 
2.196608e-03 -9.828613e-02 
8.684851e-04 9.912926e-02 
8.399986e-04 2.317569e-01 
-6.242695e-01 -5.498494e-01 
7.860913e-02 -3.475148e-01 
1.517863e-02 -3.607033e-01 
-2.675353e-02 -4.500865e-01 
-1.727842e-02 -4.355756e-01 
-1.043417e-02 -3.613222e-01 
-4.248244e-03 -2.304193e-01 
-5.611453e-04 -7.013563e-02 
1.326876e-04 2.035095e-02 
-5.623023e-01 6.273400e-01 
-3.416167e-02 5.998841e-01 
-3.451878e-03 5.018320e-01 
1.699924e-02 3.719491e-01 
9.598344e-03 2.722030e-01 
5.700798e-03 1.924208e-01 
2.770470e-03 1.260642e-01 
6.256475e-04 5.537721e-02 
-7.107616e-05 -8.099093e-03 
-1.074711e+00 -7.838443e-01 
-1.579165e-01 -9.157843e-01 
-1.515771e-02 -7.193730e-01 
-2.132271e-02 -4.987211e-01 
-1.163839e-02 -3.224092e-01 
-5.890019e-03 -1.844480e-01 
-2.875987e-03 -9.283745e-02 
-1.115306e-03 -7.756298e-02 
-8.672071e-04 -1.139190e-01 
2.075466e-03 4.708174e-02 
3.061753e-03 5.287643e-02 
2.345839e-03 4.545494e-03 
-3.934134e-03 -8.651683e-02 
-3.067047e-03 -1.157640e-01 
-1.975903e-03 -1.075478e-01 
-1.574456e-04 -5.310387e-02 
5.823606e-04 3.298811e-02 
7.401292e-04 8.955441e-02 
-8.856085e-01 9.052625e-01 
-1.489891e-01 1.062741e+00 
4.205191e-03 7.556482e-01 
9.413846e-03 3.397834e-01 
1.799634e-03 7.046880e-02 
-1.305709e-03 -8.037127e-02 
-5.656727e-04 -9.708000e-02 
7.919863e-04 3.054673e-02 
1.569334e-03 1.699046e-01 
-6.821077e-01 -5.408233e-01 
2.307902e-02 -4.427632e-01 
-4.233173e-03 -4.499732e-01 
-1.767783e-02 -4.988549e-01 
-1.344331e-02 -4.681182e-01 
-9.111693e-03 -3.909402e-01 
-4.851231e-03 -2.662962e-01 
-1.222745e-03 -1.019478e-01 
2.274570e-04 2.300076e-02 
-5.489873e-01 5.739775e-01 
1.758663e-02 4.083737e-01 
6.277562e-03 3.412390e-01 
1.309485e-02 3.249527e-01 
7.487335e-03 2.997657e-01 
5.849099e-03 2.617712e-01 
3.953855e-03 2.056684e-01 
1.548189e-03 1.141550e-01 
2.935571e-04 2.666384e-02 
-1.019203e+00 -8.161852e-01 
-2.349674e-01 -1.047057e+00 
-3.964733e-02 -8.085619e-01 
-1.145347e-02 -4.578127e-01 
-5.373246e-03 -2.186808e-01 
-1.934636e-03 -6.943684e-02 
-9.086450e-04 -2.080492e-02 
-1.925275e-03 -9.336390e-02 
-2.401583e-03 -2.013586e-01 
-2.125938e-03 -5.676898e-02 
-2.788907e-03 -8.922063e-02 
-2.744709e-03 -9.735224e-02 
-1.502329e-03 -7.043511e-02 
-6.739255e-04 -3.990222e-02 
-1.846778e-04 -1.571442e-02 
2.281879e-04 7.437437e-03 
3.502344e-04 2.416602e-02 
2.546121e-04 2.257836e-02 
-8.430915e-01 8.762258e-01 
-9.927630e-02 9.079307e-01 
1.027355e-02 6.075718e-01 
5.720598e-03 2.997913e-01 
1.775666e-03 1.009702e-01 
-4.465843e-05 -1.265180e-02 
2.740662e-05 -2.513984e-02 
1.263398e-03 7.086962e-02 
2.071139e-03 1.729693e-01 
-7.056890e-01 -6.031768e-01 
-4.651280e-02 -5.969228e-01 
-2.834320e-02 -5.543248e-01 
-6.715361e-03 -4.900432e-01 
-7.334213e-03 -4.089234e-01 
-5.269763e-03 -3.207306e-01 
-3.601370e-03 -2.237005e-01 
-1.839551e-03 -1.158531e-01 
-4.360751e-04 -3.561698e-02 
-5.756891e-01 5.707290e-01 
7.288525e-02 2.722118e-01 
2.240063e-02 2.647516e-01 
6.654399e-03 3.757739e-01 
3.899801e-03 4.049447e-01 
4.758779e-03 3.708121e-01 
4.064795e-03 2.661494e-01 
1.291096e-03 8.580498e-02 
-9.909995e-04 -6.743247e-02 
-1.079473e+00 -9.553293e-01 
-2.713122e-01 -1.266413e+00 
-4.662293e-02 -9.603834e-01 
-4.782607e-03 -4.297234e-01 
-1.030119e-03 -8.812819e-02 
1.412074e-03 1.055181e-01 
2.510616e-03 1.388580e-01 
-7.689096e-04 -1.331425e-02 
-2.729124e-03 -1.964814e-01 
-2.670590e-02 -2.091080e-01 
-2.235106e-02 -3.096438e-01 
-1.146677e-02 -2.875993e-01 
-7.616692e-04 -1.297231e-01 
-2.629615e-04 -3.625807e-02 
2.020234e-04 1.186991e-02 
3.406991e-04 2.118849e-02 
-2.315223e-04 -7.719401e-03 
-5.382193e-04 -4.630417e-02 
-8.960768e-01 1.037863e+00 
-1.571646e-02 9.013710e-01 
1.848473e-02 5.644562e-01 
-1.091319e-04 2.671170e-01 
2.207492e-04 6.783462e-02 
-1.170233e-03 -5.687782e-02 
-2.175575e-03 -8.542663e-02 
1.035489e-03 2.362310e-02 
2.836014e-03 1.658550e-01 
