poroelastic
-5.442849e-02 2.641026e-01 
-4.826759e-02 3.977384e-01 
-3.229798e-02 3.896644e-01 
-2.581003e-04 2.566680e-01 
1.004737e-03 1.593787e-01 
1.976480e-04 7.787703e-02 
-2.748728e-04 2.365158e-02 
1.914667e-03 6.975406e-02 
4.581065e-03 2.341711e-01 
-8.609294e-02 4.861308e-01 
1.948635e-02 5.320728e-01 
2.900723e-02 3.655204e-01 
5.930052e-03 8.248928e-02 
-3.865750e-05 -1.207316e-01 
-2.244162e-03 -2.726135e-01 
-4.225611e-03 -3.750698e-01 
-4.505934e-03 -3.655092e-01 
-2.667177e-03 -2.183783e-01 
5.888067e-01 -5.966168e-02 
-9.932033e-02 1.962243e-01 
-4.507455e-02 3.310924e-01 
-3.066533e-03 3.349717e-01 
-1.176537e-03 3.337568e-01 
-5.832794e-04 3.262866e-01 
1.104495e-03 3.185477e-01 
5.020786e-03 3.533038e-01 
6.282201e-03 4.489778e-01 
2.083235e-01 2.567039e-01 
2.895411e-02 1.566178e-01 
2.631355e-02 4.406626e-02 
8.670224e-03 -8.137724e-02 
3.840490e-03 -1.853606e-01 
1.751063e-03 -2.613448e-01 
-1.602603e-03 -3.178646e-01 
-6.345317e-03 -3.531246e-01 
-5.717784e-03 -3.613666e-01 
1.167601e-01 -3.094290e-01 
3.304296e-02 -1.590685e-01 
-8.193888e-03 -4.923891e-03 
-4.773751e-03 8.423970e-02 
-1.583464e-03 1.339662e-01 
-6.634546e-04 1.638614e-01 
5.804003e-04 1.774210e-01 
2.912342e-03 1.810066e-01 
2.579947e-03 1.795758e-01 
-8.529205e-03 9.955697e-02 
-7.040109e-03 1.475909e-01 
-5.354198e-03 1.504982e-01 
-6.548843e-04 1.038467e-01 
-8.854247e-05 6.234709e-02 
1.451083e-05 2.297234e-02 
-2.885282e-04 -1.019594e-02 
-4.590406e-05 -5.573556e-03 
6.417481e-04 4.223894e-02 
-5.164119e-02 4.037420e-01 
1.757773e-02 3.827579e-01 
1.134813e-02 2.399474e-01 
8.680049e-03 6.453462e-02 
4.654967e-03 -7.150205e-02 
3.081181e-03 -1.846000e-01 
-5.647519e-05 -2.751272e-01 
-4.841726e-03 -2.954001e-01 
-3.412680e-03 -2.232529e-01 
5.001959e-01 -1.690776e-01 
-3.182591e-02 6.478327e-02 
-1.930377e-02 2.254518e-01 
-1.384904e-02 3.075333e-01 
-7.131486e-03 3.525652e-01 
-4.680813e-03 3.655733e-01 
-1.229304e-03 3.554098e-01 
5.563130e-03 3.636754e-01 
6.097755e-03 4.197118e-01 
3.109037e-01 2.266873e-01 
-3.825587e-03 7.021422e-02 
9.543019e-03 -3.300493e-02 
1.015648e-02 -1.064833e-01 
8.053797e-03 -1.871495e-01 
6.223113e-03 -2.579557e-01 
2.486411e-03 -3.253895e-01 
-5.811729e-03 -3.949129e-01 
-6.701545e-03 -4.493032e-01 
2.428626e-02 -3.799223e-01 
3.768643e-02 -2.998123e-01 
6.726066e-03 -1.199858e-01 
-8.265963e-03 5.530974e-02 
-4.687282e-03 1.536543e-01 
-3.064444e-03 2.129636e-01 
-4.854248e-04 2.346299e-01 
3.350286e-03 2.009027e-01 
1.953326e-03 1.223317e-01 
8.985942e-04 -1.053714e-02 
9.217636e-04 -4.141804e-03 
-7.683623e-04 2.984939e-02 
-3.016751e-03 6.629974e-02 
-2.024006e-03 7.888661e-02 
-1.062391e-03 8.247879e-02 
1.730163e-05 7.646162e-02 
9.279406e-04 5.932567e-02 
4.327983e-04 2.773372e-02 
1.044550e-01 3.904460e-01 
4.637180e-02 2.941054e-01 
3.449176e-03 1.399305e-01 
1.260478e-02 -1.001176e-02 
9.097002e-03 -1.305587e-01 
7.439454e-03 -2.304057e-01 
3.342678e-03 -3.077254e-01 
-5.270812e-03 -3.357144e-01 
-5.154274e-03 -3.247371e-01 
4.089890e-01 -2.402402e-01 
2.434498e-02 -5.792770e-02 
8.962821e-03 1.135070e-01 
-2.329658e-02 2.488570e-01 
-1.312003e-02 3.357158e-01 
-9.719982e-03 3.796960e-01 
-4.341906e-03 3.952252e-01 
6.492299e-03 4.073529e-01 
6.158198e-03 4.040621e-01 
3.930531e-01 1.439701e-01 
-5.321051e-02 -9.437033e-02 
-8.297587e-03 -1.749129e-01 
1.540051e-02 -1.664527e-01 
1.197808e-02 -1.861722e-01 
9.573511e-03 -2.125829e-01 
5.942456e-03 -2.439534e-01 
-5.014963e-03 -3.080053e-01 
-7.424398e-03 -4.315656e-01 
-1.965776e-01 -4.541253e-01 
-8.868086e-03 -4.517495e-01 
1.201671e-02 -2.805383e-01 
-5.524738e-03 -5.681504e-02 
-5.730021e-03 7.679255e-02 
-4.595018e-03 1.638313e-01 
-1.062651e-03 2.110074e-01 
3.218066e-03 1.755970e-01 
4.225203e-04 2.435106e-02 
-3.997362e-03 -7.672205e-02 
-1.253507e-03 -8.622463e-02 
2.171629e-04 -3.285957e-02 
-4.369962e-04 4.242099e-02 
2.830497e-04 6.260609e-02 
1.691898e-03 6.000403e-02 
2.450927e-03 3.334347e-02 
-9.732708e-04 -4.093959e-02 
-2.709766e-03 -1.691707e-01 
-2.685065e-01 2.668651e-01 
-1.975759e-02 2.109748e-01 
1.150823e-04 1.559513e-01 
-5.680588e-03 1.352748e-01 
-1.576372e-03 9.755141e-02 
5.834395e-04 5.755606e-02 
1.282338e-03 1.686150e-02 
-5.430255e-04 -1.832507e-02 
-1.303738e-03 -6.032024e-02 
