poroelastic
-3.227221e-02 3.253990e-01 
-1.367402e-02 4.545194e-01 
1.054106e-02 3.494998e-01 
6.293991e-04 5.043734e-02 
-5.063511e-03 -1.142770e-01 
-5.605551e-03 -1.880300e-01 
-2.022887e-03 -1.591172e-01 
1.350007e-03 -3.173610e-03 
1.285038e-03 1.875094e-01 
-6.647243e-01 8.792793e-01 
-9.748915e-02 1.023040e+00 
2.301449e-02 6.930342e-01 
2.838048e-03 1.979654e-01 
-7.472415e-03 -1.031777e-01 
-1.008175e-02 -2.658937e-01 
-6.818490e-03 -2.863464e-01 
-9.054142e-04 -1.498111e-01 
3.819744e-05 2.702392e-02 
-6.077084e-02 -4.097877e-01 
-5.123891e-03 -9.603842e-02 
-5.141303e-03 -3.893923e-02 
-2.218462e-03 -1.084916e-01 
-7.842885e-04 -1.014280e-01 
1.080211e-03 -5.418224e-02 
4.070218e-03 3.360273e-02 
4.018355e-03 1.670019e-01 
1.335124e-03 2.844400e-01 
-2.504695e-01 5.660262e-01 
-9.755087e-03 4.941524e-01 
9.465412e-03 3.564210e-01 
3.949996e-03 1.886495e-01 
6.007901e-04 6.577534e-02 
-2.405572e-03 -2.909134e-02 
-4.956748e-03 -1.027413e-01 
-3.953400e-03 -1.657378e-01 
-1.479352e-03 -2.131109e-01 
-5.754221e-01 -6.805749e-01 
-6.201776e-02 -6.405516e-01 
-6.054820e-03 -4.197632e-01 
-6.788792e-03 -2.348159e-01 
-2.258352e-03 -9.977848e-02 
3.414450e-04 -4.475561e-03 
1.329446e-03 4.975127e-02 
9.225110e-04 5.203987e-02 
1.505496e-04 2.052166e-02 
-4.329540e-03 1.074706e-01 
-6.856531e-04 1.489950e-01 
2.684880e-03 1.168557e-01 
1.400341e-04 1.917684e-02 
-8.898312e-04 -3.193967e-02 
-1.280579e-03 -5.743937e-02 
-7.284002e-04 -4.940418e-02 
3.087564e-04 -1.987274e-03 
3.556260e-04 4.815525e-02 
-6.329233e-01 7.971647e-01 
-1.047850e-01 9.130019e-01 
5.683403e-03 6.443200e-01 
6.319537e-03 2.714321e-01 
-7.247310e-06 2.220857e-02 
-3.702242e-03 -1.352634e-01 
-4.759044e-03 -1.935574e-01 
-1.997104e-03 -1.285632e-01 
-1.544097e-04 -1.903679e-02 
-1.340877e-01 -4.385302e-01 
5.240741e-04 -2.168567e-01 
-3.210926e-03 -1.349358e-01 
-3.161316e-03 -1.328838e-01 
-1.382394e-03 -9.450346e-02 
-1.162989e-04 -3.824864e-02 
2.026933e-03 3.907786e-02 
3.995905e-03 1.469936e-01 
2.130268e-03 2.350990e-01 
-1.528792e-01 5.150890e-01 
5.278723e-03 3.184263e-01 
5.453473e-03 2.036220e-01 
1.053498e-03 1.315292e-01 
1.532978e-03 6.500485e-02 
1.921739e-05 -3.306238e-03 
-2.516270e-03 -7.686190e-02 
-4.425845e-03 -1.721006e-01 
-3.061688e-03 -2.722450e-01 
-5.733920e-01 -7.314289e-01 
-1.022017e-01 -8.027502e-01 
-1.291207e-02 -5.463469e-01 
-4.516176e-03 -2.302146e-01 
-4.581465e-04 -2.516374e-02 
1.792858e-03 9.931059e-02 
2.753865e-03 1.415345e-01 
1.497012e-03 8.401971e-02 
-3.893210e-04 -2.977011e-02 
-4.166857e-04 -3.119218e-02 
-6.843693e-04 -4.230732e-02 
-6.021267e-04 -3.307323e-02 
-4.082588e-05 -4.538907e-03 
1.468108e-04 1.524315e-02 
3.607709e-04 2.373595e-02 
5.491437e-04 2.788508e-02 
4.445043e-04 2.504208e-02 
1.216007e-05 1.039632e-03 
-4.972200e-01 7.601338e-01 
-5.117666e-02 7.616072e-01 
5.613975e-03 4.984041e-01 
3.460594e-03 2.158018e-01 
1.385991e-03 1.877115e-02 
-1.255339e-03 -1.163612e-01 
-3.555212e-03 -1.789607e-01 
-3.119962e-03 -1.524400e-01 
-1.235883e-03 -1.027378e-01 
-1.709630e-01 -5.150751e-01 
-7.124492e-03 -3.778304e-01 
-1.914307e-03 -2.478464e-01 
-4.160905e-03 -1.269479e-01 
-8.379413e-04 -3.016213e-02 
-8.271387e-05 4.916170e-02 
1.691480e-03 1.142897e-01 
4.674001e-03 1.702687e-01 
2.320439e-03 1.857224e-01 
-7.317364e-02 4.289484e-01 
1.070384e-04 1.049944e-01 
-6.834203e-04 4.069394e-02 
9.556085e-04 1.084165e-01 
3.042611e-03 1.157485e-01 
3.361693e-03 7.951560e-02 
1.407160e-03 -2.526851e-03 
-5.102367e-03 -1.551916e-01 
-5.393343e-03 -3.397519e-01 
-7.286573e-01 -8.444472e-01 
-1.550131e-01 -1.032791e+00 
-1.613648e-02 -7.473476e-01 
-3.159893e-03 -2.873398e-01 
-1.470809e-03 5.445852e-03 
8.189073e-04 1.768093e-01 
3.423730e-03 2.269147e-01 
2.335957e-03 1.241248e-01 
-1.094095e-03 -7.009687e-02 
-1.627544e-02 -1.644061e-01 
-1.277944e-02 -2.297405e-01 
-6.104006e-03 -1.906383e-01 
7.192952e-04 -5.694214e-02 
8.032981e-04 8.042524e-03 
1.250364e-03 2.672377e-02 
7.622510e-04 9.406028e-03 
-1.886549e-03 -4.489195e-02 
-1.774368e-03 -1.322575e-01 
-7.139154e-01 7.719172e-01 
-2.940699e-02 6.678103e-01 
9.824370e-03 4.402672e-01 
-1.943533e-03 2.551951e-01 
3.867952e-04 1.174704e-01 
9.950717e-05 1.609187e-02 
-8.583534e-04 -3.408289e-02 
3.377862e-04 -8.862951e-04 
7.677145e-04 4.759256e-02 
