poroelastic
5.351829e-02 -2.627105e-01 
3.630936e-02 -3.885861e-01 
9.672536e-03 -3.828995e-01 
-3.113806e-02 -2.828774e-01 
-2.023571e-02 -2.063221e-01 
-1.265209e-02 -1.293183e-01 
-8.552212e-03 -6.021715e-02 
-5.984482e-03 -8.066316e-02 
-8.577638e-03 -2.593464e-01 
-5.098471e-01 -1.354722e-01 
-1.512222e-01 -5.024939e-02 
-5.156800e-02 5.461337e-02 
3.476715e-02 1.858582e-01 
3.352319e-02 2.678422e-01 
3.263872e-02 3.262824e-01 
3.002763e-02 3.749638e-01 
1.451072e-02 3.713071e-01 
5.766050e-03 2.271097e-01 
-6.859136e-01 -1.522991e-01 
9.560748e-02 -3.105415e-01 
3.225392e-02 -3.662277e-01 
-5.553356e-02 -3.858423e-01 
-4.490170e-02 -4.051639e-01 
-3.842749e-02 -4.098151e-01 
-3.394783e-02 -4.045353e-01 
-1.968735e-02 -4.175393e-01 
-1.360456e-02 -4.914068e-01 
-5.945670e-01 2.239917e-02 
-5.662482e-02 1.081419e-01 
-3.320325e-02 2.328055e-01 
4.729833e-02 3.323359e-01 
3.965023e-02 3.987113e-01 
3.721058e-02 4.331444e-01 
3.305445e-02 4.314428e-01 
1.821357e-02 3.862398e-01 
9.462968e-03 3.205921e-01 
-5.312250e-01 -1.672044e-01 
-1.102241e-01 -3.718642e-01 
-1.394820e-02 -3.450765e-01 
-2.699218e-02 -2.318410e-01 
-1.791239e-02 -1.615858e-01 
-1.358610e-02 -1.224766e-01 
-1.349680e-02 -1.307531e-01 
-1.035941e-02 -2.059376e-01 
-8.265663e-03 -3.013069e-01 
-8.674854e-04 -9.028495e-02 
-4.958802e-03 -1.083203e-01 
-4.766215e-03 -6.291366e-02 
5.095919e-04 -2.510172e-03 
2.220532e-03 3.079045e-02 
2.531763e-03 4.709828e-02 
1.309100e-03 4.475988e-02 
-3.647369e-04 6.966663e-03 
-1.910555e-03 -7.160069e-02 
-4.886464e-01 5.947099e-02 
-1.149476e-01 1.624565e-01 
-1.362897e-02 1.810459e-01 
2.250498e-02 1.882945e-01 
1.910056e-02 1.900396e-01 
1.792263e-02 2.018010e-01 
1.835022e-02 2.348206e-01 
1.191527e-02 2.688281e-01 
6.734653e-03 2.433880e-01 
-6.960330e-01 -1.860150e-01 
1.324721e-02 -3.762933e-01 
-4.742499e-03 -4.423446e-01 
-4.982873e-02 -4.454301e-01 
-4.063875e-02 -4.364818e-01 
-3.399074e-02 -4.154954e-01 
-3.007057e-02 -3.989797e-01 
-1.932301e-02 -4.113711e-01 
-1.267380e-02 -4.507605e-01 
-8.632278e-01 8.534876e-02 
2.569361e-02 1.283165e-01 
-3.411887e-03 2.973916e-01 
6.305952e-02 4.657300e-01 
4.796454e-02 5.699704e-01 
4.456446e-02 6.101397e-01 
3.768749e-02 5.739301e-01 
2.013035e-02 4.652207e-01 
1.087389e-02 3.811541e-01 
-5.922706e-01 -2.034100e-01 
-1.865822e-01 -4.338124e-01 
-4.319949e-02 -3.944552e-01 
-2.663078e-02 -2.479387e-01 
-1.718743e-02 -1.650146e-01 
-1.384454e-02 -1.356820e-01 
-1.553361e-02 -1.803664e-01 
-1.464874e-02 -3.037762e-01 
-1.124105e-02 -3.926418e-01 
-4.126036e-03 -7.091037e-02 
-6.067471e-03 -9.213197e-02 
-3.788176e-03 -5.639285e-02 
1.657025e-03 1.358326e-02 
3.081377e-03 5.095265e-02 
2.946070e-03 6.216418e-02 
9.828362e-04 4.138194e-02 
-9.174012e-04 -1.355466e-02 
-1.784014e-03 -6.630057e-02 
-7.825911e-01 1.646066e-01 
-1.189203e-01 2.673783e-01 
1.169221e-02 2.833345e-01 
3.310832e-02 3.075034e-01 
2.564051e-02 3.202775e-01 
2.350758e-02 3.307970e-01 
2.232433e-02 3.422557e-01 
1.433260e-02 3.455356e-01 
9.127645e-03 3.316761e-01 
-7.339707e-01 -2.156837e-01 
-7.789913e-02 -4.232299e-01 
-4.887630e-02 -4.890816e-01 
-4.488507e-02 -4.903891e-01 
-3.839842e-02 -4.798596e-01 
-3.239214e-02 -4.619395e-01 
-2.912357e-02 -4.547816e-01 
-2.024718e-02 -4.626544e-01 
-1.230328e-02 -4.472900e-01 
-1.042845e+00 2.669400e-01 
1.634604e-01 2.299960e-01 
4.989107e-02 4.059556e-01 
5.624303e-02 5.656942e-01 
4.093883e-02 6.455121e-01 
3.771308e-02 6.465674e-01 
3.040906e-02 5.521901e-01 
1.699629e-02 3.984117e-01 
1.028201e-02 3.479252e-01 
-5.735731e-01 -2.929648e-01 
-1.983113e-01 -5.022477e-01 
-5.618543e-02 -3.973433e-01 
-1.614643e-02 -1.765751e-01 
-5.835688e-03 -4.820388e-02 
-3.691188e-03 -9.595236e-03 
-7.688659e-03 -9.077498e-02 
-1.281427e-02 -2.765248e-01 
-1.008199e-02 -3.577588e-01 
-8.166999e-03 -1.109526e-01 
-8.164858e-03 -1.540545e-01 
2.092996e-03 -9.961327e-02 
4.802376e-03 4.334509e-02 
6.804179e-03 1.215125e-01 
7.164282e-03 1.482449e-01 
4.870185e-03 1.153698e-01 
1.259678e-03 3.915107e-02 
9.432936e-05 3.856936e-03 
-4.834441e-01 4.684254e-01 
1.061493e-02 3.988918e-01 
2.465319e-02 2.533052e-01 
7.323823e-03 1.348513e-01 
2.621468e-03 5.137481e-02 
5.733213e-04 5.427970e-03 
1.632855e-03 1.157622e-02 
4.175212e-03 7.902654e-02 
4.427596e-03 1.487229e-01 
