poroelastic
-2.093129e-02 -2.873420e-02 
-2.526790e-02 -3.734363e-02 
-3.068590e-02 8.046378e-03 
3.694020e-04 1.248152e-01 
5.870646e-03 1.880651e-01 
7.293914e-03 2.017383e-01 
6.787380e-03 1.550204e-01 
4.490281e-03 8.558960e-02 
4.569997e-03 1.171323e-01 
1.058779e+00 -5.387413e-01 
2.487268e-01 -7.653205e-01 
5.176693e-02 -6.224859e-01 
-8.957690e-03 -3.758567e-01 
-7.479416e-03 -2.208882e-01 
-5.086971e-03 -1.443580e-01 
-6.845188e-03 -1.611926e-01 
-9.647719e-03 -2.501420e-01 
-7.864059e-03 -2.528180e-01 
6.910640e-01 4.301480e-01 
-1.016305e-01 3.279127e-01 
-5.669255e-02 3.478672e-01 
6.620023e-03 4.299643e-01 
1.233871e-02 4.534214e-01 
1.255236e-02 4.365857e-01 
1.322986e-02 3.796340e-01 
1.233650e-02 3.016577e-01 
9.478439e-03 2.862939e-01 
7.997856e-01 -4.265332e-01 
7.555621e-02 -5.014152e-01 
5.227066e-02 -5.352227e-01 
-6.057459e-03 -5.164300e-01 
-1.096482e-02 -4.738931e-01 
-1.195589e-02 -4.181876e-01 
-1.287247e-02 -3.474860e-01 
-1.107818e-02 -2.562022e-01 
-5.838134e-03 -1.667786e-01 
8.396601e-01 6.401745e-01 
1.023741e-01 7.366644e-01 
-9.880032e-03 5.343340e-01 
3.206255e-03 3.074176e-01 
3.465465e-03 1.669979e-01 
1.364409e-03 9.052953e-02 
2.265210e-03 8.864397e-02 
8.024273e-03 1.731099e-01 
9.454797e-03 2.799044e-01 
7.572429e-03 -4.431708e-02 
6.015069e-03 -9.125431e-02 
3.561454e-03 -1.270702e-01 
-2.275551e-03 -1.086081e-01 
-2.274734e-03 -8.297725e-02 
-1.789262e-03 -5.045839e-02 
-8.344821e-04 -1.900675e-02 
5.071654e-04 7.087812e-03 
1.588320e-03 4.602159e-02 
9.772456e-01 -5.889932e-01 
2.302699e-01 -8.361421e-01 
3.537562e-02 -6.971775e-01 
-1.085709e-03 -4.496530e-01 
-4.385017e-03 -2.629008e-01 
-2.242867e-03 -1.416833e-01 
-2.676777e-03 -1.055716e-01 
-7.450459e-03 -1.635605e-01 
-7.324053e-03 -2.102104e-01 
6.985718e-01 4.391679e-01 
-3.607004e-02 4.178022e-01 
-3.000249e-02 4.200269e-01 
-3.525480e-03 4.481340e-01 
6.029249e-03 4.417680e-01 
7.947803e-03 4.127364e-01 
1.083699e-02 3.657705e-01 
1.340378e-02 3.083523e-01 
9.912742e-03 2.863511e-01 
9.936636e-01 -4.240665e-01 
-2.153218e-02 -4.270498e-01 
3.265079e-02 -5.290300e-01 
-8.465751e-04 -6.208145e-01 
-7.230986e-03 -6.357989e-01 
-1.195846e-02 -5.896195e-01 
-1.487706e-02 -4.748979e-01 
-1.267985e-02 -3.015200e-01 
-5.668514e-03 -1.589970e-01 
8.394591e-01 6.519209e-01 
1.728897e-01 8.325002e-01 
1.091553e-02 6.025038e-01 
-3.121172e-03 2.874103e-01 
-1.559129e-03 1.070544e-01 
-3.619871e-03 3.332410e-02 
-1.160299e-03 8.094890e-02 
1.214667e-02 2.418928e-01 
1.437724e-02 3.853880e-01 
1.168199e-03 4.863769e-03 
1.207748e-03 -1.819965e-02 
1.556178e-03 -7.185518e-02 
-3.973045e-04 -1.208880e-01 
-2.435874e-03 -1.286243e-01 
-3.188809e-03 -9.936541e-02 
-1.902370e-03 -3.945912e-02 
1.259553e-03 2.321369e-02 
2.368138e-03 6.423668e-02 
1.181716e+00 -6.268955e-01 
2.024438e-01 -8.336967e-01 
1.962404e-02 -7.146660e-01 
8.281668e-03 -5.345540e-01 
-5.859980e-04 -3.852235e-01 
-1.664304e-03 -2.694532e-01 
-3.878207e-03 -2.059273e-01 
-1.082773e-02 -2.252581e-01 
-1.027944e-02 -2.720220e-01 
7.574736e-01 4.595497e-01 
4.138375e-02 5.014455e-01 
-7.205848e-04 4.863606e-01 
-1.846425e-02 4.699824e-01 
-2.247312e-03 4.532335e-01 
2.257540e-03 4.381074e-01 
9.764426e-03 4.276288e-01 
1.897909e-02 3.979640e-01 
1.300826e-02 3.471161e-01 
1.158284e+00 -5.112933e-01 
-1.575134e-01 -3.969212e-01 
-1.512690e-03 -5.376784e-01 
1.915339e-02 -6.890405e-01 
3.644556e-03 -7.178553e-01 
-6.797440e-03 -6.557958e-01 
-1.361858e-02 -4.983320e-01 
-1.417179e-02 -2.920171e-01 
-7.593826e-03 -1.886227e-01 
8.552964e-01 7.492119e-01 
1.856079e-01 9.429605e-01 
1.968298e-02 6.508708e-01 
-4.402559e-03 2.282071e-01 
-4.152248e-03 -6.907822e-03 
-8.045048e-03 -9.225065e-02 
-6.621555e-03 -1.129748e-02 
1.167959e-02 2.001228e-01 
1.328948e-02 3.207821e-01 
-7.197136e-04 7.139305e-02 
-2.512786e-03 8.194131e-02 
-3.049853e-03 1.204991e-02 
3.245526e-03 -1.162756e-01 
-1.372152e-03 -1.543900e-01 
-3.897545e-03 -1.247400e-01 
-2.295911e-03 -3.474764e-02 
2.772438e-03 5.097469e-02 
2.009103e-03 5.075072e-02 
1.045290e+00 -8.467750e-01 
5.973738e-02 -8.799693e-01 
-8.339621e-03 -6.598123e-01 
1.155339e-02 -4.163034e-01 
1.408350e-03 -2.179926e-01 
1.567688e-03 -6.544699e-02 
3.548804e-03 1.397202e-02 
-3.860361e-03 -4.506264e-02 
-7.911293e-03 -1.730338e-01 
