poroelastic
-8.835629e-03 -1.729924e-01 
-2.391119e-02 -2.149725e-01 
-3.137303e-02 -9.942741e-02 
1.127509e-02 1.241048e-01 
2.001267e-02 2.368079e-01 
2.035160e-02 2.626400e-01 
1.292823e-02 1.919406e-01 
2.496796e-04 2.763083e-02 
-6.047505e-03 -1.206899e-01 
4.985866e-01 -6.817394e-01 
3.813027e-02 -6.880699e-01 
-3.071134e-02 -4.143159e-01 
-5.103509e-03 -8.947886e-02 
8.950741e-03 9.313412e-02 
1.330626e-02 1.726016e-01 
9.741007e-03 1.514159e-01 
1.812393e-03 4.423500e-02 
-2.003185e-03 -4.789475e-02 
1.361011e-01 3.823324e-01 
3.403067e-05 2.105305e-01 
8.876977e-03 1.434237e-01 
9.798148e-03 1.364386e-01 
5.116746e-03 8.766891e-02 
1.309739e-04 2.334756e-02 
-5.545922e-03 -4.738340e-02 
-7.873223e-03 -1.145415e-01 
-6.529634e-03 -1.486762e-01 
8.313743e-02 -4.593052e-01 
-1.651319e-02 -3.069464e-01 
-2.345147e-02 -1.726938e-01 
-2.063611e-03 -6.136462e-02 
2.723573e-03 1.504008e-02 
6.580296e-03 6.664610e-02 
1.098964e-02 1.078890e-01 
1.230749e-02 1.681922e-01 
1.075327e-02 2.371438e-01 
6.216489e-01 6.461505e-01 
1.089056e-01 7.466712e-01 
2.951944e-02 5.682929e-01 
2.494732e-02 3.356971e-01 
1.030297e-02 1.557534e-01 
-3.209267e-05 1.504592e-02 
-6.342950e-03 -8.036925e-02 
-5.908856e-03 -9.766425e-02 
-2.225869e-03 -5.121417e-02 
-5.934732e-03 3.991939e-02 
-3.021439e-03 6.893796e-02 
9.284862e-04 8.600695e-02 
7.423246e-03 9.391934e-02 
5.539296e-03 8.079369e-02 
3.459725e-03 5.582733e-02 
3.601750e-04 1.590981e-02 
-1.924443e-03 -2.715374e-02 
-1.928280e-03 -4.508423e-02 
4.260295e-01 -7.254604e-01 
2.094626e-02 -7.085436e-01 
-3.144333e-02 -4.383034e-01 
-9.314033e-03 -1.472213e-01 
4.480300e-03 4.351378e-02 
1.175560e-02 1.576482e-01 
1.395912e-02 1.937489e-01 
8.725519e-03 1.468426e-01 
3.344795e-03 7.724470e-02 
2.314033e-01 4.793464e-01 
1.351708e-02 4.055255e-01 
1.940359e-02 3.376428e-01 
1.763445e-02 2.608927e-01 
8.698905e-03 1.502111e-01 
1.511869e-04 2.855363e-02 
-8.816224e-03 -9.126977e-02 
-1.258981e-02 -1.871299e-01 
-1.008183e-02 -2.327036e-01 
-4.643763e-02 -4.225482e-01 
-1.744207e-03 -9.657770e-02 
-7.052034e-03 2.845361e-02 
4.752372e-03 2.328790e-02 
2.142385e-03 1.834157e-02 
2.531212e-03 2.004877e-02 
6.286334e-03 4.939124e-02 
1.132378e-02 1.565216e-01 
1.315509e-02 2.999038e-01 
6.751883e-01 7.677214e-01 
1.783689e-01 9.726637e-01 
5.075268e-02 7.431117e-01 
2.308239e-02 3.557106e-01 
4.609392e-03 8.539450e-02 
-6.597950e-03 -9.530354e-02 
-1.129078e-02 -1.787463e-01 
-6.658421e-03 -1.232543e-01 
5.192440e-04 1.163780e-02 
3.694024e-03 1.876908e-01 
1.093763e-02 2.761397e-01 
1.422362e-02 2.587067e-01 
9.254998e-03 1.416967e-01 
3.471600e-03 5.740952e-02 
-1.872752e-04 -1.983911e-03 
-2.173065e-03 -3.750983e-02 
-1.082453e-03 -2.555903e-02 
1.150709e-03 2.687397e-02 
3.581258e-01 -7.084070e-01 
-1.697116e-03 -5.356433e-01 
-1.656347e-02 -2.593913e-01 
-4.486311e-03 -8.256760e-02 
2.053855e-03 2.902084e-02 
5.764331e-03 9.149392e-02 
7.161461e-03 1.067028e-01 
5.579316e-03 9.105660e-02 
3.691468e-03 8.469975e-02 
3.080010e-01 6.048490e-01 
4.712549e-02 6.170770e-01 
2.924260e-02 4.896079e-01 
1.670246e-02 2.726109e-01 
4.513756e-03 8.640312e-02 
-4.403507e-03 -6.431803e-02 
-1.114039e-02 -1.653382e-01 
-1.137998e-02 -1.860186e-01 
-5.851464e-03 -1.347036e-01 
-1.401998e-01 -3.919473e-01 
3.922713e-02 9.382392e-02 
1.012353e-02 1.812169e-01 
3.209272e-03 4.145981e-02 
-2.630781e-03 -3.623785e-02 
-4.328988e-03 -6.779388e-02 
5.351803e-05 -2.779358e-02 
1.226145e-02 1.539284e-01 
1.856599e-02 4.053628e-01 
8.579754e-01 9.542178e-01 
2.506212e-01 1.281187e+00 
6.573476e-02 9.832199e-01 
2.131610e-02 3.918541e-01 
2.345062e-04 -4.895621e-03 
-1.315647e-02 -2.500048e-01 
-1.887324e-02 -3.335058e-01 
-9.669713e-03 -1.888813e-01 
4.105862e-03 8.989944e-02 
4.782670e-02 3.850260e-01 
4.866216e-02 5.465909e-01 
3.265728e-02 4.693267e-01 
8.900654e-03 1.850520e-01 
8.189795e-04 1.792269e-02 
-4.014419e-03 -7.125083e-02 
-4.215632e-03 -8.527134e-02 
2.531870e-03 1.127797e-02 
7.945884e-03 1.876576e-01 
5.186327e-01 -8.201002e-01 
-1.376498e-02 -4.999566e-01 
-1.393961e-02 -2.211035e-01 
-3.806573e-03 -9.068946e-02 
5.708789e-07 -2.794855e-03 
2.877751e-03 4.654945e-02 
2.248618e-03 3.735133e-02 
-3.096465e-03 -3.759185e-02 
-3.670237e-03 -7.694067e-02 
