poroelastic
5.513115e-02 -2.653080e-01 
3.713447e-02 -3.894988e-01 
9.876745e-03 -3.792039e-01 
-3.207530e-02 -2.760949e-01 
-2.094749e-02 -2.001681e-01 
-1.310124e-02 -1.247965e-01 
-9.153612e-03 -5.855532e-02 
-6.547072e-03 -8.052728e-02 
-8.381026e-03 -2.572244e-01 
-5.006489e-01 -1.426956e-01 
-1.533229e-01 -5.648506e-02 
-5.443907e-02 5.348972e-02 
3.679396e-02 1.866453e-01 
3.504697e-02 2.677586e-01 
3.411165e-02 3.234812e-01 
3.164261e-02 3.688170e-01 
1.523100e-02 3.654060e-01 
5.714110e-03 2.269974e-01 
-6.746266e-01 -1.518395e-01 
9.870991e-02 -3.082745e-01 
3.441420e-02 -3.598921e-01 
-5.591098e-02 -3.756585e-01 
-4.691754e-02 -3.969239e-01 
-4.026782e-02 -4.042582e-01 
-3.612377e-02 -4.017249e-01 
-2.135338e-02 -4.154225e-01 
-1.339102e-02 -4.838067e-01 
-5.940557e-01 1.227107e-02 
-5.923041e-02 9.821518e-02 
-3.650336e-02 2.258375e-01 
5.082532e-02 3.278604e-01 
4.164553e-02 3.966454e-01 
3.938755e-02 4.321823e-01 
3.538710e-02 4.306500e-01 
1.944293e-02 3.852098e-01 
9.501220e-03 3.226296e-01 
-5.188444e-01 -1.648264e-01 
-1.075671e-01 -3.688558e-01 
-1.367370e-02 -3.397873e-01 
-2.750681e-02 -2.232484e-01 
-1.838537e-02 -1.537713e-01 
-1.401164e-02 -1.167455e-01 
-1.425098e-02 -1.281464e-01 
-1.142239e-02 -2.070938e-01 
-8.399806e-03 -3.024553e-01 
-9.710593e-04 -9.396108e-02 
-5.396981e-03 -1.106941e-01 
-5.062394e-03 -6.184385e-02 
8.537315e-04 1.187553e-03 
2.592080e-03 3.434819e-02 
2.786413e-03 4.934249e-02 
1.299378e-03 4.490697e-02 
-5.733944e-04 4.994595e-03 
-1.981475e-03 -7.421382e-02 
-4.881011e-01 4.972488e-02 
-1.166824e-01 1.530198e-01 
-1.558284e-02 1.771312e-01 
2.453351e-02 1.887567e-01 
2.060561e-02 1.932289e-01 
1.944128e-02 2.057639e-01 
2.005108e-02 2.376352e-01 
1.273548e-02 2.695933e-01 
6.693498e-03 2.420103e-01 
-6.857169e-01 -1.885891e-01 
1.543300e-02 -3.790324e-01 
-3.392337e-03 -4.400769e-01 
-5.129818e-02 -4.376908e-01 
-4.310857e-02 -4.274861e-01 
-3.588798e-02 -4.066923e-01 
-3.202027e-02 -3.927100e-01 
-2.085134e-02 -4.102407e-01 
-1.283531e-02 -4.534754e-01 
-8.708103e-01 8.085041e-02 
2.448865e-02 1.198620e-01 
-6.643323e-03 2.929622e-01 
6.888500e-02 4.632542e-01 
5.078972e-02 5.713930e-01 
4.751886e-02 6.131319e-01 
4.038705e-02 5.757898e-01 
2.142615e-02 4.632602e-01 
1.090259e-02 3.759221e-01 
-5.880378e-01 -2.054136e-01 
-1.863705e-01 -4.378055e-01 
-4.389919e-02 -3.969474e-01 
-2.800838e-02 -2.464602e-01 
-1.820995e-02 -1.617495e-01 
-1.458889e-02 -1.319829e-01 
-1.652933e-02 -1.778556e-01 
-1.608907e-02 -3.045338e-01 
-1.158632e-02 -3.957632e-01 
-4.468837e-03 -7.574437e-02 
-6.743041e-03 -9.755048e-02 
-4.319555e-03 -5.969008e-02 
1.870927e-03 1.367600e-02 
3.490610e-03 5.344045e-02 
3.336485e-03 6.532397e-02 
1.132082e-03 4.383155e-02 
-1.006361e-03 -1.258202e-02 
-1.816188e-03 -6.680820e-02 
-7.854895e-01 1.638977e-01 
-1.210456e-01 2.649018e-01 
1.023175e-02 2.826437e-01 
3.662220e-02 3.086181e-01 
2.773334e-02 3.238854e-01 
2.554464e-02 3.344058e-01 
2.433772e-02 3.437957e-01 
1.515836e-02 3.447703e-01 
9.104951e-03 3.291401e-01 
-7.319919e-01 -2.217227e-01 
-7.551438e-02 -4.313318e-01 
-4.875386e-02 -4.927126e-01 
-4.685085e-02 -4.873287e-01 
-4.149371e-02 -4.734785e-01 
-3.458807e-02 -4.543765e-01 
-3.114110e-02 -4.493565e-01 
-2.182851e-02 -4.625272e-01 
-1.251217e-02 -4.502397e-01 
-1.060943e+00 2.683154e-01 
1.658177e-01 2.216542e-01 
4.910703e-02 4.034002e-01 
6.308348e-02 5.690007e-01 
4.418114e-02 6.549880e-01 
4.098211e-02 6.577168e-01 
3.302544e-02 5.596397e-01 
1.812738e-02 3.983323e-01 
1.033644e-02 3.436481e-01 
-5.820720e-01 -2.983427e-01 
-2.052701e-01 -5.151078e-01 
-5.978913e-02 -4.097582e-01 
-1.808035e-02 -1.829055e-01 
-6.665892e-03 -5.003480e-02 
-4.191556e-03 -9.033952e-03 
-8.395669e-03 -9.112115e-02 
-1.419534e-02 -2.825128e-01 
-1.051284e-02 -3.671575e-01 
-8.784204e-03 -1.161072e-01 
-9.092874e-03 -1.603122e-01 
2.033252e-03 -1.022933e-01 
5.808287e-03 4.833021e-02 
7.942798e-03 1.307294e-01 
8.276219e-03 1.587270e-01 
5.612617e-03 1.242119e-01 
1.453054e-03 4.305113e-02 
8.066828e-05 3.258834e-03 
-4.854672e-01 4.756051e-01 
1.175261e-02 3.959298e-01 
2.529941e-02 2.494469e-01 
8.303065e-03 1.353172e-01 
3.103415e-03 5.358837e-02 
9.294907e-04 8.209130e-03 
2.176719e-03 1.429466e-02 
4.434234e-03 8.037783e-02 
4.238934e-03 1.455004e-01 
