poroelastic
5.385544e-03 -1.274773e-01 
-2.982736e-03 -1.572170e-01 
-6.413288e-03 -8.055660e-02 
2.954759e-03 3.439049e-02 
7.582294e-03 9.458632e-02 
8.848586e-03 1.186635e-01 
3.719784e-03 8.417057e-02 
-6.089953e-03 -4.362333e-02 
-1.115743e-02 -2.183164e-01 
1.676975e-02 -3.958845e-01 
-4.612918e-02 -2.835414e-01 
-2.924859e-02 -8.668678e-02 
7.618274e-03 5.064157e-02 
1.307646e-02 1.246941e-01 
1.422366e-02 1.550669e-01 
1.378378e-02 1.502817e-01 
9.484833e-03 1.369886e-01 
5.766047e-03 1.332794e-01 
5.746169e-02 3.109133e-01 
1.693936e-02 2.645836e-01 
2.245574e-02 1.758297e-01 
-4.964302e-04 3.032623e-02 
-8.305281e-03 -7.894209e-02 
-1.292899e-02 -1.574247e-01 
-1.367057e-02 -1.867622e-01 
-6.407417e-03 -1.193518e-01 
7.128074e-04 1.661299e-02 
-2.023225e-01 -2.010570e-01 
-2.605915e-02 -3.863655e-02 
-2.093375e-02 6.277145e-02 
1.082884e-02 7.576022e-02 
1.093156e-02 9.592077e-02 
1.138913e-02 1.068828e-01 
1.593602e-02 1.319023e-01 
1.821379e-02 2.300089e-01 
1.713316e-02 3.916609e-01 
1.392106e-01 4.410815e-01 
2.629074e-02 4.406603e-01 
3.198089e-02 3.128261e-01 
6.608835e-03 1.393451e-01 
-5.451570e-03 -6.543573e-03 
-1.491759e-02 -1.435262e-01 
-2.356160e-02 -2.642140e-01 
-1.966469e-02 -3.083610e-01 
-1.025392e-02 -2.502799e-01 
-4.123040e-02 1.969784e-01 
-2.791378e-02 3.419110e-01 
-8.101037e-03 4.078831e-01 
4.216416e-02 3.701494e-01 
3.122114e-02 3.449397e-01 
2.674082e-02 3.186919e-01 
2.488348e-02 2.852014e-01 
1.804830e-02 2.842439e-01 
1.268786e-02 3.306118e-01 
4.728486e-01 -2.666064e-01 
8.388087e-02 -2.192975e-01 
1.214900e-02 -1.311774e-01 
-1.342507e-02 -1.268883e-01 
-1.288623e-02 -1.309215e-01 
-1.221634e-02 -1.350423e-01 
-1.411150e-02 -1.567708e-01 
-1.239749e-02 -1.948592e-01 
-8.570656e-03 -2.206632e-01 
1.611504e-01 2.399015e-01 
1.399495e-02 2.894306e-01 
1.952104e-02 3.038656e-01 
1.657698e-02 2.333131e-01 
8.403472e-03 1.465223e-01 
1.438998e-03 6.227679e-02 
-7.311862e-03 -4.633133e-02 
-1.078899e-02 -1.701945e-01 
-8.499438e-03 -2.279243e-01 
-8.009852e-01 -9.408165e-02 
1.293336e-02 1.180233e-01 
-1.111393e-02 3.426490e-01 
5.361520e-02 4.266985e-01 
4.274970e-02 4.537427e-01 
3.998658e-02 4.704861e-01 
3.968835e-02 4.761448e-01 
2.797638e-02 4.835703e-01 
2.003641e-02 5.652098e-01 
-3.129201e-01 4.856174e-01 
-9.783934e-02 4.354588e-01 
1.143104e-02 2.339102e-01 
-2.185890e-02 -3.242064e-02 
-3.459756e-02 -2.865584e-01 
-4.271312e-02 -4.780297e-01 
-4.888803e-02 -6.178333e-01 
-3.790076e-02 -7.013220e-01 
-2.299695e-02 -6.639344e-01 
-6.480841e-03 3.445814e-01 
8.365825e-03 5.640847e-01 
3.525631e-02 6.612334e-01 
6.252421e-02 5.964961e-01 
4.296607e-02 5.276608e-01 
3.572229e-02 4.752171e-01 
3.000666e-02 4.107090e-01 
1.822327e-02 3.648454e-01 
1.259497e-02 3.855551e-01 
-1.129330e-03 -2.078648e-01 
-1.104316e-02 -1.437249e-03 
6.792780e-03 1.124066e-01 
5.466594e-03 7.499769e-02 
2.615340e-03 4.346547e-02 
6.782393e-04 1.665583e-02 
-1.268998e-03 -2.017706e-02 
-1.030766e-03 -2.659009e-02 
1.391419e-04 4.419021e-03 
-2.742249e-01 2.323195e-01 
-8.773412e-03 1.827592e-01 
3.411830e-03 6.707140e-02 
-2.586045e-02 -1.509397e-01 
-3.016961e-02 -3.182763e-01 
-3.396528e-02 -4.482507e-01 
-3.428224e-02 -5.210178e-01 
-2.076708e-02 -4.580167e-01 
-8.908257e-03 -2.847737e-01 
-1.162911e+00 9.291767e-02 
1.533025e-01 2.782253e-01 
4.262837e-02 5.055767e-01 
6.085527e-02 5.395031e-01 
4.518158e-02 5.430239e-01 
4.010268e-02 5.098452e-01 
3.895600e-02 4.883559e-01 
3.131531e-02 6.089730e-01 
2.897762e-02 9.095547e-01 
8.655165e-02 5.550728e-01 
1.145094e-02 6.614429e-01 
1.027009e-02 4.681694e-01 
-6.360338e-03 1.337424e-01 
-1.783065e-02 -1.384840e-01 
-2.716641e-02 -3.639928e-01 
-3.215823e-02 -5.319486e-01 
-2.216950e-02 -5.258258e-01 
-8.064568e-03 -2.715845e-01 
5.064809e-02 3.430923e-01 
5.693491e-02 5.232454e-01 
5.275390e-02 5.191300e-01 
2.465983e-02 3.341696e-01 
1.318359e-02 2.091679e-01 
7.043038e-03 1.094704e-01 
3.681432e-03 2.595084e-02 
3.267212e-03 5.118185e-02 
5.620155e-03 2.093129e-01 
-2.327074e-01 -6.732494e-02 
-3.719551e-03 1.903021e-01 
2.332637e-02 2.780290e-01 
1.140687e-02 1.935129e-01 
7.486245e-03 1.457787e-01 
4.198232e-03 9.324218e-02 
-5.517888e-04 7.518306e-03 
-3.234063e-03 -6.485528e-02 
-2.488188e-03 -7.792380e-02 
