poroelastic
-3.464513e-02 2.245012e-01 
-1.318726e-02 3.039203e-01 
1.016134e-02 2.285881e-01 
4.100863e-03 4.737620e-02 
-3.823755e-03 -4.252456e-02 
-5.584227e-03 -8.250044e-02 
-1.258438e-03 -7.461573e-02 
4.596506e-03 5.727930e-03 
1.454383e-03 1.411926e-01 
-9.911610e-02 4.324934e-01 
3.967806e-02 4.329347e-01 
5.650580e-02 2.361640e-01 
-9.579599e-03 -1.023422e-02 
-1.857189e-02 -1.436161e-01 
-2.123868e-02 -2.086688e-01 
-2.099075e-02 -2.221109e-01 
-9.738205e-03 -1.855758e-01 
-8.277508e-04 -1.087514e-01 
2.653012e-01 -1.274336e-01 
-8.374190e-02 7.455264e-02 
-4.229590e-02 1.310587e-01 
1.700732e-02 1.151732e-01 
2.027641e-02 1.413936e-01 
1.998262e-02 1.772157e-01 
2.499942e-02 2.151865e-01 
1.914080e-02 2.540255e-01 
2.787914e-03 2.821278e-01 
2.302243e-01 2.875719e-01 
6.242729e-02 1.640285e-01 
5.842025e-02 7.987681e-03 
-2.690871e-02 -1.296550e-01 
-2.294794e-02 -2.107588e-01 
-2.500184e-02 -2.510544e-01 
-2.900539e-02 -2.620474e-01 
-2.074551e-02 -2.729506e-01 
-3.705087e-03 -3.076708e-01 
-7.337861e-02 -2.776469e-01 
-1.050015e-02 -2.136394e-01 
-1.860648e-02 -1.302301e-01 
-3.187648e-03 -7.233380e-02 
3.336859e-03 -8.176405e-03 
7.565137e-03 5.547640e-02 
1.254252e-02 1.181858e-01 
1.201757e-02 1.631522e-01 
2.254572e-03 1.562607e-01 
-1.418671e-04 6.138894e-02 
4.145088e-03 6.517117e-02 
4.839213e-03 2.257410e-02 
-3.628046e-03 -3.369691e-02 
-3.833218e-03 -4.841422e-02 
-2.817475e-03 -4.286602e-02 
-5.164072e-04 -2.047500e-02 
1.129940e-03 9.543548e-03 
2.798883e-04 2.573063e-02 
-2.140916e-02 4.086270e-01 
5.473480e-02 3.653256e-01 
4.754859e-02 1.865832e-01 
-7.283092e-03 -6.246130e-03 
-1.409554e-02 -1.213822e-01 
-1.841720e-02 -1.896277e-01 
-2.275620e-02 -2.212299e-01 
-1.450135e-02 -2.211682e-01 
-2.321882e-03 -2.052425e-01 
2.166302e-01 -1.670800e-01 
-4.587391e-02 -1.564045e-02 
-3.369044e-02 4.551556e-02 
1.083263e-02 7.477890e-02 
1.951006e-02 1.349234e-01 
2.119929e-02 2.017621e-01 
2.734635e-02 2.692981e-01 
2.240076e-02 3.201981e-01 
3.803595e-03 3.171113e-01 
4.453994e-01 2.496251e-01 
1.837531e-02 3.580228e-02 
3.957816e-02 -1.357669e-01 
-4.168619e-02 -2.296990e-01 
-2.337354e-02 -2.794524e-01 
-2.406098e-02 -2.944980e-01 
-2.837412e-02 -2.852076e-01 
-2.310429e-02 -3.017824e-01 
-5.728710e-03 -3.893872e-01 
-9.250771e-02 -3.270507e-01 
-1.731228e-02 -3.196606e-01 
-1.950316e-02 -2.180333e-01 
-4.125498e-03 -8.791391e-02 
5.486260e-03 2.179708e-02 
1.060576e-02 1.152966e-01 
1.590685e-02 1.944943e-01 
1.485555e-02 2.235329e-01 
2.453299e-03 1.452839e-01 
6.293251e-03 -4.801927e-02 
2.506269e-03 -8.889319e-02 
-3.501731e-03 -1.110380e-01 
-7.465134e-03 -9.256369e-02 
-4.016964e-03 -5.957769e-02 
-1.321614e-03 -2.208285e-02 
7.991677e-04 1.706348e-02 
4.015117e-05 2.441815e-02 
-4.141757e-04 -3.389411e-02 
1.665163e-01 3.423008e-01 
8.204127e-02 2.026749e-01 
2.992127e-02 2.558393e-02 
-1.576431e-02 -9.562118e-02 
-1.371684e-02 -1.602919e-01 
-1.593802e-02 -1.933349e-01 
-2.073976e-02 -2.062529e-01 
-1.603685e-02 -2.292696e-01 
-3.338072e-03 -2.890700e-01 
2.237409e-01 -2.557599e-01 
-2.539850e-02 -1.401671e-01 
-2.104743e-02 -3.468348e-02 
5.761546e-03 9.689367e-02 
2.375119e-02 2.164913e-01 
2.500862e-02 3.158412e-01 
3.077890e-02 3.893176e-01 
2.512549e-02 3.964193e-01 
3.398979e-03 2.869368e-01 
7.294565e-01 1.248531e-01 
-7.926984e-02 -1.716313e-01 
-7.357227e-04 -3.457329e-01 
-4.409765e-02 -3.548355e-01 
-1.917509e-02 -3.457815e-01 
-1.976471e-02 -3.158057e-01 
-2.510737e-02 -2.740948e-01 
-2.723881e-02 -3.130259e-01 
-7.859716e-03 -5.152467e-01 
-1.841866e-01 -4.306236e-01 
-4.363490e-02 -5.158057e-01 
-1.905642e-02 -3.938384e-01 
-5.559752e-03 -1.433412e-01 
5.281118e-03 4.756524e-02 
1.152489e-02 1.944011e-01 
1.776894e-02 3.020597e-01 
1.731073e-02 3.020223e-01 
1.642245e-03 9.965251e-02 
-9.163879e-03 -1.872999e-01 
-1.425880e-02 -2.768735e-01 
-1.690596e-02 -2.627190e-01 
-8.821047e-03 -1.490047e-01 
-3.543831e-03 -6.650424e-02 
-5.239528e-04 -6.254657e-03 
-1.015339e-03 2.981790e-02 
-6.868122e-03 -1.984891e-02 
-2.205488e-03 -2.009459e-01 
-3.625457e-02 2.277023e-01 
8.086064e-03 7.392266e-02 
-9.769349e-04 -2.363340e-02 
-1.859936e-03 -3.192702e-02 
-1.121484e-03 -2.074739e-02 
-4.053128e-04 -5.713676e-03 
-1.103031e-03 8.813979e-03 
-3.262842e-03 -1.006045e-02 
-8.426193e-04 -9.607896e-02 
