poroelastic
-4.074501e-02 2.269887e-01 
-2.258170e-02 3.143342e-01 
4.627305e-04 2.532390e-01 
6.992266e-03 8.280081e-02 
1.336517e-04 -6.488720e-03 
-2.150976e-03 -5.173983e-02 
6.819860e-04 -5.360985e-02 
4.607220e-03 1.991298e-02 
1.679648e-03 1.604980e-01 
-9.410243e-02 4.414048e-01 
3.748253e-02 4.475048e-01 
5.327617e-02 2.555000e-01 
-7.266127e-03 3.983858e-03 
-1.562288e-02 -1.401360e-01 
-1.876119e-02 -2.188108e-01 
-1.939491e-02 -2.470300e-01 
-9.123158e-03 -2.170265e-01 
-9.199921e-04 -1.294999e-01 
3.203263e-01 -1.274804e-01 
-9.035745e-02 8.491570e-02 
-4.425551e-02 1.555736e-01 
1.605339e-02 1.491165e-01 
1.949742e-02 1.761192e-01 
1.844904e-02 2.087853e-01 
2.231091e-02 2.417360e-01 
1.736292e-02 2.802670e-01 
3.108859e-03 3.187817e-01 
2.315768e-01 2.810983e-01 
5.571027e-02 1.567719e-01 
5.246623e-02 8.529540e-03 
-2.076514e-02 -1.231826e-01 
-1.747011e-02 -2.052697e-01 
-2.001648e-02 -2.514503e-01 
-2.433533e-02 -2.721915e-01 
-1.803530e-02 -2.904735e-01 
-3.851998e-03 -3.222177e-01 
-4.077982e-02 -2.895272e-01 
-3.479233e-03 -2.101669e-01 
-1.696839e-02 -1.112808e-01 
-6.352052e-04 -4.088976e-02 
4.777450e-03 2.433901e-02 
7.499191e-03 8.269218e-02 
1.077103e-02 1.350851e-01 
1.026201e-02 1.690255e-01 
2.245747e-03 1.593253e-01 
-2.388349e-03 5.998975e-02 
1.201497e-03 6.820700e-02 
2.994863e-03 3.603588e-02 
-1.077545e-03 -1.134043e-02 
-1.686242e-03 -2.682813e-02 
-1.453683e-03 -2.718634e-02 
-3.840547e-04 -1.515315e-02 
6.210753e-04 4.967739e-03 
2.258703e-04 1.947578e-02 
-3.430242e-02 3.986990e-01 
4.360715e-02 3.605578e-01 
3.900596e-02 1.936232e-01 
-2.932127e-03 1.138885e-02 
-9.156948e-03 -1.028223e-01 
-1.342588e-02 -1.762150e-01 
-1.812127e-02 -2.182300e-01 
-1.243022e-02 -2.273758e-01 
-2.540210e-03 -2.098934e-01 
2.637841e-01 -1.723526e-01 
-4.527461e-02 -5.949856e-03 
-3.122239e-02 7.529308e-02 
8.850485e-03 1.185516e-01 
1.749173e-02 1.775420e-01 
1.795763e-02 2.352526e-01 
2.245133e-02 2.882740e-01 
1.941497e-02 3.282715e-01 
4.263342e-03 3.292820e-01 
4.289051e-01 2.420296e-01 
1.219276e-02 3.167874e-02 
3.394816e-02 -1.271136e-01 
-3.026589e-02 -2.140696e-01 
-1.570587e-02 -2.661219e-01 
-1.749246e-02 -2.894275e-01 
-2.259362e-02 -2.926703e-01 
-2.025483e-02 -3.185804e-01 
-6.353244e-03 -4.035099e-01 
-6.623959e-02 -3.414559e-01 
-5.750322e-03 -3.202124e-01 
-1.378739e-02 -2.010205e-01 
-2.853073e-03 -5.584852e-02 
5.329037e-03 5.513473e-02 
8.938518e-03 1.426328e-01 
1.294523e-02 2.100075e-01 
1.301247e-02 2.264846e-01 
2.631601e-03 1.456910e-01 
3.339881e-03 -4.806177e-02 
6.867348e-04 -8.225989e-02 
-2.613225e-03 -9.153813e-02 
-3.647905e-03 -6.353832e-02 
-1.658448e-03 -3.252753e-02 
-1.192722e-04 -2.869320e-03 
9.564322e-04 2.394566e-02 
-2.161850e-05 2.132162e-02 
-5.239672e-04 -3.651407e-02 
1.463036e-01 3.424748e-01 
7.275835e-02 2.141220e-01 
2.574271e-02 4.846244e-02 
-8.258664e-03 -6.950160e-02 
-7.861835e-03 -1.414497e-01 
-1.098603e-02 -1.873507e-01 
-1.671825e-02 -2.165810e-01 
-1.464152e-02 -2.490856e-01 
-4.236954e-03 -3.028601e-01 
2.697274e-01 -2.595505e-01 
-1.761594e-02 -1.298714e-01 
-1.475496e-02 -6.061315e-03 
2.616253e-05 1.361120e-01 
1.835865e-02 2.532665e-01 
1.906545e-02 3.439049e-01 
2.461796e-02 4.051506e-01 
2.298334e-02 4.070233e-01 
4.458740e-03 3.101212e-01 
6.844096e-01 1.247545e-01 
-7.906628e-02 -1.667822e-01 
-1.632018e-03 -3.216967e-01 
-2.758238e-02 -3.243554e-01 
-9.402882e-03 -3.213941e-01 
-1.197188e-02 -3.051221e-01 
-1.859882e-02 -2.816881e-01 
-2.407624e-02 -3.295556e-01 
-9.357194e-03 -5.188679e-01 
-1.760576e-01 -4.363631e-01 
-3.261023e-02 -5.070426e-01 
-9.862833e-03 -3.728936e-01 
-5.530845e-03 -1.211765e-01 
2.462533e-03 6.081407e-02 
7.178518e-03 1.957256e-01 
1.285287e-02 2.908545e-01 
1.487360e-02 2.861513e-01 
1.831013e-03 9.651824e-02 
-1.041764e-02 -1.728731e-01 
-1.243999e-02 -2.499965e-01 
-1.154154e-02 -2.254617e-01 
-3.737505e-03 -1.120302e-01 
-9.960394e-04 -3.907454e-02 
8.042316e-04 7.756787e-03 
-3.801520e-05 2.884806e-02 
-5.749580e-03 -2.578536e-02 
-2.855979e-03 -1.950341e-01 
-8.118746e-02 2.299025e-01 
2.428165e-03 9.068686e-02 
1.567812e-04 5.883823e-03 
4.418694e-04 4.850426e-03 
7.195060e-04 1.075808e-02 
9.395917e-04 1.500639e-02 
-3.035759e-04 1.438134e-02 
-3.003894e-03 -1.535997e-02 
-1.350585e-03 -1.000140e-01 
