poroelastic
-4.233611e-02 1.059825e-01 
-3.801481e-02 1.465636e-01 
-2.921150e-02 1.463507e-01 
1.029722e-02 1.401443e-01 
1.053202e-02 1.349948e-01 
8.428711e-03 1.145895e-01 
7.174439e-03 7.429336e-02 
5.733078e-03 6.146698e-02 
3.430354e-03 1.550239e-01 
5.516270e-01 -4.149334e-02 
1.808491e-01 -1.900286e-01 
6.262449e-02 -2.242270e-01 
-1.761638e-02 -2.080533e-01 
-1.610417e-02 -1.980654e-01 
-1.573312e-02 -2.005984e-01 
-1.952697e-02 -2.339248e-01 
-1.429606e-02 -2.829320e-01 
-4.337840e-03 -2.466406e-01 
6.053227e-01 1.626206e-01 
-1.374977e-01 2.185158e-01 
-7.224792e-02 2.852358e-01 
2.079576e-02 3.503299e-01 
2.906263e-02 3.905247e-01 
2.595784e-02 4.009191e-01 
2.739922e-02 3.832191e-01 
2.150035e-02 3.555662e-01 
7.385795e-03 3.630116e-01 
6.234292e-01 -7.572642e-02 
8.790601e-02 -1.980562e-01 
6.808247e-02 -3.012427e-01 
-2.913806e-02 -3.507724e-01 
-2.251452e-02 -3.837275e-01 
-2.376120e-02 -3.910175e-01 
-2.678693e-02 -3.743130e-01 
-2.021826e-02 -3.392668e-01 
-6.856746e-03 -3.083614e-01 
4.499460e-01 1.792575e-01 
5.336876e-02 2.815735e-01 
-1.537064e-02 2.321420e-01 
8.285199e-03 1.629592e-01 
9.029976e-03 1.286009e-01 
7.803315e-03 1.197727e-01 
1.056839e-02 1.455844e-01 
1.419973e-02 2.089038e-01 
6.169161e-03 2.568778e-01 
4.065952e-03 -6.589163e-03 
3.085495e-03 -3.820394e-02 
-3.387494e-04 -6.678324e-02 
-2.901214e-03 -5.210064e-02 
-1.697997e-03 -3.256139e-02 
-4.714275e-04 -1.030113e-02 
6.890932e-04 6.707524e-03 
1.009131e-03 1.354565e-02 
5.259011e-04 2.363728e-02 
5.665501e-01 -1.152638e-01 
1.642400e-01 -2.864995e-01 
4.157187e-02 -2.966313e-01 
-1.128629e-02 -2.319920e-01 
-1.014704e-02 -1.877735e-01 
-9.821504e-03 -1.663138e-01 
-1.483267e-02 -1.841831e-01 
-1.511773e-02 -2.457748e-01 
-6.355117e-03 -2.818809e-01 
5.689471e-01 1.495158e-01 
-6.449939e-02 2.291272e-01 
-4.435423e-02 2.881751e-01 
1.110272e-02 3.461223e-01 
2.377484e-02 3.821892e-01 
2.213878e-02 3.974593e-01 
2.534589e-02 3.998096e-01 
2.374574e-02 3.928269e-01 
8.847015e-03 3.785499e-01 
8.849795e-01 -1.207371e-01 
1.965630e-04 -2.402767e-01 
4.792298e-02 -3.885182e-01 
-3.735990e-02 -4.737105e-01 
-2.103443e-02 -5.225774e-01 
-2.375973e-02 -5.185999e-01 
-2.717470e-02 -4.598794e-01 
-2.225106e-02 -3.757624e-01 
-9.074069e-03 -3.490804e-01 
4.575457e-01 1.722406e-01 
1.025958e-01 2.970713e-01 
3.490250e-03 2.449584e-01 
2.753894e-03 1.603916e-01 
5.650453e-03 1.242401e-01 
5.330418e-03 1.291302e-01 
1.047162e-02 1.882184e-01 
1.976320e-02 2.835488e-01 
8.707179e-03 3.045980e-01 
4.214966e-03 -3.866388e-02 
2.292705e-03 -7.785841e-02 
-8.389058e-04 -1.018565e-01 
-3.887158e-03 -8.815732e-02 
-2.958925e-03 -6.581117e-02 
-1.548907e-03 -3.215021e-02 
4.201736e-04 7.239555e-03 
8.148374e-04 2.303360e-02 
-2.662707e-04 -1.041642e-02 
8.087086e-01 -1.936302e-01 
1.740233e-01 -4.055024e-01 
2.689326e-02 -4.204144e-01 
-1.316387e-02 -3.475683e-01 
-9.599988e-03 -2.934827e-01 
-1.001175e-02 -2.521766e-01 
-1.547198e-02 -2.399589e-01 
-1.818358e-02 -2.861760e-01 
-9.296160e-03 -3.644624e-01 
6.320192e-01 1.191772e-01 
-3.601234e-03 2.129736e-01 
-1.358766e-02 2.894826e-01 
-5.148094e-03 3.800891e-01 
1.945355e-02 4.441676e-01 
1.951385e-02 4.841998e-01 
2.698483e-02 5.100190e-01 
3.089067e-02 4.968583e-01 
1.055646e-02 4.066195e-01 
1.168902e+00 -2.488245e-01 
-1.430179e-01 -3.369143e-01 
5.619254e-03 -5.097627e-01 
-2.483206e-02 -5.937905e-01 
-1.062589e-02 -6.271946e-01 
-1.802523e-02 -5.947884e-01 
-2.466067e-02 -4.923969e-01 
-2.643946e-02 -3.896686e-01 
-1.298713e-02 -4.362841e-01 
4.258730e-01 1.791831e-01 
1.158132e-01 2.743552e-01 
2.044081e-02 1.964467e-01 
-2.080416e-03 1.040145e-01 
-1.053888e-03 6.786316e-02 
-8.988098e-04 8.844062e-02 
5.808312e-03 1.850870e-01 
2.135242e-02 3.067854e-01 
7.965550e-03 2.561351e-01 
-6.524479e-03 -8.061973e-02 
-6.964729e-03 -1.294132e-01 
-6.442501e-03 -1.451791e-01 
-1.468656e-03 -1.319435e-01 
-2.503333e-03 -1.046259e-01 
-1.677616e-03 -5.777991e-02 
1.283398e-04 2.724061e-03 
-1.897315e-03 9.398379e-03 
-3.074234e-03 -1.112700e-01 
6.028723e-01 -4.307982e-01 
3.564624e-02 -5.285197e-01 
-1.125840e-02 -4.235177e-01 
-3.187062e-03 -2.349189e-01 
-1.888480e-03 -9.517295e-02 
1.587465e-03 3.291261e-03 
1.825594e-03 4.220448e-02 
-5.624902e-03 -3.349438e-02 
-5.181169e-03 -1.866451e-01 
