poroelastic
-4.158946e-02 3.755644e-01 
-2.691941e-02 5.353453e-01 
-2.441397e-03 4.421874e-01 
2.461265e-03 1.358496e-01 
-1.007690e-03 -4.686974e-02 
-2.437305e-03 -1.474054e-01 
-1.881430e-03 -1.480722e-01 
1.441613e-04 -5.385343e-03 
2.334397e-03 1.921236e-01 
-7.035508e-01 9.328874e-01 
-1.097500e-01 1.092995e+00 
1.034156e-02 7.539928e-01 
2.768788e-03 2.305591e-01 
-3.930184e-03 -1.067044e-01 
-5.507135e-03 -2.988803e-01 
-3.779863e-03 -3.344925e-01 
-9.403888e-04 -1.832180e-01 
1.667278e-04 3.153087e-02 
8.269034e-03 -3.937638e-01 
-1.361815e-02 -5.332848e-02 
-6.408930e-03 1.483879e-02 
3.460478e-04 -6.546762e-02 
-1.057430e-04 -7.796434e-02 
2.556609e-04 -4.717930e-02 
1.077206e-03 3.848229e-02 
1.444724e-03 1.953896e-01 
2.681784e-03 3.573367e-01 
-2.694483e-01 5.771754e-01 
-1.821552e-02 5.354434e-01 
1.596645e-03 4.046747e-01 
2.736012e-03 2.292943e-01 
9.573996e-04 7.851918e-02 
-4.754664e-04 -4.121783e-02 
-1.679782e-03 -1.290158e-01 
-2.071387e-03 -1.807650e-01 
-1.807664e-03 -1.903040e-01 
-5.337743e-01 -6.715081e-01 
-4.990305e-02 -5.983864e-01 
-4.010970e-04 -3.661853e-01 
-1.829171e-03 -1.912424e-01 
-6.789417e-04 -7.347727e-02 
5.688808e-05 1.448621e-04 
3.669269e-04 3.620534e-02 
4.115507e-04 4.340098e-02 
3.647086e-04 4.566247e-02 
-7.495399e-03 1.523468e-01 
-4.589541e-03 2.200837e-01 
-1.262936e-03 1.935145e-01 
6.522087e-04 8.076991e-02 
8.891232e-05 1.026464e-02 
-3.318754e-04 -3.811265e-02 
-5.080766e-04 -5.162395e-02 
3.164409e-05 -3.021541e-03 
6.733695e-04 7.616831e-02 
-6.392433e-01 8.226999e-01 
-1.157618e-01 9.619498e-01 
-5.064786e-03 6.960870e-01 
2.830324e-03 3.049826e-01 
9.825769e-04 3.079231e-02 
-5.483672e-04 -1.509008e-01 
-1.750226e-03 -2.316196e-01 
-1.692028e-03 -1.697396e-01 
-3.423990e-04 -3.697082e-02 
-6.426261e-02 -4.245694e-01 
-1.125934e-03 -1.617340e-01 
-1.344498e-03 -6.103702e-02 
-9.293646e-04 -7.319544e-02 
-8.449188e-04 -5.449993e-02 
-8.915913e-04 -1.875809e-02 
-4.353661e-04 4.214522e-02 
1.581119e-03 1.556197e-01 
2.470782e-03 2.766603e-01 
-1.842538e-01 5.396955e-01 
4.669593e-04 3.744472e-01 
5.021508e-04 2.661106e-01 
8.978499e-04 1.768039e-01 
1.397517e-03 7.809098e-02 
1.164661e-03 -1.569570e-02 
2.726179e-04 -1.054450e-01 
-1.804541e-03 -1.923714e-01 
-2.394786e-03 -2.539884e-01 
-5.650807e-01 -7.350639e-01 
-8.826057e-02 -7.647135e-01 
-3.672064e-03 -4.967202e-01 
-5.454964e-04 -1.988069e-01 
-5.588734e-04 -1.710222e-02 
-4.723869e-05 8.561146e-02 
6.203937e-04 1.125089e-01 
6.398551e-04 6.034420e-02 
-1.498973e-04 -1.460372e-02 
1.214354e-03 9.044011e-03 
1.276059e-03 2.475116e-02 
7.876835e-04 4.119574e-02 
-7.728250e-04 6.030306e-02 
-7.031462e-04 6.364474e-02 
-3.684435e-04 5.492335e-02 
-8.959326e-05 4.592864e-02 
4.694736e-04 5.014801e-02 
6.413302e-04 6.534485e-02 
-5.051861e-01 7.691098e-01 
-6.038185e-02 7.954884e-01 
-3.755697e-03 5.356095e-01 
1.313747e-03 2.402897e-01 
2.167414e-03 1.963110e-02 
1.686335e-03 -1.370445e-01 
2.505553e-05 -2.149287e-01 
-1.803640e-03 -1.823066e-01 
-9.862555e-04 -9.685714e-02 
-1.265210e-01 -4.745212e-01 
-1.183504e-03 -3.161745e-01 
3.065424e-03 -1.820076e-01 
-1.986173e-03 -8.650844e-02 
-1.669035e-03 -1.426981e-02 
-1.829485e-03 4.057213e-02 
-1.270195e-03 8.971367e-02 
1.653988e-03 1.540593e-01 
2.045624e-03 2.070785e-01 
-1.599018e-01 4.364045e-01 
9.421355e-03 1.808244e-01 
1.234465e-05 1.294393e-01 
-1.003695e-03 1.741087e-01 
7.896366e-04 1.540200e-01 
2.283453e-03 9.725474e-02 
2.716996e-03 3.347908e-03 
-1.416251e-03 -1.380847e-01 
-3.398513e-03 -2.878074e-01 
-7.213482e-01 -8.133233e-01 
-1.343345e-01 -9.587936e-01 
-4.746554e-03 -6.773035e-01 
1.361904e-03 -2.669510e-01 
-1.677582e-03 -7.977868e-03 
-1.488886e-03 1.409568e-01 
5.570385e-04 1.822282e-01 
1.091357e-03 9.443616e-02 
-7.700515e-04 -6.761795e-02 
-1.103624e-02 -9.813383e-02 
-7.638579e-03 -1.316083e-01 
-3.230477e-03 -1.019416e-01 
1.484478e-03 -1.997657e-02 
9.340705e-04 1.269374e-02 
1.194119e-03 1.123233e-02 
1.016494e-03 -1.473927e-02 
-6.853842e-04 -5.445670e-02 
-1.080153e-03 -1.103452e-01 
-7.914435e-01 7.770115e-01 
-4.524912e-02 7.264326e-01 
5.987249e-03 5.138853e-01 
-9.012552e-03 3.077247e-01 
-2.408472e-03 1.498175e-01 
-5.304460e-04 3.313544e-02 
-9.533367e-04 -2.937045e-02 
1.519551e-04 3.062831e-03 
1.103014e-03 7.101841e-02 
