poroelastic
2.106824e-02 -2.732618e-01 
-6.171860e-04 -3.629506e-01 
-1.712115e-02 -2.577198e-01 
-2.505176e-03 -3.193585e-02 
7.953793e-03 8.956768e-02 
1.059572e-02 1.431997e-01 
4.809750e-03 1.183905e-01 
-4.850588e-03 -2.407218e-02 
-1.085566e-02 -2.411782e-01 
-4.836147e-02 -5.221651e-01 
-9.040403e-02 -4.487534e-01 
-6.225632e-02 -1.897440e-01 
2.255920e-02 1.016737e-01 
3.151980e-02 2.615591e-01 
3.285878e-02 3.327362e-01 
2.794390e-02 3.269361e-01 
1.304797e-02 2.400352e-01 
3.542608e-03 9.571496e-02 
-2.644139e-01 1.502804e-01 
5.504643e-02 -3.167840e-02 
3.258696e-02 -8.981142e-02 
-1.948311e-02 -9.916052e-02 
-2.172392e-02 -1.477649e-01 
-2.347878e-02 -2.029385e-01 
-2.730424e-02 -2.583013e-01 
-2.157821e-02 -3.166211e-01 
-1.482697e-02 -3.774319e-01 
-3.460260e-01 -2.853423e-01 
-5.298605e-02 -1.297897e-01 
-4.560258e-02 4.735350e-02 
3.231632e-02 1.863681e-01 
3.070686e-02 2.747006e-01 
3.227063e-02 3.221918e-01 
3.304759e-02 3.366447e-01 
2.313451e-02 3.396875e-01 
1.396227e-02 3.432588e-01 
1.340795e-01 2.873499e-01 
2.483578e-02 2.625258e-01 
1.932963e-02 1.957985e-01 
8.682870e-03 1.360628e-01 
1.061237e-03 6.395102e-02 
-5.446839e-03 -1.415631e-02 
-1.224601e-02 -1.026132e-01 
-1.278175e-02 -1.862477e-01 
-8.987456e-03 -2.312783e-01 
-7.717385e-03 -2.024929e-02 
-7.176277e-03 3.997897e-03 
-1.039233e-03 6.508198e-02 
1.230802e-02 1.197084e-01 
1.020566e-02 1.277211e-01 
7.080990e-03 1.067975e-01 
1.780506e-03 5.472163e-02 
-2.393686e-03 -2.334252e-02 
-3.749813e-03 -1.000310e-01 
-8.507798e-02 -4.425003e-01 
-8.042144e-02 -3.481088e-01 
-3.804546e-02 -1.414229e-01 
1.340822e-02 6.673259e-02 
2.103440e-02 1.925790e-01 
2.437408e-02 2.649430e-01 
2.467523e-02 2.896739e-01 
1.521691e-02 2.574623e-01 
6.888880e-03 1.806483e-01 
-2.111356e-01 1.739536e-01 
2.035318e-02 3.720344e-02 
1.924641e-02 -1.440710e-02 
-1.185878e-02 -4.149181e-02 
-1.671760e-02 -1.037864e-01 
-2.069177e-02 -1.791745e-01 
-2.727882e-02 -2.691386e-01 
-2.433134e-02 -3.673655e-01 
-1.695197e-02 -4.409182e-01 
-6.379294e-01 -2.083139e-01 
1.739639e-02 2.617052e-02 
-1.458009e-02 2.393709e-01 
5.269866e-02 3.548999e-01 
3.910470e-02 4.154140e-01 
3.707781e-02 4.278040e-01 
3.419799e-02 3.986338e-01 
2.305321e-02 3.702213e-01 
1.517566e-02 3.894686e-01 
1.062547e-01 3.303584e-01 
2.470936e-02 3.469677e-01 
1.896118e-02 2.588274e-01 
5.209117e-03 1.289073e-01 
-4.270364e-03 1.187832e-02 
-1.119667e-02 -9.539588e-02 
-1.746964e-02 -1.991987e-01 
-1.693516e-02 -2.688496e-01 
-1.012234e-02 -2.574247e-01 
4.486676e-04 7.839765e-02 
5.367292e-03 1.354497e-01 
1.176226e-02 1.714218e-01 
1.402918e-02 1.600920e-01 
9.230544e-03 1.296709e-01 
5.134117e-03 8.506503e-02 
3.959437e-04 2.316143e-02 
-2.069292e-03 -3.273929e-02 
-1.896835e-03 -5.141074e-02 
-3.569662e-01 -3.442915e-01 
-9.419693e-02 -1.464262e-01 
-7.288935e-03 6.589924e-02 
2.648304e-02 2.114042e-01 
2.512898e-02 2.876395e-01 
2.488881e-02 3.161452e-01 
2.299217e-02 3.008794e-01 
1.452071e-02 2.580925e-01 
8.365818e-03 2.241347e-01 
-2.052960e-01 2.300771e-01 
-7.446758e-03 1.315863e-01 
1.040278e-03 4.185469e-02 
-1.251090e-02 -7.203138e-02 
-2.093886e-02 -1.815403e-01 
-2.478190e-02 -2.780879e-01 
-2.927162e-02 -3.634936e-01 
-2.461348e-02 -4.117409e-01 
-1.442907e-02 -3.871078e-01 
-8.424524e-01 -5.887217e-02 
1.479688e-01 2.129436e-01 
3.651538e-02 4.142477e-01 
4.853729e-02 4.419507e-01 
3.221112e-02 4.383912e-01 
2.903899e-02 4.009365e-01 
2.620991e-02 3.397175e-01 
2.109341e-02 3.333688e-01 
1.778891e-02 4.501769e-01 
2.011328e-01 3.877611e-01 
5.921090e-02 4.901803e-01 
2.090740e-02 3.993675e-01 
6.928744e-03 1.815186e-01 
-3.015809e-03 9.037673e-03 
-1.080728e-02 -1.354349e-01 
-1.749439e-02 -2.632303e-01 
-1.767536e-02 -3.112292e-01 
-7.460926e-03 -1.940500e-01 
3.283835e-02 1.863055e-01 
3.621558e-02 2.803285e-01 
3.407713e-02 2.946908e-01 
1.598584e-02 2.236285e-01 
1.009826e-02 1.617301e-01 
6.047524e-03 1.000064e-01 
2.487928e-03 3.313847e-02 
1.316012e-03 1.063878e-02 
2.781188e-03 8.078015e-02 
-7.920727e-02 -2.183151e-01 
-9.597095e-03 -4.469077e-02 
1.109339e-02 6.811141e-02 
6.692684e-03 1.044764e-01 
6.267823e-03 1.076915e-01 
5.382935e-03 9.364437e-02 
3.533270e-03 6.007552e-02 
1.054888e-03 1.907205e-02 
3.483117e-04 9.007587e-03 
