poroelastic
-2.626979e-02 -7.186414e-02 
-3.582146e-02 -8.570954e-02 
-4.057130e-02 -3.623627e-03 
1.232623e-02 1.700913e-01 
2.027161e-02 2.565383e-01 
1.980489e-02 2.646364e-01 
1.381662e-02 1.874096e-01 
4.051524e-03 6.159072e-02 
1.100327e-03 2.411431e-02 
9.219124e-01 -6.496520e-01 
1.773363e-01 -7.865676e-01 
1.576428e-02 -5.788083e-01 
-2.241514e-02 -2.805784e-01 
-9.170464e-03 -1.086783e-01 
-3.783032e-03 -2.943269e-02 
-6.720415e-03 -4.881201e-02 
-9.488287e-03 -1.453078e-01 
-6.742538e-03 -1.754871e-01 
4.558442e-01 4.666834e-01 
-6.271030e-02 3.174465e-01 
-2.972297e-02 2.746923e-01 
2.108557e-02 3.046042e-01 
2.181150e-02 2.901501e-01 
1.726283e-02 2.470606e-01 
1.340875e-02 1.849976e-01 
8.134285e-03 1.219521e-01 
4.584510e-03 1.117869e-01 
5.288602e-01 -4.979829e-01 
3.276275e-02 -4.295037e-01 
1.666006e-02 -3.804224e-01 
-2.367236e-02 -3.121071e-01 
-1.767209e-02 -2.618174e-01 
-1.447826e-02 -2.151155e-01 
-1.033552e-02 -1.577256e-01 
-2.985563e-03 -6.333184e-02 
1.771214e-03 4.174625e-02 
8.237109e-01 7.677768e-01 
1.230265e-01 8.959538e-01 
1.755738e-02 6.598334e-01 
2.374639e-02 3.654407e-01 
1.122165e-02 1.642719e-01 
2.197445e-03 2.954599e-02 
-6.144717e-04 -2.611178e-02 
3.511490e-03 2.895584e-02 
5.863215e-03 1.395295e-01 
9.283277e-04 2.202156e-02 
1.636116e-03 1.424456e-02 
6.687686e-04 -1.290396e-02 
-1.100542e-03 -1.556080e-02 
-1.068864e-03 -1.674740e-02 
-8.746521e-04 -1.402972e-02 
-7.161649e-04 -1.301191e-02 
-2.100984e-04 -8.734571e-03 
8.309248e-04 2.018689e-02 
8.453988e-01 -7.603123e-01 
1.423920e-01 -8.757698e-01 
-4.184848e-03 -6.440380e-01 
-2.100840e-02 -3.447749e-01 
-8.726095e-03 -1.387858e-01 
-6.498064e-04 -9.564528e-03 
1.445075e-03 3.323653e-02 
-1.702585e-03 -1.573742e-02 
-2.778282e-03 -6.693386e-02 
5.290966e-01 5.767477e-01 
-1.420237e-02 5.364364e-01 
-3.788644e-03 4.758587e-01 
2.312489e-02 4.088566e-01 
2.063429e-02 3.174067e-01 
1.357070e-02 2.158965e-01 
8.270713e-03 1.249423e-01 
4.584579e-03 6.862994e-02 
2.625535e-03 6.257694e-02 
6.220504e-01 -5.078906e-01 
-2.272800e-02 -2.617461e-01 
1.582541e-02 -2.695208e-01 
-2.650800e-02 -3.561449e-01 
-2.249199e-02 -3.976801e-01 
-2.276343e-02 -3.847439e-01 
-1.758402e-02 -2.938808e-01 
-3.986625e-03 -9.507496e-02 
4.665651e-03 1.073670e-01 
9.139449e-01 8.926647e-01 
2.199461e-01 1.145142e+00 
4.525577e-02 8.520230e-01 
2.093434e-02 3.884471e-01 
5.649447e-03 9.663482e-02 
-4.149809e-03 -6.662191e-02 
-4.520047e-03 -8.425102e-02 
7.688292e-03 7.147636e-02 
1.204275e-02 2.662872e-01 
1.978238e-03 1.529995e-01 
6.930086e-03 2.029648e-01 
7.651165e-03 1.426734e-01 
6.156242e-04 1.047332e-02 
-3.338928e-03 -6.149872e-02 
-4.980514e-03 -8.631433e-02 
-3.526389e-03 -6.574679e-02 
1.148061e-03 2.493303e-03 
3.688981e-03 8.560002e-02 
9.977761e-01 -8.151258e-01 
1.188132e-01 -8.110497e-01 
-6.787611e-03 -5.833866e-01 
-1.976431e-02 -3.948172e-01 
-1.302931e-02 -2.570091e-01 
-8.378031e-03 -1.568237e-01 
-6.435961e-03 -9.959002e-02 
-5.869831e-03 -8.870662e-02 
-3.766090e-03 -8.615440e-02 
6.462849e-01 7.022769e-01 
5.304949e-02 7.537553e-01 
2.223318e-02 6.408372e-01 
1.732871e-02 4.501415e-01 
1.603724e-02 2.977905e-01 
9.478447e-03 1.800710e-01 
7.478458e-03 1.187314e-01 
9.496188e-03 1.268185e-01 
7.417317e-03 1.686444e-01 
6.955597e-01 -5.879719e-01 
-9.535401e-02 -1.324773e-01 
-6.046215e-04 -1.921354e-01 
-1.881443e-02 -4.075469e-01 
-2.090155e-02 -5.030652e-01 
-2.574901e-02 -4.966194e-01 
-2.146511e-02 -3.628252e-01 
-2.725312e-03 -8.278636e-02 
8.522584e-03 1.805937e-01 
1.087848e+00 1.107032e+00 
2.940117e-01 1.461315e+00 
6.543469e-02 1.074886e+00 
1.816465e-02 3.955775e-01 
-6.424645e-04 -2.716114e-02 
-1.332830e-02 -2.466971e-01 
-1.525917e-02 -2.412037e-01 
5.185767e-03 1.503004e-02 
1.459366e-02 3.045962e-01 
2.756135e-02 3.345680e-01 
2.677203e-02 4.523267e-01 
1.376190e-02 3.265447e-01 
1.920692e-03 1.174951e-02 
-6.119096e-03 -1.427408e-01 
-1.030839e-02 -1.844893e-01 
-7.160457e-03 -1.190188e-01 
5.133296e-03 3.850034e-02 
9.040972e-03 2.012205e-01 
1.019230e+00 -1.083271e+00 
1.138319e-02 -8.451564e-01 
-2.717961e-02 -5.345997e-01 
-7.553321e-03 -3.271510e-01 
-5.325612e-03 -1.595608e-01 
-3.218844e-04 -3.685912e-02 
1.097109e-03 1.023074e-02 
-5.854988e-03 -5.964464e-02 
-6.630597e-03 -1.367151e-01 
