poroelastic
5.455558e-02 1.189734e-01 
7.285918e-02 1.297770e-01 
6.649378e-02 -2.262621e-02 
-5.037741e-02 -2.967622e-01 
-5.135352e-02 -4.190093e-01 
-4.023854e-02 -4.188800e-01 
-2.119096e-02 -2.945633e-01 
-2.421360e-03 -8.687104e-02 
2.525025e-04 2.811398e-02 
-7.890158e-01 6.818534e-01 
-1.345185e-01 8.057451e-01 
1.430323e-02 5.493336e-01 
2.333718e-02 1.791513e-01 
1.973559e-03 -1.702887e-02 
-1.203871e-03 -8.869008e-02 
9.418014e-03 -2.829094e-02 
1.039732e-02 1.395141e-01 
1.306735e-03 2.321121e-01 
-5.897960e-01 -4.724976e-01 
1.118486e-01 -3.344191e-01 
3.376772e-02 -3.388365e-01 
-5.917207e-02 -4.176317e-01 
-4.887978e-02 -4.128250e-01 
-3.386296e-02 -3.501190e-01 
-2.136002e-02 -2.488528e-01 
-7.379305e-03 -1.367281e-01 
-6.899215e-04 -8.422351e-02 
-4.802389e-01 5.064985e-01 
-3.229889e-02 4.405092e-01 
-3.113138e-03 3.526886e-01 
3.515752e-02 2.346671e-01 
2.096798e-02 1.899524e-01 
1.623238e-02 1.687908e-01 
1.190288e-02 1.493626e-01 
3.435366e-03 8.827469e-02 
3.921758e-05 3.807664e-03 
-9.451120e-01 -6.932467e-01 
-1.546645e-01 -8.843396e-01 
-3.062837e-02 -7.195426e-01 
-6.026713e-02 -5.061275e-01 
-3.458833e-02 -3.304347e-01 
-1.725737e-02 -1.832502e-01 
-8.841304e-03 -8.050839e-02 
-5.669414e-03 -6.522763e-02 
-1.307820e-03 -1.133554e-01 
1.464162e-02 -9.000760e-03 
1.464568e-02 -1.454940e-02 
7.641023e-03 -5.502738e-02 
-1.947217e-02 -1.432810e-01 
-1.562713e-02 -1.662337e-01 
-1.067824e-02 -1.481700e-01 
-2.542712e-03 -8.047888e-02 
2.466652e-03 1.739057e-02 
5.779994e-04 7.155253e-02 
-7.639250e-01 8.182885e-01 
-9.774680e-02 9.110616e-01 
3.228400e-02 6.142336e-01 
2.148641e-02 2.196469e-01 
-4.386908e-04 -5.882763e-03 
-6.810398e-03 -1.133257e-01 
-1.292937e-04 -9.416547e-02 
5.867145e-03 4.565549e-02 
1.480815e-03 1.673584e-01 
-6.682687e-01 -5.425018e-01 
4.213160e-02 -5.338017e-01 
-3.607872e-03 -5.487045e-01 
-6.678709e-02 -5.661835e-01 
-5.141598e-02 -4.942394e-01 
-3.164885e-02 -3.700487e-01 
-1.639463e-02 -2.236715e-01 
-4.639756e-03 -9.815609e-02 
-3.890902e-04 -4.021864e-02 
-5.249456e-01 5.389916e-01 
1.152873e-02 2.820880e-01 
-5.619622e-03 2.106907e-01 
3.970749e-02 2.123893e-01 
2.608465e-02 2.616553e-01 
2.414642e-02 2.896736e-01 
1.791864e-02 2.648366e-01 
4.407338e-03 1.355606e-01 
-2.507029e-04 -2.095847e-02 
-1.022624e+00 -8.182523e-01 
-2.791187e-01 -1.141249e+00 
-8.167733e-02 -9.377996e-01 
-5.836281e-02 -5.641824e-01 
-2.723097e-02 -2.874040e-01 
-9.748902e-03 -9.315732e-02 
-5.433934e-03 -4.994881e-03 
-8.734099e-03 -7.587685e-02 
-2.769661e-03 -2.122352e-01 
5.235436e-03 -1.352286e-01 
-3.884937e-03 -2.047690e-01 
-1.506877e-02 -2.256680e-01 
-1.908800e-02 -1.889743e-01 
-9.668541e-03 -1.275739e-01 
-3.520858e-03 -6.420741e-02 
1.332707e-03 1.576499e-03 
1.671396e-03 3.661497e-02 
1.725337e-04 2.077175e-02 
-8.159747e-01 8.875078e-01 
-7.315560e-02 8.455554e-01 
2.849778e-02 5.192343e-01 
2.409717e-02 2.121744e-01 
6.860410e-03 5.817964e-02 
2.830632e-03 -7.988706e-03 
7.230717e-03 1.622563e-02 
7.055828e-03 1.060333e-01 
1.295176e-03 1.684708e-01 
-7.789154e-01 -6.843987e-01 
-4.117996e-02 -7.625417e-01 
-5.024922e-02 -7.290853e-01 
-5.941499e-02 -6.115549e-01 
-4.313842e-02 -4.588431e-01 
-2.358896e-02 -2.966335e-01 
-1.294208e-02 -1.630423e-01 
-6.609314e-03 -1.052808e-01 
-8.996825e-04 -1.130049e-01 
-5.514081e-01 5.954726e-01 
5.391667e-02 1.308957e-01 
5.120888e-03 9.475611e-02 
4.234859e-02 2.504850e-01 
2.990424e-02 3.837363e-01 
2.929638e-02 4.379078e-01 
1.870891e-02 3.693141e-01 
5.807915e-04 1.184841e-01 
-1.627681e-03 -1.491304e-01 
-1.196260e+00 -1.045536e+00 
-3.952895e-01 -1.506917e+00 
-1.307285e-01 -1.221901e+00 
-4.820196e-02 -5.985891e-01 
-9.578313e-03 -1.529241e-01 
6.754963e-03 1.272778e-01 
6.666962e-03 2.056070e-01 
-6.949835e-03 6.271783e-03 
-2.755532e-03 -2.743267e-01 
-3.179442e-02 -3.370370e-01 
-4.298829e-02 -4.898503e-01 
-3.984634e-02 -4.546396e-01 
-1.474510e-02 -2.137856e-01 
-1.850815e-03 -4.400562e-02 
4.080652e-03 6.219360e-02 
4.377032e-03 1.067909e-01 
-6.906224e-04 4.547927e-02 
-3.509158e-04 -8.137244e-02 
-8.083976e-01 1.194388e+00 
2.580149e-02 8.953041e-01 
3.752903e-02 4.665316e-01 
8.857560e-03 1.270165e-01 
-3.636486e-03 -5.986432e-02 
-6.816034e-03 -1.446384e-01 
6.093205e-04 -1.025623e-01 
6.820183e-03 6.742319e-02 
5.185038e-04 1.998355e-01 
