poroelastic
5.219990e-02 -2.513305e-01 
3.625413e-02 -3.761533e-01 
1.036789e-02 -3.804738e-01 
-3.082604e-02 -2.937476e-01 
-2.041646e-02 -2.211712e-01 
-1.298831e-02 -1.445623e-01 
-8.438428e-03 -7.056785e-02 
-5.658049e-03 -7.932714e-02 
-8.477009e-03 -2.462605e-01 
-5.230012e-01 -1.150102e-01 
-1.493098e-01 -3.573522e-02 
-4.918789e-02 5.720380e-02 
3.209234e-02 1.801584e-01 
3.174268e-02 2.606784e-01 
3.111697e-02 3.193189e-01 
2.914982e-02 3.715024e-01 
1.493800e-02 3.774270e-01 
6.524504e-03 2.458061e-01 
-6.870460e-01 -1.565262e-01 
9.181430e-02 -3.070203e-01 
3.095665e-02 -3.669247e-01 
-5.468595e-02 -3.906652e-01 
-4.301620e-02 -4.103880e-01 
-3.700457e-02 -4.148360e-01 
-3.264600e-02 -4.072937e-01 
-1.901173e-02 -4.160154e-01 
-1.370895e-02 -4.818340e-01 
-6.021681e-01 3.225909e-02 
-5.619235e-02 1.197865e-01 
-3.149630e-02 2.424788e-01 
4.477276e-02 3.426361e-01 
3.868281e-02 4.040789e-01 
3.607743e-02 4.360244e-01 
3.217038e-02 4.345357e-01 
1.813856e-02 3.890246e-01 
9.943650e-03 3.288600e-01 
-5.362440e-01 -1.660649e-01 
-1.114134e-01 -3.692421e-01 
-1.360350e-02 -3.450719e-01 
-2.629503e-02 -2.340504e-01 
-1.761232e-02 -1.680908e-01 
-1.348949e-02 -1.304578e-01 
-1.330465e-02 -1.366076e-01 
-9.980231e-03 -2.073472e-01 
-8.107099e-03 -2.931354e-01 
-1.383155e-03 -8.221628e-02 
-4.893376e-03 -9.758540e-02 
-4.503732e-03 -5.531685e-02 
1.002576e-03 5.935834e-04 
2.282534e-03 3.007574e-02 
2.564684e-03 4.476856e-02 
1.638347e-03 4.412875e-02 
9.521621e-05 1.402851e-02 
-1.351761e-03 -5.011251e-02 
-4.876242e-01 6.866341e-02 
-1.133747e-01 1.766632e-01 
-1.181471e-02 1.903770e-01 
2.092310e-02 1.884551e-01 
1.783038e-02 1.842835e-01 
1.646365e-02 1.913692e-01 
1.688053e-02 2.221857e-01 
1.150077e-02 2.620889e-01 
6.993074e-03 2.508901e-01 
-6.953002e-01 -1.750986e-01 
1.257045e-02 -3.634357e-01 
-4.349550e-03 -4.330745e-01 
-4.916023e-02 -4.458595e-01 
-3.897135e-02 -4.406711e-01 
-3.305514e-02 -4.238861e-01 
-2.953112e-02 -4.103226e-01 
-1.875033e-02 -4.166374e-01 
-1.236954e-02 -4.435372e-01 
-8.618548e-01 9.878888e-02 
2.449646e-02 1.471992e-01 
-1.293781e-03 3.108688e-01 
5.904238e-02 4.688720e-01 
4.658542e-02 5.658771e-01 
4.279554e-02 6.015859e-01 
3.619285e-02 5.647478e-01 
1.957179e-02 4.662268e-01 
1.106573e-02 3.980053e-01 
-6.076473e-01 -1.951168e-01 
-1.902435e-01 -4.263062e-01 
-4.291332e-02 -3.947092e-01 
-2.760294e-02 -2.630568e-01 
-1.809898e-02 -1.862555e-01 
-1.481188e-02 -1.598432e-01 
-1.615756e-02 -2.024710e-01 
-1.393711e-02 -3.106349e-01 
-1.044444e-02 -3.789780e-01 
-3.448088e-03 -5.934654e-02 
-4.928961e-03 -7.604558e-02 
-2.916631e-03 -4.532702e-02 
1.645402e-03 1.379694e-02 
2.756924e-03 4.635745e-02 
2.535992e-03 5.409483e-02 
8.301493e-04 3.326727e-02 
-6.438952e-04 -1.088389e-02 
-1.187418e-03 -4.570833e-02 
-7.996017e-01 1.768825e-01 
-1.211052e-01 2.816177e-01 
1.280072e-02 2.962253e-01 
3.206737e-02 3.171002e-01 
2.538484e-02 3.268083e-01 
2.286135e-02 3.345077e-01 
2.136679e-02 3.430271e-01 
1.379368e-02 3.448807e-01 
8.898433e-03 3.350345e-01 
-7.290515e-01 -2.137480e-01 
-7.693179e-02 -4.087856e-01 
-4.682310e-02 -4.702293e-01 
-4.446043e-02 -4.754370e-01 
-3.634038e-02 -4.709513e-01 
-3.121872e-02 -4.583550e-01 
-2.861811e-02 -4.576226e-01 
-1.971195e-02 -4.765534e-01 
-1.238937e-02 -4.713631e-01 
-1.053753e+00 2.766259e-01 
1.612051e-01 2.567093e-01 
5.121581e-02 4.326360e-01 
5.438834e-02 5.853029e-01 
4.101607e-02 6.543952e-01 
3.695843e-02 6.513524e-01 
2.946023e-02 5.568738e-01 
1.603724e-02 3.999944e-01 
9.557837e-03 3.423360e-01 
-5.767381e-01 -2.818776e-01 
-1.962583e-01 -4.886499e-01 
-5.455919e-02 -3.901175e-01 
-1.642538e-02 -1.837002e-01 
-6.596000e-03 -6.465237e-02 
-4.538366e-03 -2.798407e-02 
-8.208342e-03 -1.026072e-01 
-1.177830e-02 -2.736601e-01 
-9.179922e-03 -3.457765e-01 
-7.921422e-03 -1.012977e-01 
-8.159600e-03 -1.444735e-01 
5.008825e-04 -1.016087e-01 
3.300731e-03 2.175117e-02 
5.204253e-03 9.202112e-02 
5.602555e-03 1.163490e-01 
3.993185e-03 9.136668e-02 
1.425081e-03 4.138187e-02 
7.332309e-04 3.202919e-02 
-4.962593e-01 4.880850e-01 
9.299026e-03 4.178391e-01 
2.454365e-02 2.632126e-01 
6.738343e-03 1.284763e-01 
2.024299e-03 3.961409e-02 
-8.339409e-05 -1.023404e-02 
1.111208e-03 -1.837670e-03 
4.519790e-03 8.555192e-02 
5.349388e-03 1.847521e-01 
