poroelastic
-2.443146e-02 -2.054204e-02 
-2.902028e-02 -2.676625e-02 
-3.371548e-02 1.763847e-02 
3.228422e-03 1.334923e-01 
8.888522e-03 1.956965e-01 
9.575483e-03 2.049298e-01 
8.037992e-03 1.518681e-01 
4.680815e-03 8.024059e-02 
4.260621e-03 1.161355e-01 
1.030077e+00 -5.088621e-01 
2.487994e-01 -7.345396e-01 
5.254363e-02 -6.038102e-01 
-1.450786e-02 -3.647048e-01 
-1.015749e-02 -2.177782e-01 
-7.289421e-03 -1.464637e-01 
-9.550908e-03 -1.656367e-01 
-1.083794e-02 -2.538882e-01 
-7.492029e-03 -2.541263e-01 
6.710942e-01 4.109808e-01 
-1.073729e-01 3.129891e-01 
-5.897217e-02 3.319732e-01 
1.071936e-02 4.137610e-01 
1.781064e-02 4.400105e-01 
1.665229e-02 4.255083e-01 
1.660798e-02 3.727398e-01 
1.413505e-02 3.013504e-01 
9.280697e-03 2.896964e-01 
7.902672e-01 -4.126736e-01 
7.545436e-02 -4.810865e-01 
5.310512e-02 -5.143895e-01 
-1.515984e-02 -4.916444e-01 
-1.513887e-02 -4.565900e-01 
-1.546956e-02 -4.080925e-01 
-1.573782e-02 -3.427016e-01 
-1.202466e-02 -2.537736e-01 
-5.567147e-03 -1.642740e-01 
8.113575e-01 6.235146e-01 
9.981221e-02 7.236666e-01 
-7.634598e-03 5.257987e-01 
6.854342e-03 3.028548e-01 
5.551571e-03 1.634104e-01 
2.562995e-03 8.595304e-02 
3.349080e-03 8.236818e-02 
9.124989e-03 1.659010e-01 
9.138498e-03 2.717204e-01 
7.811515e-03 -4.110126e-02 
5.935766e-03 -8.783212e-02 
2.501396e-03 -1.233805e-01 
-3.258875e-03 -1.014161e-01 
-2.716049e-03 -7.548813e-02 
-1.813253e-03 -4.336982e-02 
-5.427873e-04 -1.322713e-02 
7.393426e-04 9.348475e-03 
1.484593e-03 4.385383e-02 
9.647309e-01 -5.810450e-01 
2.239124e-01 -8.158669e-01 
3.325214e-02 -6.788312e-01 
-7.014825e-03 -4.320421e-01 
-6.829874e-03 -2.512971e-01 
-3.708224e-03 -1.346206e-01 
-4.303898e-03 -1.011352e-01 
-8.334160e-03 -1.617321e-01 
-7.264519e-03 -2.121464e-01 
6.828548e-01 4.394977e-01 
-4.006960e-02 4.192569e-01 
-3.098274e-02 4.188308e-01 
1.306849e-03 4.407586e-01 
1.170452e-02 4.310975e-01 
1.192012e-02 3.999045e-01 
1.382858e-02 3.556302e-01 
1.511522e-02 3.059172e-01 
9.868626e-03 2.850609e-01 
1.001498e+00 -4.250902e-01 
-2.351014e-02 -4.060352e-01 
3.505013e-02 -5.082067e-01 
-1.282390e-02 -6.013620e-01 
-1.240812e-02 -6.254843e-01 
-1.660572e-02 -5.852711e-01 
-1.842111e-02 -4.726814e-01 
-1.395643e-02 -2.981347e-01 
-5.854928e-03 -1.609922e-01 
8.332554e-01 6.564766e-01 
1.752197e-01 8.414862e-01 
1.443482e-02 6.129699e-01 
2.136526e-04 2.912692e-01 
2.409053e-04 1.087575e-01 
-2.577513e-03 3.269600e-02 
1.248991e-04 7.789619e-02 
1.415877e-02 2.381981e-01 
1.437924e-02 3.733220e-01 
1.882343e-03 1.424498e-02 
1.917574e-03 -5.946336e-03 
1.558050e-03 -6.009437e-02 
-1.573816e-03 -1.137624e-01 
-3.284198e-03 -1.230704e-01 
-3.611121e-03 -9.551951e-02 
-1.848733e-03 -3.814449e-02 
1.430900e-03 2.273839e-02 
2.110778e-03 5.629799e-02 
1.184628e+00 -6.264389e-01 
2.021963e-01 -8.275486e-01 
1.893678e-02 -7.093607e-01 
3.958388e-04 -5.304081e-01 
-4.198561e-03 -3.844633e-01 
-4.384585e-03 -2.711045e-01 
-6.500779e-03 -2.085910e-01 
-1.211798e-02 -2.260624e-01 
-1.050282e-02 -2.743575e-01 
7.578874e-01 4.673886e-01 
3.636469e-02 5.128877e-01 
-6.996695e-04 4.933192e-01 
-1.457260e-02 4.677181e-01 
3.736551e-03 4.473440e-01 
6.459892e-03 4.283946e-01 
1.314197e-02 4.188002e-01 
2.170888e-02 3.991024e-01 
1.362417e-02 3.545996e-01 
1.188020e+00 -5.190511e-01 
-1.656447e-01 -3.790120e-01 
-6.413579e-04 -5.248355e-01 
7.309188e-03 -6.829828e-01 
-1.344557e-03 -7.231838e-01 
-1.192290e-02 -6.678906e-01 
-1.785771e-02 -5.100263e-01 
-1.588979e-02 -2.937111e-01 
-7.579289e-03 -1.811500e-01 
8.661801e-01 7.579626e-01 
1.990997e-01 9.661334e-01 
2.635440e-02 6.736489e-01 
-2.101409e-03 2.411717e-01 
-3.799375e-03 -2.367411e-03 
-8.362081e-03 -9.354092e-02 
-6.570030e-03 -1.367758e-02 
1.387835e-02 2.044985e-01 
1.426375e-02 3.314907e-01 
9.587175e-05 7.916996e-02 
-1.574745e-03 9.031143e-02 
-2.886452e-03 1.509426e-02 
2.349532e-03 -1.207698e-01 
-2.532647e-03 -1.632253e-01 
-4.903047e-03 -1.340030e-01 
-2.646540e-03 -4.128386e-02 
3.121251e-03 4.999685e-02 
2.256500e-03 5.503645e-02 
1.060675e+00 -8.790115e-01 
5.344773e-02 -8.909303e-01 
-1.211882e-02 -6.636723e-01 
6.952397e-03 -4.132950e-01 
-4.970494e-04 -2.112401e-01 
1.152488e-03 -5.718428e-02 
3.330608e-03 2.044153e-02 
-4.563231e-03 -4.591482e-02 
-8.211151e-03 -1.806128e-01 
