poroelastic
5.845228e-02 -2.684291e-01 
3.838651e-02 -3.859381e-01 
9.988766e-03 -3.625214e-01 
-3.343494e-02 -2.527789e-01 
-2.195858e-02 -1.789520e-01 
-1.372157e-02 -1.091311e-01 
-1.051634e-02 -5.213637e-02 
-8.313672e-03 -7.879118e-02 
-8.322625e-03 -2.510497e-01 
-4.768150e-01 -1.682483e-01 
-1.590497e-01 -7.492265e-02 
-6.195778e-02 5.317959e-02 
4.135509e-02 1.898537e-01 
3.915119e-02 2.688572e-01 
3.808461e-02 3.172842e-01 
3.621895e-02 3.529236e-01 
1.811973e-02 3.495731e-01 
5.912247e-03 2.241682e-01 
-6.306539e-01 -1.432205e-01 
1.048366e-01 -2.936892e-01 
4.094986e-02 -3.324452e-01 
-5.639357e-02 -3.429078e-01 
-5.114806e-02 -3.696007e-01 
-4.469391e-02 -3.844741e-01 
-4.218496e-02 -3.901654e-01 
-2.643449e-02 -4.054587e-01 
-1.343937e-02 -4.632311e-01 
-5.918385e-01 -1.051667e-02 
-6.778488e-02 7.591174e-02 
-4.559102e-02 2.136776e-01 
5.900584e-02 3.167284e-01 
4.725420e-02 3.903745e-01 
4.552538e-02 4.287508e-01 
4.213663e-02 4.261631e-01 
2.353195e-02 3.804590e-01 
9.886916e-03 3.239222e-01 
-4.789717e-01 -1.560298e-01 
-9.872038e-02 -3.505713e-01 
-1.164523e-02 -3.152499e-01 
-2.847006e-02 -1.979592e-01 
-1.948085e-02 -1.342335e-01 
-1.523166e-02 -1.045414e-01 
-1.668369e-02 -1.238654e-01 
-1.465486e-02 -2.085081e-01 
-8.888669e-03 -3.010102e-01 
-1.242019e-03 -1.005837e-01 
-6.547557e-03 -1.132865e-01 
-5.663577e-03 -5.576953e-02 
1.800366e-03 9.630625e-03 
3.488417e-03 3.998027e-02 
3.338576e-03 5.050016e-02 
1.245596e-03 4.167582e-02 
-1.051933e-03 1.605168e-03 
-1.989463e-03 -7.251682e-02 
-4.867466e-01 2.428786e-02 
-1.224253e-01 1.288377e-01 
-2.135360e-02 1.674676e-01 
3.002837e-02 1.890060e-01 
2.496057e-02 1.994260e-01 
2.377004e-02 2.132879e-01 
2.502587e-02 2.421490e-01 
1.559252e-02 2.714047e-01 
6.912317e-03 2.453249e-01 
-6.496971e-01 -1.925818e-01 
2.181705e-02 -3.803177e-01 
1.376411e-03 -4.268835e-01 
-5.599561e-02 -4.118836e-01 
-4.934397e-02 -4.004229e-01 
-4.106741e-02 -3.825449e-01 
-3.799765e-02 -3.774176e-01 
-2.555864e-02 -4.075214e-01 
-1.313758e-02 -4.542625e-01 
-8.926395e-01 6.915221e-02 
1.761110e-02 1.025435e-01 
-1.650718e-02 2.875325e-01 
8.484211e-02 4.608482e-01 
6.017474e-02 5.768498e-01 
5.673827e-02 6.209107e-01 
4.865255e-02 5.780244e-01 
2.533985e-02 4.559029e-01 
1.092550e-02 3.651238e-01 
-5.683086e-01 -2.098509e-01 
-1.824641e-01 -4.418586e-01 
-4.423272e-02 -3.949688e-01 
-3.202109e-02 -2.363107e-01 
-2.097057e-02 -1.498346e-01 
-1.679134e-02 -1.207739e-01 
-1.992446e-02 -1.707092e-01 
-2.025250e-02 -3.061357e-01 
-1.216177e-02 -4.012794e-01 
-5.268664e-03 -8.407186e-02 
-8.406744e-03 -1.045346e-01 
-5.335985e-03 -5.915415e-02 
3.097783e-03 2.031917e-02 
4.960407e-03 6.247516e-02 
4.565605e-03 7.421968e-02 
1.468377e-03 4.963634e-02 
-1.421489e-03 -1.243442e-02 
-1.905546e-03 -7.033247e-02 
-8.005904e-01 1.628910e-01 
-1.287280e-01 2.620607e-01 
6.156781e-03 2.862473e-01 
4.731749e-02 3.154085e-01 
3.466754e-02 3.342125e-01 
3.190890e-02 3.441753e-01 
3.044262e-02 3.484261e-01 
1.769774e-02 3.419991e-01 
8.748891e-03 3.226240e-01 
-7.207494e-01 -2.356245e-01 
-6.760678e-02 -4.476756e-01 
-4.708001e-02 -4.976569e-01 
-5.520749e-02 -4.777497e-01 
-5.065446e-02 -4.580470e-01 
-4.138369e-02 -4.368604e-01 
-3.777835e-02 -4.375235e-01 
-2.639658e-02 -4.645409e-01 
-1.249585e-02 -4.574791e-01 
-1.113666e+00 2.771435e-01 
1.670868e-01 2.095646e-01 
4.577380e-02 4.063079e-01 
8.428692e-02 5.831891e-01 
5.597781e-02 6.813880e-01 
5.170922e-02 6.856023e-01 
4.116579e-02 5.769780e-01 
2.111036e-02 3.966630e-01 
9.977377e-03 3.349619e-01 
-6.001953e-01 -3.119575e-01 
-2.212726e-01 -5.446380e-01 
-6.870275e-02 -4.378572e-01 
-2.446723e-02 -1.975217e-01 
-9.539654e-03 -5.486791e-02 
-6.148146e-03 -8.352986e-03 
-1.142048e-02 -9.267911e-02 
-1.820379e-02 -2.982131e-01 
-1.099560e-02 -3.908265e-01 
-1.063004e-02 -1.265806e-01 
-1.209033e-02 -1.711991e-01 
1.463567e-03 -1.032008e-01 
9.593123e-03 6.420559e-02 
1.186297e-02 1.553440e-01 
1.182046e-02 1.850958e-01 
7.755033e-03 1.451314e-01 
1.828727e-03 5.060935e-02 
-2.692793e-05 -1.143140e-03 
-5.009193e-01 4.971431e-01 
1.423907e-02 4.001218e-01 
2.806293e-02 2.517516e-01 
1.194385e-02 1.423994e-01 
4.877335e-03 6.184516e-02 
2.123670e-03 1.543858e-02 
3.731271e-03 1.935361e-02 
5.115844e-03 8.225827e-02 
3.557771e-03 1.381336e-01 
