poroelastic
-2.310407e-02 2.992673e-01 
-7.146520e-04 4.110885e-01 
2.295725e-02 2.948104e-01 
-3.621020e-03 -5.845534e-03 
-1.086359e-02 -1.629828e-01 
-1.049373e-02 -2.232461e-01 
-4.026896e-03 -1.780384e-01 
2.169545e-03 -1.436644e-02 
9.475756e-04 1.675301e-01 
-6.441619e-01 8.349792e-01 
-8.930203e-02 9.666402e-01 
3.184485e-02 6.461500e-01 
4.315559e-03 1.747114e-01 
-9.654006e-03 -1.011154e-01 
-1.329380e-02 -2.417189e-01 
-9.077013e-03 -2.473351e-01 
-1.091034e-03 -1.145546e-01 
5.448697e-05 4.062315e-02 
-9.804940e-02 -4.002357e-01 
1.144288e-03 -1.077929e-01 
-4.025206e-03 -6.157594e-02 
-5.760352e-03 -1.323197e-01 
-3.168867e-03 -1.206769e-01 
4.180239e-04 -6.655039e-02 
5.848707e-03 2.354178e-02 
6.336529e-03 1.448247e-01 
1.088764e-03 2.395507e-01 
-2.258259e-01 5.514755e-01 
-2.097675e-03 4.657890e-01 
1.672375e-02 3.203803e-01 
4.184443e-03 1.509542e-01 
-3.432752e-04 4.116504e-02 
-4.306663e-03 -3.682121e-02 
-8.009870e-03 -9.453121e-02 
-6.397080e-03 -1.540646e-01 
-1.459577e-03 -2.129868e-01 
-5.859937e-01 -6.602758e-01 
-7.034440e-02 -6.480060e-01 
-1.142188e-02 -4.448093e-01 
-1.321701e-02 -2.666169e-01 
-5.064748e-03 -1.275300e-01 
-6.068113e-05 -2.163916e-02 
2.259870e-03 4.651019e-02 
1.614739e-03 5.706275e-02 
1.723595e-04 2.139496e-02 
-2.413995e-03 9.548827e-02 
2.312137e-03 1.290686e-01 
5.494155e-03 8.973712e-02 
-1.557192e-03 -1.175678e-02 
-2.739930e-03 -5.766371e-02 
-2.759225e-03 -7.349933e-02 
-1.126956e-03 -5.297932e-02 
7.330157e-04 2.222602e-03 
3.422797e-04 4.915062e-02 
-6.044624e-01 7.938478e-01 
-8.660927e-02 8.909193e-01 
1.832614e-02 6.124613e-01 
8.781392e-03 2.348124e-01 
-1.948628e-03 -6.171136e-03 
-7.401994e-03 -1.510366e-01 
-8.173029e-03 -1.950924e-01 
-2.892233e-03 -1.237624e-01 
-1.667383e-04 -2.156272e-02 
-1.685783e-01 -4.370815e-01 
1.207429e-03 -2.406077e-01 
-5.774234e-03 -1.742982e-01 
-7.177911e-03 -1.749808e-01 
-3.493178e-03 -1.258808e-01 
-5.051047e-05 -5.268350e-02 
4.496745e-03 3.965286e-02 
6.391739e-03 1.461826e-01 
1.896616e-03 2.155234e-01 
-1.331889e-01 5.157778e-01 
9.234714e-03 2.944726e-01 
9.690319e-03 1.682045e-01 
2.842521e-04 9.520362e-02 
9.001672e-04 4.515870e-02 
-1.313975e-03 -3.840354e-03 
-5.326555e-03 -6.128846e-02 
-7.118286e-03 -1.570749e-01 
-3.128699e-03 -2.747052e-01 
-6.004172e-01 -7.251301e-01 
-1.201366e-01 -8.241944e-01 
-2.396918e-02 -5.848583e-01 
-1.012357e-02 -2.727115e-01 
-1.509195e-03 -6.023050e-02 
3.079059e-03 7.759560e-02 
4.590146e-03 1.359216e-01 
1.959491e-03 8.712911e-02 
-4.346846e-04 -3.263100e-02 
2.457232e-04 -4.395103e-02 
-1.038250e-03 -6.595868e-02 
-2.086948e-03 -6.765240e-02 
-1.561853e-03 -4.448815e-02 
-5.760546e-04 -1.885826e-02 
1.076497e-04 6.164822e-04 
7.668720e-04 1.954638e-02 
6.000632e-04 2.614817e-02 
-1.104747e-05 -1.018704e-03 
-4.850777e-01 7.676772e-01 
-3.968437e-02 7.496154e-01 
1.500517e-02 4.728993e-01 
4.912420e-03 1.855261e-01 
-2.742215e-04 -9.822337e-04 
-4.454416e-03 -1.213209e-01 
-6.807167e-03 -1.683385e-01 
-4.199826e-03 -1.370893e-01 
-1.060424e-03 -9.737673e-02 
-2.068313e-01 -5.310520e-01 
-1.280986e-02 -4.118552e-01 
-8.911019e-03 -2.938946e-01 
-6.749002e-03 -1.688271e-01 
-6.452298e-04 -5.614177e-02 
1.936774e-03 4.351337e-02 
5.260024e-03 1.245818e-01 
7.007852e-03 1.765897e-01 
1.922205e-03 1.683939e-01 
-2.867182e-02 4.392201e-01 
-4.016638e-03 7.826578e-02 
-9.559047e-04 -5.194306e-03 
1.903508e-04 6.236704e-02 
3.414678e-03 8.683396e-02 
2.919601e-03 7.032316e-02 
-1.260422e-03 4.347105e-03 
-8.595390e-03 -1.533553e-01 
-5.476616e-03 -3.647560e-01 
-7.503123e-01 -8.599078e-01 
-1.787360e-01 -1.079768e+00 
-3.242316e-02 -8.017253e-01 
-8.329189e-03 -3.256035e-01 
-5.461999e-04 -1.121679e-02 
4.116578e-03 1.808122e-01 
6.696416e-03 2.467084e-01 
3.133925e-03 1.425503e-01 
-1.089707e-03 -7.345856e-02 
-1.693633e-02 -1.919573e-01 
-1.595138e-02 -2.719191e-01 
-1.058363e-02 -2.359857e-01 
-1.549645e-03 -8.950190e-02 
1.672220e-04 -8.575953e-03 
1.046224e-03 2.539022e-02 
2.279975e-04 2.180285e-02 
-2.845535e-03 -3.280931e-02 
-1.632343e-03 -1.392217e-01 
-6.810438e-01 8.074922e-01 
-2.036370e-02 6.691472e-01 
1.378005e-02 4.158231e-01 
3.626447e-03 2.132938e-01 
1.760421e-03 7.663963e-02 
-3.990587e-04 -1.491075e-02 
-1.267766e-03 -4.721537e-02 
7.250637e-04 1.242728e-03 
5.973372e-04 4.778498e-02 
