poroelastic
3.481698e-02 -1.709758e-01 
2.503083e-02 -2.694620e-01 
7.645937e-03 -2.964944e-01 
-2.443456e-02 -2.710757e-01 
-1.810021e-02 -2.204108e-01 
-1.088540e-02 -1.382858e-01 
-5.490851e-03 -4.956679e-02 
-4.099632e-03 -3.851306e-02 
-5.984954e-03 -1.540374e-01 
-1.988046e-01 -7.962658e-02 
-5.516198e-02 1.779962e-02 
-1.137616e-02 1.011022e-01 
1.482958e-02 1.472575e-01 
1.208958e-02 1.370374e-01 
8.917502e-03 1.117349e-01 
7.052654e-03 9.692071e-02 
3.744160e-03 7.886852e-02 
6.635758e-04 2.065823e-02 
-1.625106e-01 9.019736e-02 
3.053136e-02 1.224593e-01 
3.052494e-02 1.128687e-01 
-9.542490e-03 5.392651e-03 
-1.500063e-02 -1.110570e-01 
-1.982375e-02 -2.123235e-01 
-2.370791e-02 -2.865103e-01 
-1.643832e-02 -3.110658e-01 
-8.694276e-03 -2.774527e-01 
-4.310254e-01 3.803159e-02 
-2.906237e-02 1.803653e-01 
-1.282051e-02 2.581925e-01 
2.727258e-02 2.407511e-01 
2.116895e-02 2.201688e-01 
1.925089e-02 2.202233e-01 
2.014407e-02 2.313647e-01 
1.464171e-02 2.499041e-01 
1.006621e-02 3.107924e-01 
-6.408137e-01 -2.029142e-03 
-1.337859e-01 -2.403137e-01 
-2.729759e-03 -3.066658e-01 
-3.645802e-02 -3.234747e-01 
-3.191121e-02 -3.385491e-01 
-2.762071e-02 -3.281415e-01 
-2.575151e-02 -3.174810e-01 
-1.737984e-02 -3.331157e-01 
-9.853061e-03 -3.309100e-01 
-3.882781e-02 2.089212e-01 
-2.521929e-02 3.733518e-01 
-7.423782e-04 4.673547e-01 
5.248461e-02 4.471306e-01 
3.673263e-02 4.103489e-01 
3.051487e-02 3.797716e-01 
2.749897e-02 3.579592e-01 
1.666067e-02 3.493735e-01 
9.831148e-03 3.646604e-01 
4.454941e-01 2.637061e-01 
1.374283e-01 2.860189e-01 
4.504531e-02 1.828425e-01 
-1.622790e-02 -3.124972e-03 
-2.664721e-02 -2.074446e-01 
-3.403752e-02 -3.805864e-01 
-3.907831e-02 -5.025023e-01 
-2.727308e-02 -5.700644e-01 
-1.600221e-02 -5.773890e-01 
-2.282666e-01 -1.507616e-01 
-8.013060e-03 -2.116593e-01 
-7.189445e-03 -2.071872e-01 
-1.693726e-02 -1.800572e-01 
-1.211401e-02 -1.583020e-01 
-8.216112e-03 -1.199228e-01 
-5.542527e-03 -8.827172e-02 
-2.914728e-03 -7.479242e-02 
-6.332225e-04 -2.405022e-02 
-9.896655e-01 1.020186e-01 
1.086390e-02 2.023950e-01 
-2.653709e-03 3.622444e-01 
6.666427e-02 4.733620e-01 
5.256900e-02 5.412417e-01 
4.920080e-02 5.922829e-01 
4.662615e-02 6.174683e-01 
2.769888e-02 6.398062e-01 
1.815566e-02 7.455048e-01 
-1.274961e+00 1.715140e-01 
-3.571097e-01 -1.726476e-01 
-5.050983e-02 -3.480755e-01 
-8.010908e-02 -5.149748e-01 
-7.109201e-02 -6.842718e-01 
-6.901759e-02 -8.359096e-01 
-6.659003e-02 -9.639169e-01 
-3.982345e-02 -1.021177e+00 
-2.191341e-02 -9.413354e-01 
-4.697534e-03 2.418003e-01 
5.380501e-03 4.245003e-01 
3.493115e-02 5.277556e-01 
6.873427e-02 5.492800e-01 
4.853642e-02 5.563317e-01 
4.209640e-02 5.418725e-01 
3.696176e-02 5.262894e-01 
2.016298e-02 5.646996e-01 
1.431806e-02 6.652406e-01 
-4.973641e-02 2.947069e-01 
2.445392e-02 2.851977e-01 
1.223281e-02 1.687748e-01 
-4.366533e-03 2.671572e-02 
-8.975150e-03 -8.602154e-02 
-1.124848e-02 -1.697449e-01 
-9.596578e-03 -1.981296e-01 
-3.633482e-03 -1.319886e-01 
-2.893265e-04 -1.448010e-02 
-7.241346e-01 -7.293537e-02 
-5.767797e-02 -2.036388e-01 
-3.517699e-02 -3.266437e-01 
-6.202577e-02 -4.901035e-01 
-5.058197e-02 -5.925117e-01 
-4.571403e-02 -6.600738e-01 
-3.830881e-02 -6.834362e-01 
-1.835477e-02 -5.903090e-01 
-7.763390e-03 -3.843248e-01 
-1.507609e+00 4.139465e-01 
1.720998e-01 4.895298e-01 
7.276797e-02 6.679499e-01 
8.895652e-02 7.415071e-01 
6.456732e-02 7.923493e-01 
5.638690e-02 7.941410e-01 
4.691485e-02 7.475801e-01 
2.466761e-02 7.465980e-01 
1.858269e-02 9.148943e-01 
-9.238929e-01 -5.824791e-02 
-3.018341e-01 -2.870973e-01 
-8.132148e-02 -2.960937e-01 
-5.021594e-02 -2.945899e-01 
-3.664181e-02 -3.405912e-01 
-3.549752e-02 -4.386653e-01 
-3.518749e-02 -5.859011e-01 
-2.006102e-02 -7.026455e-01 
-1.107977e-02 -6.324988e-01 
3.108280e-02 1.680221e-01 
3.564369e-02 2.824498e-01 
3.945630e-02 3.158152e-01 
2.314796e-02 2.754828e-01 
1.359835e-02 2.138678e-01 
8.518778e-03 1.365644e-01 
5.594348e-03 6.933285e-02 
2.674651e-03 8.464204e-02 
3.227489e-03 2.126170e-01 
-5.377422e-01 5.481569e-01 
9.026445e-03 5.446220e-01 
3.033902e-02 3.910490e-01 
9.806640e-03 1.731694e-01 
1.297653e-03 2.241970e-02 
-1.655172e-03 -5.935371e-02 
-6.897778e-04 -6.602508e-02 
1.349842e-03 2.027461e-02 
3.097405e-03 1.584248e-01 
