poroelastic
-3.512052e-02 3.350943e-01 
-1.811573e-02 4.706637e-01 
5.879218e-03 3.700561e-01 
1.492140e-03 7.254463e-02 
-3.387938e-03 -9.487714e-02 
-4.120154e-03 -1.740664e-01 
-1.548146e-03 -1.519443e-01 
9.332322e-04 8.303438e-04 
1.487245e-03 1.950875e-01 
-6.721017e-01 8.946916e-01 
-1.006306e-01 1.042548e+00 
1.898203e-02 7.098207e-01 
2.311149e-03 2.071529e-01 
-6.468395e-03 -1.036359e-01 
-8.549790e-03 -2.751358e-01 
-5.602060e-03 -3.016687e-01 
-7.089576e-04 -1.634827e-01 
3.837520e-05 2.259675e-02 
-4.629151e-02 -4.114879e-01 
-6.990437e-03 -9.045412e-02 
-5.288184e-03 -2.935315e-02 
-1.190163e-03 -9.875977e-02 
-2.327527e-04 -9.426759e-02 
1.065918e-03 -5.055004e-02 
3.092041e-03 3.571944e-02 
2.869788e-03 1.737779e-01 
1.471095e-03 3.009145e-01 
-2.597366e-01 5.704619e-01 
-1.278734e-02 5.052810e-01 
6.501068e-03 3.707890e-01 
3.505173e-03 2.038853e-01 
7.546250e-04 7.549023e-02 
-1.711484e-03 -2.604669e-02 
-3.688506e-03 -1.058018e-01 
-3.000673e-03 -1.698488e-01 
-1.506731e-03 -2.118757e-01 
-5.696058e-01 -6.869365e-01 
-5.852156e-02 -6.357963e-01 
-4.018082e-03 -4.084843e-01 
-4.743985e-03 -2.216740e-01 
-1.477052e-03 -8.896036e-02 
3.512652e-04 1.707761e-03 
9.663871e-04 5.021260e-02 
6.735636e-04 4.927989e-02 
1.426264e-04 2.016674e-02 
-4.770778e-03 1.123073e-01 
-1.608263e-03 1.571565e-01 
1.607563e-03 1.277428e-01 
3.911504e-04 3.137082e-02 
-4.484907e-04 -2.215901e-02 
-8.561825e-04 -5.167513e-02 
-5.983459e-04 -4.869087e-02 
1.563783e-04 -4.349737e-03 
3.589951e-04 4.755752e-02 
-6.423465e-01 7.973472e-01 
-1.113569e-01 9.202819e-01 
9.260219e-04 6.556169e-01 
4.910841e-03 2.851573e-01 
4.242443e-04 3.296785e-02 
-2.431204e-03 -1.291272e-01 
-3.454690e-03 -1.927905e-01 
-1.653451e-03 -1.303119e-01 
-1.466290e-04 -1.778243e-02 
-1.198689e-01 -4.378489e-01 
4.514968e-04 -2.073184e-01 
-2.293737e-03 -1.195060e-01 
-2.123906e-03 -1.165895e-01 
-9.356180e-04 -8.228237e-02 
-2.767809e-04 -3.264540e-02 
1.059692e-03 3.866044e-02 
2.985401e-03 1.467515e-01 
2.192068e-03 2.421260e-01 
-1.597828e-01 5.134171e-01 
3.718523e-03 3.277864e-01 
3.646745e-03 2.175711e-01 
9.967546e-04 1.455120e-01 
1.578695e-03 7.252159e-02 
5.088662e-04 -2.981315e-03 
-1.353872e-03 -8.250524e-02 
-3.344822e-03 -1.775746e-01 
-2.973648e-03 -2.711545e-01 
-5.613896e-01 -7.314968e-01 
-9.516062e-02 -7.922662e-01 
-8.924735e-03 -5.302640e-01 
-2.926361e-03 -2.142446e-01 
-4.037566e-04 -1.232780e-02 
1.145210e-03 1.071087e-01 
2.014548e-03 1.432598e-01 
1.282108e-03 8.228149e-02 
-3.761359e-04 -2.966558e-02 
-2.469071e-04 -2.565464e-02 
-2.650680e-04 -3.243704e-02 
-1.063847e-04 -1.941432e-02 
4.323882e-07 1.011839e-02 
8.077430e-05 2.773858e-02 
2.728273e-04 3.239530e-02 
4.136001e-04 3.101818e-02 
3.634800e-04 2.419382e-02 
3.602190e-06 3.073149e-04 
-5.018659e-01 7.578275e-01 
-5.517624e-02 7.657667e-01 
1.992268e-03 5.073513e-01 
2.582959e-03 2.263495e-01 
1.794446e-03 2.595483e-02 
-6.898142e-05 -1.139453e-01 
-2.165931e-03 -1.820464e-01 
-2.618717e-03 -1.577499e-01 
-1.285317e-03 -1.056976e-01 
-1.588018e-01 -5.082366e-01 
-4.999333e-03 -3.650411e-01 
3.772672e-04 -2.310084e-01 
-3.482556e-03 -1.127624e-01 
-1.141815e-03 -2.165368e-02 
-8.427590e-04 5.023780e-02 
4.128184e-04 1.093227e-01 
3.643411e-03 1.663501e-01 
2.377314e-03 1.897309e-01 
-9.040101e-02 4.250207e-01 
1.881332e-03 1.150607e-01 
-6.988805e-04 5.762952e-02 
6.081697e-04 1.252947e-01 
2.527136e-03 1.269095e-01 
3.311425e-03 8.425605e-02 
2.296425e-03 -3.030943e-03 
-3.763392e-03 -1.537423e-01 
-5.157538e-03 -3.287244e-01 
-7.209056e-01 -8.392865e-01 
-1.462564e-01 -1.015453e+00 
-1.057119e-02 -7.275172e-01 
-1.566910e-03 -2.739786e-01 
-1.864449e-03 1.115972e-02 
-3.219493e-04 1.753768e-01 
2.302909e-03 2.201591e-01 
2.047750e-03 1.180194e-01 
-1.048550e-03 -6.804181e-02 
-1.601718e-02 -1.550773e-01 
-1.180142e-02 -2.154309e-01 
-4.889687e-03 -1.756560e-01 
1.220620e-03 -4.665654e-02 
8.966452e-04 1.290364e-02 
1.297984e-03 2.659190e-02 
1.004746e-03 4.872218e-03 
-1.484156e-03 -4.923537e-02 
-1.743990e-03 -1.293638e-01 
-7.246903e-01 7.569936e-01 
-3.241296e-02 6.654017e-01 
8.584122e-03 4.475563e-01 
-4.619572e-03 2.695145e-01 
-6.017565e-04 1.319948e-01 
-1.161791e-05 2.766374e-02 
-7.721146e-04 -2.828289e-02 
2.466591e-04 -7.926781e-05 
8.607736e-04 5.034338e-02 
