poroelastic
1.274970e-02 -2.702758e-01 
-1.557729e-02 -3.406873e-01 
-3.191573e-02 -2.087647e-01 
5.551180e-03 2.690190e-02 
1.888413e-02 1.447151e-01 
2.027464e-02 1.854415e-01 
9.876748e-03 1.431072e-01 
-5.406019e-03 -4.523680e-04 
-9.212330e-03 -1.895540e-01 
-2.150059e-02 -5.155432e-01 
-9.725094e-02 -4.372778e-01 
-7.574142e-02 -1.691655e-01 
2.806269e-02 1.065775e-01 
3.837238e-02 2.478835e-01 
3.941348e-02 2.991999e-01 
3.373275e-02 2.772873e-01 
1.588819e-02 1.986505e-01 
3.905713e-03 9.325211e-02 
-1.795271e-01 1.442868e-01 
5.429734e-02 -1.550002e-02 
3.709518e-02 -4.784628e-02 
-1.335698e-02 -4.393918e-02 
-2.046792e-02 -9.165262e-02 
-2.465013e-02 -1.511607e-01 
-3.270795e-02 -2.120050e-01 
-2.728210e-02 -2.642232e-01 
-1.316010e-02 -2.989600e-01 
-3.420739e-01 -3.049112e-01 
-7.106341e-02 -1.471322e-01 
-6.382110e-02 4.717249e-02 
4.626800e-02 1.878720e-01 
4.098111e-02 2.732645e-01 
4.268340e-02 3.102008e-01 
4.450621e-02 3.110251e-01 
3.124796e-02 3.098647e-01 
1.457831e-02 3.273160e-01 
1.715041e-01 2.698171e-01 
3.685967e-02 2.689424e-01 
2.668376e-02 2.279096e-01 
1.886660e-02 1.802695e-01 
7.147406e-03 1.066450e-01 
-3.528841e-03 1.985760e-02 
-1.554014e-02 -8.212046e-02 
-1.862354e-02 -1.782068e-01 
-9.713549e-03 -2.208510e-01 
-1.494834e-02 -2.910994e-02 
-1.487514e-02 2.790869e-03 
-3.814367e-03 8.039934e-02 
2.097820e-02 1.420951e-01 
1.736315e-02 1.498719e-01 
1.212115e-02 1.249414e-01 
3.585614e-03 6.625653e-02 
-3.093084e-03 -1.452764e-02 
-3.359941e-03 -8.413608e-02 
-1.171555e-01 -4.630351e-01 
-1.054137e-01 -3.551550e-01 
-5.817483e-02 -1.251194e-01 
2.592811e-02 9.501816e-02 
3.386372e-02 2.224249e-01 
3.734555e-02 2.868978e-01 
3.691356e-02 2.952806e-01 
2.091251e-02 2.518357e-01 
7.214811e-03 1.811137e-01 
-1.438229e-01 1.572402e-01 
2.889008e-02 5.150517e-02 
3.137349e-02 3.590214e-02 
-6.551243e-03 2.860360e-02 
-1.731936e-02 -3.827488e-02 
-2.532524e-02 -1.296567e-01 
-3.811751e-02 -2.422597e-01 
-3.413796e-02 -3.556075e-01 
-1.669920e-02 -4.172950e-01 
-6.970886e-01 -2.242630e-01 
2.333762e-03 1.254664e-02 
-3.274172e-02 2.545355e-01 
8.623662e-02 3.750516e-01 
5.824751e-02 4.354820e-01 
5.404085e-02 4.375759e-01 
4.944823e-02 3.916977e-01 
3.156250e-02 3.528658e-01 
1.554482e-02 3.819330e-01 
1.331107e-01 3.058651e-01 
4.392574e-02 3.429164e-01 
3.387485e-02 2.843330e-01 
1.280996e-02 1.733025e-01 
-2.396657e-03 5.533093e-02 
-1.377959e-02 -6.146928e-02 
-2.473372e-02 -1.812503e-01 
-2.417478e-02 -2.681891e-01 
-1.051441e-02 -2.564925e-01 
-7.570014e-03 7.933795e-02 
1.259225e-03 1.506867e-01 
1.672820e-02 2.079899e-01 
2.756958e-02 2.069081e-01 
1.810907e-02 1.728000e-01 
1.000290e-02 1.164629e-01 
9.419148e-04 3.613329e-02 
-3.233434e-03 -3.535408e-02 
-1.920794e-03 -5.380618e-02 
-4.259083e-01 -3.370584e-01 
-1.193863e-01 -1.222181e-01 
-1.726091e-02 1.091090e-01 
5.172326e-02 2.565346e-01 
4.256940e-02 3.241776e-01 
3.933217e-02 3.357272e-01 
3.424527e-02 2.984930e-01 
1.845101e-02 2.448667e-01 
7.738341e-03 2.219343e-01 
-1.563081e-01 2.137263e-01 
1.196605e-02 1.389645e-01 
1.729039e-02 8.241555e-02 
-1.386863e-02 -1.271584e-02 
-2.936322e-02 -1.277735e-01 
-3.553128e-02 -2.409796e-01 
-4.317070e-02 -3.504611e-01 
-3.319920e-02 -4.135433e-01 
-1.282732e-02 -3.692672e-01 
-9.829348e-01 -3.135233e-02 
1.595315e-01 2.346391e-01 
3.860241e-02 4.827091e-01 
9.609413e-02 5.148899e-01 
5.620517e-02 4.975838e-01 
4.746469e-02 4.323593e-01 
3.997363e-02 3.350061e-01 
2.754405e-02 3.093321e-01 
1.659149e-02 4.512898e-01 
1.821677e-01 3.685561e-01 
7.035055e-02 4.844451e-01 
3.725038e-02 4.157779e-01 
8.147891e-03 2.023696e-01 
-8.371807e-03 1.739982e-02 
-2.013095e-02 -1.436569e-01 
-2.906895e-02 -2.906845e-01 
-2.544229e-02 -3.502533e-01 
-7.450450e-03 -2.107024e-01 
3.045869e-02 2.091188e-01 
4.147625e-02 3.242791e-01 
5.150336e-02 3.592279e-01 
3.621971e-02 2.958207e-01 
2.218300e-02 2.253959e-01 
1.324291e-02 1.458263e-01 
5.970156e-03 5.451109e-02 
3.053485e-03 1.806782e-02 
2.883206e-03 9.890237e-02 
-1.662161e-01 -1.805845e-01 
-1.287315e-02 1.120237e-04 
1.866970e-02 1.261934e-01 
2.030290e-02 1.718939e-01 
1.538034e-02 1.640687e-01 
1.044843e-02 1.279160e-01 
3.814362e-03 6.294873e-02 
-7.960927e-04 -3.417783e-03 
-8.042559e-04 -2.825243e-02 
