poroelastic
-2.923387e-02 -1.646525e-01 
-5.102580e-02 -1.903005e-01 
-5.711303e-02 -5.483577e-02 
2.502211e-02 1.775201e-01 
3.801009e-02 2.915018e-01 
3.606609e-02 3.088615e-01 
2.357014e-02 2.276038e-01 
4.017526e-03 6.751438e-02 
-2.663773e-03 -5.076321e-02 
4.616446e-01 -5.908947e-01 
3.777172e-02 -6.001525e-01 
-3.454163e-02 -3.550203e-01 
-5.704502e-03 -6.622756e-02 
1.082713e-02 8.359351e-02 
1.483738e-02 1.382586e-01 
8.102160e-03 1.022539e-01 
-1.844246e-03 -1.660980e-03 
-3.075259e-03 -6.697553e-02 
1.751233e-01 3.387939e-01 
-1.343602e-02 1.904087e-01 
1.723298e-03 1.431560e-01 
1.801840e-02 1.532078e-01 
1.300759e-02 1.204805e-01 
5.812908e-03 6.590144e-02 
-2.157102e-03 2.470598e-03 
-6.001325e-03 -5.365416e-02 
-3.358112e-03 -6.977763e-02 
5.559216e-02 -4.350742e-01 
-2.704606e-02 -2.816630e-01 
-3.426099e-02 -1.359958e-01 
5.057691e-03 -1.164206e-02 
8.344972e-03 5.122099e-02 
1.125839e-02 7.626143e-02 
1.589355e-02 9.133300e-02 
1.632495e-02 1.383500e-01 
1.030166e-02 2.122731e-01 
5.843840e-01 5.745941e-01 
1.094034e-01 6.916510e-01 
3.783835e-02 5.521765e-01 
4.088338e-02 3.544299e-01 
1.976763e-02 1.916738e-01 
3.758732e-03 5.366607e-02 
-7.132430e-03 -5.176180e-02 
-8.032920e-03 -8.755775e-02 
-2.553095e-03 -5.271826e-02 
-1.485779e-02 3.861717e-02 
-1.084184e-02 7.166573e-02 
-2.160224e-03 1.024049e-01 
1.671901e-02 1.262793e-01 
1.323242e-02 1.198111e-01 
9.190870e-03 9.426502e-02 
2.912764e-03 4.478603e-02 
-2.091202e-03 -1.417555e-02 
-1.901449e-03 -4.258762e-02 
3.477099e-01 -6.941681e-01 
-1.147490e-02 -6.523397e-01 
-5.198315e-02 -3.766271e-01 
-3.874502e-03 -8.302648e-02 
1.391840e-02 9.436994e-02 
2.228078e-02 1.888794e-01 
2.267752e-02 2.011531e-01 
1.143692e-02 1.386281e-01 
3.138138e-03 7.070419e-02 
2.570472e-01 4.477462e-01 
1.357759e-02 4.163073e-01 
2.923893e-02 3.799801e-01 
3.412688e-02 3.141921e-01 
1.750864e-02 1.966002e-01 
1.268246e-03 5.602791e-02 
-1.430772e-02 -8.274758e-02 
-1.752826e-02 -1.767562e-01 
-8.804713e-03 -1.975385e-01 
-1.162905e-01 -4.153806e-01 
-5.036752e-03 -6.895885e-02 
-1.195264e-02 7.993789e-02 
1.987134e-02 8.649687e-02 
8.846020e-03 6.036244e-02 
7.066443e-03 3.581643e-02 
1.203674e-02 4.260254e-02 
1.746803e-02 1.471050e-01 
1.406546e-02 3.090687e-01 
6.618416e-01 7.179387e-01 
2.003566e-01 9.537521e-01 
7.698087e-02 7.683241e-01 
4.272833e-02 4.070721e-01 
1.139555e-02 1.374643e-01 
-7.581201e-03 -5.717656e-02 
-1.578561e-02 -1.637293e-01 
-8.826255e-03 -1.264254e-01 
4.797372e-04 1.033371e-02 
-5.782365e-03 2.043375e-01 
1.017730e-02 3.129653e-01 
2.458702e-02 3.183749e-01 
2.447666e-02 2.131989e-01 
1.167187e-02 1.189701e-01 
3.331466e-03 3.902358e-02 
-1.945819e-03 -2.356080e-02 
-1.190505e-03 -2.851919e-02 
1.157282e-03 2.800082e-02 
2.651048e-01 -6.844762e-01 
-2.714716e-02 -4.677604e-01 
-2.398578e-02 -1.751580e-01 
4.742792e-03 -1.901889e-03 
9.738181e-03 7.900195e-02 
1.159342e-02 1.064031e-01 
1.048007e-02 9.011688e-02 
6.458165e-03 7.154981e-02 
3.690595e-03 9.068136e-02 
3.568485e-01 6.072374e-01 
6.244865e-02 6.640477e-01 
5.320546e-02 5.673046e-01 
3.399573e-02 3.458337e-01 
8.898631e-03 1.340099e-01 
-8.419869e-03 -5.120868e-02 
-1.900728e-02 -1.790194e-01 
-1.437512e-02 -1.869420e-01 
-3.521572e-03 -8.641216e-02 
-2.742820e-01 -3.762552e-01 
6.414240e-02 1.678774e-01 
2.255060e-02 2.998647e-01 
2.248881e-02 1.514283e-01 
3.196546e-03 2.075380e-02 
-2.754606e-03 -6.452872e-02 
3.538027e-03 -6.261723e-02 
1.856343e-02 1.329575e-01 
1.909495e-02 4.431535e-01 
8.502946e-01 9.454590e-01 
3.076700e-01 1.336779e+00 
1.162750e-01 1.079881e+00 
3.849040e-02 4.641763e-01 
-3.146840e-03 1.942915e-02 
-2.528900e-02 -2.728542e-01 
-3.123845e-02 -3.902733e-01 
-1.319100e-02 -2.335201e-01 
4.391672e-03 1.027215e-01 
5.209138e-02 4.553917e-01 
6.922104e-02 6.586179e-01 
6.329320e-02 5.944640e-01 
2.602703e-02 2.770252e-01 
6.046881e-03 6.879813e-02 
-4.041240e-03 -5.900240e-02 
-4.336073e-03 -1.034152e-01 
5.781810e-03 5.564416e-03 
8.580057e-03 2.316275e-01 
3.898981e-01 -8.093934e-01 
-2.851931e-02 -4.204629e-01 
-1.086137e-02 -1.167091e-01 
1.204174e-03 1.226333e-02 
6.141760e-03 7.538966e-02 
6.641617e-03 8.961726e-02 
-1.158864e-04 3.528008e-02 
-6.740460e-03 -6.789438e-02 
-3.996446e-03 -1.092869e-01 
