poroelastic
8.456771e-03 -2.686507e-01 
-2.235666e-02 -3.318538e-01 
-3.826982e-02 -1.909977e-01 
9.178860e-03 4.640231e-02 
2.361056e-02 1.626396e-01 
2.448515e-02 1.989750e-01 
1.257001e-02 1.510766e-01 
-4.913825e-03 8.694764e-03 
-8.522069e-03 -1.675186e-01 
-1.001078e-02 -5.135974e-01 
-9.854844e-02 -4.341982e-01 
-7.972062e-02 -1.638933e-01 
2.910114e-02 1.053956e-01 
4.021214e-02 2.403794e-01 
4.113790e-02 2.856401e-01 
3.531313e-02 2.595729e-01 
1.703168e-02 1.855587e-01 
4.272648e-03 9.610165e-02 
-1.480948e-01 1.417463e-01 
5.151530e-02 -8.948693e-03 
3.723063e-02 -3.210672e-02 
-1.031019e-02 -2.370011e-02 
-1.853198e-02 -7.078486e-02 
-2.383323e-02 -1.313745e-01 
-3.332182e-02 -1.936298e-01 
-2.822876e-02 -2.430464e-01 
-1.239459e-02 -2.678153e-01 
-3.332946e-01 -3.120962e-01 
-7.727304e-02 -1.547713e-01 
-6.971924e-02 4.424639e-02 
4.968270e-02 1.841878e-01 
4.404693e-02 2.676140e-01 
4.571376e-02 3.015784e-01 
4.786095e-02 2.987737e-01 
3.397812e-02 2.976034e-01 
1.491350e-02 3.210196e-01 
1.858679e-01 2.630955e-01 
4.052732e-02 2.709995e-01 
2.866144e-02 2.392239e-01 
2.356218e-02 1.959183e-01 
1.038053e-02 1.222941e-01 
-2.022771e-03 3.307539e-02 
-1.611682e-02 -7.265147e-02 
-2.025272e-02 -1.715330e-01 
-9.783209e-03 -2.122425e-01 
-1.829664e-02 -3.277843e-02 
-1.854426e-02 1.864543e-03 
-5.427511e-03 8.510064e-02 
2.455394e-02 1.485493e-01 
2.036051e-02 1.564881e-01 
1.434205e-02 1.307807e-01 
4.734106e-03 7.097007e-02 
-2.921080e-03 -9.053805e-03 
-3.062856e-03 -7.466749e-02 
-1.255409e-01 -4.706300e-01 
-1.143438e-01 -3.584819e-01 
-6.566140e-02 -1.202252e-01 
3.067809e-02 1.028685e-01 
3.885664e-02 2.307677e-01 
4.219751e-02 2.924941e-01 
4.125122e-02 2.953414e-01 
2.299603e-02 2.485563e-01 
7.354588e-03 1.811559e-01 
-1.192854e-01 1.512760e-01 
3.076084e-02 5.760867e-02 
3.535117e-02 5.485899e-02 
-3.474986e-03 5.393134e-02 
-1.609858e-02 -1.457024e-02 
-2.608572e-02 -1.112535e-01 
-4.145017e-02 -2.309714e-01 
-3.719629e-02 -3.482171e-01 
-1.639981e-02 -4.046364e-01 
-7.132609e-01 -2.293481e-01 
-4.713653e-03 7.356655e-03 
-3.941669e-02 2.592019e-01 
9.817640e-02 3.796523e-01 
6.566858e-02 4.398801e-01 
6.026861e-02 4.380521e-01 
5.469515e-02 3.863439e-01 
3.436269e-02 3.443679e-01 
1.547700e-02 3.772691e-01 
1.436938e-01 2.973637e-01 
5.094642e-02 3.426242e-01 
3.955704e-02 2.947363e-01 
1.661548e-02 1.896843e-01 
-9.225713e-04 7.102617e-02 
-1.431167e-02 -4.916367e-02 
-2.720320e-02 -1.738767e-01 
-2.638682e-02 -2.651597e-01 
-1.036726e-02 -2.521680e-01 
-1.147413e-02 7.993391e-02 
-1.007216e-03 1.568214e-01 
1.864287e-02 2.215261e-01 
3.371655e-02 2.230484e-01 
2.207658e-02 1.874062e-01 
1.212096e-02 1.267521e-01 
1.188917e-03 4.005185e-02 
-3.631204e-03 -3.614466e-02 
-1.851097e-03 -5.324235e-02 
-4.517916e-01 -3.347672e-01 
-1.286603e-01 -1.139313e-01 
-2.049193e-02 1.241048e-01 
6.208087e-02 2.708942e-01 
4.978485e-02 3.357207e-01 
4.494753e-02 3.415808e-01 
3.830197e-02 2.970679e-01 
1.984887e-02 2.402863e-01 
7.447829e-03 2.227356e-01 
-1.359826e-01 2.074394e-01 
1.838009e-02 1.434349e-01 
2.368439e-02 9.980948e-02 
-1.361223e-02 1.174231e-02 
-3.124499e-02 -1.055124e-01 
-3.892156e-02 -2.252392e-01 
-4.807664e-02 -3.441624e-01 
-3.585007e-02 -4.130064e-01 
-1.195734e-02 -3.610056e-01 
-1.028313e+00 -1.783418e-02 
1.615631e-01 2.441033e-01 
4.027692e-02 5.083328e-01 
1.152294e-01 5.383841e-01 
6.626953e-02 5.150329e-01 
5.439367e-02 4.385846e-01 
4.440146e-02 3.276947e-01 
2.918298e-02 2.954944e-01 
1.557162e-02 4.476554e-01 
1.798659e-01 3.610817e-01 
7.616961e-02 4.826362e-01 
4.446152e-02 4.224698e-01 
8.877446e-03 2.111428e-01 
-1.045676e-02 2.194752e-02 
-2.387008e-02 -1.444829e-01 
-3.359518e-02 -2.973626e-01 
-2.779334e-02 -3.596846e-01 
-7.053293e-03 -2.115128e-01 
2.869692e-02 2.187390e-01 
4.303717e-02 3.420101e-01 
5.902677e-02 3.841274e-01 
4.620461e-02 3.228822e-01 
2.797462e-02 2.488277e-01 
1.655457e-02 1.620155e-01 
7.490435e-03 6.122269e-02 
3.749668e-03 1.993401e-02 
2.757969e-03 1.057332e-01 
-1.976403e-01 -1.629763e-01 
-1.368484e-02 1.810258e-02 
2.242957e-02 1.480764e-01 
2.688575e-02 1.963139e-01 
1.940701e-02 1.839804e-01 
1.224917e-02 1.391723e-01 
3.231278e-03 6.220336e-02 
-1.817269e-03 -1.387248e-02 
-1.035418e-03 -4.331705e-02 
