poroelastic
2.870656e-02 1.726428e-01 
4.497123e-02 2.048333e-01 
4.633720e-02 4.555601e-02 
-3.024650e-02 -2.515123e-01 
-3.082690e-02 -3.863871e-01 
-2.365177e-02 -3.990102e-01 
-1.085541e-02 -2.796220e-01 
-4.999228e-04 -6.615509e-02 
5.248817e-04 6.736578e-02 
-8.653348e-01 8.203630e-01 
-1.410527e-01 9.485790e-01 
1.136044e-02 6.309726e-01 
1.544792e-02 1.985022e-01 
-5.025353e-04 -3.773809e-02 
-2.415353e-03 -1.293914e-01 
4.762680e-03 -6.646977e-02 
4.292366e-03 1.193678e-01 
6.819524e-04 2.321673e-01 
-6.206688e-01 -5.272689e-01 
9.330309e-02 -3.505379e-01 
2.130680e-02 -3.615691e-01 
-4.047988e-02 -4.445145e-01 
-3.088389e-02 -4.299779e-01 
-1.980658e-02 -3.556877e-01 
-1.004729e-02 -2.337234e-01 
-2.129937e-03 -9.454259e-02 
-1.483882e-04 -2.380807e-02 
-5.326761e-01 5.826682e-01 
-3.203629e-02 5.306587e-01 
-2.333064e-03 4.339021e-01 
2.737159e-02 3.106249e-01 
1.537261e-02 2.387938e-01 
1.034155e-02 1.859442e-01 
6.107643e-03 1.392649e-01 
1.395739e-03 6.967958e-02 
-6.597677e-05 -7.768190e-03 
-1.032096e+00 -7.563610e-01 
-1.595449e-01 -9.205685e-01 
-2.320223e-02 -7.368147e-01 
-3.766727e-02 -5.117144e-01 
-2.106646e-02 -3.282918e-01 
-1.032801e-02 -1.803146e-01 
-5.102942e-03 -8.029755e-02 
-2.963001e-03 -6.711558e-02 
-1.022526e-03 -1.144757e-01 
6.168370e-03 2.100760e-02 
6.995538e-03 1.984706e-02 
4.066476e-03 -2.672209e-02 
-9.324249e-03 -1.148994e-01 
-7.355535e-03 -1.381792e-01 
-4.798306e-03 -1.230072e-01 
-5.481739e-04 -6.082695e-02 
1.566380e-03 2.904670e-02 
6.389445e-04 8.054006e-02 
-8.431144e-01 8.793888e-01 
-1.276206e-01 1.007972e+00 
1.666433e-02 7.006297e-01 
1.662027e-02 2.891744e-01 
1.881510e-03 3.703143e-02 
-3.312624e-03 -9.623418e-02 
-4.893460e-04 -9.718611e-02 
2.739083e-03 3.646409e-02 
1.490846e-03 1.669044e-01 
-6.873338e-01 -5.492521e-01 
3.125221e-02 -4.890640e-01 
-3.555502e-03 -5.009998e-01 
-3.602466e-02 -5.352120e-01 
-2.921409e-02 -4.850073e-01 
-1.869068e-02 -3.844925e-01 
-9.645022e-03 -2.466641e-01 
-2.213841e-03 -9.645127e-02 
-1.567795e-05 -1.546111e-03 
-5.446839e-01 5.666497e-01 
1.718026e-02 3.544629e-01 
2.684823e-03 2.837239e-01 
2.616337e-02 2.773543e-01 
1.523170e-02 2.854313e-01 
1.287676e-02 2.748300e-01 
9.231990e-03 2.312324e-01 
2.894572e-03 1.227048e-01 
4.203450e-05 3.409346e-03 
-1.032906e+00 -8.277459e-01 
-2.562739e-01 -1.101871e+00 
-5.680010e-02 -8.750199e-01 
-2.820036e-02 -5.061137e-01 
-1.319460e-02 -2.468530e-01 
-4.645082e-03 -7.634821e-02 
-2.554507e-03 -1.044762e-02 
-4.870550e-03 -8.377278e-02 
-2.829886e-03 -2.064174e-01 
-9.621618e-04 -9.214221e-02 
-4.190043e-03 -1.417251e-01 
-7.115725e-03 -1.551304e-01 
-6.356121e-03 -1.211784e-01 
-3.072132e-03 -7.672112e-02 
-1.026369e-03 -3.613753e-02 
7.076227e-04 5.373172e-03 
9.374289e-04 3.096167e-02 
2.690158e-04 2.369007e-02 
-8.312130e-01 8.866366e-01 
-8.918313e-02 8.914236e-01 
1.843580e-02 5.780780e-01 
1.450810e-02 2.656907e-01 
4.031722e-03 8.143508e-02 
5.344146e-04 -1.631861e-02 
2.139649e-03 -1.469602e-02 
3.487809e-03 8.222597e-02 
1.979604e-03 1.711177e-01 
-7.412599e-01 -6.421265e-01 
-4.242449e-02 -6.655874e-01 
-3.510812e-02 -6.250484e-01 
-2.392681e-02 -5.369562e-01 
-2.134169e-02 -4.284726e-01 
-1.304021e-02 -3.109837e-01 
-7.690312e-03 -1.987162e-01 
-3.454823e-03 -1.081571e-01 
-7.482541e-04 -6.136654e-02 
-5.675982e-01 5.850707e-01 
6.746025e-02 2.123698e-01 
1.744852e-02 1.940470e-01 
2.250756e-02 3.252861e-01 
1.373072e-02 3.956551e-01 
1.364934e-02 3.939385e-01 
9.544282e-03 3.022253e-01 
1.400001e-03 9.556983e-02 
-1.599012e-03 -1.032667e-01 
-1.136530e+00 -9.972104e-01 
-3.244043e-01 -1.374550e+00 
-7.832750e-02 -1.073819e+00 
-1.928999e-02 -4.998407e-01 
-3.801520e-03 -1.154775e-01 
3.331419e-03 1.117119e-01 
4.201260e-03 1.613799e-01 
-3.082400e-03 -8.462791e-03 
-3.326655e-03 -2.284926e-01 
-2.836700e-02 -2.599974e-01 
-2.865848e-02 -3.803855e-01 
-1.963536e-02 -3.506960e-01 
-5.182943e-03 -1.576346e-01 
-1.044377e-03 -3.516538e-02 
1.008352e-03 3.288791e-02 
1.339137e-03 5.406131e-02 
-2.554374e-04 1.585282e-02 
-5.950505e-04 -5.284629e-02 
-8.666191e-01 1.112369e+00 
4.526681e-04 9.061973e-01 
2.622836e-02 5.296767e-01 
6.469701e-03 2.128353e-01 
4.438655e-04 1.522421e-02 
-3.029138e-03 -9.721192e-02 
-1.845054e-03 -9.981446e-02 
3.079080e-03 3.659299e-02 
2.302023e-03 1.769187e-01 
