poroelastic
-3.090556e-02 -1.195203e-03 
-3.518655e-02 -8.089518e-04 
-3.780539e-02 3.994932e-02 
7.727797e-03 1.474988e-01 
1.331396e-02 2.033194e-01 
1.293049e-02 2.053394e-01 
1.010627e-02 1.463993e-01 
5.380418e-03 7.411238e-02 
4.080864e-03 1.148179e-01 
9.835553e-01 -4.613052e-01 
2.457018e-01 -6.782349e-01 
5.336864e-02 -5.670800e-01 
-2.178582e-02 -3.474905e-01 
-1.433468e-02 -2.156816e-01 
-1.075520e-02 -1.523385e-01 
-1.387436e-02 -1.718379e-01 
-1.358598e-02 -2.550175e-01 
-7.376703e-03 -2.518101e-01 
6.419697e-01 3.933066e-01 
-1.149821e-01 3.046006e-01 
-6.272408e-02 3.190448e-01 
1.765035e-02 3.933151e-01 
2.555015e-02 4.192068e-01 
2.283208e-02 4.058259e-01 
2.231955e-02 3.587174e-01 
1.764012e-02 2.981376e-01 
9.367684e-03 2.920616e-01 
7.663141e-01 -3.810420e-01 
7.737868e-02 -4.363646e-01 
5.541146e-02 -4.728737e-01 
-2.667074e-02 -4.535069e-01 
-2.174988e-02 -4.322179e-01 
-2.132983e-02 -3.966994e-01 
-2.101722e-02 -3.406060e-01 
-1.435779e-02 -2.536670e-01 
-5.502084e-03 -1.630735e-01 
7.681245e-01 6.033860e-01 
9.635785e-02 7.095583e-01 
-4.205978e-03 5.161736e-01 
1.251882e-02 2.932390e-01 
8.416578e-03 1.539390e-01 
4.031803e-03 7.496319e-02 
4.980859e-03 6.956023e-02 
1.110151e-02 1.547302e-01 
8.997436e-03 2.618666e-01 
7.630009e-03 -2.719571e-02 
5.670185e-03 -7.110501e-02 
1.153532e-03 -1.096187e-01 
-4.513061e-03 -9.019367e-02 
-3.316976e-03 -6.621043e-02 
-1.903114e-03 -3.657096e-02 
-2.219213e-04 -9.394686e-03 
1.119300e-03 1.121336e-02 
1.479123e-03 4.405024e-02 
9.383379e-01 -5.551966e-01 
2.150040e-01 -7.729938e-01 
3.032769e-02 -6.423547e-01 
-1.560476e-02 -4.050850e-01 
-1.074972e-02 -2.368156e-01 
-6.237564e-03 -1.303169e-01 
-7.305255e-03 -1.026907e-01 
-1.029332e-02 -1.626962e-01 
-7.126804e-03 -2.104224e-01 
6.549767e-01 4.399084e-01 
-4.610063e-02 4.305077e-01 
-3.259155e-02 4.228193e-01 
1.067455e-02 4.299507e-01 
2.011804e-02 4.105776e-01 
1.779695e-02 3.726655e-01 
1.860785e-02 3.309878e-01 
1.809501e-02 2.978575e-01 
1.006180e-02 2.913860e-01 
1.000584e+00 -4.101383e-01 
-2.051037e-02 -3.683563e-01 
4.020834e-02 -4.745148e-01 
-3.048528e-02 -5.721363e-01 
-2.219117e-02 -6.122349e-01 
-2.521311e-02 -5.843488e-01 
-2.509883e-02 -4.760945e-01 
-1.602301e-02 -2.934592e-01 
-5.371160e-03 -1.465287e-01 
8.175102e-01 6.565068e-01 
1.775768e-01 8.526002e-01 
1.970959e-02 6.257021e-01 
6.731190e-03 2.966419e-01 
3.219923e-03 1.076319e-01 
-1.039649e-03 2.516910e-02 
2.453043e-03 6.660608e-02 
1.741583e-02 2.312553e-01 
1.453979e-02 3.724357e-01 
2.937489e-03 2.942719e-02 
3.304486e-03 1.420461e-02 
1.860473e-03 -4.235958e-02 
-3.408495e-03 -1.004070e-01 
-4.742436e-03 -1.152516e-01 
-4.502895e-03 -9.287057e-02 
-1.882525e-03 -3.894818e-02 
1.906117e-03 2.318777e-02 
2.234869e-03 6.046171e-02 
1.183639e+00 -6.283860e-01 
2.012142e-01 -8.127506e-01 
1.739733e-02 -6.943527e-01 
-1.292056e-02 -5.173883e-01 
-1.107924e-02 -3.803411e-01 
-9.433514e-03 -2.733599e-01 
-1.112799e-02 -2.119589e-01 
-1.411711e-02 -2.234180e-01 
-9.903487e-03 -2.646867e-01 
7.532635e-01 4.865603e-01 
2.764590e-02 5.393300e-01 
-1.342599e-03 5.123967e-01 
-3.920276e-03 4.703817e-01 
1.385435e-02 4.368371e-01 
1.354221e-02 4.076471e-01 
1.907145e-02 3.981991e-01 
2.559061e-02 3.942123e-01 
1.374606e-02 3.635026e-01 
1.213651e+00 -5.271427e-01 
-1.656836e-01 -3.440053e-01 
3.245225e-03 -4.963267e-01 
-1.348014e-02 -6.671910e-01 
-1.256966e-02 -7.269268e-01 
-2.196768e-02 -6.837352e-01 
-2.535093e-02 -5.256046e-01 
-1.797236e-02 -2.924320e-01 
-6.820211e-03 -1.643655e-01 
8.854914e-01 7.776326e-01 
2.186608e-01 1.008902e+00 
3.725062e-02 7.144820e-01 
3.214369e-03 2.628474e-01 
-2.724695e-03 3.941935e-03 
-8.499317e-03 -9.772755e-02 
-5.480666e-03 -2.017086e-02 
1.735413e-02 2.093224e-01 
1.479562e-02 3.462928e-01 
2.376537e-03 1.008947e-01 
1.252822e-03 1.166331e-01 
-1.810207e-03 3.121067e-02 
3.096886e-04 -1.241588e-01 
-4.896972e-03 -1.774036e-01 
-6.832181e-03 -1.521459e-01 
-3.381873e-03 -5.707810e-02 
3.456443e-03 4.503372e-02 
2.428565e-03 6.063062e-02 
1.071708e+00 -9.122332e-01 
4.679100e-02 -8.936548e-01 
-1.832711e-02 -6.573930e-01 
-1.368091e-03 -4.056883e-01 
-3.761202e-03 -2.041561e-01 
2.013070e-04 -5.173899e-02 
2.289836e-03 2.219872e-02 
-5.848214e-03 -4.868883e-02 
-7.817445e-03 -1.837677e-01 
