poroelastic
-4.392302e-02 1.188189e-01 
-3.741688e-02 1.605932e-01 
-2.631087e-02 1.501390e-01 
1.233820e-02 1.301230e-01 
1.144402e-02 1.194000e-01 
8.802288e-03 9.732376e-02 
7.472138e-03 5.981853e-02 
6.105467e-03 5.113004e-02 
3.128864e-03 1.443223e-01 
5.218446e-01 -1.612312e-02 
1.779387e-01 -1.603356e-01 
6.419982e-02 -2.098487e-01 
-2.242514e-02 -2.062727e-01 
-1.996657e-02 -2.003507e-01 
-1.898564e-02 -2.001993e-01 
-2.270487e-02 -2.244972e-01 
-1.613515e-02 -2.653809e-01 
-4.148367e-03 -2.327259e-01 
5.590032e-01 1.516421e-01 
-1.381592e-01 2.103683e-01 
-7.316977e-02 2.660147e-01 
2.648569e-02 3.206011e-01 
3.401935e-02 3.593801e-01 
3.045051e-02 3.723366e-01 
3.224425e-02 3.614803e-01 
2.435517e-02 3.407293e-01 
7.031387e-03 3.454367e-01 
6.048331e-01 -5.129730e-02 
9.232259e-02 -1.662620e-01 
7.214697e-02 -2.763391e-01 
-3.752234e-02 -3.328622e-01 
-2.888655e-02 -3.728639e-01 
-2.961233e-02 -3.842927e-01 
-3.228795e-02 -3.675751e-01 
-2.299497e-02 -3.300264e-01 
-6.671310e-03 -3.007774e-01 
4.093039e-01 1.733373e-01 
4.783188e-02 2.723972e-01 
-1.451831e-02 2.172544e-01 
1.077899e-02 1.414044e-01 
1.027523e-02 1.066650e-01 
8.955815e-03 1.002063e-01 
1.256588e-02 1.307507e-01 
1.606858e-02 2.000236e-01 
6.047413e-03 2.488056e-01 
4.376552e-03 4.312572e-03 
3.699260e-03 -2.725356e-02 
-4.272266e-04 -6.373315e-02 
-4.066727e-03 -5.676273e-02 
-2.477398e-03 -3.884583e-02 
-7.927128e-04 -1.534328e-02 
9.052036e-04 5.461162e-03 
1.366834e-03 1.627995e-02 
5.587839e-04 2.581148e-02 
5.537265e-01 -9.241508e-02 
1.635160e-01 -2.549622e-01 
4.386374e-02 -2.754346e-01 
-1.737075e-02 -2.245541e-01 
-1.440786e-02 -1.894131e-01 
-1.366654e-02 -1.718727e-01 
-1.902885e-02 -1.874890e-01 
-1.740601e-02 -2.431171e-01 
-6.092422e-03 -2.784102e-01 
5.289360e-01 1.525008e-01 
-6.833024e-02 2.322116e-01 
-4.618980e-02 2.763942e-01 
1.893722e-02 3.180242e-01 
2.978255e-02 3.484128e-01 
2.723968e-02 3.647661e-01 
3.067951e-02 3.766315e-01 
2.695594e-02 3.847318e-01 
8.508694e-03 3.755003e-01 
8.890712e-01 -1.055378e-01 
5.719907e-03 -2.140708e-01 
5.360658e-02 -3.714736e-01 
-5.206192e-02 -4.642406e-01 
-3.054499e-02 -5.213777e-01 
-3.206567e-02 -5.209173e-01 
-3.401015e-02 -4.592457e-01 
-2.487841e-02 -3.667260e-01 
-8.521471e-03 -3.370050e-01 
4.360365e-01 1.799858e-01 
9.795476e-02 3.048877e-01 
3.638106e-03 2.450455e-01 
7.158391e-03 1.487964e-01 
8.171435e-03 1.080427e-01 
7.548913e-03 1.121041e-01 
1.356421e-02 1.744432e-01 
2.219676e-02 2.775786e-01 
8.401758e-03 3.018718e-01 
5.666426e-03 -2.762236e-02 
3.434653e-03 -6.663090e-02 
-1.105625e-03 -9.884298e-02 
-5.895808e-03 -9.399925e-02 
-4.341982e-03 -7.477806e-02 
-2.330620e-03 -4.079129e-02 
3.016705e-04 2.495538e-03 
9.500540e-04 2.425389e-02 
-1.923207e-04 -8.025638e-03 
8.192152e-01 -1.917074e-01 
1.765718e-01 -3.978896e-01 
2.734271e-02 -4.190878e-01 
-2.389213e-02 -3.525345e-01 
-1.633941e-02 -3.016625e-01 
-1.540899e-02 -2.587885e-01 
-2.024955e-02 -2.391362e-01 
-1.998794e-02 -2.755660e-01 
-8.336788e-03 -3.525357e-01 
6.039423e-01 1.311349e-01 
-1.234268e-02 2.254031e-01 
-1.655482e-02 2.888476e-01 
6.289936e-03 3.638155e-01 
2.845844e-02 4.194645e-01 
2.678563e-02 4.567230e-01 
3.357278e-02 4.882079e-01 
3.393368e-02 4.872516e-01 
9.612394e-03 3.987401e-01 
1.201576e+00 -2.510299e-01 
-1.414241e-01 -3.192593e-01 
8.610528e-03 -5.045660e-01 
-4.473854e-02 -5.986853e-01 
-2.268099e-02 -6.402508e-01 
-2.814522e-02 -6.088211e-01 
-3.233976e-02 -4.980100e-01 
-2.897199e-02 -3.807620e-01 
-1.177777e-02 -4.243562e-01 
4.331107e-01 1.928900e-01 
1.204596e-01 2.933119e-01 
2.236576e-02 2.085264e-01 
2.215374e-03 1.058989e-01 
1.645027e-03 6.538935e-02 
1.638078e-03 8.542938e-02 
9.342360e-03 1.864310e-01 
2.453642e-02 3.169348e-01 
7.807758e-03 2.664388e-01 
-4.595370e-03 -7.473088e-02 
-6.175250e-03 -1.263834e-01 
-8.154435e-03 -1.524900e-01 
-4.839846e-03 -1.499754e-01 
-4.929152e-03 -1.252634e-01 
-3.376255e-03 -7.558304e-02 
-8.792011e-04 -7.337251e-03 
-2.412246e-03 8.847490e-03 
-2.729894e-03 -1.094929e-01 
6.296629e-01 -4.501023e-01 
3.389567e-02 -5.370481e-01 
-1.601045e-02 -4.325506e-01 
-8.220775e-03 -2.475328e-01 
-4.027293e-03 -1.070832e-01 
6.031806e-04 -5.769680e-03 
6.615058e-04 3.774898e-02 
-6.512838e-03 -3.341772e-02 
-4.425600e-03 -1.845159e-01 
