poroelastic
-3.528901e-02 1.100100e-02 
-3.916694e-02 1.560065e-02 
-4.021925e-02 5.395571e-02 
1.074834e-02 1.555065e-01 
1.613549e-02 2.072954e-01 
1.504211e-02 2.052638e-01 
1.143898e-02 1.435864e-01 
5.912858e-03 7.134548e-02 
4.027745e-03 1.143379e-01 
9.528252e-01 -4.289638e-01 
2.430641e-01 -6.398722e-01 
5.404188e-02 -5.420882e-01 
-2.600356e-02 -3.363304e-01 
-1.699962e-02 -2.142621e-01 
-1.301559e-02 -1.557807e-01 
-1.665309e-02 -1.750058e-01 
-1.549052e-02 -2.549774e-01 
-7.400687e-03 -2.505885e-01 
6.221922e-01 3.810626e-01 
-1.193671e-01 2.990643e-01 
-6.510904e-02 3.103804e-01 
2.210775e-02 3.799294e-01 
3.010089e-02 4.056325e-01 
2.657615e-02 3.933709e-01 
2.596118e-02 3.502046e-01 
1.995767e-02 2.960935e-01 
9.453537e-03 2.927296e-01 
7.479544e-01 -3.592610e-01 
7.907277e-02 -4.073279e-01 
5.701980e-02 -4.459916e-01 
-3.300528e-02 -4.288056e-01 
-2.574425e-02 -4.157484e-01 
-2.496885e-02 -3.882402e-01 
-2.439948e-02 -3.382507e-01 
-1.595773e-02 -2.536244e-01 
-5.536581e-03 -1.636077e-01 
7.402727e-01 5.883111e-01 
9.418290e-02 6.983568e-01 
-2.123542e-03 5.084340e-01 
1.602399e-02 2.867942e-01 
1.011096e-02 1.484968e-01 
4.894084e-03 6.949470e-02 
6.009261e-03 6.338195e-02 
1.230003e-02 1.485138e-01 
8.887726e-03 2.548945e-01 
7.276350e-03 -1.772951e-02 
5.409344e-03 -5.963563e-02 
3.568666e-04 -1.000048e-01 
-5.056473e-03 -8.220857e-02 
-3.521542e-03 -5.964385e-02 
-1.832685e-03 -3.161224e-02 
4.024928e-05 -6.511344e-03 
1.311646e-03 1.174621e-02 
1.408799e-03 4.214963e-02 
9.182023e-01 -5.364918e-01 
2.089799e-01 -7.423074e-01 
2.858466e-02 -6.161545e-01 
-2.061479e-02 -3.862180e-01 
-1.310919e-02 -2.269913e-01 
-7.851362e-03 -1.275825e-01 
-9.280105e-03 -1.038645e-01 
-1.163991e-02 -1.638385e-01 
-7.085062e-03 -2.106606e-01 
6.368141e-01 4.401127e-01 
-4.960930e-02 4.378490e-01 
-3.324306e-02 4.257441e-01 
1.704005e-02 4.233788e-01 
2.515628e-02 3.975331e-01 
2.127275e-02 3.555836e-01 
2.154120e-02 3.157244e-01 
1.995894e-02 2.924463e-01 
1.008771e-02 2.936411e-01 
9.961490e-01 -3.993073e-01 
-1.744429e-02 -3.421778e-01 
4.386017e-02 -4.505999e-01 
-4.117709e-02 -5.513265e-01 
-2.859313e-02 -6.019092e-01 
-3.084638e-02 -5.823400e-01 
-2.943787e-02 -4.778686e-01 
-1.735251e-02 -2.917798e-01 
-5.154036e-03 -1.409154e-01 
8.071847e-01 6.561672e-01 
1.791975e-01 8.592965e-01 
2.337088e-02 6.342716e-01 
1.133579e-02 3.010066e-01 
5.234893e-03 1.081490e-01 
1.238097e-05 2.181016e-02 
4.036462e-03 6.031886e-02 
1.929084e-02 2.260993e-01 
1.436814e-02 3.683587e-01 
3.423381e-03 4.090519e-02 
4.261180e-03 2.944568e-02 
2.330338e-03 -2.847128e-02 
-4.321552e-03 -9.053790e-02 
-5.542154e-03 -1.095046e-01 
-5.006912e-03 -9.080861e-02 
-1.895502e-03 -3.966414e-02 
2.141658e-03 2.260795e-02 
2.180486e-03 6.014575e-02 
1.180918e+00 -6.253350e-01 
1.998334e-01 -7.973211e-01 
1.627796e-02 -6.794657e-01 
-2.141152e-02 -5.069215e-01 
-1.566720e-02 -3.773526e-01 
-1.284738e-02 -2.756811e-01 
-1.421043e-02 -2.156462e-01 
-1.542526e-02 -2.228849e-01 
-9.508639e-03 -2.606251e-01 
7.482011e-01 4.981530e-01 
2.269646e-02 5.580652e-01 
-1.103794e-03 5.269977e-01 
4.095677e-03 4.729445e-01 
2.026636e-02 4.293386e-01 
1.790461e-02 3.926126e-01 
2.271182e-02 3.827547e-01 
2.783465e-02 3.892065e-01 
1.356897e-02 3.671120e-01 
1.224365e+00 -5.300211e-01 
-1.635987e-01 -3.207898e-01 
6.099433e-03 -4.764259e-01 
-2.717546e-02 -6.548938e-01 
-2.052745e-02 -7.274459e-01 
-2.888683e-02 -6.926336e-01 
-3.021573e-02 -5.347980e-01 
-1.898303e-02 -2.904071e-01 
-6.182481e-03 -1.521594e-01 
8.962742e-01 7.877380e-01 
2.311617e-01 1.034327e+00 
4.489381e-02 7.401804e-01 
7.302460e-03 2.775270e-01 
-1.812569e-03 8.565630e-03 
-8.481864e-03 -1.005027e-01 
-4.583103e-03 -2.512829e-02 
1.955463e-02 2.115456e-01 
1.492120e-02 3.558642e-01 
4.166751e-03 1.157772e-01 
3.691574e-03 1.355302e-01 
-6.428580e-04 4.421041e-02 
-1.288747e-03 -1.239021e-01 
-6.695555e-03 -1.853324e-01 
-8.317987e-03 -1.640164e-01 
-3.999628e-03 -6.825767e-02 
3.688459e-03 4.166743e-02 
2.570181e-03 6.637171e-02 
1.075545e+00 -9.321052e-01 
4.219516e-02 -8.921876e-01 
-2.257109e-02 -6.502964e-01 
-6.789574e-03 -3.991762e-01 
-5.830130e-03 -1.998058e-01 
-4.867248e-04 -4.989244e-02 
1.432358e-03 2.118286e-02 
-6.652996e-03 -5.081948e-02 
-7.343049e-03 -1.830000e-01 
