poroelastic
-1.614964e-02 2.832147e-01 
8.406314e-03 3.842941e-01 
3.103456e-02 2.612205e-01 
-7.683401e-03 -3.957541e-02 
-1.553965e-02 -1.920333e-01 
-1.431509e-02 -2.443915e-01 
-5.890865e-03 -1.901988e-01 
2.419062e-03 -2.257982e-02 
8.060094e-04 1.532041e-01 
-6.301729e-01 8.048689e-01 
-8.441804e-02 9.286255e-01 
3.624966e-02 6.156293e-01 
5.205220e-03 1.604215e-01 
-1.074949e-02 -9.951162e-02 
-1.478058e-02 -2.267773e-01 
-9.829237e-03 -2.238544e-01 
-8.953768e-04 -9.301067e-02 
7.747209e-05 4.965355e-02 
-1.211639e-01 -3.921124e-01 
6.194442e-03 -1.139399e-01 
-2.640196e-03 -7.421092e-02 
-8.714491e-03 -1.465595e-01 
-5.404518e-03 -1.333943e-01 
-5.968692e-04 -7.649228e-02 
6.284251e-03 1.402119e-02 
7.250704e-03 1.284551e-01 
9.646788e-04 2.107315e-01 
-2.105864e-01 5.402229e-01 
2.488620e-03 4.473562e-01 
2.082403e-02 2.980292e-01 
3.677716e-03 1.279589e-01 
-1.311321e-03 2.604899e-02 
-5.523229e-03 -4.145489e-02 
-9.643113e-03 -8.879033e-02 
-7.769624e-03 -1.445839e-01 
-1.442499e-03 -2.087266e-01 
-5.898577e-01 -6.454676e-01 
-7.490383e-02 -6.498788e-01 
-1.475243e-02 -4.582087e-01 
-1.806985e-02 -2.854921e-01 
-7.423326e-03 -1.450221e-01 
-6.378632e-04 -3.352418e-02 
2.796884e-03 4.283877e-02 
2.107226e-03 5.946986e-02 
1.975644e-04 2.334382e-02 
-5.481734e-04 8.738256e-02 
4.680807e-03 1.159489e-01 
7.242003e-03 7.223312e-02 
-3.466651e-03 -3.157333e-02 
-4.474820e-03 -7.455323e-02 
-4.005322e-03 -8.469916e-02 
-1.425579e-03 -5.643866e-02 
1.057361e-03 4.535275e-03 
3.390964e-04 5.117698e-02 
-5.828228e-01 7.888518e-01 
-7.428799e-02 8.734690e-01 
2.632232e-02 5.895652e-01 
9.333308e-03 2.103698e-01 
-3.809598e-03 -2.475096e-02 
-1.001973e-02 -1.611968e-01 
-1.029346e-02 -1.958951e-01 
-3.392292e-03 -1.199261e-01 
-1.572424e-04 -2.125472e-02 
-1.894051e-01 -4.348640e-01 
2.121888e-03 -2.557176e-01 
-7.489459e-03 -1.995602e-01 
-1.083196e-02 -2.020157e-01 
-5.572246e-03 -1.461923e-01 
-3.222320e-04 -6.262019e-02 
5.947824e-03 3.888756e-02 
7.716593e-03 1.447406e-01 
1.713938e-03 2.033944e-01 
-1.191239e-01 5.140464e-01 
1.163829e-02 2.783301e-01 
1.191487e-02 1.448566e-01 
-9.850164e-04 7.133458e-02 
1.144051e-04 3.181305e-02 
-2.172439e-03 -4.546165e-03 
-6.859341e-03 -5.113283e-02 
-8.646713e-03 -1.463809e-01 
-3.046626e-03 -2.738135e-01 
-6.156876e-01 -7.190404e-01 
-1.312696e-01 -8.360257e-01 
-3.138232e-02 -6.088618e-01 
-1.490037e-02 -3.007295e-01 
-2.944066e-03 -8.385522e-02 
3.519821e-03 6.252316e-02 
5.651249e-03 1.315071e-01 
2.229989e-03 8.898345e-02 
-4.354848e-04 -3.342155e-02 
1.529997e-03 -5.283712e-02 
-7.062091e-04 -8.218870e-02 
-3.250639e-03 -9.124863e-02 
-3.734698e-03 -7.152973e-02 
-1.777957e-03 -4.156018e-02 
-4.305892e-04 -1.429105e-02 
8.289333e-04 1.469685e-02 
7.038124e-04 2.742839e-02 
-1.759914e-05 -1.785791e-03 
-4.753445e-01 7.705131e-01 
-3.162637e-02 7.381315e-01 
2.065042e-02 4.528069e-01 
5.067992e-03 1.638747e-01 
-1.743171e-03 -1.422441e-02 
-6.467869e-03 -1.234318e-01 
-8.486622e-03 -1.594410e-01 
-4.662283e-03 -1.255060e-01 
-9.047174e-04 -9.326842e-02 
-2.324062e-01 -5.393262e-01 
-1.637154e-02 -4.346511e-01 
-1.401775e-02 -3.255835e-01 
-9.361781e-03 -1.986955e-01 
-1.144296e-03 -7.532099e-02 
3.099479e-03 3.770730e-02 
7.498994e-03 1.289769e-01 
8.115251e-03 1.775653e-01 
1.558485e-03 1.530561e-01 
-3.830724e-04 4.440491e-01 
-6.387295e-03 6.014739e-02 
-1.603266e-03 -3.607857e-02 
-1.574264e-03 3.171608e-02 
2.976750e-03 6.883347e-02 
2.380998e-03 6.706740e-02 
-2.977418e-03 1.295012e-02 
-1.071762e-02 -1.482338e-01 
-5.201449e-03 -3.781410e-01 
-7.649435e-01 -8.689971e-01 
-1.949555e-01 -1.109932e+00 
-4.420513e-02 -8.379349e-01 
-1.243205e-02 -3.522731e-01 
-6.737019e-05 -2.302389e-02 
6.455595e-03 1.835432e-01 
9.053554e-03 2.604109e-01 
3.621647e-03 1.546504e-01 
-1.050845e-03 -7.686920e-02 
-1.730637e-02 -2.114958e-01 
-1.847208e-02 -3.020717e-01 
-1.456887e-02 -2.689480e-01 
-3.896122e-03 -1.139391e-01 
-5.833584e-04 -2.128127e-02 
8.888425e-04 2.418220e-02 
3.403360e-06 3.053543e-02 
-3.454076e-03 -2.520567e-02 
-1.436295e-03 -1.458761e-01 
-6.565267e-01 8.282636e-01 
-1.352789e-02 6.660103e-01 
1.655355e-02 3.959402e-01 
5.858050e-03 1.835066e-01 
1.697277e-03 4.934019e-02 
-1.198786e-03 -3.408899e-02 
-1.490493e-03 -5.323150e-02 
1.107179e-03 5.490809e-03 
4.843643e-04 5.052257e-02 
