poroelastic
1.867755e-02 1.979296e-01 
3.343825e-02 2.411349e-01 
3.753268e-02 8.082387e-02 
-2.194391e-02 -2.235667e-01 
-2.225811e-02 -3.653482e-01 
-1.699190e-02 -3.869585e-01 
-7.397942e-03 -2.748462e-01 
-3.807564e-04 -6.142125e-02 
6.856194e-04 8.199668e-02 
-8.962739e-01 8.726852e-01 
-1.445477e-01 1.003756e+00 
7.875274e-03 6.648763e-01 
1.186493e-02 2.097371e-01 
-9.305055e-04 -4.461810e-02 
-2.211505e-03 -1.473617e-01 
3.207996e-03 -8.638516e-02 
2.033699e-03 1.077546e-01 
6.074156e-04 2.334555e-01 
-6.270651e-01 -5.455252e-01 
8.495196e-02 -3.531142e-01 
1.723836e-02 -3.650838e-01 
-3.201509e-02 -4.506047e-01 
-2.267561e-02 -4.345893e-01 
-1.396969e-02 -3.590595e-01 
-6.215953e-03 -2.307927e-01 
-9.240788e-04 -7.806884e-02 
2.804075e-05 4.772290e-03 
-5.522712e-01 6.103884e-01 
-3.289913e-02 5.703767e-01 
-2.910233e-03 4.724940e-01 
2.171706e-02 3.462017e-01 
1.202075e-02 2.596990e-01 
7.555612e-03 1.914721e-01 
4.001247e-03 1.329416e-01 
8.799268e-04 6.234859e-02 
-6.254521e-05 -7.665080e-03 
-1.062239e+00 -7.764740e-01 
-1.591995e-01 -9.236426e-01 
-1.866412e-02 -7.318822e-01 
-2.764521e-02 -5.068104e-01 
-1.526304e-02 -3.251143e-01 
-7.555058e-03 -1.816058e-01 
-3.692161e-03 -8.596633e-02 
-1.808864e-03 -7.180153e-02 
-8.957328e-04 -1.139868e-01 
3.482042e-03 3.450134e-02 
4.390583e-03 3.633423e-02 
2.855349e-03 -1.129174e-02 
-5.836500e-03 -9.971487e-02 
-4.536663e-03 -1.247052e-01 
-2.888974e-03 -1.126081e-01 
-1.696289e-04 -5.436752e-02 
1.006709e-03 3.335678e-02 
6.855299e-04 8.682359e-02 
-8.694026e-01 8.962738e-01 
-1.402896e-01 1.040755e+00 
9.056690e-03 7.329564e-01 
1.256387e-02 3.187109e-01 
2.005723e-03 5.676864e-02 
-1.995081e-03 -8.697401e-02 
-4.857365e-04 -9.712148e-02 
1.515646e-03 3.354300e-02 
1.507933e-03 1.688958e-01 
-6.890859e-01 -5.473280e-01 
2.638302e-02 -4.645467e-01 
-4.041451e-03 -4.744215e-01 
-2.423208e-02 -5.163604e-01 
-1.962767e-02 -4.772988e-01 
-1.286922e-02 -3.899594e-01 
-6.699904e-03 -2.587692e-01 
-1.537352e-03 -9.880373e-02 
1.416299e-04 1.413905e-02 
-5.471867e-01 5.721498e-01 
1.823782e-02 3.837466e-01 
5.092967e-03 3.143716e-01 
1.856379e-02 3.036345e-01 
1.035801e-02 2.931433e-01 
8.426410e-03 2.666747e-01 
5.903381e-03 2.161886e-01 
2.124528e-03 1.185398e-01 
2.176429e-04 1.844969e-02 
-1.029537e+00 -8.245689e-01 
-2.446256e-01 -1.074718e+00 
-4.650913e-02 -8.403220e-01 
-1.735765e-02 -4.785763e-01 
-8.191875e-03 -2.300015e-01 
-2.896462e-03 -7.160912e-02 
-1.458156e-03 -1.570477e-02 
-3.079699e-03 -8.872700e-02 
-2.650490e-03 -2.027684e-01 
-2.121028e-03 -7.379914e-02 
-3.638865e-03 -1.144681e-01 
-4.420382e-03 -1.243906e-01 
-2.998008e-03 -9.166341e-02 
-1.377783e-03 -5.436176e-02 
-4.034495e-04 -2.319342e-02 
4.276887e-04 7.616520e-03 
5.870337e-04 2.783561e-02 
2.825156e-04 2.400800e-02 
-8.344813e-01 8.777373e-01 
-9.498543e-02 8.992021e-01 
1.334175e-02 5.940716e-01 
9.279544e-03 2.855377e-01 
2.673732e-03 9.279466e-02 
1.310715e-04 -1.486031e-02 
7.390310e-04 -2.182057e-02 
2.066756e-03 7.499025e-02 
2.117859e-03 1.722150e-01 
-7.218524e-01 -6.189172e-01 
-4.489270e-02 -6.252995e-01 
-3.086735e-02 -5.833240e-01 
-1.223886e-02 -5.076382e-01 
-1.263663e-02 -4.159579e-01 
-8.290002e-03 -3.164776e-01 
-5.225381e-03 -2.136284e-01 
-2.463325e-03 -1.124174e-01 
-5.839506e-04 -4.540153e-02 
-5.706966e-01 5.755340e-01 
7.171898e-02 2.455857e-01 
2.086609e-02 2.341430e-01 
1.290977e-02 3.544748e-01 
7.362162e-03 4.006680e-01 
7.958046e-03 3.789070e-01 
6.110668e-03 2.784774e-01 
1.412735e-03 8.771575e-02 
-1.331254e-03 -8.377349e-02 
-1.105450e+00 -9.711569e-01 
-2.941459e-01 -1.312053e+00 
-5.891550e-02 -1.008340e+00 
-9.729495e-03 -4.586368e-01 
-1.952061e-03 -9.935650e-02 
2.129193e-03 1.073231e-01 
3.242254e-03 1.461975e-01 
-1.630673e-03 -1.326892e-02 
-3.173672e-03 -2.111135e-01 
-2.764223e-02 -2.307897e-01 
-2.475558e-02 -3.401996e-01 
-1.415934e-02 -3.145072e-01 
-2.294616e-03 -1.405420e-01 
-5.952625e-04 -3.440724e-02 
4.034180e-04 2.140802e-02 
6.275954e-04 3.462262e-02 
-2.399143e-04 2.379162e-03 
-5.954461e-04 -4.770059e-02 
-8.821747e-01 1.067966e+00 
-8.858299e-03 8.993453e-01 
2.121508e-02 5.468167e-01 
2.787173e-03 2.448102e-01 
6.302128e-04 4.772773e-02 
-1.728789e-03 -7.220028e-02 
-2.122812e-03 -9.141303e-02 
1.735479e-03 2.800135e-02 
2.726206e-03 1.679584e-01 
