poroelastic
2.164819e-02 -2.717269e-01 
1.045043e-03 -3.635462e-01 
-1.520306e-02 -2.629983e-01 
-3.355647e-03 -4.086818e-02 
6.670696e-03 8.074935e-02 
9.505747e-03 1.363143e-01 
4.464157e-03 1.145036e-01 
-4.591770e-03 -2.693698e-02 
-1.123438e-02 -2.476206e-01 
-5.201153e-02 -5.229130e-01 
-8.881335e-02 -4.494615e-01 
-5.959089e-02 -1.919467e-01 
2.111150e-02 1.001145e-01 
3.021442e-02 2.625818e-01 
3.162403e-02 3.370199e-01 
2.691155e-02 3.339839e-01 
1.275617e-02 2.458906e-01 
3.545296e-03 9.556143e-02 
-2.743173e-01 1.533604e-01 
5.416290e-02 -3.026933e-02 
3.173093e-02 -9.292176e-02 
-2.010858e-02 -1.060620e-01 
-2.124961e-02 -1.553427e-01 
-2.283831e-02 -2.098838e-01 
-2.617828e-02 -2.644878e-01 
-2.060242e-02 -3.241054e-01 
-1.526135e-02 -3.896642e-01 
-3.442330e-01 -2.797449e-01 
-5.032983e-02 -1.244396e-01 
-4.241797e-02 4.937820e-02 
2.942511e-02 1.856935e-01 
2.901162e-02 2.730512e-01 
3.044189e-02 3.215562e-01 
3.105166e-02 3.381135e-01 
2.192235e-02 3.413908e-01 
1.392460e-02 3.424977e-01 
1.293250e-01 2.920965e-01 
2.311227e-02 2.650561e-01 
1.842958e-02 1.934361e-01 
7.506509e-03 1.295704e-01 
4.076400e-04 5.656027e-02 
-5.617193e-03 -2.055603e-02 
-1.183436e-02 -1.069483e-01 
-1.200331e-02 -1.880615e-01 
-8.923384e-03 -2.321863e-01 
-6.853761e-03 -1.698363e-02 
-6.146360e-03 7.027587e-03 
-6.178598e-04 6.444391e-02 
1.118028e-02 1.161105e-01 
9.250262e-03 1.233357e-01 
6.397660e-03 1.026484e-01 
1.548663e-03 5.149680e-02 
-2.271358e-03 -2.528471e-02 
-3.756655e-03 -1.004142e-01 
-8.134900e-02 -4.361712e-01 
-7.691880e-02 -3.440945e-01 
-3.506598e-02 -1.424336e-01 
1.162035e-02 6.235911e-02 
1.930269e-02 1.872776e-01 
2.250133e-02 2.601372e-01 
2.282005e-02 2.866644e-01 
1.445963e-02 2.565595e-01 
6.942358e-03 1.821437e-01 
-2.199820e-01 1.762210e-01 
1.882499e-02 3.638119e-02 
1.757296e-02 -2.040160e-02 
-1.239683e-02 -5.078569e-02 
-1.605594e-02 -1.129883e-01 
-1.973595e-02 -1.866915e-01 
-2.570814e-02 -2.737399e-01 
-2.289315e-02 -3.688101e-01 
-1.684540e-02 -4.405355e-01 
-6.289999e-01 -2.053592e-01 
1.831993e-02 2.937535e-02 
-1.216335e-02 2.382212e-01 
4.766377e-02 3.526625e-01 
3.684494e-02 4.127950e-01 
3.485879e-02 4.260543e-01 
3.211166e-02 3.988096e-01 
2.187775e-02 3.722500e-01 
1.511668e-02 3.926589e-01 
1.044498e-01 3.342998e-01 
2.257177e-02 3.488951e-01 
1.721984e-02 2.570522e-01 
4.509459e-03 1.243828e-01 
-4.207272e-03 6.942642e-03 
-1.069794e-02 -9.952933e-02 
-1.651192e-02 -2.014208e-01 
-1.578376e-02 -2.682253e-01 
-9.873180e-03 -2.551811e-01 
1.237086e-03 7.931700e-02 
5.711542e-03 1.351331e-01 
1.118821e-02 1.684363e-01 
1.265275e-02 1.549256e-01 
8.291697e-03 1.242491e-01 
4.588438e-03 8.065715e-02 
3.098738e-04 2.084573e-02 
-1.931513e-03 -3.286430e-02 
-1.848212e-03 -5.040499e-02 
-3.498749e-01 -3.450757e-01 
-9.119415e-02 -1.494056e-01 
-5.727601e-03 6.084891e-02 
2.330067e-02 2.055468e-01 
2.311937e-02 2.827071e-01 
2.304435e-02 3.135184e-01 
2.144476e-02 3.015193e-01 
1.402660e-02 2.606836e-01 
8.444868e-03 2.266858e-01 
-2.110056e-01 2.318890e-01 
-1.017176e-02 1.319643e-01 
-8.028370e-04 3.775026e-02 
-1.260259e-02 -7.931972e-02 
-1.944030e-02 -1.888808e-01 
-2.321607e-02 -2.836951e-01 
-2.745717e-02 -3.659358e-01 
-2.321663e-02 -4.113905e-01 
-1.436808e-02 -3.876684e-01 
-8.213617e-01 -5.962391e-02 
1.441665e-01 2.115084e-01 
3.618655e-02 4.064926e-01 
4.252905e-02 4.320349e-01 
2.967596e-02 4.288779e-01 
2.677800e-02 3.945751e-01 
2.433413e-02 3.382685e-01 
2.002391e-02 3.358451e-01 
1.765209e-02 4.515912e-01 
2.063592e-01 3.906898e-01 
5.846141e-02 4.923710e-01 
1.930021e-02 3.982441e-01 
6.798916e-03 1.796974e-01 
-2.409045e-03 8.305413e-03 
-9.772092e-03 -1.342339e-01 
-1.621640e-02 -2.591405e-01 
-1.639810e-02 -3.042789e-01 
-7.173630e-03 -1.883196e-01 
3.272718e-02 1.839866e-01 
3.520966e-02 2.758465e-01 
3.187545e-02 2.872290e-01 
1.401553e-02 2.146300e-01 
8.845328e-03 1.527542e-01 
5.218899e-03 9.250657e-02 
2.033763e-03 2.844943e-02 
1.055368e-03 8.124230e-03 
2.683530e-03 7.835026e-02 
-6.933522e-02 -2.219167e-01 
-9.159570e-03 -4.812578e-02 
1.044647e-02 6.307420e-02 
5.456693e-03 9.698072e-02 
5.303096e-03 1.002890e-01 
4.698988e-03 8.823496e-02 
3.270609e-03 5.830047e-02 
1.169050e-03 2.066792e-02 
5.820372e-04 1.475149e-02 
