poroelastic
7.003877e-02 -9.488757e-02 
6.658518e-02 -1.739845e-01 
4.075874e-02 -2.722186e-01 
-5.235287e-02 -3.813746e-01 
-4.397373e-02 -4.100922e-01 
-3.180924e-02 -3.592539e-01 
-1.795087e-02 -2.296799e-01 
-5.396215e-03 -9.684571e-02 
-2.191976e-03 -1.190042e-01 
-7.550856e-01 3.587565e-01 
-1.617999e-01 4.539425e-01 
-2.582715e-02 3.421884e-01 
3.442286e-02 1.933815e-01 
2.158443e-02 1.226821e-01 
2.010063e-02 1.182790e-01 
2.486905e-02 1.960435e-01 
1.317044e-02 3.123059e-01 
3.782222e-03 2.921675e-01 
-8.151969e-01 -4.088993e-01 
1.294598e-01 -4.373959e-01 
3.514491e-02 -4.696770e-01 
-7.096674e-02 -5.109858e-01 
-5.803753e-02 -5.084542e-01 
-4.405611e-02 -4.644211e-01 
-3.392306e-02 -3.918662e-01 
-1.625164e-02 -3.255712e-01 
-5.292407e-03 -3.321838e-01 
-6.402647e-01 3.255337e-01 
-5.468926e-02 3.237663e-01 
-2.454716e-02 3.445746e-01 
5.415216e-02 3.428531e-01 
3.802965e-02 3.573915e-01 
3.353551e-02 3.625654e-01 
2.840683e-02 3.459135e-01 
1.296706e-02 2.805669e-01 
3.504001e-03 1.961716e-01 
-9.691578e-01 -5.486934e-01 
-1.820284e-01 -8.243113e-01 
-3.361043e-02 -7.110677e-01 
-5.494869e-02 -4.935764e-01 
-3.302938e-02 -3.295267e-01 
-1.940564e-02 -2.029220e-01 
-1.379232e-02 -1.324696e-01 
-9.443464e-03 -1.598903e-01 
-4.223109e-03 -2.385544e-01 
8.261942e-03 -9.240391e-02 
2.544314e-03 -1.251963e-01 
-3.800715e-03 -1.244585e-01 
-1.286890e-02 -1.246068e-01 
-7.898318e-03 -1.050652e-01 
-4.000555e-03 -7.113409e-02 
7.207630e-05 -1.775784e-02 
1.253710e-03 2.928359e-02 
3.451697e-04 2.182746e-02 
-7.474456e-01 5.503033e-01 
-1.240726e-01 6.536885e-01 
6.895629e-03 4.763146e-01 
2.743518e-02 2.427331e-01 
1.254332e-02 1.044060e-01 
8.472678e-03 4.403908e-02 
1.253890e-02 7.610681e-02 
9.907735e-03 1.871584e-01 
4.275842e-03 2.550765e-01 
-8.768007e-01 -4.638423e-01 
3.164756e-02 -5.931227e-01 
-9.639378e-03 -6.446165e-01 
-7.130166e-02 -6.480846e-01 
-5.780931e-02 -5.935052e-01 
-4.128440e-02 -4.987692e-01 
-2.949639e-02 -3.889709e-01 
-1.468510e-02 -3.038275e-01 
-4.862604e-03 -2.725478e-01 
-8.112074e-01 3.677394e-01 
1.746570e-02 2.219058e-01 
-8.381748e-03 2.756503e-01 
6.658009e-02 3.880046e-01 
4.442598e-02 4.850633e-01 
4.157915e-02 5.302621e-01 
3.483631e-02 5.008997e-01 
1.583856e-02 3.685772e-01 
4.639172e-03 2.378639e-01 
-1.035891e+00 -6.422252e-01 
-3.043791e-01 -1.005697e+00 
-8.101189e-02 -8.575933e-01 
-5.093533e-02 -5.232275e-01 
-2.745531e-02 -2.924304e-01 
-1.518687e-02 -1.475484e-01 
-1.335496e-02 -1.144867e-01 
-1.398318e-02 -2.286078e-01 
-7.261204e-03 -3.581621e-01 
-4.023982e-03 -1.504817e-01 
-1.114247e-02 -2.193811e-01 
-1.511000e-02 -2.105286e-01 
-1.046323e-02 -1.308144e-01 
-3.742653e-03 -6.141262e-02 
-2.159563e-04 -8.657486e-03 
1.203738e-03 2.508123e-02 
3.619699e-04 1.874029e-02 
-2.700354e-04 -1.573980e-02 
-9.283988e-01 6.444436e-01 
-1.134905e-01 6.557140e-01 
1.822522e-02 4.555966e-01 
3.555600e-02 2.883588e-01 
1.989223e-02 2.051262e-01 
1.699065e-02 1.757479e-01 
1.941263e-02 2.070227e-01 
1.267588e-02 2.807525e-01 
5.631698e-03 3.277011e-01 
-9.643664e-01 -5.617234e-01 
-7.722790e-02 -7.554759e-01 
-6.401865e-02 -7.749252e-01 
-6.161371e-02 -6.953472e-01 
-5.177885e-02 -5.933795e-01 
-3.594082e-02 -4.817603e-01 
-2.708007e-02 -3.898084e-01 
-1.631142e-02 -3.440541e-01 
-5.588564e-03 -3.166935e-01 
-9.542192e-01 5.167481e-01 
1.253088e-01 2.043003e-01 
3.450448e-02 2.911731e-01 
6.540723e-02 4.925746e-01 
4.220081e-02 6.220570e-01 
4.007203e-02 6.531912e-01 
3.064804e-02 5.534110e-01 
1.237002e-02 3.140033e-01 
2.828915e-03 1.378594e-01 
-1.126445e+00 -8.278925e-01 
-3.820742e-01 -1.260485e+00 
-1.161993e-01 -1.022860e+00 
-3.817364e-02 -4.939312e-01 
-1.063231e-02 -1.374945e-01 
-2.078360e-04 6.084925e-02 
-1.959657e-03 6.262267e-02 
-1.143145e-02 -1.686556e-01 
-7.208885e-03 -3.793992e-01 
-3.446563e-02 -2.988031e-01 
-3.932340e-02 -4.328721e-01 
-2.584063e-02 -3.786171e-01 
-5.016724e-03 -1.303617e-01 
3.108003e-03 2.994699e-02 
6.824500e-03 1.203304e-01 
6.149232e-03 1.381399e-01 
1.633136e-03 6.655725e-02 
-2.789289e-04 -1.897022e-02 
-7.530020e-01 1.022400e+00 
2.558498e-02 7.709789e-01 
3.327138e-02 4.126125e-01 
8.806264e-03 1.393636e-01 
-7.082481e-04 -2.417570e-02 
-3.718107e-03 -1.022830e-01 
9.436556e-04 -6.827244e-02 
5.928323e-03 8.853907e-02 
3.627094e-03 2.243991e-01 
