poroelastic
3.564893e-02 1.568374e-01 
5.266425e-02 1.823997e-01 
5.196126e-02 2.436644e-02 
-3.588519e-02 -2.670767e-01 
-3.653762e-02 -3.978147e-01 
-2.816011e-02 -4.056598e-01 
-1.341421e-02 -2.832149e-01 
-7.868169e-04 -7.060249e-02 
4.451252e-04 5.684446e-02 
-8.448627e-01 7.839949e-01 
-1.388504e-01 9.105681e-01 
1.294802e-02 6.084426e-01 
1.770137e-02 1.921253e-01 
-2.247400e-05 -3.253418e-02 
-2.305981e-03 -1.177245e-01 
5.925018e-03 -5.455177e-02 
5.887928e-03 1.259788e-01 
8.048961e-04 2.314043e-01 
-6.142355e-01 -5.135146e-01 
9.858626e-02 -3.477071e-01 
2.432811e-02 -3.574403e-01 
-4.602041e-02 -4.392179e-01 
-3.610771e-02 -4.263149e-01 
-2.367287e-02 -3.538760e-01 
-1.285370e-02 -2.367165e-01 
-3.249047e-03 -1.055733e-01 
-2.763310e-04 -4.160092e-02 
-5.187962e-01 5.629098e-01 
-3.186991e-02 5.048706e-01 
-2.285814e-03 4.097475e-01 
3.024574e-02 2.881664e-01 
1.726503e-02 2.250577e-01 
1.210036e-02 1.817007e-01 
7.629125e-03 1.428038e-01 
1.855271e-03 7.530226e-02 
-4.943473e-05 -5.567363e-03 
-1.010004e+00 -7.413509e-01 
-1.590814e-01 -9.148871e-01 
-2.584633e-02 -7.362793e-01 
-4.420757e-02 -5.129049e-01 
-2.485756e-02 -3.297976e-01 
-1.216349e-02 -1.803147e-01 
-6.022805e-03 -7.826615e-02 
-3.675287e-03 -6.474006e-02 
-1.097129e-03 -1.137812e-01 
8.247374e-03 1.214093e-02 
8.904134e-03 9.201128e-03 
4.909275e-03 -3.609299e-02 
-1.192457e-02 -1.241321e-01 
-9.443724e-03 -1.466464e-01 
-6.231128e-03 -1.299539e-01 
-9.200245e-04 -6.554849e-02 
1.887767e-03 2.641235e-02 
6.196124e-04 7.778754e-02 
-8.232057e-01 8.650458e-01 
-1.192317e-01 9.830727e-01 
2.137410e-02 6.773239e-01 
1.860309e-02 2.693954e-01 
1.499627e-03 2.437936e-02 
-4.236322e-03 -1.016381e-01 
-4.264736e-04 -9.650434e-02 
3.589549e-03 3.921057e-02 
1.490200e-03 1.669939e-01 
-6.841195e-01 -5.489760e-01 
3.433235e-02 -5.035894e-01 
-3.470087e-03 -5.167592e-01 
-4.434415e-02 -5.460640e-01 
-3.546636e-02 -4.889794e-01 
-2.239614e-02 -3.807215e-01 
-1.151577e-02 -2.394232e-01 
-2.751280e-03 -9.580073e-02 
-1.196383e-04 -1.185613e-02 
-5.408647e-01 5.607924e-01 
1.595473e-02 3.346932e-01 
7.382983e-04 2.633466e-01 
3.053423e-02 2.595665e-01 
1.837547e-02 2.793740e-01 
1.591351e-02 2.793379e-01 
1.153769e-02 2.409174e-01 
3.351638e-03 1.262010e-01 
-5.631903e-05 -4.542183e-03 
-1.032703e+00 -8.274377e-01 
-2.633874e-01 -1.116383e+00 
-6.371877e-02 -8.954287e-01 
-3.604892e-02 -5.236875e-01 
-1.680437e-02 -2.584135e-01 
-5.923425e-03 -8.046210e-02 
-3.307216e-03 -7.935147e-03 
-5.973631e-03 -8.084512e-02 
-2.862626e-03 -2.081751e-01 
2.961610e-04 -1.041620e-01 
-4.318402e-03 -1.594985e-01 
-9.110993e-03 -1.751818e-01 
-9.248522e-03 -1.405926e-01 
-4.563523e-03 -9.142999e-02 
-1.589096e-03 -4.446218e-02 
8.914596e-04 4.125571e-03 
1.162725e-03 3.288574e-02 
2.493776e-04 2.324701e-02 
-8.282691e-01 8.899278e-01 
-8.490117e-02 8.826943e-01 
2.165721e-02 5.646666e-01 
1.755519e-02 2.516434e-01 
4.838011e-03 7.431668e-02 
9.363101e-04 -1.570066e-02 
3.271136e-03 -8.013424e-03 
4.447883e-03 8.789231e-02 
1.825380e-03 1.701868e-01 
-7.530408e-01 -6.552736e-01 
-4.143870e-02 -6.921758e-01 
-3.859173e-02 -6.533459e-01 
-3.281098e-02 -5.574897e-01 
-2.723650e-02 -4.371917e-01 
-1.606964e-02 -3.073826e-01 
-9.207711e-03 -1.889343e-01 
-4.196226e-03 -1.065006e-01 
-8.390701e-04 -7.425667e-02 
-5.640613e-01 5.898618e-01 
6.404540e-02 1.908119e-01 
1.465907e-02 1.674568e-01 
2.841824e-02 3.052382e-01 
1.808647e-02 3.919740e-01 
1.765624e-02 4.045501e-01 
1.192077e-02 3.193529e-01 
1.273791e-03 1.015353e-01 
-1.697820e-03 -1.163506e-01 
-1.155236e+00 -1.012660e+00 
-3.440644e-01 -1.413413e+00 
-9.193959e-02 -1.115671e+00 
-2.647416e-02 -5.271673e-01 
-5.231419e-03 -1.260947e-01 
4.179688e-03 1.152597e-01 
4.832589e-03 1.725375e-01 
-4.096862e-03 -4.793967e-03 
-3.287990e-03 -2.408148e-01 
-2.909120e-02 -2.801852e-01 
-3.191036e-02 -4.086415e-01 
-2.420265e-02 -3.769372e-01 
-7.415969e-03 -1.713138e-01 
-1.302410e-03 -3.698986e-02 
1.618482e-03 4.044059e-02 
2.001723e-03 6.759762e-02 
-2.945020e-04 2.431776e-02 
-5.728101e-04 -5.871464e-02 
-8.541152e-01 1.139096e+00 
7.047300e-03 9.076991e-01 
2.962218e-02 5.156965e-01 
8.049256e-03 1.903199e-01 
-2.234338e-04 -6.033911e-03 
-4.045807e-03 -1.120783e-01 
-1.450461e-03 -1.028550e-01 
4.057571e-03 4.392109e-02 
1.910066e-03 1.833492e-01 
