poroelastic
6.177748e-02 -2.718163e-01 
3.866692e-02 -3.789068e-01 
9.246044e-03 -3.367379e-01 
-3.347688e-02 -2.168553e-01 
-2.181760e-02 -1.466307e-01 
-1.363806e-02 -8.613026e-02 
-1.200567e-02 -4.384367e-02 
-1.083162e-02 -7.732573e-02 
-8.474940e-03 -2.390885e-01 
-4.405844e-01 -2.090017e-01 
-1.657265e-01 -1.055792e-01 
-7.188587e-02 4.953486e-02 
4.666575e-02 1.933732e-01 
4.460870e-02 2.693732e-01 
4.311783e-02 3.073875e-01 
4.195888e-02 3.292296e-01 
2.249852e-02 3.265290e-01 
6.567360e-03 2.236752e-01 
-5.624181e-01 -1.269225e-01 
1.105446e-01 -2.683390e-01 
4.972350e-02 -2.895474e-01 
-5.592094e-02 -2.935158e-01 
-5.494657e-02 -3.287306e-01 
-4.973269e-02 -3.553811e-01 
-5.004573e-02 -3.733999e-01 
-3.314646e-02 -3.900000e-01 
-1.363757e-02 -4.297257e-01 
-5.804532e-01 -4.378577e-02 
-8.040232e-02 4.723330e-02 
-5.771184e-02 1.990347e-01 
6.832136e-02 3.019638e-01 
5.481390e-02 3.802942e-01 
5.353653e-02 4.193119e-01 
5.069267e-02 4.112863e-01 
2.916722e-02 3.665564e-01 
1.058035e-02 3.221118e-01 
-4.182405e-01 -1.383824e-01 
-8.516677e-02 -3.171891e-01 
-7.719433e-03 -2.741889e-01 
-2.833246e-02 -1.593358e-01 
-2.000095e-02 -1.060888e-01 
-1.655944e-02 -8.843470e-02 
-2.024112e-02 -1.194983e-01 
-1.923508e-02 -2.097533e-01 
-9.558987e-03 -2.950569e-01 
-2.051841e-03 -1.081694e-01 
-8.523263e-03 -1.137296e-01 
-6.338979e-03 -4.418597e-02 
3.770303e-03 2.268914e-02 
5.083934e-03 4.819327e-02 
4.209246e-03 5.192633e-02 
1.138666e-03 3.670854e-02 
-1.645874e-03 -2.077155e-03 
-1.917791e-03 -6.657418e-02 
-4.816350e-01 -1.253079e-02 
-1.310249e-01 9.480588e-02 
-2.980542e-02 1.549895e-01 
3.780180e-02 1.894234e-01 
3.153043e-02 2.077267e-01 
3.011349e-02 2.225737e-01 
3.194117e-02 2.455372e-01 
1.971825e-02 2.701407e-01 
7.227706e-03 2.477800e-01 
-5.946928e-01 -1.939568e-01 
3.032588e-02 -3.744763e-01 
8.510665e-03 -4.005852e-01 
-6.225751e-02 -3.709990e-01 
-5.650382e-02 -3.600311e-01 
-4.762131e-02 -3.489414e-01 
-4.651612e-02 -3.584472e-01 
-3.236088e-02 -4.056473e-01 
-1.349575e-02 -4.544617e-01 
-9.181295e-01 5.279561e-02 
4.953291e-03 8.015667e-02 
-3.097959e-02 2.818886e-01 
1.066021e-01 4.568235e-01 
7.461179e-02 5.828116e-01 
7.024488e-02 6.270925e-01 
6.030428e-02 5.762865e-01 
3.060139e-02 4.436267e-01 
1.082362e-02 3.524670e-01 
-5.353066e-01 -2.138752e-01 
-1.750051e-01 -4.423648e-01 
-4.384382e-02 -3.874146e-01 
-3.763069e-02 -2.202435e-01 
-2.449035e-02 -1.330291e-01 
-1.980908e-02 -1.060996e-01 
-2.495646e-02 -1.612521e-01 
-2.571228e-02 -3.049951e-01 
-1.239318e-02 -4.005168e-01 
-6.787395e-03 -9.466158e-02 
-1.122693e-02 -1.115940e-01 
-6.844873e-03 -5.549379e-02 
5.563973e-03 3.107980e-02 
7.580253e-03 7.548156e-02 
6.597077e-03 8.577888e-02 
1.970601e-03 5.607593e-02 
-2.021467e-03 -1.266065e-02 
-1.872367e-03 -7.162210e-02 
-8.247898e-01 1.579295e-01 
-1.399947e-01 2.549165e-01 
6.068601e-04 2.902061e-01 
6.350479e-02 3.249163e-01 
4.585260e-02 3.494940e-01 
4.174962e-02 3.586975e-01 
3.924543e-02 3.549766e-01 
2.118273e-02 3.374190e-01 
8.039885e-03 3.154032e-01 
-6.965371e-01 -2.531093e-01 
-5.744015e-02 -4.678016e-01 
-4.476757e-02 -5.011467e-01 
-6.901726e-02 -4.608185e-01 
-6.277691e-02 -4.324704e-01 
-5.056366e-02 -4.091355e-01 
-4.729380e-02 -4.192634e-01 
-3.253809e-02 -4.666255e-01 
-1.186118e-02 -4.650016e-01 
-1.182241e+00 2.909791e-01 
1.640158e-01 1.961289e-01 
4.035518e-02 4.138734e-01 
1.166920e-01 6.025115e-01 
7.555965e-02 7.145107e-01 
6.839098e-02 7.185443e-01 
5.282422e-02 5.952708e-01 
2.456542e-02 3.901405e-01 
8.951939e-03 3.226043e-01 
-6.174778e-01 -3.301181e-01 
-2.407629e-01 -5.825767e-01 
-8.106235e-02 -4.744509e-01 
-3.491163e-02 -2.164619e-01 
-1.414350e-02 -5.968728e-02 
-9.273606e-03 -4.368104e-03 
-1.644970e-02 -9.041393e-02 
-2.370909e-02 -3.146657e-01 
-1.080799e-02 -4.174703e-01 
-1.446818e-02 -1.411453e-01 
-1.802095e-02 -1.862369e-01 
-1.415255e-04 -1.049226e-01 
1.698441e-02 8.606254e-02 
1.908302e-02 1.901198e-01 
1.805145e-02 2.227337e-01 
1.127500e-02 1.750550e-01 
2.258685e-03 6.083061e-02 
-1.427757e-04 -7.146751e-03 
-5.207217e-01 5.274540e-01 
1.771040e-02 4.064844e-01 
3.236149e-02 2.565215e-01 
1.811584e-02 1.543541e-01 
7.991339e-03 7.497917e-02 
4.106260e-03 2.601267e-02 
5.740601e-03 2.509318e-02 
5.668807e-03 8.068012e-02 
2.438345e-03 1.243486e-01 
