poroelastic
-5.218496e-02 2.400030e-01 
-4.530803e-02 3.572416e-01 
-2.909331e-02 3.495254e-01 
2.553951e-03 2.249468e-01 
2.413904e-03 1.385823e-01 
1.228816e-03 7.326780e-02 
8.151875e-04 3.086112e-02 
1.877313e-03 6.932823e-02 
3.308654e-03 2.119312e-01 
-7.600417e-02 4.723961e-01 
2.480021e-02 5.011794e-01 
3.281943e-02 3.313663e-01 
2.339030e-03 6.254725e-02 
-2.819741e-03 -1.241867e-01 
-4.885155e-03 -2.577977e-01 
-5.834890e-03 -3.456360e-01 
-3.447250e-03 -3.395370e-01 
-1.852301e-03 -2.122190e-01 
5.118550e-01 -1.109001e-01 
-9.451646e-02 1.331528e-01 
-4.203456e-02 2.561190e-01 
2.996488e-04 2.746717e-01 
2.867020e-03 2.923232e-01 
2.390107e-03 3.009804e-01 
3.209321e-03 3.055983e-01 
5.193390e-03 3.432295e-01 
4.892640e-03 4.285902e-01 
2.072619e-01 2.493618e-01 
3.032368e-02 1.325116e-01 
2.764718e-02 2.015912e-02 
3.429068e-03 -8.511752e-02 
1.359108e-03 -1.710117e-01 
-6.719465e-04 -2.383744e-01 
-3.458637e-03 -2.930439e-01 
-6.038732e-03 -3.323184e-01 
-4.688194e-03 -3.472213e-01 
1.006648e-01 -3.257697e-01 
2.990181e-02 -1.879409e-01 
-8.892745e-03 -3.132867e-02 
-3.228459e-03 8.092203e-02 
1.831994e-04 1.466659e-01 
8.529887e-04 1.818108e-01 
1.548335e-03 1.912463e-01 
3.136084e-03 1.811319e-01 
2.123972e-03 1.626221e-01 
-5.276778e-03 6.216399e-02 
-4.051571e-03 9.080014e-02 
-2.475238e-03 9.590907e-02 
2.424942e-04 7.380711e-02 
3.985732e-04 4.890542e-02 
3.713821e-04 2.112864e-02 
-2.092433e-05 -9.190971e-03 
-4.201347e-04 -2.428346e-02 
-1.682486e-04 -1.204747e-02 
-7.792717e-02 3.673903e-01 
8.278851e-03 3.507795e-01 
1.045274e-02 2.247334e-01 
5.851337e-03 7.614108e-02 
2.917340e-03 -3.953918e-02 
1.351313e-03 -1.337629e-01 
-1.295074e-03 -2.126000e-01 
-4.335008e-03 -2.489316e-01 
-3.163390e-03 -2.209122e-01 
4.326292e-01 -1.877784e-01 
-3.120163e-02 2.396831e-02 
-1.787255e-02 1.739862e-01 
-1.098639e-02 2.606245e-01 
-3.083756e-03 3.139016e-01 
-1.707954e-03 3.387923e-01 
8.759860e-04 3.407646e-01 
6.284578e-03 3.458194e-01 
5.371477e-03 3.681834e-01 
3.506717e-01 2.164395e-01 
-5.649853e-03 2.933420e-02 
1.169729e-02 -8.115179e-02 
6.041556e-03 -1.430861e-01 
6.839498e-03 -2.075586e-01 
4.474145e-03 -2.644239e-01 
6.155471e-04 -3.169147e-01 
-6.804104e-03 -3.763412e-01 
-7.183971e-03 -4.441117e-01 
4.120784e-02 -3.949398e-01 
4.210292e-02 -3.221126e-01 
7.273444e-03 -1.411653e-01 
-9.060528e-03 5.289780e-02 
-4.150544e-03 1.688368e-01 
-2.418584e-03 2.366902e-01 
2.156050e-04 2.638027e-01 
5.104915e-03 2.381221e-01 
2.822028e-03 1.567434e-01 
3.965501e-04 -4.782953e-02 
6.421073e-04 -5.855652e-02 
-1.068084e-05 -2.604305e-02 
-1.210155e-03 3.183828e-02 
-6.590808e-04 5.621485e-02 
8.901851e-05 6.153947e-02 
7.070929e-04 5.020517e-02 
3.016687e-04 1.822805e-02 
-5.641558e-04 -3.215698e-02 
8.042420e-02 3.484231e-01 
3.954452e-02 2.568492e-01 
4.454194e-03 1.254236e-01 
9.479684e-03 1.563411e-02 
7.559964e-03 -8.314024e-02 
5.872466e-03 -1.712597e-01 
1.856699e-03 -2.510265e-01 
-6.059621e-03 -3.084296e-01 
-6.064018e-03 -3.364656e-01 
3.936365e-01 -2.621475e-01 
2.210874e-02 -9.501280e-02 
9.631048e-03 8.490080e-02 
-2.486580e-02 2.487527e-01 
-1.049101e-02 3.484772e-01 
-7.395501e-03 4.023900e-01 
-1.775461e-03 4.183958e-01 
8.805495e-03 4.044154e-01 
6.441221e-03 3.584568e-01 
4.812389e-01 1.107705e-01 
-6.948538e-02 -1.473406e-01 
-9.549954e-03 -2.337445e-01 
1.483688e-02 -2.049558e-01 
1.339901e-02 -2.131188e-01 
1.004144e-02 -2.310383e-01 
5.437263e-03 -2.583742e-01 
-7.638517e-03 -3.316351e-01 
-9.994191e-03 -4.771945e-01 
-1.708660e-01 -4.590499e-01 
-3.293435e-03 -4.826625e-01 
1.478801e-02 -3.094432e-01 
-7.653760e-03 -5.847333e-02 
-6.952099e-03 9.528643e-02 
-5.324235e-03 1.919182e-01 
-1.134135e-03 2.435713e-01 
5.343038e-03 2.168660e-01 
1.458072e-03 6.844873e-02 
-9.715799e-03 -1.241463e-01 
-5.257251e-03 -1.579617e-01 
-8.000105e-04 -1.022340e-01 
1.355268e-03 1.354549e-03 
1.140563e-03 4.159588e-02 
2.276154e-03 4.665284e-02 
2.660785e-03 2.239583e-02 
-1.571905e-03 -4.573312e-02 
-3.431028e-03 -1.735776e-01 
-2.268119e-01 2.353759e-01 
-1.395635e-02 1.488432e-01 
1.664674e-03 1.040497e-01 
-5.100288e-03 1.195907e-01 
-1.431688e-03 1.054475e-01 
9.272268e-04 7.605683e-02 
1.809500e-03 3.393925e-02 
-7.135844e-04 -1.581683e-02 
-2.020131e-03 -8.338574e-02 
