poroelastic
-1.187767e-02 9.294848e-02 
-1.201851e-02 1.441467e-01 
-8.282842e-03 1.392455e-01 
-1.416105e-03 7.375017e-02 
-4.357530e-04 2.557823e-02 
-6.546528e-04 -7.415726e-03 
-1.380566e-03 -2.209368e-02 
-1.085039e-03 -1.504839e-02 
-7.600547e-04 -1.139512e-02 
-8.841743e-04 -8.292455e-03 
-9.928891e-04 -4.047678e-03 
1.253284e-04 1.146335e-03 
1.558928e-04 4.972321e-03 
2.341453e-04 7.250937e-03 
9.610454e-04 7.369467e-03 
1.657651e-03 5.092694e-03 
1.225705e-03 2.170671e-03 
1.351179e-03 -1.084930e-03 
1.768500e-03 -4.017663e-03 
9.272535e-04 -5.568331e-03 
6.742338e-04 -5.472494e-03 
7.792593e-04 -3.823362e-03 
1.478691e-03 -1.047364e-03 
1.521950e-03 2.735618e-03 
9.988523e-04 6.803961e-03 
9.905236e-04 1.054119e-02 
-5.961084e-04 1.511448e-02 
-3.109678e-03 1.458672e-02 
-2.093625e-03 3.607262e-03 
-2.308962e-03 -1.053948e-02 
-2.900566e-03 -2.604468e-02 
-5.196074e-04 -2.916528e-02 
4.928810e-05 -7.711875e-03 
4.798457e-04 3.068264e-02 
2.743431e-03 8.976360e-02 
1.723078e-03 1.395582e-01 
-2.555811e-03 1.269233e-01 
-4.007295e-03 7.503950e-02 
-5.541075e-04 -1.847391e-02 
6.226161e-03 -1.189156e-01 
-1.323481e-01 -4.652736e-01 
8.548318e-03 -4.383132e-01 
-1.727536e-03 -2.585096e-01 
-1.019080e-02 -7.787220e-02 
-7.376334e-03 1.597226e-02 
-6.184868e-03 6.129654e-02 
-5.426723e-03 6.459151e-02 
6.184844e-04 3.370637e-02 
1.179355e-03 8.298713e-03 
4.727393e-04 -1.474420e-02 
1.272765e-04 -3.502367e-02 
1.551270e-03 -4.426632e-02 
1.178723e-03 -4.050569e-02 
1.844297e-03 -2.491315e-02 
3.361439e-03 3.779209e-03 
3.400093e-03 3.575005e-02 
2.469380e-03 4.619988e-02 
2.332112e-03 3.861697e-02 
2.795492e-03 1.082769e-02 
2.345559e-03 -2.857850e-02 
2.102307e-03 -4.644846e-02 
2.584471e-03 -4.631189e-02 
3.831065e-03 -2.592827e-02 
3.334327e-03 9.635209e-03 
1.856502e-03 3.054420e-02 
1.611701e-03 3.913375e-02 
-3.819176e-04 3.422431e-02 
-4.396448e-03 1.331118e-02 
-2.957720e-03 -9.379428e-03 
-3.060340e-03 -3.018233e-02 
-5.324202e-03 -4.716451e-02 
-3.929882e-03 -4.993881e-02 
-2.337785e-03 -2.937841e-02 
-2.730978e-03 9.519171e-03 
8.579812e-04 7.241382e-02 
8.352808e-03 1.464892e-01 
2.894428e-03 1.724336e-01 
1.221494e-05 1.667173e-01 
-2.106117e-03 1.295816e-01 
-2.321296e-03 6.979596e-02 
-1.816272e-01 3.343014e-01 
-1.149691e-02 3.201703e-01 
-8.347863e-04 2.343214e-01 
-6.373495e-04 1.190853e-01 
-2.278385e-04 4.489780e-02 
1.821664e-05 -3.542934e-03 
7.302916e-05 -2.595287e-02 
-2.092291e-04 -1.980811e-02 
-3.338105e-04 -1.610340e-02 
-4.620861e-04 -1.101561e-02 
-3.946247e-04 -1.348451e-03 
2.714123e-04 1.151269e-02 
3.701183e-04 1.785322e-02 
3.560025e-04 1.832357e-02 
2.300615e-04 1.190841e-02 
3.849524e-05 6.917910e-04 
-3.063627e-05 -6.024590e-03 
-4.404375e-06 -8.774303e-03 
9.989992e-05 -6.522498e-03 
1.008821e-04 -1.375676e-04 
5.705045e-05 3.559158e-03 
3.316825e-05 5.113525e-03 
3.810374e-05 3.816074e-03 
4.346006e-05 5.307091e-04 
4.367163e-05 -5.010316e-04 
4.106057e-05 -5.820071e-06 
-6.097784e-05 3.202827e-03 
-1.599989e-04 6.305148e-03 
-6.740288e-05 3.653735e-03 
-1.023417e-05 -8.505614e-04 
-2.380711e-05 -6.745929e-03 
-6.103455e-05 -1.070808e-02 
-6.666043e-05 -6.603652e-03 
-3.763671e-05 4.101375e-03 
1.592932e-04 2.480211e-02 
4.745900e-05 4.561717e-02 
-2.774920e-04 3.817224e-02 
-4.527049e-04 1.362598e-02 
-1.027207e-04 -2.798190e-02 
7.842587e-04 -6.961522e-02 
-5.526209e-02 -3.426815e-01 
4.848677e-03 -3.181864e-01 
5.560328e-03 -2.013920e-01 
-3.550128e-03 -4.843545e-02 
-3.379330e-03 3.494938e-02 
-3.504398e-03 7.566698e-02 
-4.374972e-03 7.360152e-02 
-1.907348e-03 3.308693e-02 
-1.511562e-03 1.851581e-03 
-2.320482e-03 -2.277645e-02 
-2.326929e-03 -3.804831e-02 
1.191295e-03 -3.640568e-02 
1.225469e-03 -2.779006e-02 
1.916007e-03 -1.235989e-02 
3.004639e-03 1.060502e-02 
1.912314e-03 3.271054e-02 
1.317383e-03 3.873328e-02 
1.251458e-03 3.088360e-02 
1.715823e-03 7.516004e-03 
1.649486e-03 -2.358998e-02 
1.527680e-03 -3.792692e-02 
1.898683e-03 -3.781352e-02 
2.374636e-03 -2.116730e-02 
1.209842e-03 7.193918e-03 
4.447826e-04 2.408824e-02 
3.506589e-04 3.118374e-02 
-4.704554e-04 2.730341e-02 
-1.896182e-03 1.107871e-02 
-1.055374e-03 -6.005445e-03 
-9.939068e-04 -2.158581e-02 
-2.485879e-03 -3.427813e-02 
-2.598350e-03 -3.930538e-02 
-1.853228e-03 -3.209737e-02 
-2.554737e-03 -1.391445e-02 
-2.255422e-03 1.964522e-02 
2.123787e-03 6.845169e-02 
1.365866e-03 1.002426e-01 
1.247607e-03 1.209441e-01 
1.041011e-03 1.322330e-01 
3.469199e-04 1.292837e-01 
-2.974680e-01 4.553036e-01 
-1.595129e-02 4.248489e-01 
1.795279e-03 2.700333e-01 
-2.830462e-03 1.315721e-01 
-2.168234e-03 4.962230e-02 
-1.109741e-03 -1.461041e-03 
9.540661e-04 -2.630140e-02 
2.637921e-03 -2.615104e-02 
1.913407e-03 -2.393700e-02 
1.641168e-03 -1.649812e-02 
1.551299e-03 9.915504e-04 
4.305737e-04 2.620667e-02 
4.454231e-04 3.615952e-02 
2.876167e-04 3.342477e-02 
-3.602218e-04 1.596086e-02 
-7.669357e-04 -1.086572e-02 
-7.122145e-04 -2.323781e-02 
-6.776664e-04 -2.380959e-02 
-7.119117e-04 -1.078207e-02 
-5.206441e-04 1.164277e-02 
-5.135873e-04 2.194436e-02 
-6.391961e-04 2.268462e-02 
-6.335315e-04 1.240437e-02 
-1.435602e-04 -5.840061e-03 
5.318661e-05 -1.492518e-02 
5.473734e-05 -1.690412e-02 
1.280151e-05 -1.056331e-02 
-5.831060e-05 2.842322e-03 
-2.140384e-04 1.114470e-02 
-2.779879e-04 1.580108e-02 
3.254382e-04 1.669122e-02 
1.064491e-03 8.687044e-03 
8.547156e-04 -7.141199e-03 
1.016123e-03 -2.607802e-02 
1.199712e-03 -4.530560e-02 
1.783122e-04 -5.470906e-02 
-4.284614e-04 -5.396872e-02 
-6.989893e-04 -4.459828e-02 
-5.953737e-04 -2.509979e-02 
3.786263e-06 1.378547e-04 
