poroelastic
-7.907506e-03 1.270264e-01 
-4.979352e-03 1.879126e-01 
6.834064e-04 1.526813e-01 
6.246377e-04 2.649779e-02 
-9.890872e-04 -5.251226e-02 
-1.847019e-03 -9.195080e-02 
-1.879972e-03 -8.130708e-02 
-8.578208e-04 -2.557852e-02 
-2.312766e-05 6.127718e-03 
3.595974e-04 2.247746e-02 
3.465976e-04 2.257855e-02 
2.132334e-04 7.982984e-03 
-4.601749e-05 -1.002720e-03 
-2.116243e-04 -7.049417e-03 
1.100843e-04 -1.043900e-02 
7.319413e-04 -9.616908e-03 
6.366996e-04 -7.611134e-03 
8.524535e-04 -4.303483e-03 
1.307734e-03 1.303911e-03 
7.771658e-04 6.987198e-03 
4.779806e-04 7.535404e-03 
5.365253e-04 4.414081e-03 
9.443536e-04 -3.032955e-03 
9.131096e-04 -1.074317e-02 
7.652915e-04 -9.425115e-03 
6.619078e-04 -1.759367e-03 
-5.328100e-04 1.297193e-02 
-1.976453e-03 2.409694e-02 
-1.171261e-03 1.781348e-02 
-9.187290e-04 4.446281e-03 
-8.495932e-04 -1.075771e-02 
1.913699e-04 -9.675991e-03 
2.196279e-04 1.473066e-02 
4.180299e-05 5.461802e-02 
-8.197027e-04 1.108591e-01 
-4.454361e-03 1.439756e-01 
-5.794860e-03 1.066071e-01 
-4.690520e-03 2.575427e-02 
3.157584e-03 -9.934490e-02 
1.242016e-02 -2.324417e-01 
-4.818745e-01 -7.086320e-01 
-4.523933e-02 -6.758149e-01 
3.367335e-03 -3.832025e-01 
-1.239573e-03 -1.127427e-01 
3.200438e-04 2.789162e-02 
2.766228e-03 8.648160e-02 
3.501000e-03 6.927344e-02 
-7.180134e-05 -2.029378e-03 
-2.065602e-03 -4.427403e-02 
-2.617174e-03 -6.300003e-02 
-2.027396e-03 -5.489397e-02 
-5.849075e-04 -2.219819e-02 
1.560729e-04 2.097989e-04 
5.570105e-04 1.557908e-02 
6.395026e-04 2.202528e-02 
3.393018e-04 1.673849e-02 
1.089909e-04 1.054661e-02 
-4.249504e-05 2.489344e-03 
-1.061389e-04 -7.031505e-03 
4.264536e-05 -1.468130e-02 
2.223998e-04 -1.805327e-02 
3.755862e-04 -1.630954e-02 
4.657664e-04 -8.634366e-03 
1.350680e-04 3.180747e-03 
-1.997950e-04 1.151905e-02 
-4.106612e-04 1.583514e-02 
-5.075156e-04 1.520207e-02 
-2.310252e-04 7.538832e-03 
5.924268e-05 -1.739352e-03 
1.389142e-04 -7.361722e-03 
-3.421636e-06 -3.309054e-03 
-1.124859e-04 1.232022e-02 
-1.362674e-04 2.353425e-02 
-9.868772e-05 3.422493e-02 
-3.372198e-04 4.638251e-02 
-1.820979e-03 5.025764e-02 
-1.716591e-03 2.789770e-02 
-1.112859e-03 -1.025205e-02 
1.173126e-03 -6.433253e-02 
4.077508e-03 -1.116209e-01 
-2.101892e-01 5.869883e-01 
-2.048003e-03 5.212342e-01 
3.820573e-03 3.205811e-01 
1.927956e-04 8.044019e-02 
-1.071316e-03 -5.840540e-02 
-1.151637e-03 -1.264863e-01 
-5.354288e-04 -1.143213e-01 
-3.372552e-04 -3.364419e-02 
3.743580e-05 1.122228e-02 
5.579953e-04 3.393542e-02 
9.122041e-04 3.506250e-02 
4.092213e-04 1.745158e-02 
1.153116e-04 5.609859e-03 
-1.153788e-04 -3.852285e-03 
-4.052088e-04 -1.111572e-02 
-4.871269e-04 -1.302396e-02 
-3.118659e-04 -1.199418e-02 
-2.011684e-04 -7.922344e-03 
-1.674838e-04 6.961865e-04 
-1.889967e-04 1.083111e-02 
-2.633778e-04 1.375594e-02 
-3.736570e-04 1.136912e-02 
-4.087666e-04 2.962963e-03 
-8.052970e-06 -8.134956e-03 
1.565483e-04 -1.120628e-02 
1.124745e-04 -8.159429e-03 
-4.585771e-05 1.568716e-03 
-1.123945e-04 1.311862e-02 
-1.306896e-04 1.663535e-02 
7.276183e-06 1.728241e-02 
2.138933e-04 1.841121e-02 
-8.993853e-05 2.163264e-02 
-1.564479e-04 2.297560e-02 
-1.153425e-04 2.498886e-02 
-3.281001e-04 2.888105e-02 
-8.981098e-04 2.524162e-02 
-4.763133e-04 3.073299e-03 
-1.448169e-05 -3.096121e-02 
1.152978e-03 -7.872567e-02 
1.946576e-03 -1.206882e-01 
-2.166778e-01 -5.199199e-01 
-1.764726e-02 -4.642378e-01 
-1.285779e-03 -2.843597e-01 
-5.966638e-04 -7.831696e-02 
-1.140375e-04 3.569317e-02 
5.458837e-04 8.597577e-02 
1.047636e-03 7.051486e-02 
2.572653e-04 5.264494e-04 
-9.480321e-04 -4.395118e-02 
-1.881664e-03 -6.457926e-02 
-1.919450e-03 -5.446375e-02 
9.395211e-06 -1.488114e-02 
6.596761e-04 1.059660e-02 
9.522284e-04 2.509375e-02 
9.346602e-04 2.580533e-02 
4.621590e-04 1.220403e-02 
2.078414e-04 2.421879e-03 
1.801257e-04 -5.312494e-03 
3.887442e-04 -9.591250e-03 
4.427173e-04 -9.020876e-03 
4.149882e-04 -8.935246e-03 
5.042406e-04 -7.049183e-03 
5.839762e-04 -2.808152e-03 
1.803524e-04 2.406690e-03 
-2.138117e-05 6.841209e-03 
-8.992981e-05 9.316886e-03 
-2.168270e-04 8.523455e-03 
-3.442109e-04 3.901947e-03 
-1.713858e-04 3.417081e-04 
-1.889126e-04 5.470385e-04 
-4.285698e-04 9.172508e-03 
-4.013053e-04 2.090830e-02 
-2.336531e-04 1.792606e-02 
-9.872415e-05 8.189744e-03 
1.282028e-05 -7.266891e-03 
1.122787e-04 -1.881382e-02 
8.450897e-05 -1.630003e-02 
2.649295e-05 -5.721797e-03 
-9.339034e-05 1.152565e-02 
-1.982107e-04 4.390671e-02 
-4.128525e-01 8.102355e-01 
-2.192825e-03 7.026571e-01 
2.447339e-03 3.743781e-01 
-4.410881e-03 8.941418e-02 
-2.892997e-03 -6.175634e-02 
-6.072243e-04 -1.281093e-01 
1.775951e-03 -1.096440e-01 
2.015339e-03 -2.792617e-02 
1.235279e-03 1.569247e-02 
1.900186e-03 3.587344e-02 
2.839190e-03 3.730026e-02 
8.325034e-04 2.606028e-02 
4.079816e-04 1.531693e-02 
1.046311e-04 3.520799e-03 
-7.176038e-04 -8.776092e-03 
-1.391534e-03 -1.713326e-02 
-1.092347e-03 -1.912758e-02 
-1.034090e-03 -1.433820e-02 
-1.325438e-03 -1.832715e-03 
-1.101756e-03 1.417054e-02 
-1.001446e-03 2.172389e-02 
-1.249925e-03 2.158960e-02 
-1.363737e-03 1.266677e-02 
-2.959288e-04 -2.304236e-03 
3.767613e-05 -1.175272e-02 
9.852864e-05 -1.643829e-02 
1.340563e-04 -1.587485e-02 
1.467261e-04 -7.612043e-03 
-1.582169e-04 4.837040e-03 
-4.615155e-04 1.975341e-02 
-3.803599e-04 3.923011e-02 
-4.652526e-05 5.124252e-02 
1.718596e-04 3.437770e-02 
1.000007e-03 1.796895e-03 
2.486448e-03 -4.300802e-02 
2.054451e-03 -8.330464e-02 
7.832954e-04 -9.370694e-02 
-5.461769e-05 -8.259546e-02 
-5.581317e-04 -5.555049e-02 
-3.333400e-04 -1.837305e-02 
