poroelastic
5.882729e-03 -6.449342e-02 
4.446491e-03 -1.042807e-01 
1.424139e-03 -9.767742e-02 
-4.662746e-04 -3.160219e-02 
5.585730e-04 1.157285e-02 
1.259030e-03 2.956509e-02 
8.116783e-04 2.060519e-02 
-1.012411e-03 -1.276885e-02 
-1.376774e-03 -3.335787e-02 
-1.227818e-03 -3.579361e-02 
-5.506837e-04 -1.431654e-02 
3.498647e-04 2.455919e-02 
6.118479e-04 4.154295e-02 
4.552546e-04 3.858954e-02 
-2.903140e-04 1.239466e-02 
-8.171649e-04 -2.543339e-02 
-6.196002e-04 -4.149391e-02 
-4.147419e-04 -4.021257e-02 
-2.191934e-04 -1.845599e-02 
-1.585475e-04 1.629038e-02 
-2.914583e-04 3.502921e-02 
-5.000170e-04 4.169382e-02 
-8.653111e-04 3.537376e-02 
-7.294060e-04 1.506054e-02 
-3.745852e-04 -2.087079e-03 
-2.030555e-04 -1.398679e-02 
2.070948e-04 -2.242873e-02 
7.389554e-04 -2.196645e-02 
2.876180e-04 -4.891003e-03 
-8.631360e-05 2.060015e-02 
-5.597838e-04 5.121654e-02 
-1.465051e-03 6.460108e-02 
-1.154795e-03 3.729022e-02 
-2.115034e-04 -1.862071e-02 
1.387817e-03 -1.020596e-01 
4.046041e-03 -1.694124e-01 
4.922251e-03 -1.581527e-01 
3.730680e-03 -9.320191e-02 
-1.177625e-03 3.163038e-02 
-7.494183e-03 2.203930e-01 
2.491880e-01 1.068821e+00 
-1.383271e-02 9.792842e-01 
2.560654e-02 5.415964e-01 
2.675566e-02 8.281813e-02 
1.126421e-02 -1.666842e-01 
4.359804e-03 -2.741088e-01 
3.484726e-04 -2.261886e-01 
-7.904331e-03 -5.034536e-02 
-3.786931e-03 4.975344e-02 
-3.124270e-03 9.812592e-02 
-7.069959e-03 9.747183e-02 
-8.107534e-03 5.066050e-02 
-6.269144e-03 1.542693e-02 
-7.186156e-03 -9.643556e-03 
-9.323749e-03 -2.479591e-02 
-5.833673e-03 -2.678366e-02 
-3.597409e-03 -2.157672e-02 
-3.819844e-03 -1.098972e-02 
-6.153429e-03 3.176246e-03 
-5.184005e-03 1.712583e-02 
-3.820283e-03 2.610642e-02 
-4.520953e-03 3.016051e-02 
-6.787231e-03 2.877028e-02 
-4.572802e-03 1.833379e-02 
-3.153887e-03 1.348503e-03 
-3.284996e-03 -1.902343e-02 
-1.177756e-03 -4.501242e-02 
4.614839e-03 -6.005195e-02 
2.676603e-03 -3.490187e-02 
1.543997e-03 1.604483e-02 
1.282015e-03 9.696349e-02 
-2.059972e-03 1.654351e-01 
-2.612508e-03 1.345092e-01 
6.691224e-05 3.999356e-02 
2.038084e-03 -1.260828e-01 
7.474120e-04 -3.329880e-01 
7.086284e-03 -4.247515e-01 
8.832849e-03 -4.298650e-01 
8.876292e-03 -3.502101e-01 
4.818453e-03 -1.830505e-01 
2.302581e-01 -4.448377e-01 
5.287571e-03 -2.753625e-01 
-9.418972e-04 -9.253413e-02 
3.377599e-04 2.523235e-02 
1.079175e-03 7.011636e-02 
9.241032e-04 6.405081e-02 
1.099493e-04 7.501989e-03 
-1.376204e-03 -7.507693e-02 
-1.987374e-03 -1.064584e-01 
-1.726289e-03 -9.343941e-02 
-7.128639e-04 -3.143845e-02 
5.017090e-04 5.510526e-02 
1.151028e-03 9.304836e-02 
8.917367e-04 9.101419e-02 
-8.357025e-04 4.208508e-02 
-2.190377e-03 -3.560558e-02 
-1.782771e-03 -7.019682e-02 
-1.615259e-03 -7.138632e-02 
-1.877084e-03 -3.480516e-02 
-1.515061e-03 2.701838e-02 
-1.427159e-03 5.836795e-02 
-1.984062e-03 6.493083e-02 
-2.769825e-03 4.248317e-02 
-1.256536e-03 -2.755204e-03 
-4.180820e-04 -2.944395e-02 
-2.609012e-04 -4.162667e-02 
-1.249631e-04 -3.924571e-02 
4.632977e-04 -1.838421e-02 
-1.331527e-04 7.973578e-03 
-6.961997e-04 3.580540e-02 
-1.221196e-03 6.828345e-02 
-1.773135e-03 8.574579e-02 
-1.296241e-03 5.509564e-02 
5.338908e-05 -6.164759e-03 
2.321445e-03 -9.955054e-02 
4.094030e-03 -1.966671e-01 
4.294287e-03 -2.182638e-01 
3.298514e-03 -1.811820e-01 
1.243207e-03 -8.425394e-02 
-1.084592e-03 7.505909e-02 
1.873951e-01 7.228253e-01 
1.489880e-02 6.894027e-01 
6.516795e-03 4.350192e-01 
3.112705e-03 8.613366e-02 
-1.334192e-03 -1.241240e-01 
-3.561042e-03 -2.334428e-01 
-3.388405e-03 -2.170835e-01 
-1.598178e-03 -7.725546e-02 
4.165465e-04 1.628490e-02 
1.804649e-03 7.555792e-02 
1.651689e-03 9.523116e-02 
-5.532888e-04 6.760116e-02 
-8.537946e-04 3.898428e-02 
-1.614664e-03 9.851022e-03 
-2.747788e-03 -1.877950e-02 
-1.947042e-03 -3.811344e-02 
-1.273957e-03 -4.075823e-02 
-1.216862e-03 -2.783355e-02 
-1.931892e-03 8.355261e-04 
-1.900940e-03 3.443729e-02 
-1.691023e-03 5.073126e-02 
-2.161042e-03 5.103314e-02 
-2.891566e-03 3.198248e-02 
-1.329663e-03 -1.694258e-03 
-5.681030e-04 -2.270988e-02 
-5.149697e-04 -3.282967e-02 
-5.096557e-04 -3.105177e-02 
1.941512e-04 -1.422823e-02 
-3.785118e-04 8.942067e-03 
-1.020766e-03 3.539222e-02 
-1.249444e-03 6.622088e-02 
-1.197152e-03 8.290331e-02 
-9.431488e-04 5.714559e-02 
5.172562e-04 3.984918e-03 
3.024004e-03 -7.941403e-02 
3.796837e-03 -1.754766e-01 
3.989933e-03 -2.121008e-01 
3.282730e-03 -2.038643e-01 
1.978392e-03 -1.461685e-01 
1.876935e-04 -1.906987e-02 
7.956499e-01 -6.798080e-01 
4.134017e-02 -5.467190e-01 
-2.764292e-02 -2.538645e-01 
-1.231353e-02 -4.493454e-02 
-8.519956e-03 4.536039e-02 
-9.895489e-03 6.605811e-02 
-6.870923e-03 2.665011e-02 
6.822161e-03 -4.403721e-02 
6.133873e-03 -6.739055e-02 
6.358618e-03 -5.927326e-02 
7.364760e-03 -2.214042e-02 
2.397972e-03 2.683384e-02 
2.083913e-03 5.057593e-02 
2.320609e-03 5.239562e-02 
4.088139e-04 2.779200e-02 
-3.629609e-03 -1.458447e-02 
-3.083980e-03 -3.515697e-02 
-3.339312e-03 -3.887923e-02 
-5.265290e-03 -2.346616e-02 
-4.682669e-03 7.840069e-03 
-3.520672e-03 2.728315e-02 
-4.203054e-03 3.674034e-02 
-5.424837e-03 3.412586e-02 
-2.197796e-03 1.770515e-02 
-1.315797e-03 1.264327e-03 
-1.418350e-03 -1.530751e-02 
-2.179188e-03 -3.214292e-02 
-1.607385e-03 -3.913844e-02 
-1.518273e-03 -2.362665e-02 
-2.557952e-03 1.133968e-02 
-2.986002e-03 7.386890e-02 
-1.331667e-03 1.321724e-01 
-1.333172e-03 1.142337e-01 
1.212412e-03 4.778290e-02 
7.803776e-03 -7.840551e-02 
9.506407e-03 -2.471938e-01 
7.307824e-03 -3.292370e-01 
4.906341e-03 -3.501474e-01 
1.903396e-03 -3.124663e-01 
-5.165446e-04 -1.824724e-01 
