poroelastic
8.313824e-03 -5.380558e-02 
7.909860e-03 -6.947720e-02 
6.397355e-03 -2.912213e-02 
1.556482e-03 5.229067e-02 
1.980405e-03 9.095699e-02 
7.700523e-04 9.569408e-02 
1.158727e-04 6.355828e-02 
2.526395e-03 9.670161e-03 
7.727479e-04 -1.912085e-02 
5.840148e-04 -3.112036e-02 
9.939220e-04 -2.323310e-02 
-9.106508e-04 9.833709e-04 
2.942322e-05 1.391673e-02 
6.705097e-05 1.942292e-02 
-3.331600e-03 1.596046e-02 
-6.835110e-03 4.363496e-03 
-5.443855e-03 -1.368343e-03 
-6.164110e-03 -3.112616e-03 
-8.254885e-03 1.196100e-04 
-4.870077e-03 6.079162e-03 
-3.459392e-03 4.729934e-03 
-3.911419e-03 -9.782212e-04 
-5.934319e-03 -1.126930e-02 
-4.235856e-03 -2.258950e-02 
-2.638668e-03 -2.465128e-02 
-2.996497e-03 -1.919877e-02 
-6.148549e-04 -4.621251e-03 
5.384983e-03 1.604206e-02 
4.034162e-03 2.536304e-02 
4.821999e-03 2.341448e-02 
2.008102e-03 6.375205e-03 
-7.183440e-03 -4.166636e-02 
-2.835236e-03 -1.052860e-01 
2.049458e-03 -1.737168e-01 
9.152869e-03 -2.464552e-01 
2.009416e-02 -2.728972e-01 
2.108952e-02 -2.121554e-01 
1.347457e-02 -9.168471e-02 
-1.108669e-02 1.031425e-01 
-3.353300e-02 3.226517e-01 
1.591423e-01 4.610981e-01 
2.061035e-02 5.131203e-01 
1.709898e-02 3.845169e-01 
1.612334e-02 2.208575e-01 
9.993755e-03 1.169180e-01 
6.470127e-03 4.226373e-02 
6.899758e-03 -1.136639e-02 
1.390591e-03 -3.299709e-02 
-2.247540e-03 -3.421802e-02 
-1.422540e-03 -2.291898e-02 
-2.230679e-04 2.301932e-03 
-4.971687e-03 3.335707e-02 
-2.971736e-03 4.290356e-02 
-3.899791e-03 3.653034e-02 
-9.151173e-03 1.472479e-02 
-1.164103e-02 -1.451404e-02 
-8.763803e-03 -2.708475e-02 
-9.223310e-03 -2.594178e-02 
-1.293375e-02 -8.614906e-03 
-1.057502e-02 1.926720e-02 
-8.168488e-03 2.909954e-02 
-9.372472e-03 2.518271e-02 
-1.247292e-02 5.638642e-03 
-7.486047e-03 -2.410096e-02 
-4.390371e-03 -3.649730e-02 
-4.735736e-03 -3.385301e-02 
-2.513724e-03 -1.217070e-02 
5.701023e-03 2.335962e-02 
3.660800e-03 3.786983e-02 
4.151959e-03 3.523462e-02 
4.157140e-03 1.075075e-02 
-3.909261e-03 -4.565586e-02 
-1.676863e-03 -1.067795e-01 
2.441897e-03 -1.675604e-01 
5.073734e-03 -2.301772e-01 
9.785028e-03 -2.685283e-01 
1.520712e-02 -2.458567e-01 
1.371037e-02 -1.816898e-01 
5.322133e-03 -6.273991e-02 
-7.547034e-03 8.976963e-02 
1.266075e-01 -2.981552e-01 
-1.453139e-03 -2.366627e-01 
-4.978136e-03 -1.046474e-01 
3.532777e-04 3.817117e-02 
2.335443e-03 1.060973e-01 
1.142850e-03 1.243598e-01 
1.408515e-04 9.171153e-02 
3.593498e-03 2.433085e-02 
2.018578e-03 -1.634022e-02 
1.299392e-03 -4.035059e-02 
3.421229e-04 -4.491935e-02 
-2.287118e-03 -2.855313e-02 
-1.399508e-03 -1.393101e-02 
-9.493756e-04 1.131872e-03 
-1.877453e-03 1.535968e-02 
-2.566080e-03 2.298158e-02 
-2.075985e-03 2.393366e-02 
-2.796771e-03 1.827475e-02 
-4.593559e-03 5.939213e-03 
-3.308290e-03 -9.691706e-03 
-2.183911e-03 -2.077125e-02 
-2.158783e-03 -2.641181e-02 
-2.643312e-03 -2.618776e-02 
-1.295174e-03 -1.855151e-02 
-1.020047e-03 -5.863082e-03 
-1.638921e-03 9.363041e-03 
-1.679433e-03 2.826604e-02 
1.391211e-04 4.204843e-02 
3.032802e-04 3.281945e-02 
1.260388e-03 7.062866e-03 
5.070999e-04 -3.834152e-02 
-9.302932e-04 -1.036991e-01 
3.913427e-03 -1.527467e-01 
8.124968e-03 -1.844840e-01 
1.240477e-02 -1.942489e-01 
1.116758e-02 -1.556012e-01 
6.250727e-03 -8.381965e-02 
-2.100449e-04 9.388510e-03 
-1.167714e-02 1.356957e-01 
-1.630756e-02 2.587949e-01 
9.807879e-02 3.666206e-01 
1.962717e-02 4.118597e-01 
7.789153e-03 3.414327e-01 
6.678144e-03 2.020749e-01 
3.231182e-03 1.059444e-01 
1.453246e-03 3.321739e-02 
5.084603e-03 -1.792451e-02 
4.983759e-03 -3.354915e-02 
2.786222e-03 -3.438076e-02 
3.508066e-03 -2.493959e-02 
2.657567e-03 -3.395365e-03 
-5.043402e-03 2.190842e-02 
-3.618350e-03 3.114333e-02 
-4.660734e-03 2.868136e-02 
-8.546112e-03 1.290848e-02 
-7.360984e-03 -1.114799e-02 
-5.393489e-03 -2.122555e-02 
-5.812398e-03 -2.054413e-02 
-8.859364e-03 -6.913487e-03 
-7.787509e-03 1.449482e-02 
-6.030981e-03 2.104197e-02 
-6.896719e-03 1.682586e-02 
-8.418595e-03 -3.400325e-04 
-3.467879e-03 -2.382227e-02 
-1.784353e-03 -2.908357e-02 
-2.428573e-03 -2.104942e-02 
-2.339267e-03 3.187311e-03 
8.125139e-04 3.469267e-02 
-1.986789e-04 4.033971e-02 
2.790754e-04 2.755748e-02 
4.292769e-04 -6.880002e-03 
-2.097709e-03 -6.490641e-02 
9.612369e-04 -1.130164e-01 
4.252543e-03 -1.500588e-01 
7.474484e-03 -1.752350e-01 
9.487572e-03 -1.767317e-01 
8.768213e-03 -1.549363e-01 
6.399896e-03 -1.177875e-01 
2.651914e-03 -5.465568e-02 
-1.050237e-03 2.400193e-02 
2.580412e-01 -4.353000e-01 
-1.527211e-03 -3.450891e-01 
-1.138527e-02 -1.605995e-01 
-1.562060e-03 -1.658717e-02 
3.001314e-04 5.004521e-02 
-5.569704e-04 7.312278e-02 
-1.064992e-03 5.899278e-02 
2.218074e-03 2.191260e-02 
2.206710e-03 -1.396380e-03 
1.994821e-03 -1.852870e-02 
9.170370e-04 -3.022813e-02 
-1.640126e-03 -3.335689e-02 
-1.370845e-03 -2.944563e-02 
-9.983551e-04 -1.843090e-02 
-8.042727e-04 -3.043616e-04 
-4.296821e-04 1.849224e-02 
-3.363326e-04 2.638230e-02 
-7.141647e-04 2.414411e-02 
-1.487590e-03 1.116912e-02 
-1.145541e-03 -8.801821e-03 
-6.437658e-04 -2.224851e-02 
-4.317386e-04 -2.882025e-02 
-2.394948e-04 -2.802664e-02 
1.838367e-04 -1.837377e-02 
2.085558e-06 -4.047374e-03 
-3.517097e-04 1.190070e-02 
-9.496692e-04 2.984373e-02 
-1.538346e-03 4.069340e-02 
-1.335584e-03 2.913585e-02 
-7.286032e-04 3.344158e-03 
-3.227101e-05 -3.677813e-02 
2.420986e-03 -8.781239e-02 
5.969234e-03 -1.201878e-01 
8.482697e-03 -1.320006e-01 
8.325253e-03 -1.168859e-01 
7.362516e-04 -6.480259e-02 
-2.626089e-03 -9.932779e-03 
-5.250576e-03 4.657631e-02 
-7.496878e-03 1.153193e-01 
-3.468773e-03 1.851357e-01 
