poroelastic
9.960607e-03 -1.093393e-02 
1.176157e-02 -2.207340e-02 
7.823331e-03 -5.162725e-02 
-5.977466e-03 -9.129737e-02 
-6.712290e-03 -1.034679e-01 
-5.340812e-03 -8.487901e-02 
-2.051913e-03 -3.274450e-02 
2.277317e-03 2.787244e-02 
3.106275e-03 5.378091e-02 
3.810044e-03 5.436291e-02 
3.229645e-03 2.761526e-02 
-1.246741e-03 -1.447556e-02 
-1.949970e-03 -3.550089e-02 
-2.171977e-03 -3.982899e-02 
-2.993738e-03 -2.562739e-02 
-3.254543e-03 1.393878e-03 
-2.179064e-03 1.729937e-02 
-2.719009e-03 2.417102e-02 
-4.348192e-03 1.943908e-02 
-2.685498e-03 3.804927e-03 
-1.818139e-03 -6.887049e-03 
-1.909324e-03 -1.424103e-02 
-2.817447e-03 -1.810981e-02 
-2.013543e-03 -1.574752e-02 
-1.448880e-03 -8.697488e-03 
-1.979573e-03 1.592275e-03 
-8.038263e-04 1.581636e-02 
3.159617e-03 2.329008e-02 
2.851541e-03 1.292854e-02 
3.597086e-03 -5.654924e-03 
1.789746e-03 -2.933619e-02 
-3.973691e-03 -2.809749e-02 
-4.066224e-03 1.415414e-02 
-7.309716e-03 7.081727e-02 
-1.695485e-02 1.329102e-01 
-2.212148e-02 1.490197e-01 
-1.494321e-02 6.823014e-02 
-2.528714e-03 -7.087851e-02 
2.657197e-02 -2.485659e-01 
4.861681e-02 -4.530608e-01 
-4.724999e-01 -4.274488e-01 
-9.494170e-02 -4.905307e-01 
-5.148584e-03 -3.044094e-01 
1.642671e-03 -8.696332e-02 
3.895745e-03 3.810519e-02 
6.550845e-03 9.844579e-02 
9.782534e-03 8.580233e-02 
4.395466e-03 4.448297e-03 
-1.415318e-03 -4.182104e-02 
-2.128033e-03 -5.649791e-02 
-1.036379e-03 -3.805888e-02 
-4.003973e-03 6.459496e-03 
-1.630231e-03 3.076501e-02 
-1.699467e-03 3.730145e-02 
-5.483730e-03 2.304382e-02 
-8.221191e-03 -7.874562e-03 
-6.348749e-03 -2.399967e-02 
-6.674369e-03 -2.800233e-02 
-9.136302e-03 -1.772907e-02 
-7.239295e-03 4.389445e-03 
-5.496497e-03 1.615242e-02 
-6.403848e-03 1.980534e-02 
-8.778166e-03 1.418252e-02 
-5.585309e-03 8.538198e-04 
-3.724935e-03 -6.455383e-03 
-3.951443e-03 -1.041811e-02 
-1.152631e-03 -1.178867e-02 
6.570836e-03 -1.207333e-02 
4.783701e-03 -1.218955e-02 
4.669908e-03 -8.866702e-03 
3.739912e-03 5.050012e-04 
-4.687217e-03 2.621803e-02 
-6.620404e-03 5.847052e-02 
-8.067677e-03 8.303839e-02 
-1.360428e-02 9.616892e-02 
-1.878091e-02 7.152829e-02 
-7.412432e-03 -2.737574e-02 
4.442031e-03 -1.727477e-01 
2.796450e-02 -3.561999e-01 
4.641733e-02 -5.439555e-01 
8.034727e-03 2.844582e-01 
1.320162e-02 1.739028e-01 
3.768434e-04 1.287919e-02 
-7.797308e-03 -1.107258e-01 
-7.321907e-03 -1.587751e-01 
-4.809935e-03 -1.449907e-01 
-1.416122e-03 -6.469397e-02 
1.074238e-03 4.520539e-02 
3.091765e-03 9.524686e-02 
4.505130e-03 9.963350e-02 
3.660498e-03 5.373526e-02 
-1.543464e-03 -2.232199e-02 
-2.805077e-03 -6.024213e-02 
-2.940588e-03 -6.878280e-02 
-2.072043e-03 -4.325105e-02 
-5.106897e-04 6.879583e-03 
2.874688e-05 3.236747e-02 
-3.737507e-04 3.932905e-02 
-1.542940e-03 2.393796e-02 
-1.281372e-03 -8.460731e-03 
-7.018539e-04 -2.315391e-02 
-5.233593e-04 -2.564670e-02 
-6.902499e-04 -1.428324e-02 
-7.024733e-04 7.386203e-03 
-8.645245e-04 1.693548e-02 
-1.054243e-03 1.789646e-02 
-4.876547e-04 9.571034e-03 
1.032428e-03 -7.863498e-03 
1.099539e-03 -2.038458e-02 
1.154587e-03 -2.770341e-02 
5.844162e-04 -2.912069e-02 
-8.389950e-04 -5.127222e-03 
-2.606823e-03 4.453307e-02 
-6.397534e-03 9.989873e-02 
-1.259243e-02 1.551430e-01 
-1.285179e-02 1.689391e-01 
-7.907770e-03 9.939335e-02 
6.061419e-04 -2.570877e-02 
1.762805e-02 -2.045832e-01 
2.691970e-02 -4.240372e-01 
-2.670697e-01 -3.541888e-01 
-5.028896e-02 -3.827883e-01 
-1.564449e-02 -2.630787e-01 
-2.234610e-03 -8.962637e-02 
2.969782e-04 1.921744e-02 
2.063074e-03 7.876468e-02 
6.159491e-03 7.684453e-02 
5.810838e-03 1.171292e-02 
2.552160e-03 -2.885667e-02 
1.815859e-03 -4.584063e-02 
8.726818e-04 -3.467331e-02 
-3.670698e-03 1.980001e-03 
-1.983806e-03 2.242548e-02 
-2.334464e-03 2.858172e-02 
-5.022913e-03 1.830689e-02 
-4.814873e-03 -5.031684e-03 
-3.656609e-03 -1.821181e-02 
-3.940456e-03 -2.279429e-02 
-5.813134e-03 -1.757967e-02 
-4.895114e-03 -3.663738e-03 
-3.674576e-03 6.728418e-03 
-4.336176e-03 1.384838e-02 
-5.716290e-03 1.723600e-02 
-3.065667e-03 1.487274e-02 
-2.084449e-03 7.887413e-03 
-2.092886e-03 -2.490515e-03 
-5.109480e-04 -1.693701e-02 
3.298660e-03 -3.079180e-02 
2.338193e-03 -3.061804e-02 
1.801002e-03 -1.938446e-02 
4.198027e-04 3.389460e-03 
-4.221481e-03 4.065538e-02 
-5.910221e-03 7.199794e-02 
-7.035483e-03 8.800643e-02 
-6.957753e-03 8.589964e-02 
-3.616121e-03 5.053148e-02 
2.470583e-03 -3.069054e-02 
8.055496e-03 -1.400920e-01 
1.722961e-02 -2.784380e-01 
1.753564e-02 -4.160668e-01 
-1.663375e-01 4.907309e-01 
1.485425e-02 3.612741e-01 
8.208061e-04 1.100528e-01 
-5.674334e-03 -7.164815e-02 
-4.404091e-03 -1.488871e-01 
-1.278856e-03 -1.498170e-01 
7.169265e-04 -7.359720e-02 
-1.148778e-03 4.193634e-02 
4.356268e-04 9.536004e-02 
2.397151e-03 1.009790e-01 
2.665722e-03 5.509741e-02 
-9.990723e-04 -2.231585e-02 
-2.125831e-03 -6.085407e-02 
-2.111783e-03 -6.974520e-02 
-8.906411e-04 -4.326869e-02 
5.088436e-04 1.055317e-02 
6.951527e-04 3.635822e-02 
4.131418e-04 4.138731e-02 
-1.712256e-04 2.233282e-02 
-2.112256e-04 -1.442617e-02 
1.071025e-04 -2.965734e-02 
3.585237e-04 -2.971021e-02 
3.352904e-04 -1.271364e-02 
-2.571849e-04 1.587116e-02 
-4.888456e-04 2.617641e-02 
-4.656510e-04 2.344583e-02 
-1.934628e-04 6.970557e-03 
3.379467e-04 -1.797281e-02 
7.007300e-04 -2.845515e-02 
8.552849e-04 -2.932213e-02 
1.017596e-03 -2.246492e-02 
5.335661e-04 2.304265e-03 
-1.673019e-03 4.077774e-02 
-4.550335e-03 7.865634e-02 
-7.330330e-03 1.113393e-01 
-4.378339e-03 1.162327e-01 
-7.453953e-04 7.651969e-02 
3.545192e-03 4.896613e-03 
8.183697e-03 -1.066035e-01 
4.262264e-03 -2.615584e-01 
