poroelastic
1.123938e-03 -6.360827e-02 
-1.285997e-03 -1.032062e-01 
-4.900438e-03 -9.191683e-02 
-1.198858e-03 -2.280291e-02 
5.241713e-04 2.024408e-02 
9.007495e-04 3.363184e-02 
1.993956e-04 1.487655e-02 
-8.449882e-04 -2.256994e-02 
-1.174156e-03 -3.801895e-02 
-1.268393e-03 -3.604761e-02 
-7.514100e-04 -1.464220e-02 
9.016148e-04 1.693873e-02 
1.080362e-03 3.101928e-02 
1.061814e-03 3.050075e-02 
1.163374e-03 1.335587e-02 
1.054205e-03 -1.381719e-02 
7.359209e-04 -2.702427e-02 
1.144527e-03 -2.880207e-02 
1.846984e-03 -1.757123e-02 
8.956509e-04 3.484938e-03 
5.350155e-04 1.689462e-02 
4.977126e-04 2.390198e-02 
1.013928e-03 2.425747e-02 
1.131666e-03 1.574434e-02 
9.228456e-04 2.865168e-03 
1.436075e-03 -1.234088e-02 
1.106344e-03 -3.138782e-02 
-1.490267e-03 -3.896434e-02 
-1.739036e-03 -1.892961e-02 
-2.405322e-03 1.422240e-02 
-1.785809e-03 5.776101e-02 
7.105243e-04 7.641269e-02 
3.845191e-04 3.756825e-02 
9.957095e-04 -3.165601e-02 
5.075618e-03 -1.287959e-01 
1.277931e-02 -1.924739e-01 
1.267720e-02 -1.326937e-01 
7.927798e-03 2.283615e-03 
-1.029790e-02 1.970788e-01 
-3.028728e-02 4.206579e-01 
4.851607e-01 7.310208e-01 
5.654257e-02 7.328748e-01 
-1.826059e-03 4.003891e-01 
-5.242239e-06 5.254094e-02 
-4.353540e-03 -1.301563e-01 
-9.541362e-03 -2.045353e-01 
-1.153929e-02 -1.652899e-01 
-1.463867e-03 -3.348110e-02 
3.546371e-03 4.420060e-02 
5.032725e-03 8.086071e-02 
4.655021e-03 7.520643e-02 
3.243957e-03 3.023791e-02 
1.442606e-03 -1.172433e-03 
9.911401e-04 -2.280219e-02 
1.563581e-03 -3.328026e-02 
1.514195e-03 -2.838795e-02 
1.274692e-03 -2.012533e-02 
1.647389e-03 -8.662644e-03 
2.379709e-03 5.698585e-03 
1.799962e-03 1.860945e-02 
1.210290e-03 2.409773e-02 
1.198501e-03 2.267123e-02 
1.873690e-03 1.402488e-02 
2.094449e-03 -6.047016e-04 
1.875819e-03 -1.240750e-02 
2.356034e-03 -1.999881e-02 
1.756827e-03 -2.360838e-02 
-1.476849e-03 -1.725328e-02 
-1.638999e-03 1.590061e-03 
-2.127300e-03 2.417579e-02 
-2.819980e-03 4.936263e-02 
-1.397676e-03 6.031570e-02 
-4.486608e-04 3.495246e-02 
1.498628e-05 -8.911552e-03 
2.068515e-03 -7.227063e-02 
7.842752e-03 -1.257958e-01 
7.094114e-03 -8.370030e-02 
4.109513e-03 2.153868e-02 
-5.624783e-03 1.805111e-01 
-1.930518e-02 3.623250e-01 
1.527623e-01 -4.950393e-01 
4.642587e-04 -3.889206e-01 
-3.589610e-03 -2.059864e-01 
-3.210037e-04 -4.633601e-02 
1.027063e-03 3.671815e-02 
1.120971e-03 6.093167e-02 
2.692020e-04 2.535920e-02 
-1.093971e-03 -4.440203e-02 
-1.790293e-03 -7.189477e-02 
-2.300554e-03 -6.693491e-02 
-1.615663e-03 -2.761944e-02 
1.306230e-03 2.848421e-02 
1.593972e-03 5.299284e-02 
1.462804e-03 5.220601e-02 
1.016015e-03 2.181144e-02 
2.904164e-04 -2.702608e-02 
1.217435e-04 -4.829943e-02 
5.278684e-04 -4.817813e-02 
1.318099e-03 -2.333814e-02 
9.423809e-04 1.801362e-02 
5.173973e-04 3.759112e-02 
3.763329e-04 4.063337e-02 
5.784039e-04 2.526710e-02 
7.426348e-04 -4.542452e-03 
8.769763e-04 -2.204575e-02 
1.231771e-03 -2.996228e-02 
1.013008e-03 -2.862853e-02 
-4.813120e-04 -1.387614e-02 
-7.187124e-04 6.983070e-03 
-1.072973e-03 2.956703e-02 
-1.182227e-03 5.526155e-02 
-5.568902e-04 6.311800e-02 
-2.572105e-04 3.092228e-02 
5.849686e-04 -2.116236e-02 
2.517205e-03 -9.329877e-02 
4.842255e-03 -1.473567e-01 
4.135091e-03 -1.091264e-01 
1.707921e-03 -1.051639e-02 
-4.778467e-03 1.445999e-01 
-1.070679e-02 3.395349e-01 
2.605833e-01 5.870132e-01 
2.826441e-02 5.671875e-01 
2.781446e-03 3.350797e-01 
2.185751e-04 3.237329e-02 
-1.544124e-03 -1.369071e-01 
-4.043702e-03 -2.109297e-01 
-7.072578e-03 -1.736678e-01 
-3.152994e-03 -3.871925e-02 
2.222271e-05 4.576549e-02 
1.682082e-03 9.018298e-02 
2.741444e-03 8.616896e-02 
2.908327e-03 3.254247e-02 
1.261289e-03 -4.424882e-03 
9.817010e-04 -2.944863e-02 
1.660303e-03 -4.050917e-02 
9.578017e-04 -3.302951e-02 
8.076899e-04 -2.235322e-02 
1.116342e-03 -8.027532e-03 
1.823810e-03 9.876320e-03 
1.490662e-03 2.525426e-02 
9.161817e-04 2.990150e-02 
8.955369e-04 2.494261e-02 
1.321642e-03 9.674199e-03 
1.251059e-03 -1.147269e-02 
1.248721e-03 -2.294232e-02 
1.567666e-03 -2.537218e-02 
1.219609e-03 -1.869233e-02 
-5.797481e-04 -2.600268e-03 
-7.130921e-04 1.404277e-02 
-9.813179e-04 2.823029e-02 
-1.594250e-03 4.041136e-02 
-1.237548e-03 4.258217e-02 
-5.839833e-04 2.710628e-02 
-3.655185e-04 5.392413e-03 
-4.037201e-07 -2.408531e-02 
1.351849e-03 -5.138095e-02 
5.674140e-04 -2.901774e-02 
-3.991870e-04 2.575060e-02 
-2.360341e-03 1.100041e-01 
-3.362099e-03 2.114540e-01 
4.150716e-01 -7.884375e-01 
5.311901e-03 -6.577741e-01 
-6.036318e-03 -3.276117e-01 
1.640104e-03 -8.025446e-02 
1.673617e-03 4.556686e-02 
5.403680e-04 8.920795e-02 
-4.138469e-04 5.440723e-02 
-5.710899e-04 -2.820318e-02 
-1.081362e-03 -6.403434e-02 
-2.338458e-03 -6.561276e-02 
-2.625621e-03 -3.465393e-02 
6.365617e-04 1.223671e-02 
9.995953e-04 3.468194e-02 
1.038545e-03 3.817735e-02 
9.297459e-04 1.980717e-02 
3.416806e-04 -1.424174e-02 
2.646402e-04 -2.992471e-02 
4.786096e-04 -3.140993e-02 
8.207560e-04 -1.690880e-02 
5.465123e-04 9.048933e-03 
3.503886e-04 2.145533e-02 
2.807284e-04 2.351352e-02 
2.694048e-04 1.431433e-02 
2.313489e-04 -3.591602e-03 
2.395978e-04 -1.302475e-02 
3.270900e-04 -1.580608e-02 
6.169184e-04 -1.232085e-02 
8.270157e-04 -3.792920e-03 
5.930249e-04 3.351504e-03 
4.906320e-04 1.069603e-02 
1.556441e-04 2.205026e-02 
-5.631357e-04 3.197792e-02 
-5.116186e-04 2.556218e-02 
-2.914155e-04 1.260474e-02 
-3.292010e-04 -7.698611e-03 
-7.739328e-04 -2.971371e-02 
-1.062594e-03 -2.209196e-02 
-1.525782e-03 6.041277e-03 
-1.375749e-03 5.691158e-02 
1.378955e-03 1.449926e-01 
