poroelastic
4.209137e-03 -6.402615e-02 
3.369215e-03 -9.843479e-02 
4.442421e-04 -8.541198e-02 
-5.821510e-04 -2.414151e-02 
-8.965071e-06 1.984804e-02 
6.215037e-04 4.277448e-02 
9.123780e-04 3.720025e-02 
8.324338e-05 4.510454e-03 
-3.712911e-04 -1.428384e-02 
-4.756360e-04 -2.024419e-02 
-2.576888e-04 -1.217094e-02 
1.327765e-04 6.024174e-03 
2.418721e-04 1.261070e-02 
1.728553e-04 1.003703e-02 
-9.087961e-05 -2.543227e-03 
-2.817454e-04 -2.009502e-02 
-1.923306e-04 -2.721589e-02 
9.779441e-06 -2.589715e-02 
3.228780e-04 -1.584170e-02 
2.398250e-04 5.100371e-04 
7.242094e-05 1.395529e-02 
-6.620705e-05 2.356740e-02 
-2.491593e-04 2.926329e-02 
-4.211964e-04 2.616482e-02 
-3.073159e-04 1.364799e-02 
-1.103329e-05 -3.608591e-03 
5.958147e-04 -2.725168e-02 
7.118534e-04 -4.378102e-02 
1.764698e-04 -3.061644e-02 
-3.395553e-04 -1.813966e-03 
-4.639022e-04 3.585625e-02 
-9.544141e-06 6.690558e-02 
1.104739e-04 7.015913e-02 
1.989350e-04 4.715174e-02 
-3.784937e-04 -1.995220e-03 
-7.404481e-04 -5.245560e-02 
4.197246e-04 -6.632282e-02 
1.032363e-03 -5.694031e-02 
7.329971e-04 -2.188526e-02 
-1.393999e-03 5.312990e-02 
6.636211e-02 6.665642e-01 
-3.146948e-02 5.584891e-01 
1.121459e-02 2.462548e-01 
2.055061e-02 -4.411327e-02 
1.052818e-02 -1.876539e-01 
5.919827e-03 -2.230872e-01 
4.367506e-03 -1.406384e-01 
3.799927e-04 2.319084e-02 
2.483760e-03 1.090048e-01 
2.599730e-03 1.340796e-01 
-9.640864e-04 9.293904e-02 
-5.827541e-03 -5.254564e-04 
-5.290489e-03 -5.360023e-02 
-5.454171e-03 -7.491481e-02 
-6.013245e-03 -5.984412e-02 
-4.002838e-03 -1.198277e-02 
-2.432775e-03 1.628193e-02 
-2.770295e-03 2.855167e-02 
-4.884762e-03 2.141312e-02 
-4.144864e-03 -1.115961e-03 
-2.819738e-03 -7.745288e-03 
-3.211996e-03 -4.164667e-03 
-4.769485e-03 1.033657e-02 
-3.192281e-03 2.775060e-02 
-2.470465e-03 2.293851e-02 
-2.358409e-03 1.689839e-03 
1.023565e-03 -3.885605e-02 
6.741821e-03 -7.539683e-02 
4.318075e-03 -5.962166e-02 
3.438934e-03 -1.070685e-02 
4.932043e-03 7.431041e-02 
3.637653e-03 1.611462e-01 
2.904960e-03 1.657911e-01 
4.757093e-03 1.156335e-01 
2.331312e-03 4.076313e-03 
-9.079566e-03 -1.577123e-01 
-4.001919e-03 -2.526877e-01 
-1.477114e-03 -2.965057e-01 
1.626608e-03 -3.040808e-01 
4.764177e-03 -2.809940e-01 
1.989720e-01 -3.051019e-01 
9.241146e-03 -2.163355e-01 
4.537626e-04 -9.640742e-02 
1.308836e-03 -1.331794e-02 
9.002803e-04 2.801846e-02 
1.251404e-03 4.087972e-02 
2.441998e-03 1.394634e-02 
1.352486e-03 -4.504563e-02 
3.363949e-04 -6.062998e-02 
3.987382e-04 -4.826768e-02 
8.935302e-04 -9.679439e-03 
4.887157e-04 4.103204e-02 
8.861319e-04 6.150484e-02 
6.620372e-04 5.526624e-02 
-9.508997e-04 2.074192e-02 
-2.382516e-03 -2.638787e-02 
-1.872199e-03 -4.678961e-02 
-1.778683e-03 -4.494884e-02 
-2.348791e-03 -1.838407e-02 
-1.962400e-03 2.446582e-02 
-1.743572e-03 4.737815e-02 
-2.337913e-03 5.252817e-02 
-3.158850e-03 3.690349e-02 
-1.325778e-03 3.015277e-03 
-4.324434e-04 -2.367159e-02 
-1.087829e-04 -4.333152e-02 
1.044909e-03 -5.601467e-02 
2.445708e-03 -4.983523e-02 
1.302577e-03 -2.046146e-02 
7.962816e-04 2.117935e-02 
1.441824e-03 7.522249e-02 
1.381232e-03 1.218078e-01 
1.358412e-03 1.205804e-01 
2.394668e-03 8.275850e-02 
2.022099e-03 4.933401e-03 
-2.182929e-03 -9.949137e-02 
-1.141897e-03 -1.637661e-01 
-6.677407e-04 -1.964447e-01 
-2.283721e-05 -2.020053e-01 
6.411970e-04 -1.599260e-01 
9.451669e-02 4.249250e-01 
-6.178470e-04 3.715148e-01 
-2.123985e-03 1.997981e-01 
2.628384e-03 -3.796925e-03 
1.645792e-03 -1.122963e-01 
7.370686e-04 -1.518469e-01 
1.673170e-04 -1.080662e-01 
5.681134e-04 8.615825e-03 
1.737912e-03 7.448135e-02 
2.728441e-03 9.855422e-02 
2.305072e-03 7.229743e-02 
-1.085534e-03 1.309598e-03 
-1.685036e-03 -4.477606e-02 
-1.883228e-03 -6.559227e-02 
-1.728443e-03 -5.517220e-02 
-8.795477e-04 -1.991310e-02 
-4.154374e-04 4.502418e-03 
-4.465764e-04 1.998837e-02 
-1.027861e-03 2.164370e-02 
-1.022789e-03 9.305253e-03 
-7.745249e-04 5.911201e-03 
-9.157519e-04 5.938035e-03 
-1.293239e-03 1.067690e-02 
-7.959323e-04 1.605542e-02 
-5.476859e-04 9.176164e-03 
-3.893458e-04 -3.602878e-03 
4.052159e-04 -2.328286e-02 
1.488172e-03 -3.946789e-02 
8.914922e-04 -2.796133e-02 
4.084470e-04 -1.287200e-04 
5.393414e-04 4.035523e-02 
7.285481e-04 8.227724e-02 
8.494886e-04 9.645213e-02 
1.871898e-03 8.367693e-02 
2.347662e-03 3.909189e-02 
-9.926411e-04 -3.283330e-02 
-7.333382e-04 -8.785024e-02 
-7.962922e-04 -1.307102e-01 
-7.592901e-04 -1.553215e-01 
-2.144246e-04 -1.286239e-01 
6.276900e-01 -4.035480e-01 
4.784816e-02 -3.488781e-01 
-2.367135e-02 -1.627938e-01 
-8.333448e-03 -2.469126e-02 
-6.877772e-03 4.180591e-02 
-7.891683e-03 6.314970e-02 
-1.692118e-03 3.241697e-02 
1.192385e-02 -3.645441e-02 
9.884619e-03 -5.640189e-02 
1.036073e-02 -4.766241e-02 
1.183315e-02 -1.570671e-02 
3.273929e-03 2.443226e-02 
2.540273e-03 4.374114e-02 
2.776353e-03 4.325693e-02 
3.372534e-04 2.052984e-02 
-4.811043e-03 -1.485876e-02 
-4.000226e-03 -3.292831e-02 
-4.348643e-03 -3.639975e-02 
-6.814137e-03 -2.350141e-02 
-5.863994e-03 3.387923e-03 
-4.366858e-03 2.223956e-02 
-5.167543e-03 3.310778e-02 
-6.432495e-03 3.299606e-02 
-2.233866e-03 1.943110e-02 
-1.265565e-03 2.269051e-03 
-1.236240e-03 -1.949043e-02 
-2.769318e-04 -4.602307e-02 
2.006893e-03 -6.000003e-02 
1.053707e-03 -4.259665e-02 
3.486207e-04 -2.189784e-03 
2.818796e-03 6.920738e-02 
5.614363e-03 1.450300e-01 
4.664781e-03 1.512003e-01 
7.497205e-03 1.105198e-01 
1.122231e-02 1.303543e-02 
2.328148e-03 -1.448320e-01 
9.684545e-05 -2.624135e-01 
-2.134335e-03 -3.470835e-01 
-5.820105e-03 -4.143931e-01 
-7.091743e-03 -4.444479e-01 
