poroelastic
1.651294e-02 -5.894608e-02 
1.659655e-02 -7.634190e-02 
1.259064e-02 -5.063653e-02 
-4.113082e-03 2.400178e-03 
-2.842570e-03 3.074301e-02 
-3.274543e-03 4.738491e-02 
-5.661036e-03 5.010694e-02 
-2.665315e-03 3.589985e-02 
-2.289319e-03 2.406449e-02 
-3.110679e-03 1.129254e-02 
-3.827190e-03 -3.374309e-03 
-1.905367e-03 -1.551862e-02 
-1.271840e-03 -2.005149e-02 
-1.322571e-03 -1.692355e-02 
-3.347895e-03 -5.429535e-03 
-4.885803e-03 9.711705e-03 
-3.724905e-03 1.807059e-02 
-4.428374e-03 1.997970e-02 
-5.844442e-03 1.392267e-02 
-2.751477e-03 1.192316e-03 
-1.856559e-03 -8.488256e-03 
-2.044393e-03 -1.516996e-02 
-4.341774e-03 -1.845842e-02 
-5.042317e-03 -1.651202e-02 
-3.655010e-03 -1.061886e-02 
-4.294827e-03 -2.197789e-03 
-3.256123e-03 9.588790e-03 
2.432060e-03 1.889296e-02 
2.030197e-03 1.525028e-02 
2.507443e-03 2.460211e-03 
-2.092061e-03 -2.169783e-02 
-9.595497e-03 -5.057176e-02 
-5.527794e-03 -6.512691e-02 
-4.463866e-03 -7.567305e-02 
-4.956222e-03 -8.609906e-02 
1.712429e-03 -9.496820e-02 
6.819872e-03 -1.130369e-01 
1.020052e-02 -1.336051e-01 
1.424343e-02 -1.370532e-01 
1.388931e-02 -1.471805e-01 
-2.167447e-01 2.870927e-02 
-4.591021e-02 1.148721e-02 
1.684139e-02 5.556144e-02 
1.172207e-02 1.114335e-01 
1.092611e-02 1.333810e-01 
9.693506e-03 1.266037e-01 
2.808225e-03 7.982332e-02 
-9.281015e-03 1.793724e-03 
-1.186399e-02 -3.635617e-02 
-1.282093e-02 -4.493294e-02 
-1.336751e-02 -2.468729e-02 
-8.456182e-03 1.570888e-02 
-5.161057e-03 3.602126e-02 
-5.659533e-03 3.992840e-02 
-8.459830e-03 2.539578e-02 
-7.126043e-03 -3.603958e-03 
-5.272844e-03 -1.825957e-02 
-5.677911e-03 -2.150861e-02 
-7.492468e-03 -1.158007e-02 
-5.863360e-03 8.575217e-03 
-4.601536e-03 1.757871e-02 
-5.183024e-03 1.793645e-02 
-8.207351e-03 8.195459e-03 
-8.506688e-03 -9.111495e-03 
-6.005493e-03 -1.748759e-02 
-6.420929e-03 -1.917790e-02 
-6.513423e-03 -1.246275e-02 
-7.084827e-04 7.759204e-04 
-3.869974e-04 6.294168e-03 
-8.750192e-04 5.816152e-03 
-5.015084e-03 -4.177697e-03 
-1.036172e-02 -2.456272e-02 
-7.441383e-03 -4.295648e-02 
-5.796707e-03 -6.675417e-02 
-4.976623e-03 -9.848103e-02 
2.697557e-03 -1.380088e-01 
1.100162e-02 -1.933181e-01 
1.740583e-02 -2.569395e-01 
2.672240e-02 -3.154007e-01 
2.798674e-02 -3.616478e-01 
1.113080e-01 -3.698421e-02 
7.578511e-03 -7.060465e-02 
-3.756605e-03 -6.844482e-02 
-6.494422e-03 -2.072837e-02 
-3.643990e-03 1.048472e-02 
-3.309744e-03 3.767406e-02 
-3.872115e-03 5.899755e-02 
8.391700e-04 6.329504e-02 
1.103575e-03 5.600576e-02 
5.095779e-04 3.518472e-02 
-1.024711e-03 -1.410662e-03 
-2.314270e-03 -3.981678e-02 
-2.033134e-03 -5.347829e-02 
-1.885700e-03 -4.560162e-02 
-2.078320e-03 -1.267096e-02 
-1.568310e-03 3.263146e-02 
-1.168233e-03 5.177593e-02 
-1.743773e-03 4.973890e-02 
-2.986695e-03 2.262653e-02 
-2.051343e-03 -2.066320e-02 
-1.335353e-03 -4.165998e-02 
-1.272225e-03 -4.543029e-02 
-1.981048e-03 -2.980351e-02 
-2.025566e-03 8.574286e-04 
-1.764739e-03 1.911771e-02 
-2.236084e-03 2.749999e-02 
-2.989983e-03 2.597875e-02 
-1.780763e-03 1.215046e-02 
-8.723525e-04 -6.463018e-03 
-4.248767e-04 -2.806854e-02 
-2.209506e-03 -5.620035e-02 
-2.561528e-03 -7.935445e-02 
6.096212e-05 -7.556250e-02 
-4.389281e-05 -5.876500e-02 
-9.926167e-04 -2.844392e-02 
3.202011e-04 4.189554e-03 
1.089194e-03 -5.105589e-03 
3.675455e-03 -4.219972e-02 
8.658807e-03 -9.825178e-02 
1.014157e-02 -1.833244e-01 
-1.339471e-01 -1.696300e-02 
-2.013784e-02 -1.750998e-02 
-1.844463e-03 3.363565e-02 
9.554954e-04 9.365384e-02 
2.211091e-03 1.215954e-01 
1.117904e-03 1.216821e-01 
-5.254339e-04 8.118934e-02 
-1.275168e-03 7.809470e-03 
-2.322113e-03 -3.209503e-02 
-2.958887e-03 -4.648111e-02 
-5.215697e-03 -3.247248e-02 
-7.214413e-03 4.758731e-03 
-4.939563e-03 2.555892e-02 
-5.688775e-03 3.343601e-02 
-7.916704e-03 2.618635e-02 
-4.161028e-03 5.276210e-03 
-2.983088e-03 -7.019939e-03 
-3.382623e-03 -1.270101e-02 
-5.121820e-03 -1.075203e-02 
-4.471666e-03 -1.983275e-03 
-3.426078e-03 3.121340e-03 
-3.830723e-03 5.473312e-03 
-5.268644e-03 4.013596e-03 
-3.933398e-03 -9.341848e-04 
-2.726873e-03 -3.992861e-03 
-3.173055e-03 -6.011135e-03 
-4.874291e-03 -5.429663e-03 
-3.889998e-03 -2.955309e-03 
-3.064279e-03 -3.829537e-03 
-3.581760e-03 -6.830642e-03 
-7.311478e-03 -1.562571e-02 
-8.711737e-03 -2.903879e-02 
-5.745295e-03 -3.696499e-02 
-4.671948e-03 -4.813384e-02 
-2.274314e-04 -6.390882e-02 
1.030537e-02 -8.877177e-02 
1.258598e-02 -1.385105e-01 
1.512906e-02 -2.022185e-01 
1.888356e-02 -2.712388e-01 
1.345298e-02 -3.313179e-01 
8.565311e-02 4.000450e-02 
1.188422e-02 4.273041e-03 
-8.717358e-03 -3.108755e-02 
-7.446824e-03 -3.175880e-02 
-4.864298e-03 -2.554756e-02 
-4.036568e-03 -6.749527e-03 
-3.433661e-03 2.434371e-02 
9.227455e-04 5.363442e-02 
1.914667e-03 6.118566e-02 
2.517556e-03 4.727290e-02 
1.776976e-03 8.767336e-03 
-1.237599e-03 -3.969885e-02 
-1.413624e-03 -5.910428e-02 
-1.323979e-03 -5.386877e-02 
-1.137248e-03 -1.991550e-02 
-3.987813e-04 3.085700e-02 
-3.526242e-04 5.294609e-02 
-6.980034e-04 5.182716e-02 
-1.175902e-03 2.405585e-02 
-7.495623e-04 -2.162334e-02 
-4.527213e-04 -4.390485e-02 
-3.146132e-04 -4.776506e-02 
-2.657917e-04 -3.129490e-02 
-2.703571e-04 1.068897e-03 
-3.185653e-04 2.005818e-02 
-4.704485e-04 2.796508e-02 
-1.667733e-03 2.483218e-02 
-3.029961e-03 9.717929e-03 
-2.040912e-03 -7.717691e-03 
-1.597020e-03 -2.598343e-02 
-1.751969e-03 -4.765398e-02 
3.108756e-04 -6.344006e-02 
1.768444e-03 -5.614190e-02 
1.212731e-03 -3.676925e-02 
-3.544056e-05 -4.484360e-03 
1.128240e-05 2.966493e-02 
5.556925e-04 2.617347e-02 
2.493335e-03 -2.825745e-03 
4.673814e-03 -5.374165e-02 
2.124412e-03 -1.320924e-01 
