poroelastic
-1.057803e-02 9.636647e-02 
-1.227682e-02 1.527751e-01 
-9.547928e-03 1.562757e-01 
-3.566148e-03 1.007333e-01 
-1.093839e-03 5.324282e-02 
-7.015509e-04 1.699573e-02 
-1.798155e-03 -5.393230e-03 
-2.270030e-03 -1.037580e-02 
-1.949100e-03 -1.576387e-02 
-2.608572e-03 -1.814709e-02 
-3.019118e-03 -1.385308e-02 
8.082323e-05 -1.841599e-03 
3.862153e-04 6.026570e-03 
6.154400e-04 1.043075e-02 
1.570832e-03 1.112834e-02 
2.287456e-03 8.288111e-03 
1.634540e-03 4.569978e-03 
1.707286e-03 -3.528667e-05 
2.277368e-03 -5.258457e-03 
1.380470e-03 -9.052884e-03 
1.049488e-03 -8.662322e-03 
1.224688e-03 -4.937724e-03 
1.840575e-03 1.716827e-03 
1.259093e-03 9.648205e-03 
6.091897e-04 1.472757e-02 
4.975325e-04 1.701389e-02 
-1.137585e-03 1.739722e-02 
-3.240900e-03 1.070309e-02 
-2.148931e-03 -3.882934e-03 
-2.624600e-03 -1.876873e-02 
-3.526364e-03 -3.121692e-02 
-1.998868e-04 -2.451164e-02 
8.495103e-04 7.972087e-03 
1.600319e-03 5.571122e-02 
2.871882e-03 1.224377e-01 
-2.283753e-03 1.682605e-01 
-7.477317e-03 1.345074e-01 
-8.144919e-03 5.329552e-02 
1.821567e-03 -7.900423e-02 
1.624098e-02 -2.143636e-01 
-9.309461e-02 -4.599009e-01 
2.086090e-02 -4.384003e-01 
6.359230e-03 -2.544668e-01 
-1.281990e-02 -5.478380e-02 
-9.802358e-03 4.636359e-02 
-8.759749e-03 9.241691e-02 
-1.106637e-02 8.939947e-02 
-5.106354e-03 4.344543e-02 
-2.834579e-03 4.905665e-03 
-4.809485e-03 -2.655025e-02 
-6.905040e-03 -4.801918e-02 
6.269063e-04 -4.930809e-02 
8.313382e-04 -3.817416e-02 
2.116782e-03 -1.737103e-02 
5.713955e-03 1.239460e-02 
7.679266e-03 4.072773e-02 
5.614261e-03 4.873746e-02 
5.261552e-03 3.894110e-02 
6.615699e-03 9.540525e-03 
5.437788e-03 -3.024118e-02 
4.618596e-03 -4.831480e-02 
5.748624e-03 -4.780985e-02 
7.747491e-03 -2.624077e-02 
4.409731e-03 1.099029e-02 
2.097515e-03 3.361039e-02 
1.718374e-03 4.341092e-02 
-2.091406e-03 3.820297e-02 
-8.905876e-03 1.386676e-02 
-5.817280e-03 -1.252203e-02 
-6.267402e-03 -3.598579e-02 
-1.013396e-02 -5.304487e-02 
-5.062268e-03 -5.061675e-02 
-2.124407e-03 -2.345627e-02 
-2.398875e-03 2.197475e-02 
3.187830e-03 9.214343e-02 
1.313494e-02 1.708418e-01 
3.463766e-03 1.883116e-01 
-1.032470e-03 1.687198e-01 
-3.387550e-03 1.122805e-01 
-1.919792e-03 3.731685e-02 
-1.856081e-01 3.181926e-01 
-1.719066e-02 3.228072e-01 
-3.980085e-03 2.528158e-01 
-3.270362e-03 1.518922e-01 
-1.387713e-03 7.947645e-02 
-3.825995e-04 2.630665e-02 
3.881256e-04 -7.437186e-03 
3.326272e-04 -1.657302e-02 
-2.015202e-04 -2.239558e-02 
-6.785737e-04 -2.184398e-02 
-7.212694e-04 -1.003048e-02 
5.145917e-04 1.199979e-02 
8.873745e-04 2.324438e-02 
9.007928e-04 2.595168e-02 
4.612077e-04 1.951085e-02 
-1.529552e-04 6.121710e-03 
-3.039741e-04 -2.654860e-03 
-3.647461e-04 -7.562893e-03 
-3.642855e-04 -8.062493e-03 
-1.814154e-04 -4.111231e-03 
-1.217582e-04 -2.625249e-04 
-1.799630e-04 3.099877e-03 
-3.076160e-04 5.239286e-03 
-2.664273e-04 5.579042e-03 
-2.413966e-04 5.032312e-03 
-2.457859e-04 3.733629e-03 
1.849706e-05 2.859301e-03 
5.473575e-04 3.951659e-04 
4.628836e-04 -4.916902e-03 
4.250020e-04 -8.865703e-03 
2.945429e-04 -1.002545e-02 
-1.432388e-05 -2.893094e-03 
9.406785e-05 1.115261e-02 
2.538038e-04 2.885263e-02 
-1.329279e-04 5.254896e-02 
-1.783455e-03 6.410472e-02 
-1.959406e-03 3.832104e-02 
-1.679103e-03 -7.933660e-03 
8.668946e-04 -7.537836e-02 
4.070733e-03 -1.371933e-01 
-3.690997e-02 -3.384545e-01 
1.288244e-02 -3.204944e-01 
1.298042e-02 -1.936738e-01 
-6.306989e-03 -2.009910e-02 
-6.455414e-03 7.020942e-02 
-6.655084e-03 1.090217e-01 
-8.417689e-03 9.596145e-02 
-4.790125e-03 3.765098e-02 
-3.732638e-03 -6.070730e-03 
-5.700746e-03 -3.726545e-02 
-6.757112e-03 -5.039815e-02 
8.630159e-04 -3.667104e-02 
1.536052e-03 -1.962638e-02 
2.742611e-03 -7.024455e-06 
4.843177e-03 2.139685e-02 
4.183094e-03 3.688125e-02 
2.888279e-03 3.862698e-02 
2.629839e-03 2.809481e-02 
3.525928e-03 4.344392e-03 
3.239463e-03 -2.457240e-02 
2.891862e-03 -3.768367e-02 
3.670768e-03 -3.684406e-02 
4.526986e-03 -1.998681e-02 
1.674427e-03 7.846683e-03 
4.465059e-04 2.443483e-02 
2.959755e-04 3.125238e-02 
-1.405162e-03 2.680226e-02 
-4.032688e-03 9.017321e-03 
-2.360815e-03 -9.163797e-03 
-2.483784e-03 -2.466094e-02 
-4.778938e-03 -3.485838e-02 
-3.194597e-03 -3.435592e-02 
-1.872324e-03 -2.436419e-02 
-2.629164e-03 -5.844177e-03 
-1.381011e-03 2.687727e-02 
4.733890e-03 7.291831e-02 
2.282507e-03 9.642314e-02 
1.483109e-03 1.087137e-01 
4.001674e-04 1.119324e-01 
-8.318894e-04 1.071287e-01 
-3.119082e-01 4.324474e-01 
-2.610011e-02 4.293098e-01 
-6.947338e-04 2.932601e-01 
-4.794342e-03 1.630053e-01 
-2.885202e-03 7.760250e-02 
-1.013583e-03 1.852067e-02 
1.936934e-03 -1.728460e-02 
3.680685e-03 -2.673575e-02 
2.476424e-03 -2.986376e-02 
1.971896e-03 -2.435571e-02 
1.845104e-03 -4.069425e-03 
7.768912e-04 2.900435e-02 
1.006966e-03 4.309475e-02 
6.829744e-04 4.199913e-02 
-6.605118e-04 2.347770e-02 
-1.498689e-03 -7.339391e-03 
-1.364755e-03 -2.237893e-02 
-1.324530e-03 -2.472258e-02 
-1.480132e-03 -1.286712e-02 
-1.087408e-03 9.387224e-03 
-9.828711e-04 2.049639e-02 
-1.252517e-03 2.253520e-02 
-1.335433e-03 1.395728e-02 
-1.692178e-04 -2.951811e-03 
1.303483e-04 -1.215999e-02 
1.596723e-04 -1.527439e-02 
4.873444e-04 -1.101921e-02 
8.298715e-04 -5.624124e-04 
4.650515e-04 5.938016e-03 
5.434715e-04 1.050464e-02 
1.071267e-03 1.378292e-02 
4.974648e-04 1.301739e-02 
3.332828e-04 4.457279e-03 
5.217593e-04 -8.719571e-03 
7.712224e-04 -2.486734e-02 
3.979420e-04 -4.006328e-02 
5.332081e-05 -5.006942e-02 
-2.943786e-04 -5.376231e-02 
-6.208556e-04 -5.047437e-02 
-7.302455e-04 -3.916818e-02 
