poroelastic
-1.069831e-02 9.579797e-02 
-1.178201e-02 1.504140e-01 
-8.556139e-03 1.508004e-01 
-2.527298e-03 9.199705e-02 
-7.017815e-04 4.468933e-02 
-4.802099e-04 9.940362e-03 
-1.412553e-03 -9.755203e-03 
-1.828984e-03 -1.123975e-02 
-1.535646e-03 -1.395848e-02 
-2.006937e-03 -1.476853e-02 
-2.335103e-03 -1.072162e-02 
1.693017e-05 -1.155535e-03 
2.458258e-04 5.273050e-03 
4.109331e-04 8.905788e-03 
1.249465e-03 9.372883e-03 
1.980165e-03 6.914845e-03 
1.415485e-03 3.808458e-03 
1.495874e-03 -1.448373e-04 
2.016999e-03 -4.825741e-03 
1.208326e-03 -8.400170e-03 
9.177078e-04 -7.951307e-03 
1.065524e-03 -4.399733e-03 
1.561374e-03 1.731878e-03 
1.000231e-03 8.802535e-03 
4.677358e-04 1.334423e-02 
3.844244e-04 1.538475e-02 
-1.019115e-03 1.580740e-02 
-2.801867e-03 9.996648e-03 
-1.846581e-03 -3.100495e-03 
-2.250013e-03 -1.676482e-02 
-3.018604e-03 -2.877169e-02 
-2.016853e-04 -2.376132e-02 
6.541160e-04 5.495172e-03 
1.315142e-03 4.949454e-02 
2.555668e-03 1.119148e-01 
-1.723612e-03 1.557298e-01 
-6.282963e-03 1.255981e-01 
-6.996148e-03 5.110257e-02 
1.375282e-03 -7.135992e-02 
1.381241e-02 -1.968232e-01 
-1.016261e-01 -4.595361e-01 
1.740223e-02 -4.358635e-01 
3.673344e-03 -2.550673e-01 
-1.171118e-02 -6.280229e-02 
-8.830736e-03 3.574717e-02 
-7.803372e-03 8.204108e-02 
-9.441916e-03 8.203926e-02 
-3.772983e-03 4.160985e-02 
-1.804545e-03 7.314560e-03 
-3.392999e-03 -2.168563e-02 
-5.127433e-03 -4.336639e-02 
6.710155e-04 -4.815271e-02 
6.765126e-04 -3.975212e-02 
1.733702e-03 -2.060277e-02 
4.951109e-03 9.141485e-03 
6.929782e-03 3.917803e-02 
5.048944e-03 4.844399e-02 
4.755115e-03 3.953018e-02 
5.981609e-03 1.027426e-02 
4.844870e-03 -3.021192e-02 
4.134017e-03 -4.832127e-02 
5.136450e-03 -4.764100e-02 
6.838899e-03 -2.593938e-02 
3.782597e-03 1.114032e-02 
1.775336e-03 3.338886e-02 
1.445409e-03 4.272842e-02 
-1.963211e-03 3.719884e-02 
-7.933305e-03 1.334412e-02 
-5.211376e-03 -1.215578e-02 
-5.631177e-03 -3.484367e-02 
-9.027752e-03 -5.187469e-02 
-4.510202e-03 -5.085195e-02 
-1.995858e-03 -2.487332e-02 
-2.261614e-03 1.956991e-02 
2.916815e-03 8.828321e-02 
1.203251e-02 1.655374e-01 
3.335589e-03 1.854407e-01 
-7.883690e-04 1.694946e-01 
-3.169688e-03 1.177361e-01 
-2.235155e-03 4.695200e-02 
-1.792811e-01 3.191183e-01 
-1.471792e-02 3.168449e-01 
-2.930600e-03 2.430061e-01 
-2.309241e-03 1.398717e-01 
-9.769758e-04 6.862866e-02 
-2.193555e-04 1.803999e-02 
4.238169e-04 -1.195002e-02 
3.625630e-04 -1.704271e-02 
-9.172356e-05 -2.002305e-02 
-4.211509e-04 -1.798671e-02 
-4.107410e-04 -6.857754e-03 
4.278842e-04 1.198665e-02 
7.071680e-04 2.139716e-02 
7.070714e-04 2.321936e-02 
3.096150e-04 1.681130e-02 
-2.288695e-04 4.433086e-03 
-3.201962e-04 -3.401038e-03 
-3.607714e-04 -7.508677e-03 
-3.727722e-04 -7.474203e-03 
-1.983096e-04 -3.425100e-03 
-1.436352e-04 4.398517e-04 
-2.076385e-04 3.632920e-03 
-3.282610e-04 5.290177e-03 
-2.438016e-04 4.903210e-03 
-2.022198e-04 4.006670e-03 
-1.997917e-04 2.680893e-03 
5.024791e-05 2.089327e-03 
5.176633e-04 5.366498e-04 
4.272688e-04 -3.679166e-03 
4.202465e-04 -6.974543e-03 
3.521294e-04 -8.368844e-03 
4.444856e-06 -3.316516e-03 
6.421708e-05 8.064677e-03 
2.058418e-04 2.310550e-02 
-6.123217e-05 4.431634e-02 
-1.379528e-03 5.598889e-02 
-1.519024e-03 3.363654e-02 
-1.349306e-03 -7.453513e-03 
5.823500e-04 -6.792522e-02 
3.151088e-03 -1.235907e-01 
-4.341218e-02 -3.394293e-01 
1.014773e-02 -3.210565e-01 
1.086894e-02 -1.986995e-01 
-5.049069e-03 -3.125442e-02 
-5.260119e-03 5.779032e-02 
-5.561790e-03 9.829541e-02 
-7.343355e-03 8.964622e-02 
-4.240959e-03 3.729296e-02 
-3.206793e-03 -2.278670e-03 
-4.797258e-03 -3.149301e-02 
-5.645123e-03 -4.589559e-02 
7.784457e-04 -3.701107e-02 
1.228981e-03 -2.312171e-02 
2.274354e-03 -4.799498e-03 
4.282529e-03 1.762289e-02 
3.847898e-03 3.608667e-02 
2.663983e-03 3.967612e-02 
2.448065e-03 3.000287e-02 
3.269303e-03 5.679248e-03 
2.933664e-03 -2.505879e-02 
2.636653e-03 -3.878223e-02 
3.339099e-03 -3.787670e-02 
4.022620e-03 -2.041232e-02 
1.338850e-03 8.248562e-03 
2.762958e-04 2.514297e-02 
1.479231e-04 3.187379e-02 
-1.361399e-03 2.691963e-02 
-3.600705e-03 8.722739e-03 
-2.105931e-03 -9.346267e-03 
-2.227522e-03 -2.472289e-02 
-4.279542e-03 -3.520448e-02 
-2.858273e-03 -3.533062e-02 
-1.713935e-03 -2.506922e-02 
-2.405627e-03 -5.857900e-03 
-1.306958e-03 2.730841e-02 
4.152850e-03 7.316689e-02 
2.034565e-03 9.787783e-02 
1.363916e-03 1.114005e-01 
4.148675e-04 1.156286e-01 
-6.630700e-04 1.104736e-01 
-3.022412e-01 4.323293e-01 
-2.213722e-02 4.206817e-01 
1.116810e-04 2.817678e-01 
-4.111058e-03 1.519107e-01 
-2.676382e-03 6.928562e-02 
-1.102805e-03 1.351876e-02 
1.652739e-03 -1.906708e-02 
3.520168e-03 -2.642963e-02 
2.425848e-03 -2.799356e-02 
2.012041e-03 -2.163932e-02 
1.926079e-03 -2.041366e-03 
6.991698e-04 2.823226e-02 
8.579064e-04 4.086095e-02 
5.937252e-04 3.920236e-02 
-5.932129e-04 2.108741e-02 
-1.410842e-03 -8.221424e-03 
-1.259606e-03 -2.219787e-02 
-1.218427e-03 -2.394192e-02 
-1.360724e-03 -1.201464e-02 
-9.722602e-04 9.725198e-03 
-8.878327e-04 2.044105e-02 
-1.121711e-03 2.217810e-02 
-1.142411e-03 1.336300e-02 
-7.820118e-05 -3.672455e-03 
1.694991e-04 -1.278163e-02 
1.877214e-04 -1.563685e-02 
4.315202e-04 -1.100370e-02 
6.337822e-04 -3.450376e-05 
3.153947e-04 6.884833e-03 
3.679815e-04 1.156342e-02 
8.944931e-04 1.436054e-02 
5.726560e-04 1.202296e-02 
4.069162e-04 2.174822e-03 
6.004969e-04 -1.193374e-02 
8.802615e-04 -2.867337e-02 
3.879726e-04 -4.293948e-02 
-1.047487e-05 -5.105638e-02 
-3.619426e-04 -5.265474e-02 
-6.534384e-04 -4.681636e-02 
-6.554183e-04 -3.245553e-02 
