poroelastic
-1.075648e-02 1.406115e-01 
-9.968228e-03 2.091082e-01 
-4.531532e-03 1.752334e-01 
-3.876104e-04 4.998909e-02 
-2.543752e-04 -3.353407e-02 
-5.271003e-04 -7.641026e-02 
-2.147982e-03 -6.867182e-02 
-3.272113e-03 -1.976652e-02 
-2.078502e-03 3.066253e-03 
-2.131014e-03 1.228694e-02 
-2.315946e-03 1.066594e-02 
3.367749e-04 3.044052e-03 
9.361277e-05 -1.207078e-03 
2.356403e-05 -4.365186e-03 
1.286590e-03 -6.316396e-03 
2.775378e-03 -5.257410e-03 
2.228012e-03 -3.629078e-03 
2.619789e-03 -1.613998e-03 
3.567491e-03 1.063735e-03 
2.024976e-03 3.158772e-03 
1.381069e-03 3.344748e-03 
1.568117e-03 1.963222e-03 
2.538933e-03 -1.993302e-03 
2.174575e-03 -5.572836e-03 
1.570291e-03 -1.608935e-03 
1.430095e-03 7.499937e-03 
-1.447338e-03 2.278494e-02 
-5.152645e-03 3.049165e-02 
-3.212924e-03 1.553017e-02 
-3.229190e-03 -7.584593e-03 
-3.435915e-03 -3.192735e-02 
1.249800e-03 -2.474296e-02 
1.838992e-03 2.764337e-02 
1.566159e-03 1.048800e-01 
-5.772348e-04 2.058616e-01 
-1.117499e-02 2.614789e-01 
-1.584128e-02 1.944615e-01 
-1.291242e-02 5.465798e-02 
7.941384e-03 -1.551832e-01 
3.236315e-02 -3.772609e-01 
-3.269857e-01 -7.148752e-01 
-1.959607e-02 -6.922792e-01 
4.581229e-03 -3.952795e-01 
-7.094225e-03 -9.749361e-02 
-4.759311e-03 5.442400e-02 
-2.759767e-03 1.170875e-01 
-3.374998e-03 9.734492e-02 
-2.717370e-03 1.099001e-02 
-3.628836e-03 -4.758718e-02 
-5.878154e-03 -7.760428e-02 
-6.780419e-03 -7.240865e-02 
1.031814e-03 -3.049151e-02 
2.174194e-03 1.137673e-03 
3.184462e-03 2.275933e-02 
4.912657e-03 3.037651e-02 
5.172849e-03 2.129780e-02 
3.485473e-03 1.238232e-02 
3.494212e-03 1.758880e-03 
5.135217e-03 -9.387785e-03 
4.378374e-03 -1.687295e-02 
3.486655e-03 -2.035433e-02 
4.107700e-03 -1.843509e-02 
5.531091e-03 -1.022487e-02 
3.365533e-03 2.580992e-03 
1.899417e-03 1.461491e-02 
1.648697e-03 2.364616e-02 
-1.205607e-03 2.696745e-02 
-6.294804e-03 1.720511e-02 
-3.989430e-03 -1.131931e-03 
-3.994534e-03 -1.904662e-02 
-5.689316e-03 -2.858264e-02 
-1.316442e-03 -1.322261e-02 
1.322670e-04 2.188189e-02 
-3.002259e-04 6.951723e-02 
1.449820e-03 1.338151e-01 
1.257147e-03 1.885586e-01 
-4.532516e-03 1.650277e-01 
-5.530784e-03 9.617910e-02 
-8.113164e-04 -1.631565e-02 
8.313139e-03 -1.347960e-01 
-2.469043e-01 5.507493e-01 
-1.364083e-02 5.117800e-01 
5.663997e-04 3.257682e-01 
-1.082220e-04 9.907353e-02 
1.227099e-04 -3.674391e-02 
6.055823e-04 -1.060527e-01 
-4.943437e-04 -9.942612e-02 
-3.017680e-03 -2.831432e-02 
-2.203184e-03 7.751665e-03 
-1.900486e-03 2.436012e-02 
-1.364074e-03 2.547449e-02 
9.535593e-04 1.627216e-02 
6.413444e-04 9.393549e-03 
4.355590e-04 2.659085e-03 
7.804352e-04 -3.651975e-03 
1.108831e-03 -6.528964e-03 
8.791197e-04 -7.144913e-03 
1.126021e-03 -5.533722e-03 
1.805522e-03 -1.111761e-03 
1.302932e-03 4.419350e-03 
8.780332e-04 6.927154e-03 
9.199704e-04 6.721158e-03 
1.212638e-03 2.821196e-03 
7.632332e-04 -3.042837e-03 
5.968591e-04 -4.035449e-03 
6.059596e-04 -1.476726e-03 
-3.943037e-04 5.253085e-03 
-1.885899e-03 1.043701e-02 
-1.276832e-03 6.745348e-03 
-1.282369e-03 1.514769e-03 
-1.196667e-03 -1.425479e-04 
4.971694e-04 1.547193e-02 
2.898762e-04 4.455473e-02 
-2.789588e-04 8.018876e-02 
-1.689146e-03 1.207262e-01 
-4.116116e-03 1.316838e-01 
-4.032507e-03 8.743448e-02 
-2.430649e-03 1.040427e-02 
3.308973e-03 -1.023636e-01 
8.738186e-03 -2.206595e-01 
-1.470372e-01 -5.133090e-01 
-6.464535e-03 -4.803825e-01 
7.818880e-03 -2.949251e-01 
-2.579102e-03 -6.166396e-02 
-3.054109e-03 6.275273e-02 
-2.984946e-03 1.145476e-01 
-3.914004e-03 9.223966e-02 
-3.057020e-03 6.664308e-03 
-4.026877e-03 -5.162801e-02 
-6.698027e-03 -8.070856e-02 
-7.164758e-03 -6.957854e-02 
1.887517e-03 -1.665112e-02 
3.098896e-03 1.835815e-02 
3.871925e-03 3.750602e-02 
4.557195e-03 3.667846e-02 
3.023270e-03 1.636125e-02 
1.856611e-03 1.983166e-03 
1.955942e-03 -8.998382e-03 
3.423281e-03 -1.474705e-02 
3.253742e-03 -1.290641e-02 
2.550518e-03 -1.119500e-02 
2.917411e-03 -7.644819e-03 
3.548322e-03 -1.753448e-03 
1.477352e-03 4.499388e-03 
7.566213e-04 9.625934e-03 
8.162378e-04 1.242677e-02 
-5.032840e-04 1.092421e-02 
-3.009348e-03 2.640051e-03 
-1.831354e-03 -5.625670e-03 
-1.950083e-03 -9.922716e-03 
-3.203910e-03 -4.206378e-03 
-1.286761e-03 1.450902e-02 
-4.953249e-04 2.787576e-02 
-8.880821e-04 3.859590e-02 
-5.709761e-04 5.104651e-02 
9.838697e-04 6.523162e-02 
-2.277557e-04 6.314701e-02 
-4.604261e-04 5.578862e-02 
-6.016309e-04 4.147197e-02 
-5.851606e-04 3.332700e-02 
-4.784462e-01 7.356967e-01 
-2.541672e-02 6.760505e-01 
6.136342e-03 3.816352e-01 
-1.387153e-03 1.149450e-01 
2.802787e-04 -3.562066e-02 
2.404150e-03 -1.082529e-01 
2.016247e-03 -9.996716e-02 
-2.109178e-03 -2.678145e-02 
-2.346955e-03 1.055182e-02 
-2.043769e-03 2.754829e-02 
-1.094175e-03 3.101682e-02 
1.034524e-03 2.814521e-02 
8.470545e-04 2.279103e-02 
5.387912e-04 1.347186e-02 
2.823568e-04 -2.436374e-04 
6.947030e-05 -1.356353e-02 
5.705661e-05 -1.871946e-02 
2.998566e-04 -1.642144e-02 
7.466636e-04 -5.649346e-03 
5.664200e-04 1.020777e-02 
2.605592e-04 1.833542e-02 
1.208453e-04 1.950970e-02 
7.103146e-05 1.281457e-02 
4.498711e-05 -6.500776e-05 
1.712823e-04 -8.431984e-03 
2.647888e-04 -1.253664e-02 
1.832342e-04 -1.217002e-02 
-5.345877e-05 -6.907002e-03 
-1.101839e-04 4.975126e-04 
-2.556217e-04 9.689607e-03 
-4.073447e-04 2.283306e-02 
-4.354430e-04 3.845083e-02 
-5.997575e-04 4.142040e-02 
-5.967954e-04 3.584814e-02 
-2.600186e-04 2.212246e-02 
4.192337e-04 4.678410e-04 
4.527182e-04 -1.196361e-02 
3.587359e-04 -1.664728e-02 
2.047951e-04 -2.112393e-02 
-2.623872e-04 -2.957947e-02 
