poroelastic
3.689571e-03 -4.980187e-02 
2.228118e-03 -7.214820e-02 
6.450692e-04 -4.088627e-02 
1.534200e-03 3.977101e-02 
2.592363e-03 7.955572e-02 
2.054478e-03 8.016220e-02 
9.402647e-04 3.975057e-02 
1.710432e-04 -1.919200e-02 
-1.134172e-03 -4.565551e-02 
-1.295806e-03 -4.863462e-02 
-4.842142e-04 -2.496399e-02 
3.688419e-04 1.494338e-02 
1.180286e-03 3.374959e-02 
1.169062e-03 3.626293e-02 
-6.652595e-04 1.994533e-02 
-2.720249e-03 -8.895781e-03 
-2.275575e-03 -2.246871e-02 
-2.208187e-03 -2.439026e-02 
-2.371892e-03 -1.251017e-02 
-1.304237e-03 8.798216e-03 
-1.074613e-03 1.788095e-02 
-1.373851e-03 1.825115e-02 
-2.153974e-03 9.293618e-03 
-1.506204e-03 -7.162824e-03 
-6.645371e-04 -1.761844e-02 
-4.441941e-04 -2.277478e-02 
6.995554e-04 -2.263677e-02 
2.195844e-03 -1.001772e-02 
1.162822e-03 1.100992e-02 
1.186168e-03 3.158945e-02 
6.649589e-04 4.796463e-02 
-2.804879e-03 2.483736e-02 
-1.119034e-03 -4.808396e-02 
2.500755e-03 -1.425830e-01 
1.038077e-02 -2.556879e-01 
2.223122e-02 -3.130682e-01 
2.212320e-02 -2.280521e-01 
1.280535e-02 -5.201079e-02 
-1.736572e-02 2.127057e-01 
-4.627349e-02 5.160575e-01 
4.224276e-01 7.430595e-01 
5.850595e-02 8.012377e-01 
1.194508e-02 5.223295e-01 
1.097522e-02 1.952329e-01 
4.007098e-03 6.869696e-03 
-9.643445e-04 -9.751176e-02 
-2.468905e-03 -1.179092e-01 
-2.361829e-03 -5.414475e-02 
-7.492361e-04 -7.349483e-03 
1.001368e-03 2.458302e-02 
1.726955e-03 4.272930e-02 
-4.322413e-04 4.181295e-02 
-5.723991e-04 3.182279e-02 
-1.579428e-03 1.523224e-02 
-3.777555e-03 -7.490492e-03 
-4.395023e-03 -2.793053e-02 
-3.157470e-03 -3.245652e-02 
-2.934898e-03 -2.457445e-02 
-3.678056e-03 -2.771820e-03 
-3.077870e-03 2.604796e-02 
-2.708386e-03 3.623639e-02 
-3.326256e-03 3.189831e-02 
-4.381581e-03 1.128287e-02 
-2.384750e-03 -2.065335e-02 
-8.208619e-04 -3.602761e-02 
-6.473374e-04 -3.671902e-02 
-4.205691e-05 -2.025511e-02 
1.727584e-03 1.281576e-02 
5.270292e-04 3.642221e-02 
5.449279e-04 4.848188e-02 
1.079189e-03 4.579004e-02 
-1.210481e-03 8.713646e-03 
8.175954e-05 -5.714879e-02 
2.961330e-03 -1.329884e-01 
6.222945e-03 -2.204985e-01 
1.243408e-02 -2.800151e-01 
1.426974e-02 -2.253774e-01 
9.572417e-03 -9.518741e-02 
-5.889655e-03 1.122883e-01 
-2.565382e-02 3.627855e-01 
1.457083e-01 -4.654033e-01 
-3.675163e-03 -3.446438e-01 
-5.080837e-03 -1.476321e-01 
1.049625e-03 2.711247e-02 
2.819560e-03 1.076976e-01 
1.977369e-03 1.196081e-01 
6.878616e-04 6.323997e-02 
7.418966e-04 -2.897196e-02 
-9.650596e-04 -7.251793e-02 
-1.798842e-03 -8.085973e-02 
-1.477156e-03 -5.033068e-02 
1.098518e-04 5.482603e-03 
1.067456e-03 3.470398e-02 
1.188277e-03 4.385276e-02 
1.405269e-04 2.871043e-02 
-1.041109e-03 -5.166560e-03 
-1.006223e-03 -2.124271e-02 
-9.044781e-04 -2.486915e-02 
-8.035118e-04 -1.318831e-02 
-5.230995e-04 9.294635e-03 
-5.301114e-04 1.643039e-02 
-6.915122e-04 1.363141e-02 
-7.618459e-04 -5.664225e-04 
1.960544e-05 -2.100322e-02 
3.816063e-04 -2.518943e-02 
2.932119e-04 -1.815659e-02 
-9.733827e-05 6.239769e-04 
-5.116582e-04 2.682576e-02 
-6.863499e-04 3.786950e-02 
-4.083282e-04 3.608061e-02 
-3.379633e-04 2.102172e-02 
-5.094926e-04 -2.421161e-02 
2.043813e-03 -8.896990e-02 
5.536286e-03 -1.546426e-01 
1.068073e-02 -2.174003e-01 
1.260314e-02 -2.293415e-01 
8.585129e-03 -1.449504e-01 
1.296197e-03 2.102354e-03 
-1.371573e-02 2.160067e-01 
-2.276101e-02 4.598372e-01 
2.480057e-01 6.119785e-01 
3.771878e-02 6.513218e-01 
9.286240e-03 4.668782e-01 
4.747186e-03 1.776541e-01 
8.728786e-04 -1.832607e-03 
-1.446160e-03 -1.083895e-01 
-1.166845e-03 -1.308749e-01 
-6.430350e-04 -6.217689e-02 
5.039320e-04 -1.061859e-02 
2.280239e-03 2.678300e-02 
2.969108e-03 4.717220e-02 
-1.822879e-04 4.099242e-02 
-6.644329e-04 2.884947e-02 
-1.735832e-03 1.180657e-02 
-3.428812e-03 -1.120089e-02 
-2.816319e-03 -3.189649e-02 
-1.933141e-03 -3.568605e-02 
-1.701090e-03 -2.621078e-02 
-2.178566e-03 -1.322500e-03 
-2.078884e-03 3.015301e-02 
-2.018342e-03 3.995330e-02 
-2.524271e-03 3.308940e-02 
-2.863144e-03 7.100799e-03 
-5.961523e-04 -2.929256e-02 
4.030770e-04 -4.198281e-02 
2.981977e-04 -3.634536e-02 
-1.465270e-04 -1.047867e-02 
-3.208727e-04 2.877310e-02 
-1.085807e-03 4.726222e-02 
-1.007032e-03 4.869711e-02 
-4.072119e-04 3.202337e-02 
-5.026514e-04 -1.233807e-02 
1.255094e-03 -6.661779e-02 
3.593323e-03 -1.174845e-01 
5.879976e-03 -1.645541e-01 
7.148777e-03 -1.864525e-01 
5.373226e-03 -1.419788e-01 
1.876921e-03 -5.419189e-02 
-4.385167e-03 8.120090e-02 
-7.843595e-03 2.433983e-01 
3.862049e-01 -7.495891e-01 
-3.537833e-03 -5.925000e-01 
-1.072603e-02 -2.702464e-01 
5.829038e-04 -3.828921e-02 
1.862717e-03 6.981900e-02 
6.710716e-04 9.952358e-02 
-3.295597e-04 5.949277e-02 
5.897444e-04 -1.761692e-02 
-1.517917e-04 -5.370310e-02 
-1.262561e-03 -6.153084e-02 
-1.704619e-03 -4.182079e-02 
1.861988e-05 -5.780635e-03 
5.797739e-04 1.426623e-02 
7.599069e-04 2.258493e-02 
6.231590e-04 1.624974e-02 
1.842375e-04 -2.665049e-03 
7.423351e-05 -1.125009e-02 
1.885840e-04 -1.307160e-02 
4.555946e-04 -6.663139e-03 
3.271848e-04 5.621666e-03 
1.808888e-04 8.159464e-03 
1.835058e-04 4.620523e-03 
3.188705e-04 -5.654875e-03 
3.792491e-04 -1.861356e-02 
3.643556e-04 -1.852875e-02 
2.556664e-04 -9.722925e-03 
6.346429e-05 7.566820e-03 
-2.929571e-04 2.634060e-02 
-5.064486e-04 2.830588e-02 
-3.921370e-04 1.945223e-02 
6.616429e-05 2.671503e-03 
1.225019e-03 -2.797948e-02 
2.974177e-03 -6.546847e-02 
4.917195e-03 -9.606732e-02 
5.439525e-03 -1.145380e-01 
8.367703e-04 -1.018243e-01 
-1.954632e-03 -4.808268e-02 
-4.892252e-03 3.338102e-02 
-7.357125e-03 1.502089e-01 
-2.161206e-03 3.011698e-01 
