poroelastic
3.006181e-03 -6.830566e-02 
1.360862e-03 -1.097403e-01 
-2.121741e-03 -9.872985e-02 
-1.049172e-03 -3.056143e-02 
1.834414e-04 1.391565e-02 
4.774295e-04 2.839522e-02 
-2.680669e-04 9.756037e-03 
-1.377225e-03 -2.570057e-02 
-1.680829e-03 -3.592156e-02 
-1.905989e-03 -2.937040e-02 
-1.412342e-03 -7.433369e-03 
9.515103e-04 1.792662e-02 
1.245008e-03 2.817691e-02 
1.152716e-03 2.600163e-02 
1.050813e-03 9.913090e-03 
8.327555e-04 -1.417520e-02 
5.343346e-04 -2.591604e-02 
1.043497e-03 -2.721537e-02 
2.049033e-03 -1.658160e-02 
1.231941e-03 3.217211e-03 
7.134089e-04 1.632012e-02 
5.941052e-04 2.364919e-02 
7.864829e-04 2.508916e-02 
4.691735e-04 1.777039e-02 
4.859729e-04 4.169466e-03 
1.147644e-03 -1.320109e-02 
1.180446e-03 -3.604414e-02 
-1.131974e-03 -4.543326e-02 
-1.777491e-03 -2.142471e-02 
-2.581544e-03 1.768183e-02 
-1.717659e-03 6.700629e-02 
7.453454e-04 8.527585e-02 
1.881963e-04 3.944438e-02 
5.609164e-04 -4.005878e-02 
4.469832e-03 -1.507159e-01 
1.394121e-02 -2.238351e-01 
1.516620e-02 -1.598389e-01 
1.036780e-02 -1.419651e-02 
-1.050934e-02 1.950673e-01 
-3.416479e-02 4.325265e-01 
4.629863e-01 7.353906e-01 
5.139185e-02 7.362817e-01 
-3.333275e-03 4.009403e-01 
6.118696e-04 4.506933e-02 
-2.775791e-03 -1.399403e-01 
-7.770115e-03 -2.141224e-01 
-1.173163e-02 -1.730117e-01 
-4.033473e-03 -3.586412e-02 
2.010653e-03 4.909508e-02 
4.191369e-03 9.100884e-02 
4.128868e-03 8.510768e-02 
3.151907e-03 3.155523e-02 
8.722972e-04 -5.684928e-03 
4.309885e-05 -2.991338e-02 
8.925838e-04 -3.888609e-02 
1.914522e-03 -2.912515e-02 
1.757793e-03 -1.784913e-02 
2.350152e-03 -4.942881e-03 
3.594229e-03 8.559665e-03 
2.721908e-03 1.842470e-02 
1.732457e-03 2.275683e-02 
1.692090e-03 2.144902e-02 
2.281231e-03 1.418445e-02 
1.775187e-03 1.400675e-03 
1.711118e-03 -1.091472e-02 
2.332665e-03 -2.048015e-02 
1.502488e-03 -2.710266e-02 
-2.280988e-03 -2.173790e-02 
-2.413842e-03 7.067307e-04 
-3.085843e-03 2.813209e-02 
-3.703978e-03 5.699334e-02 
-1.309541e-03 6.581831e-02 
-3.319869e-04 3.502210e-02 
4.556719e-06 -1.580886e-02 
1.865105e-03 -8.910976e-02 
8.729707e-03 -1.521888e-01 
8.728753e-03 -1.064476e-01 
5.919516e-03 7.527816e-03 
-5.227493e-03 1.785103e-01 
-2.185149e-02 3.719219e-01 
1.753588e-01 -4.988959e-01 
5.055340e-03 -4.049549e-01 
-2.119870e-03 -2.239501e-01 
-4.500459e-04 -6.057053e-02 
4.228708e-04 2.809242e-02 
4.894711e-04 5.722253e-02 
2.926089e-05 2.436582e-02 
-1.016951e-03 -4.424741e-02 
-2.047761e-03 -6.836056e-02 
-2.872164e-03 -6.073629e-02 
-2.238049e-03 -2.222567e-02 
1.423952e-03 2.768609e-02 
1.955322e-03 4.885465e-02 
1.768775e-03 4.711729e-02 
1.007005e-03 1.842783e-02 
3.497572e-05 -2.694429e-02 
-1.266154e-04 -4.644572e-02 
4.706010e-04 -4.576542e-02 
1.654871e-03 -2.179118e-02 
1.231773e-03 1.778389e-02 
5.635848e-04 3.676424e-02 
2.869408e-04 3.999565e-02 
3.430444e-04 2.572936e-02 
4.702450e-04 -2.682843e-03 
8.187831e-04 -2.050419e-02 
1.253930e-03 -3.012303e-02 
9.352079e-04 -3.220628e-02 
-7.507457e-04 -1.930491e-02 
-1.066133e-03 4.957141e-03 
-1.483646e-03 3.263312e-02 
-1.374114e-03 6.329409e-02 
-4.868439e-04 7.067023e-02 
-3.045617e-04 3.193658e-02 
4.830338e-04 -2.996363e-02 
2.584535e-03 -1.149079e-01 
5.935352e-03 -1.776739e-01 
5.762788e-03 -1.357640e-01 
3.228292e-03 -2.686880e-02 
-4.921273e-03 1.433489e-01 
-1.322163e-02 3.534913e-01 
2.388416e-01 5.783695e-01 
2.368816e-02 5.557937e-01 
-4.181021e-04 3.225184e-01 
5.645041e-04 1.925792e-02 
-1.903460e-04 -1.465083e-01 
-2.600947e-03 -2.160281e-01 
-7.289663e-03 -1.752721e-01 
-4.938231e-03 -3.775838e-02 
-8.980568e-04 5.099869e-02 
1.507541e-03 9.813181e-02 
2.950891e-03 9.247619e-02 
2.809749e-03 3.118887e-02 
6.447940e-04 -1.037382e-02 
3.198547e-05 -3.676434e-02 
9.902819e-04 -4.529422e-02 
1.260783e-03 -3.249686e-02 
1.204701e-03 -1.875874e-02 
1.715329e-03 -3.372538e-03 
2.823047e-03 1.288203e-02 
2.182313e-03 2.448083e-02 
1.277439e-03 2.757200e-02 
1.233573e-03 2.260809e-02 
1.666844e-03 8.995566e-03 
1.211102e-03 -9.635267e-03 
1.316581e-03 -2.076941e-02 
1.693335e-03 -2.445694e-02 
9.634709e-04 -2.067043e-02 
-1.437799e-03 -6.256042e-03 
-1.454656e-03 1.274214e-02 
-1.832509e-03 3.026533e-02 
-2.422902e-03 4.508168e-02 
-1.302544e-03 4.634033e-02 
-5.464057e-04 2.770990e-02 
-3.119668e-04 1.274453e-03 
1.674123e-04 -3.612675e-02 
2.019520e-03 -7.231329e-02 
1.352589e-03 -4.876103e-02 
4.151360e-04 1.173326e-02 
-2.060879e-03 1.048639e-01 
-4.122539e-03 2.129163e-01 
4.407767e-01 -7.790702e-01 
1.377927e-02 -6.676525e-01 
-5.393417e-03 -3.438520e-01 
1.217320e-03 -9.302060e-02 
7.358607e-04 3.959381e-02 
-4.545458e-04 8.956942e-02 
-8.578776e-04 5.785917e-02 
-2.185709e-04 -2.633489e-02 
-1.002586e-03 -6.146309e-02 
-2.493232e-03 -6.211774e-02 
-2.834543e-03 -3.197387e-02 
6.438781e-04 1.059742e-02 
1.198196e-03 3.098584e-02 
1.234220e-03 3.428823e-02 
9.845947e-04 1.758354e-02 
3.470468e-04 -1.367851e-02 
1.985916e-04 -2.789920e-02 
5.088669e-04 -2.903906e-02 
1.151770e-03 -1.547309e-02 
8.474566e-04 8.698620e-03 
4.696760e-04 2.038451e-02 
3.490959e-04 2.259011e-02 
3.314356e-04 1.452545e-02 
1.643671e-04 -1.923708e-03 
2.599778e-04 -1.138050e-02 
3.718176e-04 -1.539549e-02 
3.778555e-04 -1.460065e-02 
2.051445e-04 -7.829112e-03 
7.406360e-05 1.678655e-03 
-1.490059e-04 1.292292e-02 
-5.119626e-04 2.829848e-02 
-6.530246e-04 3.827949e-02 
-5.158833e-04 2.757489e-02 
-1.415025e-04 7.669249e-03 
2.958332e-04 -2.251252e-02 
1.782043e-04 -5.242136e-02 
-4.216335e-04 -4.403706e-02 
-1.130865e-03 -1.071655e-02 
-1.391476e-03 4.918490e-02 
9.370851e-04 1.488575e-01 
