poroelastic
2.536649e-03 -6.662004e-02 
2.636854e-04 -1.070308e-01 
-3.579560e-03 -9.553834e-02 
-1.160600e-03 -2.441579e-02 
4.202766e-04 2.013410e-02 
8.987906e-04 3.574590e-02 
4.313273e-04 1.920534e-02 
-5.393015e-04 -1.884076e-02 
-1.000026e-03 -3.653989e-02 
-1.020631e-03 -3.701429e-02 
-4.607766e-04 -1.710224e-02 
6.501208e-04 1.545131e-02 
9.339797e-04 3.060039e-02 
9.404282e-04 3.132254e-02 
8.573548e-04 1.558667e-02 
5.922008e-04 -1.091198e-02 
3.525749e-04 -2.462578e-02 
6.777342e-04 -2.748166e-02 
1.343359e-03 -1.768307e-02 
8.002460e-04 1.995047e-03 
4.604426e-04 1.463704e-02 
3.820287e-04 2.161099e-02 
6.208032e-04 2.297803e-02 
5.075939e-04 1.633439e-02 
4.496647e-04 4.330014e-03 
9.284154e-04 -1.064879e-02 
1.060115e-03 -2.979373e-02 
-4.542660e-04 -3.877468e-02 
-9.216957e-04 -2.094938e-02 
-1.663223e-03 1.065781e-02 
-1.545413e-03 5.370775e-02 
-1.167591e-04 7.707630e-02 
-2.070884e-04 4.761274e-02 
2.469666e-04 -1.237456e-02 
2.528829e-03 -1.027597e-01 
8.019280e-03 -1.712760e-01 
9.046492e-03 -1.310039e-01 
6.412546e-03 -2.299946e-02 
-5.934985e-03 1.416130e-01 
-2.067515e-02 3.390208e-01 
4.426094e-01 7.431077e-01 
4.368770e-02 7.302457e-01 
1.142101e-03 3.944889e-01 
3.087585e-03 5.102797e-02 
-2.726544e-03 -1.282355e-01 
-8.159609e-03 -1.997696e-01 
-9.526026e-03 -1.593801e-01 
-9.284238e-04 -3.057970e-02 
3.282873e-03 4.381001e-02 
4.497199e-03 7.770510e-02 
3.749069e-03 7.109644e-02 
1.688524e-03 2.877360e-02 
4.272081e-04 -9.229794e-04 
-8.950316e-07 -2.118021e-02 
2.449606e-04 -3.037797e-02 
4.503933e-04 -2.496124e-02 
4.788441e-04 -1.750887e-02 
7.266247e-04 -7.580418e-03 
1.131852e-03 4.598116e-03 
8.602504e-04 1.546305e-02 
4.911844e-04 2.066950e-02 
4.066383e-04 2.047586e-02 
6.012765e-04 1.489067e-02 
6.454633e-04 4.195428e-03 
7.193484e-04 -7.166254e-03 
1.120501e-03 -1.682138e-02 
1.200649e-03 -2.468477e-02 
-3.802334e-05 -2.351200e-02 
-5.122567e-04 -6.260810e-03 
-1.139488e-03 1.838153e-02 
-1.818454e-03 4.975845e-02 
-1.448207e-03 7.125004e-02 
-8.314847e-04 5.357587e-02 
-1.867457e-04 1.244046e-02 
7.841708e-04 -5.448951e-02 
3.489373e-03 -1.233237e-01 
4.561373e-03 -1.089128e-01 
3.518786e-03 -3.596745e-02 
-1.876230e-03 8.835555e-02 
-1.056355e-02 2.410272e-01 
1.640353e-01 -4.820078e-01 
1.412953e-03 -3.710096e-01 
-3.450682e-03 -1.923347e-01 
-5.246162e-04 -4.002831e-02 
7.955993e-04 3.797372e-02 
9.439362e-04 6.018790e-02 
3.320633e-04 2.554947e-02 
-6.951438e-04 -4.285975e-02 
-1.441501e-03 -7.098982e-02 
-1.789525e-03 -6.729513e-02 
-1.150027e-03 -2.926568e-02 
9.239435e-04 2.678634e-02 
1.338783e-03 5.220474e-02 
1.242746e-03 5.273662e-02 
6.583994e-04 2.402888e-02 
-8.243181e-05 -2.360579e-02 
-1.930769e-04 -4.532645e-02 
1.577529e-04 -4.661611e-02 
8.883392e-04 -2.397029e-02 
7.334064e-04 1.517835e-02 
3.179830e-04 3.414088e-02 
1.159252e-04 3.799143e-02 
1.482058e-04 2.520795e-02 
3.096279e-04 -9.607995e-04 
5.624775e-04 -1.725009e-02 
8.892647e-04 -2.585766e-02 
9.013850e-04 -2.709826e-02 
2.204491e-05 -1.637970e-02 
-3.486632e-04 2.075845e-03 
-7.880583e-04 2.405070e-02 
-1.196416e-03 5.111677e-02 
-1.101166e-03 6.576848e-02 
-7.220598e-04 4.409689e-02 
-2.806296e-05 1.747015e-03 
1.086841e-03 -6.389896e-02 
2.592499e-03 -1.245064e-01 
2.578280e-03 -1.079928e-01 
1.396800e-03 -3.973485e-02 
-1.936141e-03 7.798798e-02 
-5.393638e-03 2.383972e-01 
2.396417e-01 5.942802e-01 
2.318644e-02 5.680136e-01 
2.746158e-03 3.362903e-01 
1.179463e-03 3.709169e-02 
-1.302879e-03 -1.311990e-01 
-3.786986e-03 -2.054391e-01 
-5.619598e-03 -1.698193e-01 
-2.048359e-03 -3.848723e-02 
6.887039e-04 4.302245e-02 
2.217374e-03 8.559097e-02 
2.739428e-03 8.182225e-02 
1.712196e-03 3.159089e-02 
4.446628e-04 -3.192967e-03 
9.649477e-05 -2.695280e-02 
5.022168e-04 -3.758516e-02 
4.229334e-04 -3.083534e-02 
4.387393e-04 -2.139309e-02 
6.835628e-04 -8.508269e-03 
1.164223e-03 7.937273e-03 
8.940904e-04 2.249333e-02 
4.484142e-04 2.742295e-02 
3.757944e-04 2.378800e-02 
5.920313e-04 1.126112e-02 
6.207390e-04 -6.579269e-03 
7.574026e-04 -1.767528e-02 
1.010163e-03 -2.193410e-02 
9.103981e-04 -1.938148e-02 
-7.110404e-05 -8.277439e-03 
-3.738295e-04 7.051283e-03 
-7.430966e-04 2.276763e-02 
-1.342697e-03 3.944585e-02 
-1.364306e-03 4.992882e-02 
-8.983713e-04 4.154021e-02 
-5.164402e-04 2.337126e-02 
-4.590995e-05 -6.660691e-03 
5.855051e-04 -4.365303e-02 
4.828391e-04 -4.293074e-02 
7.404659e-05 -1.443468e-02 
-7.020748e-04 3.946857e-02 
-1.125229e-03 1.137754e-01 
4.442914e-01 -7.694737e-01 
8.497494e-03 -6.389696e-01 
-8.874852e-03 -3.151939e-01 
3.563839e-04 -7.382142e-02 
7.547050e-04 4.782606e-02 
-3.345955e-04 8.894723e-02 
-6.763943e-04 5.345124e-02 
5.493015e-04 -2.812761e-02 
2.811246e-05 -6.367754e-02 
-1.062247e-03 -6.588895e-02 
-1.545211e-03 -3.614538e-02 
2.796903e-04 1.037073e-02 
7.126789e-04 3.298255e-02 
7.422613e-04 3.720988e-02 
4.556476e-04 2.034595e-02 
7.578339e-06 -1.208981e-02 
-5.798355e-05 -2.776939e-02 
1.279075e-04 -3.023803e-02 
4.907904e-04 -1.761536e-02 
3.995378e-04 6.366420e-03 
1.911997e-04 1.853890e-02 
8.316038e-05 2.173299e-02 
5.851467e-05 1.518296e-02 
8.175284e-05 6.394890e-04 
1.678749e-04 -8.061961e-03 
2.618763e-04 -1.225360e-02 
3.891612e-04 -1.221326e-02 
4.054507e-04 -7.565111e-03 
2.608561e-04 -1.422868e-03 
8.502931e-05 6.975988e-03 
-4.182287e-04 2.124327e-02 
-1.033192e-03 3.747200e-02 
-9.384306e-04 3.858083e-02 
-6.560231e-04 3.084817e-02 
5.302938e-06 1.030734e-02 
4.875744e-04 -2.410389e-02 
1.395478e-04 -3.540839e-02 
-3.309109e-04 -2.983331e-02 
-4.907986e-04 -5.464894e-03 
7.976718e-04 5.572087e-02 
