poroelastic
1.322015e-03 7.349566e-02 
4.927080e-03 9.930773e-02 
5.910591e-03 4.460580e-02 
-3.413021e-03 -7.321412e-02 
-5.249562e-03 -1.318761e-01 
-4.470788e-03 -1.397833e-01 
-2.095279e-03 -8.938479e-02 
-2.404152e-04 -3.439640e-03 
1.062529e-03 4.191557e-02 
1.543461e-03 5.806188e-02 
1.129985e-03 4.050298e-02 
-8.770138e-05 -3.345146e-03 
-7.738924e-04 -2.719143e-02 
-1.013548e-03 -3.656805e-02 
-4.610879e-04 -2.961471e-02 
5.600967e-04 -8.476803e-03 
6.586874e-04 5.090918e-03 
7.405527e-04 1.295280e-02 
7.385709e-04 1.378521e-02 
2.893952e-04 6.938520e-03 
1.906036e-04 1.526672e-03 
2.550007e-04 -3.369178e-03 
5.433725e-04 -8.041958e-03 
6.557621e-04 -9.566148e-03 
5.115989e-04 -5.442104e-03 
3.884840e-04 2.596108e-03 
-3.712590e-04 1.464154e-02 
-1.153161e-03 2.111264e-02 
-5.911700e-04 1.288631e-02 
-3.617151e-04 -1.096515e-03 
-1.336168e-04 -1.600150e-02 
6.521415e-04 -1.401196e-03 
-5.162140e-04 5.320054e-02 
-3.398648e-03 1.252962e-01 
-1.081011e-02 2.076867e-01 
-1.906579e-02 2.349706e-01 
-1.670963e-02 1.511183e-01 
-8.275926e-03 -3.117143e-03 
1.732177e-02 -2.237393e-01 
4.058511e-02 -4.744546e-01 
-5.293632e-01 -7.017915e-01 
-7.827869e-02 -7.296327e-01 
-5.795619e-03 -4.476287e-01 
-4.082572e-03 -1.615831e-01 
1.983632e-04 -3.610010e-04 
3.558167e-03 7.785529e-02 
4.028106e-03 7.255420e-02 
-2.528389e-04 -4.230255e-03 
-2.612129e-03 -4.763426e-02 
-2.991082e-03 -6.143650e-02 
-2.034783e-03 -4.509339e-02 
-4.275206e-04 -6.396415e-03 
4.055559e-04 1.694409e-02 
5.538723e-04 2.689220e-02 
2.082533e-05 2.013472e-02 
-5.851711e-04 -1.575474e-03 
-5.668605e-04 -1.361001e-02 
-5.236209e-04 -1.856486e-02 
-4.395634e-04 -1.487665e-02 
-2.426840e-04 -2.919055e-03 
-2.097963e-04 4.093164e-03 
-3.104847e-04 8.044429e-03 
-5.100301e-04 8.399866e-03 
-4.532431e-04 4.649749e-03 
-3.490148e-04 2.858645e-03 
-3.474759e-04 1.067510e-03 
-7.458527e-05 -2.495530e-03 
5.651768e-04 -7.758443e-03 
4.601476e-04 -9.225035e-03 
3.105973e-04 -5.049777e-03 
-1.863735e-05 9.437014e-03 
-1.139724e-03 4.351350e-02 
-2.465486e-03 8.239741e-02 
-4.025185e-03 1.177122e-01 
-7.291091e-03 1.460681e-01 
-1.153269e-02 1.385368e-01 
-7.812604e-03 6.486566e-02 
-1.921333e-03 -5.270589e-02 
1.195157e-02 -2.154608e-01 
2.535403e-02 -3.859501e-01 
-1.277671e-01 5.249835e-01 
9.964137e-03 4.011897e-01 
5.838778e-03 1.642891e-01 
-4.087410e-03 -6.889724e-02 
-5.445409e-03 -1.809782e-01 
-3.499925e-03 -2.054150e-01 
-6.672891e-04 -1.340836e-01 
-1.143015e-03 -5.168074e-04 
2.877931e-04 6.983538e-02 
1.195893e-03 9.467346e-02 
1.263312e-03 6.887392e-02 
1.782944e-04 3.825815e-03 
-6.721784e-04 -3.255906e-02 
-9.123627e-04 -4.837697e-02 
-2.718867e-04 -4.030584e-02 
6.384572e-04 -1.073254e-02 
7.179200e-04 6.741637e-03 
8.209283e-04 1.583492e-02 
9.539784e-04 1.498416e-02 
5.734724e-04 4.714363e-03 
4.189221e-04 -2.280586e-04 
4.860496e-04 -2.255771e-03 
6.675043e-04 -1.009169e-03 
4.158232e-04 2.876566e-03 
2.610363e-04 3.314558e-03 
3.260605e-04 1.595826e-03 
2.491122e-04 -3.167838e-03 
-1.791433e-04 -9.333871e-03 
-1.339859e-04 -8.823027e-03 
-2.919366e-04 -2.605743e-03 
-8.336464e-05 1.207770e-02 
2.174958e-05 4.634099e-02 
-1.927876e-03 8.893122e-02 
-4.399957e-03 1.305370e-01 
-7.782192e-03 1.654430e-01 
-7.843636e-03 1.577794e-01 
-4.837364e-03 9.243942e-02 
-1.100025e-04 -1.285863e-02 
9.510619e-03 -1.659995e-01 
1.481869e-02 -3.448868e-01 
-2.845060e-01 -5.452246e-01 
-4.140901e-02 -5.448563e-01 
-1.134221e-02 -3.742936e-01 
-3.110412e-03 -1.493964e-01 
-2.192273e-04 -1.069758e-02 
1.343890e-03 6.434560e-02 
1.798577e-03 6.743798e-02 
4.558781e-04 1.199959e-03 
-9.386405e-04 -3.921803e-02 
-1.693708e-03 -5.492887e-02 
-1.476135e-03 -4.121558e-02 
9.499064e-05 -2.162232e-03 
6.844067e-04 2.065435e-02 
6.942979e-04 2.913295e-02 
2.009149e-04 2.026417e-02 
-1.934674e-04 -2.748625e-03 
-2.369204e-04 -1.575714e-02 
-1.686951e-04 -2.105742e-02 
1.968084e-05 -1.712754e-02 
1.121542e-04 -4.547353e-03 
4.302934e-05 4.330039e-03 
-6.298943e-05 1.072017e-02 
-2.144826e-04 1.439803e-02 
-2.809836e-04 1.287227e-02 
-2.078155e-04 7.620910e-03 
-4.152386e-05 -8.501103e-04 
3.360695e-04 -1.436705e-02 
6.853048e-04 -2.661760e-02 
5.450591e-04 -2.259928e-02 
1.432144e-04 -6.788339e-03 
-5.658759e-04 2.374864e-02 
-1.783552e-03 6.723326e-02 
-3.047025e-03 9.445660e-02 
-3.888775e-03 1.046107e-01 
-3.741421e-03 9.451662e-02 
-1.998638e-03 5.760355e-02 
3.548822e-04 5.815353e-03 
2.432011e-03 -5.594250e-02 
5.656918e-03 -1.354406e-01 
5.512258e-03 -2.120883e-01 
-3.827230e-01 7.767785e-01 
8.805706e-03 6.148879e-01 
9.432178e-03 2.556617e-01 
-2.808786e-03 -2.676741e-02 
-2.313504e-03 -1.582074e-01 
1.274093e-03 -1.897232e-01 
3.036748e-03 -1.220286e-01 
-2.386279e-03 5.978962e-03 
-2.286485e-03 7.117067e-02 
-1.192703e-03 9.163029e-02 
-7.049387e-05 6.575084e-02 
1.749304e-04 6.458386e-03 
-3.548518e-04 -2.673028e-02 
-4.625358e-04 -4.160616e-02 
5.642999e-05 -3.484074e-02 
4.844592e-04 -7.707637e-03 
5.450598e-04 7.151380e-03 
6.078171e-04 1.396316e-02 
6.783286e-04 1.133650e-02 
4.276720e-04 4.042928e-04 
3.462938e-04 -2.860574e-03 
3.682802e-04 -1.763540e-03 
2.877026e-04 4.547367e-03 
-4.676574e-05 1.325196e-02 
-8.385476e-05 1.177683e-02 
7.181086e-06 3.891887e-03 
3.782835e-04 -1.156703e-02 
9.640057e-04 -2.657816e-02 
9.431728e-04 -2.199069e-02 
8.048530e-04 -6.219830e-03 
5.735974e-04 1.991971e-02 
-7.661588e-04 5.514480e-02 
-2.459944e-03 7.981284e-02 
-3.639372e-03 9.201019e-02 
-3.689734e-03 8.819310e-02 
-6.500913e-04 6.109623e-02 
9.326287e-04 2.939476e-02 
2.207049e-03 -8.242807e-03 
3.028131e-03 -6.612699e-02 
4.232851e-05 -1.491855e-01 
