poroelastic
8.524987e-03 -5.613201e-02 
7.340154e-03 -8.090661e-02 
5.521865e-03 -5.078243e-02 
1.875650e-03 3.484835e-02 
3.199861e-03 7.646777e-02 
3.128949e-03 8.131813e-02 
8.347796e-04 4.797701e-02 
-1.979560e-03 -1.023524e-02 
-2.843777e-03 -4.238533e-02 
-3.040747e-03 -5.113579e-02 
-2.147074e-03 -2.992395e-02 
1.785865e-05 1.414154e-02 
9.367450e-04 3.735748e-02 
1.020739e-03 4.327262e-02 
-1.313482e-03 2.824745e-02 
-3.975105e-03 -1.852331e-03 
-3.201788e-03 -1.711925e-02 
-3.443509e-03 -2.131456e-02 
-4.657095e-03 -1.237864e-02 
-3.123835e-03 6.114414e-03 
-2.358487e-03 1.392774e-02 
-2.821691e-03 1.450969e-02 
-4.119318e-03 7.659960e-03 
-2.507947e-03 -5.371322e-03 
-1.425331e-03 -1.448640e-02 
-1.361946e-03 -2.027064e-02 
1.955622e-04 -2.302281e-02 
3.258836e-03 -1.606114e-02 
2.005948e-03 9.390495e-04 
1.785905e-03 2.122046e-02 
4.938247e-04 4.308277e-02 
-3.624005e-03 3.714156e-02 
-2.000976e-03 -1.518377e-02 
4.771932e-04 -9.232504e-02 
4.241432e-03 -1.939298e-01 
1.109458e-02 -2.669140e-01 
1.280483e-02 -2.318485e-01 
9.009554e-03 -1.234172e-01 
-3.980706e-03 6.020794e-02 
-1.760274e-02 2.904200e-01 
3.057882e-01 8.388934e-01 
2.432968e-02 8.514473e-01 
2.809914e-02 5.441748e-01 
2.172815e-02 2.079791e-01 
1.030024e-02 1.516685e-02 
4.435070e-03 -8.917846e-02 
2.237222e-04 -1.071384e-01 
-7.266509e-03 -4.679295e-02 
-5.909577e-03 -7.298394e-03 
-5.254292e-03 1.805019e-02 
-6.380791e-03 3.370245e-02 
-5.248288e-03 3.878852e-02 
-3.694644e-03 3.321928e-02 
-4.600043e-03 1.967973e-02 
-8.303817e-03 -1.325046e-03 
-8.887685e-03 -2.182769e-02 
-6.346068e-03 -2.780018e-02 
-6.689415e-03 -2.283215e-02 
-1.015939e-02 -5.516665e-03 
-9.027071e-03 1.930471e-02 
-6.966360e-03 2.996655e-02 
-8.043277e-03 2.946899e-02 
-1.070420e-02 1.673087e-02 
-6.082116e-03 -6.524275e-03 
-3.556798e-03 -2.371517e-02 
-3.456566e-03 -3.301768e-02 
-1.360054e-03 -3.096889e-02 
4.746671e-03 -1.292935e-02 
2.963013e-03 1.065473e-02 
2.308073e-03 3.693361e-02 
1.705620e-03 6.474664e-02 
-3.067046e-03 6.514780e-02 
-2.302634e-03 1.175633e-02 
7.893966e-04 -7.347891e-02 
3.592398e-03 -1.971615e-01 
7.279238e-03 -3.283509e-01 
1.277204e-02 -3.560233e-01 
1.288969e-02 -3.074535e-01 
8.418048e-03 -1.773445e-01 
-1.187872e-03 2.500519e-02 
1.849813e-01 -4.354586e-01 
-4.368773e-04 -2.838118e-01 
-3.015842e-03 -8.966081e-02 
9.659872e-04 6.315215e-02 
2.703517e-03 1.261957e-01 
1.493918e-03 1.258327e-01 
-5.103952e-04 6.336312e-02 
1.201815e-05 -3.068127e-02 
-1.380351e-03 -7.741818e-02 
-1.761497e-03 -8.787046e-02 
-1.134808e-03 -5.549795e-02 
-1.581663e-04 7.998627e-03 
8.419738e-04 4.117557e-02 
9.931307e-04 5.168280e-02 
-9.267109e-04 3.497843e-02 
-3.128149e-03 -3.138547e-03 
-2.612248e-03 -2.247472e-02 
-2.777958e-03 -2.829252e-02 
-3.924634e-03 -1.768155e-02 
-3.131812e-03 5.238286e-03 
-2.424971e-03 1.472309e-02 
-2.889751e-03 1.565556e-02 
-3.685296e-03 6.961169e-03 
-1.498821e-03 -8.595497e-03 
-7.571182e-04 -1.378503e-02 
-9.254565e-04 -1.144837e-02 
-9.156662e-04 -1.412194e-03 
1.592332e-04 1.444438e-02 
-2.307093e-04 2.327243e-02 
-2.180771e-04 2.561172e-02 
-5.656112e-04 2.129055e-02 
-1.390600e-03 -2.310535e-03 
4.062720e-04 -4.806313e-02 
2.659190e-03 -1.046729e-01 
5.891854e-03 -1.721678e-01 
8.345825e-03 -2.178602e-01 
6.937198e-03 -1.901847e-01 
3.603999e-03 -1.084463e-01 
-2.669275e-03 3.824026e-02 
-6.996811e-03 2.369957e-01 
2.073509e-01 6.691067e-01 
3.069543e-02 6.963629e-01 
1.522552e-02 5.064812e-01 
7.172660e-03 2.113260e-01 
7.558450e-04 1.989955e-02 
-2.832925e-03 -9.907626e-02 
-2.762751e-03 -1.325783e-01 
-1.473525e-03 -7.137145e-02 
-2.134999e-04 -2.415863e-02 
1.202886e-03 1.316818e-02 
9.623186e-04 4.059856e-02 
-1.937295e-03 4.840704e-02 
-1.584227e-03 4.350866e-02 
-2.639298e-03 2.812541e-02 
-5.554817e-03 7.384423e-04 
-5.176939e-03 -2.945090e-02 
-3.705410e-03 -3.932724e-02 
-3.792415e-03 -3.260238e-02 
-5.805919e-03 -6.933369e-03 
-5.299679e-03 2.839944e-02 
-4.374164e-03 4.205628e-02 
-5.220418e-03 3.868392e-02 
-6.307014e-03 1.542322e-02 
-2.188883e-03 -1.995741e-02 
-7.345645e-04 -3.574493e-02 
-8.372695e-04 -3.672666e-02 
-9.876971e-04 -2.089045e-02 
1.661044e-04 9.432321e-03 
-7.058758e-04 2.936468e-02 
-1.123874e-03 4.112942e-02 
-1.374660e-03 4.610145e-02 
-1.991298e-03 2.912333e-02 
-5.279974e-04 -1.652784e-02 
1.907965e-03 -7.474876e-02 
5.938131e-03 -1.468778e-01 
8.847247e-03 -2.165724e-01 
8.118874e-03 -2.276292e-01 
6.035406e-03 -1.930429e-01 
2.766270e-03 -1.079586e-01 
-5.134112e-04 2.496068e-02 
5.196862e-01 -7.172040e-01 
7.298634e-03 -5.435441e-01 
-2.016462e-02 -2.242187e-01 
-5.590320e-03 -2.705238e-03 
-2.934599e-03 9.036548e-02 
-4.962982e-03 1.042765e-01 
-4.433860e-03 5.228198e-02 
4.172025e-03 -2.557390e-02 
3.611505e-03 -6.117539e-02 
3.177138e-03 -6.773454e-02 
2.863810e-03 -4.471704e-02 
3.059586e-04 -2.779457e-03 
5.804566e-04 1.968053e-02 
7.085362e-04 2.885016e-02 
-7.686803e-04 2.233936e-02 
-2.662187e-03 1.418215e-03 
-2.288825e-03 -9.947622e-03 
-2.550435e-03 -1.447037e-02 
-3.741149e-03 -1.069536e-02 
-3.006871e-03 1.122259e-04 
-2.251887e-03 4.900590e-03 
-2.547095e-03 6.027019e-03 
-2.930590e-03 3.000189e-03 
-8.757325e-04 -3.443697e-03 
-4.355709e-04 -5.284727e-03 
-5.805587e-04 -4.026672e-03 
-1.229122e-03 6.132225e-06 
-1.458194e-03 5.264314e-03 
-1.335322e-03 7.516744e-03 
-1.555778e-03 8.963198e-03 
-1.805903e-03 1.226616e-02 
-9.625143e-04 9.023229e-03 
1.405865e-04 -1.555615e-02 
1.830432e-03 -5.203921e-02 
5.401415e-03 -1.020281e-01 
7.272114e-03 -1.512563e-01 
4.612051e-03 -1.537186e-01 
1.913695e-03 -1.207494e-01 
-6.485334e-04 -4.122987e-02 
-5.830564e-05 1.012930e-01 
