poroelastic
1.740011e-02 -6.073519e-02 
1.744737e-02 -7.801120e-02 
1.349631e-02 -5.128090e-02 
-4.123255e-03 2.893585e-03 
-2.695690e-03 3.156539e-02 
-3.082406e-03 4.815829e-02 
-6.070231e-03 5.044710e-02 
-3.713892e-03 3.584055e-02 
-3.100185e-03 2.406766e-02 
-4.087891e-03 1.149732e-02 
-4.901131e-03 -3.090591e-03 
-1.846797e-03 -1.556801e-02 
-1.210716e-03 -2.026033e-02 
-1.265739e-03 -1.717335e-02 
-3.245727e-03 -5.422192e-03 
-4.750829e-03 1.007133e-02 
-3.627665e-03 1.836880e-02 
-4.313638e-03 2.007695e-02 
-5.761563e-03 1.375811e-02 
-2.831814e-03 8.979302e-04 
-1.918731e-03 -8.668558e-03 
-2.112258e-03 -1.505546e-02 
-4.498333e-03 -1.772561e-02 
-5.231209e-03 -1.506344e-02 
-3.795742e-03 -9.374435e-03 
-4.430065e-03 -1.861709e-03 
-3.608165e-03 8.151195e-03 
1.961359e-03 1.572897e-02 
1.696444e-03 1.236828e-02 
2.096492e-03 1.205631e-03 
-2.403304e-03 -1.981152e-02 
-9.269491e-03 -4.498007e-02 
-5.462616e-03 -5.838281e-02 
-4.599083e-03 -6.947232e-02 
-5.031846e-03 -8.200650e-02 
1.850156e-03 -9.502952e-02 
6.939245e-03 -1.173568e-01 
1.048494e-02 -1.423178e-01 
1.516555e-02 -1.519359e-01 
1.510860e-02 -1.693843e-01 
-2.360175e-01 3.302608e-02 
-4.855043e-02 1.344977e-02 
1.975308e-02 5.782141e-02 
1.254384e-02 1.131767e-01 
1.171247e-02 1.348518e-01 
1.042968e-02 1.276296e-01 
1.728300e-03 7.997587e-02 
-1.211544e-02 1.090019e-03 
-1.397784e-02 -3.663565e-02 
-1.510884e-02 -4.454741e-02 
-1.610655e-02 -2.389958e-02 
-8.974668e-03 1.650534e-02 
-5.551056e-03 3.654214e-02 
-6.105362e-03 4.021229e-02 
-8.691596e-03 2.551949e-02 
-6.713155e-03 -3.614436e-03 
-4.952594e-03 -1.839651e-02 
-5.334775e-03 -2.171402e-02 
-7.024735e-03 -1.175449e-02 
-5.655549e-03 8.629837e-03 
-4.478246e-03 1.789358e-02 
-5.027325e-03 1.862881e-02 
-8.201374e-03 9.554973e-03 
-9.017431e-03 -7.149723e-03 
-6.389268e-03 -1.615061e-02 
-6.769823e-03 -1.923880e-02 
-7.339753e-03 -1.466308e-02 
-1.889348e-03 -3.341388e-03 
-1.096293e-03 2.948252e-03 
-1.758699e-03 5.377530e-03 
-6.391201e-03 4.908042e-04 
-1.088626e-02 -1.479622e-02 
-7.890736e-03 -3.299997e-02 
-6.287782e-03 -6.024352e-02 
-4.705284e-03 -9.974402e-02 
4.677173e-03 -1.508527e-01 
1.273541e-02 -2.143459e-01 
1.916838e-02 -2.837735e-01 
2.830925e-02 -3.460356e-01 
2.848821e-02 -3.910215e-01 
1.147683e-01 -3.209682e-02 
8.190415e-03 -6.607540e-02 
-3.416594e-03 -6.492913e-02 
-6.678179e-03 -1.820685e-02 
-3.789951e-03 1.171868e-02 
-3.502657e-03 3.787666e-02 
-4.312556e-03 5.876141e-02 
3.213055e-04 6.316025e-02 
6.629976e-04 5.610951e-02 
-5.481078e-05 3.577272e-02 
-1.602225e-03 -3.644877e-04 
-2.174492e-03 -3.890186e-02 
-1.894011e-03 -5.262386e-02 
-1.772877e-03 -4.483608e-02 
-2.011700e-03 -1.200476e-02 
-1.567179e-03 3.307043e-02 
-1.180957e-03 5.191277e-02 
-1.736466e-03 4.965580e-02 
-3.002092e-03 2.242187e-02 
-2.161270e-03 -2.081512e-02 
-1.418327e-03 -4.156674e-02 
-1.366318e-03 -4.495945e-02 
-2.154862e-03 -2.867114e-02 
-2.218369e-03 2.631540e-03 
-1.912917e-03 2.048186e-02 
-2.382021e-03 2.765788e-02 
-3.328561e-03 2.385966e-02 
-2.196330e-03 7.997750e-03 
-1.119911e-03 -9.855746e-03 
-7.257090e-04 -2.907621e-02 
-2.506576e-03 -5.299950e-02 
-2.613994e-03 -7.148810e-02 
-3.100815e-04 -6.692149e-02 
-5.564131e-04 -5.201197e-02 
-1.123670e-03 -2.616116e-02 
1.145483e-03 -3.337910e-04 
2.071922e-03 -1.467443e-02 
4.684128e-03 -5.511621e-02 
9.457169e-03 -1.139460e-01 
1.018084e-02 -1.999625e-01 
-1.441867e-01 -1.692944e-02 
-2.042340e-02 -1.764912e-02 
-9.281334e-04 3.477439e-02 
7.551099e-04 9.582716e-02 
2.207015e-03 1.238695e-01 
9.638611e-04 1.236094e-01 
-1.854852e-03 8.210159e-02 
-2.843433e-03 7.238044e-03 
-3.419182e-03 -3.298542e-02 
-4.131932e-03 -4.701095e-02 
-6.557708e-03 -3.216026e-02 
-7.338198e-03 5.989864e-03 
-5.047821e-03 2.712292e-02 
-5.842963e-03 3.494676e-02 
-8.004691e-03 2.723496e-02 
-3.985586e-03 5.465973e-03 
-2.855933e-03 -7.367185e-03 
-3.241162e-03 -1.325987e-02 
-4.933009e-03 -1.114486e-02 
-4.388316e-03 -1.860426e-03 
-3.381746e-03 3.626904e-03 
-3.779486e-03 6.343302e-03 
-5.289895e-03 5.380096e-03 
-4.151485e-03 7.227543e-04 
-2.879906e-03 -3.054085e-03 
-3.288636e-03 -6.467704e-03 
-5.398314e-03 -8.017971e-03 
-4.793042e-03 -7.230245e-03 
-3.623314e-03 -7.024548e-03 
-4.281671e-03 -6.999414e-03 
-8.394823e-03 -1.075018e-02 
-9.271657e-03 -1.935750e-02 
-6.284710e-03 -2.740750e-02 
-5.202619e-03 -4.222795e-02 
2.399155e-04 -6.561993e-02 
1.247095e-02 -1.010089e-01 
1.429874e-02 -1.572936e-01 
1.658247e-02 -2.246909e-01 
1.971061e-02 -2.951206e-01 
1.322261e-02 -3.521192e-01 
8.938143e-02 5.043756e-02 
1.315112e-02 1.091696e-02 
-9.069078e-03 -2.834547e-02 
-8.127552e-03 -3.078222e-02 
-5.379260e-03 -2.509428e-02 
-4.579996e-03 -6.509384e-03 
-3.974552e-03 2.450966e-02 
8.764559e-04 5.385031e-02 
1.911960e-03 6.147786e-02 
2.485306e-03 4.745360e-02 
1.775249e-03 8.801218e-03 
-1.098693e-03 -3.948003e-02 
-1.319607e-03 -5.890081e-02 
-1.264650e-03 -5.361704e-02 
-1.146158e-03 -1.940940e-02 
-4.664771e-04 3.166775e-02 
-4.177606e-04 5.364609e-02 
-7.814482e-04 5.217310e-02 
-1.327053e-03 2.379884e-02 
-8.997793e-04 -2.242668e-02 
-5.480651e-04 -4.460325e-02 
-4.049582e-04 -4.785081e-02 
-3.887379e-04 -3.011879e-02 
-3.829444e-04 3.589261e-03 
-4.229317e-04 2.237072e-02 
-5.897910e-04 2.893848e-02 
-1.931193e-03 2.328341e-02 
-3.332715e-03 5.728604e-03 
-2.180425e-03 -1.132259e-02 
-1.766876e-03 -2.717178e-02 
-2.057311e-03 -4.437410e-02 
-9.142123e-05 -5.564336e-02 
1.123061e-03 -4.765253e-02 
5.186908e-04 -3.032695e-02 
-4.546770e-05 -3.450768e-03 
1.317861e-03 2.282245e-02 
1.740927e-03 1.513880e-02 
3.464853e-03 -1.618486e-02 
5.173598e-03 -6.820235e-02 
1.930992e-03 -1.433901e-01 
