poroelastic
-3.469681e-03 -2.367255e-03 
-4.562891e-03 -1.295767e-03 
-5.573126e-03 1.028339e-02 
-2.600721e-03 2.656078e-02 
-1.134488e-03 3.571674e-02 
-9.648109e-04 3.640872e-02 
-1.716047e-03 2.356494e-02 
-1.602698e-03 1.650064e-03 
-1.298870e-03 -9.441047e-03 
-1.743506e-03 -1.344775e-02 
-2.028279e-03 -1.079805e-02 
3.743285e-05 -3.447869e-03 
1.627074e-04 1.894833e-03 
3.219119e-04 5.768080e-03 
1.201515e-03 8.483539e-03 
1.927128e-03 8.829941e-03 
1.382711e-03 5.912372e-03 
1.434942e-03 6.870121e-04 
1.867026e-03 -7.519330e-03 
1.074019e-03 -1.490286e-02 
8.400550e-04 -1.280875e-02 
9.494779e-04 -4.245444e-03 
1.389990e-03 1.113815e-02 
7.833021e-04 2.691828e-02 
1.807072e-04 2.787416e-02 
3.538390e-04 1.774974e-02 
-2.649180e-04 -3.799279e-03 
-2.196679e-03 -2.712505e-02 
-2.117269e-03 -3.122927e-02 
-3.047015e-03 -2.263955e-02 
-3.450183e-03 -4.109398e-03 
3.975432e-04 1.894319e-02 
1.014197e-03 3.563294e-02 
1.111774e-03 4.675160e-02 
2.229351e-03 5.553108e-02 
1.590038e-03 5.971895e-02 
-8.576229e-04 5.337131e-02 
-1.922997e-03 3.751692e-02 
-5.295064e-04 -8.706608e-04 
2.582824e-03 -4.085009e-02 
1.304785e-01 -2.396629e-02 
3.024329e-02 -4.887614e-02 
-2.530011e-03 -8.321168e-02 
-1.127207e-02 -8.505249e-02 
-9.335319e-03 -7.523488e-02 
-1.118669e-02 -4.841624e-02 
-1.508919e-02 -8.741163e-04 
-3.936529e-03 5.104355e-02 
1.047310e-03 7.158082e-02 
7.699229e-04 6.371023e-02 
-9.289502e-04 2.240744e-02 
1.908649e-03 -3.868454e-02 
4.036730e-04 -6.488288e-02 
1.035081e-03 -6.244421e-02 
4.383257e-03 -2.748496e-02 
6.394456e-03 2.821200e-02 
4.921669e-03 5.298784e-02 
4.802136e-03 5.297127e-02 
5.864095e-03 2.354258e-02 
4.601346e-03 -2.639672e-02 
3.860981e-03 -4.703482e-02 
4.690888e-03 -4.573161e-02 
6.383459e-03 -1.975059e-02 
4.073878e-03 2.312453e-02 
2.125428e-03 4.092280e-02 
2.150823e-03 4.003463e-02 
-8.119382e-04 1.886632e-02 
-7.474526e-03 -1.665384e-02 
-5.421445e-03 -3.378115e-02 
-6.358242e-03 -3.892935e-02 
-1.045465e-02 -3.432211e-02 
-5.886721e-03 -1.671760e-02 
-2.610903e-03 1.105893e-02 
-2.819895e-03 4.522871e-02 
2.430614e-03 8.910971e-02 
1.327290e-02 1.371655e-01 
5.518061e-03 1.635387e-01 
1.507040e-03 1.734148e-01 
-2.530472e-03 1.593739e-01 
-4.893258e-03 1.169227e-01 
-1.292423e-02 -4.405403e-02 
-1.345764e-03 -3.201171e-02 
1.598130e-04 5.955841e-03 
-1.048800e-03 4.125044e-02 
-9.756545e-04 5.870696e-02 
-8.467931e-04 5.892307e-02 
-1.938119e-04 3.441393e-02 
3.330529e-04 -5.993571e-03 
-5.748288e-05 -2.352695e-02 
-4.597823e-04 -2.470980e-02 
-4.555797e-04 -9.783215e-03 
4.245841e-04 1.372988e-02 
6.709135e-04 2.418926e-02 
6.164115e-04 2.471864e-02 
1.931623e-04 1.489564e-02 
-2.894475e-04 -2.181175e-03 
-3.344901e-04 -1.181257e-02 
-2.782389e-04 -1.497584e-02 
-1.468848e-04 -1.163069e-02 
-2.986744e-05 -2.496351e-03 
-6.131829e-05 6.179304e-03 
-1.830598e-04 1.307612e-02 
-4.015103e-04 1.766435e-02 
-4.547304e-04 1.719561e-02 
-3.323461e-04 9.617793e-03 
-1.168880e-04 -2.438210e-03 
4.955200e-04 -1.845690e-02 
8.251144e-04 -3.075450e-02 
3.185755e-04 -2.671700e-02 
-4.654673e-05 -1.206087e-02 
-9.835887e-05 1.102028e-02 
3.295114e-04 3.532362e-02 
5.371128e-04 4.648618e-02 
6.770749e-04 4.639361e-02 
7.366454e-05 3.633586e-02 
-1.450929e-03 1.668403e-02 
-1.070517e-03 -6.115310e-03 
-8.005134e-04 -2.987496e-02 
2.595071e-04 -5.884728e-02 
1.520195e-03 -7.648958e-02 
5.147282e-02 -3.966571e-02 
1.231442e-02 -7.568637e-02 
6.849523e-03 -9.222859e-02 
-3.597668e-03 -7.182565e-02 
-3.471387e-03 -5.184636e-02 
-5.405502e-03 -2.425865e-02 
-1.051780e-02 1.319158e-02 
-5.897920e-03 4.884879e-02 
-2.673234e-03 6.350774e-02 
-2.469954e-03 5.592678e-02 
-2.497000e-03 1.948295e-02 
1.287226e-03 -3.400806e-02 
4.127985e-04 -5.705674e-02 
1.264142e-03 -5.460288e-02 
3.838476e-03 -2.234531e-02 
3.638435e-03 2.814139e-02 
2.734840e-03 5.047898e-02 
2.619570e-03 5.021478e-02 
3.336758e-03 2.308240e-02 
2.886700e-03 -2.171486e-02 
2.555730e-03 -4.119060e-02 
3.195867e-03 -4.151489e-02 
3.856969e-03 -1.991101e-02 
1.403279e-03 1.626336e-02 
3.806923e-04 3.190937e-02 
4.590104e-04 3.237780e-02 
-8.067376e-04 1.626559e-02 
-3.307438e-03 -1.151329e-02 
-2.078396e-03 -2.572326e-02 
-2.496992e-03 -3.095775e-02 
-5.270361e-03 -2.880480e-02 
-4.080101e-03 -1.580136e-02 
-2.303381e-03 6.852409e-03 
-2.681688e-03 3.493697e-02 
-1.054458e-03 6.997436e-02 
4.593003e-03 1.053928e-01 
2.448104e-03 1.198730e-01 
1.619427e-03 1.191924e-01 
6.993201e-04 1.019667e-01 
-1.203342e-04 6.354386e-02 
1.618762e-02 -4.837158e-02 
3.596726e-04 -3.502768e-02 
9.486583e-05 1.984164e-02 
-1.924346e-03 6.848253e-02 
-3.022265e-03 8.975195e-02 
-3.222782e-03 8.458962e-02 
-1.212573e-04 4.419205e-02 
4.051361e-03 -1.773786e-02 
3.254909e-03 -4.412180e-02 
2.489831e-03 -4.447308e-02 
1.879218e-03 -1.867961e-02 
3.840467e-04 2.190769e-02 
6.190584e-04 4.042673e-02 
4.296543e-04 4.232840e-02 
-5.810148e-04 2.535650e-02 
-1.154272e-03 -5.819697e-03 
-1.063037e-03 -2.134285e-02 
-1.058454e-03 -2.467286e-02 
-1.163680e-03 -1.464816e-02 
-7.750728e-04 5.754869e-03 
-6.939049e-04 1.717457e-02 
-8.667625e-04 2.123851e-02 
-8.998593e-04 1.660524e-02 
-1.922381e-04 3.800602e-03 
1.593472e-05 -5.728211e-03 
6.494435e-05 -1.253322e-02 
3.554375e-04 -1.557910e-02 
5.949415e-04 -1.260984e-02 
3.007749e-04 -6.280847e-03 
2.611425e-04 2.510779e-03 
8.048162e-04 1.284556e-02 
9.133474e-04 2.128179e-02 
7.440180e-04 2.380087e-02 
1.135145e-03 1.980749e-02 
1.778538e-03 8.039409e-03 
9.068082e-04 -1.215261e-02 
3.711199e-04 -3.726415e-02 
-3.911553e-04 -6.501875e-02 
-1.685343e-03 -9.315351e-02 
-2.696125e-03 -1.116452e-01 
