poroelastic
-1.220621e-02 9.443446e-02 
-1.277282e-02 1.463020e-01 
-9.102429e-03 1.418359e-01 
-1.869018e-03 7.775959e-02 
-4.838723e-04 3.017917e-02 
-5.563110e-04 -2.398376e-03 
-1.612939e-03 -1.751908e-02 
-1.740071e-03 -1.274633e-02 
-1.276508e-03 -1.099010e-02 
-1.568984e-03 -9.389780e-03 
-1.808213e-03 -6.162548e-03 
1.503177e-04 -1.009111e-03 
1.798432e-04 3.204837e-03 
2.920211e-04 6.066972e-03 
1.233125e-03 7.085585e-03 
2.111069e-03 6.112664e-03 
1.570777e-03 3.872943e-03 
1.712141e-03 4.244678e-04 
2.164177e-03 -4.009368e-03 
1.061256e-03 -7.702092e-03 
7.734119e-04 -7.744456e-03 
8.977464e-04 -4.899696e-03 
1.678848e-03 3.947953e-04 
1.680754e-03 6.883847e-03 
1.062313e-03 1.153996e-02 
1.063920e-03 1.422650e-02 
-8.088866e-04 1.573704e-02 
-3.754504e-03 1.149553e-02 
-2.598952e-03 -6.193861e-04 
-3.002959e-03 -1.450657e-02 
-3.602963e-03 -2.863322e-02 
-3.583459e-05 -2.763770e-02 
7.011637e-04 4.090528e-05 
1.239924e-03 4.485461e-02 
3.513544e-03 1.104787e-01 
9.200678e-04 1.617232e-01 
-4.374099e-03 1.421535e-01 
-5.800073e-03 7.878352e-02 
-1.651122e-04 -3.254271e-02 
9.629059e-03 -1.523797e-01 
-9.194346e-02 -4.635712e-01 
1.701731e-02 -4.380734e-01 
-9.278023e-04 -2.606902e-01 
-1.228393e-02 -7.704511e-02 
-8.874404e-03 1.902646e-02 
-7.831533e-03 6.633529e-02 
-8.428715e-03 7.086045e-02 
-1.362231e-03 3.838249e-02 
2.302592e-04 1.036126e-02 
-7.693310e-04 -1.492873e-02 
-1.631745e-03 -3.679916e-02 
2.010284e-03 -4.656628e-02 
1.514547e-03 -4.213900e-02 
2.299215e-03 -2.549095e-02 
4.477208e-03 4.254306e-03 
4.999575e-03 3.694857e-02 
3.642900e-03 4.782508e-02 
3.510113e-03 4.006567e-02 
4.294781e-03 1.121010e-02 
3.406420e-03 -2.984487e-02 
2.921304e-03 -4.804748e-02 
3.561419e-03 -4.743456e-02 
5.153186e-03 -2.586063e-02 
4.137305e-03 1.116224e-02 
2.388268e-03 3.289905e-02 
2.193758e-03 4.170335e-02 
-7.228862e-04 3.597848e-02 
-6.535134e-03 1.314921e-02 
-4.419427e-03 -1.098327e-02 
-4.681381e-03 -3.305463e-02 
-7.569493e-03 -5.117413e-02 
-4.242455e-03 -5.272213e-02 
-1.995301e-03 -2.657788e-02 
-2.395538e-03 2.019151e-02 
2.469447e-03 9.321695e-02 
1.143182e-02 1.766169e-01 
3.269126e-03 2.038196e-01 
-7.190408e-04 1.945288e-01 
-3.441048e-03 1.480140e-01 
-3.206085e-03 7.570965e-02 
-1.867109e-01 3.174792e-01 
-1.316108e-02 3.069090e-01 
-1.148827e-03 2.271121e-01 
-9.978317e-04 1.196311e-01 
-3.535055e-04 4.977946e-02 
-8.670656e-06 3.378892e-03 
-1.576301e-04 -1.986795e-02 
-7.063109e-04 -1.725331e-02 
-7.415361e-04 -1.550634e-02 
-9.774855e-04 -1.146741e-02 
-9.282623e-04 -2.119011e-03 
3.872227e-04 1.108519e-02 
4.929665e-04 1.763335e-02 
4.902036e-04 1.841203e-02 
4.581175e-04 1.263663e-02 
3.015924e-04 2.314801e-03 
1.648821e-04 -4.128532e-03 
2.050712e-04 -7.283764e-03 
3.838908e-04 -6.577132e-03 
2.954452e-04 -2.289168e-03 
2.139035e-04 1.284913e-03 
2.111805e-04 3.930080e-03 
2.649270e-04 4.871297e-03 
1.667310e-04 3.878799e-03 
1.017804e-04 2.938273e-03 
1.266803e-04 2.000861e-03 
-7.623366e-05 2.135676e-03 
-4.265673e-04 1.773515e-03 
-2.808042e-04 -1.539954e-03 
-3.228288e-04 -4.809248e-03 
-4.727597e-04 -7.686947e-03 
-1.178529e-04 -5.826650e-03 
8.085243e-06 4.711051e-03 
8.152805e-05 2.104812e-02 
2.897913e-04 4.564322e-02 
-1.989538e-04 6.456284e-02 
-7.570855e-04 5.111383e-02 
-8.713154e-04 1.832628e-02 
1.195016e-04 -3.478404e-02 
1.744321e-03 -8.747708e-02 
-3.730200e-02 -3.432123e-01 
8.920021e-03 -3.251000e-01 
8.473663e-03 -2.086573e-01 
-4.565860e-03 -4.940107e-02 
-4.397572e-03 3.810526e-02 
-4.823791e-03 8.130468e-02 
-6.827704e-03 7.951628e-02 
-3.601484e-03 3.657263e-02 
-2.619838e-03 3.373131e-03 
-3.696453e-03 -2.277474e-02 
-3.803054e-03 -3.895919e-02 
1.736712e-03 -3.725584e-02 
1.719252e-03 -2.807131e-02 
2.565207e-03 -1.190094e-02 
4.039893e-03 1.176203e-02 
2.739049e-03 3.438836e-02 
1.897404e-03 4.049392e-02 
1.832434e-03 3.217882e-02 
2.512216e-03 7.561726e-03 
2.300721e-03 -2.510095e-02 
2.040689e-03 -3.965050e-02 
2.511506e-03 -3.894122e-02 
3.122362e-03 -2.099129e-02 
1.500234e-03 8.734960e-03 
6.092974e-04 2.590711e-02 
5.781221e-04 3.247029e-02 
-6.630485e-04 2.705417e-02 
-2.855160e-03 8.725934e-03 
-1.657627e-03 -9.080327e-03 
-1.689590e-03 -2.443754e-02 
-3.579363e-03 -3.598405e-02 
-2.826816e-03 -3.777301e-02 
-1.724048e-03 -2.571826e-02 
-2.472733e-03 -2.392866e-03 
-1.718069e-03 3.645880e-02 
3.411119e-03 8.870836e-02 
1.638104e-03 1.196858e-01 
1.151816e-03 1.373092e-01 
4.472168e-04 1.426925e-01 
-3.979481e-04 1.337580e-01 
-3.095692e-01 4.288670e-01 
-1.986773e-02 4.075067e-01 
3.408752e-03 2.642492e-01 
-2.411063e-03 1.339508e-01 
-1.804036e-03 5.511512e-02 
-7.227592e-04 4.428853e-03 
8.887947e-04 -2.271521e-02 
1.737608e-03 -2.579548e-02 
1.067229e-03 -2.474124e-02 
6.417654e-04 -1.731578e-02 
5.372940e-04 9.221280e-04 
4.275488e-04 2.688793e-02 
5.100900e-04 3.742799e-02 
3.395854e-04 3.506218e-02 
-2.221797e-04 1.767419e-02 
-5.189911e-04 -9.426948e-03 
-4.967840e-04 -2.210035e-02 
-4.375823e-04 -2.320764e-02 
-3.805506e-04 -1.116433e-02 
-2.524988e-04 1.016347e-02 
-2.860693e-04 2.038279e-02 
-3.819313e-04 2.168452e-02 
-3.559368e-04 1.262824e-02 
-3.419130e-05 -4.267680e-03 
8.592457e-05 -1.309162e-02 
9.440701e-05 -1.558406e-02 
8.840644e-05 -1.074827e-02 
1.978511e-05 5.229110e-04 
-9.198012e-05 7.886771e-03 
-1.290073e-04 1.228103e-02 
1.206249e-04 1.355730e-02 
3.255591e-04 8.795202e-03 
2.784933e-04 -1.080307e-03 
4.122764e-04 -1.325015e-02 
6.244455e-04 -2.573227e-02 
2.887185e-04 -3.263928e-02 
-6.578104e-05 -3.399392e-02 
-2.779038e-04 -2.964128e-02 
-3.265930e-04 -1.911845e-02 
-1.217951e-04 -5.315432e-03 
