poroelastic
-5.062654e-03 -2.182589e-05 
-6.343517e-03 1.002061e-03 
-7.333245e-03 9.569723e-03 
-2.647080e-03 2.122470e-02 
-1.098355e-03 2.810412e-02 
-1.003880e-03 2.862037e-02 
-1.690737e-03 1.834842e-02 
-1.215245e-03 5.004901e-04 
-9.359654e-04 -9.089293e-03 
-1.250089e-03 -1.273797e-02 
-1.426801e-03 -1.017577e-02 
2.003989e-04 -2.614846e-03 
2.195429e-04 2.841549e-03 
3.493370e-04 6.603834e-03 
1.189303e-03 8.856912e-03 
1.854482e-03 8.384481e-03 
1.367669e-03 4.946936e-03 
1.471667e-03 -2.602829e-04 
1.807926e-03 -7.619437e-03 
8.334465e-04 -1.376849e-02 
6.194157e-04 -1.174765e-02 
7.025558e-04 -4.143235e-03 
1.472335e-03 9.413029e-03 
1.566513e-03 2.345208e-02 
8.593534e-04 2.456707e-02 
1.009593e-03 1.617303e-02 
-1.452005e-04 -1.839961e-03 
-2.980617e-03 -2.201059e-02 
-2.540775e-03 -2.705521e-02 
-3.327061e-03 -2.176541e-02 
-3.897887e-03 -8.248831e-03 
-1.050264e-04 1.144692e-02 
6.158882e-04 2.982529e-02 
8.045636e-04 4.604019e-02 
2.912375e-03 6.345893e-02 
3.342657e-03 7.739567e-02 
4.430300e-06 7.539611e-02 
-1.550195e-03 6.115350e-02 
-1.244978e-03 2.348438e-02 
1.097468e-03 -1.999291e-02 
1.359390e-01 -3.022881e-02 
2.979820e-02 -5.421389e-02 
-5.454986e-03 -8.793413e-02 
-1.200806e-02 -9.045748e-02 
-1.013377e-02 -8.138052e-02 
-1.184419e-02 -5.459489e-02 
-1.326829e-02 -5.513698e-03 
-1.132337e-04 4.892791e-02 
3.486215e-03 7.041542e-02 
3.165728e-03 6.310380e-02 
1.991852e-03 2.250251e-02 
2.831217e-03 -3.751619e-02 
1.428371e-03 -6.367581e-02 
2.048044e-03 -6.198433e-02 
4.136373e-03 -2.802605e-02 
4.130230e-03 2.697404e-02 
3.141348e-03 5.113563e-02 
3.084255e-03 5.110943e-02 
3.575664e-03 2.258512e-02 
2.810094e-03 -2.581869e-02 
2.436324e-03 -4.589845e-02 
2.914929e-03 -4.477283e-02 
4.498663e-03 -1.964973e-02 
4.392509e-03 2.217674e-02 
2.647539e-03 3.966251e-02 
2.642270e-03 3.927224e-02 
2.998504e-04 1.977888e-02 
-5.534388e-03 -1.407785e-02 
-4.075070e-03 -3.201975e-02 
-4.679177e-03 -3.896169e-02 
-8.297166e-03 -3.664587e-02 
-6.020247e-03 -1.988061e-02 
-3.106841e-03 1.009035e-02 
-3.311399e-03 4.822306e-02 
1.502970e-03 9.796288e-02 
1.170417e-02 1.520719e-01 
4.946019e-03 1.792201e-01 
1.329704e-03 1.867462e-01 
-2.171718e-03 1.685271e-01 
-4.215194e-03 1.204089e-01 
-2.498691e-02 -3.826945e-02 
-2.592621e-03 -2.561134e-02 
1.006204e-04 7.109323e-03 
-6.847898e-04 3.462159e-02 
-5.527234e-04 4.869996e-02 
-5.217462e-04 4.876519e-02 
-4.834309e-04 2.792144e-02 
-3.836221e-04 -6.656929e-03 
-4.926658e-04 -2.217036e-02 
-8.117563e-04 -2.328811e-02 
-7.942588e-04 -9.426527e-03 
3.883692e-04 1.313065e-02 
5.210500e-04 2.320723e-02 
4.873208e-04 2.348944e-02 
3.333636e-04 1.341763e-02 
9.158403e-05 -3.793435e-03 
7.376940e-06 -1.337489e-02 
8.721026e-05 -1.617346e-02 
2.870513e-04 -1.180518e-02 
2.398415e-04 -1.341224e-03 
1.532107e-04 7.411328e-03 
1.016177e-04 1.364239e-02 
7.232799e-05 1.687622e-02 
-3.274398e-05 1.510629e-02 
-3.657215e-05 7.793049e-03 
1.185220e-04 -2.830215e-03 
2.830718e-04 -1.613853e-02 
7.486836e-05 -2.621385e-02 
-9.377144e-05 -2.342487e-02 
-3.765850e-04 -1.197607e-02 
-6.792193e-04 6.501883e-03 
-1.713126e-04 2.780258e-02 
1.837395e-04 4.101425e-02 
3.974117e-04 4.637567e-02 
4.485008e-04 4.533079e-02 
-3.033581e-04 3.580665e-02 
-4.835370e-04 1.694491e-02 
-5.500111e-04 -7.035621e-03 
-8.394543e-05 -3.956414e-02 
8.312383e-04 -6.525439e-02 
5.773652e-02 -3.878143e-02 
1.173910e-02 -7.388405e-02 
5.187050e-03 -9.345603e-02 
-3.745852e-03 -7.866991e-02 
-3.564351e-03 -6.089230e-02 
-5.325514e-03 -3.303484e-02 
-9.101120e-03 7.715473e-03 
-3.838008e-03 4.804752e-02 
-1.522635e-03 6.433861e-02 
-1.449440e-03 5.682945e-02 
-1.196142e-03 1.970164e-02 
1.928488e-03 -3.404397e-02 
1.174221e-03 -5.778473e-02 
1.995624e-03 -5.613824e-02 
3.709199e-03 -2.426929e-02 
2.232239e-03 2.647426e-02 
1.624959e-03 4.897797e-02 
1.596217e-03 4.912146e-02 
2.094452e-03 2.274470e-02 
1.956221e-03 -2.119320e-02 
1.762027e-03 -4.043205e-02 
2.150978e-03 -4.097864e-02 
2.737188e-03 -1.996606e-02 
1.562394e-03 1.571644e-02 
6.908704e-04 3.142240e-02 
7.586883e-04 3.246929e-02 
-1.541851e-04 1.764665e-02 
-2.235891e-03 -9.205023e-03 
-1.323311e-03 -2.449033e-02 
-1.521474e-03 -3.161620e-02 
-4.087214e-03 -3.181374e-02 
-4.255471e-03 -1.972254e-02 
-2.657198e-03 5.208400e-03 
-3.076236e-03 3.754857e-02 
-1.785148e-03 7.912418e-02 
3.755376e-03 1.216247e-01 
2.272217e-03 1.378954e-01 
1.691327e-03 1.354682e-01 
1.016403e-03 1.134416e-01 
1.829864e-04 6.810072e-02 
7.035327e-03 -4.730798e-02 
-9.512942e-04 -3.504282e-02 
1.031160e-03 1.550743e-02 
-1.161906e-03 6.085508e-02 
-2.287911e-03 8.130805e-02 
-2.730605e-03 7.744564e-02 
-7.148628e-04 4.092941e-02 
2.610177e-03 -1.646363e-02 
2.270118e-03 -4.193656e-02 
1.599923e-03 -4.293806e-02 
9.834155e-04 -1.865556e-02 
2.457819e-04 2.057066e-02 
3.817861e-04 3.865549e-02 
2.436151e-04 4.042330e-02 
-3.117302e-04 2.361403e-02 
-5.093446e-04 -7.002682e-03 
-5.126910e-04 -2.219939e-02 
-4.889472e-04 -2.519121e-02 
-4.549965e-04 -1.457301e-02 
-2.880156e-04 6.471931e-03 
-2.979759e-04 1.785874e-02 
-3.775364e-04 2.148736e-02 
-3.726829e-04 1.605627e-02 
-1.569137e-04 2.580665e-03 
-2.436941e-05 -6.622136e-03 
-4.790009e-06 -1.236361e-02 
1.774368e-05 -1.352219e-02 
2.584509e-05 -9.036386e-03 
-5.740650e-05 -3.657686e-03 
-1.187541e-04 2.843042e-03 
2.797441e-04 9.830262e-03 
7.893836e-04 1.561937e-02 
6.599583e-04 1.903280e-02 
1.019538e-03 1.826455e-02 
1.776488e-03 1.201993e-02 
1.148846e-03 -1.204171e-03 
5.905228e-04 -2.247753e-02 
-1.664657e-04 -4.863191e-02 
-1.613422e-03 -7.663065e-02 
-2.778726e-03 -9.802373e-02 
