poroelastic
-2.287032e-03 -6.225337e-03 
-3.375397e-03 -4.778511e-03 
-4.724277e-03 1.140778e-02 
-3.234390e-03 3.397135e-02 
-1.577663e-03 4.608407e-02 
-1.288651e-03 4.719522e-02 
-1.868616e-03 3.154368e-02 
-1.681582e-03 4.240778e-03 
-1.449487e-03 -1.000126e-02 
-2.053952e-03 -1.569589e-02 
-2.427533e-03 -1.330818e-02 
-5.454626e-05 -4.866273e-03 
1.826439e-04 1.209755e-03 
4.250708e-04 5.937855e-03 
1.323313e-03 9.994240e-03 
1.938912e-03 1.151857e-02 
1.353171e-03 8.485075e-03 
1.296064e-03 2.386381e-03 
1.652508e-03 -7.361241e-03 
1.066849e-03 -1.634974e-02 
8.918382e-04 -1.480342e-02 
1.028731e-03 -5.869685e-03 
1.339130e-03 1.103696e-02 
4.370147e-04 2.910591e-02 
-2.207980e-04 3.079612e-02 
-5.744335e-05 2.007421e-02 
-1.728142e-04 -3.502164e-03 
-1.413848e-03 -2.959512e-02 
-1.684815e-03 -3.442421e-02 
-2.780745e-03 -2.480232e-02 
-3.193247e-03 -3.305623e-03 
5.889770e-04 2.321891e-02 
1.236700e-03 3.978531e-02 
1.272978e-03 4.835234e-02 
1.650876e-03 5.237058e-02 
2.016267e-04 5.060369e-02 
-1.634277e-03 4.082685e-02 
-2.345018e-03 2.321329e-02 
7.506406e-05 -1.671789e-02 
4.062227e-03 -5.643001e-02 
1.194032e-01 -2.539125e-02 
3.106340e-02 -5.079845e-02 
1.020667e-03 -8.060856e-02 
-1.100735e-02 -7.589899e-02 
-8.954265e-03 -6.323302e-02 
-1.097463e-02 -3.618445e-02 
-1.707929e-02 8.260900e-03 
-7.150649e-03 5.440112e-02 
-1.032139e-03 7.145943e-02 
-1.260128e-03 6.154636e-02 
-3.326219e-03 1.948056e-02 
1.092495e-03 -4.089000e-02 
-4.637183e-04 -6.554426e-02 
3.574886e-04 -6.118770e-02 
4.774569e-03 -2.463099e-02 
7.960173e-03 3.140387e-02 
6.241816e-03 5.585741e-02 
5.979276e-03 5.492665e-02 
7.229026e-03 2.424173e-02 
5.777108e-03 -2.694136e-02 
4.864370e-03 -4.857748e-02 
6.006613e-03 -4.763997e-02 
7.984779e-03 -2.106001e-02 
4.344591e-03 2.334060e-02 
1.976222e-03 4.202098e-02 
1.966788e-03 4.132765e-02 
-1.291138e-03 1.948348e-02 
-8.629082e-03 -1.739832e-02 
-6.215753e-03 -3.470878e-02 
-7.392537e-03 -3.922940e-02 
-1.207804e-02 -3.309137e-02 
-6.310143e-03 -1.433608e-02 
-2.546138e-03 1.153741e-02 
-2.763756e-03 4.197963e-02 
2.648389e-03 8.022010e-02 
1.427171e-02 1.219509e-01 
5.948235e-03 1.457735e-01 
1.710901e-03 1.556789e-01 
-2.601473e-03 1.437757e-01 
-5.079158e-03 1.058094e-01 
-9.675059e-03 -4.350297e-02 
-8.906011e-04 -3.186138e-02 
4.916739e-05 1.055997e-02 
-1.774852e-03 5.304690e-02 
-1.651834e-03 7.346888e-02 
-1.291790e-03 7.332471e-02 
3.030408e-04 4.433067e-02 
1.431037e-03 -3.625016e-03 
6.351213e-04 -2.545202e-02 
9.804159e-05 -2.870339e-02 
3.911270e-05 -1.341380e-02 
4.319408e-04 1.284247e-02 
8.371543e-04 2.505431e-02 
7.827707e-04 2.697952e-02 
2.277263e-05 1.829379e-02 
-7.806248e-04 1.434800e-03 
-7.875398e-04 -8.841877e-03 
-8.204202e-04 -1.320922e-02 
-9.000449e-04 -1.157399e-02 
-5.397101e-04 -4.048139e-03 
-4.185446e-04 3.978147e-03 
-6.045778e-04 1.113435e-02 
-1.023097e-03 1.715709e-02 
-9.111660e-04 1.888580e-02 
-6.921184e-04 1.203783e-02 
-4.314731e-04 -5.355431e-04 
8.170627e-04 -1.843509e-02 
1.969388e-03 -3.317483e-02 
1.036937e-03 -2.949831e-02 
5.872420e-04 -1.365874e-02 
7.039269e-04 1.210561e-02 
6.555684e-04 3.901357e-02 
7.319861e-04 4.926826e-02 
7.893460e-04 4.593924e-02 
-5.207272e-04 3.045833e-02 
-2.707754e-03 4.312195e-03 
-1.681178e-03 -2.181943e-02 
-1.028350e-03 -4.652773e-02 
7.042757e-04 -7.476524e-02 
2.345281e-03 -8.840664e-02 
4.287290e-02 -4.633769e-02 
1.312221e-02 -7.983750e-02 
8.475383e-03 -8.806328e-02 
-3.962990e-03 -5.812295e-02 
-3.890129e-03 -3.466556e-02 
-5.900525e-03 -8.105033e-03 
-1.160826e-02 2.316716e-02 
-7.011043e-03 4.983025e-02 
-3.198324e-03 5.971327e-02 
-2.907245e-03 5.024861e-02 
-3.216374e-03 1.499851e-02 
6.273277e-04 -3.457042e-02 
-2.479883e-04 -5.463646e-02 
7.578000e-04 -5.027593e-02 
3.915762e-03 -1.793068e-02 
4.410242e-03 3.065517e-02 
3.397126e-03 5.149338e-02 
3.137584e-03 5.004172e-02 
3.791264e-03 2.252118e-02 
3.288560e-03 -2.174758e-02 
2.972251e-03 -4.131224e-02 
3.825163e-03 -4.178017e-02 
4.658315e-03 -2.018299e-02 
1.520915e-03 1.619807e-02 
2.399638e-04 3.194109e-02 
2.816329e-04 3.231254e-02 
-1.029389e-03 1.594375e-02 
-3.669277e-03 -1.193673e-02 
-2.328115e-03 -2.559874e-02 
-2.881021e-03 -2.996917e-02 
-5.859459e-03 -2.671471e-02 
-4.167100e-03 -1.372686e-02 
-2.237787e-03 6.175213e-03 
-2.584737e-03 2.982783e-02 
-8.145937e-04 5.866114e-02 
4.985791e-03 8.763705e-02 
2.558071e-03 9.944763e-02 
1.597221e-03 9.897226e-02 
5.654993e-04 8.487016e-02 
-2.524818e-04 5.155183e-02 
1.434067e-02 -3.544086e-02 
7.802290e-04 -2.276820e-02 
-8.952979e-04 3.148548e-02 
-2.879740e-03 8.193852e-02 
-3.828607e-03 1.024376e-01 
-3.520799e-03 9.495596e-02 
1.055655e-03 5.028660e-02 
5.999878e-03 -1.730927e-02 
4.609085e-03 -4.670659e-02 
3.728597e-03 -4.813177e-02 
3.040468e-03 -2.131678e-02 
4.210642e-04 2.212704e-02 
8.017404e-04 4.216580e-02 
5.199526e-04 4.493197e-02 
-1.079106e-03 2.816384e-02 
-1.973197e-03 -3.966484e-03 
-1.773192e-03 -2.037614e-02 
-1.826923e-03 -2.445703e-02 
-2.217101e-03 -1.508238e-02 
-1.603572e-03 5.032259e-03 
-1.330668e-03 1.655452e-02 
-1.630580e-03 2.106187e-02 
-1.809405e-03 1.731121e-02 
-4.303162e-04 5.465243e-03 
-7.327178e-05 -4.125077e-03 
1.597032e-05 -1.175852e-02 
7.572932e-04 -1.633264e-02 
1.549552e-03 -1.470890e-02 
9.311649e-04 -7.950730e-03 
9.296902e-04 2.395611e-03 
1.731278e-03 1.514638e-02 
1.187319e-03 2.524843e-02 
9.163291e-04 2.641756e-02 
1.337256e-03 1.905688e-02 
1.786146e-03 1.914569e-03 
5.960266e-04 -2.455919e-02 
1.064988e-04 -5.310356e-02 
-6.651856e-04 -8.225780e-02 
-1.861738e-03 -1.100176e-01 
-2.696726e-03 -1.253948e-01 
