poroelastic
1.323862e-02 -5.724546e-02 
1.357670e-02 -7.796818e-02 
9.403640e-03 -6.031476e-02 
-3.727740e-03 -1.547672e-02 
-3.353879e-03 1.105665e-02 
-3.411645e-03 3.014243e-02 
-2.120334e-03 3.964116e-02 
3.283164e-03 3.386803e-02 
2.550535e-03 2.572723e-02 
2.614035e-03 1.395410e-02 
2.314298e-03 -9.905802e-04 
-1.662877e-03 -1.312511e-02 
-1.417707e-03 -1.767172e-02 
-1.438148e-03 -1.472976e-02 
-4.474777e-03 -3.979610e-03 
-7.395579e-03 9.685542e-03 
-5.615256e-03 1.716106e-02 
-6.683467e-03 1.901709e-02 
-9.636648e-03 1.378644e-02 
-5.763033e-03 2.036729e-03 
-3.953088e-03 -7.818232e-03 
-4.326974e-03 -1.564779e-02 
-6.501429e-03 -2.120183e-02 
-4.681780e-03 -2.175290e-02 
-3.242931e-03 -1.646880e-02 
-3.924826e-03 -6.788558e-03 
-1.274957e-03 8.775604e-03 
6.127891e-03 2.241528e-02 
4.942282e-03 1.910222e-02 
5.941112e-03 4.374568e-03 
2.054118e-03 -2.343362e-02 
-8.793742e-03 -5.523363e-02 
-5.352622e-03 -6.892137e-02 
-4.202978e-03 -7.626562e-02 
-5.555825e-03 -8.181737e-02 
-4.633943e-04 -8.498251e-02 
5.280558e-03 -9.867076e-02 
8.882207e-03 -1.143606e-01 
1.211910e-02 -1.083866e-01 
1.141448e-02 -1.059573e-01 
-2.068971e-01 1.721479e-02 
-4.993473e-02 -3.511272e-04 
7.873080e-03 4.046148e-02 
1.038515e-02 9.095601e-02 
8.984057e-03 1.139923e-01 
8.621825e-03 1.109287e-01 
1.011040e-02 6.947477e-02 
3.409202e-03 -2.380717e-03 
-2.746602e-03 -3.734311e-02 
-3.014499e-03 -4.457976e-02 
-1.928900e-03 -2.341067e-02 
-6.662338e-03 1.831535e-02 
-3.710743e-03 3.796701e-02 
-4.163338e-03 4.000661e-02 
-9.889404e-03 2.331075e-02 
-1.330653e-02 -6.792650e-03 
-1.006068e-02 -2.220530e-02 
-1.080673e-02 -2.514957e-02 
-1.541193e-02 -1.331800e-02 
-1.240826e-02 9.788054e-03 
-9.342923e-03 2.004644e-02 
-1.065164e-02 2.019422e-02 
-1.432063e-02 8.683237e-03 
-8.840852e-03 -1.110862e-02 
-5.750585e-03 -2.040014e-02 
-6.227790e-03 -2.139640e-02 
-3.050412e-03 -1.191777e-02 
7.596451e-03 4.484788e-03 
5.417827e-03 9.271451e-03 
5.651603e-03 6.431224e-03 
4.079833e-03 -6.887431e-03 
-7.220232e-03 -2.933979e-02 
-6.307906e-03 -4.507471e-02 
-4.683162e-03 -6.316213e-02 
-6.227640e-03 -8.666510e-02 
-4.561769e-03 -1.170211e-01 
6.084856e-03 -1.665682e-01 
1.346212e-02 -2.270234e-01 
2.450439e-02 -2.828332e-01 
2.865947e-02 -3.271768e-01 
1.038858e-01 -3.280668e-02 
7.690800e-03 -7.068900e-02 
-4.140106e-03 -7.767303e-02 
-5.901686e-03 -4.088206e-02 
-3.703189e-03 -1.338905e-02 
-2.942097e-03 1.565578e-02 
-1.468798e-03 4.543040e-02 
4.019030e-03 6.157731e-02 
4.170401e-03 5.952223e-02 
4.359836e-03 3.996873e-02 
2.728996e-03 1.299673e-03 
-3.001184e-03 -4.074854e-02 
-3.180594e-03 -5.611747e-02 
-2.884920e-03 -4.916410e-02 
-3.051493e-03 -1.699115e-02 
-2.606769e-03 2.782799e-02 
-1.807114e-03 4.723251e-02 
-2.791502e-03 4.635407e-02 
-5.313798e-03 2.169400e-02 
-3.912291e-03 -1.869003e-02 
-2.429493e-03 -3.857632e-02 
-2.283513e-03 -4.264631e-02 
-2.911287e-03 -2.895987e-02 
-1.858164e-03 -9.771489e-04 
-1.797536e-03 1.659258e-02 
-2.383008e-03 2.598059e-02 
-1.800284e-03 2.752223e-02 
1.104813e-03 1.703684e-02 
1.366617e-03 -1.936428e-03 
2.095328e-03 -2.608902e-02 
5.888112e-04 -5.860841e-02 
-1.983793e-03 -8.558156e-02 
4.767968e-04 -8.074097e-02 
5.272190e-04 -5.987599e-02 
-1.140386e-03 -2.290447e-02 
-1.840207e-03 1.820296e-02 
-1.239113e-03 1.444640e-02 
1.301574e-03 -1.890090e-02 
6.779957e-03 -7.088287e-02 
1.020269e-02 -1.544690e-01 
-1.233258e-01 -1.368285e-02 
-2.317940e-02 -1.552820e-02 
-6.165492e-03 2.572844e-02 
1.590784e-03 7.272427e-02 
2.064990e-03 9.681575e-02 
2.160618e-03 9.860971e-02 
6.716541e-03 6.608344e-02 
7.332488e-03 5.065618e-03 
3.767136e-03 -2.856841e-02 
3.524133e-03 -4.074159e-02 
1.785047e-03 -2.832471e-02 
-6.785834e-03 4.388950e-03 
-4.586171e-03 2.165138e-02 
-5.243814e-03 2.703479e-02 
-9.342609e-03 1.916983e-02 
-8.261586e-03 1.332694e-04 
-6.097664e-03 -1.070870e-02 
-6.812851e-03 -1.484535e-02 
-1.065586e-02 -1.117956e-02 
-9.119563e-03 -9.846817e-04 
-6.756011e-03 4.923906e-03 
-7.657424e-03 7.386241e-03 
-9.627304e-03 5.318444e-03 
-4.551959e-03 -3.196960e-04 
-2.991124e-03 -3.401600e-03 
-3.525574e-03 -4.768713e-03 
-2.538795e-03 -2.804615e-03 
2.278386e-03 5.299027e-04 
1.351158e-03 -1.868432e-03 
1.398022e-03 -7.503399e-03 
-1.729084e-04 -1.962491e-02 
-5.297290e-03 -3.493592e-02 
-3.940683e-03 -4.002262e-02 
-2.908727e-03 -4.487838e-02 
-8.564652e-04 -5.066539e-02 
4.093036e-03 -6.371578e-02 
7.939176e-03 -1.066555e-01 
1.116683e-02 -1.677361e-01 
1.649439e-02 -2.381447e-01 
1.415987e-02 -3.046015e-01 
7.980013e-02 3.322486e-02 
1.089727e-02 -8.259128e-04 
-8.187852e-03 -3.920574e-02 
-5.999578e-03 -4.774053e-02 
-3.795009e-03 -4.440567e-02 
-2.612901e-03 -2.452455e-02 
-1.394962e-03 1.320947e-02 
1.935027e-03 5.280435e-02 
3.081521e-03 6.504056e-02 
4.174329e-03 5.213551e-02 
3.200369e-03 1.091652e-02 
-2.134964e-03 -4.249159e-02 
-2.679703e-03 -6.445247e-02 
-2.414185e-03 -6.054047e-02 
-1.688954e-03 -2.654766e-02 
-4.875430e-04 2.605989e-02 
-2.208809e-04 4.962996e-02 
-8.378201e-04 4.999223e-02 
-2.154146e-03 2.398786e-02 
-1.670377e-03 -2.007473e-02 
-8.515318e-04 -4.166297e-02 
-5.354977e-04 -4.561831e-02 
-4.567821e-04 -3.016636e-02 
-2.226775e-04 8.835392e-04 
-4.949496e-04 1.990736e-02 
-7.454061e-04 2.896851e-02 
-1.138443e-03 2.820642e-02 
-1.339593e-03 1.524331e-02 
-7.261598e-04 -3.065922e-03 
-1.068055e-04 -2.415755e-02 
1.177198e-04 -5.053196e-02 
1.379948e-03 -7.087829e-02 
2.707406e-03 -6.312867e-02 
2.158741e-03 -3.985092e-02 
-9.429731e-05 -2.601834e-04 
-2.398148e-03 4.377166e-02 
-1.724328e-03 4.669509e-02 
4.113254e-04 2.132239e-02 
3.227127e-03 -2.793544e-02 
2.311024e-03 -1.089251e-01 
