poroelastic
-1.052669e-02 9.603415e-02 
-1.192663e-02 1.516190e-01 
-8.958277e-03 1.537497e-01 
-3.021887e-03 9.684875e-02 
-8.886648e-04 4.950613e-02 
-5.653522e-04 1.397537e-02 
-1.531647e-03 -7.171395e-03 
-1.982668e-03 -1.064008e-02 
-1.703521e-03 -1.494010e-02 
-2.270157e-03 -1.670295e-02 
-2.646299e-03 -1.251029e-02 
2.312563e-05 -1.447887e-03 
3.076465e-04 5.810955e-03 
5.061176e-04 9.860021e-03 
1.380230e-03 1.043268e-02 
2.088523e-03 7.705858e-03 
1.484275e-03 4.199783e-03 
1.552004e-03 -1.336274e-04 
2.091398e-03 -5.083702e-03 
1.278123e-03 -8.723325e-03 
9.757179e-04 -8.292320e-03 
1.136438e-03 -4.661473e-03 
1.660873e-03 1.716830e-03 
1.057249e-03 9.217660e-03 
4.797392e-04 1.401325e-02 
3.752366e-04 1.617015e-02 
-1.079711e-03 1.663026e-02 
-2.886378e-03 1.039931e-02 
-1.889750e-03 -3.519529e-03 
-2.318251e-03 -1.781397e-02 
-3.162807e-03 -2.992699e-02 
-2.349261e-04 -2.389964e-02 
7.133826e-04 6.836668e-03 
1.427608e-03 5.237576e-02 
2.607897e-03 1.164205e-01 
-2.164145e-03 1.606086e-01 
-6.932994e-03 1.281409e-01 
-7.574564e-03 4.987279e-02 
1.682209e-03 -7.761636e-02 
1.515266e-02 -2.073759e-01 
-9.918116e-02 -4.599924e-01 
1.883778e-02 -4.375357e-01 
5.186817e-03 -2.547076e-01 
-1.212183e-02 -5.816286e-02 
-9.242294e-03 4.189884e-02 
-8.201915e-03 8.804845e-02 
-1.016290e-02 8.630310e-02 
-4.485031e-03 4.268623e-02 
-2.381862e-03 5.908937e-03 
-4.187012e-03 -2.455352e-02 
-6.152680e-03 -4.613205e-02 
5.091331e-04 -4.881400e-02 
6.570133e-04 -3.879054e-02 
1.839643e-03 -1.865346e-02 
5.299486e-03 1.111880e-02 
7.397935e-03 4.014527e-02 
5.398307e-03 4.863690e-02 
5.059059e-03 3.916771e-02 
6.363358e-03 9.823602e-03 
5.199110e-03 -3.021091e-02 
4.431795e-03 -4.831938e-02 
5.521042e-03 -4.777892e-02 
7.363202e-03 -2.620071e-02 
4.031094e-03 1.094187e-02 
1.864066e-03 3.345010e-02 
1.492995e-03 4.312593e-02 
-2.116300e-03 3.787097e-02 
-8.429409e-03 1.376976e-02 
-5.508944e-03 -1.232268e-02 
-5.948008e-03 -3.554576e-02 
-9.589523e-03 -5.263020e-02 
-4.800084e-03 -5.080337e-02 
-2.086780e-03 -2.435950e-02 
-2.343815e-03 2.030151e-02 
3.032162e-03 8.936463e-02 
1.253901e-02 1.669010e-01 
3.411134e-03 1.851724e-01 
-8.809948e-04 1.671353e-01 
-3.224607e-03 1.130113e-01 
-2.007097e-03 4.048202e-02 
-1.814947e-01 3.194904e-01 
-1.595614e-02 3.208248e-01 
-3.547360e-03 2.488490e-01 
-2.827901e-03 1.468111e-01 
-1.204976e-03 7.484964e-02 
-2.987909e-04 2.278744e-02 
4.973638e-04 -9.311675e-03 
4.963499e-04 -1.674131e-02 
-4.334370e-05 -2.144165e-02 
-4.458871e-04 -2.034084e-02 
-4.679606e-04 -8.823379e-03 
4.643460e-04 1.199714e-02 
8.051273e-04 2.252522e-02 
8.142475e-04 2.487220e-02 
3.545306e-04 1.843004e-02 
-2.683980e-04 5.416709e-03 
-3.784194e-04 -3.004162e-03 
-4.390960e-04 -7.585520e-03 
-4.763459e-04 -7.830385e-03 
-2.655971e-04 -3.783642e-03 
-1.875067e-04 7.685516e-05 
-2.567941e-04 3.331913e-03 
-3.987551e-04 5.193101e-03 
-2.948590e-04 5.165038e-03 
-2.491473e-04 4.472808e-03 
-2.533344e-04 3.211164e-03 
5.781313e-05 2.564300e-03 
6.509522e-04 5.902095e-04 
5.369299e-04 -4.264819e-03 
5.256223e-04 -7.995723e-03 
4.391379e-04 -9.317427e-03 
4.417427e-06 -3.203913e-03 
7.491610e-05 9.298294e-03 
2.318864e-04 2.532446e-02 
-1.250800e-04 4.738591e-02 
-1.651674e-03 5.863190e-02 
-1.766347e-03 3.421726e-02 
-1.530108e-03 -9.618294e-03 
7.258409e-04 -7.347202e-02 
3.639151e-03 -1.319007e-01 
-4.158889e-02 -3.390631e-01 
1.132376e-02 -3.207849e-01 
1.191813e-02 -1.957096e-01 
-5.600917e-03 -2.469782e-02 
-5.833735e-03 6.508305e-02 
-6.067102e-03 1.045957e-01 
-7.749186e-03 9.336655e-02 
-4.438111e-03 3.748240e-02 
-3.425626e-03 -4.596247e-03 
-5.226820e-03 -3.503357e-02 
-6.238118e-03 -4.869296e-02 
7.007128e-04 -3.685165e-02 
1.304096e-03 -2.106515e-02 
2.438443e-03 -1.957916e-03 
4.513833e-03 1.988061e-02 
4.053077e-03 3.658332e-02 
2.799701e-03 3.905496e-02 
2.546783e-03 2.884628e-02 
3.393551e-03 4.863763e-03 
3.080589e-03 -2.476358e-02 
2.770902e-03 -3.813107e-02 
3.524385e-03 -3.728433e-02 
4.285719e-03 -2.021075e-02 
1.464229e-03 7.940813e-03 
3.152245e-04 2.468458e-02 
1.624554e-04 3.152380e-02 
-1.433230e-03 2.696880e-02 
-3.802223e-03 9.082810e-03 
-2.218133e-03 -9.116083e-03 
-2.339986e-03 -2.463971e-02 
-4.496599e-03 -3.500181e-02 
-3.003073e-03 -3.483745e-02 
-1.793849e-03 -2.499040e-02 
-2.509715e-03 -6.561795e-03 
-1.336631e-03 2.579686e-02 
4.420456e-03 7.114369e-02 
2.168506e-03 9.487667e-02 
1.440535e-03 1.076098e-01 
4.303887e-04 1.114831e-01 
-7.345376e-04 1.072170e-01 
-3.057583e-01 4.337431e-01 
-2.404926e-02 4.264437e-01 
-5.843403e-04 2.885984e-01 
-4.559669e-03 1.583147e-01 
-2.842065e-03 7.403964e-02 
-1.085306e-03 1.639375e-02 
1.892598e-03 -1.792780e-02 
3.821495e-03 -2.646278e-02 
2.628396e-03 -2.902464e-02 
2.180287e-03 -2.327365e-02 
2.073095e-03 -3.351338e-03 
7.572298e-04 2.859844e-02 
9.560161e-04 4.208063e-02 
6.586437e-04 4.074946e-02 
-6.716443e-04 2.241587e-02 
-1.570685e-03 -7.747681e-03 
-1.407797e-03 -2.232721e-02 
-1.371144e-03 -2.439379e-02 
-1.555425e-03 -1.247544e-02 
-1.133783e-03 9.587278e-03 
-1.019054e-03 2.052828e-02 
-1.287238e-03 2.241170e-02 
-1.345205e-03 1.367581e-02 
-1.298758e-04 -3.340101e-03 
1.587761e-04 -1.250711e-02 
1.828777e-04 -1.547524e-02 
5.022016e-04 -1.096644e-02 
8.151981e-04 -1.913841e-04 
4.457969e-04 6.488638e-03 
5.219610e-04 1.108102e-02 
1.091392e-03 1.414700e-02 
5.909523e-04 1.261095e-02 
4.063226e-04 3.123714e-03 
6.029883e-04 -1.097342e-02 
8.629020e-04 -2.798248e-02 
3.740825e-04 -4.323360e-02 
-4.068284e-06 -5.260658e-02 
-3.625124e-04 -5.532878e-02 
-6.770767e-04 -5.053652e-02 
-7.244453e-04 -3.714164e-02 
