poroelastic
5.999410e-03 -1.538655e-02 
6.596172e-03 -1.265282e-02 
9.067810e-03 3.953132e-02 
6.540249e-03 1.195995e-01 
7.469602e-03 1.487142e-01 
6.986099e-03 1.458814e-01 
7.120594e-04 9.461669e-02 
-7.606984e-03 -4.210078e-03 
-7.504036e-03 -5.889413e-02 
-7.946600e-03 -8.139156e-02 
-7.171136e-03 -6.430893e-02 
-1.549579e-03 -3.859895e-03 
-4.715200e-04 2.747048e-02 
-6.307875e-04 3.027994e-02 
-2.076360e-03 2.720683e-03 
-2.443995e-03 -3.584601e-02 
-1.749561e-03 -4.980248e-02 
-1.713805e-03 -4.767996e-02 
-2.032893e-03 -2.344880e-02 
-1.112664e-03 1.728838e-02 
-8.890922e-04 3.287623e-02 
-1.091635e-03 3.112239e-02 
-2.033221e-03 1.402915e-02 
-1.821284e-03 -1.383516e-02 
-1.037264e-03 -2.856474e-02 
-1.124286e-03 -2.934394e-02 
-1.680138e-03 -1.837400e-02 
-9.677337e-04 -1.400141e-03 
-1.089029e-03 1.525111e-02 
-1.640212e-03 3.041096e-02 
-4.181243e-03 4.510409e-02 
-5.830829e-03 3.740793e-02 
-3.018042e-03 -1.453432e-02 
1.999124e-04 -9.037918e-02 
6.018401e-03 -1.842875e-01 
1.287198e-02 -2.524772e-01 
1.204348e-02 -2.375019e-01 
7.753763e-03 -1.566364e-01 
-1.372940e-03 -1.187661e-03 
-9.177213e-03 2.133967e-01 
2.027102e-01 1.142075e+00 
2.001184e-03 1.125771e+00 
5.633310e-02 7.228247e-01 
3.580076e-02 2.595210e-01 
1.509844e-02 -9.325865e-03 
6.635684e-03 -1.553529e-01 
-3.612610e-03 -1.690054e-01 
-2.344208e-02 -5.707006e-02 
-1.773508e-02 5.634575e-03 
-1.847140e-02 3.914481e-02 
-2.502858e-02 5.360787e-02 
-1.646991e-02 4.880544e-02 
-1.120707e-02 3.573204e-02 
-1.255233e-02 1.815566e-02 
-1.573358e-02 -5.418106e-03 
-7.659208e-03 -2.950229e-02 
-4.490589e-03 -3.461329e-02 
-4.772019e-03 -2.472842e-02 
-7.558705e-03 9.497599e-04 
-6.163725e-03 3.279350e-02 
-4.508443e-03 4.344876e-02 
-5.248512e-03 3.853135e-02 
-8.375781e-03 1.475295e-02 
-6.251008e-03 -2.473169e-02 
-4.065701e-03 -4.724273e-02 
-4.699387e-03 -5.596945e-02 
-6.552523e-03 -4.995749e-02 
-3.541021e-03 -2.594896e-02 
-3.886427e-03 7.098824e-03 
-5.940773e-03 4.787427e-02 
-1.173987e-02 9.913849e-02 
-1.548976e-02 1.186049e-01 
-1.149689e-02 4.568648e-02 
-5.772229e-03 -8.828812e-02 
6.556025e-03 -2.904499e-01 
2.408319e-02 -5.133332e-01 
2.886310e-02 -6.068864e-01 
2.722947e-02 -5.978354e-01 
2.087274e-02 -4.628104e-01 
6.707836e-03 -1.804672e-01 
1.847121e-01 -4.006780e-01 
1.231297e-03 -1.842711e-01 
3.019517e-03 3.607445e-02 
5.388960e-03 1.810751e-01 
6.096586e-03 2.232383e-01 
3.151659e-03 1.988628e-01 
-3.338921e-03 1.012918e-01 
-5.578354e-03 -3.941086e-02 
-5.624790e-03 -1.103690e-01 
-5.705286e-03 -1.291306e-01 
-4.877612e-03 -8.673691e-02 
-1.324367e-03 7.158276e-03 
-1.919564e-04 5.444539e-02 
-3.162904e-04 6.484161e-02 
-1.877826e-03 3.490430e-02 
-2.447240e-03 -2.032535e-02 
-1.862499e-03 -4.352589e-02 
-1.931221e-03 -4.330253e-02 
-2.905934e-03 -1.479723e-02 
-2.481190e-03 3.028315e-02 
-1.977369e-03 4.402952e-02 
-2.364667e-03 3.371807e-02 
-3.224928e-03 -4.459632e-03 
-1.399156e-03 -5.702588e-02 
-3.784994e-04 -7.524853e-02 
-4.986794e-04 -6.750016e-02 
-2.052862e-03 -3.199438e-02 
-2.936469e-03 1.988932e-02 
-3.140239e-03 4.805485e-02 
-4.040656e-03 5.922597e-02 
-6.373930e-03 5.551947e-02 
-5.579824e-03 2.336825e-02 
-1.953081e-03 -4.033132e-02 
1.754684e-03 -1.211687e-01 
8.571693e-03 -2.143334e-01 
1.450361e-02 -2.794637e-01 
1.166603e-02 -2.676037e-01 
7.036333e-03 -1.943156e-01 
-2.400436e-04 -4.240884e-02 
-5.237069e-03 1.972208e-01 
1.880559e-01 7.519788e-01 
3.620100e-02 7.978776e-01 
2.682833e-02 6.068497e-01 
7.496558e-03 2.865397e-01 
-2.005341e-03 6.345294e-02 
-7.985319e-03 -8.616927e-02 
-1.054783e-02 -1.433992e-01 
-7.099243e-03 -9.129291e-02 
-4.241493e-03 -4.581300e-02 
-3.383609e-03 -3.650035e-03 
-4.442413e-03 3.994623e-02 
-3.718664e-03 7.155621e-02 
-2.563628e-03 7.466979e-02 
-3.569541e-03 5.430038e-02 
-5.613625e-03 6.333897e-03 
-3.173316e-03 -5.164806e-02 
-2.080213e-03 -6.958165e-02 
-2.114089e-03 -5.661619e-02 
-3.527407e-03 -9.298769e-03 
-3.470010e-03 5.520334e-02 
-2.862427e-03 7.676084e-02 
-3.427530e-03 6.389830e-02 
-4.676085e-03 1.167295e-02 
-2.239645e-03 -6.184943e-02 
-8.016960e-04 -9.270029e-02 
-9.508061e-04 -9.265384e-02 
-3.253698e-03 -5.966140e-02 
-4.377726e-03 8.614405e-04 
-4.534718e-03 4.304287e-02 
-6.165260e-03 7.040714e-02 
-1.000281e-02 9.137229e-02 
-9.517187e-03 8.019911e-02 
-5.561400e-03 7.438834e-03 
-1.395497e-03 -8.925909e-02 
7.916935e-03 -2.039677e-01 
1.865451e-02 -3.144383e-01 
1.651881e-02 -3.436882e-01 
1.259895e-02 -3.055850e-01 
7.414759e-03 -2.097039e-01 
1.545212e-03 -6.686327e-02 
7.617595e-01 -6.407013e-01 
3.198541e-02 -4.198226e-01 
-2.571372e-02 -1.062127e-01 
-1.681878e-02 8.680538e-02 
-1.277233e-02 1.430268e-01 
-1.778818e-02 1.239358e-01 
-1.922660e-02 5.028891e-02 
2.681657e-03 -3.211712e-02 
3.958602e-03 -7.067617e-02 
4.301998e-03 -7.874203e-02 
5.369622e-03 -5.351890e-02 
2.290643e-03 -4.031431e-03 
1.890542e-03 2.109047e-02 
2.137015e-03 2.875186e-02 
4.906775e-04 1.426882e-02 
-3.305993e-03 -1.696297e-02 
-2.757567e-03 -2.844722e-02 
-3.046732e-03 -2.962811e-02 
-5.206597e-03 -1.801267e-02 
-4.953810e-03 5.045377e-03 
-3.657087e-03 1.336583e-02 
-4.186129e-03 1.273792e-02 
-5.406593e-03 5.367589e-03 
-2.339487e-03 -1.014000e-02 
-1.375681e-03 -2.221056e-02 
-1.666818e-03 -2.856794e-02 
-4.757289e-03 -3.229486e-02 
-6.408274e-03 -3.218033e-02 
-5.068679e-03 -1.609933e-02 
-6.528732e-03 1.083230e-02 
-1.032111e-02 4.997654e-02 
-8.738477e-03 7.487200e-02 
-5.874704e-03 3.141677e-02 
-1.768700e-03 -5.976981e-02 
1.013504e-02 -1.962989e-01 
2.203555e-02 -3.338259e-01 
1.775552e-02 -3.804991e-01 
1.244175e-02 -3.547046e-01 
5.183188e-03 -2.305312e-01 
-3.193316e-04 2.578520e-02 
