poroelastic
-1.289441e-03 -2.312256e-03 
-1.682842e-03 -1.711204e-03 
-2.276170e-03 9.652170e-03 
-9.678173e-04 2.417026e-02 
-3.310247e-04 3.338210e-02 
-2.738815e-05 3.434368e-02 
1.499922e-04 2.177114e-02 
-2.071064e-07 7.004009e-04 
-2.436779e-04 -1.059247e-02 
-4.273239e-04 -1.511572e-02 
-4.473970e-04 -1.168464e-02 
-2.216571e-05 -9.503892e-04 
1.669627e-04 5.675300e-03 
2.720050e-04 9.267299e-03 
3.305633e-04 9.570381e-03 
2.273290e-04 6.099301e-03 
7.380912e-05 1.468276e-03 
2.258985e-05 -3.810357e-03 
1.151806e-04 -9.470469e-03 
1.998434e-04 -1.252860e-02 
2.348571e-04 -9.950612e-03 
2.474515e-04 -3.395207e-03 
1.576860e-04 7.751974e-03 
-3.065020e-04 1.915457e-02 
-4.969983e-04 1.944782e-02 
-3.720870e-04 1.146539e-02 
1.768918e-04 -5.104514e-03 
4.970703e-04 -2.296176e-02 
9.885944e-05 -2.574902e-02 
-4.446378e-04 -1.853235e-02 
-8.095005e-04 -3.191050e-03 
4.189195e-05 1.717108e-02 
4.615560e-04 3.151670e-02 
7.353587e-04 3.933490e-02 
5.381166e-04 4.345220e-02 
-1.138767e-03 4.051058e-02 
-1.586145e-03 2.369497e-02 
-1.731170e-03 -1.081171e-03 
1.105319e-04 -4.195426e-02 
3.370835e-03 -8.681966e-02 
-4.432066e-03 6.754666e-04 
3.433737e-04 -3.486987e-02 
1.367166e-03 -7.485560e-02 
-1.325106e-03 -8.006449e-02 
-2.771804e-03 -7.473425e-02 
-4.315807e-03 -5.118425e-02 
-4.554629e-03 -4.034956e-03 
1.158082e-03 5.020429e-02 
2.844175e-03 7.076988e-02 
2.491611e-03 6.274113e-02 
9.507501e-04 2.279234e-02 
-7.973501e-04 -3.562250e-02 
-1.476382e-03 -6.180729e-02 
-1.012336e-03 -5.997351e-02 
7.590172e-04 -2.555504e-02 
2.127796e-03 2.890246e-02 
1.694347e-03 5.244672e-02 
1.302738e-03 5.164744e-02 
1.071750e-03 2.151455e-02 
1.001124e-03 -2.877898e-02 
1.295726e-03 -4.878003e-02 
1.843592e-03 -4.612637e-02 
2.176449e-03 -1.773929e-02 
4.083287e-04 2.745390e-02 
-6.319208e-04 4.366786e-02 
-7.009245e-04 3.899907e-02 
-5.369176e-04 1.338170e-02 
-6.278350e-04 -2.494844e-02 
-3.577628e-04 -4.076232e-02 
-1.072720e-03 -3.993399e-02 
-2.865749e-03 -2.467391e-02 
-2.176272e-03 2.578494e-03 
-9.790066e-04 2.629153e-02 
-5.863031e-04 4.462664e-02 
8.124361e-04 5.904567e-02 
2.289185e-03 6.593089e-02 
6.435662e-04 5.734074e-02 
-2.437136e-04 3.906217e-02 
-4.672462e-04 8.540175e-03 
7.054804e-04 -3.160151e-02 
1.982426e-02 -8.210899e-03 
1.169384e-03 1.285345e-02 
-7.649819e-04 4.274319e-02 
-1.778790e-04 5.722123e-02 
-1.738229e-04 6.107917e-02 
2.887830e-04 5.312224e-02 
2.213699e-03 2.622952e-02 
2.728645e-03 -1.129115e-02 
1.643851e-03 -2.754701e-02 
1.554304e-03 -2.822115e-02 
1.708713e-03 -1.212418e-02 
3.098978e-04 1.449762e-02 
5.652497e-04 2.660701e-02 
5.346019e-04 2.773231e-02 
-6.259396e-04 1.704028e-02 
-1.974475e-03 -2.483674e-03 
-1.642447e-03 -1.359094e-02 
-1.759282e-03 -1.705904e-02 
-2.482287e-03 -1.222907e-02 
-1.919370e-03 -5.668363e-04 
-1.471742e-03 8.427379e-03 
-1.815310e-03 1.438509e-02 
-2.488587e-03 1.670725e-02 
-1.410560e-03 1.403580e-02 
-9.306914e-04 6.658536e-03 
-7.732066e-04 -3.909245e-03 
7.968455e-04 -1.686155e-02 
3.037097e-03 -2.601642e-02 
2.066746e-03 -2.246816e-02 
1.911782e-03 -1.001614e-02 
2.792222e-03 9.956307e-03 
2.158966e-03 3.132805e-02 
1.832205e-03 3.977770e-02 
2.432922e-03 3.609167e-02 
1.564066e-03 2.075617e-02 
-2.703241e-03 -7.951592e-03 
-2.184563e-03 -4.580520e-02 
-2.133152e-03 -8.734103e-02 
-1.494823e-03 -1.336923e-01 
4.698755e-04 -1.658088e-01 
-2.573411e-03 -2.058886e-02 
1.114953e-03 -4.768344e-02 
1.926091e-03 -6.689233e-02 
-9.698170e-05 -6.032400e-02 
-6.949032e-04 -5.055604e-02 
-1.715425e-03 -2.985101e-02 
-3.219191e-03 5.058841e-03 
-1.157664e-03 4.247876e-02 
2.590510e-04 5.853341e-02 
6.083226e-04 5.196302e-02 
9.546902e-05 1.727398e-02 
-6.524478e-04 -3.260627e-02 
-1.100862e-03 -5.462799e-02 
-6.249496e-04 -5.219518e-02 
9.119854e-04 -2.019187e-02 
1.607859e-03 2.949085e-02 
1.247014e-03 5.084868e-02 
9.324933e-04 4.996561e-02 
7.477494e-04 2.275214e-02 
7.218182e-04 -2.157920e-02 
9.999262e-04 -4.107418e-02 
1.470164e-03 -4.148137e-02 
1.641576e-03 -1.981894e-02 
1.299514e-04 1.656788e-02 
-5.314258e-04 3.187064e-02 
-5.925508e-04 3.160734e-02 
-5.268774e-04 1.479487e-02 
-4.382621e-04 -1.331583e-02 
-8.982794e-05 -2.719202e-02 
-3.725957e-04 -3.053868e-02 
-1.658335e-03 -2.449494e-02 
-1.792514e-03 -7.885944e-03 
-1.096439e-03 1.259870e-02 
-8.736247e-04 3.318982e-02 
1.077816e-04 5.446620e-02 
1.727695e-03 6.953782e-02 
1.106908e-03 6.184110e-02 
4.961308e-04 3.890228e-02 
-2.136032e-04 1.638270e-03 
-3.865940e-04 -4.711461e-02 
1.057094e-01 8.669754e-03 
1.272987e-02 1.189492e-02 
-9.947310e-03 4.699024e-02 
-4.475642e-03 7.747142e-02 
-4.601930e-03 8.711980e-02 
-4.551421e-03 7.560375e-02 
1.514484e-03 3.561618e-02 
9.853371e-03 -2.028582e-02 
8.180296e-03 -4.444564e-02 
8.145862e-03 -4.391819e-02 
8.153304e-03 -1.792585e-02 
1.377998e-03 2.189360e-02 
1.153649e-03 3.965213e-02 
1.067245e-03 4.141541e-02 
-1.056703e-03 2.513659e-02 
-3.698095e-03 -5.680538e-03 
-3.170781e-03 -2.139946e-02 
-3.432394e-03 -2.465833e-02 
-4.822727e-03 -1.452196e-02 
-3.785551e-03 5.633118e-03 
-2.951851e-03 1.756152e-02 
-3.450707e-03 2.252571e-02 
-3.921690e-03 1.887936e-02 
-1.161601e-03 7.057789e-03 
-5.098555e-04 -2.689697e-03 
-4.748895e-04 -1.098182e-02 
5.428926e-04 -1.592914e-02 
2.168184e-03 -1.387063e-02 
1.308232e-03 -7.295632e-03 
1.298816e-03 3.377212e-03 
4.187497e-03 1.748368e-02 
5.826306e-03 2.818557e-02 
4.444963e-03 2.504914e-02 
5.552125e-03 8.636693e-03 
6.715515e-03 -2.386630e-02 
5.366765e-04 -7.069444e-02 
-1.279003e-03 -1.170982e-01 
-3.131502e-03 -1.611038e-01 
-5.938533e-03 -1.967864e-01 
-6.387661e-03 -2.104705e-01 
