poroelastic
3.263461e-03 -7.022366e-02 
1.827378e-03 -1.124090e-01 
-1.599986e-03 -1.015715e-01 
-1.045943e-03 -3.398660e-02 
7.746673e-05 1.132433e-02 
3.505373e-04 2.667705e-02 
-4.212841e-04 8.664483e-03 
-1.546583e-03 -2.591065e-02 
-1.833977e-03 -3.466856e-02 
-2.097152e-03 -2.706238e-02 
-1.590178e-03 -5.424636e-03 
1.006541e-03 1.778252e-02 
1.295525e-03 2.680025e-02 
1.183668e-03 2.428926e-02 
1.086759e-03 9.022444e-03 
8.756744e-04 -1.361828e-02 
5.576246e-04 -2.491631e-02 
1.085104e-03 -2.628785e-02 
2.158949e-03 -1.616783e-02 
1.344003e-03 2.928478e-03 
7.898448e-04 1.568218e-02 
6.625592e-04 2.296645e-02 
8.387727e-04 2.481693e-02 
4.474694e-04 1.827889e-02 
4.697987e-04 4.792588e-03 
1.182697e-03 -1.297939e-02 
1.267943e-03 -3.678364e-02 
-1.159414e-03 -4.693994e-02 
-1.906988e-03 -2.229089e-02 
-2.771194e-03 1.800575e-02 
-1.820119e-03 6.863919e-02 
8.327836e-04 8.707069e-02 
2.164519e-04 3.957299e-02 
5.131884e-04 -4.241060e-02 
4.518680e-03 -1.562487e-01 
1.470821e-02 -2.312231e-01 
1.619206e-02 -1.648033e-01 
1.118126e-02 -1.459424e-02 
-1.103899e-02 2.002437e-01 
-3.617772e-02 4.420019e-01 
4.554870e-01 7.329059e-01 
5.048788e-02 7.352239e-01 
-4.133586e-03 4.003366e-01 
6.759229e-04 4.208148e-02 
-2.281527e-03 -1.432991e-01 
-7.239165e-03 -2.169985e-01 
-1.193824e-02 -1.749350e-01 
-4.847402e-03 -3.605872e-02 
1.582132e-03 5.112627e-02 
4.038524e-03 9.448785e-02 
4.140281e-03 8.811141e-02 
3.228450e-03 3.154694e-02 
7.200061e-04 -7.631184e-03 
-2.267628e-04 -3.256074e-02 
7.376086e-04 -4.060391e-02 
2.036296e-03 -2.872573e-02 
1.914477e-03 -1.646458e-02 
2.560404e-03 -3.296944e-03 
3.919295e-03 9.613282e-03 
2.992261e-03 1.815527e-02 
1.905777e-03 2.183847e-02 
1.865403e-03 2.042539e-02 
2.470708e-03 1.371784e-02 
1.811716e-03 2.013257e-03 
1.752223e-03 -1.018396e-02 
2.433929e-03 -2.024279e-02 
1.556308e-03 -2.777335e-02 
-2.513049e-03 -2.291829e-02 
-2.662327e-03 2.381028e-04 
-3.394256e-03 2.871037e-02 
-4.025448e-03 5.835376e-02 
-1.349456e-03 6.679906e-02 
-3.177706e-04 3.494802e-02 
-4.410652e-05 -1.722629e-02 
1.735937e-03 -9.260835e-02 
9.070975e-03 -1.580626e-01 
9.280759e-03 -1.110305e-01 
6.501289e-03 5.718306e-03 
-5.184632e-03 1.802003e-01 
-2.283656e-02 3.758956e-01 
1.790026e-01 -4.986036e-01 
6.599564e-03 -4.112071e-01 
-1.544009e-03 -2.315947e-01 
-3.940671e-04 -6.647490e-02 
2.878712e-04 2.486494e-02 
3.387678e-04 5.649653e-02 
-2.372704e-05 2.533241e-02 
-1.021635e-03 -4.288161e-02 
-2.146811e-03 -6.646547e-02 
-3.068902e-03 -5.867701e-02 
-2.426128e-03 -2.108442e-02 
1.487255e-03 2.660180e-02 
2.068550e-03 4.684098e-02 
1.873162e-03 4.517618e-02 
1.053330e-03 1.763897e-02 
6.624388e-06 -2.611406e-02 
-1.683906e-04 -4.504498e-02 
4.656550e-04 -4.444529e-02 
1.742392e-03 -2.116538e-02 
1.325482e-03 1.741645e-02 
6.058537e-04 3.588440e-02 
3.014356e-04 3.905468e-02 
3.402231e-04 2.536222e-02 
4.607894e-04 -2.022032e-03 
8.414167e-04 -1.956789e-02 
1.313215e-03 -2.951748e-02 
9.836689e-04 -3.265206e-02 
-8.262659e-04 -2.070257e-02 
-1.180449e-03 4.110603e-03 
-1.619868e-03 3.292228e-02 
-1.432515e-03 6.485503e-02 
-4.327079e-04 7.231713e-02 
-2.923185e-04 3.207676e-02 
4.607733e-04 -3.214111e-02 
2.620872e-03 -1.201318e-01 
6.323521e-03 -1.846612e-01 
6.297081e-03 -1.409597e-01 
3.684231e-03 -2.849466e-02 
-5.123458e-03 1.464168e-01 
-1.427513e-02 3.610081e-01 
2.309608e-01 5.714699e-01 
2.233334e-02 5.491552e-01 
-1.583555e-03 3.164011e-01 
7.296490e-04 1.405970e-02 
3.084655e-04 -1.495527e-01 
-2.160568e-03 -2.167368e-01 
-7.497538e-03 -1.743682e-01 
-5.492619e-03 -3.645104e-02 
-1.132795e-03 5.307821e-02 
1.553826e-03 1.004867e-01 
3.157522e-03 9.384582e-02 
2.831958e-03 3.010653e-02 
4.550986e-04 -1.279174e-02 
-2.418344e-04 -3.934247e-02 
8.290950e-04 -4.657258e-02 
1.324560e-03 -3.160235e-02 
1.307127e-03 -1.687566e-02 
1.861148e-03 -1.369599e-03 
3.051797e-03 1.398898e-02 
2.374556e-03 2.395482e-02 
1.394878e-03 2.624040e-02 
1.350602e-03 2.117269e-02 
1.805873e-03 8.319553e-03 
1.264190e-03 -8.928911e-03 
1.375048e-03 -1.964376e-02 
1.782603e-03 -2.359544e-02 
9.785407e-04 -2.067722e-02 
-1.641465e-03 -7.009970e-03 
-1.649661e-03 1.225491e-02 
-2.059106e-03 3.036468e-02 
-2.666072e-03 4.562308e-02 
-1.370203e-03 4.674107e-02 
-5.614682e-04 2.796040e-02 
-3.431211e-04 1.175293e-03 
1.152970e-04 -3.760729e-02 
2.122862e-03 -7.623723e-02 
1.526993e-03 -5.261209e-02 
6.413580e-04 8.775757e-03 
-1.915305e-03 1.032226e-01 
-4.296727e-03 2.117924e-01 
4.446336e-01 -7.723794e-01 
1.696278e-02 -6.709075e-01 
-4.759101e-03 -3.511346e-01 
1.252912e-03 -9.857639e-02 
5.133902e-04 3.735500e-02 
-7.065566e-04 9.046906e-02 
-9.486062e-04 6.050989e-02 
-1.338570e-04 -2.451012e-02 
-1.010045e-03 -6.011918e-02 
-2.573888e-03 -6.121217e-02 
-2.912758e-03 -3.188903e-02 
6.515387e-04 9.284246e-03 
1.261471e-03 2.916785e-02 
1.307515e-03 3.270997e-02 
1.022972e-03 1.702717e-02 
3.381751e-04 -1.288102e-02 
1.710253e-04 -2.658050e-02 
4.936032e-04 -2.779533e-02 
1.197734e-03 -1.489768e-02 
9.178199e-04 8.295042e-03 
5.040726e-04 1.949693e-02 
3.702649e-04 2.168531e-02 
3.509912e-04 1.420954e-02 
1.618244e-04 -1.243063e-03 
2.716560e-04 -1.039357e-02 
3.979513e-04 -1.467360e-02 
3.645897e-04 -1.481744e-02 
9.871961e-05 -8.921005e-03 
-2.690848e-05 9.984724e-04 
-2.801375e-04 1.310865e-02 
-6.427408e-04 2.938180e-02 
-6.676844e-04 3.938509e-02 
-5.149799e-04 2.786394e-02 
-1.176961e-04 6.594847e-03 
3.937164e-04 -2.552776e-02 
3.376288e-04 -5.680931e-02 
-3.018633e-04 -4.812030e-02 
-1.046039e-03 -1.359807e-02 
-1.379406e-03 4.813535e-02 
8.285492e-04 1.495356e-01 
