poroelastic
-1.135700e-02 9.524503e-02 
-1.215955e-02 1.484948e-01 
-8.689729e-03 1.464910e-01 
-2.166498e-03 8.510639e-02 
-5.713466e-04 3.775961e-02 
-4.976889e-04 4.109583e-03 
-1.548122e-03 -1.340649e-02 
-1.886382e-03 -1.193054e-02 
-1.482586e-03 -1.246952e-02 
-1.869886e-03 -1.209418e-02 
-2.161576e-03 -8.470854e-03 
6.523782e-05 -1.139536e-03 
1.967930e-04 4.174682e-03 
3.318446e-04 7.411552e-03 
1.246847e-03 8.088938e-03 
2.096586e-03 6.337199e-03 
1.530969e-03 3.747406e-03 
1.648640e-03 1.261762e-04 
2.174608e-03 -4.411240e-03 
1.209099e-03 -8.078055e-03 
8.994598e-04 -7.815801e-03 
1.043185e-03 -4.513449e-03 
1.655907e-03 1.307097e-03 
1.272846e-03 8.098394e-03 
7.107499e-04 1.264467e-02 
6.665183e-04 1.489988e-02 
-9.754894e-04 1.566162e-02 
-3.294337e-03 1.047911e-02 
-2.233186e-03 -2.031547e-03 
-2.642679e-03 -1.561222e-02 
-3.327491e-03 -2.844805e-02 
-1.042870e-04 -2.530643e-02 
6.911576e-04 3.107959e-03 
1.293468e-03 4.726528e-02 
3.005781e-03 1.107651e-01 
-4.824819e-04 1.575528e-01 
-5.358489e-03 1.322107e-01 
-6.398343e-03 6.297367e-02 
6.624522e-04 -5.406731e-02 
1.181694e-02 -1.765551e-01 
-9.672401e-02 -4.607849e-01 
1.726521e-02 -4.358598e-01 
1.500024e-03 -2.572796e-01 
-1.192003e-02 -6.976678e-02 
-8.792347e-03 2.733924e-02 
-7.777384e-03 7.412565e-02 
-9.043000e-03 7.650527e-02 
-2.810427e-03 4.016991e-02 
-9.484068e-04 9.049442e-03 
-2.256834e-03 -1.809190e-02 
-3.607512e-03 -3.992788e-02 
1.278626e-03 -4.739932e-02 
1.031701e-03 -4.107548e-02 
1.943663e-03 -2.320346e-02 
4.732374e-03 6.559541e-03 
6.156759e-03 3.799573e-02 
4.484716e-03 4.818853e-02 
4.277270e-03 3.993138e-02 
5.359731e-03 1.082608e-02 
4.294359e-03 -3.012212e-02 
3.654452e-03 -4.827563e-02 
4.500518e-03 -4.754439e-02 
6.141408e-03 -2.579286e-02 
3.889652e-03 1.129941e-02 
2.017792e-03 3.327559e-02 
1.760595e-03 4.227808e-02 
-1.472679e-03 3.651844e-02 
-7.422960e-03 1.306346e-02 
-4.940264e-03 -1.173285e-02 
-5.305397e-03 -3.402351e-02 
-8.476237e-03 -5.150169e-02 
-4.346420e-03 -5.173379e-02 
-1.953279e-03 -2.562452e-02 
-2.279323e-03 1.998978e-02 
2.796423e-03 9.073576e-02 
1.185438e-02 1.707756e-01 
3.336341e-03 1.941865e-01 
-7.479846e-04 1.814192e-01 
-3.324184e-03 1.320688e-01 
-2.747027e-03 6.067297e-02 
-1.820243e-01 3.173626e-01 
-1.378700e-02 3.109945e-01 
-2.021050e-03 2.345864e-01 
-1.657475e-03 1.298285e-01 
-6.685856e-04 5.950622e-02 
-1.255116e-04 1.106646e-02 
8.660488e-05 -1.567218e-02 
-2.341404e-04 -1.713186e-02 
-4.605651e-04 -1.777093e-02 
-7.405977e-04 -1.464669e-02 
-7.082606e-04 -4.322317e-03 
4.032813e-04 1.161927e-02 
5.938960e-04 1.955679e-02 
5.896386e-04 2.082212e-02 
3.929065e-04 1.469646e-02 
7.419412e-05 3.356039e-03 
-4.819944e-05 -3.726136e-03 
-4.245372e-05 -7.322151e-03 
6.597871e-05 -7.005625e-03 
9.637583e-05 -2.967133e-03 
6.760111e-05 7.747088e-04 
3.757831e-05 3.773183e-03 
9.972819e-07 5.166929e-03 
-5.227078e-05 4.511239e-03 
-6.068358e-05 3.544254e-03 
-4.629488e-05 2.295500e-03 
-4.179233e-05 1.840190e-03 
-2.264774e-06 7.142641e-04 
3.405686e-05 -2.939078e-03 
1.234046e-06 -6.040774e-03 
-1.075853e-04 -7.961311e-03 
-4.521083e-05 -4.252059e-03 
4.999635e-05 6.772008e-03 
1.622028e-04 2.234868e-02 
1.408638e-04 4.502578e-02 
-7.823757e-04 5.989688e-02 
-1.141216e-03 4.150773e-02 
-1.117844e-03 4.245385e-03 
3.530538e-04 -5.282524e-02 
2.476675e-03 -1.074703e-01 
-4.025190e-02 -3.407305e-01 
9.609425e-03 -3.226552e-01 
9.798473e-03 -2.036107e-01 
-4.764948e-03 -4.053894e-02 
-4.804074e-03 4.778261e-02 
-5.202495e-03 8.975109e-02 
-7.240323e-03 8.462219e-02 
-4.132247e-03 3.705462e-02 
-3.043725e-03 7.884480e-04 
-4.382007e-03 -2.685908e-02 
-4.890191e-03 -4.224834e-02 
1.225377e-03 -3.714986e-02 
1.431202e-03 -2.572899e-02 
2.373798e-03 -8.487372e-03 
4.199223e-03 1.463804e-02 
3.451513e-03 3.534072e-02 
2.396758e-03 4.030885e-02 
2.260083e-03 3.133584e-02 
3.065236e-03 6.723478e-03 
2.745901e-03 -2.523044e-02 
2.437971e-03 -3.943000e-02 
3.045326e-03 -3.856818e-02 
3.693186e-03 -2.072723e-02 
1.392751e-03 8.571953e-03 
4.134708e-04 2.563373e-02 
3.372946e-04 3.224776e-02 
-1.100671e-03 2.695890e-02 
-3.382096e-03 8.566223e-03 
-1.986973e-03 -9.389825e-03 
-2.083360e-03 -2.469515e-02 
-4.080955e-03 -3.560348e-02 
-2.841000e-03 -3.644503e-02 
-1.698597e-03 -2.511839e-02 
-2.411816e-03 -3.713429e-03 
-1.426212e-03 3.227060e-02 
3.906273e-03 8.106056e-02 
1.882157e-03 1.086926e-01 
1.271291e-03 1.239725e-01 
3.972111e-04 1.284378e-01 
-5.863097e-04 1.215829e-01 
-3.049069e-01 4.292412e-01 
-2.083210e-02 4.127081e-01 
1.757450e-03 2.723701e-01 
-3.284107e-03 1.428884e-01 
-2.268310e-03 6.241787e-02 
-9.561550e-04 9.243138e-03 
1.209617e-03 -2.078285e-02 
2.587656e-03 -2.621651e-02 
1.716495e-03 -2.642249e-02 
1.296473e-03 -1.938457e-02 
1.209757e-03 -3.489375e-04 
5.743184e-04 2.769597e-02 
6.935862e-04 3.925041e-02 
4.767252e-04 3.722289e-02 
-3.881158e-04 1.945665e-02 
-9.401806e-04 -8.732010e-03 
-8.590196e-04 -2.202450e-02 
-8.038010e-04 -2.345209e-02 
-8.245139e-04 -1.153593e-02 
-5.701397e-04 9.869101e-03 
-5.591849e-04 2.029356e-02 
-7.207581e-04 2.182484e-02 
-7.082271e-04 1.293655e-02 
-4.173656e-05 -3.997370e-03 
1.372032e-04 -1.296540e-02 
1.496421e-04 -1.566335e-02 
2.465010e-04 -1.097503e-02 
2.783565e-04 8.744175e-05 
7.639674e-05 7.226248e-03 
8.180790e-05 1.181845e-02 
4.619144e-04 1.395214e-02 
4.341030e-04 1.055755e-02 
3.314620e-04 9.092163e-04 
4.983902e-04 -1.204526e-02 
7.701565e-04 -2.660280e-02 
3.820489e-04 -3.744399e-02 
-2.718704e-06 -4.257041e-02 
-2.976658e-04 -4.175636e-02 
-5.022379e-04 -3.430742e-02 
-4.350955e-04 -2.051690e-02 
