poroelastic
2.811750e-03 -4.777260e-02 
8.305787e-04 -6.840688e-02 
-4.498284e-04 -3.472363e-02 
2.428607e-03 5.076734e-02 
3.985378e-03 9.171724e-02 
3.392326e-03 9.306230e-02 
8.395148e-04 5.294546e-02 
-1.349954e-03 -1.075127e-02 
-2.225242e-03 -4.570756e-02 
-2.346510e-03 -5.629058e-02 
-1.524914e-03 -3.533540e-02 
9.438710e-06 1.079243e-02 
6.781270e-04 3.396936e-02 
6.928638e-04 3.927009e-02 
-4.173277e-04 2.375252e-02 
-1.552828e-03 -6.435278e-03 
-1.327478e-03 -2.101456e-02 
-1.297206e-03 -2.395459e-02 
-1.299916e-03 -1.317546e-02 
-5.843830e-04 7.286236e-03 
-4.750439e-04 1.613212e-02 
-6.067711e-04 1.677551e-02 
-1.308309e-03 8.594926e-03 
-1.461260e-03 -6.372218e-03 
-8.147720e-04 -1.493650e-02 
-7.148380e-04 -1.823590e-02 
-1.241971e-04 -1.625902e-02 
1.115110e-03 -5.214200e-03 
5.582863e-04 9.622670e-03 
4.575331e-04 2.348896e-02 
-3.388439e-04 3.540770e-02 
-2.361362e-03 1.762564e-02 
-4.662852e-04 -4.346048e-02 
2.874287e-03 -1.242462e-01 
9.360965e-03 -2.222853e-01 
1.782357e-02 -2.749545e-01 
1.713041e-02 -2.047651e-01 
9.357265e-03 -5.251500e-02 
-1.393970e-02 1.820965e-01 
-3.549051e-02 4.557964e-01 
4.253532e-01 7.405661e-01 
6.028533e-02 7.953100e-01 
1.788038e-02 5.208946e-01 
1.350289e-02 2.088863e-01 
4.850997e-03 2.558159e-02 
-1.054125e-03 -7.772827e-02 
-4.188438e-03 -1.003047e-01 
-4.847818e-03 -4.621539e-02 
-2.941388e-03 -1.082782e-02 
-2.045057e-03 1.278930e-02 
-2.258735e-03 2.930737e-02 
-1.755605e-03 3.742617e-02 
-1.274794e-03 3.497765e-02 
-1.948227e-03 2.324821e-02 
-3.159293e-03 1.028392e-03 
-2.444864e-03 -2.379943e-02 
-1.758711e-03 -3.166555e-02 
-1.679272e-03 -2.630063e-02 
-1.970811e-03 -5.515879e-03 
-1.634592e-03 2.429403e-02 
-1.478786e-03 3.491648e-02 
-1.778885e-03 3.096443e-02 
-2.808953e-03 1.088645e-02 
-2.781602e-03 -2.014669e-02 
-1.499668e-03 -3.379964e-02 
-1.407655e-03 -3.283928e-02 
-1.419590e-03 -1.553961e-02 
-8.327537e-05 1.468229e-02 
-5.642007e-04 3.299127e-02 
-8.273403e-04 4.071530e-02 
-1.130802e-03 3.748215e-02 
-1.648299e-03 8.412311e-03 
1.214334e-04 -4.868034e-02 
3.009119e-03 -1.175082e-01 
6.382374e-03 -1.987695e-01 
1.109166e-02 -2.578294e-01 
1.214251e-02 -2.199347e-01 
8.078263e-03 -1.126455e-01 
-3.729953e-03 6.864162e-02 
-1.818950e-02 2.982997e-01 
1.250713e-01 -4.566756e-01 
-7.537373e-03 -3.213185e-01 
-5.392759e-03 -1.202906e-01 
2.739513e-03 5.246998e-02 
4.566814e-03 1.275813e-01 
3.239255e-03 1.335179e-01 
4.253152e-04 7.162133e-02 
-5.386665e-04 -2.643536e-02 
-1.593351e-03 -7.695303e-02 
-1.967670e-03 -9.038334e-02 
-1.365451e-03 -5.952090e-02 
5.829018e-05 4.852334e-03 
7.023898e-04 3.934145e-02 
7.482975e-04 5.120646e-02 
1.002198e-04 3.580925e-02 
-4.959364e-04 -1.156359e-03 
-5.306144e-04 -1.961920e-02 
-5.001540e-04 -2.524202e-02 
-4.356597e-04 -1.505886e-02 
-2.660340e-04 6.766233e-03 
-2.605782e-04 1.379608e-02 
-3.327281e-04 1.151213e-02 
-4.482464e-04 -1.466711e-03 
-1.661936e-04 -2.014153e-02 
1.146417e-04 -2.286187e-02 
5.847962e-05 -1.475909e-02 
-3.192686e-04 4.861925e-03 
-7.433524e-04 2.896703e-02 
-8.893104e-04 3.476158e-02 
-7.759065e-04 2.801215e-02 
-7.247276e-04 1.036003e-02 
6.415905e-05 -2.876949e-02 
2.450430e-03 -8.177168e-02 
5.329603e-03 -1.341535e-01 
8.833297e-03 -1.833189e-01 
9.025598e-03 -1.928827e-01 
5.498537e-03 -1.237356e-01 
-2.831023e-04 -1.231285e-03 
-1.064230e-02 1.807588e-01 
-1.559561e-02 3.962862e-01 
2.593937e-01 6.188725e-01 
4.187101e-02 6.622755e-01 
1.573527e-02 4.851288e-01 
6.904066e-03 2.045484e-01 
9.785302e-04 2.346471e-02 
-2.546288e-03 -8.903147e-02 
-3.264781e-03 -1.203220e-01 
-2.201417e-03 -6.251775e-02 
-7.481149e-04 -2.037367e-02 
3.775779e-04 1.200328e-02 
3.781943e-04 3.530432e-02 
-9.571032e-04 4.191932e-02 
-9.592681e-04 3.809756e-02 
-1.785890e-03 2.470025e-02 
-2.838276e-03 -7.138684e-04 
-1.432320e-03 -2.908904e-02 
-9.679141e-04 -3.785777e-02 
-8.942803e-04 -3.111630e-02 
-1.168781e-03 -5.852000e-03 
-1.200144e-03 2.898284e-02 
-1.185524e-03 4.044919e-02 
-1.440795e-03 3.430554e-02 
-1.806680e-03 8.095500e-03 
-9.343592e-04 -2.922723e-02 
-1.352938e-04 -4.197281e-02 
-1.969456e-04 -3.598286e-02 
-8.899543e-04 -9.482792e-03 
-1.331388e-03 2.860538e-02 
-1.769144e-03 4.425432e-02 
-2.018786e-03 4.365281e-02 
-2.068221e-03 2.767626e-02 
-9.390499e-04 -1.057572e-02 
1.141813e-03 -5.925277e-02 
3.472651e-03 -1.059697e-01 
6.046056e-03 -1.487214e-01 
6.985618e-03 -1.699579e-01 
4.966375e-03 -1.384348e-01 
1.756395e-03 -6.847714e-02 
-3.015989e-03 4.591247e-02 
-4.964341e-03 1.930439e-01 
3.601589e-01 -7.482833e-01 
-1.118413e-02 -5.701156e-01 
-1.090974e-02 -2.411869e-01 
1.865087e-03 -1.172116e-02 
3.013721e-03 8.740071e-02 
1.298747e-03 1.071616e-01 
-4.231762e-04 5.945362e-02 
3.574463e-04 -2.013604e-02 
-3.848666e-06 -5.895734e-02 
-7.867152e-04 -6.819847e-02 
-1.104057e-03 -4.636259e-02 
1.160624e-04 -3.166075e-03 
4.657047e-04 2.063177e-02 
5.488148e-04 3.012077e-02 
3.974243e-04 2.233028e-02 
8.078469e-05 -2.297165e-04 
2.366813e-05 -1.136207e-02 
7.874539e-05 -1.478129e-02 
1.863867e-04 -8.883162e-03 
1.314270e-04 4.001305e-03 
8.023648e-05 7.085307e-03 
7.781915e-05 4.080913e-03 
1.421162e-04 -5.672833e-03 
2.372680e-04 -1.813855e-02 
2.316295e-04 -1.774148e-02 
1.904638e-04 -8.623316e-03 
2.513768e-04 9.237645e-03 
5.224609e-05 2.720480e-02 
-3.050371e-04 2.632018e-02 
-1.933007e-04 1.465651e-02 
3.542474e-04 -3.659953e-03 
1.403138e-03 -3.009188e-02 
2.851293e-03 -5.944420e-02 
4.231492e-03 -8.105283e-02 
3.837671e-03 -9.080654e-02 
-4.976861e-04 -7.765282e-02 
-2.491899e-03 -3.486411e-02 
-4.616557e-03 2.994731e-02 
-5.696934e-03 1.251417e-01 
-3.116678e-04 2.542850e-01 
