poroelastic
3.459465e-03 -7.342665e-02 
3.098747e-03 -1.155874e-01 
-3.348267e-04 -1.071165e-01 
-1.655924e-03 -4.782789e-02 
-9.734647e-04 -1.150760e-03 
-1.059890e-03 2.403630e-02 
-2.437590e-03 2.028381e-02 
-2.735481e-03 -5.064776e-03 
-2.244529e-03 -1.192039e-02 
-2.703512e-03 -8.929428e-03 
-2.661099e-03 -7.491775e-04 
6.121262e-04 4.834716e-03 
6.065280e-04 6.920368e-03 
6.403393e-04 6.213066e-03 
1.561306e-03 3.279739e-03 
2.266974e-03 -1.391226e-03 
1.678808e-03 -6.035477e-03 
1.970925e-03 -9.332987e-03 
2.851181e-03 -1.139924e-02 
1.747602e-03 -9.985733e-03 
1.258081e-03 -2.509119e-03 
1.320972e-03 8.330847e-03 
1.801179e-03 2.333768e-02 
8.720082e-04 3.507139e-02 
2.585753e-04 2.809837e-02 
8.616472e-04 7.631787e-03 
6.912187e-04 -2.838143e-02 
-2.380676e-03 -5.799085e-02 
-3.066310e-03 -4.524580e-02 
-4.455502e-03 -9.432699e-03 
-3.786861e-03 4.379952e-02 
1.928105e-03 8.291093e-02 
1.679080e-03 7.212635e-02 
7.710598e-04 3.106871e-02 
1.470092e-03 -3.783158e-02 
6.022340e-03 -9.257840e-02 
7.084171e-03 -6.535763e-02 
5.519240e-03 5.854260e-03 
-3.644615e-03 9.656320e-02 
-1.523374e-02 1.951767e-01 
3.167705e-01 4.340330e-01 
3.564326e-02 3.922628e-01 
-6.217270e-03 1.517176e-01 
-5.428869e-03 -7.146076e-02 
-5.097230e-03 -1.716736e-01 
-1.004404e-02 -1.867855e-01 
-1.940322e-02 -1.139691e-01 
-8.727495e-03 1.846134e-02 
1.419510e-04 9.388051e-02 
1.971434e-03 1.187896e-01 
9.821516e-04 8.307952e-02 
3.135851e-03 -4.942006e-03 
-2.257458e-05 -5.346158e-02 
-1.559247e-04 -7.013207e-02 
3.636744e-03 -5.070464e-02 
6.565309e-03 -1.935682e-03 
5.474479e-03 2.473555e-02 
5.799863e-03 3.463881e-02 
7.571572e-03 2.371779e-02 
6.010854e-03 -4.951026e-03 
4.625229e-03 -1.609069e-02 
5.322489e-03 -1.536894e-02 
7.065702e-03 -8.568130e-04 
4.229101e-03 2.191085e-02 
2.530373e-03 2.438639e-02 
3.136021e-03 1.337190e-02 
6.662209e-04 -1.230567e-02 
-7.242479e-03 -3.906184e-02 
-5.895670e-03 -3.332617e-02 
-7.279964e-03 -1.125827e-02 
-1.076045e-02 2.221220e-02 
-4.384702e-03 5.339522e-02 
-1.090256e-03 6.019425e-02 
-1.536001e-03 5.209844e-02 
1.410188e-03 2.756850e-02 
1.091656e-02 1.318386e-03 
6.762585e-03 3.177430e-02 
4.074204e-03 9.311597e-02 
-2.851445e-03 1.692799e-01 
-1.268681e-02 2.341025e-01 
1.394475e-01 -3.566605e-01 
1.270251e-02 -3.276589e-01 
3.631777e-03 -2.033325e-01 
7.521591e-04 -6.989559e-02 
-4.238139e-04 1.331871e-02 
-8.539513e-04 5.195444e-02 
-7.480754e-04 3.676610e-02 
-7.033560e-04 -1.816830e-02 
-1.330055e-03 -3.680095e-02 
-2.060097e-03 -3.143345e-02 
-1.622502e-03 -6.149890e-03 
1.268381e-03 2.334466e-02 
1.557361e-03 3.430576e-02 
1.296494e-03 3.080408e-02 
5.868778e-04 1.131236e-02 
-1.931956e-04 -1.786266e-02 
-2.924528e-04 -3.131606e-02 
1.229332e-04 -3.144682e-02 
9.508189e-04 -1.700392e-02 
7.990788e-04 8.056979e-03 
3.664515e-04 2.389871e-02 
8.335410e-05 3.137496e-02 
-1.496456e-04 2.986391e-02 
-2.841745e-04 1.771632e-02 
2.184578e-05 1.220956e-03 
6.085139e-04 -1.751441e-02 
1.138858e-03 -3.934075e-02 
2.301722e-04 -4.947062e-02 
-5.798401e-04 -2.983792e-02 
-1.329464e-03 5.934958e-03 
-1.113530e-03 5.509029e-02 
5.735422e-04 9.315761e-02 
5.123824e-04 8.576725e-02 
2.149833e-04 4.870310e-02 
-7.368140e-04 -1.860084e-02 
-3.259421e-04 -8.767409e-02 
1.518036e-03 -9.185564e-02 
2.046889e-03 -5.553622e-02 
3.392778e-04 1.099987e-02 
-3.574950e-03 1.072792e-01 
1.324460e-01 2.970915e-01 
1.102437e-02 2.385716e-01 
2.287926e-05 7.993748e-02 
-9.773337e-05 -8.316766e-02 
3.480344e-04 -1.569701e-01 
-3.362722e-03 -1.642650e-01 
-1.317280e-02 -9.840717e-02 
-9.090397e-03 1.908485e-02 
-3.150964e-03 8.967686e-02 
-7.799525e-04 1.152348e-01 
3.685538e-04 8.114240e-02 
2.319036e-03 -5.736459e-03 
-2.115341e-04 -5.356539e-02 
6.625723e-05 -7.005603e-02 
3.246736e-03 -5.019383e-02 
3.928973e-03 -1.107074e-03 
3.294300e-03 2.601553e-02 
3.504250e-03 3.657894e-02 
4.754260e-03 2.670734e-02 
4.011239e-03 -2.279848e-04 
3.121063e-03 -1.250539e-02 
3.678260e-03 -1.492290e-02 
4.564235e-03 -5.447485e-03 
1.924603e-03 1.178171e-02 
1.028063e-03 1.458063e-02 
1.464091e-03 8.200152e-03 
2.368699e-04 -8.453908e-03 
-3.481417e-03 -2.575382e-02 
-2.586224e-03 -2.148779e-02 
-3.363068e-03 -6.623294e-03 
-6.036264e-03 1.586333e-02 
-3.624024e-03 4.003969e-02 
-1.526295e-03 5.405862e-02 
-1.651153e-03 6.076653e-02 
-6.535425e-04 5.592839e-02 
2.781625e-03 3.906001e-02 
1.254567e-03 4.433359e-02 
8.427409e-04 5.946218e-02 
6.142874e-05 7.762707e-02 
-9.626693e-04 8.657035e-02 
3.147434e-01 -4.960426e-01 
2.519468e-02 -4.660336e-01 
1.675653e-03 -2.483564e-01 
1.449822e-03 -5.257707e-02 
-1.573926e-03 5.894956e-02 
-2.975796e-03 1.037299e-01 
-8.462583e-04 7.216344e-02 
2.573911e-03 -1.592006e-02 
1.558490e-03 -5.308846e-02 
1.916231e-04 -5.499082e-02 
-3.892601e-04 -2.607668e-02 
4.955654e-04 1.537495e-02 
1.019545e-03 3.456614e-02 
8.631245e-04 3.741745e-02 
-9.708957e-05 2.177651e-02 
-7.879476e-04 -8.063783e-03 
-7.799568e-04 -2.281500e-02 
-6.523032e-04 -2.567931e-02 
-4.812846e-04 -1.562207e-02 
-2.889974e-04 4.680456e-03 
-3.569724e-04 1.677454e-02 
-5.878185e-04 2.217395e-02 
-7.796451e-04 2.020544e-02 
-3.242460e-04 1.007184e-02 
-6.443660e-05 -6.612826e-04 
1.241451e-04 -1.133327e-02 
4.985276e-04 -2.201463e-02 
6.998271e-04 -2.619602e-02 
3.577717e-04 -1.645207e-02 
8.427545e-05 2.037181e-03 
-1.455300e-05 2.880249e-02 
-1.598694e-04 5.432399e-02 
-1.173243e-04 6.044930e-02 
2.299277e-04 5.168289e-02 
8.388422e-04 2.453469e-02 
8.036865e-04 -1.809035e-02 
5.036943e-04 -4.605892e-02 
4.027639e-05 -6.544466e-02 
-5.940073e-04 -7.685456e-02 
-9.461142e-04 -6.268731e-02 
