poroelastic
3.401281e-03 -5.214285e-02 
2.037681e-03 -7.594614e-02 
3.257219e-04 -4.634504e-02 
1.126476e-03 3.137779e-02 
2.104732e-03 7.164962e-02 
1.731756e-03 7.351899e-02 
1.173228e-03 3.494421e-02 
6.358131e-04 -2.081791e-02 
-7.843362e-04 -4.380641e-02 
-9.774842e-04 -4.433774e-02 
-1.915785e-04 -2.073932e-02 
5.092262e-04 1.564351e-02 
1.301707e-03 3.232317e-02 
1.247524e-03 3.397603e-02 
-5.942872e-04 1.837349e-02 
-2.624226e-03 -8.820838e-03 
-2.242501e-03 -2.190394e-02 
-2.135878e-03 -2.376310e-02 
-2.210799e-03 -1.202117e-02 
-1.239415e-03 9.072781e-03 
-1.043966e-03 1.781821e-02 
-1.355764e-03 1.784076e-02 
-2.104019e-03 8.723430e-03 
-1.414651e-03 -7.582201e-03 
-5.362421e-04 -1.820245e-02 
-2.377297e-04 -2.370891e-02 
9.041167e-04 -2.407915e-02 
2.123926e-03 -1.134768e-02 
1.039241e-03 1.093570e-02 
1.072115e-03 3.288709e-02 
8.510499e-04 5.012350e-02 
-2.424578e-03 2.578981e-02 
-9.486504e-04 -5.002394e-02 
2.707771e-03 -1.475695e-01 
1.130028e-02 -2.636388e-01 
2.452690e-02 -3.205436e-01 
2.428656e-02 -2.282763e-01 
1.397569e-02 -4.187164e-02 
-1.982980e-02 2.345250e-01 
-5.198656e-02 5.464666e-01 
4.162966e-01 7.371295e-01 
5.784205e-02 7.984529e-01 
8.678831e-03 5.195960e-01 
9.882922e-03 1.863899e-01 
3.867524e-03 -3.326692e-03 
-6.362738e-04 -1.068666e-01 
-1.639956e-03 -1.246880e-01 
-1.551763e-03 -5.601738e-02 
8.168649e-05 -4.205367e-03 
2.264197e-03 3.109056e-02 
3.358602e-03 4.907607e-02 
3.330535e-05 4.307330e-02 
-4.749365e-04 2.930847e-02 
-1.698611e-03 1.068629e-02 
-4.115168e-03 -1.134194e-02 
-4.815130e-03 -2.858949e-02 
-3.454760e-03 -3.155397e-02 
-3.164602e-03 -2.293508e-02 
-3.965949e-03 -1.355598e-03 
-3.389485e-03 2.622034e-02 
-2.996134e-03 3.574974e-02 
-3.706035e-03 3.117148e-02 
-4.852377e-03 1.089853e-02 
-2.493279e-03 -2.019092e-02 
-7.438670e-04 -3.590718e-02 
-4.978979e-04 -3.742027e-02 
2.759260e-04 -2.174590e-02 
2.200557e-03 1.165228e-02 
7.788866e-04 3.664238e-02 
8.822371e-04 5.005277e-02 
1.864320e-03 4.773224e-02 
-7.290995e-04 9.034597e-03 
2.044685e-04 -5.816286e-02 
2.929674e-03 -1.346859e-01 
5.951188e-03 -2.231110e-01 
1.276801e-02 -2.834433e-01 
1.501742e-02 -2.242076e-01 
1.023873e-02 -8.775363e-02 
-6.529057e-03 1.265377e-01 
-2.839510e-02 3.808587e-01 
1.489124e-01 -4.651108e-01 
-1.804256e-03 -3.562539e-01 
-4.832095e-03 -1.637627e-01 
4.770000e-04 1.124689e-02 
2.241271e-03 9.570126e-02 
1.723050e-03 1.124835e-01 
9.769671e-04 6.113374e-02 
1.031662e-03 -2.732835e-02 
-8.666631e-04 -6.831704e-02 
-1.889107e-03 -7.568929e-02 
-1.663096e-03 -4.698307e-02 
1.318264e-04 4.078973e-03 
1.157594e-03 3.097561e-02 
1.302822e-03 3.957820e-02 
2.717228e-04 2.587820e-02 
-9.409097e-04 -5.334951e-03 
-9.522578e-04 -2.022304e-02 
-8.197794e-04 -2.349025e-02 
-6.241535e-04 -1.213116e-02 
-3.940082e-04 9.578492e-03 
-4.509977e-04 1.607621e-02 
-6.135341e-04 1.289064e-02 
-6.392044e-04 -1.160315e-03 
1.548802e-04 -2.091097e-02 
5.232189e-04 -2.495897e-02 
4.462835e-04 -1.818786e-02 
-1.933702e-05 -2.148493e-04 
-6.078598e-04 2.564988e-02 
-7.420836e-04 3.786012e-02 
-3.878124e-04 3.743940e-02 
-1.666122e-04 2.327483e-02 
-4.084372e-04 -2.318632e-02 
2.071025e-03 -9.058523e-02 
5.684774e-03 -1.591624e-01 
1.141623e-02 -2.247170e-01 
1.394194e-02 -2.358531e-01 
9.670434e-03 -1.454415e-01 
1.734406e-03 1.007114e-02 
-1.529322e-02 2.337525e-01 
-2.603046e-02 4.849655e-01 
2.386055e-01 6.007907e-01 
3.541118e-02 6.395932e-01 
5.945383e-03 4.529035e-01 
4.036596e-03 1.612928e-01 
1.160262e-03 -1.515351e-02 
-6.960606e-04 -1.165461e-01 
-3.497562e-04 -1.331553e-01 
-2.708453e-04 -5.977548e-02 
9.332074e-04 -4.864938e-03 
3.055331e-03 3.363314e-02 
3.988166e-03 5.149553e-02 
2.435916e-05 3.921561e-02 
-7.558035e-04 2.340610e-02 
-1.952440e-03 5.236574e-03 
-3.677279e-03 -1.551558e-02 
-3.047792e-03 -3.145686e-02 
-2.077612e-03 -3.289262e-02 
-1.789255e-03 -2.271597e-02 
-2.286427e-03 9.391369e-04 
-2.240028e-03 2.961451e-02 
-2.186677e-03 3.795465e-02 
-2.754602e-03 3.070925e-02 
-3.139179e-03 5.709920e-03 
-6.207421e-04 -2.855235e-02 
4.900954e-04 -4.049117e-02 
3.899378e-04 -3.501391e-02 
-2.183762e-05 -1.007403e-02 
-1.309918e-04 2.839885e-02 
-9.649260e-04 4.703932e-02 
-7.551226e-04 4.871964e-02 
2.329467e-04 3.173626e-02 
-3.128960e-05 -1.346704e-02 
1.418948e-03 -6.707681e-02 
3.553893e-03 -1.164389e-01 
5.483027e-03 -1.625656e-01 
6.877250e-03 -1.848613e-01 
5.306788e-03 -1.378518e-01 
1.920106e-03 -4.728212e-02 
-4.553364e-03 9.030453e-02 
-8.580522e-03 2.518145e-01 
3.917342e-01 -7.420361e-01 
1.002425e-03 -6.038049e-01 
-1.011142e-02 -2.899263e-01 
2.598388e-04 -5.545125e-02 
1.543271e-03 5.935350e-02 
6.244567e-04 9.645366e-02 
-1.838311e-04 6.247773e-02 
4.720688e-04 -1.330364e-02 
-3.866500e-04 -4.930313e-02 
-1.627312e-03 -5.796649e-02 
-2.094113e-03 -4.074214e-02 
-4.751466e-05 -8.762600e-03 
5.897254e-04 9.649620e-03 
8.443969e-04 1.810984e-02 
8.191642e-04 1.382678e-02 
3.566217e-04 -1.927451e-03 
2.020906e-04 -9.093184e-03 
3.258033e-04 -1.069223e-02 
6.702330e-04 -5.269770e-03 
5.108190e-04 5.198757e-03 
3.159556e-04 6.727197e-03 
3.397447e-04 2.917977e-03 
5.194297e-04 -6.649961e-03 
4.826054e-04 -1.808943e-02 
4.358452e-04 -1.731342e-02 
3.064096e-04 -8.490741e-03 
1.849798e-05 8.006572e-03 
-4.426545e-04 2.596425e-02 
-5.867294e-04 2.829708e-02 
-4.368288e-04 2.004656e-02 
6.632962e-05 3.525534e-03 
1.314417e-03 -2.820550e-02 
3.066711e-03 -6.690870e-02 
5.076101e-03 -9.858706e-02 
5.743585e-03 -1.179765e-01 
9.390882e-04 -1.041078e-01 
-1.983652e-03 -4.718270e-02 
-5.064566e-03 3.823329e-02 
-7.821930e-03 1.594477e-01 
-2.745852e-03 3.137019e-01 
