poroelastic
-4.564843e-03 -5.565607e-04 
-5.804549e-03 4.641369e-04 
-6.786286e-03 9.995137e-03 
-2.677123e-03 2.311520e-02 
-1.108481e-03 3.087384e-02 
-9.913657e-04 3.150850e-02 
-1.818835e-03 2.023774e-02 
-1.547357e-03 8.498754e-04 
-1.201235e-03 -9.196147e-03 
-1.590364e-03 -1.293923e-02 
-1.831063e-03 -1.044111e-02 
1.561560e-04 -3.155828e-03 
2.059809e-04 2.163671e-03 
3.481303e-04 5.931690e-03 
1.256303e-03 8.398073e-03 
1.996129e-03 8.420264e-03 
1.462740e-03 5.340215e-03 
1.560618e-03 1.850304e-04 
1.958181e-03 -7.583344e-03 
9.760314e-04 -1.436442e-02 
7.350112e-04 -1.229630e-02 
8.341948e-04 -4.181327e-03 
1.513157e-03 1.035343e-02 
1.339429e-03 2.532601e-02 
6.533532e-04 2.636976e-02 
8.150079e-04 1.708375e-02 
-2.506441e-04 -2.782557e-03 
-2.928882e-03 -2.461464e-02 
-2.574081e-03 -2.923420e-02 
-3.440821e-03 -2.236076e-02 
-3.912823e-03 -6.484671e-03 
2.116428e-04 1.474982e-02 
8.883198e-04 3.262436e-02 
1.033850e-03 4.700384e-02 
2.885780e-03 6.123939e-02 
2.922755e-03 7.174683e-02 
-2.805744e-04 6.875576e-02 
-1.746273e-03 5.447235e-02 
-1.101169e-03 1.649395e-02 
1.520408e-03 -2.555419e-02 
1.402911e-01 -2.740183e-02 
3.139910e-02 -5.136126e-02 
-4.374380e-03 -8.591470e-02 
-1.208459e-02 -8.902721e-02 
-1.003300e-02 -7.976637e-02 
-1.181377e-02 -5.280049e-02 
-1.447784e-02 -4.007200e-03 
-1.941299e-03 4.983882e-02 
2.393261e-03 7.122469e-02 
2.080682e-03 6.376770e-02 
6.714131e-04 2.273909e-02 
2.636258e-03 -3.801702e-02 
1.141606e-03 -6.440828e-02 
1.765080e-03 -6.253742e-02 
4.400452e-03 -2.817222e-02 
5.187421e-03 2.727666e-02 
3.961885e-03 5.185042e-02 
3.896343e-03 5.195129e-02 
4.657974e-03 2.309544e-02 
3.631481e-03 -2.599560e-02 
3.075355e-03 -4.629657e-02 
3.698197e-03 -4.507497e-02 
5.378745e-03 -1.958393e-02 
4.420564e-03 2.266711e-02 
2.572011e-03 4.025422e-02 
2.596821e-03 3.963823e-02 
-1.490500e-04 1.941811e-02 
-6.651253e-03 -1.513199e-02 
-4.855932e-03 -3.268270e-02 
-5.604244e-03 -3.887876e-02 
-9.481742e-03 -3.572936e-02 
-5.981479e-03 -1.879429e-02 
-2.835555e-03 1.048642e-02 
-3.071947e-03 4.755793e-02 
2.117290e-03 9.579512e-02 
1.293386e-02 1.487482e-01 
5.368762e-03 1.771336e-01 
1.406795e-03 1.870978e-01 
-2.546501e-03 1.717759e-01 
-4.928578e-03 1.267204e-01 
-2.148496e-02 -4.343357e-02 
-2.235244e-03 -3.124090e-02 
1.865566e-04 4.272649e-03 
-8.354847e-04 3.611132e-02 
-7.149512e-04 5.223125e-02 
-6.698642e-04 5.279094e-02 
-5.188290e-04 3.074586e-02 
-3.175724e-04 -6.122966e-03 
-4.739784e-04 -2.234163e-02 
-8.420411e-04 -2.333777e-02 
-8.298903e-04 -9.043558e-03 
4.298761e-04 1.354869e-02 
5.958943e-04 2.357784e-02 
5.538564e-04 2.384115e-02 
3.428558e-04 1.382971e-02 
4.609174e-05 -3.256442e-03 
-4.408145e-05 -1.278401e-02 
3.909174e-05 -1.565769e-02 
2.522118e-04 -1.168512e-02 
2.237537e-04 -1.811695e-03 
1.347799e-04 6.955679e-03 
6.671158e-05 1.353772e-02 
-1.156603e-05 1.742443e-02 
-1.418978e-04 1.621822e-02 
-1.142187e-04 8.667836e-03 
6.469388e-05 -2.743048e-03 
3.209194e-04 -1.742807e-02 
1.883456e-04 -2.859469e-02 
-6.930786e-05 -2.514433e-02 
-3.954752e-04 -1.200771e-02 
-6.096462e-04 8.904138e-03 
3.134730e-05 3.188957e-02 
3.381159e-04 4.444826e-02 
5.036867e-04 4.763009e-02 
3.322188e-04 4.273847e-02 
-6.580315e-04 2.894041e-02 
-6.734106e-04 9.096073e-03 
-6.175411e-04 -1.389685e-02 
7.712621e-05 -4.397583e-02 
1.086110e-03 -6.499185e-02 
5.890260e-02 -3.885138e-02 
1.269495e-02 -7.500235e-02 
6.186393e-03 -9.412299e-02 
-3.851629e-03 -7.716424e-02 
-3.633261e-03 -5.842415e-02 
-5.524803e-03 -3.036514e-02 
-1.012305e-02 9.587244e-03 
-4.990940e-03 4.862226e-02 
-2.195003e-03 6.459604e-02 
-2.081505e-03 5.723376e-02 
-1.898334e-03 2.025634e-02 
1.842579e-03 -3.398544e-02 
1.002622e-03 -5.775707e-02 
1.849734e-03 -5.592431e-02 
3.940176e-03 -2.382435e-02 
2.873769e-03 2.708802e-02 
2.122191e-03 4.971045e-02 
2.074681e-03 4.979849e-02 
2.704337e-03 2.306669e-02 
2.419439e-03 -2.143136e-02 
2.138871e-03 -4.080693e-02 
2.629833e-03 -4.125751e-02 
3.271166e-03 -1.996727e-02 
1.572379e-03 1.598365e-02 
6.318868e-04 3.165672e-02 
7.205213e-04 3.240471e-02 
-4.191291e-04 1.684295e-02 
-2.842951e-03 -1.058721e-02 
-1.743224e-03 -2.535340e-02 
-2.037039e-03 -3.164282e-02 
-4.753517e-03 -3.079447e-02 
-4.231672e-03 -1.800923e-02 
-2.497417e-03 6.346838e-03 
-2.935395e-03 3.743090e-02 
-1.454756e-03 7.718789e-02 
4.310199e-03 1.179277e-01 
2.385703e-03 1.344739e-01 
1.663696e-03 1.340087e-01 
8.441968e-04 1.150865e-01 
2.284830e-06 7.221287e-02 
8.299288e-03 -5.181446e-02 
-8.789621e-04 -3.841988e-02 
1.087107e-03 1.527113e-02 
-1.340254e-03 6.281781e-02 
-2.496274e-03 8.430890e-02 
-2.879068e-03 8.031444e-02 
-6.046370e-04 4.225675e-02 
2.882258e-03 -1.706340e-02 
2.413119e-03 -4.278536e-02 
1.679432e-03 -4.339522e-02 
1.063447e-03 -1.842535e-02 
2.971400e-04 2.132186e-02 
4.734211e-04 3.952327e-02 
3.169041e-04 4.128513e-02 
-3.569366e-04 2.435535e-02 
-6.479933e-04 -6.489191e-03 
-6.323378e-04 -2.181861e-02 
-6.072634e-04 -2.496061e-02 
-5.889424e-04 -1.461453e-02 
-3.712287e-04 6.132401e-03 
-3.675347e-04 1.752957e-02 
-4.687036e-04 2.135290e-02 
-4.678264e-04 1.629372e-02 
-1.438053e-04 3.142282e-03 
-1.469989e-06 -6.214060e-03 
2.636243e-05 -1.243399e-02 
1.200410e-04 -1.444532e-02 
1.774688e-04 -1.071757e-02 
4.300454e-05 -5.001915e-03 
-1.037037e-05 2.490822e-03 
3.660153e-04 1.104773e-02 
6.925593e-04 1.830412e-02 
5.839157e-04 2.179561e-02 
9.320885e-04 2.022997e-02 
1.620066e-03 1.227962e-02 
1.036454e-03 -3.287245e-03 
5.310687e-04 -2.556318e-02 
-1.821563e-04 -5.188348e-02 
-1.494112e-03 -7.960993e-02 
-2.578348e-03 -9.932825e-02 
