poroelastic
9.524723e-04 -6.310700e-02 
-1.587336e-03 -1.023813e-01 
-5.279887e-03 -9.107581e-02 
-1.212639e-03 -2.167528e-02 
5.705684e-04 2.142104e-02 
9.921094e-04 3.525909e-02 
4.196594e-04 1.716614e-02 
-5.413793e-04 -2.081852e-02 
-9.384111e-04 -3.808379e-02 
-9.585688e-04 -3.796642e-02 
-3.983195e-04 -1.724681e-02 
8.217080e-04 1.606009e-02 
9.879572e-04 3.131037e-02 
9.890495e-04 3.156344e-02 
1.083615e-03 1.476953e-02 
9.562920e-04 -1.268461e-02 
6.641997e-04 -2.634684e-02 
1.020777e-03 -2.862516e-02 
1.623210e-03 -1.784720e-02 
7.654643e-04 2.925956e-03 
4.577612e-04 1.613944e-02 
4.270807e-04 2.309259e-02 
9.594597e-04 2.358794e-02 
1.153786e-03 1.550736e-02 
9.196815e-04 3.160927e-03 
1.393607e-03 -1.145721e-02 
1.143328e-03 -2.966997e-02 
-1.225315e-03 -3.734157e-02 
-1.472706e-03 -1.913622e-02 
-2.130218e-03 1.189096e-02 
-1.719885e-03 5.375025e-02 
4.313715e-04 7.401906e-02 
2.303185e-04 3.978045e-02 
8.256894e-04 -2.396227e-02 
4.381798e-03 -1.154147e-01 
1.109559e-02 -1.779432e-01 
1.106367e-02 -1.245034e-01 
6.951162e-03 5.192477e-04 
-8.985739e-03 1.832449e-01 
-2.663436e-02 3.952646e-01 
4.780726e-01 7.298034e-01 
5.446308e-02 7.285297e-01 
-9.328220e-04 3.971374e-01 
5.849717e-04 5.364454e-02 
-4.345526e-03 -1.269506e-01 
-9.654139e-03 -2.003160e-01 
-1.094608e-02 -1.611497e-01 
-5.790351e-04 -3.174790e-02 
3.949373e-03 4.311766e-02 
5.234092e-03 7.768125e-02 
4.731282e-03 7.169906e-02 
2.874695e-03 2.936068e-02 
1.299790e-03 -2.171664e-04 
9.404836e-04 -2.078162e-02 
1.367226e-03 -3.111053e-02 
1.127763e-03 -2.704412e-02 
9.507484e-04 -1.971884e-02 
1.234555e-03 -9.106087e-03 
1.743546e-03 4.728023e-03 
1.327227e-03 1.767442e-02 
8.987769e-04 2.327494e-02 
8.769540e-04 2.214342e-02 
1.456201e-03 1.408931e-02 
1.820532e-03 2.522070e-04 
1.628316e-03 -1.118677e-02 
2.051229e-03 -1.874427e-02 
1.714573e-03 -2.265016e-02 
-8.441654e-04 -1.752302e-02 
-1.130478e-03 -2.301278e-04 
-1.608193e-03 2.146733e-02 
-2.321357e-03 4.714170e-02 
-1.510213e-03 6.142983e-02 
-6.591758e-04 3.991733e-02 
-1.372575e-04 -8.962582e-04 
1.601593e-03 -6.209133e-02 
6.269911e-03 -1.169250e-01 
5.938305e-03 -8.333111e-02 
3.517663e-03 1.044573e-02 
-4.567690e-03 1.562208e-01 
-1.610735e-02 3.267864e-01 
1.490836e-01 -4.898070e-01 
-3.484853e-04 -3.806945e-01 
-3.885938e-03 -1.987111e-01 
-2.928801e-04 -4.172320e-02 
1.131840e-03 3.899963e-02 
1.242286e-03 6.185923e-02 
3.909454e-04 2.617785e-02 
-9.374136e-04 -4.343830e-02 
-1.584514e-03 -7.208690e-02 
-1.960652e-03 -6.839735e-02 
-1.259893e-03 -2.958932e-02 
1.167804e-03 2.774835e-02 
1.421936e-03 5.326822e-02 
1.312050e-03 5.321083e-02 
9.048050e-04 2.320729e-02 
2.391561e-04 -2.576711e-02 
9.172876e-05 -4.749351e-02 
4.335198e-04 -4.797993e-02 
1.104150e-03 -2.379769e-02 
8.130687e-04 1.704578e-02 
4.529470e-04 3.646020e-02 
3.282275e-04 3.971201e-02 
5.293580e-04 2.501361e-02 
7.179558e-04 -3.799864e-03 
8.241247e-04 -2.069916e-02 
1.155128e-03 -2.831003e-02 
1.058181e-03 -2.688334e-02 
-2.156301e-04 -1.300947e-02 
-4.992873e-04 6.052871e-03 
-8.543841e-04 2.689531e-02 
-1.110460e-03 5.141464e-02 
-7.814898e-04 6.123539e-02 
-4.286674e-04 3.398717e-02 
3.437661e-04 -1.230304e-02 
1.915770e-03 -7.865107e-02 
3.809325e-03 -1.318410e-01 
3.242715e-03 -1.005472e-01 
1.257789e-03 -1.322632e-02 
-3.834720e-03 1.271480e-01 
-8.449780e-03 3.076897e-01 
2.584662e-01 5.882525e-01 
2.772066e-02 5.676637e-01 
3.372448e-03 3.366061e-01 
4.632457e-04 3.627569e-02 
-1.759093e-03 -1.328362e-01 
-4.309470e-03 -2.074991e-01 
-6.586105e-03 -1.713600e-01 
-2.345109e-03 -3.842094e-02 
4.987314e-04 4.382921e-02 
1.977114e-03 8.681622e-02 
2.813651e-03 8.312476e-02 
2.577050e-03 3.226389e-02 
1.141117e-03 -2.916153e-03 
9.216485e-04 -2.712099e-02 
1.469176e-03 -3.844711e-02 
7.239763e-04 -3.224112e-02 
6.087789e-04 -2.261510e-02 
8.457598e-04 -9.025408e-03 
1.375463e-03 8.659868e-03 
1.142173e-03 2.443382e-02 
6.923494e-04 2.942912e-02 
6.651418e-04 2.486438e-02 
1.033039e-03 1.012216e-02 
1.090242e-03 -1.044765e-02 
1.095767e-03 -2.175817e-02 
1.380050e-03 -2.434489e-02 
1.221632e-03 -1.814078e-02 
-1.784774e-04 -3.160596e-03 
-4.169785e-04 1.239430e-02 
-6.862283e-04 2.603940e-02 
-1.306744e-03 3.867938e-02 
-1.313639e-03 4.349136e-02 
-7.439057e-04 3.119938e-02 
-5.001264e-04 1.217925e-02 
-1.890160e-04 -1.493580e-02 
8.312034e-04 -4.260225e-02 
3.115030e-04 -2.719709e-02 
-4.347499e-04 1.782626e-02 
-1.820153e-03 9.010315e-02 
-2.362973e-03 1.806158e-01 
4.130707e-01 -7.841126e-01 
4.091565e-03 -6.497745e-01 
-6.681599e-03 -3.204544e-01 
1.542332e-03 -7.565311e-02 
1.726601e-03 4.759992e-02 
6.107268e-04 8.934536e-02 
-3.294855e-04 5.387791e-02 
-3.836457e-04 -2.813851e-02 
-8.393878e-04 -6.426683e-02 
-1.996567e-03 -6.649458e-02 
-2.317571e-03 -3.595152e-02 
5.231440e-04 1.170398e-02 
8.647180e-04 3.469102e-02 
9.037398e-04 3.855382e-02 
7.939553e-04 2.041661e-02 
2.710980e-04 -1.361043e-02 
2.148209e-04 -2.954093e-02 
4.007090e-04 -3.141289e-02 
6.882929e-04 -1.735917e-02 
4.713800e-04 8.282719e-03 
3.051846e-04 2.067151e-02 
2.389020e-04 2.297610e-02 
2.351116e-04 1.431843e-02 
2.372463e-04 -2.846951e-03 
2.382230e-04 -1.189779e-02 
3.241109e-04 -1.461545e-02 
6.586003e-04 -1.134601e-02 
9.043745e-04 -3.511349e-03 
6.530861e-04 2.591416e-03 
5.724040e-04 8.882352e-03 
1.812690e-04 1.938711e-02 
-7.391287e-04 3.057151e-02 
-6.913412e-04 2.775003e-02 
-5.479313e-04 1.894465e-02 
-6.208981e-04 2.558412e-03 
-8.047010e-04 -1.946319e-02 
-9.317568e-04 -1.704880e-02 
-1.256030e-03 3.047667e-03 
-9.938568e-04 4.303828e-02 
1.429557e-03 1.184093e-01 
