poroelastic
-6.306708e-04 8.256036e-02 
2.282387e-03 1.125200e-01 
3.970522e-03 5.763424e-02 
-1.713862e-03 -6.111251e-02 
-3.473000e-03 -1.243482e-01 
-2.964533e-03 -1.356083e-01 
-1.898388e-03 -8.585354e-02 
-1.238213e-03 -6.891672e-04 
4.348788e-04 4.001368e-02 
1.163453e-03 5.178733e-02 
9.120799e-04 3.369999e-02 
-1.167143e-04 -3.861908e-03 
-1.017075e-03 -2.412658e-02 
-1.315183e-03 -3.227178e-02 
-4.003170e-04 -2.667127e-02 
1.121969e-03 -8.716868e-03 
1.193440e-03 3.354365e-03 
1.387241e-03 1.093683e-02 
1.583274e-03 1.263779e-02 
7.846183e-04 7.243988e-03 
5.160747e-04 2.482660e-03 
6.378284e-04 -2.525157e-03 
1.152481e-03 -8.349742e-03 
1.147752e-03 -1.127314e-02 
8.824633e-04 -6.609906e-03 
6.469659e-04 3.496328e-03 
-8.531609e-04 1.963630e-02 
-2.290110e-03 2.812070e-02 
-1.163737e-03 1.527507e-02 
-8.394054e-04 -5.430979e-03 
-7.096120e-04 -2.694363e-02 
1.136282e-03 -1.124029e-02 
2.513534e-04 5.370860e-02 
-2.731714e-03 1.400594e-01 
-1.154128e-02 2.400825e-01 
-2.391149e-02 2.766447e-01 
-2.233516e-02 1.800394e-01 
-1.223834e-02 2.460191e-03 
2.054204e-02 -2.466251e-01 
5.116562e-02 -5.220859e-01 
-5.028863e-01 -7.038829e-01 
-7.544413e-02 -7.355735e-01 
-3.197795e-03 -4.507006e-01 
-2.046391e-03 -1.504142e-01 
2.680893e-04 1.485558e-02 
2.964729e-03 9.270077e-02 
4.437821e-03 8.387114e-02 
1.066601e-03 -1.710079e-03 
-2.447115e-03 -5.511460e-02 
-3.835335e-03 -7.542371e-02 
-3.302731e-03 -5.802094e-02 
-2.929726e-04 -7.732858e-03 
1.285322e-03 2.331199e-02 
1.704868e-03 3.648588e-02 
8.459164e-04 2.735702e-02 
-5.545709e-04 -1.262344e-03 
-7.590563e-04 -1.716595e-02 
-6.417935e-04 -2.375279e-02 
-2.296462e-04 -1.874983e-02 
5.784845e-05 -2.662991e-03 
-2.224740e-05 6.019673e-03 
-1.842945e-04 1.005460e-02 
-3.500100e-04 8.966150e-03 
-2.248384e-04 3.100947e-03 
-1.769533e-04 1.997537e-03 
-2.312772e-04 2.469831e-03 
-1.210008e-04 2.024748e-03 
3.838621e-04 -3.212038e-03 
4.543985e-04 -9.519897e-03 
3.550507e-04 -1.099641e-02 
2.957644e-05 -9.268265e-05 
-6.220359e-04 3.807841e-02 
-1.793103e-03 8.467570e-02 
-3.230015e-03 1.288200e-01 
-6.930413e-03 1.692409e-01 
-1.480826e-02 1.725871e-01 
-1.133298e-02 9.018568e-02 
-4.821624e-03 -4.381956e-02 
1.253390e-02 -2.275694e-01 
3.105291e-02 -4.155618e-01 
-1.479255e-01 5.289275e-01 
4.174679e-03 4.269604e-01 
4.580882e-03 1.938232e-01 
-1.962616e-03 -4.554806e-02 
-3.249556e-03 -1.673378e-01 
-1.898695e-03 -2.006131e-01 
-1.034189e-03 -1.346447e-01 
-2.928100e-03 -2.424073e-03 
-7.284416e-04 6.440670e-02 
7.124589e-04 8.658352e-02 
1.162604e-03 6.231751e-02 
4.150378e-04 5.332231e-03 
-8.298058e-04 -2.698123e-02 
-1.210314e-03 -4.184984e-02 
-1.933396e-04 -3.612666e-02 
1.214625e-03 -1.109668e-02 
1.263655e-03 4.083335e-03 
1.479904e-03 1.250153e-02 
1.895360e-03 1.268419e-02 
1.248032e-03 4.636791e-03 
8.887205e-04 8.773790e-04 
1.011829e-03 -8.697552e-04 
1.323869e-03 -5.398626e-04 
6.834963e-04 1.845650e-03 
4.361705e-04 2.417789e-03 
4.959443e-04 2.129129e-03 
-3.665613e-05 4.837417e-04 
-1.107730e-03 -4.445537e-03 
-7.856572e-04 -8.113592e-03 
-9.876180e-04 -7.462473e-03 
-6.496725e-04 2.366172e-03 
8.009741e-04 3.921411e-02 
-1.183940e-03 9.141077e-02 
-4.062549e-03 1.454224e-01 
-8.854460e-03 1.947875e-01 
-1.094463e-02 1.932883e-01 
-7.791997e-03 1.171702e-01 
-1.936791e-03 -7.393269e-03 
1.146590e-02 -1.855318e-01 
2.047232e-02 -3.894513e-01 
-2.586871e-01 -5.301284e-01 
-3.772052e-02 -5.308309e-01 
-6.431231e-03 -3.584194e-01 
-8.890137e-04 -1.284563e-01 
-7.361452e-05 6.980687e-03 
7.869426e-04 7.580523e-02 
1.721383e-03 7.202063e-02 
7.711793e-04 -1.201315e-03 
-1.428845e-03 -4.914793e-02 
-3.131238e-03 -6.890125e-02 
-3.157824e-03 -5.174498e-02 
5.820345e-04 -1.203606e-05 
1.804602e-03 3.015088e-02 
1.925234e-03 4.074968e-02 
1.018511e-03 2.779421e-02 
-1.350519e-04 -3.919097e-03 
-3.881103e-04 -2.157355e-02 
-2.115219e-04 -2.831979e-02 
4.212591e-04 -2.189699e-02 
6.156150e-04 -3.631235e-03 
3.540878e-04 7.857122e-03 
1.615179e-04 1.468501e-02 
-3.543436e-05 1.654388e-02 
-2.483064e-04 1.177433e-02 
-1.422340e-04 5.724274e-03 
1.258428e-04 -1.827585e-03 
5.294282e-04 -1.290851e-02 
6.631598e-04 -2.441209e-02 
5.066008e-04 -2.310808e-02 
-1.982130e-05 -1.029505e-02 
-8.203368e-04 1.909891e-02 
-1.476551e-03 6.605282e-02 
-2.534202e-03 9.689603e-02 
-3.222503e-03 1.107219e-01 
-3.414944e-03 1.072186e-01 
-3.635970e-03 7.816310e-02 
-1.028156e-03 2.191828e-02 
1.335302e-03 -4.855195e-02 
5.559883e-03 -1.392407e-01 
6.850061e-03 -2.233351e-01 
-4.034095e-01 7.611005e-01 
-2.019650e-03 6.325696e-01 
8.547966e-03 2.847531e-01 
-1.200679e-03 -3.031665e-03 
-6.956068e-04 -1.461961e-01 
2.071652e-03 -1.891367e-01 
2.075515e-03 -1.281899e-01 
-4.027496e-03 1.402220e-03 
-3.104074e-03 6.584569e-02 
-1.578307e-03 8.555881e-02 
-2.228828e-04 6.176012e-02 
5.185569e-04 9.552571e-03 
-3.601176e-04 -2.021133e-02 
-5.846767e-04 -3.477982e-02 
2.526714e-04 -3.094938e-02 
9.840681e-04 -8.836697e-03 
9.965877e-04 3.368610e-03 
1.154356e-03 9.479960e-03 
1.524005e-03 8.434458e-03 
1.115679e-03 8.278063e-04 
8.311305e-04 -6.814692e-04 
8.870261e-04 8.177251e-04 
8.237298e-04 5.888595e-03 
-4.578761e-05 1.229621e-02 
-1.168919e-04 1.017217e-02 
3.971969e-05 2.972549e-03 
2.969269e-04 -1.012527e-02 
5.625545e-04 -2.359938e-02 
5.804434e-04 -2.141168e-02 
3.446365e-04 -9.062522e-03 
2.702720e-04 1.425366e-02 
-1.629583e-04 5.143197e-02 
-2.046113e-03 8.141584e-02 
-3.555241e-03 1.004108e-01 
-4.323701e-03 1.046648e-01 
-1.714178e-03 8.104646e-02 
2.900601e-04 4.476002e-02 
1.993252e-03 -1.473732e-03 
3.445264e-03 -7.132140e-02 
7.358191e-04 -1.684577e-01 
