poroelastic
4.515719e-03 6.744987e-02 
8.523235e-03 9.222852e-02 
9.515662e-03 4.181197e-02 
-3.659855e-03 -7.358624e-02 
-5.935623e-03 -1.312767e-01 
-5.706970e-03 -1.411900e-01 
-3.377271e-03 -9.437763e-02 
-2.861641e-04 -8.559101e-03 
1.141280e-03 3.929416e-02 
1.614284e-03 5.845858e-02 
1.144496e-03 4.346346e-02 
-2.951615e-05 1.995610e-04 
-6.667968e-04 -2.420623e-02 
-9.620249e-04 -3.467105e-02 
-1.024042e-03 -2.944073e-02 
-6.396982e-04 -1.043066e-02 
-2.641064e-04 1.996103e-03 
-2.681954e-04 9.917360e-03 
-5.787798e-04 1.266062e-02 
-4.715951e-04 9.051182e-03 
-3.700436e-04 4.631545e-03 
-3.831096e-04 -7.457055e-04 
-4.700960e-04 -7.088822e-03 
-1.564038e-04 -1.095291e-02 
-1.670921e-05 -9.022324e-03 
-1.738610e-04 -3.012849e-03 
-2.634182e-04 7.056984e-03 
1.852096e-04 1.364800e-02 
2.754939e-04 1.009384e-02 
5.398141e-04 3.757326e-03 
3.661718e-04 -2.426048e-04 
-8.937839e-04 1.747959e-02 
-1.784871e-03 5.632177e-02 
-3.740346e-03 1.033340e-01 
-8.717146e-03 1.529399e-01 
-1.255378e-02 1.582633e-01 
-9.436608e-03 8.484552e-02 
-3.314788e-03 -4.055597e-02 
1.377222e-02 -2.177318e-01 
2.765955e-02 -4.151520e-01 
-6.498532e-01 -6.886419e-01 
-9.288451e-02 -7.135480e-01 
1.304440e-03 -4.310547e-01 
-6.431164e-04 -1.534566e-01 
2.676387e-03 1.326720e-03 
6.104195e-03 7.432226e-02 
5.438248e-03 6.460333e-02 
-2.415605e-03 -1.187487e-02 
-4.913014e-03 -5.127428e-02 
-5.151995e-03 -6.046791e-02 
-4.255125e-03 -4.015052e-02 
-2.219591e-03 -7.294562e-04 
-9.250616e-04 2.126788e-02 
-9.179371e-04 2.880429e-02 
-2.346426e-03 1.919399e-02 
-3.231671e-03 -4.895084e-03 
-2.459862e-03 -1.781553e-02 
-2.575229e-03 -2.212555e-02 
-3.562808e-03 -1.597576e-02 
-2.960233e-03 -3.838823e-04 
-2.265673e-03 8.261743e-03 
-2.646865e-03 1.246382e-02 
-3.760683e-03 1.215341e-02 
-2.708784e-03 6.673002e-03 
-1.863313e-03 1.248929e-03 
-1.851002e-03 -4.588396e-03 
-6.061198e-04 -1.183538e-02 
2.632587e-03 -1.770204e-02 
1.974761e-03 -1.357125e-02 
1.600461e-03 9.890420e-04 
7.989259e-04 3.084100e-02 
-2.603899e-03 7.315178e-02 
-3.669665e-03 9.555643e-02 
-4.045984e-03 9.954511e-02 
-5.800313e-03 8.069397e-02 
-7.088995e-03 2.390839e-02 
-1.708765e-03 -6.012460e-02 
3.541866e-03 -1.632206e-01 
1.334219e-02 -2.872407e-01 
1.984639e-02 -3.962832e-01 
-1.011187e-01 5.577780e-01 
1.477881e-02 4.301375e-01 
6.945561e-03 1.860675e-01 
-5.437476e-03 -6.110140e-02 
-7.159478e-03 -1.823461e-01 
-5.862188e-03 -2.139083e-01 
-2.495447e-03 -1.458631e-01 
-3.141863e-04 -8.544376e-03 
1.103041e-03 6.603349e-02 
2.013911e-03 9.460846e-02 
1.927222e-03 7.207158e-02 
1.401806e-04 8.933764e-03 
-7.080215e-04 -2.781549e-02 
-1.091171e-03 -4.517349e-02 
-1.040725e-03 -4.003723e-02 
-4.584268e-04 -1.417626e-02 
-1.115415e-04 2.030761e-03 
-7.431094e-05 1.206913e-02 
-3.269286e-04 1.488872e-02 
-3.917728e-04 9.738473e-03 
-3.434610e-04 6.317239e-03 
-3.957065e-04 3.300147e-03 
-4.993697e-04 1.064948e-03 
-2.671598e-04 3.102464e-04 
-1.408375e-04 -1.642307e-03 
-9.545220e-05 -4.047161e-03 
8.964311e-05 -7.596353e-03 
3.924832e-04 -1.005301e-02 
2.085583e-04 -4.860056e-03 
-5.862177e-05 6.868191e-03 
-6.123370e-04 2.859592e-02 
-1.903840e-03 6.150947e-02 
-2.894323e-03 8.576551e-02 
-3.944244e-03 1.011446e-01 
-4.660304e-03 1.037967e-01 
-2.655946e-03 7.445941e-02 
-3.785778e-04 1.592949e-02 
2.417596e-03 -6.459807e-02 
7.401854e-03 -1.752518e-01 
8.682142e-03 -2.966532e-01 
-3.342864e-01 -5.394338e-01 
-4.335930e-02 -5.215727e-01 
-1.243189e-02 -3.500780e-01 
-3.883640e-03 -1.399546e-01 
-4.441692e-04 -1.008665e-02 
1.339289e-03 5.916251e-02 
2.123355e-03 5.921213e-02 
8.059326e-04 -5.512600e-03 
-6.113130e-04 -4.251314e-02 
-1.070820e-03 -5.447988e-02 
-1.121111e-03 -3.759873e-02 
-1.133482e-03 2.293908e-03 
-3.317505e-04 2.408386e-02 
-4.727645e-04 3.059246e-02 
-1.632754e-03 1.896060e-02 
-1.747741e-03 -6.774587e-03 
-1.342763e-03 -2.038917e-02 
-1.373098e-03 -2.435299e-02 
-1.905916e-03 -1.658104e-02 
-1.600764e-03 9.023295e-04 
-1.296931e-03 1.099200e-02 
-1.617602e-03 1.630359e-02 
-2.151256e-03 1.678981e-02 
-1.155210e-03 1.102240e-02 
-7.067825e-04 3.301868e-03 
-5.688025e-04 -6.134384e-03 
-1.235276e-05 -1.878538e-02 
1.108223e-03 -2.770336e-02 
7.142720e-04 -1.921393e-02 
1.017141e-04 2.484665e-03 
-1.020768e-03 4.110480e-02 
-2.958798e-03 8.560604e-02 
-3.574321e-03 9.761213e-02 
-3.304394e-03 8.440984e-02 
-1.126982e-03 4.145826e-02 
2.185853e-03 -2.698281e-02 
3.615764e-03 -8.225568e-02 
4.535903e-03 -1.317828e-01 
5.654054e-03 -1.826852e-01 
3.744064e-03 -2.141964e-01 
-3.392000e-01 8.352627e-01 
2.014745e-02 6.537504e-01 
4.717464e-03 2.730085e-01 
-7.424292e-03 -2.464872e-02 
-5.936987e-03 -1.639433e-01 
-2.208032e-03 -1.985063e-01 
9.996676e-04 -1.284999e-01 
-3.550550e-04 4.805625e-03 
-1.639420e-04 7.267623e-02 
1.234480e-03 9.434424e-02 
2.382433e-03 6.812545e-02 
3.248527e-04 7.144475e-03 
-5.222778e-04 -2.778780e-02 
-8.995276e-04 -4.431953e-02 
-9.625799e-04 -3.838905e-02 
-5.268461e-04 -1.096165e-02 
-2.322199e-04 4.332922e-03 
-2.584795e-04 1.242861e-02 
-5.722432e-04 1.214229e-02 
-5.248031e-04 3.792013e-03 
-4.051713e-04 1.666304e-03 
-4.631538e-04 2.571552e-03 
-5.900306e-04 7.313512e-03 
-3.780555e-04 1.357991e-02 
-2.651017e-04 1.002026e-02 
-1.297574e-04 4.432463e-04 
4.042075e-05 -1.620143e-02 
3.334705e-04 -3.044623e-02 
3.292237e-04 -2.215736e-02 
-1.938392e-04 -3.054858e-04 
-1.346747e-03 3.546352e-02 
-2.707973e-03 7.478149e-02 
-3.206697e-03 8.510641e-02 
-2.914503e-03 7.362228e-02 
-1.833554e-04 3.999802e-02 
3.897492e-03 -9.983914e-03 
3.661894e-03 -4.574959e-02 
3.387158e-03 -7.393803e-02 
2.445537e-03 -1.076268e-01 
-8.134266e-04 -1.509824e-01 
