poroelastic
2.313759e-02 -9.464808e-02 
2.290079e-02 -1.083018e-01 
2.081307e-02 -5.561828e-02 
-2.769043e-03 4.276899e-02 
1.399896e-03 1.011622e-01 
3.629318e-04 1.157286e-01 
-1.213029e-02 9.417854e-02 
-1.790166e-02 6.007888e-02 
-1.475101e-02 1.966866e-02 
-1.806248e-02 -1.738736e-02 
-1.999426e-02 -4.081125e-02 
-3.686257e-03 -4.673369e-02 
-2.053252e-03 -4.809527e-02 
-2.120969e-03 -3.885829e-02 
-3.094769e-03 -2.295507e-02 
-2.302502e-03 -5.959278e-03 
-1.608372e-03 1.575290e-02 
-1.873891e-03 3.307205e-02 
-2.324173e-03 4.638213e-02 
-6.916018e-04 5.134322e-02 
-4.498851e-04 3.710272e-02 
-4.821552e-04 1.249170e-02 
-2.007613e-03 -2.162441e-02 
-3.010783e-03 -5.631463e-02 
-1.904097e-03 -6.728179e-02 
-2.147495e-03 -5.854305e-02 
-6.725498e-03 -3.179736e-02 
-9.341837e-03 3.436539e-03 
-7.459327e-03 2.384266e-02 
-8.942351e-03 2.862406e-02 
-1.788946e-02 2.120237e-02 
-1.797326e-02 -3.433592e-03 
-1.034976e-02 -4.587063e-02 
-7.909335e-03 -9.137756e-02 
9.062063e-04 -1.404511e-01 
2.130728e-02 -1.951327e-01 
2.102735e-02 -2.335886e-01 
2.045367e-02 -2.515740e-01 
2.060269e-02 -2.543742e-01 
1.519874e-02 -3.006285e-01 
-5.038144e-01 5.644024e-01 
-6.177243e-02 5.969811e-01 
8.610340e-02 5.434046e-01 
3.607515e-02 4.028634e-01 
2.139574e-02 2.838879e-01 
1.320094e-02 1.880657e-01 
-1.981024e-02 8.359154e-02 
-6.134660e-02 -3.483436e-02 
-5.010511e-02 -8.540052e-02 
-5.354011e-02 -9.418311e-02 
-6.431037e-02 -6.563741e-02 
-2.901615e-02 -1.086416e-02 
-1.818676e-02 9.711386e-03 
-1.982778e-02 1.115197e-02 
-2.222252e-02 -4.121299e-03 
-4.690200e-03 -3.502050e-02 
-1.863911e-03 -4.513505e-02 
-1.936771e-03 -4.120827e-02 
-2.561028e-03 -2.775179e-02 
-9.974461e-04 -1.017992e-02 
-5.502585e-04 -1.138452e-03 
-7.622411e-04 1.430351e-03 
-3.986938e-03 1.935521e-03 
-6.827365e-03 -4.823812e-03 
-5.055267e-03 -2.278211e-02 
-5.944647e-03 -4.332940e-02 
-1.738436e-02 -7.036115e-02 
-2.428464e-02 -9.076244e-02 
-1.797108e-02 -6.296418e-02 
-2.210363e-02 -8.814635e-03 
-4.445599e-02 5.799141e-02 
-4.965120e-02 1.107854e-01 
-3.871206e-02 8.658712e-02 
-3.534530e-02 -2.208108e-02 
-9.082485e-03 -2.108737e-01 
5.368575e-02 -4.428832e-01 
6.163532e-02 -6.671769e-01 
6.848142e-02 -8.662371e-01 
7.307622e-02 -9.949685e-01 
4.499095e-02 -9.541478e-01 
2.135363e-01 2.078864e-02 
2.012468e-02 3.920035e-02 
1.148121e-02 9.772124e-02 
-2.090348e-03 1.648478e-01 
-1.319746e-03 1.734511e-01 
-6.611619e-03 1.603099e-01 
-1.878998e-02 1.177183e-01 
-1.409626e-02 4.137709e-02 
-1.088402e-02 -2.659219e-03 
-1.284156e-02 -3.823472e-02 
-1.432258e-02 -6.081400e-02 
-3.193999e-03 -5.955332e-02 
-1.831119e-03 -5.796696e-02 
-1.857177e-03 -4.598487e-02 
-2.334377e-03 -1.684961e-02 
-1.295252e-03 1.573400e-02 
-8.613856e-04 3.380965e-02 
-1.025668e-03 4.314582e-02 
-2.023325e-03 3.269455e-02 
-1.890413e-03 4.328270e-04 
-1.328597e-03 -2.024218e-02 
-1.449306e-03 -3.809474e-02 
-2.435824e-03 -5.501095e-02 
-1.925972e-03 -6.058653e-02 
-1.204133e-03 -5.640703e-02 
-1.442890e-03 -4.749302e-02 
-6.621797e-03 -2.796328e-02 
-1.079403e-02 -5.109462e-04 
-8.317944e-03 1.053299e-02 
-9.691982e-03 1.094879e-02 
-1.761777e-02 8.122879e-04 
-1.569440e-02 -1.992904e-02 
-9.555818e-03 -3.884848e-02 
-8.906887e-03 -5.797108e-02 
-1.208290e-03 -7.871519e-02 
1.847971e-02 -1.093069e-01 
1.835984e-02 -1.662306e-01 
2.103489e-02 -2.422431e-01 
2.509082e-02 -3.372885e-01 
1.654642e-02 -4.268147e-01 
-2.896380e-01 8.079246e-02 
-7.810104e-03 1.060920e-01 
1.556147e-02 1.664518e-01 
-9.237138e-03 2.078662e-01 
-6.725547e-03 2.241126e-01 
-1.456920e-02 1.968442e-01 
-3.134100e-02 1.111382e-01 
-2.107293e-02 -9.196961e-04 
-1.586277e-02 -6.564105e-02 
-1.736984e-02 -9.351698e-02 
-1.981367e-02 -6.850278e-02 
-7.216700e-03 2.041406e-03 
-4.422653e-03 3.224438e-02 
-5.042553e-03 4.399369e-02 
-6.010248e-03 3.345739e-02 
-1.284020e-03 -1.698923e-03 
-6.645558e-04 -1.006328e-02 
-7.471768e-04 2.729366e-04 
-1.795111e-03 2.662842e-02 
-2.253161e-03 5.528273e-02 
-1.723852e-03 5.653494e-02 
-1.993629e-03 3.581383e-02 
-3.630036e-03 -1.147623e-02 
-3.249070e-03 -7.177898e-02 
-1.972744e-03 -1.013836e-01 
-2.282622e-03 -1.072228e-01 
-1.104394e-02 -8.419487e-02 
-1.814772e-02 -3.480953e-02 
-1.407560e-02 4.020194e-03 
-1.714888e-02 3.221420e-02 
-3.222982e-02 4.796359e-02 
-3.143209e-02 3.714253e-02 
-2.129908e-02 -7.188404e-03 
-1.848404e-02 -7.698041e-02 
6.105791e-04 -1.763212e-01 
4.134167e-02 -3.004644e-01 
3.998132e-02 -4.118922e-01 
4.006484e-02 -5.023444e-01 
3.917256e-02 -5.608239e-01 
2.129840e-02 -5.810283e-01 
3.528512e-01 3.835850e-01 
8.115795e-02 4.139950e-01 
6.712496e-03 3.503447e-01 
-3.181063e-02 2.305607e-01 
-3.204817e-02 1.307928e-01 
-4.217999e-02 6.892243e-02 
-4.997542e-02 3.834714e-02 
-7.303862e-03 3.618764e-02 
-1.850843e-03 3.655971e-02 
-1.900451e-03 1.674395e-02 
-2.443655e-05 -2.516297e-02 
4.645626e-03 -6.288810e-02 
3.333021e-03 -8.321168e-02 
3.433733e-03 -8.175544e-02 
2.775170e-03 -5.145375e-02 
-1.308046e-03 2.800283e-03 
-1.025056e-03 4.066865e-02 
-1.226053e-03 5.346597e-02 
-3.504955e-03 3.722160e-02 
-4.611706e-03 3.487032e-03 
-3.434553e-03 -2.400907e-02 
-3.787044e-03 -4.363308e-02 
-4.870986e-03 -4.050321e-02 
-2.367553e-03 -2.248595e-02 
-1.523431e-03 -2.811196e-02 
-1.872808e-03 -3.835361e-02 
-1.031100e-02 -6.269894e-02 
-1.728623e-02 -9.444743e-02 
-1.196686e-02 -7.450093e-02 
-1.430958e-02 -2.977052e-02 
-2.730644e-02 2.699569e-02 
-2.830036e-02 8.057125e-02 
-2.302068e-02 8.015882e-02 
-2.170605e-02 1.906228e-02 
-2.237857e-03 -9.059469e-02 
3.851294e-02 -2.214682e-01 
3.796610e-02 -3.600788e-01 
3.885206e-02 -4.840917e-01 
3.660327e-02 -5.663935e-01 
1.633977e-02 -5.639326e-01 
