poroelastic
2.241562e-02 -6.526109e-02 
2.298386e-02 -8.379574e-02 
1.956268e-02 -5.585286e-02 
-4.067437e-03 -3.458297e-04 
-2.716690e-03 2.653312e-02 
-2.917769e-03 4.189046e-02 
-6.524989e-03 4.414860e-02 
-5.447665e-03 2.977039e-02 
-4.424512e-03 1.924148e-02 
-5.556490e-03 9.105678e-03 
-6.279862e-03 -2.159167e-03 
-1.462302e-03 -1.101546e-02 
-8.401098e-04 -1.274852e-02 
-7.792856e-04 -8.245270e-03 
-4.275917e-03 3.325033e-03 
-7.918842e-03 1.712896e-02 
-5.910846e-03 2.342258e-02 
-7.059070e-03 2.350571e-02 
-1.125619e-02 1.558254e-02 
-7.882532e-03 8.025434e-04 
-5.449038e-03 -9.251918e-03 
-6.075060e-03 -1.537737e-02 
-8.607040e-03 -1.806763e-02 
-4.935756e-03 -1.620149e-02 
-3.404659e-03 -1.218514e-02 
-4.021840e-03 -8.097902e-03 
-2.580550e-03 -3.083509e-03 
3.396934e-03 2.105964e-03 
2.551435e-03 2.824077e-03 
2.871855e-03 1.024097e-03 
-2.280613e-03 -3.434539e-03 
-1.122971e-02 -1.405065e-02 
-7.532731e-03 -3.039584e-02 
-6.781593e-03 -5.374735e-02 
-5.598424e-03 -8.895340e-02 
5.249124e-03 -1.324817e-01 
1.062109e-02 -1.736612e-01 
1.434725e-02 -2.125753e-01 
2.014123e-02 -2.383237e-01 
1.848511e-02 -2.652401e-01 
-4.101087e-01 1.383436e-01 
-7.393606e-02 9.582278e-02 
3.656072e-02 1.086641e-01 
1.898995e-02 1.298847e-01 
1.503578e-02 1.341012e-01 
1.364701e-02 1.206063e-01 
3.301676e-03 7.330455e-02 
-1.600109e-02 -4.061953e-03 
-1.781754e-02 -3.931187e-02 
-1.934258e-02 -4.515795e-02 
-2.121887e-02 -2.282808e-02 
-1.159382e-02 2.003658e-02 
-7.035195e-03 4.031576e-02 
-7.627953e-03 4.212564e-02 
-1.439948e-02 2.488668e-02 
-1.683005e-02 -4.383251e-03 
-1.204982e-02 -1.929227e-02 
-1.317861e-02 -2.319040e-02 
-2.098792e-02 -1.391508e-02 
-1.838778e-02 6.958781e-03 
-1.346445e-02 1.831897e-02 
-1.534535e-02 2.231070e-02 
-2.045347e-02 1.882016e-02 
-1.082773e-02 6.260772e-03 
-7.097016e-03 -8.749448e-03 
-7.415605e-03 -2.169153e-02 
-5.333544e-03 -3.023718e-02 
4.572184e-03 -3.025593e-02 
3.326597e-03 -1.728376e-02 
2.255853e-03 5.914513e-03 
-4.509580e-03 3.477074e-02 
-1.720536e-02 5.007439e-02 
-1.400712e-02 2.656264e-02 
-1.134303e-02 -3.565199e-02 
-5.188133e-03 -1.433963e-01 
1.359373e-02 -2.847368e-01 
2.447781e-02 -4.096212e-01 
3.188874e-02 -5.152554e-01 
4.077095e-02 -5.829538e-01 
3.391535e-02 -5.835218e-01 
1.688285e-01 6.781864e-04 
1.460012e-02 -1.559784e-02 
5.448941e-04 -1.776409e-02 
-8.175665e-03 8.075327e-03 
-5.885018e-03 2.042774e-02 
-6.593446e-03 3.226581e-02 
-7.476234e-03 4.610976e-02 
1.496812e-04 5.377381e-02 
6.489232e-04 4.903874e-02 
2.147718e-06 3.220407e-02 
-1.082261e-03 2.229437e-03 
-1.419401e-03 -3.017037e-02 
-1.464466e-03 -4.218878e-02 
-1.338779e-03 -3.570674e-02 
-3.156678e-03 -8.242703e-03 
-5.134951e-03 2.847525e-02 
-3.765013e-03 4.416045e-02 
-4.830247e-03 4.245678e-02 
-8.989110e-03 1.917843e-02 
-7.520140e-03 -1.766302e-02 
-5.040485e-03 -3.390609e-02 
-5.371648e-03 -3.516302e-02 
-6.823655e-03 -1.983781e-02 
-3.209156e-03 7.491213e-03 
-2.623863e-03 2.104674e-02 
-3.103395e-03 2.331142e-02 
-3.455267e-03 1.445923e-02 
-1.040707e-03 -2.803132e-03 
-2.678843e-04 -1.637263e-02 
-6.382195e-05 -2.632458e-02 
-3.276128e-03 -3.318516e-02 
-6.207574e-03 -3.633209e-02 
-3.776315e-03 -3.784771e-02 
-3.628892e-03 -4.176317e-02 
-9.733622e-04 -4.937926e-02 
7.702096e-03 -6.819658e-02 
9.054240e-03 -1.089507e-01 
1.136767e-02 -1.624910e-01 
1.524513e-02 -2.258492e-01 
1.226640e-02 -2.993171e-01 
-1.978670e-01 4.128466e-02 
-1.847984e-02 5.007237e-02 
3.229570e-03 9.365237e-02 
-1.258207e-03 1.270332e-01 
-3.696399e-04 1.357289e-01 
-2.932467e-03 1.222234e-01 
-6.117347e-03 7.157204e-02 
-2.392150e-03 -6.660696e-03 
-2.942637e-03 -4.452415e-02 
-3.363859e-03 -5.384717e-02 
-5.080491e-03 -3.177904e-02 
-6.121710e-03 1.465419e-02 
-3.839858e-03 3.751193e-02 
-4.496681e-03 4.285381e-02 
-9.562690e-03 2.934045e-02 
-1.006227e-02 9.430454e-04 
-7.366232e-03 -1.455010e-02 
-8.268798e-03 -1.958315e-02 
-1.367208e-02 -1.276047e-02 
-1.183322e-02 3.431172e-03 
-8.712287e-03 1.294207e-02 
-1.003295e-02 1.738308e-02 
-1.256045e-02 1.548879e-02 
-5.016231e-03 6.587972e-03 
-3.161249e-03 -2.315284e-03 
-3.489149e-03 -1.068329e-02 
-4.550140e-03 -1.696749e-02 
-2.225773e-03 -1.799167e-02 
-1.887194e-03 -1.230821e-02 
-2.760586e-03 -1.148580e-03 
-8.229325e-03 1.197210e-02 
-1.272694e-02 1.627616e-02 
-9.248277e-03 -4.916033e-04 
-7.276617e-03 -4.076435e-02 
2.337079e-03 -1.082518e-01 
2.060802e-02 -1.961716e-01 
2.189224e-02 -2.821988e-01 
2.334311e-02 -3.624851e-01 
2.462115e-02 -4.239846e-01 
1.439800e-02 -4.360903e-01 
2.449369e-01 9.990155e-02 
3.353032e-02 5.615275e-02 
-1.772299e-02 5.347731e-03 
-1.966846e-02 -1.322810e-02 
-1.482841e-02 -2.463482e-02 
-1.502836e-02 -1.915184e-02 
-1.272984e-02 7.859430e-03 
3.914391e-03 4.497016e-02 
5.328659e-03 5.951488e-02 
6.561952e-03 5.093736e-02 
7.110954e-03 1.552788e-02 
1.089280e-03 -3.338888e-02 
-3.019242e-04 -5.449341e-02 
-4.222265e-04 -5.152520e-02 
-1.982838e-03 -1.968065e-02 
-4.271816e-03 2.990340e-02 
-3.264805e-03 5.092803e-02 
-4.335811e-03 4.976667e-02 
-8.081241e-03 2.288603e-02 
-6.839426e-03 -2.073691e-02 
-4.596882e-03 -3.982709e-02 
-4.716505e-03 -4.075793e-02 
-5.350279e-03 -2.210345e-02 
-1.808752e-03 1.016806e-02 
-1.475565e-03 2.451468e-02 
-1.761005e-03 2.461115e-02 
-3.561252e-03 1.024455e-02 
-4.444815e-03 -1.283592e-02 
-2.931575e-03 -2.386730e-02 
-3.166822e-03 -2.512726e-02 
-5.957462e-03 -1.680063e-02 
-6.193216e-03 -3.421438e-03 
-4.482127e-03 -1.680613e-03 
-3.831035e-03 -1.333343e-02 
2.646837e-03 -3.968558e-02 
1.443685e-02 -8.042524e-02 
1.314491e-02 -1.297188e-01 
1.299015e-02 -1.821443e-01 
1.192332e-02 -2.338599e-01 
4.072713e-03 -2.792416e-01 
