poroelastic
-2.172794e-03 -7.186066e-03 
-3.310954e-03 -5.743299e-03 
-4.822099e-03 1.150154e-02 
-3.585051e-03 3.563002e-02 
-1.771727e-03 4.856528e-02 
-1.450861e-03 4.981694e-02 
-2.048162e-03 3.340694e-02 
-1.802089e-03 4.676697e-03 
-1.558393e-03 -1.036957e-02 
-2.217625e-03 -1.645395e-02 
-2.599905e-03 -1.404592e-02 
-7.674650e-06 -5.245278e-03 
2.361294e-04 1.096839e-03 
5.026141e-04 6.048363e-03 
1.429940e-03 1.030779e-02 
2.005641e-03 1.199673e-02 
1.404494e-03 8.982392e-03 
1.338600e-03 2.744671e-03 
1.680939e-03 -7.312140e-03 
1.069378e-03 -1.664870e-02 
8.937872e-04 -1.519479e-02 
1.037530e-03 -6.137734e-03 
1.390230e-03 1.114494e-02 
5.174521e-04 2.969661e-02 
-1.850661e-04 3.152825e-02 
-3.230247e-05 2.065776e-02 
-1.710119e-04 -3.449638e-03 
-1.490702e-03 -3.021758e-02 
-1.778816e-03 -3.514917e-02 
-2.912611e-03 -2.522607e-02 
-3.299878e-03 -3.016624e-03 
6.951423e-04 2.427656e-02 
1.342824e-03 4.099124e-02 
1.344514e-03 4.934249e-02 
1.685679e-03 5.287270e-02 
1.591499e-04 5.060530e-02 
-1.721088e-03 4.091957e-02 
-2.447283e-03 2.360423e-02 
9.757618e-05 -1.653986e-02 
4.237768e-03 -5.680181e-02 
1.208313e-01 -2.501580e-02 
3.210490e-02 -5.040164e-02 
1.807958e-03 -7.974920e-02 
-1.132987e-02 -7.409981e-02 
-9.139952e-03 -6.089971e-02 
-1.123466e-02 -3.374129e-02 
-1.789555e-02 1.015802e-02 
-7.806079e-03 5.519854e-02 
-1.409004e-03 7.158734e-02 
-1.639936e-03 6.126629e-02 
-3.730636e-03 1.902658e-02 
1.182985e-03 -4.131565e-02 
-4.193820e-04 -6.573241e-02 
4.863866e-04 -6.105272e-02 
5.055618e-03 -2.424587e-02 
8.110367e-03 3.186608e-02 
6.380811e-03 5.634912e-02 
6.102401e-03 5.534749e-02 
7.333767e-03 2.448814e-02 
5.871005e-03 -2.693942e-02 
4.942576e-03 -4.872862e-02 
6.112120e-03 -4.782907e-02 
8.191436e-03 -2.113383e-02 
4.583894e-03 2.348356e-02 
2.114432e-03 4.220321e-02 
2.110618e-03 4.143383e-02 
-1.222827e-03 1.937987e-02 
-8.868456e-03 -1.770974e-02 
-6.384048e-03 -3.485057e-02 
-7.586956e-03 -3.900650e-02 
-1.238897e-02 -3.231938e-02 
-6.362899e-03 -1.325623e-02 
-2.459660e-03 1.217317e-02 
-2.714098e-03 4.183283e-02 
2.739583e-03 7.893263e-02 
1.462795e-02 1.195866e-01 
6.048482e-03 1.435561e-01 
1.711920e-03 1.542598e-01 
-2.744834e-03 1.435136e-01 
-5.341564e-03 1.071022e-01 
-1.101002e-02 -4.516205e-02 
-9.838291e-04 -3.325939e-02 
4.484034e-05 1.072870e-02 
-2.033616e-03 5.538985e-02 
-1.838709e-03 7.678927e-02 
-1.414948e-03 7.671423e-02 
2.870006e-04 4.667625e-02 
1.459010e-03 -3.143774e-03 
6.273077e-04 -2.595929e-02 
4.311817e-05 -2.960596e-02 
-3.169857e-05 -1.413410e-02 
4.388636e-04 1.271892e-02 
8.654271e-04 2.528312e-02 
8.016861e-04 2.744070e-02 
2.840697e-05 1.889639e-02 
-7.518682e-04 2.043082e-03 
-7.741758e-04 -8.316127e-03 
-8.156435e-04 -1.286386e-02 
-8.950957e-04 -1.153857e-02 
-5.337875e-04 -4.339588e-03 
-4.083383e-04 3.613013e-03 
-5.879014e-04 1.089698e-02 
-1.015030e-03 1.728494e-02 
-9.428850e-04 1.944906e-02 
-7.299299e-04 1.264775e-02 
-4.693169e-04 -1.714384e-04 
8.247767e-04 -1.866161e-02 
2.025178e-03 -3.403413e-02 
1.050733e-03 -3.029169e-02 
5.806297e-04 -1.394266e-02 
7.100895e-04 1.276695e-02 
6.711686e-04 4.061165e-02 
7.249006e-04 5.084821e-02 
7.267868e-04 4.693482e-02 
-7.082310e-04 3.039165e-02 
-2.859916e-03 3.050585e-03 
-1.714832e-03 -2.326778e-02 
-9.787572e-04 -4.749598e-02 
8.795897e-04 -7.498359e-02 
2.505919e-03 -8.720931e-02 
4.414450e-02 -4.734940e-02 
1.394060e-02 -8.037213e-02 
9.058661e-03 -8.711176e-02 
-4.351435e-03 -5.547009e-02 
-4.210893e-03 -3.134532e-02 
-6.274109e-03 -4.945508e-03 
-1.220753e-02 2.515531e-02 
-7.321855e-03 5.014538e-02 
-3.360801e-03 5.918146e-02 
-3.077275e-03 4.939804e-02 
-3.386422e-03 1.434697e-02 
7.037100e-04 -3.465787e-02 
-1.848483e-04 -5.422021e-02 
8.921960e-04 -4.953924e-02 
4.116016e-03 -1.722932e-02 
4.461757e-03 3.100992e-02 
3.447688e-03 5.164457e-02 
3.179481e-03 5.005842e-02 
3.822165e-03 2.252532e-02 
3.332348e-03 -2.163955e-02 
3.006865e-03 -4.119713e-02 
3.876343e-03 -4.168398e-02 
4.775531e-03 -2.011075e-02 
1.658208e-03 1.623049e-02 
3.195889e-04 3.190019e-02 
3.651828e-04 3.218588e-02 
-9.758255e-04 1.572128e-02 
-3.756125e-03 -1.215492e-02 
-2.385329e-03 -2.559449e-02 
-2.949898e-03 -2.964178e-02 
-5.995350e-03 -2.595793e-02 
-4.216893e-03 -1.278552e-02 
-2.218183e-03 6.662141e-03 
-2.589966e-03 2.955541e-02 
-8.089370e-04 5.730157e-02 
5.110099e-03 8.528079e-02 
2.569612e-03 9.722787e-02 
1.584996e-03 9.761853e-02 
5.237212e-04 8.501403e-02 
-3.228733e-04 5.370318e-02 
1.052566e-02 -3.528659e-02 
3.262890e-04 -2.213577e-02 
-6.922747e-04 3.301370e-02 
-3.018844e-03 8.450576e-02 
-3.920416e-03 1.052811e-01 
-3.491467e-03 9.749850e-02 
1.192698e-03 5.180843e-02 
6.012519e-03 -1.727985e-02 
4.573023e-03 -4.739537e-02 
3.643349e-03 -4.902296e-02 
2.922379e-03 -2.187879e-02 
3.779230e-04 2.230195e-02 
7.906522e-04 4.273729e-02 
4.743509e-04 4.569923e-02 
-1.147785e-03 2.889966e-02 
-1.923744e-03 -3.536296e-03 
-1.742356e-03 -2.018224e-02 
-1.798871e-03 -2.445652e-02 
-2.175621e-03 -1.524350e-02 
-1.581978e-03 4.812851e-03 
-1.310500e-03 1.639803e-02 
-1.606542e-03 2.106501e-02 
-1.803398e-03 1.758952e-02 
-4.693689e-04 5.999596e-03 
-1.060837e-04 -3.628035e-03 
-1.462838e-05 -1.150742e-02 
7.540822e-04 -1.656000e-02 
1.593160e-03 -1.543638e-02 
9.643505e-04 -8.647198e-03 
9.630626e-04 2.097087e-03 
1.715641e-03 1.562064e-02 
1.049677e-03 2.656246e-02 
8.038776e-04 2.785815e-02 
1.196582e-03 2.018512e-02 
1.590805e-03 2.335666e-03 
5.850118e-04 -2.504023e-02 
1.416107e-04 -5.384998e-02 
-5.876122e-04 -8.283804e-02 
-1.710752e-03 -1.101798e-01 
-2.527156e-03 -1.243613e-01 
