poroelastic
-1.021747e-02 1.283548e-01 
-7.515214e-03 1.888852e-01 
-1.806697e-03 1.499905e-01 
2.379301e-04 2.037641e-02 
-1.148407e-03 -5.896341e-02 
-1.775126e-03 -9.636893e-02 
-1.667968e-03 -8.257328e-02 
-8.865384e-04 -2.484576e-02 
-3.369804e-05 7.976233e-03 
2.468920e-04 2.448385e-02 
1.240956e-04 2.320676e-02 
2.484107e-04 5.845277e-03 
-6.009245e-05 -4.097950e-03 
-1.619478e-04 -9.723120e-03 
6.115968e-04 -1.093268e-02 
1.631067e-03 -6.981407e-03 
1.329350e-03 -3.801283e-03 
1.572899e-03 -7.335645e-04 
2.040688e-03 2.877136e-03 
9.891056e-04 5.490862e-03 
6.614879e-04 4.946696e-03 
7.566519e-04 2.084847e-03 
1.553388e-03 -3.803792e-03 
1.815872e-03 -9.183723e-03 
1.392217e-03 -6.523823e-03 
1.401635e-03 1.714490e-03 
-3.917670e-04 1.622988e-02 
-3.308606e-03 2.623782e-02 
-2.175059e-03 1.798627e-02 
-2.091368e-03 1.817284e-03 
-1.863459e-03 -1.762198e-02 
9.237080e-04 -1.730653e-02 
9.274130e-04 1.659408e-02 
5.813985e-04 7.154437e-02 
-6.370529e-05 1.477101e-01 
-5.050296e-03 1.959352e-01 
-8.091320e-03 1.563864e-01 
-6.984795e-03 6.212846e-02 
3.124292e-03 -8.753341e-02 
1.582145e-02 -2.529059e-01 
-3.870184e-01 -7.190348e-01 
-3.219074e-02 -6.887017e-01 
-2.266663e-03 -3.950350e-01 
-5.948866e-03 -1.215764e-01 
-2.665512e-03 2.228847e-02 
-1.830115e-04 8.442258e-02 
4.937369e-04 7.056750e-02 
2.576306e-04 6.809729e-04 
-8.228430e-04 -4.069961e-02 
-1.133617e-03 -5.930942e-02 
-3.407999e-04 -5.345527e-02 
1.220539e-03 -2.535381e-02 
1.324000e-03 -4.547519e-03 
1.712888e-03 1.090951e-02 
2.264640e-03 1.909277e-02 
1.894345e-03 1.692779e-02 
1.295412e-03 1.231283e-02 
1.297717e-03 4.567716e-03 
1.744655e-03 -5.718861e-03 
1.494553e-03 -1.491841e-02 
1.269927e-03 -1.927640e-02 
1.494542e-03 -1.798151e-02 
2.256323e-03 -1.026840e-02 
2.126775e-03 2.116926e-03 
1.312789e-03 1.207759e-02 
1.194026e-03 1.842477e-02 
1.324022e-04 1.967793e-02 
-2.231891e-03 1.269426e-02 
-1.493217e-03 1.444458e-03 
-1.395434e-03 -8.983910e-03 
-1.914301e-03 -1.376672e-02 
-6.564063e-04 -4.840213e-03 
-2.378623e-04 1.623256e-02 
-6.383674e-04 4.718411e-02 
-1.439740e-05 8.986160e-02 
1.068013e-04 1.269054e-01 
-2.377909e-03 1.180274e-01 
-2.773114e-03 7.787169e-02 
-7.243789e-04 5.560344e-03 
3.232639e-03 -7.407908e-02 
-2.290606e-01 5.639369e-01 
-4.255761e-03 4.939717e-01 
4.425402e-03 2.931517e-01 
6.073950e-04 5.997885e-02 
-8.010783e-04 -7.069826e-02 
-6.484706e-04 -1.310106e-01 
-3.355557e-04 -1.130803e-01 
-1.272658e-03 -3.020555e-02 
-7.351092e-04 1.571311e-02 
-3.960468e-04 3.803818e-02 
-1.084072e-04 3.694700e-02 
4.373226e-04 1.564045e-02 
1.572868e-04 2.226727e-03 
2.464175e-05 -7.003330e-03 
2.280491e-04 -1.201626e-02 
4.862662e-04 -1.064111e-02 
4.365583e-04 -8.358695e-03 
5.846099e-04 -4.598349e-03 
9.075207e-04 1.661436e-03 
6.372718e-04 8.233055e-03 
4.198735e-04 1.003813e-02 
4.316782e-04 8.186953e-03 
6.514367e-04 1.962351e-03 
6.060252e-04 -6.089057e-03 
5.112648e-04 -7.954028e-03 
5.510174e-04 -5.382648e-03 
1.373162e-04 1.962991e-03 
-7.687474e-04 1.061106e-02 
-6.106636e-04 1.286416e-02 
-5.856589e-04 1.261643e-02 
-5.280444e-04 1.266735e-02 
-7.811900e-05 1.796785e-02 
-1.927254e-04 2.891047e-02 
-4.352253e-04 4.489858e-02 
-7.899840e-04 6.610362e-02 
-1.334823e-03 7.568848e-02 
-1.252881e-03 5.593024e-02 
-6.910839e-04 1.632208e-02 
1.000748e-03 -4.745292e-02 
2.506892e-03 -1.174285e-01 
-1.838398e-01 -5.297498e-01 
-1.494471e-02 -4.874275e-01 
-5.444973e-04 -3.081780e-01 
-1.648743e-03 -9.399871e-02 
-8.103039e-04 2.665888e-02 
-2.663378e-04 8.263863e-02 
-6.165027e-04 7.141554e-02 
-8.070422e-04 3.316146e-03 
-1.553002e-03 -3.985251e-02 
-2.420760e-03 -6.038525e-02 
-1.951154e-03 -5.238578e-02 
1.351348e-03 -1.681218e-02 
1.580945e-03 7.073989e-03 
1.920400e-03 2.149750e-02 
2.220050e-03 2.381140e-02 
1.151729e-03 1.316459e-02 
7.453956e-04 4.671400e-03 
8.051461e-04 -3.176881e-03 
1.315903e-03 -9.306551e-03 
1.260840e-03 -1.144157e-02 
1.036035e-03 -1.201710e-02 
1.184552e-03 -9.579105e-03 
1.494283e-03 -3.488877e-03 
8.688444e-04 4.199374e-03 
4.671869e-04 9.449130e-03 
4.964191e-04 1.162464e-02 
1.823519e-04 9.092331e-03 
-7.329792e-04 2.302864e-03 
-4.115298e-04 -1.885423e-03 
-4.196588e-04 -2.618523e-03 
-9.622308e-04 3.633507e-03 
-7.749482e-04 1.524069e-02 
-4.828210e-04 2.018582e-02 
-6.715843e-04 2.280629e-02 
-7.932975e-04 2.464293e-02 
-1.362562e-04 3.061747e-02 
-4.403002e-04 3.968424e-02 
-5.112066e-04 5.016805e-02 
-6.276009e-04 5.878713e-02 
-4.971821e-04 6.865592e-02 
-4.569673e-01 7.728885e-01 
-9.703804e-03 6.697404e-01 
8.735489e-03 3.508941e-01 
-1.119524e-03 7.887411e-02 
-6.420263e-04 -6.347899e-02 
1.509394e-03 -1.241402e-01 
2.355703e-03 -1.039970e-01 
-7.871849e-04 -2.453038e-02 
-1.369632e-03 1.778167e-02 
-1.114443e-03 3.728474e-02 
-3.977293e-04 3.772620e-02 
3.374797e-04 2.435903e-02 
2.031645e-04 1.345510e-02 
4.984135e-05 2.361982e-03 
-5.037644e-05 -8.980425e-03 
-5.918161e-05 -1.631080e-02 
-2.413665e-06 -1.775923e-02 
1.217248e-04 -1.342652e-02 
2.688007e-04 -2.262920e-03 
1.646435e-04 1.225311e-02 
4.239597e-05 1.904690e-02 
-3.004313e-05 1.912723e-02 
-4.599586e-05 1.182673e-02 
2.206912e-05 -9.457595e-04 
9.970520e-05 -9.305796e-03 
1.583466e-04 -1.362372e-02 
2.196240e-04 -1.394139e-02 
2.182994e-04 -7.579805e-03 
5.317985e-05 3.750569e-03 
-1.816758e-04 1.678194e-02 
-5.542243e-04 3.202526e-02 
-7.551411e-04 4.112429e-02 
-5.416798e-04 3.165576e-02 
-1.335289e-04 1.262524e-02 
5.233539e-04 -1.371015e-02 
6.173153e-04 -3.586311e-02 
8.720186e-05 -3.498062e-02 
-2.442114e-04 -1.898701e-02 
-1.525729e-04 4.026185e-03 
4.173463e-04 2.373782e-02 
