poroelastic
1.691429e-02 -5.431232e-02 
1.776091e-02 -5.608773e-02 
1.844283e-02 -5.891355e-03 
3.553152e-03 8.694695e-02 
5.522196e-03 1.286623e-01 
3.479725e-03 1.199104e-01 
-7.532479e-03 7.183453e-02 
-1.470701e-02 1.106463e-02 
-1.257893e-02 -3.743710e-02 
-1.384944e-02 -5.752088e-02 
-1.388134e-02 -3.548337e-02 
-2.510269e-03 1.995332e-02 
-1.025496e-03 4.839501e-02 
-1.302975e-03 5.614421e-02 
-3.129012e-03 3.507584e-02 
-3.121579e-03 -8.853819e-03 
-2.294887e-03 -3.051512e-02 
-2.495336e-03 -3.771688e-02 
-3.040728e-03 -2.596739e-02 
-1.281115e-03 9.434044e-04 
-8.985318e-04 1.580786e-02 
-1.105643e-03 2.625330e-02 
-2.836154e-03 3.114625e-02 
-3.643029e-03 2.712963e-02 
-2.863575e-03 2.813706e-02 
-3.499895e-03 3.401315e-02 
-7.407866e-03 4.568721e-02 
-8.475396e-03 4.908644e-02 
-6.483317e-03 3.155417e-02 
-6.839253e-03 3.822014e-03 
-1.298709e-02 -3.593660e-02 
-1.099042e-02 -9.262563e-02 
-2.094209e-03 -1.525530e-01 
3.023306e-03 -2.120665e-01 
1.231121e-02 -2.713035e-01 
2.366126e-02 -3.021995e-01 
2.006325e-02 -2.833697e-01 
1.417291e-02 -2.181298e-01 
4.019223e-03 -8.151217e-02 
-4.069589e-03 8.233525e-02 
-6.968732e-02 9.168691e-01 
-1.169856e-02 9.387870e-01 
8.035845e-02 6.962011e-01 
4.010538e-02 3.719510e-01 
1.840028e-02 1.452769e-01 
9.206544e-03 1.358369e-02 
-1.140130e-02 -4.022869e-02 
-4.374373e-02 -4.886014e-02 
-3.474993e-02 -2.930135e-02 
-3.661257e-02 3.158574e-04 
-4.637394e-02 2.634370e-02 
-2.437669e-02 4.710096e-02 
-1.577812e-02 5.433633e-02 
-1.763879e-02 4.238610e-02 
-2.110373e-02 1.441020e-02 
-7.341421e-03 -1.195145e-02 
-3.893465e-03 -2.500206e-02 
-4.146251e-03 -2.455804e-02 
-6.302138e-03 -4.346298e-03 
-4.552830e-03 3.015189e-02 
-3.243284e-03 4.529036e-02 
-3.849088e-03 4.587628e-02 
-7.706424e-03 2.926255e-02 
-8.097454e-03 -1.368044e-03 
-5.909667e-03 -1.711193e-02 
-7.156184e-03 -1.924843e-02 
-1.558513e-02 -7.582910e-03 
-1.864197e-02 1.449967e-02 
-1.549112e-02 3.631888e-02 
-1.900064e-02 5.752503e-02 
-3.480066e-02 7.585436e-02 
-3.671063e-02 6.021053e-02 
-2.450984e-02 -2.771836e-02 
-1.614550e-02 -1.754378e-01 
8.378403e-03 -3.838816e-01 
5.155663e-02 -6.033949e-01 
5.494892e-02 -7.385561e-01 
5.319934e-02 -7.941211e-01 
4.656815e-02 -7.315673e-01 
2.288152e-02 -5.067443e-01 
2.297047e-01 -2.534817e-01 
8.789006e-03 -1.097950e-01 
5.531132e-03 3.360275e-02 
9.426634e-04 1.454338e-01 
1.949729e-03 1.689999e-01 
-3.164344e-03 1.312625e-01 
-1.293747e-02 4.832593e-02 
-1.094711e-02 -3.910792e-02 
-8.826473e-03 -8.907710e-02 
-8.940965e-03 -1.006268e-01 
-8.326397e-03 -5.152371e-02 
-1.612851e-03 4.253426e-02 
-4.014211e-04 9.019296e-02 
-6.212660e-04 1.089338e-01 
-2.096434e-03 9.110483e-02 
-2.088043e-03 3.384835e-02 
-1.631532e-03 -8.551411e-04 
-1.905214e-03 -1.774830e-02 
-3.204900e-03 -1.915302e-02 
-2.707224e-03 -9.612264e-03 
-1.935651e-03 -2.317481e-03 
-2.233964e-03 2.840044e-03 
-3.554669e-03 -1.075963e-03 
-2.626441e-03 -7.162076e-03 
-1.958859e-03 4.589606e-03 
-2.532532e-03 2.056102e-02 
-7.412817e-03 4.596089e-02 
-1.101389e-02 7.030237e-02 
-8.867113e-03 5.341367e-02 
-9.369039e-03 1.536334e-02 
-1.486455e-02 -3.447394e-02 
-1.003278e-02 -1.001129e-01 
-7.544447e-04 -1.673494e-01 
4.113448e-03 -2.211852e-01 
1.347888e-02 -2.636502e-01 
2.403970e-02 -2.841170e-01 
1.829614e-02 -2.623832e-01 
1.267555e-02 -2.096116e-01 
6.238903e-03 -1.222196e-01 
5.245441e-04 -1.468335e-02 
5.417255e-02 5.553164e-01 
3.638324e-02 6.302597e-01 
3.955759e-02 5.748109e-01 
1.020944e-02 4.009899e-01 
-1.986342e-04 2.478051e-01 
-1.140591e-02 1.104460e-01 
-2.383073e-02 -1.364741e-02 
-1.757536e-02 -9.326295e-02 
-1.287934e-02 -1.169484e-01 
-1.248512e-02 -9.466540e-02 
-1.377523e-02 -2.318457e-02 
-6.359088e-03 7.769464e-02 
-3.867099e-03 1.234333e-01 
-5.058171e-03 1.219063e-01 
-7.318567e-03 6.573145e-02 
-2.847953e-03 -2.402319e-02 
-1.796809e-03 -6.908125e-02 
-1.927573e-03 -8.063992e-02 
-3.495782e-03 -4.834262e-02 
-3.556656e-03 1.811521e-02 
-2.735487e-03 4.957590e-02 
-3.278799e-03 5.795244e-02 
-5.318207e-03 4.005593e-02 
-4.104612e-03 -2.484346e-04 
-2.812671e-03 -1.702950e-02 
-3.466136e-03 -1.454576e-02 
-1.070116e-02 9.763193e-03 
-1.576075e-02 4.047624e-02 
-1.281589e-02 4.647692e-02 
-1.489294e-02 3.850731e-02 
-2.486318e-02 8.890514e-03 
-2.036036e-02 -5.300229e-02 
-9.345852e-03 -1.277904e-01 
-3.014217e-03 -2.190461e-01 
1.415028e-02 -3.216663e-01 
3.776317e-02 -3.973703e-01 
3.268133e-02 -4.354776e-01 
2.785296e-02 -4.383453e-01 
2.020653e-02 -3.698222e-01 
6.269303e-03 -1.885979e-01 
7.318017e-01 -2.876817e-01 
5.004901e-02 -1.639712e-01 
-2.639440e-02 -3.262338e-02 
-3.292434e-02 3.469550e-02 
-2.600619e-02 2.005623e-02 
-2.991441e-02 -9.071529e-03 
-3.150583e-02 -2.374783e-02 
-2.707865e-03 -9.689263e-03 
6.129749e-04 9.668312e-03 
9.971019e-04 2.184456e-02 
2.341546e-03 2.376263e-02 
3.002391e-03 1.852085e-02 
2.399365e-03 1.920527e-02 
2.632383e-03 2.071743e-02 
1.572257e-03 2.361930e-02 
-2.042635e-03 2.955740e-02 
-1.764298e-03 2.813642e-02 
-2.183329e-03 2.316482e-02 
-4.753439e-03 1.671491e-02 
-5.313979e-03 9.377663e-03 
-3.933309e-03 2.907581e-03 
-4.436718e-03 -5.194220e-04 
-5.861311e-03 -4.457084e-03 
-2.882989e-03 -8.994793e-03 
-1.936959e-03 -6.065504e-03 
-2.496382e-03 -1.064006e-03 
-9.475504e-03 8.200804e-03 
-1.550522e-02 1.800952e-02 
-1.216043e-02 1.626744e-02 
-1.404257e-02 1.466819e-02 
-2.317327e-02 2.092783e-02 
-1.939752e-02 6.485693e-03 
-1.068826e-02 -5.587333e-02 
-5.331868e-03 -1.404718e-01 
1.259578e-02 -2.513708e-01 
3.776827e-02 -3.620446e-01 
3.098869e-02 -4.037188e-01 
2.465019e-02 -3.959540e-01 
1.687988e-02 -3.349162e-01 
5.131636e-03 -2.109808e-01 
