poroelastic
1.339911e-02 -1.623340e-02 
1.518559e-02 -2.722034e-02 
1.044049e-02 -5.176499e-02 
-8.213152e-03 -8.675380e-02 
-8.226963e-03 -9.613825e-02 
-6.776423e-03 -7.800724e-02 
-4.133272e-03 -3.047881e-02 
3.660544e-04 2.549868e-02 
1.317966e-03 5.244953e-02 
1.375672e-03 5.574474e-02 
5.942826e-04 3.046880e-02 
-1.056830e-03 -1.451478e-02 
-1.411226e-03 -3.740499e-02 
-1.587579e-03 -4.253372e-02 
-2.466303e-03 -2.761415e-02 
-2.936012e-03 1.525545e-03 
-2.026326e-03 1.845409e-02 
-2.504225e-03 2.539723e-02 
-3.723167e-03 1.982656e-02 
-1.977336e-03 3.129482e-03 
-1.320489e-03 -7.639289e-03 
-1.408325e-03 -1.419976e-02 
-2.469919e-03 -1.616748e-02 
-2.324508e-03 -1.186430e-02 
-1.721579e-03 -5.224419e-03 
-2.164451e-03 2.745681e-03 
-1.134387e-03 1.216778e-02 
2.500716e-03 1.625634e-02 
2.102231e-03 9.165876e-03 
2.592017e-03 -3.453891e-03 
3.157780e-04 -2.018419e-02 
-5.229589e-03 -1.753982e-02 
-5.083930e-03 1.745505e-02 
-8.159268e-03 6.270019e-02 
-1.622319e-02 1.100205e-01 
-1.751581e-02 1.159583e-01 
-1.012795e-02 3.960453e-02 
8.882587e-04 -8.847814e-02 
2.555229e-02 -2.544753e-01 
4.288237e-02 -4.507507e-01 
-4.940666e-01 -4.184543e-01 
-9.374211e-02 -4.792824e-01 
-1.929399e-03 -2.930454e-01 
-2.492226e-04 -8.173072e-02 
3.891492e-03 4.007223e-02 
6.746549e-03 9.823157e-02 
5.640791e-03 8.401939e-02 
-2.195134e-03 4.167238e-03 
-5.755071e-03 -3.768833e-02 
-6.319295e-03 -4.889838e-02 
-5.720760e-03 -3.103098e-02 
-4.591005e-03 6.414774e-03 
-2.483566e-03 2.651172e-02 
-2.646958e-03 3.182713e-02 
-5.038754e-03 1.972390e-02 
-5.768268e-03 -6.660102e-03 
-4.325730e-03 -2.018092e-02 
-4.591749e-03 -2.335948e-02 
-6.169217e-03 -1.465192e-02 
-4.765351e-03 3.850363e-03 
-3.669523e-03 1.416527e-02 
-4.228602e-03 1.793980e-02 
-6.181820e-03 1.404134e-02 
-5.127733e-03 2.985974e-03 
-3.596773e-03 -4.717105e-03 
-3.765642e-03 -1.069595e-02 
-2.362046e-03 -1.536254e-02 
2.933447e-03 -1.685515e-02 
2.202768e-03 -1.315651e-02 
1.815451e-03 -4.735748e-03 
-4.812981e-04 8.866443e-03 
-7.021417e-03 3.292017e-02 
-7.985479e-03 5.838254e-02 
-9.497197e-03 7.377904e-02 
-1.343600e-02 7.424998e-02 
-1.237939e-02 3.735720e-02 
-2.116067e-03 -5.918843e-02 
8.644287e-03 -1.954867e-01 
2.850772e-02 -3.662264e-01 
4.148773e-02 -5.425491e-01 
2.824551e-02 2.786794e-01 
1.597346e-02 1.575214e-01 
2.735392e-04 -4.401985e-04 
-1.076636e-02 -1.137237e-01 
-9.455011e-03 -1.538564e-01 
-6.446353e-03 -1.358565e-01 
-2.303554e-03 -5.712525e-02 
1.144951e-03 4.702182e-02 
2.466664e-03 9.641458e-02 
3.022071e-03 1.019854e-01 
1.989226e-03 5.663620e-02 
-1.210682e-03 -2.238603e-02 
-1.934119e-03 -6.209627e-02 
-2.031884e-03 -7.100682e-02 
-1.620676e-03 -4.386934e-02 
-6.840085e-04 9.226146e-03 
-2.769291e-04 3.601177e-02 
-6.184717e-04 4.292395e-02 
-1.525061e-03 2.584854e-02 
-1.136367e-03 -9.172507e-03 
-6.781362e-04 -2.497094e-02 
-5.903341e-04 -2.736286e-02 
-8.536627e-04 -1.442248e-02 
-8.555077e-04 9.338161e-03 
-8.768980e-04 1.883538e-02 
-1.032469e-03 1.811422e-02 
-7.653584e-04 6.136970e-03 
4.237711e-04 -1.364286e-02 
6.238782e-04 -2.306988e-02 
6.475791e-04 -2.511447e-02 
-2.835508e-04 -2.056434e-02 
-2.102941e-03 4.076552e-03 
-3.678561e-03 4.667323e-02 
-7.094077e-03 9.115431e-02 
-1.153230e-02 1.322536e-01 
-8.937554e-03 1.360035e-01 
-4.122455e-03 6.969304e-02 
3.346163e-03 -4.526749e-02 
1.695731e-02 -2.099645e-01 
2.227222e-02 -4.123126e-01 
-2.902413e-01 -3.643811e-01 
-5.084124e-02 -3.934843e-01 
-1.718737e-02 -2.702046e-01 
-5.513318e-03 -9.251971e-02 
-7.090449e-04 2.115628e-02 
1.312853e-03 8.433158e-02 
2.713416e-03 8.280364e-02 
2.014802e-03 1.532089e-02 
1.794789e-04 -2.415336e-02 
-3.571554e-04 -4.007192e-02 
-1.413828e-03 -3.038111e-02 
-3.929079e-03 6.518317e-04 
-2.497900e-03 1.819539e-02 
-2.870087e-03 2.414398e-02 
-4.662330e-03 1.668867e-02 
-3.341323e-03 -1.991292e-03 
-2.450062e-03 -1.285833e-02 
-2.706123e-03 -1.716873e-02 
-4.036141e-03 -1.420508e-02 
-3.360220e-03 -4.382771e-03 
-2.539750e-03 4.043010e-03 
-2.948190e-03 1.080888e-02 
-3.939671e-03 1.552180e-02 
-2.465277e-03 1.531302e-02 
-1.727792e-03 8.677053e-03 
-1.788833e-03 -2.624983e-03 
-1.490612e-03 -1.913314e-02 
5.061019e-04 -3.359285e-02 
3.845365e-04 -3.083263e-02 
-2.134136e-04 -1.635314e-02 
-2.602278e-03 8.868739e-03 
-6.371744e-03 4.478827e-02 
-7.404711e-03 7.186514e-02 
-8.682526e-03 8.159063e-02 
-7.184553e-03 6.915748e-02 
9.318539e-04 2.176083e-02 
6.073405e-03 -6.016881e-02 
1.106272e-02 -1.647262e-01 
1.851334e-02 -2.937370e-01 
1.577611e-02 -4.207496e-01 
-1.449178e-01 5.027871e-01 
2.170505e-02 3.515791e-01 
-2.334988e-04 9.502627e-02 
-8.624274e-03 -7.887431e-02 
-6.513606e-03 -1.466689e-01 
-2.646217e-03 -1.403343e-01 
4.560572e-04 -6.298454e-02 
-3.601842e-04 4.590384e-02 
4.687135e-04 9.693726e-02 
1.834503e-03 1.020306e-01 
2.096374e-03 5.591739e-02 
-6.690544e-04 -2.331940e-02 
-1.349746e-03 -6.265010e-02 
-1.358328e-03 -7.101075e-02 
-7.436342e-04 -4.264694e-02 
6.721266e-05 1.343435e-02 
1.877213e-04 4.022894e-02 
-5.168016e-05 4.504979e-02 
-4.817920e-04 2.421760e-02 
-3.411774e-04 -1.529625e-02 
-1.050431e-04 -3.185175e-02 
2.308132e-05 -3.204172e-02 
-2.606766e-06 -1.376679e-02 
-1.972501e-04 1.681015e-02 
-2.999535e-04 2.743787e-02 
-2.928452e-04 2.365492e-02 
-3.826006e-04 4.446060e-03 
-2.622837e-04 -2.257531e-02 
2.900227e-04 -3.111390e-02 
4.732458e-04 -2.837137e-02 
2.903762e-04 -1.713193e-02 
-6.510514e-04 9.089085e-03 
-2.599760e-03 4.365442e-02 
-5.146565e-03 7.445279e-02 
-6.616963e-03 9.717794e-02 
-1.912452e-03 9.373370e-02 
1.234420e-03 5.319498e-02 
4.921819e-03 -1.454635e-02 
8.422635e-03 -1.181477e-01 
3.192803e-03 -2.610130e-01 
