poroelastic
2.261680e-02 -1.349714e-01 
1.877905e-02 -1.970086e-01 
1.024799e-02 -1.890484e-01 
-1.576223e-02 -1.452237e-01 
-1.131517e-02 -1.062121e-01 
-8.365736e-03 -5.955552e-02 
-1.079705e-02 -1.793568e-02 
-1.014825e-02 6.783490e-03 
-6.592029e-03 3.661326e-02 
-8.054471e-03 5.333349e-02 
-1.016071e-02 4.609518e-02 
-1.358806e-03 1.863807e-02 
-7.424785e-04 -1.770527e-03 
-8.899296e-04 -1.284863e-02 
-1.470372e-03 -9.215387e-03 
-1.206593e-03 1.120648e-02 
-8.683150e-04 3.204972e-02 
-1.061452e-03 4.833701e-02 
-1.140659e-03 5.818399e-02 
8.308437e-05 5.974134e-02 
1.131540e-04 4.788618e-02 
1.679519e-04 2.523584e-02 
-6.820361e-04 6.723168e-05 
-1.780297e-03 -2.465852e-02 
-1.169214e-03 -4.720626e-02 
-1.253880e-03 -5.150620e-02 
-4.651714e-03 -4.279445e-02 
-6.709589e-03 -2.884265e-02 
-5.172936e-03 2.182028e-03 
-6.663037e-03 2.964869e-02 
-1.403591e-02 3.690812e-02 
-1.546331e-02 3.476783e-02 
-1.223484e-02 3.480310e-02 
-1.298900e-02 1.407867e-02 
-7.938374e-03 -1.951595e-02 
1.091161e-02 -6.353211e-02 
1.416569e-02 -1.444585e-01 
1.928444e-02 -2.443165e-01 
2.648350e-02 -3.545009e-01 
2.110310e-02 -4.708416e-01 
-1.142708e+00 1.139172e-01 
-1.516733e-01 -4.695403e-02 
4.736035e-02 -1.005633e-01 
-8.712935e-03 -1.687725e-01 
-1.618869e-02 -2.227772e-01 
-1.609789e-02 -2.118847e-01 
-2.704841e-02 -1.316921e-01 
-3.858914e-02 -3.109496e-02 
-2.536299e-02 8.024173e-02 
-2.749139e-02 1.832383e-01 
-4.073436e-02 2.278285e-01 
-1.850429e-02 1.801474e-01 
-1.254838e-02 1.371303e-01 
-1.488820e-02 7.212748e-02 
-1.652226e-02 -6.461833e-03 
-1.863190e-03 -6.148565e-02 
-1.119013e-04 -9.741851e-02 
-9.620952e-05 -9.103248e-02 
2.711928e-04 -2.943535e-02 
1.332091e-03 6.073100e-02 
8.504312e-04 1.226212e-01 
9.438731e-04 1.516478e-01 
-8.173446e-04 1.247121e-01 
-4.563195e-03 5.026583e-02 
-3.457414e-03 5.066826e-03 
-4.033805e-03 -2.642193e-02 
-1.575290e-02 -2.404335e-02 
-2.624146e-02 2.332892e-02 
-2.075367e-02 5.686016e-02 
-2.550267e-02 1.018050e-01 
-5.128037e-02 1.550372e-01 
-5.679646e-02 1.636478e-01 
-4.304190e-02 1.048695e-01 
-4.058523e-02 -2.432791e-02 
-1.187827e-02 -2.587271e-01 
6.160038e-02 -5.652101e-01 
6.648045e-02 -8.006545e-01 
7.073845e-02 -9.898177e-01 
7.364878e-02 -1.109021e+00 
4.435474e-02 -1.064121e+00 
2.292886e-01 2.829548e-01 
2.655472e-02 1.186803e-01 
-8.686731e-04 -7.090055e-02 
-2.638427e-02 -2.061362e-01 
-2.288197e-02 -2.661370e-01 
-1.901287e-02 -2.536804e-01 
-1.326662e-02 -1.496108e-01 
-3.848062e-03 1.310526e-02 
-8.112018e-04 1.239773e-01 
-1.922293e-03 1.888409e-01 
-4.953278e-03 1.915965e-01 
-6.701422e-04 1.267273e-01 
-4.156854e-04 7.437225e-02 
-7.033363e-04 3.000240e-02 
-1.040686e-03 -1.631058e-03 
-4.664498e-04 -1.169513e-02 
-3.122869e-04 -1.212882e-02 
-3.378491e-04 4.188730e-04 
-6.788266e-04 2.292041e-02 
-7.327469e-04 4.740509e-02 
-5.795220e-04 6.335906e-02 
-7.135731e-04 6.099853e-02 
-1.359701e-03 3.095210e-02 
-1.283103e-03 -4.335210e-03 
-8.876951e-04 -1.273726e-02 
-1.065531e-03 -8.292346e-03 
-6.079801e-03 2.187444e-02 
-1.150823e-02 7.988723e-02 
-1.016365e-02 1.052909e-01 
-1.267889e-02 1.083986e-01 
-2.365580e-02 9.770505e-02 
-2.338832e-02 6.195926e-02 
-1.573218e-02 9.105551e-03 
-1.470909e-02 -4.001671e-02 
-3.277064e-03 -1.004901e-01 
2.644437e-02 -1.964261e-01 
2.549279e-02 -2.765933e-01 
2.645048e-02 -3.471979e-01 
2.935726e-02 -4.350300e-01 
1.964413e-02 -5.729685e-01 
-5.031515e-01 -2.840257e-01 
-3.844243e-02 -2.975005e-01 
-1.209478e-02 -2.136481e-01 
-2.790027e-02 -1.028048e-01 
-1.695084e-02 -2.213428e-02 
-1.630089e-02 3.148491e-02 
-2.326096e-02 3.748869e-02 
-1.335976e-02 -6.726960e-03 
-9.133943e-03 -1.220034e-02 
-9.919173e-03 9.394815e-03 
-1.197431e-02 5.091128e-02 
-3.406715e-03 9.486059e-02 
-2.148714e-03 1.043511e-01 
-2.718512e-03 8.963550e-02 
-3.073364e-03 4.997039e-02 
5.470964e-06 -1.179304e-03 
1.558057e-04 -1.719241e-02 
1.741366e-04 -8.405719e-03 
-1.924111e-04 2.841034e-02 
-8.508190e-04 8.009485e-02 
-6.970715e-04 9.526073e-02 
-8.339175e-04 7.939237e-02 
-1.815202e-03 2.993724e-02 
-2.002363e-03 -3.739977e-02 
-1.288251e-03 -7.232183e-02 
-1.489935e-03 -7.609636e-02 
-9.180432e-03 -4.545572e-02 
-1.655186e-02 1.478587e-02 
-1.360241e-02 6.844907e-02 
-1.720656e-02 1.061352e-01 
-3.295386e-02 1.183407e-01 
-3.353569e-02 9.642451e-02 
-2.419009e-02 4.500581e-02 
-2.208687e-02 -4.169971e-02 
-2.350651e-03 -1.708128e-01 
4.130333e-02 -3.246672e-01 
3.971285e-02 -4.538471e-01 
4.021307e-02 -5.638335e-01 
3.953809e-02 -6.403208e-01 
2.054377e-02 -6.403170e-01 
3.173416e-01 9.739980e-01 
1.163643e-01 7.371464e-01 
-4.124004e-03 3.144072e-01 
-6.121419e-02 -8.770989e-02 
-5.261385e-02 -3.192687e-01 
-4.796693e-02 -3.888943e-01 
-3.822377e-02 -2.653506e-01 
-4.674010e-03 -7.627408e-03 
-1.489213e-03 1.568238e-01 
-1.946650e-03 2.410476e-01 
-2.972375e-04 2.134446e-01 
4.964931e-03 7.958874e-02 
3.910870e-03 3.276776e-03 
4.172894e-03 -4.224451e-02 
3.997155e-03 -4.916783e-02 
-1.111489e-04 -5.586228e-03 
-2.478342e-04 1.859283e-02 
-2.687963e-04 3.118231e-02 
-1.770166e-03 3.620511e-02 
-3.299872e-03 3.275349e-02 
-2.497646e-03 2.593823e-02 
-2.890815e-03 1.977731e-02 
-3.748383e-03 1.912903e-02 
-1.577298e-03 1.451375e-02 
-1.033989e-03 -2.097298e-03 
-1.287168e-03 -1.344404e-02 
-9.889706e-03 -1.630873e-02 
-1.869755e-02 -2.068161e-02 
-1.389465e-02 -1.087810e-02 
-1.644987e-02 1.508947e-02 
-3.016045e-02 3.494077e-02 
-2.833546e-02 3.064657e-02 
-2.094863e-02 2.466167e-02 
-2.084930e-02 -1.658407e-02 
-2.821539e-03 -1.105108e-01 
3.842788e-02 -2.355529e-01 
3.624567e-02 -3.662869e-01 
3.810727e-02 -5.143788e-01 
3.817759e-02 -6.542426e-01 
1.746808e-02 -6.931560e-01 
