poroelastic
5.982608e-04 -6.177187e-02 
-1.130303e-03 -1.002321e-01 
-5.005699e-03 -9.524839e-02 
-2.282227e-03 -4.198893e-02 
-9.194100e-04 -2.723575e-03 
-7.040550e-04 1.827487e-02 
-1.308240e-03 1.558793e-02 
-1.059127e-03 -6.650371e-03 
-8.980431e-04 -1.591967e-02 
-1.118182e-03 -1.568103e-02 
-1.049434e-03 -6.420335e-03 
6.019434e-04 6.895210e-03 
5.679136e-04 1.320592e-02 
6.184986e-04 1.335279e-02 
1.352137e-03 7.109964e-03 
1.879357e-03 -3.513479e-03 
1.405822e-03 -1.071148e-02 
1.689449e-03 -1.409089e-02 
2.249221e-03 -1.349822e-02 
1.035359e-03 -8.000264e-03 
7.080442e-04 7.254125e-04 
7.497776e-04 1.072576e-02 
1.610955e-03 2.243664e-02 
1.757977e-03 2.977184e-02 
1.084118e-03 2.243700e-02 
1.501122e-03 5.033283e-03 
6.380495e-04 -2.369109e-02 
-2.846179e-03 -4.719743e-02 
-2.783063e-03 -3.830567e-02 
-3.747758e-03 -1.078504e-02 
-3.681182e-03 3.200549e-02 
7.833600e-04 6.832402e-02 
9.683023e-04 6.846109e-02 
6.344022e-04 4.527363e-02 
2.136548e-03 -5.786721e-06 
5.102928e-03 -3.828528e-02 
4.248243e-03 -1.921712e-02 
2.845203e-03 3.126449e-02 
-2.808547e-03 9.550606e-02 
-9.877352e-03 1.688371e-01 
3.447522e-01 4.320258e-01 
3.758788e-02 3.863092e-01 
-8.133591e-03 1.456780e-01 
-7.394867e-03 -6.995455e-02 
-8.425161e-03 -1.691516e-01 
-1.280938e-02 -1.852843e-01 
-1.511125e-02 -1.134122e-01 
6.406934e-05 1.596027e-02 
5.301762e-03 8.500939e-02 
5.913599e-03 1.057126e-01 
4.798744e-03 7.259693e-02 
3.773678e-03 -3.145127e-03 
1.701872e-03 -4.516519e-02 
1.874077e-03 -6.078086e-02 
3.567636e-03 -4.570651e-02 
3.333357e-03 -4.374436e-03 
2.618808e-03 1.803155e-02 
2.791134e-03 2.664661e-02 
3.447873e-03 1.831155e-02 
2.691101e-03 -4.410558e-03 
2.163199e-03 -1.258156e-02 
2.436092e-03 -1.128076e-02 
3.823910e-03 1.232066e-03 
3.988079e-03 2.029418e-02 
2.707562e-03 2.199189e-02 
3.041439e-03 1.252783e-02 
1.554590e-03 -9.219626e-03 
-3.757831e-03 -3.364175e-02 
-3.106845e-03 -3.223078e-02 
-3.827681e-03 -1.606644e-02 
-6.504125e-03 1.266397e-02 
-4.266221e-03 4.692231e-02 
-1.874876e-03 6.404757e-02 
-2.021115e-03 6.924247e-02 
7.070225e-04 6.228086e-02 
7.508784e-03 5.142326e-02 
3.922945e-03 7.298837e-02 
1.732092e-03 1.140360e-01 
-2.400828e-03 1.625926e-01 
-7.934937e-03 2.019498e-01 
1.142829e-01 -3.472159e-01 
5.241018e-03 -2.974225e-01 
3.359020e-04 -1.767348e-01 
-6.146166e-05 -6.051463e-02 
8.083177e-06 8.504487e-03 
-7.666614e-05 3.877103e-02 
-5.640368e-04 2.425486e-02 
-1.053711e-03 -2.253569e-02 
-1.236688e-03 -3.973625e-02 
-1.645936e-03 -3.494239e-02 
-1.332905e-03 -8.933329e-03 
9.177470e-04 2.536573e-02 
1.016299e-03 3.851269e-02 
8.924142e-04 3.458113e-02 
6.696727e-04 1.172895e-02 
2.709994e-04 -2.202193e-02 
1.568710e-04 -3.723863e-02 
4.401823e-04 -3.695205e-02 
9.970022e-04 -1.955653e-02 
7.358375e-04 9.774026e-03 
4.398397e-04 2.730650e-02 
3.299508e-04 3.444454e-02 
4.296193e-04 3.016646e-02 
3.927553e-04 1.416105e-02 
4.219208e-04 -2.685348e-03 
7.812687e-04 -1.887875e-02 
8.050893e-04 -3.473326e-02 
-2.689251e-04 -4.020056e-02 
-4.886860e-04 -2.468768e-02 
-9.761580e-04 2.983846e-03 
-1.496993e-03 4.241971e-02 
-6.210767e-04 7.908394e-02 
-1.917771e-04 8.340137e-02 
-2.701821e-05 6.500870e-02 
1.589431e-05 2.253890e-02 
5.842807e-05 -2.900567e-02 
4.204623e-04 -4.048455e-02 
5.710203e-04 -2.511481e-02 
1.164243e-04 1.003162e-02 
-1.174725e-03 6.821863e-02 
1.604956e-01 3.175721e-01 
1.366565e-02 2.556971e-01 
5.683788e-04 8.990652e-02 
-1.727428e-03 -8.074078e-02 
-1.917802e-03 -1.617486e-01 
-4.676303e-03 -1.734466e-01 
-9.593974e-03 -1.058090e-01 
-3.745552e-03 1.666870e-02 
-4.812729e-04 8.579370e-02 
5.445095e-04 1.093797e-01 
1.273829e-03 7.657005e-02 
2.811013e-03 -3.347199e-03 
1.304849e-03 -4.826609e-02 
1.766791e-03 -6.539080e-02 
3.393544e-03 -4.923329e-02 
1.937702e-03 -5.115391e-03 
1.477444e-03 1.945125e-02 
1.613317e-03 2.985984e-02 
2.279025e-03 2.273208e-02 
2.050054e-03 6.391733e-04 
1.638187e-03 -9.101315e-03 
1.871105e-03 -1.103309e-02 
2.472616e-03 -3.344019e-03 
1.669475e-03 1.079788e-02 
1.056296e-03 1.283145e-02 
1.330421e-03 7.568583e-03 
7.829952e-04 -6.078791e-03 
-1.360683e-03 -2.189660e-02 
-8.787749e-04 -2.105641e-02 
-1.190266e-03 -1.079086e-02 
-3.375490e-03 8.025285e-03 
-3.480353e-03 3.468362e-02 
-2.011861e-03 5.652456e-02 
-2.176579e-03 7.394377e-02 
-1.488885e-03 8.527505e-02 
1.472630e-03 8.472427e-02 
5.793958e-04 8.569353e-02 
3.643986e-04 8.669801e-02 
1.311156e-04 8.276900e-02 
-1.503169e-04 6.898414e-02 
2.982397e-01 -5.156047e-01 
1.347026e-02 -4.580413e-01 
-7.996582e-04 -2.348435e-01 
1.376693e-03 -4.974594e-02 
-2.794862e-04 5.096679e-02 
-1.672101e-03 8.912252e-02 
-1.332664e-03 5.931692e-02 
6.788749e-04 -1.815393e-02 
4.705410e-04 -5.207871e-02 
-5.417239e-04 -5.412747e-02 
-1.134069e-03 -2.633686e-02 
3.171211e-04 1.607771e-02 
5.819504e-04 3.570770e-02 
5.272175e-04 3.788798e-02 
2.171422e-04 2.045591e-02 
-8.840239e-05 -1.126524e-02 
-1.145573e-04 -2.668216e-02 
1.237488e-06 -2.905837e-02 
1.761090e-04 -1.705104e-02 
1.295982e-04 5.876241e-03 
3.521114e-05 1.893482e-02 
-4.739440e-05 2.393196e-02 
-9.449406e-05 1.990927e-02 
-4.797120e-05 7.153156e-03 
2.878201e-05 -3.430174e-03 
1.081767e-04 -1.183469e-02 
1.978800e-04 -1.771929e-02 
2.616296e-04 -1.832997e-02 
2.293434e-04 -1.215096e-02 
9.898052e-05 -1.691117e-04 
-2.963570e-04 1.891569e-02 
-6.018249e-04 4.250417e-02 
-4.577685e-04 5.650497e-02 
-9.698879e-05 6.098270e-02 
8.290913e-04 5.132865e-02 
1.122245e-03 2.177384e-02 
8.552622e-04 -7.457222e-03 
3.301140e-04 -3.720520e-02 
-8.438247e-04 -6.661752e-02 
-1.774529e-03 -7.582721e-02 
