poroelastic
-6.004921e-03 -5.111585e-01 
-1.863931e-02 -6.769266e-01 
-2.803795e-02 -4.305958e-01 
3.293231e-04 9.713524e-02 
1.129970e-02 4.821362e-01 
1.648080e-02 6.716830e-01 
1.543934e-02 5.729793e-01 
6.176824e-03 2.574051e-01 
3.867860e-04 1.629490e-02 
-1.196955e-03 -1.971272e-01 
8.570382e-04 -2.948442e-01 
-2.369609e-04 -2.143477e-01 
-2.789027e-04 -1.287858e-01 
-8.511867e-05 3.815328e-02 
4.480598e-04 2.867101e-01 
7.479533e-04 4.922007e-01 
4.365902e-04 5.741951e-01 
9.611138e-07 5.247082e-01 
-4.646887e-04 3.004428e-01 
-1.165214e-04 -3.643952e-02 
-2.363111e-05 -2.416619e-01 
1.617922e-05 -3.207568e-01 
2.107170e-05 -2.561044e-01 
-2.266362e-06 -6.375832e-02 
-6.453097e-05 1.060327e-01 
-1.387699e-04 2.304309e-01 
-1.241277e-03 2.804108e-01 
-3.145474e-03 2.631975e-01 
-3.166087e-03 2.234446e-01 
-3.709329e-03 1.441229e-01 
-7.874589e-03 7.416356e-02 
-9.001126e-03 1.991097e-02 
-4.473520e-03 -9.765350e-02 
-2.186907e-03 -1.999505e-01 
3.003945e-03 -3.089613e-01 
1.257098e-02 -4.230743e-01 
1.062190e-02 -3.913870e-01 
7.281290e-03 -2.868907e-01 
2.928336e-03 -1.348132e-01 
-1.227132e-03 6.341257e-02 
3.382301e-01 4.478932e-01 
3.638566e-02 1.140119e+00 
3.439455e-02 1.448825e+00 
3.503868e-02 1.185888e+00 
2.929058e-02 8.780553e-01 
2.233941e-02 4.695083e-01 
-2.959835e-03 -5.562707e-02 
-3.831647e-02 -5.001175e-01 
-3.038980e-02 -6.843558e-01 
-2.529363e-02 -6.667209e-01 
-1.984880e-02 -3.720677e-01 
-5.570728e-03 1.333091e-01 
-3.593126e-03 3.822650e-01 
-5.483099e-03 4.435115e-01 
-6.982618e-03 3.023729e-01 
1.261365e-04 -1.390152e-02 
9.019487e-04 -1.802286e-01 
9.924046e-04 -2.098836e-01 
1.277373e-03 -1.157626e-01 
1.186662e-03 5.943131e-02 
7.013733e-04 1.724055e-01 
9.126376e-04 1.954903e-01 
1.162111e-03 1.153815e-01 
-3.009354e-05 -3.029508e-02 
2.888854e-05 -1.574274e-01 
7.315944e-05 -2.588615e-01 
-2.584613e-03 -3.055855e-01 
-5.013387e-03 -2.576550e-01 
-3.297775e-03 -1.414668e-01 
-4.713859e-03 3.780243e-02 
-1.279637e-02 2.635832e-01 
-1.938921e-02 4.474600e-01 
-1.945029e-02 4.729876e-01 
-2.136202e-02 3.467852e-01 
-1.413565e-02 7.639607e-02 
1.394174e-02 -3.019863e-01 
1.969890e-02 -6.341123e-01 
2.384974e-02 -8.866992e-01 
2.814658e-02 -1.074924e+00 
1.979281e-02 -1.163814e+00 
-6.097186e-01 3.513496e-01 
-2.448129e-02 3.584164e-01 
1.118146e-02 5.509343e-01 
2.433590e-02 8.293435e-01 
1.970620e-02 9.544463e-01 
1.317048e-02 8.992878e-01 
2.269581e-03 5.763148e-01 
-2.622268e-03 6.746197e-02 
-3.513922e-03 -2.602774e-01 
-3.415901e-03 -4.620579e-01 
-1.648550e-03 -4.656813e-01 
-1.850957e-04 -2.447177e-01 
-3.100345e-05 -6.904859e-02 
7.774678e-05 1.201073e-01 
1.330640e-04 3.119088e-01 
1.400571e-04 4.232729e-01 
1.314541e-04 4.612951e-01 
8.156370e-05 4.035808e-01 
-9.716452e-05 2.162686e-01 
-2.167587e-04 -3.508297e-02 
-1.505195e-04 -1.789515e-01 
-1.286751e-04 -2.379181e-01 
-1.352190e-04 -1.932345e-01 
-7.430757e-05 -3.337093e-02 
-9.979327e-05 1.081124e-01 
-1.790950e-04 2.178368e-01 
-2.196897e-03 2.963556e-01 
-5.540770e-03 3.351660e-01 
-5.553116e-03 3.148517e-01 
-6.913637e-03 2.536647e-01 
-1.271155e-02 1.792897e-01 
-1.238805e-02 7.461108e-02 
-6.899226e-03 -7.288916e-02 
-4.515856e-03 -2.094939e-01 
3.558609e-03 -3.673310e-01 
1.782313e-02 -5.353007e-01 
1.463747e-02 -5.617013e-01 
1.149649e-02 -5.125370e-01 
7.670318e-03 -3.947508e-01 
2.169887e-03 -1.818268e-01 
7.242834e-02 -6.739343e-01 
-1.492035e-03 -4.479134e-01 
1.781265e-03 6.256877e-02 
2.228977e-02 6.530882e-01 
1.982224e-02 9.614167e-01 
1.188832e-02 9.981703e-01 
-1.631626e-03 6.563362e-01 
-2.881034e-03 2.029017e-02 
-3.170195e-03 -3.654522e-01 
-2.940524e-03 -5.745093e-01 
-1.480599e-03 -5.304757e-01 
-1.378466e-04 -2.144315e-01 
-1.754885e-06 2.222893e-02 
-5.802300e-05 2.349222e-01 
-3.039363e-04 4.048092e-01 
-3.914103e-04 4.628732e-01 
-4.370540e-04 4.607072e-01 
-4.594714e-04 3.699530e-01 
-3.601146e-05 1.706695e-01 
7.133707e-04 -6.800402e-02 
5.441753e-04 -2.143058e-01 
4.929898e-04 -2.678021e-01 
1.107549e-04 -2.086830e-01 
-5.870661e-04 -4.280975e-02 
-5.091558e-04 1.048306e-01 
-7.701426e-04 2.140192e-01 
-3.075093e-03 2.680371e-01 
-5.616469e-03 2.715342e-01 
-5.215305e-03 2.495337e-01 
-6.276887e-03 1.993395e-01 
-1.169661e-02 1.602720e-01 
-1.206324e-02 1.115280e-01 
-7.335035e-03 -2.278052e-02 
-5.189278e-03 -1.677863e-01 
3.169979e-03 -3.519246e-01 
1.804585e-02 -5.585803e-01 
1.491259e-02 -6.020411e-01 
1.177015e-02 -5.571365e-01 
7.998813e-03 -4.391920e-01 
2.260444e-03 -2.155680e-01 
-1.911015e+00 2.258190e+00 
-2.117228e-02 2.890968e+00 
8.051061e-02 2.616953e+00 
1.262749e-03 1.627992e+00 
-2.612095e-02 8.582378e-01 
-4.476072e-02 1.485871e-01 
-3.874346e-02 -4.784495e-01 
1.645768e-02 -7.811689e-01 
1.426846e-02 -8.566744e-01 
1.033652e-02 -7.229501e-01 
6.633529e-03 -2.871305e-01 
2.184073e-03 3.430211e-01 
2.142821e-03 6.505607e-01 
4.160670e-03 6.895292e-01 
5.190441e-03 4.118417e-01 
-7.367961e-04 -9.918254e-02 
-1.454882e-03 -3.664785e-01 
-1.537672e-03 -4.381517e-01 
-1.318015e-03 -2.835208e-01 
-4.605000e-04 5.036961e-02 
-5.060524e-05 2.321695e-01 
-1.060221e-04 2.973878e-01 
-1.083571e-03 2.320446e-01 
-1.737852e-03 3.794093e-02 
-1.270204e-03 -1.259960e-01 
-1.271331e-03 -2.717834e-01 
-3.788231e-03 -4.055232e-01 
-4.150198e-03 -4.506160e-01 
-1.465251e-03 -3.435490e-01 
-2.395225e-03 -1.313352e-01 
-8.102524e-03 1.908413e-01 
-1.389312e-02 5.257218e-01 
-1.647031e-02 6.204757e-01 
-1.817543e-02 5.202646e-01 
-8.140376e-03 2.461081e-01 
1.722758e-02 -1.691450e-01 
1.827334e-02 -5.272909e-01 
1.903555e-02 -7.920477e-01 
1.769353e-02 -9.958828e-01 
6.052198e-03 -1.117794e+00 
