poroelastic
1.424574e-02 -1.909698e-02 
1.593077e-02 -3.022626e-02 
1.103023e-02 -5.287071e-02 
-8.719062e-03 -8.598477e-02 
-8.560099e-03 -9.452776e-02 
-7.087788e-03 -7.671629e-02 
-4.813231e-03 -3.067211e-02 
-5.280705e-04 2.436084e-02 
5.753209e-04 5.223442e-02 
3.752812e-04 5.686429e-02 
-5.988845e-04 3.218308e-02 
-1.062001e-03 -1.415709e-02 
-1.268520e-03 -3.798205e-02 
-1.427820e-03 -4.354966e-02 
-2.155516e-03 -2.837498e-02 
-2.456045e-03 1.504410e-03 
-1.714345e-03 1.862546e-02 
-2.116858e-03 2.554722e-02 
-3.006983e-03 1.991706e-02 
-1.434022e-03 3.267382e-03 
-9.541481e-04 -7.487318e-03 
-1.017926e-03 -1.395638e-02 
-2.145909e-03 -1.559877e-02 
-2.494633e-03 -1.084835e-02 
-1.848000e-03 -4.374012e-03 
-2.260052e-03 2.908839e-03 
-1.503850e-03 1.096235e-02 
1.851944e-03 1.414233e-02 
1.583048e-03 8.087647e-03 
1.962074e-03 -2.682909e-03 
-3.383694e-04 -1.728699e-02 
-5.253919e-03 -1.437104e-02 
-5.123318e-03 1.855757e-02 
-8.131010e-03 6.082169e-02 
-1.553043e-02 1.045135e-01 
-1.590157e-02 1.084060e-01 
-8.792948e-03 3.402476e-02 
1.693797e-03 -9.060686e-02 
2.488375e-02 -2.536027e-01 
4.076193e-02 -4.486802e-01 
-5.039577e-01 -4.167026e-01 
-9.462109e-02 -4.783346e-01 
-6.468220e-04 -2.911956e-01 
-5.811482e-04 -8.037674e-02 
4.076293e-03 4.071878e-02 
7.035605e-03 9.794440e-02 
4.302576e-03 8.260645e-02 
-4.926278e-03 2.862740e-03 
-7.608771e-03 -3.722488e-02 
-8.178431e-03 -4.666060e-02 
-7.929093e-03 -2.831412e-02 
-5.028536e-03 7.137304e-03 
-2.920063e-03 2.587213e-02 
-3.165755e-03 3.057016e-02 
-4.965721e-03 1.875027e-02 
-4.527355e-03 -6.704398e-03 
-3.376518e-03 -1.969938e-02 
-3.582143e-03 -2.262270e-02 
-4.625962e-03 -1.398993e-02 
-3.581021e-03 4.131130e-03 
-2.829242e-03 1.419499e-02 
-3.233819e-03 1.788323e-02 
-5.136363e-03 1.421906e-02 
-5.355225e-03 3.596927e-03 
-3.830897e-03 -4.457969e-03 
-3.995270e-03 -1.127139e-02 
-3.268589e-03 -1.727197e-02 
1.289005e-03 -1.933809e-02 
1.100089e-03 -1.400500e-02 
5.578093e-04 -3.256729e-03 
-2.230190e-03 1.273389e-02 
-7.664837e-03 3.723492e-02 
-8.372225e-03 6.037758e-02 
-9.832564e-03 7.203949e-02 
-1.297122e-02 6.728932e-02 
-9.925991e-03 2.512667e-02 
-1.834358e-04 -7.197540e-02 
1.016995e-02 -2.061341e-01 
2.872543e-02 -3.731714e-01 
3.984414e-02 -5.467483e-01 
3.265124e-02 2.794290e-01 
1.688062e-02 1.557051e-01 
4.119450e-04 -2.652476e-03 
-1.160290e-02 -1.149416e-01 
-1.013430e-02 -1.539137e-01 
-6.999846e-03 -1.352320e-01 
-2.690953e-03 -5.683288e-02 
9.673671e-04 4.667734e-02 
2.131279e-03 9.679670e-02 
2.360841e-03 1.032685e-01 
1.175962e-03 5.818508e-02 
-1.125266e-03 -2.196369e-02 
-1.634515e-03 -6.243505e-02 
-1.698741e-03 -7.164412e-02 
-1.357050e-03 -4.415308e-02 
-5.619195e-04 9.738395e-03 
-2.491824e-04 3.679366e-02 
-5.217769e-04 4.367110e-02 
-1.204488e-03 2.632800e-02 
-8.881157e-04 -9.050577e-03 
-5.517952e-04 -2.513741e-02 
-4.867020e-04 -2.764990e-02 
-7.719885e-04 -1.447451e-02 
-9.079881e-04 9.748143e-03 
-8.807141e-04 1.910940e-02 
-1.037895e-03 1.777664e-02 
-9.945710e-04 4.589120e-03 
9.812886e-06 -1.584932e-02 
3.429294e-04 -2.398120e-02 
3.373101e-04 -2.393088e-02 
-6.829611e-04 -1.700008e-02 
-2.382400e-03 8.081596e-03 
-3.939933e-03 4.842428e-02 
-7.203046e-03 8.937778e-02 
-1.094943e-02 1.258571e-01 
-7.538477e-03 1.263400e-01 
-2.916760e-03 6.130047e-02 
4.146125e-03 -5.014092e-02 
1.651930e-02 -2.101904e-01 
2.049837e-02 -4.073655e-01 
-2.988314e-01 -3.684246e-01 
-5.139427e-02 -3.976674e-01 
-1.748292e-02 -2.728063e-01 
-6.520759e-03 -9.382855e-02 
-9.972593e-04 2.106093e-02 
1.173189e-03 8.505075e-02 
1.549558e-03 8.346927e-02 
3.679701e-04 1.552016e-02 
-9.158942e-04 -2.316694e-02 
-1.452105e-03 -3.824789e-02 
-2.671708e-03 -2.855164e-02 
-4.154165e-03 9.835186e-04 
-2.759260e-03 1.762208e-02 
-3.187887e-03 2.330290e-02 
-4.578578e-03 1.634280e-02 
-2.537223e-03 -1.422437e-03 
-1.835220e-03 -1.187907e-02 
-2.040670e-03 -1.611496e-02 
-3.021618e-03 -1.345734e-02 
-2.605382e-03 -4.249266e-03 
-2.010076e-03 3.775854e-03 
-2.312059e-03 1.038946e-02 
-3.232493e-03 1.534163e-02 
-2.485911e-03 1.560150e-02 
-1.770127e-03 8.766682e-03 
-1.855733e-03 -3.209555e-03 
-2.152449e-03 -2.080064e-02 
-7.525536e-04 -3.564664e-02 
-4.516890e-04 -3.157103e-02 
-1.135580e-03 -1.501279e-02 
-3.921999e-03 1.253179e-02 
-7.078090e-03 4.901272e-02 
-7.912957e-03 7.431564e-02 
-9.138645e-03 8.086361e-02 
-6.809181e-03 6.315168e-02 
2.989536e-03 9.809901e-03 
7.585790e-03 -7.297567e-02 
1.222187e-02 -1.760686e-01 
1.877742e-02 -3.019026e-01 
1.486798e-02 -4.240310e-01 
-1.405842e-01 5.107314e-01 
2.365159e-02 3.528214e-01 
-4.460791e-04 9.193449e-02 
-9.573582e-03 -8.181546e-02 
-7.226570e-03 -1.478355e-01 
-3.139936e-03 -1.395753e-01 
2.727699e-04 -6.117323e-02 
-2.375064e-04 4.713629e-02 
3.886166e-04 9.813314e-02 
1.539209e-03 1.032241e-01 
1.750396e-03 5.674896e-02 
-5.626799e-04 -2.351681e-02 
-1.083884e-03 -6.335490e-02 
-1.078758e-03 -7.164283e-02 
-6.091848e-04 -4.257548e-02 
1.258077e-05 1.441191e-02 
9.322093e-05 4.150409e-02 
-1.010233e-04 4.619821e-02 
-4.052737e-04 2.473484e-02 
-2.679114e-04 -1.569415e-02 
-1.039479e-04 -3.262989e-02 
-9.993888e-06 -3.275999e-02 
-2.628164e-05 -1.384948e-02 
-1.763310e-04 1.765915e-02 
-2.479138e-04 2.829855e-02 
-2.558229e-04 2.382837e-02 
-5.122945e-04 3.087605e-03 
-5.271232e-04 -2.513074e-02 
1.408819e-04 -3.269315e-02 
3.184419e-04 -2.802576e-02 
-7.409870e-06 -1.429357e-02 
-1.052633e-03 1.317477e-02 
-2.944879e-03 4.626194e-02 
-5.325922e-03 7.406368e-02 
-6.220426e-03 9.251388e-02 
-9.338576e-04 8.549455e-02 
1.967173e-03 4.489341e-02 
5.356979e-03 -2.065609e-02 
8.285227e-03 -1.204359e-01 
2.599054e-03 -2.590577e-01 
