poroelastic
3.399741e-03 -7.033701e-02 
2.865093e-03 -1.113240e-01 
-5.247269e-04 -1.034065e-01 
-1.373148e-03 -4.563808e-02 
-7.654830e-04 -1.295609e-03 
-7.769156e-04 2.222820e-02 
-1.869100e-03 1.806984e-02 
-2.210329e-03 -6.409254e-03 
-1.852327e-03 -1.298496e-02 
-2.231194e-03 -9.795107e-03 
-2.216208e-03 -9.703657e-04 
4.661624e-04 5.906725e-03 
5.145512e-04 8.490593e-03 
5.174657e-04 7.618606e-03 
1.288523e-03 3.746181e-03 
1.984550e-03 -2.277180e-03 
1.449665e-03 -7.441262e-03 
1.743201e-03 -1.064989e-02 
2.618716e-03 -1.203321e-02 
1.632479e-03 -9.631656e-03 
1.164115e-03 -1.650027e-03 
1.193276e-03 9.262327e-03 
1.507855e-03 2.378834e-02 
5.244451e-04 3.460346e-02 
5.371819e-05 2.716204e-02 
6.590449e-04 6.663784e-03 
6.730067e-04 -2.873388e-02 
-1.891285e-03 -5.741442e-02 
-2.603268e-03 -4.465287e-02 
-3.920392e-03 -9.306242e-03 
-3.353029e-03 4.307797e-02 
1.681239e-03 8.224278e-02 
1.489008e-03 7.336023e-02 
6.771842e-04 3.468832e-02 
9.529320e-04 -3.183493e-02 
4.626033e-03 -8.684095e-02 
5.908625e-03 -6.465708e-02 
4.877492e-03 -6.298274e-04 
-2.654593e-03 8.268008e-02 
-1.282016e-02 1.758263e-01 
3.169110e-01 4.359683e-01 
3.406617e-02 3.915779e-01 
-6.455201e-03 1.504150e-01 
-5.232873e-03 -7.063055e-02 
-5.352459e-03 -1.707896e-01 
-1.002748e-02 -1.865525e-01 
-1.768414e-02 -1.144924e-01 
-7.014044e-03 1.707913e-02 
1.012124e-03 9.150091e-02 
2.588251e-03 1.160307e-01 
1.463971e-03 8.130812e-02 
2.825920e-03 -4.079891e-03 
-2.659333e-05 -5.139329e-02 
-2.106834e-04 -6.804987e-02 
3.224324e-03 -4.973939e-02 
6.192604e-03 -2.724031e-03 
5.110259e-03 2.303905e-02 
5.423222e-03 3.271630e-02 
7.136219e-03 2.232829e-02 
5.605348e-03 -5.109122e-03 
4.307549e-03 -1.541703e-02 
4.945578e-03 -1.429101e-02 
6.452146e-03 8.950586e-05 
3.634357e-03 2.220647e-02 
2.145766e-03 2.436298e-02 
2.697893e-03 1.325333e-02 
4.454630e-04 -1.235041e-02 
-6.544444e-03 -3.917361e-02 
-5.344768e-03 -3.395297e-02 
-6.662333e-03 -1.232381e-02 
-9.862524e-03 2.107678e-02 
-4.092624e-03 5.343415e-02 
-1.115261e-03 6.225292e-02 
-1.445712e-03 5.607965e-02 
1.342322e-03 3.367034e-02 
9.681069e-03 8.697681e-03 
5.908468e-03 3.534104e-02 
3.510692e-03 9.079282e-02 
-2.488714e-03 1.599352e-01 
-1.105561e-02 2.186273e-01 
1.412456e-01 -3.540411e-01 
1.137586e-02 -3.192524e-01 
2.761274e-03 -1.954837e-01 
6.791538e-04 -6.660510e-02 
-2.718960e-04 1.236675e-02 
-6.226327e-04 4.816094e-02 
-4.732461e-04 3.243855e-02 
-4.545459e-04 -2.034450e-02 
-1.089089e-03 -3.775143e-02 
-1.733127e-03 -3.163698e-02 
-1.347755e-03 -5.749104e-03 
1.128061e-03 2.438696e-02 
1.429850e-03 3.545268e-02 
1.185216e-03 3.156578e-02 
4.486917e-04 1.113330e-02 
-3.253526e-04 -1.915726e-02 
-3.775561e-04 -3.299296e-02 
4.305878e-05 -3.294276e-02 
8.431177e-04 -1.772943e-02 
7.026000e-04 8.393464e-03 
2.727604e-04 2.480960e-02 
-3.085855e-05 3.240732e-02 
-2.928713e-04 3.041127e-02 
-3.516572e-04 1.735852e-02 
-5.876034e-06 5.360076e-04 
5.571999e-04 -1.805892e-02 
1.106246e-03 -3.912732e-02 
3.891135e-04 -4.843960e-02 
-3.885523e-04 -2.919243e-02 
-1.101211e-03 5.669035e-03 
-9.874815e-04 5.358837e-02 
4.217590e-04 9.163675e-02 
4.721010e-04 8.655482e-02 
3.091604e-04 5.262988e-02 
-6.494836e-04 -1.137657e-02 
-7.405234e-04 -7.993994e-02 
9.596848e-04 -8.827639e-02 
1.579550e-03 -5.880247e-02 
5.222717e-04 -8.143566e-04 
-2.526823e-03 8.675828e-02 
1.337037e-01 3.039819e-01 
1.040852e-02 2.432536e-01 
-1.643520e-04 8.254347e-02 
-6.157907e-05 -8.217945e-02 
2.385295e-04 -1.579635e-01 
-3.073895e-03 -1.667508e-01 
-1.166259e-02 -1.010238e-01 
-7.996321e-03 1.757096e-02 
-2.657428e-03 8.844027e-02 
-5.260558e-04 1.141956e-01 
4.481081e-04 8.068920e-02 
2.062399e-03 -4.869972e-03 
-2.433116e-04 -5.235855e-02 
-5.383616e-05 -6.921710e-02 
2.880636e-03 -5.023330e-02 
3.747828e-03 -2.176632e-03 
3.113275e-03 2.447604e-02 
3.316504e-03 3.505544e-02 
4.515273e-03 2.568268e-02 
3.728503e-03 -3.559819e-04 
2.898806e-03 -1.193168e-02 
3.409070e-03 -1.396126e-02 
4.127622e-03 -4.525025e-03 
1.541415e-03 1.223967e-02 
7.818963e-04 1.472804e-02 
1.180584e-03 8.145183e-03 
7.935272e-05 -8.651430e-03 
-3.119265e-03 -2.619232e-02 
-2.311144e-03 -2.223159e-02 
-3.048986e-03 -7.471476e-03 
-5.504868e-03 1.529121e-02 
-3.340209e-03 4.055056e-02 
-1.453562e-03 5.590375e-02 
-1.518258e-03 6.378348e-02 
-5.708439e-04 6.044950e-02 
2.392786e-03 4.469413e-02 
1.054870e-03 4.724144e-02 
6.917635e-04 5.795962e-02 
7.728336e-05 7.037063e-02 
-6.750920e-04 7.400093e-02 
3.204768e-01 -4.999802e-01 
2.319505e-02 -4.622176e-01 
2.035589e-04 -2.426584e-01 
1.254479e-03 -5.057203e-02 
-1.443847e-03 5.721926e-02 
-2.868458e-03 9.942805e-02 
-8.557652e-04 6.758184e-02 
2.689763e-03 -1.756168e-02 
1.744080e-03 -5.296196e-02 
4.739754e-04 -5.402235e-02 
-1.202533e-04 -2.507422e-02 
4.634756e-04 1.590510e-02 
9.455896e-04 3.472165e-02 
8.150199e-04 3.715400e-02 
-1.272194e-04 2.102407e-02 
-8.704617e-04 -9.137065e-03 
-8.276505e-04 -2.388957e-02 
-6.907142e-04 -2.650328e-02 
-5.347676e-04 -1.591942e-02 
-3.324762e-04 5.000648e-03 
-4.006021e-04 1.739442e-02 
-6.374885e-04 2.278602e-02 
-8.097885e-04 2.039802e-02 
-2.937172e-04 9.609029e-03 
-3.460050e-05 -1.263224e-03 
1.450914e-04 -1.169340e-02 
4.912776e-04 -2.172332e-02 
6.705394e-04 -2.524940e-02 
3.472788e-04 -1.572736e-02 
8.601895e-05 2.053804e-03 
4.664322e-06 2.775951e-02 
-9.116312e-05 5.305284e-02 
-2.551881e-05 6.060746e-02 
3.967977e-04 5.390099e-02 
1.143766e-03 2.895724e-02 
9.088993e-04 -1.337749e-02 
5.384258e-04 -4.372063e-02 
-5.077310e-06 -6.711008e-02 
-8.026690e-04 -8.389577e-02 
-1.312871e-03 -7.670707e-02 
