poroelastic
1.027136e-02 -5.332424e-02 
9.567853e-03 -6.535976e-02 
8.806239e-03 -1.775775e-02 
2.932921e-03 7.379894e-02 
4.221367e-03 1.146153e-01 
2.576380e-03 1.184126e-01 
-2.512692e-03 8.238755e-02 
-3.662107e-03 1.908971e-02 
-4.092073e-03 -1.934066e-02 
-4.835698e-03 -3.852260e-02 
-4.638420e-03 -3.313325e-02 
-1.394616e-03 -4.416344e-03 
-3.798348e-04 1.192378e-02 
-3.699252e-04 1.982058e-02 
-2.486416e-03 1.763342e-02 
-4.263955e-03 6.178712e-03 
-3.391295e-03 5.250024e-04 
-3.870320e-03 -1.805835e-03 
-4.845511e-03 -1.775946e-04 
-2.314785e-03 3.962787e-03 
-1.611722e-03 2.632734e-03 
-1.824865e-03 -1.719959e-03 
-3.960416e-03 -9.304481e-03 
-4.624225e-03 -1.728284e-02 
-3.196224e-03 -1.749433e-02 
-3.626827e-03 -1.188071e-02 
-2.846945e-03 6.471900e-04 
1.790427e-03 1.608304e-02 
1.371087e-03 2.025659e-02 
1.667415e-03 1.502839e-02 
-1.736992e-03 -1.620170e-03 
-7.056285e-03 -4.163085e-02 
-2.274551e-03 -9.562802e-02 
1.970091e-03 -1.556456e-01 
7.730913e-03 -2.212450e-01 
1.641200e-02 -2.510535e-01 
1.706377e-02 -2.095259e-01 
1.150609e-02 -1.162121e-01 
-4.763675e-03 4.351886e-02 
-1.964847e-02 2.280717e-01 
1.501916e-01 4.723336e-01 
2.282354e-02 5.195676e-01 
2.973862e-02 3.950919e-01 
2.090168e-02 2.472656e-01 
1.330264e-02 1.465942e-01 
8.038423e-03 7.024744e-02 
-4.529560e-06 1.116362e-02 
-1.100020e-02 -2.313673e-02 
-1.159607e-02 -3.639922e-02 
-1.199042e-02 -3.329288e-02 
-1.273935e-02 -1.027693e-02 
-7.444815e-03 2.766098e-02 
-4.639733e-03 4.424612e-02 
-5.350631e-03 4.348169e-02 
-7.775995e-03 2.353807e-02 
-5.814936e-03 -9.117080e-03 
-4.280990e-03 -2.395578e-02 
-4.537226e-03 -2.500403e-02 
-5.845981e-03 -9.779686e-03 
-4.718818e-03 1.691777e-02 
-3.820286e-03 2.644432e-02 
-4.317966e-03 2.328982e-02 
-7.031964e-03 5.698680e-03 
-7.666062e-03 -2.148782e-02 
-5.196593e-03 -3.177940e-02 
-5.516404e-03 -2.850022e-02 
-6.205970e-03 -8.749249e-03 
-2.014783e-03 2.115858e-02 
-1.628325e-03 3.158791e-02 
-1.997506e-03 2.782301e-02 
-4.612780e-03 7.083380e-03 
-6.411419e-03 -3.929367e-02 
-2.264363e-03 -9.492072e-02 
1.813064e-03 -1.553677e-01 
6.133797e-03 -2.219090e-01 
1.338332e-02 -2.707310e-01 
1.671564e-02 -2.688481e-01 
1.545159e-02 -2.282872e-01 
9.772912e-03 -1.343641e-01 
-2.032238e-04 2.904134e-03 
1.178074e-01 -2.936868e-01 
-4.175378e-03 -2.142006e-01 
-4.048014e-03 -7.131421e-02 
2.668179e-03 7.723447e-02 
4.722384e-03 1.420180e-01 
2.365323e-03 1.525955e-01 
-2.142867e-03 1.082083e-01 
-4.866561e-04 2.695169e-02 
-1.174591e-03 -2.338272e-02 
-1.899966e-03 -5.233265e-02 
-2.366287e-03 -5.457899e-02 
-1.716890e-03 -2.767089e-02 
-9.097494e-04 -7.066825e-03 
-7.251200e-04 1.084785e-02 
-1.358269e-03 2.485366e-02 
-1.438365e-03 2.942270e-02 
-1.226787e-03 2.793395e-02 
-1.646290e-03 1.982250e-02 
-2.527487e-03 4.623865e-03 
-1.763222e-03 -1.341402e-02 
-1.204724e-03 -2.488406e-02 
-1.197731e-03 -2.942508e-02 
-1.859026e-03 -2.653349e-02 
-1.749359e-03 -1.557322e-02 
-1.349024e-03 -1.523692e-03 
-1.817031e-03 1.321401e-02 
-2.880309e-03 2.945559e-02 
-2.413488e-03 3.808043e-02 
-1.747479e-03 2.502203e-02 
-1.219891e-03 -2.075170e-03 
-2.007442e-03 -4.460906e-02 
-4.221608e-04 -9.966683e-02 
4.112679e-03 -1.393254e-01 
7.316011e-03 -1.641224e-01 
1.008904e-02 -1.697775e-01 
8.816652e-03 -1.389254e-01 
5.007821e-03 -8.710762e-02 
5.030772e-04 -1.916511e-02 
-6.268415e-03 7.652607e-02 
-8.415776e-03 1.741017e-01 
1.000184e-01 3.747143e-01 
2.512282e-02 4.242059e-01 
1.775572e-02 3.671484e-01 
9.825083e-03 2.445195e-01 
4.478677e-03 1.484616e-01 
1.937874e-04 6.768365e-02 
-2.542924e-03 1.445802e-03 
-3.454239e-03 -3.355246e-02 
-3.295280e-03 -4.719187e-02 
-3.253995e-03 -4.317352e-02 
-4.863294e-03 -1.680654e-02 
-5.862005e-03 2.410248e-02 
-4.063655e-03 4.366001e-02 
-5.059361e-03 4.608457e-02 
-7.196759e-03 2.772740e-02 
-3.470942e-03 -5.856254e-03 
-2.461772e-03 -2.181515e-02 
-2.705642e-03 -2.454064e-02 
-4.013349e-03 -1.123475e-02 
-3.680595e-03 1.302724e-02 
-2.966001e-03 2.113948e-02 
-3.339963e-03 1.787108e-02 
-4.581831e-03 9.548756e-04 
-3.395229e-03 -2.340714e-02 
-2.082007e-03 -2.931283e-02 
-2.528054e-03 -2.207445e-02 
-4.575245e-03 8.916374e-04 
-4.588738e-03 3.011768e-02 
-4.094564e-03 3.503453e-02 
-4.471358e-03 2.379019e-02 
-6.565890e-03 -5.518638e-03 
-4.939487e-03 -5.518843e-02 
-3.229181e-04 -1.014503e-01 
3.106809e-03 -1.421865e-01 
8.467498e-03 -1.749049e-01 
1.384645e-02 -1.881274e-01 
1.186734e-02 -1.837717e-01 
9.315739e-03 -1.633368e-01 
5.863572e-03 -1.147346e-01 
1.400522e-03 -3.989072e-02 
2.420694e-01 -4.305574e-01 
-7.128136e-03 -3.183021e-01 
-1.107256e-02 -1.231519e-01 
-4.526341e-04 2.334860e-02 
9.098651e-04 8.204366e-02 
-1.277904e-03 9.309482e-02 
-3.309440e-03 6.508318e-02 
9.554195e-04 1.784243e-02 
1.422923e-03 -1.078821e-02 
1.287278e-03 -2.904107e-02 
5.601752e-04 -3.572368e-02 
-8.401216e-04 -2.785922e-02 
-6.365575e-04 -1.848154e-02 
-5.412036e-04 -5.778553e-03 
-6.812953e-04 1.011137e-02 
-3.704426e-04 2.322216e-02 
-3.870173e-04 2.735284e-02 
-6.056366e-04 2.266137e-02 
-8.989777e-04 8.486812e-03 
-6.042647e-04 -1.120479e-02 
-3.975845e-04 -2.395196e-02 
-3.046908e-04 -2.948484e-02 
-2.499203e-04 -2.732482e-02 
-1.481699e-04 -1.668811e-02 
-1.436403e-04 -2.737319e-03 
-3.364165e-04 1.188051e-02 
-1.349501e-03 2.778168e-02 
-2.701254e-03 3.580791e-02 
-2.317582e-03 2.276303e-02 
-1.956098e-03 -2.137853e-03 
-1.441414e-03 -3.799138e-02 
1.948027e-03 -8.037490e-02 
5.133406e-03 -1.065362e-01 
6.982771e-03 -1.153516e-01 
6.721679e-03 -1.018518e-01 
1.504943e-03 -6.113982e-02 
-1.186665e-03 -2.152377e-02 
-3.132873e-03 1.819421e-02 
-4.434682e-03 6.873247e-02 
-1.411494e-03 1.273867e-01 
