poroelastic
8.451502e-03 -4.638419e-02 
5.912421e-03 -5.294379e-02 
2.512896e-03 -4.583489e-02 
-3.177970e-03 -4.282707e-02 
-2.543043e-03 -3.526011e-02 
-1.032389e-03 -1.502743e-02 
4.198614e-04 7.995333e-03 
-6.625524e-04 -1.179410e-02 
-6.455629e-01 -1.304493e-01 
-5.209560e-02 -3.522301e-01 
3.210725e-02 -3.678981e-01 
-1.920562e-02 -2.968255e-01 
-2.169096e-02 -2.649867e-01 
-1.841376e-02 -2.464684e-01 
-1.700820e-02 -2.495466e-01 
-1.835512e-02 -3.246340e-01 
-6.398152e-01 -2.614273e-02 
-1.804935e-02 9.404027e-02 
-7.900486e-02 2.801910e-01 
4.162563e-02 4.198340e-01 
3.337945e-02 5.064677e-01 
3.519854e-02 5.348702e-01 
3.290099e-02 5.098463e-01 
2.327388e-02 4.162563e-01 
-6.871913e-01 -9.734998e-02 
4.922010e-02 -2.563434e-01 
5.401532e-02 -3.145491e-01 
-1.536720e-02 -3.354778e-01 
-2.808617e-02 -3.814385e-01 
-2.885848e-02 -4.317685e-01 
-3.291790e-02 -4.949826e-01 
-3.432302e-02 -5.964714e-01 
-4.774599e-01 -1.291000e-01 
-1.292771e-01 -2.896382e-02 
-5.738143e-02 1.012204e-01 
1.311695e-02 2.644974e-01 
2.080273e-02 3.705226e-01 
2.743927e-02 4.354018e-01 
3.108402e-02 4.605244e-01 
2.446450e-02 4.058100e-01 
-5.151591e-01 -3.025464e-01 
1.665957e-01 -4.523948e-01 
3.299666e-02 -4.938379e-01 
-1.981799e-02 -4.350237e-01 
-2.533425e-02 -4.037716e-01 
-2.240686e-02 -3.747822e-01 
-2.474252e-02 -3.613786e-01 
-2.648695e-02 -4.168594e-01 
-5.114571e-01 -1.363752e-01 
-1.905447e-01 1.743737e-02 
-5.562488e-02 1.366623e-01 
8.127358e-03 2.613348e-01 
1.689308e-02 3.367712e-01 
2.231931e-02 3.790589e-01 
2.627765e-02 3.950574e-01 
2.155808e-02 3.644667e-01 
4.592763e-02 -8.068010e-02 
5.199557e-04 -1.083687e-01 
5.289925e-03 -7.896470e-02 
-6.675821e-05 -3.484958e-02 
-6.578686e-04 -2.737992e-02 
-1.749128e-03 -4.472147e-02 
-6.416641e-03 -9.624574e-02 
-1.223973e-02 -1.922427e-01 
-5.151939e-01 -9.918466e-02 
-8.900719e-02 -2.931882e-01 
1.839856e-03 -3.011014e-01 
-2.289048e-03 -2.260353e-01 
-7.821427e-03 -1.960578e-01 
-8.871804e-03 -2.005960e-01 
-1.586145e-02 -2.598775e-01 
-2.693346e-02 -3.932028e-01 
-7.578951e-01 -1.332652e-02 
4.222292e-03 9.215927e-02 
-3.322840e-02 2.719672e-01 
1.985883e-02 4.462047e-01 
2.125993e-02 5.597461e-01 
3.113688e-02 6.173349e-01 
3.888814e-02 6.246180e-01 
3.644604e-02 5.800760e-01 
-6.743209e-01 -1.101845e-01 
-1.268378e-02 -2.943968e-01 
1.318236e-02 -3.940724e-01 
-5.298401e-03 -4.568051e-01 
-2.465149e-02 -5.024588e-01 
-2.683668e-02 -5.211866e-01 
-3.139272e-02 -5.155132e-01 
-3.040696e-02 -4.974668e-01 
-5.077281e-01 1.083490e-01 
-9.718167e-02 2.865562e-01 
-9.722288e-03 3.340762e-01 
6.595991e-03 3.033954e-01 
1.022619e-02 2.711906e-01 
1.161098e-02 2.404030e-01 
1.357730e-02 2.166339e-01 
1.381620e-02 2.128500e-01 
4.925327e-02 -2.452637e-02 
-1.419154e-02 1.080587e-02 
-1.443311e-03 3.763872e-02 
3.080173e-04 6.681524e-02 
3.293882e-03 9.487308e-02 
5.408683e-03 1.145374e-01 
6.592102e-03 1.078047e-01 
4.797382e-03 7.234632e-02 
-4.731951e-01 -6.767081e-02 
-1.782154e-01 -2.771656e-01 
-3.390371e-02 -2.931693e-01 
-5.491405e-03 -2.366631e-01 
-7.227663e-03 -1.994434e-01 
-7.578052e-03 -1.873422e-01 
-1.129800e-02 -2.164029e-01 
-1.804608e-02 -2.846498e-01 
-3.843118e-01 2.661159e-01 
8.192297e-02 3.728170e-01 
1.716482e-02 4.611607e-01 
8.110882e-03 4.718469e-01 
1.138803e-02 4.681519e-01 
1.700795e-02 4.385329e-01 
2.138189e-02 3.899278e-01 
2.306006e-02 3.652431e-01 
-6.993211e-01 9.380820e-03 
-1.316571e-01 -1.467414e-01 
-2.553524e-02 -2.242161e-01 
1.754342e-02 -3.140245e-01 
-6.184004e-03 -3.897149e-01 
-1.364670e-02 -4.569439e-01 
-2.825403e-02 -5.289255e-01 
-3.931156e-02 -5.804653e-01 
-8.458807e-01 1.651157e-01 
7.355064e-02 2.157498e-01 
2.842768e-02 3.246100e-01 
3.378957e-04 4.295154e-01 
8.058375e-03 5.000901e-01 
1.886668e-02 5.365623e-01 
2.859966e-02 5.349962e-01 
3.085522e-02 5.040497e-01 
-4.565058e-01 -2.485824e-01 
-4.895743e-02 -4.000166e-01 
-2.763496e-02 -4.111120e-01 
4.240661e-04 -3.185347e-01 
-5.250490e-03 -2.550256e-01 
-6.204959e-03 -2.197668e-01 
-1.123745e-02 -2.306641e-01 
-1.910293e-02 -2.972042e-01 
-5.716987e-01 2.482319e-01 
-2.723497e-03 2.933266e-01 
1.986080e-02 2.698384e-01 
-2.501434e-03 2.441585e-01 
3.237616e-03 2.079908e-01 
5.100954e-03 1.646744e-01 
6.531299e-03 1.227946e-01 
7.628791e-03 1.104571e-01 
