poroelastic
7.300325e-02 -2.827043e-01 
6.700540e-02 -4.676672e-01 
3.608336e-02 -4.891674e-01 
-3.716895e-03 -3.103552e-01 
-5.605972e-03 -1.509299e-01 
-2.016467e-03 -3.072084e-02 
1.466227e-03 2.983131e-02 
1.672383e-03 2.542238e-02 
1.106927e+00 5.990427e-01 
1.498052e-02 5.553321e-01 
-9.705512e-02 4.432940e-01 
-2.334761e-02 4.432629e-01 
4.483465e-03 4.461715e-01 
1.043462e-02 4.325880e-01 
1.672644e-02 3.953885e-01 
2.342985e-02 3.568642e-01 
9.585519e-01 -4.989252e-01 
7.006068e-02 -6.362891e-01 
1.255888e-01 -6.944235e-01 
1.212053e-02 -5.995056e-01 
1.147049e-03 -5.228364e-01 
-7.685923e-03 -4.535473e-01 
-1.708560e-02 -4.113666e-01 
-2.591298e-02 -3.916825e-01 
7.508011e-01 5.085108e-01 
-7.711383e-02 3.488536e-01 
-8.568328e-02 2.841192e-01 
-3.436512e-02 3.300668e-01 
-3.474385e-03 3.904041e-01 
5.584951e-03 4.383609e-01 
1.936817e-02 4.619102e-01 
3.166210e-02 4.639284e-01 
9.958859e-01 -4.707153e-01 
2.646264e-01 -7.332117e-01 
1.032600e-01 -6.957727e-01 
2.506160e-02 -5.395974e-01 
4.314833e-03 -4.120769e-01 
-3.075171e-03 -3.269877e-01 
-1.289882e-02 -3.180275e-01 
-2.686006e-02 -3.853141e-01 
5.108718e-01 3.884601e-01 
-1.938767e-01 2.121896e-01 
-8.709568e-02 3.037211e-01 
-3.875648e-02 4.562173e-01 
-2.915341e-03 5.420387e-01 
9.311589e-03 5.578905e-01 
2.319236e-02 4.843410e-01 
2.436809e-02 3.352330e-01 
1.158073e+00 -4.612518e-01 
4.129328e-01 -8.759946e-01 
1.110098e-01 -8.002054e-01 
2.896241e-02 -5.511441e-01 
6.090580e-03 -3.670514e-01 
2.798291e-04 -2.561671e-01 
-8.225625e-03 -2.510027e-01 
-2.465078e-02 -3.686901e-01 
4.542958e-02 -2.069613e-01 
8.900103e-03 -2.384841e-01 
3.039946e-03 -2.357213e-01 
-5.998855e-03 -1.416988e-01 
-5.683627e-03 -3.804625e-02 
-2.653496e-03 5.347722e-02 
4.227140e-03 1.169420e-01 
9.985328e-03 1.399220e-01 
8.224900e-01 5.313409e-01 
7.181656e-02 5.807648e-01 
-3.575310e-02 4.238338e-01 
-3.217466e-02 2.778084e-01 
-1.134107e-02 2.301342e-01 
-5.225461e-03 2.372371e-01 
8.299689e-03 2.979429e-01 
3.096729e-02 4.032114e-01 
1.054663e+00 -3.893260e-01 
2.843872e-02 -5.213585e-01 
8.297816e-02 -6.469250e-01 
4.629802e-02 -7.130687e-01 
1.695120e-02 -7.001497e-01 
-3.855652e-03 -6.274771e-01 
-2.093452e-02 -5.211783e-01 
-3.050432e-02 -4.185662e-01 
7.322610e-01 3.713885e-01 
-1.740131e-02 3.176828e-01 
-5.549352e-02 3.171875e-01 
-5.958452e-02 3.980879e-01 
-1.604781e-02 4.847393e-01 
-7.420964e-04 5.496244e-01 
2.174254e-02 5.715306e-01 
3.658339e-02 5.101464e-01 
1.020897e+00 -5.501017e-01 
2.516826e-01 -8.946630e-01 
7.085621e-02 -8.518755e-01 
3.589272e-02 -6.306068e-01 
6.998964e-03 -4.314468e-01 
-6.776537e-04 -2.727842e-01 
-5.994739e-03 -1.895835e-01 
-1.768108e-02 -2.391565e-01 
-5.840067e-02 7.280261e-02 
1.979003e-02 -1.085220e-01 
8.114771e-03 -1.696355e-01 
5.401677e-03 -1.523043e-01 
-4.842968e-04 -1.015125e-01 
-1.325902e-03 -4.568897e-02 
6.834934e-05 -1.906673e-03 
-6.398660e-04 -8.400757e-03 
8.807084e-01 5.033560e-01 
2.116615e-01 7.026363e-01 
3.335494e-03 5.097776e-01 
-2.740855e-02 2.732779e-01 
-1.213026e-02 1.697409e-01 
-8.291936e-03 1.610270e-01 
3.273688e-03 2.487797e-01 
2.996133e-02 4.003301e-01 
5.663167e-01 -4.758274e-01 
-6.795057e-02 -6.213300e-01 
4.501637e-02 -7.703077e-01 
6.242073e-02 -8.165778e-01 
2.042799e-02 -7.560026e-01 
-3.800266e-03 -6.104628e-01 
-1.705412e-02 -4.050336e-01 
-1.846809e-02 -2.382826e-01 
8.947853e-01 4.100965e-01 
1.015587e-01 4.115769e-01 
-1.347777e-02 3.106826e-01 
-6.703931e-02 2.784961e-01 
-2.834571e-02 3.273197e-01 
-1.364023e-02 4.108571e-01 
1.566732e-02 5.130046e-01 
4.566260e-02 5.518552e-01 
1.087958e+00 -5.327739e-01 
-3.904810e-02 -5.906257e-01 
2.332848e-02 -6.165329e-01 
5.973638e-02 -5.911817e-01 
2.527630e-02 -5.321748e-01 
6.174199e-03 -4.591265e-01 
-1.277419e-02 -4.088949e-01 
-3.409505e-02 -4.442616e-01 
5.669462e-01 4.719304e-01 
1.039878e-02 4.713114e-01 
-1.346130e-02 4.274674e-01 
-4.529307e-02 3.484147e-01 
-1.703937e-02 3.169418e-01 
-5.806320e-03 3.087842e-01 
1.023375e-02 3.132642e-01 
2.383218e-02 2.949625e-01 
1.255983e+00 -5.877924e-01 
9.530747e-02 -7.695050e-01 
1.799991e-02 -7.168718e-01 
5.460660e-02 -6.254445e-01 
1.330233e-02 -4.873170e-01 
-2.662155e-03 -3.242713e-01 
-7.326483e-03 -1.607926e-01 
-7.009457e-03 -8.131751e-02 
