poroelastic
1.693865e-02 -5.855633e-02 
1.725549e-02 -1.168084e-01 
1.095144e-02 -1.250834e-01 
6.802664e-04 -7.834633e-02 
-4.657004e-04 -3.784276e-02 
-5.026698e-04 -2.011489e-02 
-9.010434e-04 -1.901264e-02 
4.890353e-04 9.293536e-03 
9.012143e-01 1.783886e-01 
1.272536e-02 3.633710e-01 
-8.303764e-02 4.240596e-01 
-2.111739e-02 4.215184e-01 
-3.289768e-03 3.957643e-01 
2.190145e-03 3.548781e-01 
8.375278e-03 3.172333e-01 
1.750872e-02 3.504756e-01 
5.046868e-01 -6.186736e-02 
5.314258e-02 -1.910259e-01 
8.206843e-02 -2.719208e-01 
2.478702e-02 -3.231611e-01 
8.030131e-03 -3.751520e-01 
-3.559565e-05 -4.178233e-01 
-1.166017e-02 -4.442694e-01 
-2.001109e-02 -4.107215e-01 
8.269383e-01 2.039863e-01 
-9.024069e-02 3.053796e-01 
-9.233440e-02 3.928332e-01 
-3.467007e-02 4.409600e-01 
-1.136660e-02 4.599759e-01 
-2.255920e-03 4.735115e-01 
1.119633e-02 4.885837e-01 
2.685950e-02 5.413821e-01 
6.338272e-01 3.413786e-02 
1.751101e-01 -1.196601e-01 
8.356435e-02 -2.205766e-01 
4.299155e-02 -3.409943e-01 
1.592944e-02 -4.365451e-01 
3.418928e-03 -4.964159e-01 
-1.296293e-02 -5.288718e-01 
-2.632905e-02 -5.088799e-01 
6.346466e-01 3.184451e-01 
-2.268230e-01 3.879541e-01 
-8.794550e-02 5.115161e-01 
-4.280357e-02 5.545519e-01 
-1.700244e-02 5.628764e-01 
-5.038958e-03 5.616910e-01 
1.289668e-02 5.491555e-01 
2.852156e-02 5.546820e-01 
5.754865e-01 6.294199e-02 
2.504244e-01 -1.418481e-01 
8.073703e-02 -2.264531e-01 
4.223603e-02 -2.863085e-01 
1.742777e-02 -3.393243e-01 
7.156709e-03 -3.844438e-01 
-6.666198e-03 -4.369075e-01 
-2.266357e-02 -4.806200e-01 
-4.440505e-02 4.311856e-02 
-3.680225e-03 7.578626e-02 
-1.163471e-02 8.141652e-02 
-7.604013e-03 7.444277e-02 
-3.565740e-03 7.462646e-02 
-1.886404e-03 7.788263e-02 
8.670155e-04 8.242441e-02 
5.415248e-03 1.169266e-01 
5.407756e-01 7.439527e-02 
6.323566e-02 2.316807e-01 
-2.606943e-02 2.652710e-01 
-2.703320e-02 2.427334e-01 
-1.228954e-02 2.356332e-01 
-6.686937e-03 2.412374e-01 
2.245377e-03 2.729447e-01 
1.745207e-02 3.716886e-01 
6.507943e-01 -2.173649e-03 
3.359002e-02 -1.772315e-01 
5.267545e-02 -3.142997e-01 
4.943842e-02 -4.330498e-01 
2.394434e-02 -5.114512e-01 
1.016120e-02 -5.600565e-01 
-8.578911e-03 -5.802679e-01 
-2.452087e-02 -5.391749e-01 
7.246287e-01 7.057565e-02 
-2.419988e-02 2.036355e-01 
-4.728775e-02 3.586152e-01 
-5.053942e-02 4.913599e-01 
-2.196426e-02 5.614236e-01 
-8.537240e-03 5.759329e-01 
7.059648e-03 5.280221e-01 
1.945554e-02 4.535842e-01 
5.146003e-01 -4.794899e-02 
1.394579e-01 -2.681202e-01 
3.936435e-02 -3.134198e-01 
3.215237e-02 -2.687932e-01 
1.563540e-02 -2.514329e-01 
9.200780e-03 -2.613511e-01 
-1.187082e-03 -3.200115e-01 
-1.830094e-02 -4.249467e-01 
7.920068e-03 -5.730263e-02 
5.199776e-04 -8.435279e-02 
-8.039758e-04 -4.316923e-02 
-4.426516e-03 2.969294e-02 
-2.216203e-03 6.849638e-02 
-4.885006e-05 8.415819e-02 
1.780365e-03 6.330123e-02 
-4.413014e-04 -1.054004e-02 
2.876516e-01 -7.434370e-02 
9.333819e-02 5.890637e-02 
4.494554e-03 1.274854e-01 
-1.702784e-02 1.688938e-01 
-8.656540e-03 1.776580e-01 
-4.324447e-03 1.832118e-01 
1.155848e-03 1.893271e-01 
6.670831e-03 1.666990e-01 
3.946230e-01 -2.574275e-01 
-5.069336e-02 -4.573119e-01 
2.923393e-02 -5.115244e-01 
4.385103e-02 -4.594707e-01 
2.135867e-02 -4.315655e-01 
1.046821e-02 -3.979837e-01 
-1.480555e-03 -3.661928e-01 
-1.613466e-02 -3.884437e-01 
6.615097e-01 -1.617285e-01 
1.015074e-01 -8.112044e-03 
-4.468619e-03 1.489353e-01 
-5.491947e-02 3.478374e-01 
-2.968672e-02 4.615542e-01 
-1.627405e-02 5.268315e-01 
2.639645e-03 5.521575e-01 
2.219814e-02 5.187259e-01 
6.203338e-01 -5.615364e-02 
-9.926601e-03 -2.027842e-01 
7.383169e-03 -2.674567e-01 
4.779816e-02 -2.971264e-01 
2.761883e-02 -3.540530e-01 
1.655332e-02 -4.129500e-01 
-1.001831e-03 -4.717449e-01 
-2.278958e-02 -5.286452e-01 
4.319091e-01 1.017461e-01 
4.806975e-05 2.088875e-01 
-4.843553e-03 3.037102e-01 
-3.851429e-02 3.231294e-01 
-1.826081e-02 3.092655e-01 
-9.141906e-03 2.873239e-01 
1.496459e-03 2.675644e-01 
1.152022e-02 2.514802e-01 
4.257107e-01 -4.304224e-02 
4.440821e-02 -1.917596e-01 
2.947941e-03 -2.198354e-01 
2.699791e-02 -2.225675e-01 
1.297661e-02 -2.217275e-01 
5.346225e-03 -1.925950e-01 
-7.065102e-04 -1.428144e-01 
-5.982063e-03 -1.216358e-01 
