poroelastic
3.695324e-02 -2.375605e-01 
2.063395e-02 -3.533869e-01 
-6.229321e-03 -3.208116e-01 
-1.004711e-02 -1.416527e-01 
-1.679121e-03 -1.489528e-02 
4.196020e-03 6.303664e-02 
6.597008e-03 8.558804e-02 
2.377661e-03 3.095247e-02 
6.945140e-01 6.407593e-01 
3.901274e-02 5.595123e-01 
-2.156135e-02 3.771638e-01 
1.289194e-02 2.896098e-01 
1.432524e-02 2.202094e-01 
1.041143e-02 1.523960e-01 
6.310998e-03 8.626942e-02 
1.485495e-03 1.972597e-02 
3.933551e-01 -5.568884e-01 
3.628566e-03 -4.314598e-01 
7.588068e-03 -3.694611e-01 
-1.453160e-02 -2.440350e-01 
-8.823584e-03 -1.362499e-01 
-3.461357e-03 -4.450942e-02 
1.765825e-03 2.627049e-02 
5.168082e-03 6.958326e-02 
2.676919e-01 5.583413e-01 
-7.213209e-03 3.199948e-01 
-2.104362e-03 1.532622e-01 
5.045012e-03 1.025132e-01 
4.817230e-03 7.348547e-02 
3.416062e-03 4.427739e-02 
2.809637e-04 9.584772e-04 
-5.971632e-03 -7.877061e-02 
4.957910e-01 -7.327815e-01 
5.512599e-02 -7.377647e-01 
-1.510402e-02 -4.889043e-01 
-1.203290e-02 -1.623132e-01 
1.318726e-03 5.821595e-02 
1.088830e-02 1.742380e-01 
1.183712e-02 1.577561e-01 
-9.038430e-04 -1.161902e-02 
1.572308e-01 2.894691e-01 
-4.826893e-02 5.416649e-02 
-1.873713e-02 9.745013e-02 
7.771948e-03 2.391425e-01 
1.652581e-02 2.819862e-01 
1.696133e-02 2.400736e-01 
7.369514e-03 8.853737e-02 
-1.442550e-02 -1.819965e-01 
8.142826e-01 -7.717371e-01 
1.746896e-01 -9.413931e-01 
3.958135e-04 -6.575252e-01 
-1.485228e-02 -2.829894e-01 
-3.633491e-03 -3.628151e-02 
5.617158e-03 9.898436e-02 
8.150885e-03 1.135050e-01 
-3.076167e-04 -4.111376e-03 
4.189937e-02 -2.152085e-01 
1.423962e-04 -1.831353e-01 
-1.998510e-03 -1.488322e-01 
-3.709262e-03 -7.230460e-02 
-1.283045e-03 -1.586866e-02 
7.634507e-04 1.662172e-02 
1.844219e-03 2.590683e-02 
7.157236e-04 9.249891e-03 
6.522100e-01 7.311404e-01 
8.164913e-02 7.638092e-01 
7.153472e-03 5.337357e-01 
1.072167e-02 2.852576e-01 
7.489382e-03 1.279993e-01 
2.113253e-03 2.160384e-02 
-2.402503e-03 -3.718393e-02 
-3.183469e-03 -3.930611e-02 
2.499538e-01 -5.307357e-01 
-6.452355e-03 -3.022689e-01 
-4.489814e-03 -2.158756e-01 
-8.726391e-03 -1.676406e-01 
-6.730742e-03 -8.680871e-02 
-2.141023e-03 1.104666e-03 
4.946795e-03 8.283796e-02 
1.205611e-02 1.570024e-01 
3.296165e-01 5.643598e-01 
8.087638e-03 4.334828e-01 
7.491217e-04 2.792587e-01 
4.674574e-03 1.689386e-01 
5.109331e-03 1.029910e-01 
3.534174e-03 5.835611e-02 
1.685203e-03 2.254564e-02 
-1.682263e-03 -2.250303e-02 
6.595055e-01 -6.816448e-01 
9.243556e-02 -6.878252e-01 
3.208730e-03 -5.078264e-01 
-9.710538e-03 -3.290903e-01 
-8.802055e-03 -1.765123e-01 
-4.130287e-03 -6.127939e-02 
6.020609e-04 1.103449e-02 
2.106630e-03 2.694204e-02 
9.694529e-02 3.743582e-01 
-1.340678e-02 2.797207e-01 
2.813484e-03 1.959379e-01 
1.266604e-03 6.394327e-02 
-6.230850e-04 4.405278e-03 
-2.154992e-03 -1.658373e-02 
5.720660e-06 1.073539e-02 
7.493609e-03 9.450188e-02 
9.393250e-01 8.735638e-01 
2.517854e-01 1.131795e+00 
3.730508e-02 7.966571e-01 
1.125719e-02 3.089297e-01 
1.882554e-03 3.389251e-02 
-5.904250e-03 -9.229889e-02 
-5.704198e-03 -6.567365e-02 
1.000609e-02 1.298691e-01 
8.784016e-02 -1.632010e-01 
-1.185424e-02 5.439647e-02 
3.211011e-03 -5.079261e-02 
-4.580890e-03 -2.630880e-01 
-1.313665e-02 -2.953031e-01 
-1.494052e-02 -2.177046e-01 
-4.435791e-03 -2.947992e-02 
1.983432e-02 2.553962e-01 
5.724410e-01 8.939266e-01 
7.057973e-02 8.754041e-01 
1.317809e-02 5.181770e-01 
9.719052e-03 8.980507e-02 
-1.814932e-03 -1.179839e-01 
-9.078429e-03 -1.858662e-01 
-9.311450e-03 -1.269258e-01 
2.630150e-03 3.184215e-02 
3.032552e-01 -6.384295e-01 
-1.912031e-02 -2.799453e-01 
-4.460968e-03 -1.795972e-01 
-6.750384e-03 -1.987242e-01 
-8.312890e-03 -1.284581e-01 
-5.015975e-03 -2.875796e-02 
3.535790e-03 7.650833e-02 
1.366851e-02 1.723694e-01 
4.477580e-01 7.304888e-01 
3.477771e-02 7.030335e-01 
1.412334e-02 5.278653e-01 
5.920722e-03 2.693912e-01 
6.231964e-03 1.219278e-01 
3.377217e-03 2.961750e-02 
-1.492663e-03 -3.613225e-02 
-6.727457e-03 -8.215305e-02 
8.190661e-01 -8.708034e-01 
7.425807e-03 -6.139312e-01 
-1.106891e-02 -3.864996e-01 
-1.834958e-04 -2.788839e-01 
-4.897239e-03 -1.534255e-01 
-2.394579e-03 -4.673384e-02 
8.889837e-04 8.962491e-03 
-1.417382e-03 -1.626873e-02 
