poroelastic
-5.994750e-02 3.734422e-01 
-4.304880e-02 5.596584e-01 
-8.041204e-03 4.987378e-01 
7.308019e-03 2.178673e-01 
1.146162e-03 3.879830e-02 
-1.788433e-03 -5.820571e-02 
-1.390295e-03 -5.768960e-02 
1.359127e-03 5.656530e-02 
-1.393321e+00 -7.469162e-01 
-5.043215e-02 -7.078563e-01 
6.900401e-02 -5.990451e-01 
-1.560274e-02 -6.158274e-01 
-2.157658e-02 -5.883784e-01 
-1.624355e-02 -5.155724e-01 
-1.046336e-02 -3.936239e-01 
-6.171114e-03 -2.410644e-01 
-8.072817e-01 6.764382e-01 
-3.449039e-02 6.633746e-01 
-5.545224e-02 6.131535e-01 
1.710766e-02 4.564706e-01 
8.521287e-03 3.611962e-01 
8.031205e-03 3.083352e-01 
8.093735e-03 3.103846e-01 
9.256375e-03 3.529928e-01 
-7.741356e-01 -6.952937e-01 
5.973122e-02 -4.444405e-01 
3.915837e-02 -3.446065e-01 
-3.138034e-03 -3.691416e-01 
-1.057810e-02 -3.738867e-01 
-9.085857e-03 -3.498437e-01 
-7.732282e-03 -2.900264e-01 
-5.548457e-03 -1.979554e-01 
-8.435974e-01 8.077590e-01 
-1.634474e-01 9.488707e-01 
-2.692769e-02 7.095642e-01 
4.534507e-03 3.508958e-01 
1.646761e-03 1.236157e-01 
-4.656893e-04 1.486882e-02 
1.492651e-03 6.182269e-02 
8.362157e-03 2.685558e-01 
-5.123485e-01 -4.158047e-01 
1.681379e-01 -1.372990e-01 
3.939447e-02 -2.928606e-01 
1.240212e-04 -5.427937e-01 
-1.303729e-02 -6.294983e-01 
-1.402286e-02 -5.808335e-01 
-1.166297e-02 -3.655736e-01 
3.483067e-05 9.845066e-04 
-1.172727e+00 8.300998e-01 
-3.236863e-01 1.166017e+00 
-4.480493e-02 8.809264e-01 
-3.305141e-05 4.249593e-01 
3.283544e-04 1.447293e-01 
-1.435231e-03 1.862568e-02 
1.562208e-03 8.077874e-02 
1.069740e-02 3.475880e-01 
-2.588863e-02 2.774802e-01 
-9.337144e-04 2.546651e-01 
3.784082e-03 1.780743e-01 
3.161920e-03 1.934480e-02 
-4.050530e-05 -8.589351e-02 
-2.385811e-03 -1.371624e-01 
-3.423733e-03 -1.149493e-01 
-4.685376e-04 -1.307666e-02 
-1.012915e+00 -7.271132e-01 
-1.170725e-01 -7.936363e-01 
6.998476e-03 -6.109492e-01 
9.301265e-03 -4.312085e-01 
-1.017204e-03 -3.213140e-01 
-2.542492e-03 -2.459342e-01 
-4.537477e-03 -1.956487e-01 
-6.987020e-03 -1.711901e-01 
-7.248756e-01 5.970555e-01 
-2.893553e-03 5.382436e-01 
-1.505872e-02 4.977832e-01 
-4.269856e-03 4.461618e-01 
-2.088135e-03 3.867522e-01 
2.405002e-03 3.245702e-01 
6.332103e-03 2.856645e-01 
1.022452e-02 2.810021e-01 
-7.714184e-01 -5.304811e-01 
2.547310e-03 -4.139897e-01 
1.209222e-02 -3.889974e-01 
1.959464e-02 -4.457242e-01 
-9.684145e-04 -4.800626e-01 
-5.023788e-03 -4.756611e-01 
-9.751668e-03 -4.097795e-01 
-9.103169e-03 -2.567201e-01 
-8.986235e-01 7.696758e-01 
-1.639898e-01 9.516577e-01 
-1.950955e-02 7.606132e-01 
-8.217331e-03 4.652940e-01 
-1.150811e-03 2.483258e-01 
-5.551234e-04 1.113956e-01 
8.654284e-04 8.691244e-02 
8.095359e-03 2.128711e-01 
-3.487660e-02 -2.494697e-01 
2.517212e-03 -9.193553e-02 
4.263650e-05 -4.596837e-02 
-4.037339e-04 -1.615856e-02 
-5.826151e-04 -1.306264e-02 
-8.591174e-04 -1.175926e-02 
-3.993298e-04 6.206133e-03 
2.223363e-03 5.610373e-02 
-1.169387e+00 -7.497031e-01 
-3.158966e-01 -1.050912e+00 
-3.637948e-02 -7.955873e-01 
9.033802e-03 -4.343425e-01 
2.151953e-03 -2.305343e-01 
1.501118e-03 -1.354286e-01 
-5.501070e-04 -1.461388e-01 
-9.575360e-03 -2.569801e-01 
-2.975539e-01 3.898302e-01 
5.770524e-02 3.486796e-01 
7.172417e-03 4.370772e-01 
-1.553858e-02 5.292283e-01 
-5.171581e-03 5.012423e-01 
3.333107e-03 3.872511e-01 
5.405096e-03 2.023346e-01 
-5.568865e-05 -1.443793e-03 
-9.074166e-01 -7.405140e-01 
-1.049041e-01 -7.413076e-01 
-1.061099e-02 -5.154254e-01 
1.866295e-02 -2.723619e-01 
5.547211e-03 -1.715419e-01 
3.628981e-03 -1.479949e-01 
-1.810762e-03 -1.914589e-01 
-1.072408e-02 -2.555099e-01 
-6.868005e-01 6.602933e-01 
3.919608e-02 4.725594e-01 
1.463494e-02 3.775248e-01 
-1.451067e-02 3.512005e-01 
-7.774888e-03 3.007611e-01 
-2.124996e-03 2.459634e-01 
2.550522e-03 2.174139e-01 
8.460219e-03 2.383324e-01 
-7.101064e-01 -6.600448e-01 
-4.062640e-02 -6.633280e-01 
-1.795252e-02 -6.037172e-01 
2.346221e-02 -4.685263e-01 
6.795512e-03 -3.813367e-01 
8.185439e-04 -3.087837e-01 
-3.924410e-03 -2.274025e-01 
-5.188829e-03 -1.294272e-01 
-1.151694e+00 8.631364e-01 
-3.822186e-02 8.219910e-01 
1.453929e-02 6.270742e-01 
-2.343251e-02 4.741501e-01 
-7.029931e-03 3.243060e-01 
-9.681742e-04 1.884985e-01 
1.134496e-03 9.328034e-02 
4.220539e-03 9.447527e-02 
