poroelastic
7.436970e-03 -4.879419e-02 
4.550344e-03 -5.528231e-02 
8.291121e-04 -5.135282e-02 
-3.339423e-03 -4.390017e-02 
-2.626105e-03 -3.760107e-02 
-1.106476e-03 -1.806357e-02 
7.491218e-04 9.732569e-03 
9.674622e-04 1.740830e-02 
-6.075540e-01 -8.349325e-02 
-5.479649e-02 -3.138604e-01 
2.660070e-02 -3.433661e-01 
-2.203039e-02 -2.811209e-01 
-2.063166e-02 -2.561281e-01 
-1.821061e-02 -2.449495e-01 
-1.740425e-02 -2.512748e-01 
-1.612764e-02 -3.011488e-01 
-6.249845e-01 -1.989371e-02 
-2.588419e-02 1.240888e-01 
-6.587533e-02 3.049349e-01 
4.051775e-02 4.379353e-01 
3.780320e-02 5.084855e-01 
3.589327e-02 5.283032e-01 
3.179826e-02 4.990947e-01 
2.125547e-02 4.136271e-01 
-6.609399e-01 -5.719547e-02 
4.504355e-02 -2.179512e-01 
4.760910e-02 -2.804606e-01 
-2.345741e-02 -3.169326e-01 
-2.735984e-02 -3.708325e-01 
-2.863578e-02 -4.256691e-01 
-3.205871e-02 -4.944863e-01 
-3.162465e-02 -6.055996e-01 
-4.820378e-01 -1.261695e-01 
-1.160103e-01 -2.301436e-02 
-4.544867e-02 1.064424e-01 
1.443431e-02 2.645221e-01 
2.281967e-02 3.645131e-01 
2.676466e-02 4.284440e-01 
2.871368e-02 4.499834e-01 
2.104727e-02 3.797515e-01 
-4.954630e-01 -2.814629e-01 
1.459278e-01 -4.414016e-01 
2.238154e-02 -4.886041e-01 
-2.842865e-02 -4.433049e-01 
-2.559993e-02 -4.127471e-01 
-2.287637e-02 -3.836850e-01 
-2.389223e-02 -3.675533e-01 
-2.323279e-02 -4.172733e-01 
-5.201340e-01 -1.264309e-01 
-1.935958e-01 2.794303e-02 
-4.860328e-02 1.455395e-01 
1.015847e-02 2.661043e-01 
1.913452e-02 3.401353e-01 
2.216396e-02 3.816457e-01 
2.435220e-02 3.997177e-01 
1.987346e-02 3.757690e-01 
4.259760e-02 -6.686559e-02 
-3.899914e-04 -8.870680e-02 
4.185459e-03 -6.345821e-02 
-1.631795e-03 -3.142783e-02 
-1.475383e-03 -2.711361e-02 
-2.602721e-03 -4.832471e-02 
-6.236681e-03 -9.860788e-02 
-9.572349e-03 -1.807756e-01 
-5.124255e-01 -8.516576e-02 
-9.633184e-02 -2.781957e-01 
-1.444118e-03 -2.898557e-01 
-9.739404e-03 -2.293030e-01 
-1.070290e-02 -2.065866e-01 
-1.156354e-02 -2.187971e-01 
-1.675422e-02 -2.816095e-01 
-2.204461e-02 -4.091518e-01 
-7.728617e-01 1.642120e-03 
-3.913038e-03 1.211764e-01 
-2.363863e-02 3.050837e-01 
2.573459e-02 4.762095e-01 
3.010660e-02 5.810987e-01 
3.354980e-02 6.345926e-01 
3.603302e-02 6.392731e-01 
2.960886e-02 5.876654e-01 
-6.788995e-01 -8.966619e-02 
-9.717029e-03 -2.785382e-01 
6.210447e-03 -3.849383e-01 
-2.270394e-02 -4.656912e-01 
-2.725050e-02 -5.144957e-01 
-2.746530e-02 -5.330153e-01 
-2.793459e-02 -5.218118e-01 
-2.367373e-02 -4.978909e-01 
-5.127937e-01 1.165184e-01 
-9.082515e-02 2.891021e-01 
-3.288296e-03 3.311201e-01 
1.191950e-02 2.874110e-01 
1.195504e-02 2.530016e-01 
1.116419e-02 2.263441e-01 
1.168321e-02 2.151934e-01 
1.146848e-02 2.273142e-01 
5.598339e-02 -1.130537e-02 
-1.380830e-02 2.895116e-02 
-2.309094e-04 5.970329e-02 
3.699683e-03 8.196116e-02 
5.080545e-03 1.077989e-01 
6.037455e-03 1.235228e-01 
6.098645e-03 1.155430e-01 
4.264398e-03 8.633220e-02 
-4.574439e-01 -6.868728e-02 
-1.720320e-01 -2.591587e-01 
-3.321106e-02 -2.648534e-01 
-1.127539e-02 -2.171663e-01 
-8.820787e-03 -1.877709e-01 
-8.549223e-03 -1.844151e-01 
-1.092523e-02 -2.227733e-01 
-1.373177e-02 -2.968536e-01 
-4.310071e-01 2.912119e-01 
9.963921e-02 3.995899e-01 
2.136379e-02 5.032840e-01 
1.956759e-02 5.102042e-01 
1.936397e-02 4.942832e-01 
1.926826e-02 4.591467e-01 
1.859138e-02 4.039011e-01 
1.649678e-02 3.664502e-01 
-7.138553e-01 1.567746e-02 
-1.413247e-01 -1.386702e-01 
-2.948896e-02 -2.260557e-01 
-6.812697e-03 -3.366278e-01 
-1.403858e-02 -4.238389e-01 
-1.829302e-02 -4.940780e-01 
-2.522509e-02 -5.636866e-01 
-2.863344e-02 -6.085319e-01 
-8.820578e-01 1.882692e-01 
6.828508e-02 2.504711e-01 
3.672876e-02 3.614842e-01 
9.811388e-03 4.648781e-01 
1.571550e-02 5.263340e-01 
2.025154e-02 5.584053e-01 
2.486526e-02 5.536979e-01 
2.471205e-02 5.305544e-01 
-4.826425e-01 -2.349968e-01 
-4.397052e-02 -3.817389e-01 
-3.351194e-02 -4.048198e-01 
-6.098613e-03 -3.287706e-01 
-7.398414e-03 -2.772302e-01 
-7.945641e-03 -2.502102e-01 
-1.127540e-02 -2.585534e-01 
-1.383848e-02 -2.870122e-01 
-5.982956e-01 2.677312e-01 
-4.338470e-03 3.154916e-01 
2.416325e-02 2.821761e-01 
1.935310e-03 2.410895e-01 
4.102664e-03 1.963851e-01 
4.257849e-03 1.542532e-01 
5.330180e-03 1.296805e-01 
8.677238e-03 1.668255e-01 
