poroelastic
6.542904e-02 -2.913419e-01 
5.228936e-02 -4.694522e-01 
1.678213e-02 -4.808634e-01 
-1.233569e-02 -2.861381e-01 
-7.667639e-03 -1.180443e-01 
-7.952385e-04 5.264271e-03 
4.785778e-03 7.093073e-02 
4.858837e-03 6.311118e-02 
1.008416e+00 7.604964e-01 
3.106635e-02 6.722134e-01 
-6.450003e-02 4.630302e-01 
-3.011461e-03 3.845375e-01 
1.326453e-02 3.435683e-01 
1.458916e-02 3.057747e-01 
1.636441e-02 2.662269e-01 
1.763063e-02 2.301230e-01 
8.657462e-01 -6.376008e-01 
3.787803e-02 -6.442792e-01 
8.301399e-02 -6.666664e-01 
-1.220196e-02 -5.448221e-01 
-1.355726e-02 -4.331019e-01 
-1.461906e-02 -3.246059e-01 
-1.468699e-02 -2.361237e-01 
-1.358056e-02 -1.769273e-01 
5.829075e-01 6.363275e-01 
-4.713569e-02 3.927062e-01 
-5.120188e-02 2.351304e-01 
-1.241647e-02 2.249880e-01 
5.498880e-03 2.543642e-01 
1.078325e-02 2.829197e-01 
1.817469e-02 2.936126e-01 
2.105816e-02 2.673341e-01 
9.378810e-01 -7.125064e-01 
1.998764e-01 -8.833811e-01 
5.394192e-02 -7.291052e-01 
-3.011966e-03 -4.525013e-01 
-6.131757e-03 -2.439917e-01 
-2.912743e-03 -1.156148e-01 
-5.488282e-03 -1.045906e-01 
-1.823356e-02 -2.270020e-01 
3.667523e-01 4.212840e-01 
-1.331773e-01 1.644519e-01 
-5.935586e-02 2.148869e-01 
-1.272724e-02 3.674498e-01 
1.246006e-02 4.444422e-01 
2.023261e-02 4.412877e-01 
2.309678e-02 3.315108e-01 
8.887229e-03 1.070085e-01 
1.263234e+00 -7.286459e-01 
3.782060e-01 -1.107275e+00 
7.296476e-02 -9.162545e-01 
-8.234125e-05 -5.598639e-01 
-7.277948e-03 -2.986251e-01 
-3.804821e-03 -1.351301e-01 
-4.693331e-03 -9.509893e-02 
-1.568028e-02 -2.018484e-01 
6.276910e-02 -2.596073e-01 
6.603253e-03 -2.729905e-01 
1.210388e-03 -2.735185e-01 
-7.831566e-03 -1.821215e-01 
-6.519014e-03 -7.540960e-02 
-2.289619e-03 2.088822e-02 
5.387785e-03 9.768329e-02 
1.119345e-02 1.365588e-01 
8.618652e-01 8.007138e-01 
8.278603e-02 8.327992e-01 
-1.876474e-02 5.653804e-01 
-9.225366e-03 2.973776e-01 
3.129507e-06 1.703902e-01 
4.115823e-04 1.206872e-01 
6.626086e-03 1.450610e-01 
2.059446e-02 2.359524e-01 
8.704924e-01 -5.615522e-01 
5.987023e-03 -4.968806e-01 
4.953257e-02 -5.525834e-01 
7.698780e-03 -5.892559e-01 
-7.687015e-03 -5.334624e-01 
-1.598300e-02 -4.221368e-01 
-1.778349e-02 -2.816432e-01 
-1.188942e-02 -1.435422e-01 
6.108694e-01 5.894093e-01 
-7.788509e-03 4.664376e-01 
-3.405616e-02 3.391001e-01 
-2.490732e-02 2.954688e-01 
-3.285062e-04 3.118736e-01 
7.882786e-03 3.425999e-01 
2.080705e-02 3.653278e-01 
2.731274e-02 3.356998e-01 
1.091431e+00 -7.566892e-01 
2.220663e-01 -9.949563e-01 
4.596274e-02 -8.818410e-01 
8.208413e-03 -6.511439e-01 
-9.017774e-03 -4.245222e-01 
-9.244939e-03 -2.332122e-01 
-6.126302e-03 -1.036735e-01 
-7.457937e-03 -8.830329e-02 
5.734001e-04 2.869724e-01 
6.439105e-03 9.270247e-02 
3.990045e-03 -2.438439e-02 
1.122537e-03 -1.157155e-01 
-3.889204e-03 -1.160959e-01 
-5.134016e-03 -7.923790e-02 
-2.011338e-03 -1.386261e-02 
5.701092e-03 6.581298e-02 
1.100252e+00 8.895899e-01 
2.672085e-01 1.149163e+00 
1.839177e-02 7.840960e-01 
-7.235899e-03 3.067024e-01 
-4.614820e-03 7.499602e-02 
-7.637932e-03 1.081671e-02 
9.465550e-04 1.158327e-01 
3.130896e-02 3.684989e-01 
4.411224e-01 -4.047296e-01 
-6.284093e-02 -3.646992e-01 
2.392112e-02 -5.492839e-01 
2.287580e-02 -7.253656e-01 
-7.471080e-03 -6.967899e-01 
-2.218154e-02 -5.357935e-01 
-1.902969e-02 -2.624904e-01 
3.568391e-03 4.108848e-02 
8.814732e-01 8.418060e-01 
9.500019e-02 8.099660e-01 
-4.035237e-03 4.926277e-01 
-2.442376e-02 1.846428e-01 
-1.125449e-02 9.116601e-02 
-7.937217e-03 1.197635e-01 
9.982380e-03 2.473975e-01 
3.652585e-02 3.941422e-01 
9.706628e-01 -7.590339e-01 
-5.184393e-02 -5.737811e-01 
8.113083e-03 -5.557497e-01 
2.272235e-02 -5.645858e-01 
-5.961519e-04 -4.721648e-01 
-9.657304e-03 -3.400543e-01 
-1.235627e-02 -2.097304e-01 
-1.226163e-02 -1.409930e-01 
5.935108e-01 7.608877e-01 
2.204402e-02 7.242752e-01 
-2.685826e-03 5.540311e-01 
-1.897214e-02 3.255687e-01 
-3.529615e-03 2.225727e-01 
1.115657e-03 1.842917e-01 
9.423869e-03 1.836987e-01 
1.655470e-02 1.830375e-01 
1.375972e+00 -9.197988e-01 
6.279182e-02 -8.798398e-01 
1.477312e-03 -7.237302e-01 
2.770038e-02 -6.147521e-01 
-2.125547e-03 -4.394788e-01 
-8.774819e-03 -2.528576e-01 
-6.157119e-03 -9.530280e-02 
-4.119060e-03 -4.283475e-02 
