poroelastic
7.027535e-02 -3.047796e-01 
5.659186e-02 -4.931785e-01 
1.716157e-02 -5.071701e-01 
-1.459255e-02 -3.016635e-01 
-9.047033e-03 -1.192613e-01 
-5.207308e-04 1.580669e-02 
6.651934e-03 8.735950e-02 
6.742320e-03 7.851793e-02 
9.703078e-01 7.519553e-01 
2.424721e-02 6.532467e-01 
-6.848136e-02 4.428631e-01 
-6.230551e-03 3.698257e-01 
1.434437e-02 3.380895e-01 
1.620004e-02 3.048798e-01 
1.828628e-02 2.636349e-01 
1.931451e-02 2.217413e-01 
8.874044e-01 -6.407885e-01 
3.607414e-02 -6.470703e-01 
9.053367e-02 -6.758329e-01 
-1.387610e-02 -5.451639e-01 
-1.404194e-02 -4.313061e-01 
-1.598324e-02 -3.177123e-01 
-1.614908e-02 -2.263213e-01 
-1.476804e-02 -1.673394e-01 
5.608009e-01 6.217788e-01 
-4.822715e-02 3.739202e-01 
-5.584917e-02 2.131902e-01 
-1.743347e-02 2.090632e-01 
5.810897e-03 2.522007e-01 
1.261849e-02 2.905888e-01 
2.190590e-02 3.035899e-01 
2.448473e-02 2.696865e-01 
9.329962e-01 -7.064870e-01 
2.134918e-01 -8.965800e-01 
5.963069e-02 -7.473773e-01 
-4.306223e-03 -4.581124e-01 
-6.838402e-03 -2.401877e-01 
-2.682883e-03 -1.043781e-01 
-5.655352e-03 -9.416457e-02 
-2.116298e-02 -2.297439e-01 
3.552287e-01 4.155751e-01 
-1.369329e-01 1.353796e-01 
-6.639105e-02 1.800970e-01 
-1.781615e-02 3.411581e-01 
1.427758e-02 4.341801e-01 
2.375619e-02 4.428240e-01 
2.759936e-02 3.374540e-01 
1.018742e-02 1.056555e-01 
1.271040e+00 -7.283121e-01 
3.817812e-01 -1.115874e+00 
7.664299e-02 -9.303236e-01 
-2.627691e-03 -5.639856e-01 
-9.070905e-03 -2.940887e-01 
-4.201865e-03 -1.220966e-01 
-4.513345e-03 -7.715170e-02 
-1.689600e-02 -1.873310e-01 
6.835610e-02 -2.662245e-01 
8.778696e-03 -2.919498e-01 
1.764529e-03 -2.975266e-01 
-9.908445e-03 -2.000691e-01 
-8.243241e-03 -8.167025e-02 
-2.616500e-03 2.384807e-02 
7.083377e-03 1.039546e-01 
1.317104e-02 1.360817e-01 
8.453431e-01 7.999393e-01 
7.338324e-02 8.144174e-01 
-2.172033e-02 5.421288e-01 
-1.177608e-02 2.779855e-01 
-2.708236e-04 1.637131e-01 
7.112118e-04 1.235106e-01 
8.598105e-03 1.496715e-01 
2.374170e-02 2.278265e-01 
8.829303e-01 -5.679357e-01 
6.448019e-03 -5.050028e-01 
5.588726e-02 -5.663687e-01 
5.973324e-03 -5.943647e-01 
-9.675681e-03 -5.301153e-01 
-1.894261e-02 -4.062129e-01 
-1.976759e-02 -2.588108e-01 
-1.279227e-02 -1.306118e-01 
5.850045e-01 5.802295e-01 
-8.830531e-03 4.514720e-01 
-3.940070e-02 3.147129e-01 
-3.140237e-02 2.712236e-01 
-2.399300e-04 3.024583e-01 
1.017509e-02 3.461849e-01 
2.645069e-02 3.741374e-01 
3.226683e-02 3.335122e-01 
1.089976e+00 -7.541085e-01 
2.328953e-01 -1.008104e+00 
5.238580e-02 -9.032094e-01 
7.701211e-03 -6.672844e-01 
-1.194489e-02 -4.287256e-01 
-1.127350e-02 -2.253730e-01 
-6.473454e-03 -8.960236e-02 
-8.140038e-03 -8.130118e-02 
-3.455606e-03 2.881667e-01 
8.656323e-03 7.807747e-02 
4.730801e-03 -3.957165e-02 
8.613666e-04 -1.255128e-01 
-4.896571e-03 -1.156886e-01 
-5.889488e-03 -7.376474e-02 
-1.973328e-03 -1.020465e-02 
6.537833e-03 6.337918e-02 
1.082496e+00 8.854263e-01 
2.629709e-01 1.137001e+00 
1.750085e-02 7.676194e-01 
-9.180675e-03 2.909646e-01 
-5.900361e-03 7.011744e-02 
-8.993643e-03 1.719700e-02 
2.593344e-03 1.298872e-01 
3.845293e-02 3.793823e-01 
4.348644e-01 -4.015894e-01 
-5.051155e-02 -3.785689e-01 
2.833388e-02 -5.659603e-01 
2.286488e-02 -7.398039e-01 
-1.108687e-02 -7.023948e-01 
-2.760183e-02 -5.275735e-01 
-2.176415e-02 -2.459472e-01 
5.097189e-03 4.942567e-02 
8.747096e-01 8.521207e-01 
8.646354e-02 8.018861e-01 
-6.590446e-03 4.709854e-01 
-2.962379e-02 1.544671e-01 
-1.354266e-02 7.596323e-02 
-9.023126e-03 1.205956e-01 
1.407430e-02 2.575533e-01 
4.361514e-02 3.964491e-01 
9.820174e-01 -7.707326e-01 
-5.106926e-02 -5.783315e-01 
1.250241e-02 -5.616496e-01 
2.037429e-02 -5.626993e-01 
-3.007080e-03 -4.624768e-01 
-1.196603e-02 -3.231232e-01 
-1.391130e-02 -1.952936e-01 
-1.438037e-02 -1.438594e-01 
5.630503e-01 7.506607e-01 
2.248257e-02 7.143801e-01 
-5.656531e-03 5.365036e-01 
-1.938199e-02 3.113813e-01 
-2.585181e-03 2.181312e-01 
2.633313e-03 1.879084e-01 
1.218683e-02 1.891537e-01 
1.868370e-02 1.798964e-01 
1.395348e+00 -9.280239e-01 
6.610519e-02 -8.922102e-01 
5.587115e-03 -7.444713e-01 
2.579144e-02 -6.356688e-01 
-6.424784e-03 -4.486068e-01 
-1.197242e-02 -2.461417e-01 
-6.142106e-03 -7.521874e-02 
-2.459202e-03 -2.241344e-02 
