poroelastic
8.979525e-03 -4.670481e-02 
6.467855e-03 -5.289016e-02 
3.056114e-03 -4.574651e-02 
-3.104921e-03 -4.217639e-02 
-2.715221e-03 -3.601811e-02 
-1.259569e-03 -1.712189e-02 
2.708982e-04 5.302075e-03 
-7.831032e-04 -1.267954e-02 
-6.351196e-01 -1.384237e-01 
-4.835739e-02 -3.567178e-01 
3.419166e-02 -3.696463e-01 
-1.706233e-02 -2.936954e-01 
-2.171134e-02 -2.599248e-01 
-1.849964e-02 -2.397205e-01 
-1.747772e-02 -2.410383e-01 
-1.991007e-02 -3.153476e-01 
-6.447174e-01 -3.427693e-02 
-1.666300e-02 8.403661e-02 
-8.683758e-02 2.718555e-01 
4.129039e-02 4.136160e-01 
3.235379e-02 5.051968e-01 
3.643829e-02 5.355014e-01 
3.578640e-02 5.102133e-01 
2.619579e-02 4.149363e-01 
-6.840623e-01 -1.033666e-01 
5.161138e-02 -2.624147e-01 
5.907256e-02 -3.189885e-01 
-1.059488e-02 -3.360576e-01 
-2.840868e-02 -3.812584e-01 
-2.986462e-02 -4.312264e-01 
-3.585494e-02 -4.940872e-01 
-3.876336e-02 -5.951999e-01 
-4.700661e-01 -1.317054e-01 
-1.344738e-01 -3.068536e-02 
-6.377382e-02 9.947069e-02 
1.136771e-02 2.607720e-01 
2.017962e-02 3.673331e-01 
2.867538e-02 4.327148e-01 
3.413674e-02 4.595750e-01 
2.769526e-02 4.090220e-01 
-5.125845e-01 -3.046317e-01 
1.737459e-01 -4.501318e-01 
3.867700e-02 -4.890667e-01 
-1.623228e-02 -4.284966e-01 
-2.591984e-02 -3.972351e-01 
-2.317579e-02 -3.674643e-01 
-2.660586e-02 -3.527591e-01 
-2.927667e-02 -4.065560e-01 
-5.011594e-01 -1.370058e-01 
-1.880144e-01 1.435294e-02 
-5.956027e-02 1.325935e-01 
6.533629e-03 2.535873e-01 
1.634015e-02 3.287355e-01 
2.317413e-02 3.704828e-01 
2.861388e-02 3.859876e-01 
2.391945e-02 3.569126e-01 
4.658929e-02 -8.099408e-02 
1.566488e-03 -1.077178e-01 
6.548336e-03 -7.771574e-02 
8.856712e-04 -3.468960e-02 
-2.315293e-04 -2.764750e-02 
-1.537493e-03 -4.550257e-02 
-7.238445e-03 -9.842444e-02 
-1.439670e-02 -1.971180e-01 
-5.102704e-01 -1.025184e-01 
-8.417045e-02 -2.939547e-01 
4.568731e-03 -2.994871e-01 
6.113425e-04 -2.227403e-01 
-7.068507e-03 -1.908661e-01 
-8.390099e-03 -1.933607e-01 
-1.688675e-02 -2.517925e-01 
-3.072725e-02 -3.876975e-01 
-7.591583e-01 -1.576813e-02 
3.782763e-03 8.707400e-02 
-4.045283e-02 2.667448e-01 
1.779434e-02 4.378184e-01 
1.948376e-02 5.532471e-01 
3.253329e-02 6.113959e-01 
4.339799e-02 6.196135e-01 
4.183950e-02 5.779571e-01 
-6.716681e-01 -1.159641e-01 
-1.136903e-02 -2.983355e-01 
1.914463e-02 -3.955749e-01 
9.885612e-04 -4.571121e-01 
-2.542996e-02 -5.036313e-01 
-2.891730e-02 -5.232100e-01 
-3.583236e-02 -5.183427e-01 
-3.548902e-02 -5.006134e-01 
-5.068906e-01 1.113810e-01 
-1.006483e-01 2.905826e-01 
-1.308898e-02 3.381604e-01 
5.033650e-03 3.055628e-01 
1.024711e-02 2.723629e-01 
1.243998e-02 2.397800e-01 
1.523235e-02 2.138568e-01 
1.569685e-02 2.097812e-01 
5.169245e-02 -2.932182e-02 
-1.629261e-02 8.234873e-03 
-2.540708e-03 3.493179e-02 
-9.503210e-04 6.543216e-02 
3.077765e-03 9.613593e-02 
5.942283e-03 1.192245e-01 
8.026013e-03 1.156983e-01 
6.362325e-03 8.284378e-02 
-4.839501e-01 -7.273370e-02 
-1.811422e-01 -2.853518e-01 
-3.321680e-02 -3.007295e-01 
-3.552476e-03 -2.418935e-01 
-7.319150e-03 -2.045404e-01 
-8.151994e-03 -1.929156e-01 
-1.307338e-02 -2.224651e-01 
-2.139999e-02 -2.900530e-01 
-3.795934e-01 2.642493e-01 
7.438149e-02 3.722871e-01 
1.409797e-02 4.603390e-01 
5.868729e-03 4.729326e-01 
1.065000e-02 4.711034e-01 
1.834963e-02 4.406388e-01 
2.468705e-02 3.906573e-01 
2.706481e-02 3.685026e-01 
-7.016993e-01 7.220379e-04 
-1.265659e-01 -1.524661e-01 
-2.167394e-02 -2.250868e-01 
2.584856e-02 -3.067469e-01 
-4.984626e-03 -3.815583e-01 
-1.401391e-02 -4.498122e-01 
-3.244183e-02 -5.244170e-01 
-4.547155e-02 -5.771728e-01 
-8.502085e-01 1.638272e-01 
7.241972e-02 2.090020e-01 
2.297106e-02 3.168992e-01 
-1.290216e-03 4.224830e-01 
7.299859e-03 4.949190e-01 
2.067605e-02 5.331488e-01 
3.293552e-02 5.356208e-01 
3.569445e-02 5.137702e-01 
-4.522434e-01 -2.555656e-01 
-4.957249e-02 -4.079934e-01 
-2.509455e-02 -4.163780e-01 
1.469223e-03 -3.207291e-01 
-5.897575e-03 -2.573316e-01 
-7.110593e-03 -2.227059e-01 
-1.307251e-02 -2.334853e-01 
-2.158557e-02 -2.963815e-01 
-5.820164e-01 2.499220e-01 
-3.780846e-03 2.961318e-01 
1.836022e-02 2.742392e-01 
-3.122132e-03 2.506451e-01 
3.760543e-03 2.133306e-01 
5.891461e-03 1.665708e-01 
7.429670e-03 1.210597e-01 
8.685410e-03 1.117739e-01 
