poroelastic
1.809853e-02 -1.619056e-01 
5.818609e-03 -2.191058e-01 
-8.171376e-03 -1.717874e-01 
-4.181554e-03 -5.446988e-02 
1.503310e-03 1.908271e-02 
4.623173e-03 6.116149e-02 
4.360250e-03 6.034288e-02 
-1.733619e-03 -2.496735e-02 
1.357628e-01 3.248616e-01 
8.855465e-03 1.940103e-01 
1.052294e-02 9.588128e-02 
5.781646e-03 7.191391e-02 
1.930221e-03 3.163066e-02 
-1.873981e-03 -2.053896e-02 
-7.066403e-03 -8.858517e-02 
-1.325247e-02 -1.972077e-01 
-1.824593e-01 -3.263402e-01 
-1.621202e-02 -1.528494e-01 
-4.630699e-02 4.010442e-03 
1.245806e-02 1.400017e-01 
1.670420e-02 2.361052e-01 
2.034899e-02 2.901120e-01 
2.173392e-02 3.019611e-01 
1.703430e-02 2.612409e-01 
-1.847852e-01 3.065789e-01 
2.601492e-02 9.783733e-02 
3.555337e-02 -2.755960e-02 
-2.315038e-03 -8.810332e-02 
-1.038347e-02 -1.516841e-01 
-1.473354e-02 -2.192866e-01 
-2.209451e-02 -3.037518e-01 
-2.861941e-02 -4.317310e-01 
-5.304911e-02 -5.306760e-01 
-6.201884e-02 -4.407197e-01 
-4.989155e-02 -1.866596e-01 
1.648558e-03 1.150592e-01 
1.802715e-02 3.062455e-01 
2.641348e-02 4.009003e-01 
2.739674e-02 3.812910e-01 
1.470676e-02 2.134915e-01 
-1.528278e-01 8.308560e-03 
5.105926e-02 -1.945021e-01 
1.083529e-02 -1.691589e-01 
-5.929632e-04 -4.276423e-02 
3.720090e-04 -1.077732e-02 
-1.382219e-03 -4.465683e-02 
-1.231105e-02 -1.645784e-01 
-2.749795e-02 -3.967021e-01 
1.136475e-01 -5.717223e-01 
-4.739687e-02 -5.379668e-01 
-4.487207e-02 -2.600456e-01 
-3.330361e-03 5.628620e-02 
1.282472e-02 2.428237e-01 
2.031801e-02 3.291931e-01 
2.173867e-02 3.167817e-01 
1.300069e-02 1.974899e-01 
3.341101e-02 -1.552963e-01 
-1.552278e-03 -1.253047e-01 
9.251436e-04 -6.573226e-02 
1.054838e-03 7.042761e-03 
2.078874e-03 2.577020e-02 
1.004801e-03 5.962210e-03 
-3.638281e-03 -5.188391e-02 
-9.230278e-03 -1.383652e-01 
1.520021e-01 3.779351e-01 
1.782834e-02 3.251961e-01 
1.385771e-02 2.060552e-01 
9.119369e-03 1.071501e-01 
2.639277e-03 1.353486e-02 
-3.308058e-03 -8.074285e-02 
-1.209586e-02 -1.842120e-01 
-1.931853e-02 -2.816876e-01 
-3.969481e-01 -3.274731e-01 
-5.769834e-03 -9.613224e-02 
-2.904010e-02 1.014605e-01 
9.430913e-03 2.562320e-01 
1.687827e-02 3.631838e-01 
2.332866e-02 4.258237e-01 
2.873788e-02 4.419412e-01 
2.785265e-02 4.302313e-01 
-1.411463e-01 2.870969e-01 
5.929586e-03 1.281250e-01 
1.525270e-02 4.449398e-04 
4.622238e-04 -9.402163e-02 
-8.388058e-03 -1.784781e-01 
-1.299524e-02 -2.477386e-01 
-1.920628e-02 -3.074002e-01 
-2.200050e-02 -3.538554e-01 
1.911070e-02 -3.613064e-01 
-2.532060e-02 -2.094849e-01 
-1.086019e-02 -3.963441e-02 
-7.160999e-05 6.062613e-02 
4.868312e-03 1.160901e-01 
7.279774e-03 1.390969e-01 
8.530037e-03 1.343532e-01 
7.908507e-03 1.207565e-01 
1.198277e-01 2.398636e-01 
-1.845608e-02 2.389633e-01 
4.536259e-03 2.277921e-01 
6.612397e-03 1.650560e-01 
5.876844e-03 1.219676e-01 
4.668953e-03 8.910670e-02 
4.026083e-03 6.466674e-02 
4.868535e-03 7.454363e-02 
3.512394e-01 4.836518e-01 
8.864870e-02 5.663022e-01 
1.920788e-02 3.851830e-01 
8.105447e-03 1.277291e-01 
-6.361645e-04 -3.879084e-02 
-6.776560e-03 -1.418522e-01 
-1.069245e-02 -1.845309e-01 
-8.317285e-03 -1.331123e-01 
-2.545277e-01 9.134325e-02 
6.107605e-02 3.213630e-01 
9.153486e-03 3.414326e-01 
4.602819e-03 2.206039e-01 
4.709899e-03 1.763115e-01 
6.261990e-03 1.746007e-01 
1.224261e-02 2.255541e-01 
2.269987e-02 3.671414e-01 
-3.071439e-02 5.553216e-01 
-2.068902e-02 4.823850e-01 
2.958244e-03 2.340203e-01 
9.243504e-03 -9.307038e-02 
-6.882989e-03 -2.902050e-01 
-1.587033e-02 -4.017338e-01 
-2.428338e-02 -4.350120e-01 
-2.425061e-02 -3.717630e-01 
-4.532782e-01 -2.609148e-01 
4.061987e-02 3.026173e-02 
1.443554e-02 1.886602e-01 
-2.376397e-03 2.348116e-01 
5.991556e-03 2.967788e-01 
1.274795e-02 3.475631e-01 
2.082799e-02 3.761575e-01 
2.537418e-02 3.969347e-01 
4.644173e-02 3.216942e-01 
8.492530e-03 2.503161e-01 
2.558909e-03 1.594619e-01 
7.527384e-03 4.830547e-02 
2.993584e-03 -2.948119e-02 
-1.149695e-03 -1.023688e-01 
-9.960166e-03 -1.950934e-01 
-1.973587e-02 -3.001457e-01 
4.154562e-02 -4.027490e-01 
-9.458116e-03 -1.712877e-01 
4.327970e-03 -6.996505e-03 
-2.862827e-03 6.138491e-02 
1.795072e-03 1.066160e-01 
4.732745e-03 1.233051e-01 
5.839931e-03 9.984240e-02 
2.755973e-03 3.927761e-02 
