poroelastic
7.005662e-02 -2.760210e-01 
6.383450e-02 -4.559826e-01 
3.453648e-02 -4.767167e-01 
-3.213630e-03 -3.030870e-01 
-5.064486e-03 -1.504663e-01 
-2.004886e-03 -3.552919e-02 
1.058319e-03 2.402693e-02 
1.451188e-03 2.339101e-02 
1.127936e+00 5.978805e-01 
1.862911e-02 5.593502e-01 
-9.416663e-02 4.485298e-01 
-2.097009e-02 4.481786e-01 
3.500511e-03 4.480351e-01 
9.342951e-03 4.338899e-01 
1.556235e-02 4.000597e-01 
2.233360e-02 3.666350e-01 
9.430676e-01 -5.007795e-01 
7.218233e-02 -6.398783e-01 
1.190732e-01 -6.954988e-01 
1.300127e-02 -6.027683e-01 
3.791709e-04 -5.243237e-01 
-7.153184e-03 -4.551907e-01 
-1.552579e-02 -4.117523e-01 
-2.366214e-02 -3.890094e-01 
7.624082e-01 5.116848e-01 
-7.633554e-02 3.537174e-01 
-8.196390e-02 2.907722e-01 
-3.036679e-02 3.364835e-01 
-3.937506e-03 3.914044e-01 
4.525193e-03 4.355748e-01 
1.705540e-02 4.585713e-01 
2.907419e-02 4.645214e-01 
1.002132e+00 -4.728112e-01 
2.546781e-01 -7.265463e-01 
9.698059e-02 -6.874863e-01 
2.510693e-02 -5.382694e-01 
4.366777e-03 -4.151211e-01 
-2.510768e-03 -3.334514e-01 
-1.160895e-02 -3.232994e-01 
-2.452538e-02 -3.814662e-01 
5.169841e-01 3.908848e-01 
-1.897163e-01 2.268131e-01 
-8.184026e-02 3.207254e-01 
-3.507764e-02 4.696740e-01 
-4.224409e-03 5.482810e-01 
7.479257e-03 5.600292e-01 
2.051692e-02 4.862514e-01 
2.272124e-02 3.431883e-01 
1.157778e+00 -4.607313e-01 
4.128634e-01 -8.730328e-01 
1.078149e-01 -7.969243e-01 
2.977582e-02 -5.546027e-01 
6.578160e-03 -3.745271e-01 
8.123678e-04 -2.668935e-01 
-7.200449e-03 -2.626902e-01 
-2.285956e-02 -3.747192e-01 
4.323546e-02 -2.029014e-01 
7.912677e-03 -2.279378e-01 
2.879724e-03 -2.236391e-01 
-4.990072e-03 -1.333887e-01 
-4.896455e-03 -3.533860e-02 
-2.440112e-03 5.155197e-02 
3.354847e-03 1.116213e-01 
8.648387e-03 1.352993e-01 
8.329208e-01 5.326039e-01 
7.731795e-02 5.907235e-01 
-3.357579e-02 4.361028e-01 
-2.941391e-02 2.884942e-01 
-1.076047e-02 2.359596e-01 
-5.071495e-03 2.395327e-01 
6.861826e-03 2.980642e-01 
2.750648e-02 4.051278e-01 
1.046987e+00 -3.872942e-01 
2.918023e-02 -5.190366e-01 
7.740010e-02 -6.440360e-01 
4.635061e-02 -7.158069e-01 
1.647995e-02 -7.049011e-01 
-2.207864e-03 -6.363014e-01 
-1.817798e-02 -5.325675e-01 
-2.770730e-02 -4.257192e-01 
7.438197e-01 3.743338e-01 
-1.751965e-02 3.235739e-01 
-5.095078e-02 3.277193e-01 
-5.312612e-02 4.079928e-01 
-1.613411e-02 4.874468e-01 
-2.192312e-03 5.464928e-01 
1.772831e-02 5.652682e-01 
3.232965e-02 5.075810e-01 
1.022867e+00 -5.476266e-01 
2.449921e-01 -8.850450e-01 
6.585084e-02 -8.390563e-01 
3.439451e-02 -6.217224e-01 
7.565094e-03 -4.279651e-01 
2.795106e-04 -2.756746e-01 
-4.978314e-03 -1.976767e-01 
-1.620659e-02 -2.465575e-01 
-5.438619e-02 7.187648e-02 
1.751039e-02 -1.021862e-01 
7.378812e-03 -1.626140e-01 
4.958307e-03 -1.474613e-01 
-3.012875e-04 -1.001716e-01 
-1.251735e-03 -4.648371e-02 
-4.725448e-05 -1.715157e-03 
-1.210284e-04 -1.800106e-03 
8.819417e-01 5.025968e-01 
2.123194e-01 7.042961e-01 
4.330077e-03 5.137382e-01 
-2.488206e-02 2.776137e-01 
-1.129227e-02 1.700765e-01 
-7.824692e-03 1.569514e-01 
2.058077e-03 2.413451e-01 
2.588764e-02 3.927359e-01 
5.749041e-01 -4.767075e-01 
-7.763916e-02 -6.152656e-01 
4.205982e-02 -7.637633e-01 
6.004924e-02 -8.106281e-01 
2.019253e-02 -7.520064e-01 
-1.706826e-03 -6.124914e-01 
-1.441283e-02 -4.119376e-01 
-1.658249e-02 -2.420106e-01 
8.998707e-01 4.022926e-01 
1.073808e-01 4.136296e-01 
-1.110870e-02 3.200903e-01 
-6.047411e-02 2.950824e-01 
-2.708329e-02 3.386317e-01 
-1.361125e-02 4.159494e-01 
1.211955e-02 5.140160e-01 
4.058064e-02 5.565271e-01 
1.082978e+00 -5.308112e-01 
-3.857994e-02 -5.939387e-01 
1.976912e-02 -6.195258e-01 
5.931191e-02 -5.960116e-01 
2.503603e-02 -5.384070e-01 
7.243743e-03 -4.675416e-01 
-1.054424e-02 -4.150667e-01 
-3.056642e-02 -4.391191e-01 
5.816337e-01 4.723952e-01 
9.236160e-03 4.711159e-01 
-1.046490e-02 4.316280e-01 
-4.378136e-02 3.532822e-01 
-1.743946e-02 3.182409e-01 
-6.762749e-03 3.069954e-01 
8.214841e-03 3.111851e-01 
2.188753e-02 2.986144e-01 
1.243547e+00 -5.882478e-01 
9.285730e-02 -7.654534e-01 
1.460820e-02 -7.070497e-01 
5.289794e-02 -6.118761e-01 
1.436227e-02 -4.776489e-01 
-9.319869e-04 -3.224789e-01 
-6.366861e-03 -1.674509e-01 
-6.876932e-03 -8.762957e-02 
