poroelastic
7.677889e-03 -4.930136e-02 
4.730999e-03 -5.795150e-02 
1.096226e-03 -4.972800e-02 
-3.269004e-03 -4.382062e-02 
-2.227480e-03 -3.259462e-02 
-6.129263e-04 -1.026008e-02 
8.790864e-04 1.504564e-02 
-1.912904e-04 -3.628085e-03 
-6.423619e-01 -1.223654e-01 
-5.598120e-02 -3.430720e-01 
2.734327e-02 -3.599656e-01 
-2.226025e-02 -2.926636e-01 
-2.088248e-02 -2.617236e-01 
-1.790712e-02 -2.455865e-01 
-1.644576e-02 -2.484667e-01 
-1.608793e-02 -3.142310e-01 
-6.242627e-01 -1.928799e-02 
-2.402752e-02 1.013987e-01 
-6.817451e-02 2.859123e-01 
4.061406e-02 4.270707e-01 
3.629959e-02 5.061268e-01 
3.492883e-02 5.311633e-01 
3.098447e-02 5.097548e-01 
2.123703e-02 4.298411e-01 
-6.799185e-01 -8.761387e-02 
4.559541e-02 -2.472971e-01 
4.639072e-02 -3.077214e-01 
-2.285352e-02 -3.300856e-01 
-2.727421e-02 -3.757063e-01 
-2.787105e-02 -4.265303e-01 
-3.005037e-02 -4.870579e-01 
-2.918527e-02 -5.788527e-01 
-4.876961e-01 -1.378202e-01 
-1.206669e-01 -3.797492e-02 
-4.850987e-02 9.668946e-02 
1.474766e-02 2.699708e-01 
2.260742e-02 3.762196e-01 
2.671938e-02 4.405249e-01 
2.856290e-02 4.645651e-01 
2.192810e-02 4.093167e-01 
-5.077788e-01 -2.933839e-01 
1.512594e-01 -4.568017e-01 
2.316899e-02 -5.002667e-01 
-2.645506e-02 -4.405357e-01 
-2.473337e-02 -4.081044e-01 
-2.192923e-02 -3.805244e-01 
-2.300557e-02 -3.687794e-01 
-2.310956e-02 -4.235532e-01 
-5.223167e-01 -1.455991e-01 
-1.960453e-01 1.788112e-02 
-5.015095e-02 1.451146e-01 
1.032657e-02 2.774451e-01 
1.886127e-02 3.528486e-01 
2.215826e-02 3.950640e-01 
2.401638e-02 4.086758e-01 
1.900649e-02 3.693065e-01 
4.555378e-02 -7.666185e-02 
-5.968589e-04 -1.001103e-01 
4.259445e-03 -7.205912e-02 
-1.375691e-03 -3.269416e-02 
-1.293635e-03 -2.699969e-02 
-2.229891e-03 -4.527869e-02 
-6.034195e-03 -9.923442e-02 
-1.057973e-02 -2.008596e-01 
-5.111982e-01 -7.613745e-02 
-9.538431e-02 -2.768439e-01 
-1.387995e-03 -2.920923e-01 
-7.957004e-03 -2.290263e-01 
-9.661457e-03 -2.034181e-01 
-1.033217e-02 -2.112858e-01 
-1.562164e-02 -2.761247e-01 
-2.280264e-02 -4.182638e-01 
-7.562507e-01 -3.659304e-03 
4.970678e-04 1.157571e-01 
-2.305898e-02 2.969218e-01 
2.359529e-02 4.655582e-01 
2.686828e-02 5.723708e-01 
3.139214e-02 6.269401e-01 
3.405416e-02 6.251727e-01 
2.836354e-02 5.578454e-01 
-6.745869e-01 -8.910170e-02 
-1.149598e-02 -2.733890e-01 
6.462540e-03 -3.765163e-01 
-1.768557e-02 -4.535396e-01 
-2.492300e-02 -5.002139e-01 
-2.550410e-02 -5.195717e-01 
-2.719139e-02 -5.211133e-01 
-2.540058e-02 -5.239956e-01 
-5.182723e-01 1.215141e-01 
-9.195512e-02 2.970957e-01 
-3.717281e-03 3.424586e-01 
1.074608e-02 3.033195e-01 
1.162319e-02 2.696499e-01 
1.130785e-02 2.405690e-01 
1.132852e-02 2.137689e-01 
9.908302e-03 1.914331e-01 
4.724900e-02 -1.536682e-02 
-1.159535e-02 2.453010e-02 
1.179541e-04 5.323410e-02 
2.692152e-03 7.483270e-02 
4.197793e-03 9.804831e-02 
5.264454e-03 1.124073e-01 
4.974551e-03 9.608502e-02 
2.258177e-03 4.386163e-02 
-4.640774e-01 -7.235008e-02 
-1.747994e-01 -2.704580e-01 
-3.418424e-02 -2.786848e-01 
-9.632669e-03 -2.257326e-01 
-7.982328e-03 -1.913998e-01 
-7.686825e-03 -1.815119e-01 
-1.000255e-02 -2.136594e-01 
-1.387890e-02 -2.858993e-01 
-4.058432e-01 2.764434e-01 
9.489067e-02 3.730089e-01 
2.028314e-02 4.671066e-01 
1.456089e-02 4.795652e-01 
1.557621e-02 4.703937e-01 
1.701465e-02 4.399107e-01 
1.787110e-02 3.942410e-01 
1.798529e-02 3.760665e-01 
-7.036018e-01 -9.568337e-04 
-1.393982e-01 -1.565873e-01 
-3.000892e-02 -2.363313e-01 
-4.997040e-04 -3.293013e-01 
-1.077548e-02 -4.062800e-01 
-1.565228e-02 -4.728014e-01 
-2.364887e-02 -5.363051e-01 
-2.855120e-02 -5.652118e-01 
-8.601078e-01 1.645070e-01 
7.148027e-02 2.210259e-01 
3.580060e-02 3.364772e-01 
5.574178e-03 4.542862e-01 
1.243142e-02 5.220582e-01 
1.848773e-02 5.540516e-01 
2.434900e-02 5.496101e-01 
2.583812e-02 5.268314e-01 
-4.674325e-01 -2.477596e-01 
-4.610335e-02 -3.998288e-01 
-3.186919e-02 -4.113587e-01 
-3.419217e-03 -3.132289e-01 
-5.546965e-03 -2.513942e-01 
-6.109387e-03 -2.195628e-01 
-9.646350e-03 -2.293401e-01 
-1.426263e-02 -2.787574e-01 
-5.696886e-01 2.288829e-01 
-3.100679e-03 2.847555e-01 
2.303722e-02 2.634047e-01 
-1.470347e-04 2.401586e-01 
3.389497e-03 2.039629e-01 
4.329197e-03 1.648687e-01 
5.663185e-03 1.351307e-01 
7.929451e-03 1.432175e-01 
