poroelastic
-4.160532e-02 1.778853e-01 
-3.868693e-02 2.698299e-01 
-2.381386e-02 2.960945e-01 
-1.021351e-03 2.288166e-01 
1.819935e-03 1.476084e-01 
1.797013e-03 5.798292e-02 
-2.214426e-04 -4.023324e-02 
-2.685824e-03 -8.916614e-02 
1.878000e-01 -3.207787e-01 
7.144769e-03 -6.105750e-03 
-2.999583e-02 1.883699e-01 
-6.112629e-03 1.975759e-01 
-6.685227e-04 1.706065e-01 
2.613798e-04 1.240259e-01 
4.810015e-04 7.707124e-02 
3.180426e-03 1.094197e-01 
1.713153e-02 3.588527e-01 
-1.830342e-03 2.740574e-01 
2.558495e-02 1.632630e-01 
9.241363e-03 -2.179218e-03 
6.133537e-03 -1.438277e-01 
2.494303e-03 -2.515141e-01 
-2.996847e-03 -3.114871e-01 
-7.874738e-03 -2.738939e-01 
4.039296e-01 -2.519891e-01 
-4.876287e-02 4.763474e-02 
-4.936212e-02 2.202505e-01 
-1.857932e-02 2.590938e-01 
-6.663111e-03 2.704472e-01 
-3.526352e-03 2.718634e-01 
1.314882e-03 2.835861e-01 
1.095576e-02 3.645188e-01 
-7.773726e-02 5.116557e-01 
3.248403e-03 5.159569e-01 
2.124105e-02 3.276837e-01 
1.955097e-02 3.575799e-02 
1.215570e-02 -1.904395e-01 
5.237465e-03 -3.485245e-01 
-4.477324e-03 -4.208019e-01 
-1.099554e-02 -3.389812e-01 
3.900517e-01 6.381225e-02 
-1.466979e-01 3.465181e-01 
-4.334271e-02 4.156488e-01 
-2.041415e-02 3.199806e-01 
-8.673300e-03 2.504524e-01 
-5.906534e-03 2.073724e-01 
-2.252507e-04 2.212510e-01 
1.263945e-02 3.700347e-01 
-3.144571e-01 5.004463e-01 
-7.694456e-02 6.132452e-01 
-5.535733e-03 4.460909e-01 
1.059926e-02 1.666189e-01 
9.721493e-03 -5.634859e-02 
5.953703e-03 -2.167613e-01 
-1.454707e-03 -3.013250e-01 
-7.184799e-03 -2.468221e-01 
-8.536554e-02 2.348502e-01 
-9.306784e-03 2.963796e-01 
-1.746644e-02 3.023073e-01 
-7.621571e-03 2.188923e-01 
-1.194512e-03 1.261162e-01 
6.294588e-04 4.056061e-02 
-1.563116e-04 -2.347745e-02 
-4.683663e-04 -1.515001e-02 
9.030855e-02 -4.031204e-01 
3.716693e-02 -2.114715e-01 
-6.764210e-03 3.834300e-03 
-1.877632e-02 1.351789e-01 
-9.734728e-03 1.889752e-01 
-5.564321e-03 2.033222e-01 
-3.910020e-04 1.966128e-01 
6.863455e-03 2.055346e-01 
1.312748e-01 3.149371e-01 
-2.307709e-03 1.765568e-01 
9.942455e-03 7.398614e-02 
2.020882e-02 -2.901954e-02 
1.655620e-02 -1.528424e-01 
1.186758e-02 -2.704867e-01 
1.629516e-03 -3.755441e-01 
-1.394150e-02 -4.456396e-01 
3.477662e-01 -2.649257e-01 
-4.179304e-03 -9.309416e-03 
-1.888588e-02 2.020234e-01 
-3.259653e-02 3.205352e-01 
-1.457669e-02 3.583965e-01 
-7.279294e-03 3.405768e-01 
2.300688e-04 2.775595e-01 
6.364884e-03 2.135294e-01 
-1.940327e-01 3.636182e-01 
-3.478173e-02 3.525613e-01 
-9.090455e-03 2.660768e-01 
2.797615e-03 1.714247e-01 
6.542006e-03 5.180693e-02 
7.002027e-03 -7.001969e-02 
2.069327e-03 -1.859863e-01 
-7.994196e-03 -2.615911e-01 
1.082260e-02 -1.647885e-01 
-6.773999e-04 -6.622545e-02 
-1.643609e-03 3.140223e-02 
-5.786422e-03 1.156108e-01 
-1.761958e-03 1.167979e-01 
1.154754e-03 7.375802e-02 
1.532561e-03 -2.154401e-03 
-2.644195e-03 -8.574604e-02 
-1.941083e-01 -5.372370e-01 
1.177012e-02 -4.760985e-01 
1.446005e-02 -1.919009e-01 
-1.358206e-02 8.936292e-02 
-9.055333e-03 2.069042e-01 
-3.822689e-03 2.236572e-01 
1.160294e-03 1.535542e-01 
3.489059e-04 1.205956e-02 
1.218892e-01 -1.633127e-02 
-2.155670e-02 -1.637482e-01 
3.034698e-03 -1.145445e-01 
1.459623e-02 6.156351e-03 
1.284562e-02 -7.219559e-03 
1.295717e-02 -9.168808e-02 
6.637917e-03 -2.473512e-01 
-1.455333e-02 -4.673375e-01 
2.131858e-01 -5.818516e-01 
7.445167e-02 -4.078275e-01 
1.775050e-02 -9.406709e-02 
-4.737160e-02 2.390430e-01 
-2.751786e-02 4.070620e-01 
-1.621895e-02 4.642423e-01 
-1.611621e-03 4.232300e-01 
9.937369e-03 3.003761e-01 
1.165204e-01 3.160153e-01 
-1.614650e-02 1.386193e-01 
-1.003198e-02 5.347069e-02 
2.007643e-02 7.315750e-03 
1.804789e-02 -9.384069e-02 
1.495205e-02 -2.101431e-01 
5.115872e-03 -3.246445e-01 
-1.274028e-02 -4.144290e-01 
6.336572e-02 -2.719932e-01 
9.276528e-03 -9.952478e-02 
4.149464e-03 5.181348e-02 
-1.715235e-02 1.405091e-01 
-8.650240e-03 1.490418e-01 
-4.267237e-03 1.208466e-01 
-7.985440e-04 8.670708e-02 
2.811666e-03 8.086784e-02 
-3.408462e-01 3.292454e-01 
-2.477820e-02 2.520935e-01 
-4.713360e-03 1.948198e-01 
-1.195722e-02 1.794485e-01 
-2.707333e-03 1.099551e-01 
1.119639e-03 3.575601e-02 
8.683463e-04 -1.973057e-02 
-1.717495e-03 -4.461604e-02 
