poroelastic
6.844933e-02 -2.705100e-01 
6.215263e-02 -4.469886e-01 
3.382946e-02 -4.683936e-01 
-3.011191e-03 -2.985703e-01 
-4.861362e-03 -1.502951e-01 
-2.010268e-03 -3.843454e-02 
8.127885e-04 1.933066e-02 
1.261901e-03 2.065409e-02 
1.135096e+00 5.991582e-01 
2.003288e-02 5.642429e-01 
-9.243619e-02 4.522548e-01 
-1.961576e-02 4.499889e-01 
3.181650e-03 4.466464e-01 
9.006085e-03 4.313983e-01 
1.514545e-02 3.975117e-01 
2.179552e-02 3.662856e-01 
9.347859e-01 -4.991635e-01 
7.339919e-02 -6.372246e-01 
1.164028e-01 -6.933414e-01 
1.356470e-02 -6.033205e-01 
-1.158750e-04 -5.254291e-01 
-7.092257e-03 -4.569647e-01 
-1.519411e-02 -4.144662e-01 
-2.314121e-02 -3.912664e-01 
7.673637e-01 5.156304e-01 
-7.608324e-02 3.579783e-01 
-8.029134e-02 2.957393e-01 
-2.841458e-02 3.399504e-01 
-4.039410e-03 3.912446e-01 
4.267534e-03 4.333778e-01 
1.629415e-02 4.549821e-01 
2.799943e-02 4.608331e-01 
1.004510e+00 -4.715916e-01 
2.496820e-01 -7.188985e-01 
9.420279e-02 -6.802892e-01 
2.526476e-02 -5.371143e-01 
4.304820e-03 -4.170134e-01 
-2.327625e-03 -3.371171e-01 
-1.124702e-02 -3.270861e-01 
-2.402026e-02 -3.837401e-01 
5.193495e-01 3.942242e-01 
-1.877335e-01 2.353471e-01 
-7.952801e-02 3.307504e-01 
-3.324663e-02 4.757090e-01 
-4.644437e-03 5.504650e-01 
6.956931e-03 5.607050e-01 
1.969437e-02 4.871591e-01 
2.200196e-02 3.439695e-01 
1.156179e+00 -4.590651e-01 
4.126134e-01 -8.693063e-01 
1.063380e-01 -7.932666e-01 
3.011820e-02 -5.568125e-01 
6.640851e-03 -3.786672e-01 
9.714643e-04 -2.718356e-01 
-6.792427e-03 -2.669073e-01 
-2.241527e-02 -3.793022e-01 
4.184825e-02 -1.999756e-01 
7.400573e-03 -2.221978e-01 
2.631317e-03 -2.168821e-01 
-4.684597e-03 -1.300732e-01 
-4.629692e-03 -3.414760e-02 
-2.333577e-03 5.151785e-02 
3.177664e-03 1.115896e-01 
8.114844e-03 1.326204e-01 
8.382494e-01 5.324264e-01 
8.000832e-02 5.951283e-01 
-3.275466e-02 4.428420e-01 
-2.811922e-02 2.932179e-01 
-1.045945e-02 2.388939e-01 
-4.889433e-03 2.416667e-01 
6.576326e-03 3.009078e-01 
2.612864e-02 4.056231e-01 
1.042129e+00 -3.858000e-01 
3.017542e-02 -5.187917e-01 
7.505916e-02 -6.428364e-01 
4.613573e-02 -7.180507e-01 
1.573052e-02 -7.070084e-01 
-1.869504e-03 -6.389561e-01 
-1.712286e-02 -5.341155e-01 
-2.655690e-02 -4.275290e-01 
7.496163e-01 3.743411e-01 
-1.795807e-02 3.260901e-01 
-4.930686e-02 3.324752e-01 
-5.009541e-02 4.121213e-01 
-1.608258e-02 4.887068e-01 
-2.615874e-03 5.460704e-01 
1.641828e-02 5.655063e-01 
3.080181e-02 5.084195e-01 
1.024208e+00 -5.471526e-01 
2.420157e-01 -8.827830e-01 
6.346742e-02 -8.345899e-01 
3.322926e-02 -6.181738e-01 
7.426324e-03 -4.263642e-01 
4.657687e-04 -2.762319e-01 
-4.550189e-03 -1.986981e-01 
-1.542565e-02 -2.467666e-01 
-5.221142e-02 7.040302e-02 
1.646991e-02 -9.938816e-02 
7.024751e-03 -1.600304e-01 
4.604452e-03 -1.450302e-01 
-3.302994e-04 -9.957394e-02 
-1.294452e-03 -4.678552e-02 
-9.257449e-05 -5.883159e-04 
2.260551e-04 3.554750e-03 
8.831763e-01 5.011145e-01 
2.130043e-01 7.058342e-01 
4.723710e-03 5.153958e-01 
-2.369364e-02 2.801436e-01 
-1.090542e-02 1.700700e-01 
-7.606363e-03 1.549732e-01 
1.676851e-03 2.388709e-01 
2.448930e-02 3.933600e-01 
5.806447e-01 -4.782803e-01 
-8.192178e-02 -6.135618e-01 
4.114128e-02 -7.626387e-01 
5.845426e-02 -8.082313e-01 
1.949017e-02 -7.508605e-01 
-1.199616e-03 -6.141769e-01 
-1.350487e-02 -4.155642e-01 
-1.560305e-02 -2.409308e-01 
9.031964e-01 3.998410e-01 
1.099821e-01 4.160242e-01 
-1.031652e-02 3.244618e-01 
-5.715824e-02 3.042391e-01 
-2.629852e-02 3.445271e-01 
-1.335887e-02 4.183085e-01 
1.076017e-02 5.138881e-01 
3.856832e-02 5.614016e-01 
1.083324e+00 -5.331291e-01 
-3.773105e-02 -5.958884e-01 
1.846504e-02 -6.224466e-01 
5.886706e-02 -5.990277e-01 
2.458521e-02 -5.424631e-01 
7.450920e-03 -4.729344e-01 
-9.894688e-03 -4.199313e-01 
-2.905475e-02 -4.357951e-01 
5.887134e-01 4.767984e-01 
8.192587e-03 4.723731e-01 
-9.202911e-03 4.335235e-01 
-4.271874e-02 3.552333e-01 
-1.738236e-02 3.180935e-01 
-6.997901e-03 3.051732e-01 
7.428365e-03 3.086753e-01 
2.108591e-02 3.006377e-01 
1.241055e+00 -5.916115e-01 
9.223591e-02 -7.627833e-01 
1.307259e-02 -7.021132e-01 
5.183670e-02 -6.065851e-01 
1.459843e-02 -4.739559e-01 
-2.627195e-04 -3.223506e-01 
-6.017887e-03 -1.722085e-01 
-6.953911e-03 -9.250401e-02 
