poroelastic
-4.736461e-02 1.876335e-01 
-4.499642e-02 2.891557e-01 
-2.725289e-02 3.200897e-01 
1.414743e-04 2.461515e-01 
3.538619e-03 1.535450e-01 
2.652964e-03 5.298269e-02 
-1.150349e-03 -5.370646e-02 
-4.118656e-03 -1.006842e-01 
2.048185e-01 -2.841803e-01 
3.231589e-03 2.443943e-02 
-3.410354e-02 2.119633e-01 
-7.343357e-03 2.054848e-01 
8.266827e-04 1.651100e-01 
1.079614e-03 1.112965e-01 
7.494517e-04 6.374205e-02 
4.742463e-03 1.104902e-01 
1.001719e-02 3.781695e-01 
-4.149513e-03 3.010961e-01 
3.331732e-02 1.923579e-01 
9.990611e-03 1.036090e-02 
8.979418e-03 -1.460734e-01 
1.845560e-03 -2.647643e-01 
-7.253450e-03 -3.303134e-01 
-1.283662e-02 -2.889919e-01 
4.148983e-01 -2.151540e-01 
-5.421709e-02 8.306874e-02 
-5.906268e-02 2.552476e-01 
-2.542469e-02 2.769839e-01 
-4.649069e-03 2.727909e-01 
-1.520061e-03 2.634768e-01 
4.959642e-03 2.690788e-01 
1.642732e-02 3.504781e-01 
-9.478147e-02 5.110706e-01 
4.431047e-04 5.381291e-01 
3.037860e-02 3.567356e-01 
2.342537e-02 5.261748e-02 
1.450803e-02 -1.835979e-01 
2.767360e-03 -3.495165e-01 
-1.115222e-02 -4.271159e-01 
-1.703163e-02 -3.506088e-01 
3.982186e-01 7.640474e-02 
-1.664513e-01 3.703148e-01 
-5.475596e-02 4.407897e-01 
-2.462708e-02 3.290568e-01 
-6.025551e-03 2.445856e-01 
-4.261195e-03 1.898470e-01 
2.632939e-03 1.955581e-01 
1.811180e-02 3.383710e-01 
-3.476748e-01 5.045542e-01 
-8.877919e-02 6.353093e-01 
-3.623813e-03 4.775047e-01 
1.389577e-02 1.921399e-01 
1.210785e-02 -3.970074e-02 
4.738203e-03 -2.090470e-01 
-6.700188e-03 -3.018565e-01 
-1.219546e-02 -2.611114e-01 
-9.070819e-02 2.407462e-01 
-1.441191e-02 3.110795e-01 
-2.158242e-02 3.225675e-01 
-8.054644e-03 2.356551e-01 
2.427588e-04 1.340634e-01 
1.422418e-03 4.165716e-02 
-6.499512e-04 -2.363485e-02 
-6.737374e-04 -1.262253e-02 
9.847250e-02 -4.005129e-01 
3.419915e-02 -1.970483e-01 
-1.198020e-02 2.009671e-02 
-2.479851e-02 1.458694e-01 
-9.847902e-03 1.862184e-01 
-4.650871e-03 1.901924e-01 
2.235815e-03 1.828732e-01 
1.243425e-02 2.062074e-01 
1.203287e-01 3.270401e-01 
-3.348888e-03 1.943652e-01 
1.641585e-02 1.004898e-01 
2.329714e-02 -2.110066e-03 
2.178205e-02 -1.369138e-01 
1.245091e-02 -2.685953e-01 
-4.940769e-03 -3.845781e-01 
-2.511393e-02 -4.579656e-01 
3.593583e-01 -2.410671e-01 
-4.622299e-03 1.419192e-02 
-2.935437e-02 2.296260e-01 
-4.400390e-02 3.466987e-01 
-1.217971e-02 3.713604e-01 
-3.338983e-03 3.397583e-01 
5.663966e-03 2.676716e-01 
1.107539e-02 2.043263e-01 
-1.949566e-01 3.473691e-01 
-3.902245e-02 3.505416e-01 
-8.852625e-03 2.748578e-01 
5.981509e-03 1.836063e-01 
1.002081e-02 5.685831e-02 
8.115216e-03 -7.054178e-02 
-1.733587e-03 -1.846054e-01 
-1.396096e-02 -2.515608e-01 
1.392735e-02 -1.593692e-01 
-2.832918e-03 -4.939821e-02 
-3.124097e-03 5.136686e-02 
-5.720751e-03 1.326055e-01 
4.454036e-04 1.208543e-01 
3.627345e-03 6.456640e-02 
1.644168e-03 -1.993824e-02 
-6.078019e-03 -1.047369e-01 
-1.594924e-01 -5.169782e-01 
1.864466e-02 -4.448235e-01 
1.189715e-02 -1.589840e-01 
-1.887453e-02 1.172226e-01 
-8.170892e-03 2.214740e-01 
-6.687746e-04 2.241317e-01 
4.401276e-03 1.426136e-01 
-5.040859e-05 -8.964206e-04 
1.123850e-01 -2.174706e-02 
-1.457109e-02 -1.529476e-01 
5.090910e-03 -9.799895e-02 
1.901925e-02 2.221460e-02 
1.897733e-02 -1.102627e-03 
1.683953e-02 -9.559841e-02 
2.479062e-03 -2.555450e-01 
-2.773292e-02 -4.731787e-01 
2.260972e-01 -5.734194e-01 
7.106885e-02 -3.915092e-01 
1.171430e-02 -7.535139e-02 
-6.815223e-02 2.523313e-01 
-2.841356e-02 4.058682e-01 
-1.259800e-02 4.492828e-01 
7.231536e-03 4.030322e-01 
1.828644e-02 2.900202e-01 
1.106744e-01 3.278671e-01 
-1.667150e-02 1.569290e-01 
-5.915523e-03 7.722720e-02 
2.459736e-02 2.541942e-02 
2.312603e-02 -8.652728e-02 
1.572027e-02 -2.144626e-01 
-8.637985e-04 -3.375234e-01 
-2.285430e-02 -4.334528e-01 
7.871115e-02 -2.385733e-01 
1.001247e-02 -6.768116e-02 
-6.094400e-04 8.392380e-02 
-1.955754e-02 1.625803e-01 
-7.330605e-03 1.582758e-01 
-2.446553e-03 1.183156e-01 
7.462972e-04 7.564803e-02 
3.751452e-03 6.466181e-02 
-3.384060e-01 3.244438e-01 
-2.576812e-02 2.520302e-01 
-6.886129e-03 2.019017e-01 
-1.146751e-02 1.868679e-01 
-6.890012e-04 1.103844e-01 
2.708826e-03 3.086614e-02 
7.154465e-04 -2.681280e-02 
-3.794993e-03 -6.086718e-02 
