poroelastic
6.388834e-02 -2.571829e-01 
5.711166e-02 -4.268034e-01 
3.024527e-02 -4.488261e-01 
-3.736227e-03 -2.903083e-01 
-5.232047e-03 -1.493197e-01 
-2.386659e-03 -4.004967e-02 
1.010214e-03 2.542348e-02 
2.372504e-03 3.784252e-02 
1.147627e+00 5.971552e-01 
2.321379e-02 5.715799e-01 
-9.033322e-02 4.572807e-01 
-1.749890e-02 4.459441e-01 
2.759492e-03 4.368996e-01 
8.867921e-03 4.229446e-01 
1.605075e-02 4.019661e-01 
2.325212e-02 3.860459e-01 
9.133193e-01 -4.960976e-01 
7.601270e-02 -6.349320e-01 
1.108777e-01 -6.898227e-01 
1.394642e-02 -6.063084e-01 
-2.382655e-03 -5.281658e-01 
-8.367385e-03 -4.585126e-01 
-1.575843e-02 -4.074083e-01 
-2.214620e-02 -3.731453e-01 
7.870600e-01 5.198926e-01 
-7.704150e-02 3.709698e-01 
-7.992033e-02 3.087660e-01 
-2.556868e-02 3.498571e-01 
-4.031153e-03 3.948188e-01 
4.517603e-03 4.344225e-01 
1.691221e-02 4.602262e-01 
2.880717e-02 4.747576e-01 
1.009218e+00 -4.698857e-01 
2.399319e-01 -7.049586e-01 
8.909119e-02 -6.662721e-01 
2.504981e-02 -5.342185e-01 
3.197172e-03 -4.218481e-01 
-3.017806e-03 -3.466339e-01 
-1.188135e-02 -3.332626e-01 
-2.363652e-02 -3.766211e-01 
5.260841e-01 4.031955e-01 
-1.860811e-01 2.598540e-01 
-7.725819e-02 3.526481e-01 
-2.979092e-02 4.898311e-01 
-4.609538e-03 5.546632e-01 
7.126013e-03 5.615446e-01 
1.989804e-02 4.920160e-01 
2.278576e-02 3.620336e-01 
1.160466e+00 -4.576222e-01 
4.151124e-01 -8.633733e-01 
1.046001e-01 -7.893428e-01 
3.036229e-02 -5.632912e-01 
5.891801e-03 -3.923683e-01 
3.762051e-04 -2.889497e-01 
-7.422983e-03 -2.817997e-01 
-2.234342e-02 -3.802007e-01 
3.879101e-02 -1.905870e-01 
6.170850e-03 -2.042360e-01 
1.854284e-03 -2.016867e-01 
-4.368638e-03 -1.227760e-01 
-4.294191e-03 -3.535439e-02 
-2.216705e-03 4.583006e-02 
2.880814e-03 1.050371e-01 
7.928858e-03 1.344332e-01 
8.467014e-01 5.488997e-01 
8.391239e-02 6.215656e-01 
-3.132426e-02 4.624037e-01 
-2.439440e-02 3.020744e-01 
-9.047817e-03 2.373622e-01 
-3.950210e-03 2.343648e-01 
6.545606e-03 2.906105e-01 
2.440886e-02 4.026465e-01 
1.038457e+00 -3.753109e-01 
3.475688e-02 -5.060623e-01 
7.323747e-02 -6.378794e-01 
4.515121e-02 -7.269496e-01 
1.262495e-02 -7.203146e-01 
-3.110855e-03 -6.550645e-01 
-1.760806e-02 -5.507339e-01 
-2.557638e-02 -4.326209e-01 
7.564598e-01 3.887860e-01 
-2.079026e-02 3.451468e-01 
-4.757751e-02 3.472833e-01 
-4.266424e-02 4.179020e-01 
-1.449101e-02 4.838774e-01 
-1.882033e-03 5.355028e-01 
1.541503e-02 5.523773e-01 
2.885876e-02 5.056482e-01 
1.032597e+00 -5.378470e-01 
2.392178e-01 -8.664092e-01 
6.001074e-02 -8.215470e-01 
3.022523e-02 -6.150338e-01 
6.291563e-03 -4.305657e-01 
1.354604e-04 -2.864942e-01 
-4.852224e-03 -2.136962e-01 
-1.497364e-02 -2.554759e-01 
-4.734180e-02 8.041935e-02 
1.470597e-02 -8.173114e-02 
6.495777e-03 -1.457038e-01 
4.077266e-03 -1.391683e-01 
-3.093282e-04 -1.005682e-01 
-1.252476e-03 -5.195359e-02 
-3.603777e-04 -7.493249e-03 
1.576238e-04 2.690870e-03 
8.871067e-01 5.120124e-01 
2.131514e-01 7.204554e-01 
4.908097e-03 5.260437e-01 
-2.019787e-02 2.826876e-01 
-9.457687e-03 1.660093e-01 
-6.594455e-03 1.476028e-01 
1.888505e-03 2.306034e-01 
2.210445e-02 3.872122e-01 
5.969404e-01 -4.763937e-01 
-8.752745e-02 -6.036302e-01 
4.123860e-02 -7.594373e-01 
5.310061e-02 -8.116022e-01 
1.581972e-02 -7.543606e-01 
-1.953187e-03 -6.196876e-01 
-1.280774e-02 -4.217233e-01 
-1.440137e-02 -2.438002e-01 
9.121029e-01 4.027814e-01 
1.134251e-01 4.280659e-01 
-1.057983e-02 3.402956e-01 
-4.926251e-02 3.203530e-01 
-2.356769e-02 3.550096e-01 
-1.154255e-02 4.237128e-01 
1.009093e-02 5.178066e-01 
3.526277e-02 5.689320e-01 
1.083311e+00 -5.301957e-01 
-3.221193e-02 -5.997281e-01 
1.753340e-02 -6.287937e-01 
5.564814e-02 -6.108415e-01 
2.160675e-02 -5.529704e-01 
6.222944e-03 -4.825501e-01 
-9.724459e-03 -4.221782e-01 
-2.645781e-02 -4.248839e-01 
6.034415e-01 4.816715e-01 
4.145262e-03 4.771063e-01 
-7.652664e-03 4.388236e-01 
-3.961950e-02 3.563687e-01 
-1.657307e-02 3.160394e-01 
-6.900308e-03 3.027428e-01 
7.090072e-03 3.130670e-01 
2.052415e-02 3.152830e-01 
1.230876e+00 -5.945276e-01 
9.410457e-02 -7.662790e-01 
1.105649e-02 -6.995446e-01 
4.663695e-02 -5.999182e-01 
1.272115e-02 -4.672864e-01 
-5.980469e-04 -3.184587e-01 
-5.596468e-03 -1.681807e-01 
-5.794688e-03 -8.313202e-02 
