poroelastic
9.356661e-03 -4.647107e-02 
6.903051e-03 -5.240354e-02 
3.536043e-03 -4.529883e-02 
-3.060986e-03 -4.188975e-02 
-2.823182e-03 -3.648940e-02 
-1.407118e-03 -1.834001e-02 
1.062640e-04 3.119790e-03 
-1.033564e-03 -1.585866e-02 
-6.280747e-01 -1.411498e-01 
-4.611353e-02 -3.573204e-01 
3.536449e-02 -3.689369e-01 
-1.594608e-02 -2.912165e-01 
-2.168622e-02 -2.564281e-01 
-1.852952e-02 -2.353196e-01 
-1.778770e-02 -2.363064e-01 
-2.092832e-02 -3.119929e-01 
-6.461594e-01 -3.767214e-02 
-1.626187e-02 7.961104e-02 
-9.090765e-02 2.680703e-01 
4.095969e-02 4.100729e-01 
3.191654e-02 5.040747e-01 
3.723129e-02 5.352963e-01 
3.744289e-02 5.091685e-01 
2.771335e-02 4.111345e-01 
-6.820855e-01 -1.063286e-01 
5.307201e-02 -2.646846e-01 
6.201761e-02 -3.204558e-01 
-8.058611e-03 -3.361773e-01 
-2.859498e-02 -3.810445e-01 
-3.049412e-02 -4.308380e-01 
-3.765425e-02 -4.939673e-01 
-4.148769e-02 -5.960742e-01 
-4.665695e-01 -1.322171e-01 
-1.371598e-01 -3.135158e-02 
-6.722564e-02 9.854841e-02 
1.033149e-02 2.587409e-01 
1.991392e-02 3.656632e-01 
2.944111e-02 4.313766e-01 
3.592651e-02 4.588333e-01 
2.956178e-02 4.098073e-01 
-5.106022e-01 -3.065835e-01 
1.773195e-01 -4.489310e-01 
4.160909e-02 -4.863559e-01 
-1.445187e-02 -4.246160e-01 
-2.626814e-02 -3.932889e-01 
-2.364846e-02 -3.631396e-01 
-2.768882e-02 -3.479053e-01 
-3.082706e-02 -4.005987e-01 
-4.961999e-01 -1.371022e-01 
-1.870245e-01 1.260216e-02 
-6.180460e-02 1.302191e-01 
5.660561e-03 2.499722e-01 
1.615542e-02 3.250226e-01 
2.373727e-02 3.663144e-01 
2.997807e-02 3.813662e-01 
2.535083e-02 3.536788e-01 
4.690318e-02 -8.186434e-02 
2.105733e-03 -1.082974e-01 
7.159617e-03 -7.769749e-02 
1.402183e-03 -3.431153e-02 
1.436473e-05 -2.745141e-02 
-1.425636e-03 -4.569011e-02 
-7.696319e-03 -9.911903e-02 
-1.550772e-02 -1.977070e-01 
-5.070529e-01 -1.059811e-01 
-8.145150e-02 -2.959165e-01 
5.933169e-03 -2.996351e-01 
1.968207e-03 -2.206269e-01 
-6.726606e-03 -1.874678e-01 
-8.181044e-03 -1.888189e-01 
-1.743059e-02 -2.462311e-01 
-3.253480e-02 -3.812488e-01 
-7.600859e-01 -1.854165e-02 
3.030492e-03 8.312845e-02 
-4.465682e-02 2.633370e-01 
1.672169e-02 4.340020e-01 
1.878228e-02 5.504676e-01 
3.351268e-02 6.086972e-01 
4.610875e-02 6.176587e-01 
4.511210e-02 5.795227e-01 
-6.695247e-01 -1.193655e-01 
-1.047990e-02 -3.013380e-01 
2.245594e-02 -3.969748e-01 
4.121377e-03 -4.569043e-01 
-2.595963e-02 -5.037135e-01 
-3.021246e-02 -5.239346e-01 
-3.841566e-02 -5.194289e-01 
-3.826998e-02 -5.006427e-01 
-5.067672e-01 1.111244e-01 
-1.026765e-01 2.916507e-01 
-1.497215e-02 3.400910e-01 
4.318254e-03 3.071378e-01 
1.040211e-02 2.734634e-01 
1.299748e-02 2.398626e-01 
1.621916e-02 2.128493e-01 
1.684094e-02 2.093378e-01 
5.334658e-02 -3.140172e-02 
-1.761107e-02 6.949488e-03 
-3.227314e-03 3.393576e-02 
-1.637959e-03 6.539486e-02 
3.016314e-03 9.763499e-02 
6.322251e-03 1.224995e-01 
8.927648e-03 1.203389e-01 
7.318758e-03 8.853620e-02 
-4.890962e-01 -7.414992e-02 
-1.826427e-01 -2.885644e-01 
-3.273568e-02 -3.038464e-01 
-2.556855e-03 -2.444334e-01 
-7.434696e-03 -2.072298e-01 
-8.556107e-03 -1.961906e-01 
-1.423234e-02 -2.267704e-01 
-2.349597e-02 -2.952626e-01 
-3.782520e-01 2.639463e-01 
7.048633e-02 3.734085e-01 
1.232179e-02 4.616806e-01 
4.929372e-03 4.744184e-01 
1.057312e-02 4.733205e-01 
1.932668e-02 4.422297e-01 
2.661839e-02 3.908369e-01 
2.915747e-02 3.683225e-01 
-7.031405e-01 -3.023444e-03 
-1.237827e-01 -1.548604e-01 
-1.942666e-02 -2.247956e-01 
2.998871e-02 -3.031551e-01 
-4.539238e-03 -3.775968e-01 
-1.440440e-02 -4.464367e-01 
-3.493735e-02 -5.230334e-01 
-4.907163e-02 -5.784841e-01 
-8.539847e-01 1.648965e-01 
7.153520e-02 2.070981e-01 
1.991661e-02 3.147454e-01 
-1.904514e-03 4.197597e-01 
7.214852e-03 4.930291e-01 
2.193627e-02 5.321000e-01 
3.550016e-02 5.360125e-01 
3.827757e-02 5.168072e-01 
-4.505642e-01 -2.592234e-01 
-4.973640e-02 -4.114859e-01 
-2.372508e-02 -4.181459e-01 
1.918116e-03 -3.217428e-01 
-6.332832e-03 -2.587842e-01 
-7.698361e-03 -2.249113e-01 
-1.426268e-02 -2.365537e-01 
-2.322379e-02 -2.994615e-01 
-5.892151e-01 2.531309e-01 
-4.393266e-03 2.986540e-01 
1.758021e-02 2.775076e-01 
-3.267238e-03 2.545881e-01 
4.194231e-03 2.164098e-01 
6.420347e-03 1.677518e-01 
7.950633e-03 1.201510e-01 
9.208152e-03 1.117199e-01 
