poroelastic
2.267375e-02 -1.821739e-01 
8.863216e-03 -2.504153e-01 
-9.135718e-03 -2.044408e-01 
-5.953557e-03 -7.148246e-02 
8.244989e-04 1.186223e-02 
4.921900e-03 6.149571e-02 
5.536539e-03 6.868137e-02 
-7.502127e-05 -9.896616e-04 
1.104575e-01 2.953165e-01 
6.038886e-03 1.551351e-01 
8.488527e-03 6.065720e-02 
5.809028e-03 5.966492e-02 
2.374399e-03 3.231720e-02 
-9.809037e-04 -1.207023e-02 
-6.082867e-03 -7.432979e-02 
-1.330830e-02 -1.752215e-01 
-1.763484e-01 -3.601184e-01 
-1.350193e-02 -1.874674e-01 
-5.642446e-02 -2.903450e-02 
1.239037e-02 1.287835e-01 
1.449247e-02 2.383781e-01 
2.126351e-02 3.009122e-01 
2.494481e-02 3.174079e-01 
2.137474e-02 2.833886e-01 
-2.054962e-01 2.832987e-01 
2.727306e-02 6.170804e-02 
3.894773e-02 -6.438657e-02 
2.429814e-03 -1.061852e-01 
-1.046659e-02 -1.564892e-01 
-1.469937e-02 -2.158084e-01 
-2.376590e-02 -2.966656e-01 
-3.264533e-02 -4.225218e-01 
-3.390514e-02 -5.401989e-01 
-6.370436e-02 -4.649487e-01 
-5.970708e-02 -2.125725e-01 
-1.266589e-03 1.023140e-01 
1.649309e-02 3.038810e-01 
2.874647e-02 4.065260e-01 
3.185689e-02 3.911884e-01 
1.792102e-02 2.258294e-01 
-1.642201e-01 -1.273339e-03 
5.967725e-02 -2.241054e-01 
1.344647e-02 -1.976108e-01 
1.559350e-03 -5.642783e-02 
1.107518e-03 -1.015844e-02 
3.904668e-04 -3.261422e-02 
-1.208228e-02 -1.471031e-01 
-3.171278e-02 -3.841360e-01 
1.478990e-01 -5.788600e-01 
-3.779351e-02 -5.570255e-01 
-4.943762e-02 -2.844452e-01 
-6.519873e-03 3.516514e-02 
1.106793e-02 2.293830e-01 
2.178657e-02 3.232205e-01 
2.518941e-02 3.143945e-01 
1.473772e-02 1.902660e-01 
3.936940e-02 -1.654214e-01 
-2.160068e-04 -1.457194e-01 
1.641084e-03 -8.837909e-02 
9.609832e-04 -1.009857e-02 
2.491965e-03 2.058179e-02 
2.146222e-03 1.089075e-02 
-3.523319e-03 -4.552098e-02 
-1.246939e-02 -1.513683e-01 
1.428304e-01 3.718509e-01 
1.455710e-02 3.045333e-01 
1.354685e-02 1.855598e-01 
1.151802e-02 9.277994e-02 
4.571074e-03 1.494759e-02 
-9.525675e-04 -6.505436e-02 
-1.180857e-02 -1.642413e-01 
-2.532105e-02 -2.880120e-01 
-3.839819e-01 -3.429015e-01 
-3.600908e-03 -1.174567e-01 
-3.816988e-02 7.427110e-02 
5.395814e-03 2.285119e-01 
1.162855e-02 3.474763e-01 
2.384407e-02 4.239040e-01 
3.450488e-02 4.499246e-01 
3.478133e-02 4.268052e-01 
-1.603950e-01 2.694902e-01 
4.598913e-03 1.034698e-01 
1.924777e-02 -2.724000e-02 
7.500337e-03 -1.200944e-01 
-8.196782e-03 -1.907985e-01 
-1.340218e-02 -2.468196e-01 
-2.239070e-02 -2.987830e-01 
-2.869899e-02 -3.603389e-01 
2.573835e-02 -3.521594e-01 
-2.404091e-02 -2.166597e-01 
-1.374876e-02 -5.390054e-02 
-3.633422e-03 4.610425e-02 
3.452493e-03 1.127704e-01 
8.169717e-03 1.458225e-01 
1.128595e-02 1.446545e-01 
9.635799e-03 1.153405e-01 
1.214445e-01 2.310463e-01 
-2.387326e-02 2.156727e-01 
1.745334e-03 2.027481e-01 
3.212210e-03 1.455949e-01 
5.179357e-03 1.186599e-01 
5.563418e-03 1.008128e-01 
6.282475e-03 8.346578e-02 
6.593974e-03 7.729622e-02 
3.172117e-01 4.709899e-01 
7.642841e-02 5.371399e-01 
1.721783e-02 3.531051e-01 
1.012218e-02 1.006673e-01 
-6.316930e-05 -5.216538e-02 
-6.978200e-03 -1.422854e-01 
-1.227592e-02 -1.774070e-01 
-1.142530e-02 -1.386093e-01 
-2.385574e-01 9.130055e-02 
4.933772e-02 3.030000e-01 
5.923050e-03 3.195845e-01 
-3.779018e-04 2.043432e-01 
7.532712e-04 1.737671e-01 
5.384029e-03 1.848126e-01 
1.600728e-02 2.411335e-01 
3.063543e-02 3.726906e-01 
-3.959616e-02 5.448511e-01 
-2.155032e-02 4.635102e-01 
4.522677e-03 2.137737e-01 
2.369784e-02 -1.031079e-01 
-3.619453e-03 -2.834356e-01 
-1.522642e-02 -3.816948e-01 
-2.908495e-02 -4.132714e-01 
-3.238501e-02 -3.686863e-01 
-4.424232e-01 -2.743685e-01 
4.056561e-02 6.976790e-03 
7.487233e-03 1.616816e-01 
-6.547936e-03 2.177495e-01 
2.599766e-03 2.903391e-01 
1.402239e-02 3.502774e-01 
2.618469e-02 3.806488e-01 
3.152614e-02 3.938044e-01 
2.857131e-02 2.939831e-01 
6.058210e-03 2.195875e-01 
3.588979e-03 1.286706e-01 
9.981256e-03 3.314809e-02 
3.993105e-03 -3.187217e-02 
-3.795001e-04 -9.487867e-02 
-1.121522e-02 -1.846396e-01 
-2.448396e-02 -2.953080e-01 
5.012005e-02 -4.064452e-01 
-9.317433e-03 -1.815025e-01 
2.097876e-03 -2.661666e-02 
-5.644863e-03 4.770026e-02 
6.969263e-04 1.017885e-01 
5.348581e-03 1.274282e-01 
8.005422e-03 1.099020e-01 
4.948390e-03 5.625673e-02 
