poroelastic
8.199709e-03 -4.832600e-02 
5.458310e-03 -5.567570e-02 
1.889829e-03 -4.800993e-02 
-3.190761e-03 -4.313214e-02 
-2.416388e-03 -3.446944e-02 
-8.708918e-04 -1.350047e-02 
6.310079e-04 1.098458e-02 
-3.359360e-04 -6.209480e-03 
-6.485418e-01 -1.292429e-01 
-5.362619e-02 -3.527174e-01 
3.067226e-02 -3.687813e-01 
-2.020067e-02 -2.974693e-01 
-2.154286e-02 -2.658072e-01 
-1.826375e-02 -2.478780e-01 
-1.665183e-02 -2.502943e-01 
-1.735885e-02 -3.215868e-01 
-6.368271e-01 -2.586635e-02 
-1.919155e-02 9.541797e-02 
-7.587995e-02 2.815503e-01 
4.167834e-02 4.224854e-01 
3.401217e-02 5.073291e-01 
3.484099e-02 5.349857e-01 
3.193384e-02 5.114527e-01 
2.239896e-02 4.221904e-01 
-6.871111e-01 -9.435161e-02 
4.809574e-02 -2.550772e-01 
5.155569e-02 -3.139777e-01 
-1.758965e-02 -3.349845e-01 
-2.787628e-02 -3.806809e-01 
-2.841799e-02 -4.310105e-01 
-3.163721e-02 -4.933164e-01 
-3.230150e-02 -5.924861e-01 
-4.801261e-01 -1.315559e-01 
-1.269027e-01 -3.104881e-02 
-5.466373e-02 1.005636e-01 
1.379508e-02 2.661950e-01 
2.117461e-02 3.724228e-01 
2.700917e-02 4.372498e-01 
2.994538e-02 4.620653e-01 
2.330172e-02 4.062331e-01 
-5.153875e-01 -2.998808e-01 
1.630287e-01 -4.534827e-01 
3.029425e-02 -4.959592e-01 
-2.158458e-02 -4.376900e-01 
-2.508656e-02 -4.061619e-01 
-2.210777e-02 -3.775099e-01 
-2.398283e-02 -3.648569e-01 
-2.534443e-02 -4.218417e-01 
-5.148394e-01 -1.372911e-01 
-1.916112e-01 1.860516e-02 
-5.374777e-02 1.394098e-01 
8.838024e-03 2.653711e-01 
1.725464e-02 3.408406e-01 
2.203301e-02 3.832871e-01 
2.526957e-02 3.986211e-01 
2.041581e-02 3.645087e-01 
4.584858e-02 -7.921525e-02 
1.523732e-04 -1.065033e-01 
4.947185e-03 -7.763213e-02 
-4.552204e-04 -3.479786e-02 
-8.443464e-04 -2.750956e-02 
-1.854719e-03 -4.476555e-02 
-6.193999e-03 -9.682548e-02 
-1.166399e-02 -1.951749e-01 
-5.166888e-01 -9.456687e-02 
-9.116665e-02 -2.897639e-01 
7.859253e-04 -2.994367e-01 
-3.689959e-03 -2.274199e-01 
-8.223643e-03 -1.987148e-01 
-9.143805e-03 -2.041884e-01 
-1.555720e-02 -2.650204e-01 
-2.563162e-02 -4.012495e-01 
-7.568801e-01 -9.849594e-03 
4.061700e-03 9.758158e-02 
-2.990336e-02 2.770442e-01 
2.081731e-02 4.504552e-01 
2.233631e-02 5.625178e-01 
3.072228e-02 6.196588e-01 
3.696334e-02 6.251199e-01 
3.378660e-02 5.748350e-01 
-6.758271e-01 -1.064451e-01 
-1.298515e-02 -2.906952e-01 
1.078692e-02 -3.913417e-01 
-8.350774e-03 -4.566794e-01 
-2.443015e-02 -5.023051e-01 
-2.607256e-02 -5.207481e-01 
-2.967662e-02 -5.158493e-01 
-2.857838e-02 -5.017606e-01 
-5.092597e-01 1.102050e-01 
-9.552035e-02 2.872215e-01 
-8.072020e-03 3.338391e-01 
7.463907e-03 3.023532e-01 
1.035211e-02 2.703435e-01 
1.133319e-02 2.404654e-01 
1.284504e-02 2.171867e-01 
1.277884e-02 2.106575e-01 
4.813573e-02 -2.300531e-02 
-1.331868e-02 1.232334e-02 
-9.937074e-04 3.952644e-02 
8.778796e-04 6.763600e-02 
3.425202e-03 9.457313e-02 
5.233421e-03 1.128636e-01 
6.045316e-03 1.046224e-01 
4.110892e-03 6.659651e-02 
-4.697253e-01 -6.789982e-02 
-1.771543e-01 -2.755212e-01 
-3.416265e-02 -2.904512e-01 
-6.474823e-03 -2.343404e-01 
-7.273162e-03 -1.971635e-01 
-7.418057e-03 -1.849582e-01 
-1.061570e-02 -2.135755e-01 
-1.658577e-02 -2.818411e-01 
-3.878848e-01 2.669076e-01 
8.549874e-02 3.716888e-01 
1.834671e-02 4.610007e-01 
9.347146e-03 4.721106e-01 
1.199019e-02 4.675953e-01 
1.659525e-02 4.382956e-01 
2.008411e-02 3.909779e-01 
2.149773e-02 3.670341e-01 
-6.988866e-01 1.024605e-02 
-1.339223e-01 -1.467267e-01 
-2.716395e-02 -2.258504e-01 
1.324865e-02 -3.176347e-01 
-6.988467e-03 -3.935525e-01 
-1.373552e-02 -4.603379e-01 
-2.650741e-02 -5.302521e-01 
-3.627605e-02 -5.782075e-01 
-8.456772e-01 1.643864e-01 
7.370969e-02 2.172126e-01 
3.076646e-02 3.273567e-01 
1.270133e-03 4.340635e-01 
8.668815e-03 5.038483e-01 
1.825961e-02 5.393192e-01 
2.689850e-02 5.364872e-01 
2.904853e-02 5.045697e-01 
-4.586859e-01 -2.464637e-01 
-4.851711e-02 -3.978917e-01 
-2.882618e-02 -4.099347e-01 
-2.593483e-04 -3.171158e-01 
-5.077941e-03 -2.537207e-01 
-5.931006e-03 -2.186927e-01 
-1.053816e-02 -2.295332e-01 
-1.782292e-02 -2.947965e-01 
-5.678885e-01 2.448112e-01 
-2.402344e-03 2.909632e-01 
2.060671e-02 2.673823e-01 
-2.111937e-03 2.418978e-01 
3.089754e-03 2.060996e-01 
4.779274e-03 1.641608e-01 
6.164745e-03 1.243984e-01 
7.403553e-03 1.136183e-01 
