poroelastic
-7.816347e-02 3.933343e-01 
-6.756776e-02 5.984200e-01 
-3.197770e-02 5.837832e-01 
3.227077e-03 3.489721e-01 
2.510189e-03 1.654930e-01 
5.438200e-04 2.755612e-02 
-8.912122e-04 -5.018766e-02 
-1.391237e-04 -6.853640e-03 
-7.719751e-01 -6.724841e-01 
-8.394935e-03 -3.866672e-01 
3.874818e-02 -2.038076e-01 
2.845094e-03 -2.515955e-01 
-2.737502e-03 -2.765372e-01 
-3.226908e-03 -2.757693e-01 
-3.285063e-03 -2.300438e-01 
-1.786393e-03 -8.720268e-02 
-5.002455e-01 6.847306e-01 
-3.974891e-02 6.610940e-01 
-2.678810e-02 5.358963e-01 
8.591759e-04 2.909558e-01 
7.115939e-04 1.149966e-01 
-1.085783e-04 4.771833e-03 
-6.692416e-04 -2.164676e-02 
1.313256e-03 6.362884e-02 
-2.011241e-01 -5.961278e-01 
1.249164e-02 -2.068851e-01 
1.690533e-03 -4.033014e-02 
-2.153481e-04 -5.492908e-02 
-7.594102e-04 -5.929873e-02 
-1.124193e-03 -4.568781e-02 
-7.231989e-04 4.152550e-03 
2.819577e-03 1.276217e-01 
-6.242867e-01 8.544083e-01 
-1.219104e-01 9.839931e-01 
-1.600487e-02 7.153714e-01 
3.572713e-03 2.819256e-01 
3.287973e-03 -2.193471e-02 
-4.066134e-04 -2.048958e-01 
-3.782201e-03 -2.337349e-01 
-1.457647e-03 -5.844448e-02 
-4.555112e-02 -1.923843e-01 
4.931015e-03 1.954520e-01 
5.222226e-03 1.329266e-01 
4.068856e-03 -1.138674e-01 
-2.124106e-04 -2.293121e-01 
-3.504404e-03 -2.406915e-01 
-3.930346e-03 -1.067783e-01 
6.050628e-03 2.174058e-01 
-9.526868e-01 8.468586e-01 
-2.793902e-01 1.164323e+00 
-4.486443e-02 8.834978e-01 
-3.959554e-03 3.959358e-01 
1.594338e-03 6.212600e-02 
-2.786204e-04 -1.285840e-01 
-2.710056e-03 -1.434899e-01 
1.628492e-03 7.064174e-02 
-8.375534e-02 3.563102e-01 
-7.588557e-03 3.973971e-01 
-1.020318e-02 3.499608e-01 
-1.244393e-03 1.754054e-01 
1.123180e-03 3.601773e-02 
4.883648e-04 -5.984806e-02 
-1.324842e-03 -8.440511e-02 
-3.849654e-06 -1.469570e-04 
-5.467036e-01 -6.912792e-01 
-3.567207e-02 -5.726013e-01 
8.676733e-03 -3.241156e-01 
4.534246e-03 -1.555842e-01 
6.541034e-04 -7.245624e-02 
-1.315238e-04 -3.265705e-02 
-3.709442e-04 -1.379026e-02 
3.266344e-04 1.103875e-02 
-3.952190e-01 5.767152e-01 
-1.525567e-02 4.969572e-01 
-1.265657e-02 4.098801e-01 
-5.799342e-03 2.981613e-01 
-2.920885e-05 1.700903e-01 
1.851837e-03 4.624783e-02 
4.676669e-04 -5.235792e-02 
-2.708896e-03 -1.016129e-01 
-2.313099e-01 -4.724834e-01 
6.159443e-03 -2.044886e-01 
2.920551e-03 -6.357597e-02 
4.773668e-03 -4.670675e-02 
1.992841e-03 -5.790595e-02 
9.922576e-04 -7.825578e-02 
-7.693594e-04 -8.474545e-02 
-7.390317e-04 -2.899994e-02 
-6.930381e-01 6.987197e-01 
-1.393290e-01 8.362638e-01 
-2.727680e-02 6.697654e-01 
-1.229319e-02 4.131784e-01 
-1.283694e-03 1.932559e-01 
9.802981e-04 2.523991e-02 
-6.229681e-04 -6.127534e-02 
-4.472129e-04 -1.661907e-02 
3.302562e-03 -2.097977e-01 
-1.845946e-03 -3.844734e-02 
-9.117960e-04 4.449433e-02 
-3.084004e-03 8.783903e-02 
-7.149915e-04 7.007029e-02 
3.934931e-04 2.891633e-02 
1.265517e-04 -1.138680e-02 
-5.207182e-04 -1.880659e-02 
-7.956642e-01 -7.593303e-01 
-1.590289e-01 -8.688446e-01 
-1.565586e-03 -5.419164e-01 
6.162154e-03 -1.779997e-01 
1.175054e-03 -2.704925e-03 
1.793937e-03 4.969172e-02 
2.430036e-03 -7.944228e-03 
-3.953923e-03 -1.548442e-01 
-1.377323e-01 2.524578e-01 
2.250543e-02 1.697837e-01 
-3.339770e-03 2.539302e-01 
-1.438694e-02 3.656006e-01 
-4.125648e-03 3.278109e-01 
3.499248e-03 1.976190e-01 
4.329317e-03 -1.679852e-02 
-7.530200e-03 -2.746354e-01 
-3.921554e-01 -7.737506e-01 
-7.672393e-03 -6.443914e-01 
1.344426e-02 -3.300972e-01 
-9.102613e-03 -1.081422e-02 
-6.460072e-03 1.379768e-01 
-2.969082e-03 1.794685e-01 
9.950731e-04 1.282124e-01 
8.173445e-04 2.755564e-02 
-3.550962e-01 5.872063e-01 
4.846267e-03 4.111761e-01 
-4.519884e-03 2.973611e-01 
-7.157460e-03 2.280581e-01 
-1.809917e-04 1.231912e-01 
2.373049e-03 1.421215e-02 
9.542731e-04 -7.100702e-02 
-2.543155e-03 -9.867650e-02 
-3.812238e-01 -5.174579e-01 
-7.201823e-03 -3.852838e-01 
-1.699169e-03 -2.752498e-01 
1.559053e-02 -1.763204e-01 
7.032871e-03 -1.431838e-01 
3.564166e-03 -1.340716e-01 
-1.565567e-04 -1.177192e-01 
-1.815061e-03 -6.004037e-02 
-9.379220e-01 6.758387e-01 
-5.420325e-02 6.608954e-01 
1.396904e-03 5.302491e-01 
-3.213842e-02 4.333401e-01 
-1.232438e-02 3.032416e-01 
-3.296080e-03 1.741727e-01 
8.167325e-05 7.216956e-02 
1.372348e-03 4.009809e-02 
