poroelastic
3.058401e-02 -1.197056e-01 
2.955825e-02 -2.017235e-01 
1.623738e-02 -1.882032e-01 
9.227347e-04 -8.564797e-02 
2.364992e-04 -1.731819e-02 
1.320335e-03 1.375929e-02 
1.143786e-04 -1.036302e-02 
-3.455231e-03 -6.168065e-02 
8.617160e-01 1.971904e-01 
1.754240e-03 3.181620e-01 
-9.447251e-02 3.838723e-01 
-2.857339e-02 4.288264e-01 
5.138122e-05 4.307356e-01 
5.400516e-03 3.962108e-01 
1.009520e-02 3.283463e-01 
1.672857e-02 2.916599e-01 
6.138846e-01 -1.100659e-01 
5.327254e-02 -2.640545e-01 
1.067771e-01 -3.418927e-01 
2.184135e-02 -3.555150e-01 
1.315871e-02 -3.882045e-01 
1.191477e-03 -4.188613e-01 
-1.339615e-02 -4.549175e-01 
-2.697493e-02 -4.597989e-01 
7.182321e-01 1.896753e-01 
-8.520034e-02 2.413224e-01 
-9.539456e-02 3.171605e-01 
-4.532355e-02 3.835722e-01 
-8.427953e-03 4.284006e-01 
1.839500e-04 4.506152e-01 
1.389644e-02 4.534994e-01 
2.917233e-02 4.772258e-01 
5.663320e-01 -1.298711e-02 
1.853427e-01 -1.904005e-01 
9.357506e-02 -2.650034e-01 
3.775204e-02 -3.136814e-01 
1.617661e-02 -3.554919e-01 
2.383527e-03 -3.916091e-01 
-1.414519e-02 -4.368604e-01 
-2.850613e-02 -4.563188e-01 
5.583017e-01 2.637017e-01 
-2.248960e-01 2.947368e-01 
-9.413972e-02 4.160838e-01 
-4.970244e-02 4.853148e-01 
-1.031790e-02 5.109346e-01 
3.822150e-05 4.950721e-01 
1.538949e-02 4.398311e-01 
2.654578e-02 3.970238e-01 
5.015278e-01 -5.305316e-03 
2.121197e-01 -2.016719e-01 
7.436901e-02 -2.372056e-01 
3.324178e-02 -2.145281e-01 
1.565857e-02 -2.204511e-01 
6.171878e-03 -2.495254e-01 
-7.920638e-03 -3.196408e-01 
-2.479371e-02 -4.130556e-01 
-2.280641e-02 -1.090283e-02 
-1.622973e-03 -7.686043e-05 
-9.689834e-03 2.289540e-02 
-8.239218e-03 5.918943e-02 
-2.888886e-03 7.830871e-02 
-1.998671e-04 8.303059e-02 
2.250442e-03 6.760954e-02 
3.466039e-03 5.224408e-02 
5.655377e-01 5.809854e-02 
5.881331e-02 1.868362e-01 
-3.390611e-02 2.361126e-01 
-4.322551e-02 2.563241e-01 
-1.671031e-02 2.729617e-01 
-7.923074e-03 2.899732e-01 
6.425246e-03 3.169235e-01 
2.709230e-02 3.699493e-01 
7.189406e-01 -5.354093e-02 
2.525448e-02 -2.469741e-01 
6.775735e-02 -3.661838e-01 
5.384860e-02 -4.382197e-01 
3.285452e-02 -5.007310e-01 
1.116390e-02 -5.331293e-01 
-1.414665e-02 -5.489289e-01 
-3.805853e-02 -5.588657e-01 
6.697964e-01 5.169906e-02 
-1.440211e-02 1.539771e-01 
-5.705687e-02 3.043676e-01 
-7.664574e-02 4.599868e-01 
-2.269249e-02 5.493098e-01 
-5.637969e-03 5.773264e-01 
1.637354e-02 5.374028e-01 
2.900391e-02 4.308392e-01 
4.793901e-01 -1.283279e-01 
1.386624e-01 -3.562204e-01 
4.560137e-02 -3.692126e-01 
3.434851e-02 -2.624296e-01 
1.588399e-02 -2.060050e-01 
8.188479e-03 -1.851381e-01 
-3.470878e-03 -2.192968e-01 
-2.261172e-02 -3.283332e-01 
-3.515627e-02 -8.871578e-02 
1.287464e-02 -1.398632e-01 
4.116526e-03 -9.832837e-02 
1.131337e-03 -6.993210e-03 
1.461207e-03 3.225323e-02 
3.295504e-03 3.553222e-02 
2.117687e-03 -4.392164e-03 
-6.936891e-03 -9.692879e-02 
4.274458e-01 -5.802595e-02 
1.355703e-01 9.413105e-02 
5.902983e-03 1.768303e-01 
-3.595144e-02 2.429895e-01 
-1.509686e-02 2.660604e-01 
-5.996944e-03 2.694075e-01 
4.810211e-03 2.615671e-01 
1.638240e-02 2.336558e-01 
3.984781e-01 -3.146527e-01 
-3.844334e-02 -5.133883e-01 
3.553209e-02 -5.531385e-01 
6.157081e-02 -4.802001e-01 
3.363466e-02 -4.494553e-01 
1.419130e-02 -4.168021e-01 
-7.358257e-03 -3.970885e-01 
-3.275997e-02 -4.498471e-01 
6.701438e-01 -1.401513e-01 
9.806377e-02 -4.114687e-02 
-5.375711e-03 1.144720e-01 
-9.347427e-02 3.236066e-01 
-3.867746e-02 4.632137e-01 
-1.768323e-02 5.423437e-01 
1.435740e-02 5.636655e-01 
3.815014e-02 4.895699e-01 
6.835288e-01 -9.765720e-02 
-2.430096e-02 -2.624371e-01 
1.480517e-02 -3.100760e-01 
5.829061e-02 -3.031012e-01 
3.670338e-02 -3.374607e-01 
1.884718e-02 -3.840981e-01 
-6.684640e-03 -4.552600e-01 
-3.931707e-02 -5.754108e-01 
3.949199e-01 9.034917e-02 
1.254833e-02 1.923210e-01 
-1.164647e-02 2.884217e-01 
-4.912367e-02 3.283407e-01 
-1.932558e-02 3.260177e-01 
-7.267080e-03 3.003896e-01 
6.098688e-03 2.650833e-01 
1.608008e-02 2.196387e-01 
5.359891e-01 -1.140568e-01 
5.105236e-02 -3.100635e-01 
1.100452e-02 -3.232109e-01 
3.617602e-02 -2.755567e-01 
1.432352e-02 -2.425564e-01 
3.314738e-03 -1.926610e-01 
-3.398312e-03 -1.237363e-01 
-7.179835e-03 -9.199957e-02 
