poroelastic
2.081405e-02 -1.755755e-01 
7.581410e-03 -2.396420e-01 
-8.781356e-03 -1.926438e-01 
-5.092376e-03 -6.448196e-02 
1.123395e-03 1.461876e-02 
4.676384e-03 6.068044e-02 
4.899009e-03 6.494001e-02 
-5.505826e-04 -7.745334e-03 
1.170218e-01 3.050695e-01 
6.789407e-03 1.679071e-01 
9.238729e-03 7.207642e-02 
5.656906e-03 6.410477e-02 
1.994850e-03 3.113969e-02 
-1.541327e-03 -1.727009e-02 
-6.489242e-03 -8.205317e-02 
-1.286163e-02 -1.830867e-01 
-1.802926e-01 -3.489828e-01 
-1.432678e-02 -1.751555e-01 
-5.202935e-02 -1.579805e-02 
1.297853e-02 1.359473e-01 
1.550920e-02 2.397611e-01 
2.067031e-02 2.977951e-01 
2.305711e-02 3.118037e-01 
1.920312e-02 2.778396e-01 
-1.989741e-01 2.929718e-01 
2.649405e-02 7.495146e-02 
3.701770e-02 -5.096302e-02 
1.867235e-04 -9.877344e-02 
-1.054495e-02 -1.552207e-01 
-1.470024e-02 -2.189881e-01 
-2.265439e-02 -3.016460e-01 
-3.002091e-02 -4.250330e-01 
-4.171900e-02 -5.386066e-01 
-6.292472e-02 -4.561275e-01 
-5.508139e-02 -2.022041e-01 
5.020961e-04 1.089826e-01 
1.704652e-02 3.060312e-01 
2.730938e-02 4.047103e-01 
2.923153e-02 3.871715e-01 
1.623183e-02 2.226229e-01 
-1.617309e-01 2.685451e-03 
5.660816e-02 -2.134505e-01 
1.241535e-02 -1.870367e-01 
6.214764e-04 -5.112400e-02 
6.353568e-04 -1.129868e-02 
-5.393099e-04 -3.930770e-02 
-1.211760e-02 -1.571237e-01 
-2.949432e-02 -3.929584e-01 
1.336819e-01 -5.771248e-01 
-4.156026e-02 -5.495881e-01 
-4.695931e-02 -2.741562e-01 
-4.773354e-03 4.482959e-02 
1.171122e-02 2.359210e-01 
2.082233e-02 3.265403e-01 
2.317874e-02 3.157802e-01 
1.355035e-02 1.919558e-01 
3.676982e-02 -1.619109e-01 
-9.015493e-04 -1.381495e-01 
1.205675e-03 -7.948834e-02 
9.439010e-04 -2.909305e-03 
2.281124e-03 2.324998e-02 
1.656224e-03 9.784466e-03 
-3.404669e-03 -4.690123e-02 
-1.084319e-02 -1.465435e-01 
1.447873e-01 3.751312e-01 
1.531469e-02 3.125223e-01 
1.339653e-02 1.936076e-01 
1.033509e-02 9.789859e-02 
3.643184e-03 1.339173e-02 
-1.954821e-03 -7.261223e-02 
-1.170726e-02 -1.735111e-01 
-2.257732e-02 -2.889932e-01 
-3.877136e-01 -3.373846e-01 
-3.512385e-03 -1.088357e-01 
-3.337009e-02 8.532296e-02 
7.195489e-03 2.391975e-01 
1.342727e-02 3.533608e-01 
2.303817e-02 4.242666e-01 
3.118266e-02 4.464384e-01 
3.096880e-02 4.250942e-01 
-1.527635e-01 2.777364e-01 
4.623149e-03 1.132891e-01 
1.689993e-02 -1.622012e-02 
4.481359e-03 -1.103300e-01 
-8.122313e-03 -1.859129e-01 
-1.287689e-02 -2.465021e-01 
-2.038450e-02 -3.005031e-01 
-2.534507e-02 -3.579780e-01 
2.457532e-02 -3.560181e-01 
-2.400121e-02 -2.143399e-01 
-1.217211e-02 -4.844979e-02 
-2.176228e-03 5.074873e-02 
3.885900e-03 1.134456e-01 
7.591928e-03 1.429847e-01 
9.885782e-03 1.408836e-01 
8.575051e-03 1.150452e-01 
1.198592e-01 2.357937e-01 
-2.100329e-02 2.253743e-01 
3.099433e-03 2.123298e-01 
4.469804e-03 1.512180e-01 
5.266810e-03 1.177921e-01 
4.971462e-03 9.398566e-02 
5.006189e-03 7.365384e-02 
5.327480e-03 7.039805e-02 
3.332457e-01 4.777912e-01 
8.161448e-02 5.506425e-01 
1.753673e-02 3.672009e-01 
9.043271e-03 1.115385e-01 
-2.013363e-04 -4.616034e-02 
-6.582937e-03 -1.406065e-01 
-1.119903e-02 -1.785735e-01 
-1.006427e-02 -1.380734e-01 
-2.424328e-01 9.208891e-02 
5.418114e-02 3.099370e-01 
7.632287e-03 3.274452e-01 
1.422411e-03 2.092089e-01 
2.123592e-03 1.733496e-01 
5.453235e-03 1.796090e-01 
1.383999e-02 2.332457e-01 
2.654803e-02 3.653450e-01 
-3.590411e-02 5.498874e-01 
-2.195749e-02 4.733695e-01 
2.893165e-03 2.237513e-01 
1.811891e-02 -9.807387e-02 
-4.383109e-03 -2.857310e-01 
-1.481977e-02 -3.896515e-01 
-2.647314e-02 -4.229773e-01 
-2.895451e-02 -3.735509e-01 
-4.414384e-01 -2.673709e-01 
4.118620e-02 1.586693e-02 
1.092494e-02 1.707104e-01 
-5.150933e-03 2.223685e-01 
3.445219e-03 2.899434e-01 
1.280525e-02 3.459613e-01 
2.305297e-02 3.751714e-01 
2.830982e-02 3.905680e-01 
3.677718e-02 3.038771e-01 
6.787123e-03 2.312292e-01 
2.729887e-03 1.398800e-01 
8.879338e-03 3.962050e-02 
3.659903e-03 -2.975978e-02 
-4.533145e-04 -9.560592e-02 
-1.016698e-02 -1.857405e-01 
-2.201976e-02 -2.934703e-01 
5.298259e-02 -4.044017e-01 
-8.903486e-03 -1.784305e-01 
3.014347e-03 -2.184905e-02 
-4.485816e-03 5.079518e-02 
9.918306e-04 1.011096e-01 
4.842772e-03 1.229094e-01 
6.731385e-03 1.025321e-01 
3.738091e-03 4.676314e-02 
