poroelastic
2.371383e-02 -1.844198e-01 
9.684777e-03 -2.545778e-01 
-9.093220e-03 -2.094828e-01 
-6.434320e-03 -7.515809e-02 
6.469500e-04 1.034361e-02 
5.067161e-03 6.189276e-02 
5.829368e-03 6.975966e-02 
-8.925595e-05 -1.132139e-03 
1.078504e-01 2.917240e-01 
5.756148e-03 1.504251e-01 
8.270606e-03 5.635899e-02 
5.919996e-03 5.755456e-02 
2.608162e-03 3.304349e-02 
-6.432454e-04 -9.099015e-03 
-5.918719e-03 -7.072458e-02 
-1.383287e-02 -1.740008e-01 
-1.734837e-01 -3.637303e-01 
-1.317055e-02 -1.923911e-01 
-5.856627e-02 -3.522070e-02 
1.188823e-02 1.242913e-01 
1.393272e-02 2.367560e-01 
2.162146e-02 3.017817e-01 
2.601376e-02 3.190829e-01 
2.244483e-02 2.830509e-01 
-2.089453e-01 2.778213e-01 
2.784000e-02 5.554603e-02 
4.020289e-02 -7.063813e-02 
3.650811e-03 -1.101184e-01 
-1.041512e-02 -1.572012e-01 
-1.471925e-02 -2.140361e-01 
-2.450008e-02 -2.943362e-01 
-3.438222e-02 -4.228561e-01 
-3.046800e-02 -5.392519e-01 
-6.413494e-02 -4.686543e-01 
-6.226284e-02 -2.178613e-01 
-2.373992e-03 9.852938e-02 
1.622620e-02 3.025328e-01 
2.963246e-02 4.073696e-01 
3.344512e-02 3.931132e-01 
1.893162e-02 2.271782e-01 
-1.650594e-01 -4.808880e-03 
6.109110e-02 -2.299728e-01 
1.384464e-02 -2.033346e-01 
1.978505e-03 -5.907558e-02 
1.386150e-03 -9.283242e-03 
9.269249e-04 -2.868934e-02 
-1.202129e-02 -1.410108e-01 
-3.283960e-02 -3.772426e-01 
1.545302e-01 -5.794193e-01 
-3.616085e-02 -5.613401e-01 
-5.105323e-02 -2.907185e-01 
-7.602164e-03 2.998786e-02 
1.074518e-02 2.260409e-01 
2.238583e-02 3.215529e-01 
2.645917e-02 3.142839e-01 
1.570874e-02 1.923794e-01 
4.069389e-02 -1.684650e-01 
1.109106e-04 -1.512546e-01 
1.723547e-03 -9.437363e-02 
9.233813e-04 -1.388298e-02 
2.598975e-03 1.939116e-02 
2.407925e-03 1.162496e-02 
-3.532816e-03 -4.397141e-02 
-1.311893e-02 -1.502391e-01 
1.424958e-01 3.684429e-01 
1.433642e-02 2.984327e-01 
1.351222e-02 1.797839e-01 
1.204045e-02 9.025494e-02 
5.058584e-03 1.643739e-02 
-4.233590e-04 -6.028868e-02 
-1.178976e-02 -1.577087e-01 
-2.642596e-02 -2.824898e-01 
-3.823680e-01 -3.476917e-01 
-4.037014e-03 -1.237420e-01 
-4.114206e-02 6.720435e-02 
4.349331e-03 2.230734e-01 
1.077364e-02 3.449078e-01 
2.443842e-02 4.242382e-01 
3.662031e-02 4.529894e-01 
3.734346e-02 4.316608e-01 
-1.639614e-01 2.649980e-01 
4.712119e-03 9.747361e-02 
2.059192e-02 -3.388889e-02 
9.019587e-03 -1.251430e-01 
-8.296649e-03 -1.931303e-01 
-1.379293e-02 -2.469662e-01 
-2.358288e-02 -2.976541e-01 
-3.044330e-02 -3.591894e-01 
2.649875e-02 -3.520312e-01 
-2.425391e-02 -2.190279e-01 
-1.475047e-02 -5.723896e-02 
-4.445571e-03 4.385477e-02 
3.254967e-03 1.127301e-01 
8.539354e-03 1.475156e-01 
1.214144e-02 1.469395e-01 
1.041704e-02 1.174033e-01 
1.225857e-01 2.290455e-01 
-2.555293e-02 2.108834e-01 
9.640739e-04 1.981853e-01 
2.552528e-03 1.432827e-01 
5.187667e-03 1.198119e-01 
5.957068e-03 1.049215e-01 
7.076574e-03 8.884805e-02 
7.426121e-03 8.182192e-02 
3.089345e-01 4.689943e-01 
7.376804e-02 5.315069e-01 
1.725457e-02 3.466486e-01 
1.079244e-02 9.509731e-02 
-1.566314e-05 -5.552312e-02 
-7.280498e-03 -1.438290e-01 
-1.303307e-02 -1.782892e-01 
-1.236860e-02 -1.408501e-01 
-2.372500e-01 9.150332e-02 
4.689131e-02 3.010066e-01 
4.959772e-03 3.170909e-01 
-1.228458e-03 2.024201e-01 
1.537295e-04 1.743415e-01 
5.481672e-03 1.876120e-01 
1.729127e-02 2.445365e-01 
3.280563e-02 3.747564e-01 
-4.151553e-02 5.433420e-01 
-2.110547e-02 4.593940e-01 
5.705870e-03 2.095067e-01 
2.652114e-02 -1.058409e-01 
-3.379013e-03 -2.824630e-01 
-1.560592e-02 -3.778475e-01 
-3.067102e-02 -4.092040e-01 
-3.447483e-02 -3.686081e-01 
-4.443231e-01 -2.760995e-01 
4.006790e-02 3.981955e-03 
5.526810e-03 1.586897e-01 
-7.143845e-03 2.161809e-01 
2.383084e-03 2.913107e-01 
1.493127e-02 3.531397e-01 
2.805839e-02 3.832302e-01 
3.315821e-02 3.933161e-01 
2.366508e-02 2.889195e-01 
5.764334e-03 2.144327e-01 
4.199180e-03 1.238880e-01 
1.064773e-02 2.986052e-02 
4.172824e-03 -3.343700e-02 
-3.984302e-04 -9.551246e-02 
-1.199456e-02 -1.860277e-01 
-2.615217e-02 -2.995994e-01 
4.638886e-02 -4.057169e-01 
-9.663926e-03 -1.824225e-01 
1.558035e-03 -2.837863e-02 
-6.267277e-03 4.689625e-02 
5.987573e-04 1.029264e-01 
5.714731e-03 1.305335e-01 
8.808722e-03 1.142891e-01 
5.664635e-03 6.132471e-02 
