poroelastic
6.706231e-02 -2.962046e-01 
5.377075e-02 -4.778166e-01 
1.701386e-02 -4.901284e-01 
-1.298180e-02 -2.914109e-01 
-8.083569e-03 -1.187844e-01 
-7.403481e-04 8.205910e-03 
5.299259e-03 7.576926e-02 
5.458846e-03 6.861035e-02 
9.961529e-01 7.565894e-01 
2.898459e-02 6.655492e-01 
-6.587953e-02 4.561178e-01 
-4.113031e-03 3.802677e-01 
1.359048e-02 3.422810e-01 
1.505480e-02 3.058314e-01 
1.692328e-02 2.657680e-01 
1.826696e-02 2.291847e-01 
8.733698e-01 -6.397489e-01 
3.710644e-02 -6.461627e-01 
8.536539e-02 -6.705348e-01 
-1.271832e-02 -5.447883e-01 
-1.362308e-02 -4.324396e-01 
-1.500865e-02 -3.224870e-01 
-1.512853e-02 -2.330660e-01 
-1.383305e-02 -1.725566e-01 
5.758563e-01 6.316498e-01 
-4.745026e-02 3.858774e-01 
-5.270203e-02 2.272596e-01 
-1.404384e-02 2.199226e-01 
5.578405e-03 2.537454e-01 
1.128702e-02 2.853278e-01 
1.926108e-02 2.969560e-01 
2.221478e-02 2.697845e-01 
9.369614e-01 -7.123594e-01 
2.044459e-01 -8.892216e-01 
5.577554e-02 -7.361992e-01 
-3.412848e-03 -4.544971e-01 
-6.331441e-03 -2.427675e-01 
-2.856389e-03 -1.119317e-01 
-5.532725e-03 -1.009738e-01 
-1.899585e-02 -2.266815e-01 
3.630862e-01 4.201606e-01 
-1.343535e-01 1.542608e-01 
-6.158952e-02 2.031561e-01 
-1.438720e-02 3.589568e-01 
1.300015e-02 4.413176e-01 
2.126640e-02 4.419004e-01 
2.443235e-02 3.335017e-01 
9.279704e-03 1.065959e-01 
1.266941e+00 -7.297825e-01 
3.794795e-01 -1.110798e+00 
7.424609e-02 -9.208334e-01 
-7.938434e-04 -5.611962e-01 
-7.755581e-03 -2.970171e-01 
-3.891884e-03 -1.307182e-01 
-4.647702e-03 -8.932174e-02 
-1.614783e-02 -1.984152e-01 
6.460253e-02 -2.615742e-01 
7.290725e-03 -2.786655e-01 
1.472862e-03 -2.808212e-01 
-8.408864e-03 -1.881920e-01 
-7.015205e-03 -7.752994e-02 
-2.366388e-03 2.193372e-02 
5.903082e-03 9.969498e-02 
1.164703e-02 1.347411e-01 
8.566736e-01 8.021072e-01 
7.969010e-02 8.278323e-01 
-1.966651e-02 5.586666e-01 
-1.003428e-02 2.907084e-01 
-8.306568e-05 1.679346e-01 
5.084939e-04 1.215191e-01 
7.215954e-03 1.463716e-01 
2.135844e-02 2.309913e-01 
8.749448e-01 -5.627834e-01 
5.927294e-03 -4.985233e-01 
5.164596e-02 -5.559364e-01 
7.317376e-03 -5.910840e-01 
-8.096435e-03 -5.326725e-01 
-1.678440e-02 -4.172461e-01 
-1.839905e-02 -2.748490e-01 
-1.245429e-02 -1.424558e-01 
6.026722e-01 5.866576e-01 
-8.061146e-03 4.623818e-01 
-3.567404e-02 3.321701e-01 
-2.700771e-02 2.875210e-01 
-3.083087e-04 3.088316e-01 
8.572046e-03 3.439730e-01 
2.251585e-02 3.682717e-01 
2.864328e-02 3.328642e-01 
1.090233e+00 -7.541478e-01 
2.256195e-01 -9.984947e-01 
4.814596e-02 -8.882736e-01 
8.283983e-03 -6.565769e-01 
-9.787877e-03 -4.260855e-01 
-9.805922e-03 -2.307046e-01 
-6.232146e-03 -9.922770e-02 
-7.843277e-03 -8.789274e-02 
-8.821614e-04 2.866834e-01 
7.127697e-03 8.810579e-02 
4.230406e-03 -2.926380e-02 
1.106111e-03 -1.190519e-01 
-4.164500e-03 -1.160651e-01 
-5.331667e-03 -7.722572e-02 
-1.990702e-03 -1.265012e-02 
5.857827e-03 6.386703e-02 
1.094172e+00 8.865036e-01 
2.657520e-01 1.144179e+00 
1.804800e-02 7.784209e-01 
-7.926634e-03 3.018503e-01 
-5.027053e-03 7.360398e-02 
-8.083780e-03 1.301282e-02 
1.388924e-03 1.205408e-01 
3.351872e-02 3.723479e-01 
4.385022e-01 -4.037445e-01 
-5.887402e-02 -3.702017e-01 
2.519419e-02 -5.552988e-01 
2.306954e-02 -7.296894e-01 
-8.406918e-03 -6.984321e-01 
-2.381156e-02 -5.330962e-01 
-1.990183e-02 -2.568581e-01 
4.167639e-03 4.535443e-02 
8.787804e-01 8.433337e-01 
9.219080e-02 8.058468e-01 
-4.895836e-03 4.843892e-01 
-2.622108e-02 1.749073e-01 
-1.203302e-02 8.621223e-02 
-8.393779e-03 1.198513e-01 
1.113671e-02 2.508011e-01 
3.893521e-02 3.969026e-01 
9.740770e-01 -7.638921e-01 
-5.173295e-02 -5.761251e-01 
9.478515e-03 -5.584255e-01 
2.209057e-02 -5.635956e-01 
-1.263953e-03 -4.688000e-01 
-1.038677e-02 -3.345361e-01 
-1.285011e-02 -2.047514e-01 
-1.269702e-02 -1.395549e-01 
5.838094e-01 7.571948e-01 
2.228486e-02 7.200242e-01 
-3.697785e-03 5.474423e-01 
-1.928239e-02 3.211773e-01 
-3.324475e-03 2.214751e-01 
1.495747e-03 1.857038e-01 
1.022732e-02 1.858583e-01 
1.741688e-02 1.840968e-01 
1.382775e+00 -9.238072e-01 
6.387475e-02 -8.842067e-01 
2.871671e-03 -7.308459e-01 
2.736619e-02 -6.218163e-01 
-3.342743e-03 -4.428672e-01 
-9.777883e-03 -2.512316e-01 
-6.238904e-03 -8.913887e-02 
-3.526459e-03 -3.512483e-02 
