poroelastic
7.573938e-02 -2.886512e-01 
6.975371e-02 -4.784132e-01 
3.688168e-02 -5.006397e-01 
-4.719285e-03 -3.169337e-01 
-6.433489e-03 -1.501381e-01 
-2.071467e-03 -2.397707e-02 
2.151242e-03 3.923304e-02 
2.363185e-03 3.316387e-02 
1.081460e+00 5.978923e-01 
1.056232e-02 5.490449e-01 
-1.001597e-01 4.357073e-01 
-2.571454e-02 4.353529e-01 
5.636708e-03 4.411476e-01 
1.183705e-02 4.283038e-01 
1.840496e-02 3.893218e-01 
2.516175e-02 3.484669e-01 
9.715022e-01 -4.959176e-01 
6.855715e-02 -6.324349e-01 
1.324333e-01 -6.931150e-01 
1.111825e-02 -5.957375e-01 
1.442920e-03 -5.206179e-01 
-8.769444e-03 -4.508697e-01 
-1.925541e-02 -4.082382e-01 
-2.847785e-02 -3.881254e-01 
7.384722e-01 5.035381e-01 
-7.835191e-02 3.429296e-01 
-9.032661e-02 2.758128e-01 
-3.885893e-02 3.225520e-01 
-2.961947e-03 3.887633e-01 
7.021313e-03 4.410728e-01 
2.256230e-02 4.666302e-01 
3.549014e-02 4.680171e-01 
9.893446e-01 -4.682346e-01 
2.746479e-01 -7.391605e-01 
1.098424e-01 -7.037333e-01 
2.496083e-02 -5.405942e-01 
3.906877e-03 -4.088757e-01 
-3.973622e-03 -3.206022e-01 
-1.469914e-02 -3.123337e-01 
-2.975532e-02 -3.858613e-01 
5.032900e-01 3.866642e-01 
-1.982366e-01 1.978353e-01 
-9.296903e-02 2.852988e-01 
-4.254578e-02 4.411175e-01 
-1.248516e-03 5.339096e-01 
1.175543e-02 5.539678e-01 
2.667739e-02 4.813110e-01 
2.673381e-02 3.294129e-01 
1.158389e+00 -4.613318e-01 
4.136667e-01 -8.783976e-01 
1.145890e-01 -8.038205e-01 
2.798951e-02 -5.483570e-01 
5.229174e-03 -3.605395e-01 
-5.190904e-04 -2.464437e-01 
-9.626451e-03 -2.400214e-01 
-2.692099e-02 -3.600824e-01 
4.788048e-02 -2.101996e-01 
9.929464e-03 -2.478933e-01 
3.131084e-03 -2.480507e-01 
-7.251351e-03 -1.508425e-01 
-6.651896e-03 -4.191990e-02 
-2.885981e-03 5.410854e-02 
5.289157e-03 1.206474e-01 
1.171797e-02 1.449625e-01 
8.108628e-01 5.335205e-01 
6.560006e-02 5.736062e-01 
-3.818635e-02 4.124359e-01 
-3.471467e-02 2.666934e-01 
-1.169961e-02 2.231921e-01 
-5.081128e-03 2.331906e-01 
1.019381e-02 2.944871e-01 
3.489272e-02 3.978254e-01 
1.062618e+00 -3.896753e-01 
2.891962e-02 -5.210835e-01 
8.976123e-02 -6.492499e-01 
4.607428e-02 -7.110626e-01 
1.662351e-02 -6.959421e-01 
-6.327863e-03 -6.186729e-01 
-2.459955e-02 -5.104674e-01 
-3.408924e-02 -4.126992e-01 
7.181050e-01 3.708927e-01 
-1.799563e-02 3.138224e-01 
-6.097622e-02 3.069425e-01 
-6.600913e-02 3.868071e-01 
-1.556787e-02 4.804416e-01 
1.501200e-03 5.514161e-01 
2.691392e-02 5.757010e-01 
4.162773e-02 5.099401e-01 
1.020484e+00 -5.509325e-01 
2.591913e-01 -9.026762e-01 
7.631115e-02 -8.646869e-01 
3.692382e-02 -6.409994e-01 
5.799223e-03 -4.360233e-01 
-2.044797e-03 -2.704757e-01 
-7.285543e-03 -1.820887e-01 
-1.952290e-02 -2.323214e-01 
-6.294061e-02 7.543194e-02 
2.258855e-02 -1.137144e-01 
9.028790e-03 -1.761735e-01 
5.900590e-03 -1.579558e-01 
-6.945706e-04 -1.034356e-01 
-1.342866e-03 -4.568930e-02 
1.601091e-04 -3.845545e-03 
-1.624111e-03 -1.868816e-02 
8.790049e-01 5.053499e-01 
2.109397e-01 7.016444e-01 
2.041047e-03 5.055593e-01 
-3.002066e-02 2.673112e-01 
-1.300385e-02 1.684794e-01 
-8.681296e-03 1.653930e-01 
5.142048e-03 2.582568e-01 
3.515645e-02 4.109887e-01 
5.607066e-01 -4.752644e-01 
-5.735380e-02 -6.286558e-01 
4.911833e-02 -7.796625e-01 
6.405175e-02 -8.259503e-01 
1.942137e-02 -7.617709e-01 
-6.959010e-03 -6.085303e-01 
-2.030421e-02 -3.965654e-01 
-2.055733e-02 -2.332126e-01 
8.906285e-01 4.188728e-01 
9.513057e-02 4.102894e-01 
-1.662908e-02 3.012365e-01 
-7.371559e-02 2.613445e-01 
-2.942292e-02 3.164102e-01 
-1.316337e-02 4.071008e-01 
2.038489e-02 5.144174e-01 
5.171821e-02 5.494584e-01 
1.096638e+00 -5.361852e-01 
-3.831069e-02 -5.906389e-01 
2.784758e-02 -6.172140e-01 
5.953007e-02 -5.891813e-01 
2.468008e-02 -5.272742e-01 
4.377805e-03 -4.508553e-01 
-1.570516e-02 -4.014156e-01 
-3.818252e-02 -4.476475e-01 
5.516412e-01 4.712475e-01 
1.084812e-02 4.707886e-01 
-1.688785e-02 4.211408e-01 
-4.663608e-02 3.419024e-01 
-1.641145e-02 3.148880e-01 
-4.525389e-03 3.111228e-01 
1.294545e-02 3.181422e-01 
2.656535e-02 2.962913e-01 
1.273261e+00 -5.908320e-01 
9.871484e-02 -7.782324e-01 
2.184642e-02 -7.312008e-01 
5.525757e-02 -6.416165e-01 
1.113979e-02 -4.977614e-01 
-5.153337e-03 -3.252507e-01 
-8.403087e-03 -1.515800e-01 
-6.753638e-03 -7.094185e-02 
