poroelastic
2.610307e-02 -1.000695e-01 
2.533182e-02 -1.741900e-01 
1.550903e-02 -1.666516e-01 
1.560205e-03 -8.481191e-02 
4.329411e-04 -2.733095e-02 
9.864948e-04 -8.143502e-04 
-5.356993e-05 -2.228237e-02 
-3.482437e-03 -7.415684e-02 
8.965678e-01 1.930287e-01 
1.152645e-02 3.255228e-01 
-8.345475e-02 3.904659e-01 
-2.147510e-02 4.279126e-01 
-3.023338e-03 4.284950e-01 
2.808565e-03 3.992616e-01 
7.927730e-03 3.391911e-01 
1.304972e-02 2.909875e-01 
5.845619e-01 -1.124538e-01 
5.864956e-02 -2.693858e-01 
9.025076e-02 -3.478868e-01 
2.428617e-02 -3.712193e-01 
9.335372e-03 -3.947391e-01 
1.953594e-03 -4.184644e-01 
-8.686853e-03 -4.525826e-01 
-2.095919e-02 -4.751061e-01 
7.385152e-01 1.829064e-01 
-8.150685e-02 2.489323e-01 
-8.165951e-02 3.278921e-01 
-3.189381e-02 3.893478e-01 
-1.036294e-02 4.282297e-01 
-2.332412e-03 4.490701e-01 
8.463379e-03 4.495749e-01 
2.073671e-02 4.570769e-01 
5.875946e-01 2.035863e-03 
1.657109e-01 -1.735498e-01 
7.557289e-02 -2.539084e-01 
3.646882e-02 -3.218294e-01 
1.468214e-02 -3.701276e-01 
4.741512e-03 -4.082738e-01 
-8.383323e-03 -4.500774e-01 
-2.211376e-02 -4.652124e-01 
5.671968e-01 2.580159e-01 
-2.048351e-01 3.217700e-01 
-7.644634e-02 4.462426e-01 
-3.880648e-02 5.105056e-01 
-1.479471e-02 5.280755e-01 
-4.365440e-03 5.127181e-01 
9.203639e-03 4.643999e-01 
2.069458e-02 4.303481e-01 
5.190770e-01 1.917747e-03 
2.201873e-01 -2.038599e-01 
6.769307e-02 -2.510302e-01 
3.332047e-02 -2.417183e-01 
1.467511e-02 -2.521297e-01 
7.259040e-03 -2.815672e-01 
-3.220509e-03 -3.436648e-01 
-1.793199e-02 -4.128825e-01 
-2.610028e-02 -6.850408e-03 
-5.249452e-04 8.351949e-03 
-8.173875e-03 3.187006e-02 
-6.626960e-03 6.698288e-02 
-2.916131e-03 8.018960e-02 
-1.014741e-03 8.104698e-02 
8.804546e-04 6.668142e-02 
2.737817e-03 6.237486e-02 
5.853970e-01 4.295961e-02 
7.304108e-02 1.900494e-01 
-2.706569e-02 2.459912e-01 
-3.362398e-02 2.738550e-01 
-1.569180e-02 2.884106e-01 
-8.521937e-03 3.056496e-01 
2.077632e-03 3.376725e-01 
1.833336e-02 4.027072e-01 
7.108188e-01 -6.681353e-02 
2.998807e-02 -2.672569e-01 
5.338709e-02 -3.913303e-01 
5.074310e-02 -4.652966e-01 
2.628837e-02 -5.238537e-01 
1.201538e-02 -5.534738e-01 
-5.709254e-03 -5.567690e-01 
-2.354568e-02 -5.341837e-01 
6.911679e-01 3.777834e-02 
-1.673412e-02 1.416799e-01 
-4.225337e-02 2.979938e-01 
-5.467195e-02 4.636870e-01 
-2.438972e-02 5.467364e-01 
-1.103256e-02 5.734439e-01 
5.455112e-03 5.432574e-01 
1.966046e-02 4.660050e-01 
4.943891e-01 -1.319600e-01 
1.302862e-01 -3.539662e-01 
3.566323e-02 -3.642920e-01 
2.750088e-02 -2.585865e-01 
1.300789e-02 -2.068848e-01 
7.740147e-03 -1.924232e-01 
2.677953e-04 -2.285557e-01 
-1.380535e-02 -3.215014e-01 
-2.846555e-02 -8.726013e-02 
9.640174e-03 -1.393914e-01 
3.526917e-03 -1.020271e-01 
2.787886e-05 -1.105551e-02 
-7.478043e-07 2.909628e-02 
1.171989e-03 3.769691e-02 
1.362183e-03 9.028076e-03 
-2.642038e-03 -6.179874e-02 
4.163139e-01 -5.155339e-02 
1.320894e-01 9.535938e-02 
8.640354e-03 1.688375e-01 
-2.569736e-02 2.311637e-01 
-1.334989e-02 2.519960e-01 
-6.853235e-03 2.567804e-01 
6.618941e-04 2.518437e-01 
9.335132e-03 2.270556e-01 
4.279065e-01 -3.080209e-01 
-6.163980e-02 -4.974458e-01 
2.892545e-02 -5.455377e-01 
5.220938e-02 -4.825619e-01 
2.734937e-02 -4.500037e-01 
1.471691e-02 -4.216989e-01 
1.364917e-04 -4.125267e-01 
-2.039398e-02 -4.709717e-01 
6.822253e-01 -1.345651e-01 
1.095458e-01 -2.420483e-02 
5.947179e-04 1.380129e-01 
-6.325974e-02 3.533648e-01 
-3.402783e-02 4.882233e-01 
-1.852159e-02 5.636032e-01 
2.787321e-03 5.737587e-01 
2.185214e-02 4.817232e-01 
6.875229e-01 -9.728408e-02 
-2.073046e-02 -2.643142e-01 
5.818829e-03 -3.202369e-01 
5.418615e-02 -3.294042e-01 
3.204531e-02 -3.614347e-01 
2.007998e-02 -4.045721e-01 
1.500307e-03 -4.734580e-01 
-2.661599e-02 -5.926479e-01 
4.161023e-01 8.958365e-02 
6.289315e-03 1.895079e-01 
-3.000538e-03 2.907996e-01 
-4.122013e-02 3.222749e-01 
-1.949633e-02 3.200313e-01 
-9.170494e-03 2.976596e-01 
1.855171e-03 2.614807e-01 
9.778163e-03 2.028224e-01 
5.085383e-01 -9.235975e-02 
4.773272e-02 -2.813873e-01 
4.273232e-03 -2.933363e-01 
3.126434e-02 -2.556921e-01 
1.460088e-02 -2.256936e-01 
6.297028e-03 -1.864959e-01 
-2.101892e-04 -1.400959e-01 
-6.830455e-03 -1.309445e-01 
