poroelastic
4.933797e-02 -1.922700e-01 
4.480947e-02 -3.298747e-01 
2.474868e-02 -3.620872e-01 
-3.463200e-03 -2.475213e-01 
-5.461635e-03 -1.366824e-01 
-3.113306e-03 -4.449233e-02 
4.830316e-04 1.744067e-02 
4.248687e-03 6.066091e-02 
1.200862e+00 6.606057e-01 
2.525164e-02 6.821465e-01 
-8.934935e-02 5.468172e-01 
-1.680707e-02 4.667067e-01 
2.478219e-03 4.122747e-01 
8.395232e-03 3.806284e-01 
1.657537e-02 3.616350e-01 
2.526172e-02 3.776935e-01 
8.375233e-01 -4.007555e-01 
7.444223e-02 -4.920125e-01 
1.113084e-01 -5.731278e-01 
1.896751e-02 -5.707254e-01 
-2.911947e-03 -5.449042e-01 
-1.054459e-02 -4.952171e-01 
-2.011917e-02 -4.432127e-01 
-2.592994e-02 -3.965728e-01 
8.889207e-01 5.636730e-01 
-8.577243e-02 4.764520e-01 
-9.118964e-02 4.198168e-01 
-2.827062e-02 4.025722e-01 
-5.241170e-03 4.138657e-01 
4.951542e-03 4.571866e-01 
2.165251e-02 5.079538e-01 
3.552135e-02 5.359012e-01 
1.096438e+00 -3.616529e-01 
2.617488e-01 -5.862994e-01 
1.092430e-01 -6.086098e-01 
3.670781e-02 -5.937181e-01 
4.114190e-03 -5.559443e-01 
-6.509165e-03 -5.047720e-01 
-2.011613e-02 -4.751300e-01 
-3.433234e-02 -5.033411e-01 
6.441494e-01 4.704577e-01 
-2.275442e-01 3.832199e-01 
-9.953836e-02 4.773623e-01 
-3.754119e-02 5.721340e-01 
-7.787097e-03 6.269828e-01 
7.427184e-03 6.591875e-01 
2.850275e-02 6.431236e-01 
3.763967e-02 5.587043e-01 
1.248502e+00 -3.491678e-01 
4.635194e-01 -7.736513e-01 
1.263898e-01 -7.658537e-01 
4.164167e-02 -6.328886e-01 
7.427871e-03 -5.176304e-01 
-2.221346e-03 -4.394416e-01 
-1.445544e-02 -4.210467e-01 
-3.042336e-02 -4.786764e-01 
5.049657e-03 -1.371587e-01 
2.156036e-03 -1.326663e-01 
-6.651852e-03 -1.393701e-01 
-8.921715e-03 -8.920683e-02 
-6.711647e-03 -1.073787e-02 
-3.996214e-03 7.122721e-02 
4.533365e-03 1.595656e-01 
1.627257e-02 2.609519e-01 
8.142091e-01 5.599432e-01 
7.715575e-02 6.389768e-01 
-3.044043e-02 4.657324e-01 
-2.070551e-02 2.738819e-01 
-8.012768e-03 1.935455e-01 
-4.460028e-03 1.805859e-01 
6.000740e-03 2.510436e-01 
2.669900e-02 4.243258e-01 
9.789969e-01 -3.328497e-01 
4.492319e-02 -4.399770e-01 
7.437196e-02 -5.812055e-01 
4.310612e-02 -7.041031e-01 
8.891553e-03 -7.133950e-01 
-6.255127e-03 -6.586586e-01 
-2.041635e-02 -5.507525e-01 
-2.504390e-02 -4.087746e-01 
8.109199e-01 3.984888e-01 
-2.778133e-02 3.806735e-01 
-5.544022e-02 3.985868e-01 
-4.170802e-02 4.569740e-01 
-1.345751e-02 5.201448e-01 
2.974336e-04 5.762574e-01 
1.924018e-02 5.974675e-01 
3.137553e-02 5.368202e-01 
1.095295e+00 -4.655548e-01 
2.591471e-01 -8.014308e-01 
6.799007e-02 -7.867282e-01 
3.425272e-02 -6.355472e-01 
7.475261e-03 -4.914133e-01 
-3.418353e-05 -3.721741e-01 
-8.156261e-03 -3.126071e-01 
-2.271500e-02 -3.830700e-01 
1.699297e-02 1.024810e-01 
-2.662136e-03 -2.911777e-02 
-1.986681e-03 -7.343673e-02 
-4.995971e-03 -6.157129e-02 
-4.283583e-03 -1.280515e-02 
-2.442237e-03 5.134623e-02 
3.273115e-03 1.182566e-01 
7.744170e-03 1.332728e-01 
7.286695e-01 5.100574e-01 
1.597795e-01 6.757930e-01 
1.352499e-03 4.554221e-01 
-1.114898e-02 1.894694e-01 
-6.105692e-03 6.253209e-02 
-5.960983e-03 4.424728e-02 
6.939855e-04 1.461794e-01 
1.834157e-02 3.253435e-01 
5.746811e-01 -4.290302e-01 
-7.313256e-02 -5.708429e-01 
4.376047e-02 -7.397680e-01 
4.405042e-02 -8.095972e-01 
9.117965e-03 -7.572893e-01 
-6.437173e-03 -6.164162e-01 
-1.371718e-02 -3.870780e-01 
-8.789255e-03 -1.524323e-01 
8.906251e-01 3.870151e-01 
1.046692e-01 4.509533e-01 
-1.480543e-02 3.509287e-01 
-4.176373e-02 3.059247e-01 
-2.026837e-02 3.203143e-01 
-1.015816e-02 3.848429e-01 
1.013957e-02 4.993663e-01 
3.642566e-02 6.100634e-01 
1.032383e+00 -4.766310e-01 
-1.459544e-02 -5.293211e-01 
2.063756e-02 -5.715655e-01 
5.038108e-02 -5.911949e-01 
1.780755e-02 -5.649910e-01 
3.288017e-03 -5.074802e-01 
-1.206071e-02 -4.416801e-01 
-2.448975e-02 -4.041068e-01 
6.124994e-01 5.133508e-01 
-4.878095e-03 5.188853e-01 
-1.044163e-02 4.726704e-01 
-3.421923e-02 3.664456e-01 
-1.344253e-02 3.082393e-01 
-4.794838e-03 2.911908e-01 
7.521397e-03 2.944774e-01 
1.857456e-02 2.958775e-01 
1.089616e+00 -5.126393e-01 
9.549310e-02 -6.190051e-01 
1.056875e-02 -5.644257e-01 
3.997625e-02 -5.173529e-01 
1.165892e-02 -4.248720e-01 
6.644554e-04 -3.058785e-01 
-5.504520e-03 -1.949452e-01 
-9.826341e-03 -1.472741e-01 
