poroelastic
-4.621299e-02 1.855925e-01 
-4.384435e-02 2.852395e-01 
-2.675698e-02 3.153114e-01 
-2.462810e-04 2.433684e-01 
3.092804e-03 1.531375e-01 
2.454641e-03 5.472893e-02 
-8.943864e-04 -5.094290e-02 
-3.760572e-03 -9.910173e-02 
2.034274e-01 -2.887845e-01 
4.047276e-03 2.042907e-02 
-3.335725e-02 2.089963e-01 
-7.204384e-03 2.053856e-01 
5.093133e-04 1.672914e-01 
9.120889e-04 1.143209e-01 
6.639869e-04 6.543886e-02 
4.249932e-03 1.078821e-01 
1.160454e-02 3.749230e-01 
-3.959108e-03 2.970270e-01 
3.166995e-02 1.875018e-01 
9.661864e-03 7.974849e-03 
8.501091e-03 -1.457951e-01 
2.168813e-03 -2.623476e-01 
-6.104186e-03 -3.274915e-01 
-1.169181e-02 -2.883874e-01 
4.137970e-01 -2.208842e-01 
-5.306096e-02 7.727808e-02 
-5.709681e-02 2.497556e-01 
-2.425633e-02 2.741602e-01 
-5.093136e-03 2.730527e-01 
-1.993873e-03 2.659380e-01 
4.080592e-03 2.718614e-01 
1.499207e-02 3.505534e-01 
-9.250075e-02 5.125918e-01 
6.435379e-04 5.360157e-01 
2.838929e-02 3.530647e-01 
2.244607e-02 5.008879e-02 
1.414499e-02 -1.843998e-01 
3.492074e-03 -3.489272e-01 
-9.461929e-03 -4.265581e-01 
-1.569077e-02 -3.522328e-01 
3.976224e-01 7.385577e-02 
-1.630078e-01 3.665865e-01 
-5.271057e-02 4.372375e-01 
-2.407210e-02 3.277674e-01 
-6.613554e-03 2.461801e-01 
-4.630764e-03 1.937535e-01 
1.988669e-03 2.006207e-01 
1.677135e-02 3.425249e-01 
-3.436318e-01 5.045194e-01 
-8.743717e-02 6.319954e-01 
-4.491840e-03 4.724535e-01 
1.287905e-02 1.880476e-01 
1.154700e-02 -4.175591e-02 
5.056060e-03 -2.090444e-01 
-5.390439e-03 -3.000998e-01 
-1.094283e-02 -2.581470e-01 
-8.962006e-02 2.394613e-01 
-1.338202e-02 3.079329e-01 
-2.088407e-02 3.189068e-01 
-8.160458e-03 2.329619e-01 
-1.521608e-04 1.332069e-01 
1.241985e-03 4.206921e-02 
-5.073330e-04 -2.303319e-02 
-6.558407e-04 -1.358816e-02 
9.745312e-02 -4.029696e-01 
3.514898e-02 -2.010426e-01 
-1.080706e-02 1.670381e-02 
-2.390186e-02 1.444144e-01 
-1.000987e-02 1.876447e-01 
-4.984863e-03 1.936156e-01 
1.611508e-03 1.866492e-01 
1.128151e-02 2.071280e-01 
1.212208e-01 3.236373e-01 
-3.483559e-03 1.896545e-01 
1.473217e-02 9.506937e-02 
2.233930e-02 -6.306033e-03 
2.072765e-02 -1.384226e-01 
1.245772e-02 -2.671199e-01 
-3.261876e-03 -3.805285e-01 
-2.247958e-02 -4.531518e-01 
3.579526e-01 -2.461399e-01 
-4.132859e-03 8.774978e-03 
-2.708188e-02 2.238001e-01 
-4.226741e-02 3.419753e-01 
-1.292454e-02 3.695258e-01 
-4.371884e-03 3.406599e-01 
4.436098e-03 2.704579e-01 
1.010063e-02 2.067620e-01 
-1.944660e-01 3.490524e-01 
-3.835915e-02 3.502069e-01 
-9.110107e-03 2.733869e-01 
5.182080e-03 1.820823e-01 
9.315371e-03 5.660582e-02 
7.978245e-03 -7.003178e-02 
-8.374359e-04 -1.847438e-01 
-1.270382e-02 -2.537750e-01 
1.409980e-02 -1.605517e-01 
-2.486611e-03 -5.264381e-02 
-2.869456e-03 4.804568e-02 
-6.048448e-03 1.303766e-01 
-1.986652e-04 1.212104e-01 
3.051434e-03 6.749221e-02 
1.714212e-03 -1.533537e-02 
-5.216936e-03 -9.978470e-02 
-1.660633e-01 -5.205254e-01 
1.755253e-02 -4.505270e-01 
1.268099e-02 -1.650057e-01 
-1.798040e-02 1.123021e-01 
-8.531265e-03 2.189970e-01 
-1.438215e-03 2.240904e-01 
3.713938e-03 1.441669e-01 
1.835353e-05 3.635950e-04 
1.132942e-01 -2.086181e-02 
-1.586944e-02 -1.541517e-01 
4.436930e-03 -9.982825e-02 
1.806669e-02 2.051024e-02 
1.785352e-02 -1.191275e-03 
1.625888e-02 -9.421755e-02 
3.596222e-03 -2.542327e-01 
-2.504042e-02 -4.733008e-01 
2.230756e-01 -5.745781e-01 
7.213124e-02 -3.943520e-01 
1.347128e-02 -7.882684e-02 
-6.460866e-02 2.495510e-01 
-2.859793e-02 4.056613e-01 
-1.361927e-02 4.515178e-01 
5.293995e-03 4.056503e-01 
1.653315e-02 2.900528e-01 
1.100696e-01 3.258160e-01 
-1.688872e-02 1.541742e-01 
-7.088524e-03 7.388981e-02 
2.352625e-02 2.333728e-02 
2.218712e-02 -8.648053e-02 
1.576290e-02 -2.122520e-01 
6.553193e-04 -3.342949e-01 
-2.066276e-02 -4.297717e-01 
7.504896e-02 -2.445270e-01 
1.004412e-02 -7.337706e-02 
3.446978e-04 7.833155e-02 
-1.913228e-02 1.585798e-01 
-7.616115e-03 1.562096e-01 
-2.787577e-03 1.178228e-01 
4.258135e-04 7.566885e-02 
3.451563e-03 6.488714e-02 
-3.401457e-01 3.251090e-01 
-2.562304e-02 2.522973e-01 
-6.538322e-03 2.014105e-01 
-1.190598e-02 1.868125e-01 
-1.237915e-03 1.114814e-01 
2.374350e-03 3.253175e-02 
7.914360e-04 -2.527470e-02 
-3.306102e-03 -5.752093e-02 
