poroelastic
-8.400982e-02 4.064536e-01 
-7.341557e-02 6.214781e-01 
-3.435446e-02 6.099229e-01 
4.137784e-03 3.639186e-01 
3.364057e-03 1.685535e-01 
6.344325e-04 2.057255e-02 
-1.465665e-03 -6.313054e-02 
-5.409834e-04 -2.113756e-02 
-7.382983e-01 -6.586562e-01 
-5.215137e-03 -3.668931e-01 
4.114428e-02 -1.843605e-01 
4.720704e-03 -2.419220e-01 
-3.821654e-03 -2.757866e-01 
-4.458827e-03 -2.786136e-01 
-4.586435e-03 -2.307262e-01 
-2.228094e-03 -8.165364e-02 
-5.187541e-01 6.964290e-01 
-3.970241e-02 6.730699e-01 
-2.851572e-02 5.513737e-01 
1.864065e-03 2.947927e-01 
1.122887e-03 1.129175e-01 
-1.779278e-04 -2.994272e-03 
-1.035648e-03 -3.150529e-02 
1.551084e-03 5.477093e-02 
-1.820332e-01 -5.784519e-01 
1.110225e-02 -1.838651e-01 
1.300603e-03 -1.482580e-02 
-1.449685e-04 -3.883711e-02 
-1.019817e-03 -5.651075e-02 
-1.593031e-03 -5.207127e-02 
-9.517337e-04 -5.851023e-03 
3.639107e-03 1.199392e-01 
-6.291733e-01 8.516423e-01 
-1.314658e-01 9.997362e-01 
-1.629194e-02 7.364477e-01 
5.346322e-03 2.918830e-01 
4.166414e-03 -2.077630e-02 
-1.415381e-03 -2.107830e-01 
-5.765916e-03 -2.405448e-01 
-1.927737e-03 -5.871030e-02 
-3.377954e-02 -1.866978e-01 
6.310770e-04 2.213206e-01 
6.189892e-03 1.616269e-01 
5.212628e-03 -9.500385e-02 
-1.354382e-03 -2.248794e-01 
-5.356052e-03 -2.460631e-01 
-5.239289e-03 -1.159058e-01 
7.943353e-03 2.127761e-01 
-9.695715e-01 8.474367e-01 
-2.848216e-01 1.175962e+00 
-4.606545e-02 9.003552e-01 
-1.983681e-03 4.060229e-01 
2.585549e-03 6.401119e-02 
-9.798552e-04 -1.345591e-01 
-4.123977e-03 -1.543745e-01 
1.911044e-03 6.039721e-02 
-8.843240e-02 3.623163e-01 
-9.997344e-03 4.142005e-01 
-1.154617e-02 3.713422e-01 
-6.493987e-04 1.929908e-01 
1.743752e-03 4.327917e-02 
3.042749e-04 -6.117826e-02 
-2.282184e-03 -9.024706e-02 
-1.067331e-04 -2.870735e-03 
-5.308741e-01 -6.887280e-01 
-3.052227e-02 -5.559655e-01 
9.199429e-03 -3.044474e-01 
4.537011e-03 -1.383249e-01 
4.219945e-04 -6.687339e-02 
-3.711470e-04 -3.613224e-02 
-7.693150e-04 -2.026291e-02 
6.080604e-04 1.421255e-02 
-4.068066e-01 5.831702e-01 
-1.530702e-02 5.071447e-01 
-1.391103e-02 4.247759e-01 
-4.798314e-03 3.096606e-01 
1.485278e-03 1.742188e-01 
2.883887e-03 3.972329e-02 
-1.111625e-04 -6.693501e-02 
-4.330098e-03 -1.134369e-01 
-2.133097e-01 -4.584675e-01 
5.803235e-03 -1.879563e-01 
3.141110e-03 -4.024669e-02 
5.785219e-03 -2.365031e-02 
2.171665e-03 -4.876790e-02 
8.117142e-04 -8.164722e-02 
-1.814022e-03 -9.611728e-02 
-1.373029e-03 -3.669982e-02 
-6.925567e-01 6.915905e-01 
-1.465992e-01 8.438319e-01 
-3.089088e-02 6.856824e-01 
-1.234108e-02 4.275676e-01 
1.769427e-05 1.991357e-01 
1.510819e-03 2.254091e-02 
-1.425362e-03 -6.808284e-02 
-7.211964e-04 -1.845259e-02 
7.639351e-03 -2.071157e-01 
-3.371258e-03 -2.328066e-02 
-1.654919e-03 6.188608e-02 
-3.287168e-03 1.018528e-01 
-9.784813e-05 7.430796e-02 
9.254752e-04 2.422653e-02 
-7.977061e-05 -2.071401e-02 
-1.027838e-03 -2.508085e-02 
-7.780435e-01 -7.505036e-01 
-1.541446e-01 -8.519814e-01 
-1.252483e-03 -5.223209e-01 
6.327534e-03 -1.604542e-01 
1.706893e-03 4.706021e-03 
2.969448e-03 4.672510e-02 
2.824848e-03 -1.915799e-02 
-6.537900e-03 -1.682577e-01 
-1.367240e-01 2.498084e-01 
1.959176e-02 1.812963e-01 
-4.735645e-03 2.688715e-01 
-1.469527e-02 3.796480e-01 
-2.085804e-03 3.355630e-01 
6.446637e-03 1.950288e-01 
4.635020e-03 -2.725379e-02 
-1.163429e-02 -2.850002e-01 
-3.801017e-01 -7.762939e-01 
-3.371478e-03 -6.341342e-01 
1.330348e-02 -3.116641e-01 
-1.308321e-02 1.146438e-02 
-6.543709e-03 1.478709e-01 
-1.828456e-03 1.772939e-01 
2.345375e-03 1.201378e-01 
1.154963e-03 2.603702e-02 
-3.607728e-01 5.943087e-01 
5.088408e-03 4.173797e-01 
-5.248792e-03 3.059858e-01 
-6.176266e-03 2.319390e-01 
1.260881e-03 1.212677e-01 
3.103410e-03 5.239286e-03 
2.142634e-04 -8.144538e-02 
-3.767966e-03 -1.032100e-01 
-3.581678e-01 -5.025303e-01 
-8.095956e-03 -3.719334e-01 
-5.586813e-05 -2.568087e-01 
1.622011e-02 -1.618949e-01 
6.818576e-03 -1.372542e-01 
3.079729e-03 -1.356261e-01 
-1.224880e-03 -1.222890e-01 
-2.628895e-03 -6.320692e-02 
-9.480716e-01 6.720615e-01 
-5.658668e-02 6.647530e-01 
-2.130442e-03 5.443550e-01 
-3.419036e-02 4.516159e-01 
-1.143673e-02 3.155852e-01 
-1.674375e-03 1.762468e-01 
1.022263e-03 6.329700e-02 
9.657751e-04 2.104710e-02 
