poroelastic
6.215824e-02 -2.823481e-01 
4.909941e-02 -4.532241e-01 
1.572678e-02 -4.631892e-01 
-1.137381e-02 -2.744047e-01 
-7.020787e-03 -1.155204e-01 
-9.240806e-04 3.477476e-04 
3.962662e-03 6.248803e-02 
4.305113e-03 5.875231e-02 
1.029973e+00 7.652572e-01 
3.471783e-02 6.831777e-01 
-6.200258e-02 4.739131e-01 
-8.809685e-04 3.922684e-01 
1.268203e-02 3.445964e-01 
1.377443e-02 3.035900e-01 
1.542646e-02 2.650471e-01 
1.695147e-02 2.356920e-01 
8.495198e-01 -6.343155e-01 
3.983560e-02 -6.405237e-01 
7.838447e-02 -6.602635e-01 
-1.127621e-02 -5.442014e-01 
-1.379183e-02 -4.342383e-01 
-1.420258e-02 -3.287503e-01 
-1.409486e-02 -2.415429e-01 
-1.282308e-02 -1.794029e-01 
5.968993e-01 6.460542e-01 
-4.670077e-02 4.043011e-01 
-4.876371e-02 2.487580e-01 
-9.485709e-03 2.351213e-01 
5.363248e-03 2.558552e-01 
1.000487e-02 2.786395e-01 
1.648576e-02 2.876678e-01 
1.945077e-02 2.657727e-01 
9.399233e-01 -7.146157e-01 
1.907164e-01 -8.704088e-01 
5.030526e-02 -7.138957e-01 
-2.349558e-03 -4.478660e-01 
-5.908993e-03 -2.461170e-01 
-3.044013e-03 -1.226772e-01 
-5.464790e-03 -1.116502e-01 
-1.704489e-02 -2.273603e-01 
3.737196e-01 4.274278e-01 
-1.309131e-01 1.850210e-01 
-5.527470e-02 2.384829e-01 
-9.556255e-03 3.832328e-01 
1.162035e-02 4.498529e-01 
1.866149e-02 4.401424e-01 
2.102913e-02 3.282113e-01 
8.169769e-03 1.066133e-01 
1.255577e+00 -7.262167e-01 
3.759463e-01 -1.098135e+00 
7.058636e-02 -9.047181e-01 
1.087175e-03 -5.580325e-01 
-6.615073e-03 -3.025640e-01 
-3.668221e-03 -1.436892e-01 
-4.715867e-03 -1.056796e-01 
-1.523729e-02 -2.119109e-01 
5.918658e-02 -2.531376e-01 
5.350578e-03 -2.584909e-01 
8.321274e-04 -2.563099e-01 
-6.816531e-03 -1.711381e-01 
-5.644563e-03 -7.180536e-02 
-2.034670e-03 1.910375e-02 
4.636363e-03 9.384358e-02 
9.930997e-03 1.330909e-01 
8.724279e-01 8.014053e-01 
8.872838e-02 8.454306e-01 
-1.688848e-02 5.819781e-01 
-7.389108e-03 3.099057e-01 
3.466468e-04 1.751888e-01 
5.072735e-04 1.200263e-01 
5.895227e-03 1.431910e-01 
1.861852e-02 2.372228e-01 
8.599118e-01 -5.548955e-01 
6.782393e-03 -4.904613e-01 
4.586831e-02 -5.431646e-01 
8.165097e-03 -5.867026e-01 
-7.425354e-03 -5.348646e-01 
-1.470210e-02 -4.297264e-01 
-1.658589e-02 -2.921749e-01 
-1.137790e-02 -1.514320e-01 
6.258075e-01 5.945707e-01 
-7.546029e-03 4.765379e-01 
-3.113277e-02 3.550340e-01 
-2.066770e-02 3.100085e-01 
-2.005499e-04 3.171504e-01 
6.979353e-03 3.404575e-01 
1.817840e-02 3.606437e-01 
2.460207e-02 3.349431e-01 
1.092539e+00 -7.576084e-01 
2.151588e-01 -9.863036e-01 
4.171170e-02 -8.678152e-01 
7.505595e-03 -6.406876e-01 
-8.001550e-03 -4.211187e-01 
-8.320599e-03 -2.368306e-01 
-5.786666e-03 -1.102125e-01 
-6.990010e-03 -9.153982e-02 
4.014800e-03 2.859802e-01 
5.076076e-03 1.027710e-01 
3.540916e-03 -1.379433e-02 
9.747819e-04 -1.082278e-01 
-3.504168e-03 -1.152887e-01 
-4.811877e-03 -8.239850e-02 
-1.942195e-03 -1.472288e-02 
5.494018e-03 7.060868e-02 
1.110186e+00 8.908140e-01 
2.704052e-01 1.156985e+00 
1.921354e-02 7.944283e-01 
-5.846663e-03 3.168001e-01 
-3.901658e-03 7.796033e-02 
-6.852637e-03 7.093137e-03 
4.111970e-04 1.085586e-01 
2.779595e-02 3.648474e-01 
4.472975e-01 -4.078016e-01 
-7.010002e-02 -3.565209e-01 
2.190387e-02 -5.401557e-01 
2.166203e-02 -7.165060e-01 
-6.626684e-03 -6.930784e-01 
-1.971963e-02 -5.403663e-01 
-1.749407e-02 -2.718877e-01 
2.978302e-03 3.818634e-02 
8.877934e-01 8.360298e-01 
1.008361e-01 8.168630e-01 
-2.380151e-03 5.068639e-01 
-2.109746e-02 2.052500e-01 
-9.886747e-03 1.021607e-01 
-7.078986e-03 1.207482e-01 
8.152901e-03 2.425653e-01 
3.289376e-02 3.964317e-01 
9.652367e-01 -7.553641e-01 
-5.138144e-02 -5.723559e-01 
5.646367e-03 -5.537019e-01 
2.318285e-02 -5.659672e-01 
2.782514e-05 -4.781493e-01 
-8.680604e-03 -3.504678e-01 
-1.162495e-02 -2.187963e-01 
-1.096261e-02 -1.370937e-01 
6.126343e-01 7.710035e-01 
2.121310e-02 7.324173e-01 
-7.028952e-04 5.651585e-01 
-1.810589e-02 3.341891e-01 
-3.771007e-03 2.241957e-01 
4.862022e-04 1.805144e-01 
7.990375e-03 1.784223e-01 
1.538122e-02 1.850990e-01 
1.365807e+00 -9.207213e-01 
6.092520e-02 -8.727369e-01 
-1.263282e-03 -7.104125e-01 
2.740777e-02 -6.005811e-01 
-4.380845e-04 -4.319791e-01 
-7.165624e-03 -2.550251e-01 
-6.005004e-03 -1.069221e-01 
-4.878091e-03 -5.505887e-02 
