poroelastic
6.024993e-02 -2.741290e-01 
4.741609e-02 -4.408851e-01 
1.535278e-02 -4.506237e-01 
-1.100705e-02 -2.690118e-01 
-6.762218e-03 -1.140405e-01 
-8.886649e-04 -8.560764e-04 
3.734877e-03 5.936337e-02 
3.634932e-03 5.019723e-02 
1.038633e+00 7.690041e-01 
3.624663e-02 6.915441e-01 
-6.043991e-02 4.821737e-01 
2.076088e-04 3.941456e-01 
1.246530e-02 3.432814e-01 
1.354131e-02 3.014257e-01 
1.518165e-02 2.632353e-01 
1.626449e-02 2.303898e-01 
8.400672e-01 -6.266923e-01 
4.104185e-02 -6.356074e-01 
7.654905e-02 -6.545934e-01 
-1.085346e-02 -5.449244e-01 
-1.410703e-02 -4.354670e-01 
-1.415972e-02 -3.306960e-01 
-1.395728e-02 -2.437910e-01 
-1.288902e-02 -1.844589e-01 
6.030079e-01 6.476014e-01 
-4.658934e-02 4.112392e-01 
-4.772786e-02 2.565736e-01 
-8.170838e-03 2.393041e-01 
5.322532e-03 2.561515e-01 
9.787048e-03 2.767187e-01 
1.598650e-02 2.853048e-01 
1.883988e-02 2.637068e-01 
9.391338e-01 -7.111323e-01 
1.861217e-01 -8.620887e-01 
4.855021e-02 -7.061037e-01 
-2.128306e-03 -4.459669e-01 
-5.949006e-03 -2.475880e-01 
-3.189068e-03 -1.266393e-01 
-5.540652e-03 -1.150952e-01 
-1.656529e-02 -2.258355e-01 
3.768441e-01 4.265160e-01 
-1.300430e-01 1.942667e-01 
-5.371608e-02 2.481954e-01 
-8.158731e-03 3.901898e-01 
1.129728e-02 4.517852e-01 
1.807638e-02 4.390499e-01 
2.034891e-02 3.275740e-01 
8.414626e-03 1.130053e-01 
1.250401e+00 -7.245678e-01 
3.745840e-01 -1.095168e+00 
6.913112e-02 -9.023740e-01 
1.302539e-03 -5.578343e-01 
-6.606523e-03 -3.049913e-01 
-3.827185e-03 -1.485430e-01 
-4.807069e-03 -1.097621e-01 
-1.447567e-02 -2.065884e-01 
5.754567e-02 -2.528618e-01 
4.768409e-03 -2.553451e-01 
3.131740e-04 -2.521699e-01 
-6.639249e-03 -1.660754e-01 
-5.443650e-03 -7.025516e-02 
-2.107512e-03 1.756604e-02 
4.318102e-03 9.287172e-02 
1.025421e-02 1.424966e-01 
8.769897e-01 7.981411e-01 
9.172085e-02 8.479053e-01 
-1.619170e-02 5.856664e-01 
-6.614693e-03 3.159386e-01 
4.474997e-04 1.776322e-01 
4.256582e-04 1.191616e-01 
5.574482e-03 1.428795e-01 
1.872001e-02 2.493247e-01 
8.550242e-01 -5.556786e-01 
7.614993e-03 -4.914091e-01 
4.411488e-02 -5.432771e-01 
8.017106e-03 -5.859321e-01 
-7.824992e-03 -5.355739e-01 
-1.457925e-02 -4.336593e-01 
-1.630019e-02 -2.960953e-01 
-1.034409e-02 -1.432009e-01 
6.323349e-01 5.968624e-01 
-7.644687e-03 4.789910e-01 
-3.004911e-02 3.588430e-01 
-1.866791e-02 3.162839e-01 
-1.162862e-04 3.189546e-01 
6.593577e-03 3.380626e-01 
1.711154e-02 3.576796e-01 
2.417916e-02 3.434216e-01 
1.095692e+00 -7.624623e-01 
2.122206e-01 -9.848687e-01 
3.963430e-02 -8.638040e-01 
6.729014e-03 -6.363083e-01 
-7.902510e-03 -4.201029e-01 
-8.184473e-03 -2.398107e-01 
-5.834779e-03 -1.143706e-01 
-6.311565e-03 -8.622767e-02 
5.617233e-03 2.875192e-01 
4.600892e-03 1.075940e-01 
3.405529e-03 -9.366999e-03 
8.488663e-04 -1.049605e-01 
-3.419469e-03 -1.154905e-01 
-4.792832e-03 -8.543001e-02 
-2.075223e-03 -1.722635e-02 
5.665281e-03 7.632688e-02 
1.115985e+00 8.977281e-01 
2.718002e-01 1.164789e+00 
1.969579e-02 8.003619e-01 
-4.936008e-03 3.203872e-01 
-3.522197e-03 7.801522e-02 
-6.503513e-03 3.733847e-03 
1.965071e-04 1.028662e-01 
2.630287e-02 3.623455e-01 
4.519624e-01 -4.087373e-01 
-7.341888e-02 -3.489544e-01 
2.141223e-02 -5.340592e-01 
2.078187e-02 -7.139829e-01 
-6.672168e-03 -6.928153e-01 
-1.886011e-02 -5.439607e-01 
-1.696686e-02 -2.788548e-01 
2.371720e-03 3.192590e-02 
8.913249e-01 8.396858e-01 
1.034591e-01 8.248054e-01 
-1.543459e-03 5.172742e-01 
-1.908450e-02 2.142634e-01 
-9.053035e-03 1.066559e-01 
-6.436340e-03 1.206749e-01 
7.551804e-03 2.384254e-01 
3.077497e-02 3.905149e-01 
9.632960e-01 -7.494132e-01 
-5.075365e-02 -5.676823e-01 
4.684635e-03 -5.498187e-01 
2.322393e-02 -5.681513e-01 
1.035131e-04 -4.820513e-01 
-8.281722e-03 -3.559525e-01 
-1.136355e-02 -2.245748e-01 
-1.101588e-02 -1.429349e-01 
6.207638e-01 7.768658e-01 
2.049029e-02 7.390456e-01 
2.708743e-04 5.733589e-01 
-1.722380e-02 3.372482e-01 
-3.612292e-03 2.238623e-01 
4.537684e-04 1.779727e-01 
7.529720e-03 1.747603e-01 
1.433462e-02 1.792151e-01 
1.358291e+00 -9.152823e-01 
6.031901e-02 -8.679841e-01 
-2.566210e-03 -7.029396e-01 
2.674360e-02 -5.940547e-01 
1.006112e-05 -4.278156e-01 
-6.504639e-03 -2.546683e-01 
-5.782150e-03 -1.107590e-01 
-5.437206e-03 -6.371367e-02 
