poroelastic
-6.174289e-02 3.781844e-01 
-4.456056e-02 5.680764e-01 
-8.193336e-03 5.083166e-01 
7.736069e-03 2.235297e-01 
1.247175e-03 3.973447e-02 
-2.042704e-03 -6.128392e-02 
-1.708720e-03 -6.294699e-02 
1.352488e-03 5.116553e-02 
-1.377105e+00 -7.456635e-01 
-4.736998e-02 -7.022821e-01 
7.116784e-02 -5.922213e-01 
-1.425987e-02 -6.105107e-01 
-2.235873e-02 -5.857204e-01 
-1.708551e-02 -5.140939e-01 
-1.130941e-02 -3.914497e-01 
-6.771188e-03 -2.374217e-01 
-8.155252e-01 6.784618e-01 
-3.410853e-02 6.650704e-01 
-5.792800e-02 6.170552e-01 
1.748927e-02 4.572425e-01 
8.337700e-03 3.609317e-01 
8.235214e-03 3.061144e-01 
8.774880e-03 3.069589e-01 
1.028912e-02 3.493975e-01 
-7.655892e-01 -6.909250e-01 
6.032401e-02 -4.375162e-01 
4.103073e-02 -3.361525e-01 
-1.683899e-03 -3.628540e-01 
-1.109183e-02 -3.726650e-01 
-9.810487e-03 -3.523830e-01 
-8.726887e-03 -2.941294e-01 
-6.311532e-03 -2.006593e-01 
-8.438738e-01 8.062258e-01 
-1.677865e-01 9.541355e-01 
-2.837313e-02 7.167569e-01 
4.852072e-03 3.537904e-01 
1.674753e-03 1.231639e-01 
-6.917106e-04 1.167331e-02 
1.558649e-03 5.858046e-02 
9.287693e-03 2.694989e-01 
-5.073557e-01 -4.142327e-01 
1.699484e-01 -1.263725e-01 
4.246707e-02 -2.802525e-01 
1.743628e-03 -5.331561e-01 
-1.414777e-02 -6.254654e-01 
-1.547162e-02 -5.806766e-01 
-1.302647e-02 -3.671496e-01 
5.285197e-05 1.347090e-03 
-1.175993e+00 8.305881e-01 
-3.245663e-01 1.169588e+00 
-4.571449e-02 8.859262e-01 
4.306694e-04 4.266295e-01 
4.081102e-04 1.431072e-01 
-1.704357e-03 1.381507e-02 
1.633361e-03 7.381464e-02 
1.173669e-02 3.418042e-01 
-2.758840e-02 2.803879e-01 
-1.075211e-03 2.620244e-01 
4.093041e-03 1.871170e-01 
3.747455e-03 2.639414e-02 
6.245367e-05 -8.320878e-02 
-2.681601e-03 -1.381862e-01 
-3.979893e-03 -1.185140e-01 
-6.406148e-04 -1.594918e-02 
-1.006043e+00 -7.268376e-01 
-1.132621e-01 -7.869961e-01 
8.520818e-03 -6.025722e-01 
1.044234e-02 -4.235252e-01 
-1.180320e-03 -3.178415e-01 
-2.913142e-03 -2.457065e-01 
-5.258771e-03 -1.969598e-01 
-7.785077e-03 -1.697339e-01 
-7.291155e-01 5.993996e-01 
-2.918691e-03 5.414195e-01 
-1.689887e-02 5.022889e-01 
-4.302723e-03 4.483258e-01 
-2.097285e-03 3.862886e-01 
2.857986e-03 3.200886e-01 
7.131849e-03 2.782118e-01 
1.125863e-02 2.755783e-01 
-7.634828e-01 -5.278598e-01 
2.875531e-03 -4.091840e-01 
1.443835e-02 -3.807979e-01 
2.219401e-02 -4.373407e-01 
-1.403043e-03 -4.771162e-01 
-6.021791e-03 -4.774782e-01 
-1.150126e-02 -4.144229e-01 
-1.037892e-02 -2.591393e-01 
-8.993734e-01 7.687021e-01 
-1.672955e-01 9.565106e-01 
-2.132299e-02 7.682002e-01 
-8.571169e-03 4.714924e-01 
-9.354964e-04 2.508985e-01 
-4.674707e-04 1.100407e-01 
1.048559e-03 8.314361e-02 
9.002225e-03 2.108490e-01 
-3.341721e-02 -2.496666e-01 
2.356707e-03 -8.709448e-02 
1.917208e-05 -4.047489e-02 
-4.643257e-04 -1.206385e-02 
-6.397432e-04 -1.227468e-02 
-1.010138e-03 -1.344829e-02 
-4.911696e-04 4.522081e-03 
2.599858e-03 5.826042e-02 
-1.165500e+00 -7.488748e-01 
-3.142598e-01 -1.047767e+00 
-3.569646e-02 -7.908917e-01 
9.891395e-03 -4.295305e-01 
2.172899e-03 -2.289672e-01 
1.527455e-03 -1.373395e-01 
-9.756041e-04 -1.504530e-01 
-1.103785e-02 -2.613048e-01 
-2.961545e-01 3.886940e-01 
5.514210e-02 3.529081e-01 
6.071508e-03 4.424199e-01 
-1.617934e-02 5.342457e-01 
-4.829793e-03 5.042872e-01 
4.382648e-03 3.861773e-01 
6.201965e-03 1.982633e-01 
-1.965190e-04 -4.514044e-03 
-9.036459e-01 -7.430679e-01 
-1.017394e-01 -7.383961e-01 
-9.490350e-03 -5.084896e-01 
2.017638e-02 -2.626218e-01 
5.756980e-03 -1.662798e-01 
3.714293e-03 -1.472396e-01 
-2.579227e-03 -1.929974e-01 
-1.205432e-02 -2.546362e-01 
-6.886385e-01 6.628019e-01 
3.911722e-02 4.735766e-01 
1.334887e-02 3.787329e-01 
-1.466560e-02 3.497464e-01 
-7.736412e-03 2.973847e-01 
-1.791600e-03 2.405950e-01 
3.203268e-03 2.132710e-01 
9.464891e-03 2.395503e-01 
-6.997513e-01 -6.571704e-01 
-4.087462e-02 -6.606520e-01 
-1.623968e-02 -5.986858e-01 
2.400118e-02 -4.647019e-01 
6.301689e-03 -3.801793e-01 
1.398591e-04 -3.097248e-01 
-4.756284e-03 -2.283479e-01 
-5.678684e-03 -1.282325e-01 
-1.157863e+00 8.641782e-01 
-3.932046e-02 8.258848e-01 
1.320204e-02 6.347572e-01 
-2.388393e-02 4.827532e-01 
-6.498621e-03 3.299412e-01 
-3.097992e-04 1.888507e-01 
1.460562e-03 8.767354e-02 
4.154698e-03 8.490452e-02 
