poroelastic
-5.646519e-02 3.624620e-01 
-4.000135e-02 5.406612e-01 
-7.533284e-03 4.785606e-01 
6.687737e-03 2.059770e-01 
1.018724e-03 3.641338e-02 
-1.391438e-03 -5.284475e-02 
-9.047009e-04 -4.688752e-02 
1.404957e-03 6.751485e-02 
-1.420285e+00 -7.507556e-01 
-5.577926e-02 -7.211108e-01 
6.474514e-02 -6.126961e-01 
-1.826812e-02 -6.247484e-01 
-2.027703e-02 -5.907506e-01 
-1.497152e-02 -5.149292e-01 
-9.217986e-03 -3.922218e-01 
-5.183941e-03 -2.422200e-01 
-7.903601e-01 6.689262e-01 
-3.569002e-02 6.560576e-01 
-5.110036e-02 6.037326e-01 
1.637727e-02 4.546123e-01 
9.142837e-03 3.622358e-01 
7.909880e-03 3.132934e-01 
7.210804e-03 3.191076e-01 
7.763913e-03 3.619299e-01 
-7.893004e-01 -7.041506e-01 
5.865753e-02 -4.586927e-01 
3.580186e-02 -3.614579e-01 
-5.888962e-03 -3.811622e-01 
-9.753919e-03 -3.757569e-01 
-8.020890e-03 -3.445864e-01 
-6.242871e-03 -2.803228e-01 
-4.349426e-03 -1.899465e-01 
-8.423359e-01 8.081428e-01 
-1.548254e-01 9.340346e-01 
-2.411805e-02 6.929757e-01 
4.053538e-03 3.447024e-01 
1.664868e-03 1.244702e-01 
-1.176584e-04 2.129355e-02 
1.421889e-03 6.975047e-02 
7.084661e-03 2.699960e-01 
-5.208012e-01 -4.195633e-01 
1.644937e-01 -1.581559e-01 
3.386676e-02 -3.174991e-01 
-3.084688e-03 -5.604316e-01 
-1.133389e-02 -6.365120e-01 
-1.187773e-02 -5.808729e-01 
-9.596376e-03 -3.625712e-01 
2.041442e-05 6.943400e-04 
-1.163321e+00 8.277773e-01 
-3.213386e-01 1.157495e+00 
-4.272474e-02 8.705151e-01 
-6.300881e-04 4.226911e-01 
3.356202e-04 1.478674e-01 
-1.004163e-03 2.682833e-02 
1.336060e-03 9.138661e-02 
9.037907e-03 3.554348e-01 
-2.240110e-02 2.726871e-01 
-6.566041e-04 2.422397e-01 
3.451809e-03 1.621127e-01 
2.256474e-03 7.251066e-03 
-1.953584e-04 -9.124756e-02 
-1.938013e-03 -1.365336e-01 
-2.645521e-03 -1.115948e-01 
-3.309048e-04 -1.145325e-02 
-1.025451e+00 -7.241705e-01 
-1.244923e-01 -8.027124e-01 
4.221981e-03 -6.254045e-01 
6.962928e-03 -4.450863e-01 
-8.984438e-04 -3.288294e-01 
-2.066224e-03 -2.481390e-01 
-3.531790e-03 -1.969687e-01 
-5.768051e-03 -1.779684e-01 
-7.149576e-01 5.936427e-01 
-3.484968e-03 5.361121e-01 
-1.173317e-02 4.919242e-01 
-3.934790e-03 4.434521e-01 
-1.540893e-03 3.864850e-01 
1.904958e-03 3.301447e-01 
4.978273e-03 2.938749e-01 
8.264735e-03 2.841466e-01 
-7.871915e-01 -5.337722e-01 
2.387913e-03 -4.218529e-01 
8.165103e-03 -4.029240e-01 
1.454675e-02 -4.611197e-01 
-3.832324e-04 -4.864746e-01 
-3.572831e-03 -4.740533e-01 
-7.092950e-03 -4.047663e-01 
-7.167651e-03 -2.570975e-01 
-8.995946e-01 7.749012e-01 
-1.580149e-01 9.468462e-01 
-1.599658e-02 7.488683e-01 
-7.087067e-03 4.542529e-01 
-1.209495e-03 2.430473e-01 
-5.836051e-04 1.130872e-01 
5.385759e-04 9.218561e-02 
6.463939e-03 2.134920e-01 
-3.802393e-02 -2.496003e-01 
2.777203e-03 -1.021875e-01 
2.628937e-05 -5.661619e-02 
-2.758079e-04 -2.497639e-02 
-4.773603e-04 -1.568938e-02 
-6.277235e-04 -9.383321e-03 
-2.540471e-04 9.318941e-03 
1.618072e-03 5.198641e-02 
-1.178608e+00 -7.545366e-01 
-3.195174e-01 -1.061365e+00 
-3.768481e-02 -8.066657e-01 
7.100030e-03 -4.447525e-01 
1.944953e-03 -2.338489e-01 
1.318108e-03 -1.318446e-01 
-8.675838e-06 -1.369333e-01 
-7.129564e-03 -2.479320e-01 
-3.020146e-01 3.916164e-01 
6.243476e-02 3.392712e-01 
8.905513e-03 4.267807e-01 
-1.391152e-02 5.196634e-01 
-5.251868e-03 4.959662e-01 
1.726022e-03 3.900978e-01 
4.038411e-03 2.129975e-01 
2.575149e-04 8.588415e-03 
-9.154941e-01 -7.388521e-01 
-1.109379e-01 -7.514248e-01 
-1.270205e-02 -5.312574e-01 
1.531714e-02 -2.933659e-01 
4.950860e-03 -1.826948e-01 
3.223689e-03 -1.496268e-01 
-6.521432e-04 -1.855778e-01 
-8.199208e-03 -2.523631e-01 
-6.849949e-01 6.555900e-01 
3.880128e-02 4.694368e-01 
1.694861e-02 3.750469e-01 
-1.396428e-02 3.534118e-01 
-7.586176e-03 3.071034e-01 
-2.639172e-03 2.565660e-01 
1.508501e-03 2.286435e-01 
6.911609e-03 2.414148e-01 
-7.296783e-01 -6.695064e-01 
-3.935633e-02 -6.716236e-01 
-2.098808e-02 -6.152373e-01 
2.182015e-02 -4.772422e-01 
7.260942e-03 -3.836203e-01 
1.666929e-03 -3.060329e-01 
-2.623815e-03 -2.216560e-01 
-4.117808e-03 -1.255415e-01 
-1.142343e+00 8.639651e-01 
-3.661266e-02 8.147361e-01 
1.710718e-02 6.130618e-01 
-2.199977e-02 4.576239e-01 
-7.582074e-03 3.128212e-01 
-2.000265e-03 1.867748e-01 
4.936281e-04 1.047132e-01 
4.304516e-03 1.158024e-01 
