poroelastic
-1.469891e-02 1.498079e-01 
-4.647567e-03 2.222059e-01 
7.323565e-03 1.705891e-01 
3.927294e-04 1.813058e-02 
-3.306095e-03 -5.893389e-02 
-3.391805e-03 -7.508341e-02 
-9.504021e-04 -3.120960e-02 
1.502802e-03 4.482431e-02 
-1.322565e+00 -5.145710e-01 
-9.287653e-02 -7.202743e-01 
4.639891e-02 -6.844206e-01 
-3.904377e-02 -6.188921e-01 
-3.295063e-02 -5.495906e-01 
-2.456984e-02 -4.678501e-01 
-1.701478e-02 -3.842649e-01 
-1.145184e-02 -3.486081e-01 
-8.163267e-01 3.644709e-01 
-2.719939e-02 4.015185e-01 
-6.038911e-02 4.874916e-01 
3.907386e-02 5.191618e-01 
2.971543e-02 5.336547e-01 
2.622238e-02 5.334497e-01 
2.165983e-02 5.179424e-01 
1.467269e-02 4.621046e-01 
-9.738779e-01 -4.820050e-01 
6.078564e-02 -4.857082e-01 
4.394479e-02 -4.737398e-01 
-2.711871e-02 -4.829591e-01 
-2.641352e-02 -4.901359e-01 
-2.297246e-02 -4.874101e-01 
-2.001739e-02 -4.824798e-01 
-1.634620e-02 -4.980150e-01 
-7.617524e-01 4.028812e-01 
-1.384644e-01 4.925530e-01 
-2.928509e-02 4.121962e-01 
1.312057e-02 3.239570e-01 
1.204913e-02 2.753166e-01 
1.223777e-02 2.753967e-01 
1.474595e-02 3.384537e-01 
1.570234e-02 4.312530e-01 
-7.015928e-01 -4.645852e-01 
2.093886e-01 -4.654270e-01 
2.961263e-02 -6.024880e-01 
-3.103761e-02 -6.998250e-01 
-2.969825e-02 -7.024494e-01 
-2.495562e-02 -6.246510e-01 
-1.912439e-02 -4.602560e-01 
-1.005924e-02 -2.641072e-01 
-9.798945e-01 4.262061e-01 
-2.783034e-01 6.723753e-01 
-3.904165e-02 5.486560e-01 
8.901813e-03 3.712818e-01 
9.447758e-03 2.734148e-01 
9.521872e-03 2.511105e-01 
1.313583e-02 3.208216e-01 
1.622469e-02 4.613093e-01 
3.544427e-02 7.443535e-02 
5.367360e-04 4.862423e-03 
5.747076e-03 -3.946363e-02 
-2.580687e-03 -8.796549e-02 
-3.781672e-03 -1.122459e-01 
-4.108242e-03 -1.185736e-01 
-4.136069e-03 -1.074404e-01 
-3.555082e-03 -9.669651e-02 
-1.019783e+00 -5.084297e-01 
-1.647961e-01 -7.464688e-01 
-1.023406e-02 -6.629743e-01 
-1.135851e-02 -4.965684e-01 
-1.173340e-02 -3.802025e-01 
-9.770863e-03 -3.041200e-01 
-1.021713e-02 -2.777099e-01 
-1.271595e-02 -3.285927e-01 
-8.331690e-01 3.490088e-01 
3.028196e-03 3.382848e-01 
-1.116441e-02 4.046656e-01 
1.429966e-02 4.909602e-01 
1.474377e-02 5.399248e-01 
1.750412e-02 5.627858e-01 
2.043034e-02 5.732321e-01 
1.989194e-02 5.576673e-01 
-9.707577e-01 -4.152937e-01 
-1.237433e-02 -5.104644e-01 
-5.672174e-04 -5.775179e-01 
-1.305165e-02 -6.451409e-01 
-1.994016e-02 -6.601686e-01 
-1.933017e-02 -6.316133e-01 
-1.827659e-02 -5.478447e-01 
-1.413043e-02 -4.192219e-01 
-8.313647e-01 5.448097e-01 
-1.307582e-01 7.021008e-01 
-1.715963e-03 5.892035e-01 
6.582152e-03 4.014687e-01 
6.268328e-03 2.774844e-01 
5.442062e-03 2.096632e-01 
7.129411e-03 2.139970e-01 
1.102768e-02 3.012678e-01 
-3.225598e-02 -2.104990e-01 
-1.438291e-03 -1.360149e-01 
-2.805395e-03 -1.048592e-01 
-1.915359e-03 -5.271479e-02 
-6.182183e-04 -4.345008e-03 
8.340798e-04 4.058779e-02 
2.356043e-03 7.312399e-02 
3.097141e-03 8.506731e-02 
-1.073830e+00 -5.208376e-01 
-3.469285e-01 -8.918953e-01 
-6.165353e-02 -7.625966e-01 
-1.119479e-02 -4.891124e-01 
-7.076018e-03 -3.066397e-01 
-4.764976e-03 -2.041046e-01 
-5.236712e-03 -1.954899e-01 
-9.708265e-03 -2.882190e-01 
-3.988718e-01 3.850158e-01 
9.186268e-02 3.733685e-01 
2.099891e-02 4.715843e-01 
5.442892e-03 5.474971e-01 
8.192829e-03 5.466109e-01 
1.052850e-02 4.888756e-01 
1.043912e-02 3.764562e-01 
8.450857e-03 2.511041e-01 
-1.066538e+00 -4.644344e-01 
-1.799661e-01 -6.143136e-01 
-3.933058e-02 -5.403261e-01 
4.106084e-03 -4.416125e-01 
-3.349465e-03 -3.988840e-01 
-5.485502e-03 -3.962306e-01 
-1.095845e-02 -4.427804e-01 
-1.807141e-02 -5.066566e-01 
-8.830241e-01 5.102502e-01 
6.499420e-02 3.873157e-01 
3.668984e-02 3.830828e-01 
-2.304103e-03 4.530424e-01 
2.374577e-03 4.798259e-01 
7.179768e-03 4.857396e-01 
1.205187e-02 4.747980e-01 
1.567149e-02 4.576298e-01 
-7.938301e-01 -6.150648e-01 
-6.336066e-02 -7.447642e-01 
-4.295889e-02 -7.223817e-01 
2.335685e-03 -5.540267e-01 
-3.536229e-03 -4.251334e-01 
-4.788527e-03 -3.205466e-01 
-6.160987e-03 -2.416319e-01 
-7.330829e-03 -1.975704e-01 
-9.822016e-01 7.481627e-01 
-8.812568e-03 6.821976e-01 
2.818633e-02 4.932167e-01 
-4.795978e-03 3.522927e-01 
-2.756666e-07 2.397912e-01 
1.053536e-03 1.550136e-01 
2.343528e-03 1.150406e-01 
6.572748e-03 1.591756e-01 
