poroelastic
3.088139e-02 -1.201538e-01 
2.978362e-02 -2.023953e-01 
1.606252e-02 -1.885880e-01 
7.045377e-04 -8.565842e-02 
1.617276e-04 -1.642969e-02 
1.382842e-03 1.536697e-02 
1.508766e-04 -8.120075e-03 
-3.446832e-03 -5.814892e-02 
8.521372e-01 1.994471e-01 
-3.870145e-04 3.184422e-01 
-9.604278e-02 3.827799e-01 
-2.929812e-02 4.255981e-01 
8.619435e-04 4.266096e-01 
6.205630e-03 3.915715e-01 
1.093186e-02 3.240513e-01 
1.775913e-02 2.901752e-01 
6.165203e-01 -1.069646e-01 
5.296656e-02 -2.598682e-01 
1.099573e-01 -3.380352e-01 
2.167150e-02 -3.526257e-01 
1.344690e-02 -3.875706e-01 
5.470367e-04 -4.194488e-01 
-1.502322e-02 -4.553941e-01 
-2.879116e-02 -4.578695e-01 
7.144237e-01 1.916353e-01 
-8.637120e-02 2.429871e-01 
-9.825798e-02 3.176486e-01 
-4.739746e-02 3.824859e-01 
-7.839219e-03 4.271903e-01 
1.101655e-03 4.495949e-01 
1.562889e-02 4.533417e-01 
3.143566e-02 4.794372e-01 
5.630448e-01 -1.289331e-02 
1.884114e-01 -1.902587e-01 
9.692100e-02 -2.648014e-01 
3.826947e-02 -3.125380e-01 
1.615048e-02 -3.542245e-01 
1.557956e-03 -3.901249e-01 
-1.589533e-02 -4.353822e-01 
-3.043225e-02 -4.552046e-01 
5.554174e-01 2.649448e-01 
-2.282728e-01 2.927181e-01 
-9.739122e-02 4.124201e-01 
-5.106452e-02 4.809107e-01 
-9.124019e-03 5.068261e-01 
1.372395e-03 4.908916e-01 
1.716751e-02 4.352298e-01 
2.813038e-02 3.918899e-01 
4.991205e-01 -5.036324e-03 
2.116319e-01 -2.000178e-01 
7.603447e-02 -2.350193e-01 
3.351513e-02 -2.114339e-01 
1.568873e-02 -2.174534e-01 
5.723709e-03 -2.466102e-01 
-9.292793e-03 -3.170628e-01 
-2.664123e-02 -4.116927e-01 
-2.272855e-02 -1.099305e-02 
-1.932883e-03 -1.125689e-03 
-1.015086e-02 2.099825e-02 
-8.597573e-03 5.736350e-02 
-2.911980e-03 7.706812e-02 
-8.241137e-05 8.275968e-02 
2.578163e-03 6.888628e-02 
3.999372e-03 5.568057e-02 
5.616823e-01 6.063731e-02 
5.606514e-02 1.874041e-01 
-3.552669e-02 2.347036e-01 
-4.447970e-02 2.533303e-01 
-1.656864e-02 2.693270e-01 
-7.476838e-03 2.859849e-01 
7.652434e-03 3.130160e-01 
2.916928e-02 3.672088e-01 
7.209767e-01 -5.115388e-02 
2.591008e-02 -2.437227e-01 
7.124059e-02 -3.635221e-01 
5.436087e-02 -4.354134e-01 
3.321511e-02 -4.987659e-01 
1.016530e-02 -5.312803e-01 
-1.667825e-02 -5.476973e-01 
-4.123843e-02 -5.596328e-01 
6.655665e-01 5.498223e-02 
-1.506195e-02 1.564544e-01 
-6.056930e-02 3.045773e-01 
-7.972014e-02 4.589361e-01 
-2.184647e-02 5.487611e-01 
-3.967259e-03 5.773415e-01 
1.914399e-02 5.374135e-01 
3.138253e-02 4.297657e-01 
4.798965e-01 -1.297991e-01 
1.408739e-01 -3.589300e-01 
4.761216e-02 -3.729719e-01 
3.516124e-02 -2.654812e-01 
1.590589e-02 -2.078369e-01 
7.830668e-03 -1.849508e-01 
-4.516615e-03 -2.166656e-01 
-2.423106e-02 -3.245042e-01 
-3.712925e-02 -8.705067e-02 
1.370588e-02 -1.395067e-01 
4.317008e-03 -9.887428e-02 
1.634370e-03 -8.227489e-03 
1.913987e-03 3.050006e-02 
3.761229e-03 3.292252e-02 
2.097344e-03 -8.270602e-03 
-8.019179e-03 -1.032552e-01 
4.316562e-01 -5.446099e-02 
1.360303e-01 9.807974e-02 
4.794795e-03 1.793674e-01 
-3.738639e-02 2.439425e-01 
-1.504613e-02 2.669745e-01 
-5.497532e-03 2.709251e-01 
6.014185e-03 2.643139e-01 
1.811131e-02 2.376562e-01 
3.973648e-01 -3.154830e-01 
-3.426664e-02 -5.154556e-01 
3.760676e-02 -5.561124e-01 
6.269310e-02 -4.833924e-01 
3.384967e-02 -4.522938e-01 
1.335054e-02 -4.176240e-01 
-9.322065e-03 -3.951094e-01 
-3.529516e-02 -4.476054e-01 
6.705468e-01 -1.359648e-01 
9.508698e-02 -3.922643e-02 
-7.791514e-03 1.138822e-01 
-9.757592e-02 3.202087e-01 
-3.857648e-02 4.602065e-01 
-1.653501e-02 5.399681e-01 
1.735729e-02 5.624218e-01 
4.114551e-02 4.882111e-01 
6.879205e-01 -9.785838e-02 
-2.357896e-02 -2.615530e-01 
1.727242e-02 -3.093961e-01 
5.901433e-02 -3.022810e-01 
3.707578e-02 -3.367480e-01 
1.814616e-02 -3.832745e-01 
-8.874700e-03 -4.549811e-01 
-4.240022e-02 -5.789580e-01 
3.922855e-01 9.461771e-02 
1.242565e-02 1.959289e-01 
-1.364899e-02 2.895093e-01 
-4.979511e-02 3.283234e-01 
-1.878553e-02 3.263913e-01 
-6.457403e-03 3.016060e-01 
7.401147e-03 2.673885e-01 
1.731545e-02 2.211880e-01 
5.446269e-01 -1.159484e-01 
5.253080e-02 -3.141897e-01 
1.233369e-02 -3.291098e-01 
3.687824e-02 -2.823745e-01 
1.392764e-02 -2.478550e-01 
2.552356e-03 -1.947048e-01 
-3.977280e-03 -1.216713e-01 
-7.487052e-03 -9.004205e-02 
