poroelastic
8.100230e-03 -4.819788e-02 
5.356626e-03 -5.562974e-02 
1.794090e-03 -4.828501e-02 
-3.190645e-03 -4.290367e-02 
-2.360606e-03 -3.400693e-02 
-8.278143e-04 -1.297983e-02 
5.693418e-04 1.040731e-02 
-4.000770e-04 -7.599725e-03 
-6.504269e-01 -1.249564e-01 
-5.482130e-02 -3.481306e-01 
2.979426e-02 -3.662674e-01 
-2.104383e-02 -2.966632e-01 
-2.144582e-02 -2.663483e-01 
-1.824653e-02 -2.497856e-01 
-1.665737e-02 -2.544170e-01 
-1.691213e-02 -3.249359e-01 
-6.323856e-01 -2.238339e-02 
-2.036993e-02 1.001747e-01 
-7.252698e-02 2.846520e-01 
4.152028e-02 4.252680e-01 
3.462397e-02 5.070802e-01 
3.451356e-02 5.331420e-01 
3.095012e-02 5.083063e-01 
2.140556e-02 4.210691e-01 
-6.876718e-01 -9.020848e-02 
4.732315e-02 -2.516699e-01 
4.970879e-02 -3.118290e-01 
-1.959524e-02 -3.338948e-01 
-2.773349e-02 -3.804239e-01 
-2.817721e-02 -4.315055e-01 
-3.085779e-02 -4.950214e-01 
-3.091872e-02 -5.929457e-01 
-4.826547e-01 -1.319349e-01 
-1.243866e-01 -3.045562e-02 
-5.198438e-02 1.006895e-01 
1.431939e-02 2.677931e-01 
2.154197e-02 3.735350e-01 
2.663405e-02 4.378498e-01 
2.891213e-02 4.611146e-01 
2.227093e-02 4.042300e-01 
-5.152632e-01 -2.971376e-01 
1.595782e-01 -4.552309e-01 
2.778174e-02 -4.979346e-01 
-2.330621e-02 -4.401007e-01 
-2.490755e-02 -4.084023e-01 
-2.193187e-02 -3.802805e-01 
-2.343994e-02 -3.685513e-01 
-2.439385e-02 -4.259509e-01 
-5.186810e-01 -1.382461e-01 
-1.930112e-01 1.989577e-02 
-5.217394e-02 1.417268e-01 
9.400232e-03 2.687726e-01 
1.765154e-02 3.446908e-01 
2.185614e-02 3.874015e-01 
2.451883e-02 4.027707e-01 
1.963026e-02 3.667642e-01 
4.573597e-02 -7.922461e-02 
-2.438350e-04 -1.064189e-01 
4.502160e-03 -7.780775e-02 
-8.925070e-04 -3.576750e-02 
-1.032662e-03 -2.769265e-02 
-1.957935e-03 -4.450780e-02 
-5.908953e-03 -9.549294e-02 
-1.095241e-02 -1.938946e-01 
-5.177240e-01 -9.221996e-02 
-9.317488e-02 -2.903471e-01 
-3.281141e-04 -3.002705e-01 
-5.230341e-03 -2.301391e-01 
-8.678342e-03 -2.010632e-01 
-9.449282e-03 -2.066528e-01 
-1.518829e-02 -2.665212e-01 
-2.409629e-02 -4.024346e-01 
-7.565995e-01 -7.888039e-03 
3.377476e-03 9.925690e-02 
-2.724369e-02 2.795095e-01 
2.162006e-02 4.532617e-01 
2.351513e-02 5.654042e-01 
3.055062e-02 6.227330e-01 
3.560892e-02 6.289623e-01 
3.191271e-02 5.770109e-01 
-6.768665e-01 -1.062084e-01 
-1.314621e-02 -2.901370e-01 
8.529464e-03 -3.911426e-01 
-1.151471e-02 -4.576832e-01 
-2.434765e-02 -5.019371e-01 
-2.551011e-02 -5.196768e-01 
-2.811488e-02 -5.133357e-01 
-2.660634e-02 -4.986808e-01 
-5.110686e-01 1.105455e-01 
-9.425461e-02 2.836977e-01 
-6.772144e-03 3.306667e-01 
8.285472e-03 3.006360e-01 
1.054717e-02 2.698164e-01 
1.113915e-02 2.409241e-01 
1.234543e-02 2.197353e-01 
1.227791e-02 2.155495e-01 
4.729396e-02 -2.373937e-02 
-1.273705e-02 1.223609e-02 
-7.407382e-04 3.945850e-02 
1.381466e-03 6.851555e-02 
3.570640e-03 9.489267e-02 
5.093903e-03 1.117307e-01 
5.643882e-03 1.028515e-01 
3.881376e-03 6.732358e-02 
-4.658078e-01 -6.817094e-02 
-1.758642e-01 -2.734101e-01 
-3.431997e-02 -2.882781e-01 
-7.456555e-03 -2.316309e-01 
-7.385010e-03 -1.949335e-01 
-7.382417e-03 -1.834532e-01 
-1.015988e-02 -2.122213e-01 
-1.513596e-02 -2.762700e-01 
-3.919993e-01 2.670863e-01 
8.889177e-02 3.710339e-01 
1.930138e-02 4.613628e-01 
1.075619e-02 4.736501e-01 
1.281392e-02 4.674771e-01 
1.636342e-02 4.375258e-01 
1.891008e-02 3.901924e-01 
2.013789e-02 3.698539e-01 
-6.983650e-01 1.352835e-02 
-1.360131e-01 -1.447944e-01 
-2.854663e-02 -2.270107e-01 
8.977377e-03 -3.207937e-01 
-7.920293e-03 -3.978054e-01 
-1.403466e-02 -4.650404e-01 
-2.521959e-02 -5.347827e-01 
-3.361836e-02 -5.779919e-01 
-8.459320e-01 1.642099e-01 
7.358551e-02 2.215901e-01 
3.284401e-02 3.321309e-01 
2.410715e-03 4.398050e-01 
9.537027e-03 5.078477e-01 
1.790233e-02 5.415868e-01 
2.537411e-02 5.354895e-01 
2.727097e-02 5.022740e-01 
-4.615521e-01 -2.426787e-01 
-4.793324e-02 -3.941046e-01 
-2.996736e-02 -4.072612e-01 
-9.594334e-04 -3.153704e-01 
-4.976878e-03 -2.530567e-01 
-5.758907e-03 -2.190924e-01 
-1.012968e-02 -2.319910e-01 
-1.695268e-02 -2.975104e-01 
-5.656029e-01 2.441503e-01 
-2.082009e-03 2.924393e-01 
2.131632e-02 2.673873e-01 
-1.531444e-03 2.403875e-01 
3.104889e-03 2.042497e-01 
4.580125e-03 1.632391e-01 
5.786600e-03 1.242458e-01 
6.974379e-03 1.132811e-01 
