poroelastic
-3.596203e+00 -2.713704e+01 
5.792043e-01 -1.552354e+01 
9.073988e-01 2.342079e+01 
-5.584499e-01 2.091958e+01 
4.055172e-01 4.121240e+00 
-4.813117e-02 -1.912979e+01 
-1.490461e+00 -2.494683e+01 
6.269107e-01 1.051229e+01 
6.409888e-01 1.028852e+01 
2.104255e-01 3.395502e+00 
-2.179837e-02 -3.527463e-01 
-3.543590e+00 -2.769103e+01 
9.276136e-02 -1.753399e+01 
5.673173e-01 2.431299e+01 
-3.866725e-01 1.962332e+01 
5.064529e-01 3.375513e+00 
6.618129e-02 -1.757934e+01 
-1.452514e+00 -2.595048e+01 
7.142926e-01 1.125825e+01 
6.149084e-01 1.004752e+01 
2.377679e-01 4.303376e+00 
-2.926291e-01 -5.235447e+00 
-2.981969e+00 -2.823460e+01 
4.953931e-01 -1.908584e+01 
9.704567e-01 2.460370e+01 
-6.298664e-01 2.049884e+01 
3.804736e-01 3.215777e+00 
-4.971264e-02 -1.748058e+01 
-1.455351e+00 -2.344058e+01 
7.160026e-01 1.131202e+01 
6.162177e-01 9.937444e+00 
1.749080e-01 2.945241e+00 
-6.120846e-02 -1.049769e+00 
-2.402808e+00 -2.560364e+01 
7.677892e-01 -1.695973e+01 
7.808443e-01 2.992799e+01 
-5.357834e-01 2.308102e+01 
5.664302e-01 4.469443e+00 
1.694398e-01 -1.776733e+01 
-1.407140e+00 -2.625852e+01 
6.536146e-01 1.033190e+01 
6.686654e-01 1.037754e+01 
3.730856e-01 5.872214e+00 
-5.578627e-01 -8.758450e+00 
-2.156942e+00 -2.710070e+01 
7.588454e-01 -2.032032e+01 
1.072328e+00 2.912815e+01 
-7.123152e-01 2.332771e+01 
4.647020e-01 2.791181e+00 
-3.241112e-02 -1.922421e+01 
-1.707235e+00 -2.600297e+01 
6.946361e-01 1.139329e+01 
9.680544e-01 1.343881e+01 
5.750111e-01 7.058313e+00 
-5.641493e-01 -6.915217e+00 
-1.781755e+00 -2.716270e+01 
6.892998e-01 -2.045615e+01 
8.738420e-01 3.224547e+01 
-6.366922e-01 2.645916e+01 
6.571321e-01 5.205325e+00 
2.319557e-01 -1.902071e+01 
-1.706080e+00 -2.984179e+01 
2.587944e-01 5.828685e+00 
8.889821e-01 1.117237e+01 
1.045826e+00 1.067076e+01 
-8.463914e-01 -8.446508e+00 
-1.386994e+00 -2.956581e+01 
7.057384e-01 -2.143738e+01 
9.446355e-01 3.262370e+01 
-6.451035e-01 2.482148e+01 
5.871641e-01 1.449071e+00 
-9.228908e-02 -2.300948e+01 
-2.610471e+00 -3.456451e+01 
1.210866e-01 7.853710e+00 
1.689525e+00 1.905648e+01 
1.955230e+00 1.681417e+01 
-1.164873e+00 -9.433807e+00 
-7.429757e-01 -3.161161e+01 
5.732511e-01 -2.290988e+01 
7.976802e-01 3.586554e+01 
-6.215052e-01 2.944800e+01 
8.318324e-01 4.455323e+00 
2.253200e-01 -2.262668e+01 
-2.475742e+00 -3.688215e+01 
-3.694703e-01 2.166452e+00 
1.384361e+00 1.480202e+01 
2.419938e+00 1.822311e+01 
-1.387187e+00 -9.728088e+00 
-6.958284e-01 -3.938282e+01 
1.027587e+00 -2.478740e+01 
1.288786e+00 3.841720e+01 
-8.190514e-01 3.090862e+01 
7.405908e-01 3.280880e+00 
-8.653812e-03 -2.396666e+01 
-3.308277e+00 -4.089629e+01 
-6.381231e-01 3.592877e+00 
2.555742e+00 2.363704e+01 
4.031477e+00 2.599593e+01 
-2.835309e+00 -1.732248e+01 
-1.449799e+00 -3.782554e+01 
1.514530e+00 -2.466138e+01 
1.429773e+00 4.433285e+01 
-9.476649e-01 3.876847e+01 
1.061025e+00 7.146033e+00 
4.094997e-01 -2.335698e+01 
-3.188502e+00 -4.356876e+01 
-1.096425e+00 -1.570127e+00 
2.697600e+00 2.195746e+01 
5.546734e+00 3.075604e+01 
-4.732077e+00 -2.551161e+01 
-5.707950e-01 -5.044805e+01 
1.885909e+00 -3.158162e+01 
2.259916e+00 4.276164e+01 
-1.433242e+00 4.141147e+01 
8.233403e-01 8.271276e+00 
1.036040e-01 -2.234029e+01 
-3.511357e+00 -4.028965e+01 
-7.805759e-01 2.925507e+00 
3.476317e+00 2.540359e+01 
5.636290e+00 2.839744e+01 
-5.281811e+00 -2.629079e+01 
-5.943209e-01 -5.508888e+01 
2.317005e+00 -3.088066e+01 
2.323143e+00 4.909343e+01 
-1.487228e+00 5.030327e+01 
1.291997e+00 1.206108e+01 
6.322111e-01 -2.232870e+01 
-4.312451e+00 -5.287119e+01 
-2.750724e+00 -1.010256e+01 
4.814981e+00 3.259648e+01 
1.126550e+01 5.202300e+01 
-1.029098e+01 -4.674229e+01 
-1.608048e-01 -6.749764e+01 
3.130024e+00 -3.238705e+01 
2.806261e+00 5.401910e+01 
-1.800170e+00 5.135835e+01 
1.295337e+00 1.013863e+01 
1.995060e-01 -2.770852e+01 
-5.245858e+00 -5.223189e+01 
-1.533399e+00 1.235535e+00 
4.302975e+00 2.784688e+01 
8.000107e+00 3.485217e+01 
-6.365511e+00 -2.666411e+01 
8.602231e+00 -6.373593e+01 
4.297158e-01 -2.875136e+01 
1.332815e+00 3.811753e+01 
-8.107285e-01 3.247784e+01 
1.176788e+00 6.459370e+00 
3.308688e-01 -2.025440e+01 
-4.011354e+00 -4.044903e+01 
1.077986e+00 1.337228e+01 
3.704448e+00 1.917172e+01 
-2.860898e-01 -2.447933e+00 
-1.380030e+00 -5.240380e+00 
