poroelastic
3.067796e+00 2.179165e+01 
-5.884735e-01 1.406959e+01 
-9.353945e-01 -1.794694e+01 
3.699390e-01 -1.912438e+01 
-5.590904e-01 -2.739841e+00 
6.909472e-01 1.654544e+01 
1.857776e+00 1.566996e+01 
-2.322793e+00 -2.118538e+01 
-2.245471e-01 -4.712255e+00 
6.193352e-01 1.032602e+01 
-7.865328e-02 -1.964090e+00 
3.363037e+00 2.506053e+01 
-5.349999e-01 1.496325e+01 
-8.936794e-01 -1.980615e+01 
2.956525e-01 -2.008805e+01 
-6.376969e-01 -2.103514e+00 
5.075068e-01 1.512287e+01 
1.707238e+00 1.521038e+01 
-2.144652e+00 -2.019838e+01 
-1.042994e-01 -4.106526e+00 
6.579982e-01 1.058146e+01 
-2.796022e-03 -7.868591e-02 
3.450965e+00 2.897390e+01 
-7.768964e-01 1.680106e+01 
-1.257311e+00 -1.835072e+01 
6.267215e-01 -1.976824e+01 
-4.026200e-01 -2.046732e+00 
8.810040e-01 1.666611e+01 
2.035055e+00 1.565817e+01 
-2.456391e+00 -2.096115e+01 
-4.592196e-01 -6.748275e+00 
4.658737e-01 8.115732e+00 
-9.316000e-02 -2.358364e+00 
2.973591e+00 2.801272e+01 
-8.722270e-01 1.142608e+01 
-6.054666e-01 -2.363877e+01 
7.809856e-02 -1.831648e+01 
-7.384520e-01 -1.151895e+00 
5.522008e-01 1.722872e+01 
2.242238e+00 1.974152e+01 
-1.957407e+00 -1.639777e+01 
-3.180696e-01 -4.109638e+00 
3.766898e-01 7.032350e+00 
-2.072198e-01 -4.572763e+00 
2.843238e+00 3.440511e+01 
-5.265271e-01 1.491383e+01 
-7.277767e-01 -2.141745e+01 
2.196231e-01 -1.680790e+01 
-5.316210e-01 5.285786e-01 
9.543059e-01 1.914144e+01 
2.869895e+00 2.203214e+01 
-2.198296e+00 -1.615800e+01 
-1.043291e+00 -1.044523e+01 
-6.469399e-02 -6.497233e-01 
-4.365569e-02 -6.864255e-01 
2.606528e+00 3.756740e+01 
-8.876635e-01 1.327236e+01 
-6.283621e-01 -2.654777e+01 
5.408923e-02 -2.129170e+01 
-9.808215e-01 -3.412727e+00 
2.343787e-01 1.661761e+01 
2.976846e+00 2.704942e+01 
-9.040060e-01 -5.652433e+00 
-9.091488e-01 -7.965803e+00 
-6.464046e-01 -7.139292e+00 
1.637749e-01 2.011546e+00 
2.336990e+00 4.373354e+01 
-1.182196e+00 1.547370e+01 
-1.161475e+00 -2.532622e+01 
4.116470e-01 -2.029235e+01 
-6.155645e-01 -2.228458e+00 
6.452656e-01 1.640651e+01 
3.605256e+00 2.794638e+01 
-1.244036e+00 -8.190145e+00 
-2.153736e+00 -1.810040e+01 
-1.842044e+00 -1.765853e+01 
1.561038e+00 1.511311e+01 
1.829805e+00 5.205276e+01 
-1.340824e+00 1.769567e+01 
-1.427510e+00 -2.703704e+01 
5.429919e-01 -2.820840e+01 
-1.107102e+00 -9.122247e+00 
-3.948992e-01 1.064231e+01 
3.113731e+00 2.968251e+01 
5.395590e-01 4.745723e+00 
-1.558535e+00 -1.215108e+01 
-2.486942e+00 -2.059606e+01 
1.850169e+00 1.542446e+01 
1.460805e+00 6.115942e+01 
-2.019786e+00 1.226167e+01 
-1.399965e+00 -2.973472e+01 
4.112136e-01 -2.300191e+01 
-8.468419e-01 -5.368634e+00 
2.822924e-02 1.165970e+01 
3.911569e+00 3.206337e+01 
2.868426e-01 2.083080e+00 
-2.809436e+00 -2.056156e+01 
-3.930567e+00 -2.870727e+01 
3.336224e+00 2.434335e+01 
5.855512e-01 6.078818e+01 
-2.204074e+00 7.072176e+00 
-7.669737e-01 -3.485341e+01 
-1.102131e-01 -2.363197e+01 
-1.354708e+00 -6.023349e+00 
-5.895825e-01 1.106270e+01 
4.051123e+00 3.623983e+01 
1.683998e+00 1.092631e+01 
-2.240758e+00 -1.538990e+01 
-4.682430e+00 -3.047068e+01 
3.102077e+00 2.000167e+01 
-2.203057e+00 7.144281e+01 
-1.885051e+00 7.926406e+00 
-6.558559e-01 -3.225734e+01 
-1.609763e-01 -1.790226e+01 
-1.058023e+00 -3.971726e+00 
-2.015063e-01 1.100110e+01 
4.661444e+00 3.685339e+01 
2.003818e+00 1.200443e+01 
-2.914373e+00 -1.945507e+01 
-5.527545e+00 -3.433663e+01 
3.050537e+00 1.867219e+01 
-1.340727e+00 7.025962e+01 
-3.093158e+00 -6.193219e+00 
2.738375e-01 -4.107423e+01 
-9.756517e-01 -9.910191e+00 
-1.071905e+00 3.421866e+00 
-1.271046e-01 1.170642e+01 
4.411208e+00 3.355794e+01 
1.629420e+00 8.710904e+00 
-2.313552e+00 -1.466185e+01 
-5.372221e+00 -3.103904e+01 
2.876787e+00 1.632830e+01 
-1.070100e+00 7.282691e+01 
-3.721634e+00 -4.738817e+00 
-2.373948e-01 -4.256884e+01 
-6.872567e-01 -8.035626e+00 
-8.111941e-01 2.723665e+00 
1.025477e-02 9.598573e+00 
4.511685e+00 3.148596e+01 
1.925897e+00 9.930399e+00 
-2.725762e+00 -1.682036e+01 
-6.248301e+00 -3.455128e+01 
3.346944e+00 1.811170e+01 
-4.425773e+00 7.077352e+01 
-2.958726e+00 -7.648936e+00 
2.373951e-01 -3.305239e+01 
-8.541277e-01 1.501702e+00 
-6.301979e-01 2.270709e-02 
-6.398600e-01 7.643182e-01 
2.608817e+00 2.097467e+01 
1.670447e+00 8.791120e+00 
-1.753282e+00 -1.026877e+01 
-3.417140e+00 -1.758623e+01 
2.147768e+00 1.078166e+01 
