poroelastic
2.259082e+00 1.753695e+01 
-7.070325e-02 4.186346e+00 
-8.623835e-01 -1.531906e+01 
-4.544098e-01 -8.448593e+00 
4.160287e-02 4.026629e+00 
4.643514e-01 7.387883e+00 
7.928751e-01 8.370763e+00 
-6.233876e-01 -5.992859e+00 
-2.050870e-01 -3.243570e+00 
-2.390519e-02 -1.645367e+00 
8.062103e-02 2.763370e+00 
1.836939e+00 1.550568e+01 
6.279194e-01 1.218817e+01 
-1.004101e+00 -1.271854e+01 
-6.102113e-01 -1.511567e+01 
-1.350855e-01 1.217117e+00 
4.491515e-01 7.801564e+00 
1.057569e+00 1.143808e+01 
-5.369306e-01 -4.387169e+00 
-3.372035e-01 -5.144101e+00 
-8.549204e-02 -4.263759e+00 
1.157258e-01 4.904265e+00 
9.089606e-01 9.531315e+00 
7.739202e-01 1.286177e+01 
-8.828774e-01 -1.250728e+01 
-6.110379e-01 -1.486459e+01 
-1.569363e-01 1.489496e+00 
5.054284e-01 9.016795e+00 
1.072901e+00 1.169329e+01 
-5.269591e-01 -4.262582e+00 
-2.945242e-01 -4.210046e+00 
-9.640868e-02 -3.444762e+00 
7.320157e-02 2.954712e+00 
6.187668e-02 3.638334e+00 
1.252614e+00 1.594699e+01 
-7.399369e-01 -8.460592e+00 
-5.313757e-01 -1.381868e+01 
-1.142315e-01 1.087060e+00 
4.358497e-01 7.427027e+00 
9.069849e-01 9.910659e+00 
-5.806369e-01 -5.330861e+00 
-2.581274e-01 -4.328393e+00 
-2.559618e-02 -2.496804e+00 
8.128321e-02 3.741141e+00 
-7.067222e-01 -3.941286e+00 
1.526516e+00 1.771800e+01 
-6.323064e-01 -7.072652e+00 
-5.275653e-01 -1.412286e+01 
-1.566427e-01 6.839251e-01 
4.416472e-01 7.832948e+00 
9.323091e-01 1.017403e+01 
-5.418985e-01 -4.829145e+00 
-1.773136e-01 -2.378038e+00 
-2.274248e-02 -1.299632e-01 
-2.215525e-02 -8.136115e-01 
-1.535255e+00 -1.004448e+01 
2.077428e+00 2.059683e+01 
-4.030362e-01 -2.691729e+00 
-4.607439e-01 -1.281634e+01 
-9.764502e-02 7.781617e-01 
4.157893e-01 6.828004e+00 
6.470710e-01 7.057566e+00 
-5.859777e-01 -6.239985e+00 
-1.260932e-01 -2.531319e+00 
4.598209e-02 8.635609e-02 
5.430485e-02 2.053339e+00 
-1.855150e+00 -1.670817e+01 
2.342870e+00 2.258049e+01 
-3.372406e-01 -7.412365e-01 
-4.618861e-01 -1.388113e+01 
-1.841923e-01 -6.668606e-01 
3.026901e-01 5.825480e+00 
7.406892e-01 8.254700e+00 
-4.224399e-01 -4.093494e+00 
-7.512526e-02 -9.447354e-01 
2.813292e-02 1.503698e+00 
-5.796250e-02 -2.130761e+00 
-2.222456e+00 -2.256197e+01 
2.706015e+00 2.407933e+01 
-1.815229e-01 2.143623e+00 
-4.059720e-01 -1.287492e+01 
-1.150601e-01 -1.019005e-01 
3.579115e-01 5.898303e+00 
4.333903e-01 4.781010e+00 
-5.402678e-01 -6.532488e+00 
5.864335e-04 -8.817823e-01 
9.411477e-02 1.596578e+00 
2.443145e-02 1.185003e+00 
-2.223467e+00 -2.892368e+01 
3.027999e+00 2.619975e+01 
-1.114343e-01 4.401051e+00 
-3.723328e-01 -1.322111e+01 
-1.561805e-01 -1.132426e+00 
2.380358e-01 4.452189e+00 
4.755847e-01 5.411154e+00 
-4.113049e-01 -4.847732e+00 
4.515099e-02 6.719796e-01 
5.986985e-02 3.575120e+00 
-5.179453e-02 -3.367065e+00 
-2.280830e+00 -3.129098e+01 
3.323366e+00 2.765643e+01 
-7.301883e-02 6.337969e+00 
-3.433969e-01 -1.362084e+01 
-1.183388e-01 -9.160486e-01 
3.235937e-01 5.149739e+00 
2.980912e-01 3.251859e+00 
-5.516109e-01 -7.258768e+00 
8.449983e-02 3.743675e-01 
1.104891e-01 3.438262e+00 
-7.253262e-03 -6.119461e-01 
-1.470732e+00 -3.626397e+01 
3.228936e+00 2.619631e+01 
-1.507816e-02 5.802932e+00 
-3.128656e-01 -1.237082e+01 
-8.910919e-02 -1.462048e-01 
3.295333e-01 5.301628e+00 
2.204122e-01 2.445924e+00 
-4.706035e-01 -6.526854e+00 
1.442130e-01 2.180566e+00 
6.376135e-02 5.223511e+00 
-3.086264e-02 -4.227723e+00 
-1.853637e+00 -3.729385e+01 
3.732774e+00 2.926210e+01 
-1.857919e-02 8.383562e+00 
-2.585870e-01 -1.314030e+01 
-1.045383e-01 -1.195103e+00 
2.633547e-01 4.181528e+00 
1.993175e-01 2.118084e+00 
-5.358748e-01 -7.403898e+00 
1.515436e-01 1.628488e+00 
1.411398e-01 5.472889e+00 
-4.221927e-02 -2.896757e+00 
-1.162969e+00 -3.742250e+01 
3.670709e+00 2.846391e+01 
-1.684299e-01 5.070596e+00 
-2.985689e-01 -1.497845e+01 
-1.319880e-01 -3.892552e-02 
4.482418e-01 7.676599e+00 
4.149850e-01 4.358296e+00 
-6.596488e-01 -7.755156e+00 
6.295886e-02 6.059420e-01 
1.650130e-01 4.097187e+00 
-9.216285e-02 -2.686898e+00 
-3.560673e-01 -3.323587e+01 
3.556369e+00 2.800238e+01 
-5.103455e-01 3.903022e+00 
-1.731295e-01 -1.507392e+01 
-1.822225e-01 -2.225153e+00 
2.117848e-01 4.773171e+00 
5.936718e-01 6.643045e+00 
-5.235864e-01 -5.671210e+00 
-9.940710e-02 -1.310457e+00 
1.572397e-01 2.088397e+00 
-5.456269e-02 -7.377079e-01 
