poroelastic
2.035259e+00 1.571241e+01 
1.667483e-02 3.553442e+00 
-8.425199e-01 -1.367497e+01 
-4.018349e-01 -6.771287e+00 
7.758871e-02 3.512296e+00 
4.828889e-01 7.466181e+00 
5.726477e-01 6.685882e+00 
-5.812723e-01 -6.702264e+00 
-1.132793e-01 -2.472625e+00 
6.870775e-02 1.183925e+00 
1.959421e-02 8.788759e-01 
1.412816e+00 1.206883e+01 
6.655847e-01 1.040111e+01 
-8.727709e-01 -1.035355e+01 
-5.264023e-01 -1.137251e+01 
-3.960903e-02 1.277789e+00 
4.223068e-01 6.757362e+00 
6.699764e-01 7.942068e+00 
-5.098647e-01 -5.485895e+00 
-1.756021e-01 -3.512774e+00 
3.721612e-02 -8.021266e-02 
3.363688e-02 1.840959e+00 
5.371781e-01 6.023016e+00 
8.093692e-01 1.115180e+01 
-7.682295e-01 -1.021291e+01 
-5.327406e-01 -1.136663e+01 
-5.148939e-02 1.609940e+00 
5.000090e-01 8.203253e+00 
6.828957e-01 8.133345e+00 
-5.127124e-01 -5.530902e+00 
-1.484937e-01 -2.747166e+00 
2.914281e-02 5.043560e-01 
8.371889e-03 3.959558e-01 
-2.478175e-01 4.759796e-01 
1.312159e+00 1.459907e+01 
-5.907928e-01 -5.985142e+00 
-4.696169e-01 -1.075319e+01 
-4.390355e-02 8.921858e-01 
4.045278e-01 6.457482e+00 
5.454521e-01 6.541106e+00 
-5.325139e-01 -6.302460e+00 
-1.194627e-01 -2.855786e+00 
8.051262e-02 1.442227e+00 
2.167955e-02 1.118910e+00 
-9.389237e-01 -6.790834e+00 
1.575959e+00 1.635419e+01 
-4.886230e-01 -4.884493e+00 
-4.864253e-01 -1.135784e+01 
-9.037189e-02 4.731128e-01 
4.215071e-01 7.048195e+00 
5.836879e-01 6.991490e+00 
-4.908143e-01 -5.681188e+00 
-5.601335e-02 -1.083228e+00 
9.562391e-02 3.280481e+00 
-7.094908e-02 -2.715307e+00 
-1.660724e+00 -1.298271e+01 
2.060271e+00 1.893438e+01 
-2.524072e-01 -8.580780e-01 
-4.287680e-01 -1.032416e+01 
-5.090261e-02 4.922343e-01 
3.980424e-01 6.250629e+00 
3.686354e-01 4.407143e+00 
-5.244812e-01 -6.791462e+00 
-4.280579e-02 -1.597226e+00 
1.326680e-01 2.968622e+00 
6.156498e-03 2.376244e-01 
-1.921676e+00 -1.907036e+01 
2.366920e+00 2.145501e+01 
-1.919047e-01 1.055289e+00 
-4.492546e-01 -1.167514e+01 
-1.455273e-01 -1.121074e+00 
3.023646e-01 5.316645e+00 
4.743507e-01 5.787368e+00 
-3.892265e-01 -4.734443e+00 
-7.083824e-03 -2.621385e-01 
1.169741e-01 4.020470e+00 
-9.346613e-02 -3.487348e+00 
-2.167363e+00 -2.462154e+01 
2.681063e+00 2.272437e+01 
-4.112862e-02 3.500527e+00 
-4.111122e-01 -1.101662e+01 
-8.853923e-02 -5.168356e-01 
3.636433e-01 5.720087e+00 
2.183254e-01 2.635608e+00 
-4.867710e-01 -7.032434e+00 
4.055002e-02 -4.717002e-01 
1.494906e-01 3.931225e+00 
-2.188643e-03 -1.122920e-01 
-2.158636e+00 -3.040342e+01 
3.006342e+00 2.489838e+01 
3.940932e-02 5.465723e+00 
-3.994023e-01 -1.153990e+01 
-1.454337e-01 -1.633623e+00 
2.483731e-01 4.358978e+00 
2.813740e-01 3.549663e+00 
-3.577043e-01 -5.284635e+00 
8.309694e-02 1.053666e+00 
1.047887e-01 5.889289e+00 
-5.786150e-02 -4.497271e+00 
-2.359193e+00 -3.257523e+01 
3.356385e+00 2.656742e+01 
1.142537e-01 7.258047e+00 
-4.027003e-01 -1.218823e+01 
-1.214126e-01 -1.370090e+00 
3.481685e-01 5.573818e+00 
1.741389e-01 2.143129e+00 
-4.707999e-01 -7.411679e+00 
9.441587e-02 4.364062e-01 
1.168920e-01 5.351109e+00 
-1.230324e-02 -1.811118e+00 
-1.571493e+00 -3.660704e+01 
3.249995e+00 2.525491e+01 
1.314096e-01 6.520757e+00 
-3.573694e-01 -1.108348e+01 
-8.457441e-02 -5.520432e-01 
3.670666e-01 5.889908e+00 
1.121623e-01 1.426569e+00 
-3.988994e-01 -6.635963e+00 
1.278346e-01 2.155459e+00 
2.745916e-02 6.971433e+00 
4.781024e-03 -5.613118e+00 
-1.976790e+00 -3.726620e+01 
3.757232e+00 2.833794e+01 
1.404151e-01 8.915073e+00 
-3.282876e-01 -1.195213e+01 
-1.102655e-01 -1.611346e+00 
3.213081e-01 5.083636e+00 
1.474672e-01 1.797557e+00 
-4.753946e-01 -7.570713e+00 
1.068197e-01 1.103236e+00 
7.583886e-02 6.496053e+00 
-8.850280e-03 -3.926431e+00 
-1.203360e+00 -3.619537e+01 
3.639192e+00 2.754629e+01 
-1.039339e-01 4.993147e+00 
-3.663167e-01 -1.406420e+01 
-1.147899e-01 -4.223473e-01 
4.964803e-01 8.523792e+00 
2.943211e-01 3.540766e+00 
-5.812027e-01 -8.049263e+00 
4.812553e-02 3.716124e-01 
1.291724e-01 5.436002e+00 
-6.733048e-02 -3.740551e+00 
-2.470353e-01 -3.251766e+01 
3.464269e+00 2.633165e+01 
-4.020202e-01 3.978627e+00 
-2.523239e-01 -1.372030e+01 
-1.693446e-01 -2.550964e+00 
2.418645e-01 5.204927e+00 
4.637169e-01 5.920547e+00 
-4.715143e-01 -6.041650e+00 
-7.460897e-02 -1.332845e+00 
1.787509e-01 3.155031e+00 
-7.384948e-02 -1.358974e+00 
