poroelastic
-4.360926e+00 -3.231500e+01 
1.087269e+00 -1.376201e+01 
8.443396e-01 2.055054e+01 
-4.565083e-01 5.272381e+00 
-1.136613e-01 7.374201e+00 
2.655657e-01 4.028091e+00 
1.367853e+00 1.268871e+01 
4.240553e-01 -1.486565e+00 
4.507715e-01 6.592364e-01 
-6.180298e-01 -7.511825e+00 
-1.863834e+00 -1.322859e+01 
-3.067297e+00 -2.635481e+01 
1.112448e+00 -1.231382e+01 
9.142052e-01 1.738930e+01 
-4.100774e-01 2.195890e+00 
-2.374582e-01 7.125057e+00 
1.263968e-01 4.209407e+00 
1.242001e+00 1.312347e+01 
1.070915e+00 5.845763e+00 
6.101121e-01 1.639801e+00 
-4.654159e-01 -6.761935e+00 
-2.583677e+00 -1.814601e+01 
-2.017684e+00 -2.107216e+01 
1.821082e+00 -7.288698e+00 
7.342891e-01 2.127183e+01 
-4.148608e-01 4.124472e+00 
-1.224266e-01 7.233424e+00 
2.800458e-01 4.254347e+00 
1.260460e+00 1.023815e+01 
1.854432e-01 -2.964856e+00 
-3.302610e-01 -4.887565e+00 
-2.124554e+00 -1.573025e+01 
7.435263e-01 4.956665e+00 
-1.682635e+00 -1.680035e+01 
1.728169e+00 -1.290756e-01 
-1.273890e-01 2.355520e+01 
3.342809e-01 -5.314152e+00 
-3.646425e-02 -7.807846e-01 
-2.809728e-01 -6.354855e+00 
-3.222691e-01 1.356755e+00 
3.781122e-01 5.071041e+00 
2.820037e-01 2.362966e+00 
-1.091466e+00 -6.903129e+00 
1.030740e+00 6.456606e+00 
-9.436372e-01 -8.281058e+00 
1.054776e+00 5.960596e+00 
-1.814331e+00 3.064021e+01 
1.381763e+00 -1.119069e+01 
4.734402e-01 -7.771149e+00 
-2.781799e-01 -1.410434e+01 
-1.086577e+00 -7.211674e+00 
-3.657385e-01 1.007430e+00 
-1.828592e-01 1.016864e+00 
-2.603165e+00 -1.241516e+01 
4.517567e+00 2.511917e+01 
6.141475e-01 -9.438106e+00 
-1.182335e+00 -4.437573e+00 
-2.454404e+00 2.553901e+01 
1.758997e+00 -1.304136e+01 
6.556632e-01 -8.900289e+00 
-3.207102e-01 -1.845506e+01 
-1.539337e+00 -1.138190e+01 
8.343693e-03 5.239166e+00 
3.943040e-01 4.615986e+00 
-1.492310e+00 -6.004756e+00 
2.915971e+00 1.452237e+01 
3.495789e+00 -2.050986e+01 
-3.378066e+00 -2.584844e+01 
-1.429895e+00 1.123685e+01 
9.674388e-01 -5.643987e+00 
4.290073e-01 -6.444815e+00 
-5.134835e-01 -1.721518e+01 
-1.631323e+00 -8.963780e+00 
1.835636e-01 6.732742e+00 
1.051496e+00 7.802591e+00 
-1.571936e+00 -6.182947e+00 
2.438084e+00 1.081798e+01 
6.755379e+00 -4.490175e+01 
-4.288483e+00 -4.840185e+01 
8.731048e-01 -3.672712e+00 
-7.635418e-01 1.019185e+01 
3.349317e-02 7.305979e+00 
4.190566e-02 -3.999054e+00 
-8.349759e-03 -1.200947e+00 
2.052628e-03 -2.317904e-01 
7.283628e-01 3.462018e+00 
-1.360121e+00 -6.219944e+00 
5.303978e-01 2.152828e+00 
1.053985e+01 -6.311639e+01 
-4.151731e+00 -4.797758e+01 
1.159899e+00 -7.189871e+00 
-1.040765e+00 1.445533e+01 
7.098829e-02 7.426010e+00 
-4.685834e-02 -5.295034e+00 
-4.374675e-01 -3.840373e+00 
5.246560e-01 3.727223e+00 
2.235065e+00 9.940986e+00 
3.131326e-01 -6.358720e-01 
-2.687024e+00 -1.006385e+01 
1.259880e+01 -6.991534e+01 
-3.494246e+00 -4.788072e+01 
1.630713e+00 -5.172146e+00 
-1.499106e+00 2.485297e+01 
4.181977e-01 1.335195e+01 
8.392232e-01 9.241933e-01 
3.951402e-01 -6.380319e+00 
-1.400988e+00 -1.020714e+01 
9.031286e-02 2.107124e-01 
-1.477129e+00 -5.338558e+00 
1.195915e+00 4.166355e+00 
1.775001e+01 -8.283077e+01 
-3.644930e+00 -4.116427e+01 
8.979977e-01 -5.863526e+00 
-9.420128e-01 2.079334e+01 
5.853985e-01 8.440561e+00 
4.016391e-01 -5.288749e+00 
-1.569158e+00 -1.572658e+01 
-1.649334e+00 -6.667543e+00 
1.260708e+00 6.841193e+00 
8.558069e-01 3.558029e+00 
2.252986e-01 7.648169e-01 
1.610545e+01 -9.885692e+01 
-6.499208e-01 -1.443368e+01 
-4.331797e-01 1.774622e+01 
2.801209e-01 1.960758e+01 
1.353752e+00 2.663372e+00 
7.531806e-01 -9.655878e+00 
-3.060560e+00 -2.822485e+01 
-3.670614e+00 -1.483186e+01 
1.871235e+00 1.039188e+01 
6.296948e+00 2.264961e+01 
-3.284839e+00 -1.099532e+01 
3.437895e+00 -8.520384e+01 
4.089859e+00 9.484113e+00 
-1.585445e-01 3.834780e+01 
3.666485e-01 1.203790e+01 
7.198543e-01 -6.114250e+00 
-9.150348e-01 -1.735644e+01 
-5.069162e+00 -2.676110e+01 
1.972984e-01 7.339712e+00 
2.773532e+00 1.362380e+01 
5.052207e+00 1.819447e+01 
-2.599851e+00 -8.776326e+00 
4.640150e+00 -5.825289e+01 
2.352435e+00 6.755831e+00 
-7.950247e-01 3.048260e+01 
9.869324e-01 -1.548804e+00 
2.312727e-01 -1.057626e+01 
-7.766802e-01 -9.252337e+00 
-1.741618e+00 -6.574575e+00 
4.872909e+00 2.334929e+01 
1.523622e+00 4.661936e+00 
-4.210833e+00 -1.610036e+01 
1.811441e-01 6.200681e-01 
