poroelastic
-4.607078e+00 -3.302428e+01 
1.185553e+00 -7.417373e+00 
2.492387e-01 2.938932e+01 
9.194218e-02 4.081542e+00 
2.502467e-01 -2.130657e+00 
1.333689e-02 -5.786470e+00 
-3.170250e-01 -5.755824e+00 
-2.610449e-01 -8.227823e+00 
4.199517e-01 8.559338e+00 
1.698058e-01 1.233971e+01 
-6.930141e-02 -8.481518e+00 
-4.520211e+00 -3.358259e+01 
6.558247e-01 -1.430701e+01 
3.797813e-01 2.988593e+01 
-9.269776e-02 1.015150e+01 
3.984988e-01 4.626698e-01 
1.374938e-01 -8.426484e+00 
-6.060809e-01 -1.221598e+01 
-1.766092e-01 -7.749333e+00 
5.074774e-01 1.161531e+01 
7.750699e-02 1.828445e+01 
-2.728648e-02 -1.601932e+01 
-3.007437e+00 -2.591337e+01 
6.871029e-01 -1.462646e+01 
3.220688e-01 2.956177e+01 
-7.746137e-02 8.094437e+00 
3.371436e-01 -3.380564e-01 
1.033041e-01 -7.284299e+00 
-5.631359e-01 -1.075779e+01 
-2.412786e-01 -9.575198e+00 
4.749943e-01 8.481813e+00 
2.095504e-01 1.524190e+01 
-2.948781e-02 -7.467324e+00 
-1.977667e+00 -2.010167e+01 
-1.093078e-01 -1.785832e+01 
8.415988e-02 2.741326e+01 
4.175524e-03 8.706295e+00 
4.288968e-01 -7.205538e-01 
1.106000e-01 -9.705383e+00 
-6.148304e-01 -1.186631e+01 
-9.539656e-02 -5.714949e+00 
5.096634e-01 1.163701e+01 
1.517201e-01 1.582073e+01 
-1.182566e-01 -1.453462e+01 
-1.023122e+00 -1.413625e+01 
-2.611836e-01 -2.170968e+01 
4.156795e-01 2.497517e+01 
-1.879065e-01 8.669814e+00 
2.887210e-01 -6.676622e-01 
-1.367441e-02 -8.836295e+00 
-5.912166e-01 -9.284683e+00 
-1.512990e-01 -5.992025e+00 
4.517151e-01 7.450391e+00 
2.924945e-01 8.055353e+00 
-1.503888e-02 -5.971723e-01 
1.779778e-02 -4.524730e+00 
-7.320229e-01 -2.267836e+01 
1.716335e-01 2.433433e+01 
-8.209372e-02 8.952216e+00 
3.818631e-01 -1.083161e+00 
1.655262e-03 -1.104775e+01 
-4.506356e-01 -7.308210e+00 
1.397760e-01 1.383457e+00 
5.174736e-01 9.848546e+00 
2.194189e-01 6.168443e+00 
-4.669073e-01 -1.122053e+01 
2.946302e-01 7.280369e-01 
-8.247130e-01 -2.711376e+01 
6.689725e-01 2.183647e+01 
-3.967326e-01 1.144411e+01 
2.629782e-01 -1.404313e-02 
-7.859883e-02 -1.049231e+01 
-4.480201e-01 -5.570005e+00 
-5.202674e-03 -4.412453e-01 
4.147956e-01 6.115858e+00 
-5.915974e-02 -9.807400e-01 
1.543869e-01 2.454758e+00 
1.225789e+00 1.104798e+01 
-1.650598e+00 -2.983284e+01 
4.190423e-01 1.913490e+01 
-3.246035e-01 1.213535e+01 
3.595408e-01 3.151792e-02 
-4.956035e-02 -1.251431e+01 
-2.507642e-01 -3.257328e+00 
5.510576e-01 7.460642e+00 
5.977147e-01 7.738698e+00 
-2.528156e-01 -3.584910e+00 
-6.316210e-01 -7.992586e+00 
1.786980e+00 1.273917e+01 
-2.170549e+00 -3.607149e+01 
8.312407e-01 1.579217e+01 
-6.064748e-01 1.497319e+01 
2.818130e-01 1.028792e+00 
-1.417633e-01 -1.346408e+01 
-5.065248e-01 -4.979970e+00 
3.113062e-01 4.417661e+00 
4.265072e-01 4.967199e+00 
-8.456139e-01 -8.791200e+00 
7.283993e-01 7.488454e+00 
2.484497e+00 1.973453e+01 
-2.816301e+00 -3.716543e+01 
5.674421e-01 1.384752e+01 
-5.478837e-01 1.636778e+01 
4.168787e-01 6.335667e-01 
-1.754042e-01 -1.752767e+01 
-6.136488e-01 -5.767361e+00 
9.538223e-01 1.132838e+01 
9.195879e-01 8.596358e+00 
-8.337983e-01 -8.264209e+00 
-2.957596e-01 -2.551581e+00 
2.694635e+00 2.093958e+01 
-2.946826e+00 -3.875608e+01 
4.820199e-01 1.485062e+01 
-5.337305e-01 1.686307e+01 
4.596858e-01 -1.035383e+00 
-3.268140e-01 -2.070659e+01 
-8.845249e-01 -6.914307e+00 
1.073818e+00 1.293392e+01 
4.495498e-01 4.031025e+00 
-2.158008e+00 -1.714817e+01 
1.793768e+00 1.395854e+01 
5.016378e+00 2.021188e+01 
-4.122035e+00 -4.931475e+01 
1.026763e+00 9.890883e+00 
-1.058246e+00 2.632359e+01 
5.711137e-01 5.506277e+00 
-5.032525e-02 -2.142268e+01 
-1.383908e+00 -1.600427e+01 
3.946092e-01 6.415784e+00 
1.799503e+00 1.504698e+01 
3.401227e-01 1.505217e+00 
-1.202506e+00 -8.220715e+00 
1.229537e+00 1.889454e+01 
-2.436290e+00 -4.026852e+01 
7.171041e-01 2.329692e+01 
-9.542010e-01 2.939766e+01 
9.327381e-01 6.687931e-01 
-2.593461e-01 -3.117590e+01 
-1.765585e+00 -1.681657e+01 
1.928688e+00 2.017598e+01 
9.004755e-01 6.339932e+00 
-3.319814e+00 -2.114322e+01 
2.395633e+00 1.460826e+01 
3.464799e+00 3.470994e+01 
-4.343921e+00 -3.933911e+01 
4.216147e-01 5.460139e+00 
-4.504010e-01 1.044050e+01 
2.588204e-01 -4.778020e+00 
-6.646291e-01 -1.907441e+01 
-2.841535e-01 6.498047e+00 
4.395190e+00 3.574805e+01 
7.433961e-01 4.110765e-01 
-8.575248e+00 -4.956628e+01 
4.380210e+00 2.302031e+01 
