poroelastic
4.213894e+00 3.273575e+01 
-1.454507e+00 9.446003e+00 
-7.456760e-01 -3.611248e+01 
-3.576848e-01 -1.219476e+01 
-5.459984e-01 2.165952e+00 
8.168125e-01 1.544359e+01 
1.673790e+00 1.268901e+01 
-1.794600e+00 -1.394726e+01 
-3.446052e-01 -4.554227e+00 
5.798249e-01 8.750034e+00 
-1.985569e-01 -3.830678e+00 
5.145593e+00 4.003308e+01 
-1.289467e+00 1.464532e+01 
-8.651781e-01 -4.204849e+01 
-5.194150e-01 -1.915763e+01 
-8.501617e-01 2.785620e+00 
9.268149e-01 1.999356e+01 
2.119441e+00 1.682481e+01 
-2.240151e+00 -1.793674e+01 
-5.145156e-01 -8.032654e+00 
5.170643e-01 4.163355e+00 
3.379191e-01 7.282259e+00 
4.675806e+00 4.051099e+01 
-1.847115e+00 1.575816e+01 
-1.299445e+00 -4.169474e+01 
-1.005400e-01 -1.846048e+01 
-5.394402e-01 2.763626e+00 
1.313376e+00 2.045551e+01 
2.369197e+00 1.639791e+01 
-2.369731e+00 -1.670528e+01 
-7.784987e-01 -8.292908e+00 
2.542686e-01 3.931771e+00 
-8.417769e-02 -1.702766e+00 
4.292052e+00 3.978215e+01 
-1.616625e+00 1.468956e+01 
-1.018940e+00 -4.345816e+01 
-4.166910e-01 -1.838651e+01 
-7.636348e-01 2.845270e+00 
1.068704e+00 2.050526e+01 
2.367586e+00 1.777803e+01 
-2.221842e+00 -1.640577e+01 
-6.953279e-01 -8.116154e+00 
3.036582e-01 2.691138e+00 
1.880266e-01 3.447963e+00 
3.962719e+00 4.224920e+01 
-1.489793e+00 1.620861e+01 
-1.005269e+00 -4.352333e+01 
-3.700962e-01 -1.571443e+01 
-5.489806e-01 5.227256e+00 
1.567908e+00 2.327598e+01 
3.165129e+00 2.103534e+01 
-2.395901e+00 -1.510032e+01 
-1.372830e+00 -1.205192e+01 
-1.880716e-01 -1.963550e+00 
-2.993049e-02 -4.164171e-01 
3.539892e+00 4.208111e+01 
-1.577673e+00 1.454765e+01 
-8.309673e-01 -4.721554e+01 
-6.694157e-01 -1.784546e+01 
-9.279825e-01 3.284299e+00 
1.195377e+00 2.347352e+01 
3.504838e+00 2.555405e+01 
-1.649633e+00 -9.853753e+00 
-1.457206e+00 -1.185992e+01 
-6.956518e-01 -7.220245e+00 
3.381065e-01 3.793491e+00 
3.487416e+00 4.526526e+01 
-1.889009e+00 1.633035e+01 
-1.269793e+00 -4.766192e+01 
-3.778672e-01 -1.709422e+01 
-6.275235e-01 4.166685e+00 
1.560545e+00 2.363293e+01 
4.339194e+00 2.817362e+01 
-1.629998e+00 -9.050821e+00 
-2.525258e+00 -1.885429e+01 
-1.704677e+00 -1.479965e+01 
8.242761e-01 7.471801e+00 
3.506984e+00 4.500177e+01 
-2.216502e+00 1.554189e+01 
-1.283277e+00 -5.264335e+01 
-5.875808e-01 -2.096749e+01 
-1.105103e+00 4.068269e-01 
9.449478e-01 2.194085e+01 
4.142333e+00 2.969077e+01 
-7.815579e-01 -4.155688e+00 
-2.418430e+00 -1.726495e+01 
-2.424532e+00 -1.896612e+01 
1.988266e+00 1.568139e+01 
3.575654e+00 4.901806e+01 
-2.484324e+00 1.599107e+01 
-1.623564e+00 -5.444908e+01 
-4.865868e-01 -2.041862e+01 
-9.510236e-01 1.086732e+00 
9.486686e-01 1.996193e+01 
4.500068e+00 3.063115e+01 
-3.663409e-01 -1.819139e+00 
-3.183136e+00 -2.131016e+01 
-3.233789e+00 -2.247192e+01 
2.625383e+00 1.829631e+01 
3.190854e+00 4.625199e+01 
-2.466452e+00 1.382136e+01 
-1.268490e+00 -5.870362e+01 
-9.447333e-01 -2.307446e+01 
-1.505331e+00 -3.815266e-01 
3.939226e-01 2.004614e+01 
4.603562e+00 3.392968e+01 
5.327020e-01 3.221206e+00 
-3.164235e+00 -1.977689e+01 
-4.298057e+00 -2.662965e+01 
3.948843e+00 2.445345e+01 
8.061808e-01 5.099108e+01 
-1.677101e+00 2.017674e+01 
-1.421784e+00 -5.275652e+01 
-6.770299e-01 -1.993459e+01 
-1.124810e+00 1.917701e-01 
7.386059e-01 1.856080e+01 
4.876185e+00 3.234626e+01 
8.343481e-01 4.575438e+00 
-3.187035e+00 -1.928512e+01 
-4.131943e+00 -2.446560e+01 
2.443782e+00 1.440372e+01 
-1.652241e+00 5.563619e+01 
-1.268396e+00 1.850161e+01 
-1.021134e+00 -5.261508e+01 
-1.002862e+00 -1.653313e+01 
-1.085971e+00 3.591558e+00 
5.264957e-01 1.640423e+01 
4.552679e+00 2.989517e+01 
1.063510e+00 5.373390e+00 
-3.247906e+00 -1.852666e+01 
-5.086407e+00 -2.800310e+01 
3.807555e+00 2.086983e+01 
-1.135051e+00 6.881265e+01 
-2.419714e+00 1.817488e+01 
-1.719009e+00 -5.791788e+01 
-7.273853e-01 -1.860520e+01 
-1.003913e+00 3.033570e+00 
8.711972e-01 1.786360e+01 
5.245006e+00 3.143557e+01 
1.051370e+00 4.829327e+00 
-3.138288e+00 -1.752237e+01 
-5.156974e+00 -2.726314e+01 
2.580644e+00 1.346660e+01 
-7.556400e+00 6.477622e+01 
-6.925074e-01 1.258873e+01 
-4.338337e-01 -4.197513e+01 
-9.591805e-01 4.962295e-01 
-5.685322e-01 3.116200e+00 
-1.328183e-01 4.856192e+00 
2.033595e+00 1.407755e+01 
-3.204612e-01 -1.966396e+00 
-1.350001e+00 -6.970767e+00 
-1.592717e-01 -6.370282e-01 
7.676853e-01 3.722943e+00 
