poroelastic
2.550728e+00 2.178112e+01 
-1.558301e+00 -5.097356e+00 
4.469997e-01 -3.408926e+01 
-8.598952e-01 1.072580e+01 
-9.725607e-02 6.821387e+00 
1.759893e-01 4.047975e+00 
5.817954e-01 4.769823e+00 
7.687981e-01 6.960717e+00 
-4.771703e-01 -3.940464e+00 
-3.495224e-01 -2.998357e+00 
-5.742154e-01 -5.457740e+00 
3.989913e+00 3.124025e+01 
-1.219095e+00 2.215712e+00 
5.307613e-01 -4.531458e+01 
-1.176666e+00 -4.390488e-01 
-6.710533e-01 7.534572e+00 
5.821786e-01 1.744472e+01 
2.054270e+00 1.804936e+01 
-6.873929e-02 5.452700e-02 
-1.321370e+00 -1.131398e+01 
-1.186562e+00 -1.128619e+01 
7.121362e-01 6.934840e+00 
2.992110e+00 2.700797e+01 
-2.070739e+00 1.081552e+00 
2.062581e-01 -4.917236e+01 
-9.997177e-01 -8.608786e-01 
-6.134470e-01 6.047079e+00 
5.242417e-01 1.561094e+01 
2.043859e+00 1.750993e+01 
4.081338e-01 4.067074e+00 
-1.070286e+00 -8.733147e+00 
-1.172854e+00 -1.043108e+01 
-6.934261e-02 -6.464562e-01 
2.837950e+00 2.464991e+01 
-2.183178e+00 3.922831e+00 
-2.111958e-01 -4.912111e+01 
-7.963212e-01 -3.508153e+00 
-5.372691e-01 5.607199e+00 
5.791659e-01 1.506612e+01 
1.659781e+00 1.358378e+01 
-3.216117e-01 -2.388810e+00 
-1.585727e+00 -1.315880e+01 
-1.419322e+00 -1.248058e+01 
1.701334e+00 1.487492e+01 
3.090281e+00 2.475180e+01 
-2.213231e+00 1.250565e+01 
-1.118521e+00 -4.600750e+01 
-1.669607e-01 -9.333725e+00 
-4.027271e-01 1.333334e+00 
3.905718e-01 1.032764e+01 
1.365563e+00 1.084077e+01 
3.592029e-01 2.647557e+00 
-1.432351e+00 -1.101383e+01 
-1.380662e+00 -1.040625e+01 
1.142133e+00 8.583667e+00 
2.751407e+00 2.647499e+01 
-1.343171e+00 1.931613e+01 
-1.323420e+00 -4.037271e+01 
-6.721566e-03 -1.324020e+01 
-5.093839e-01 -1.686487e+00 
1.935131e-01 8.961557e+00 
1.088689e+00 9.779107e+00 
2.162900e-01 1.275965e+00 
-1.675335e+00 -1.174755e+01 
-1.596870e+00 -1.027551e+01 
2.349383e+00 1.545230e+01 
1.553631e+00 3.058213e+01 
-3.236431e-01 2.383504e+01 
-1.179436e+00 -3.440112e+01 
5.984204e-03 -1.149161e+01 
-3.565200e-01 3.454019e-01 
5.834528e-01 1.124132e+01 
2.145654e+00 1.447942e+01 
9.047689e-01 4.522654e+00 
-1.845429e+00 -1.245728e+01 
-1.763632e+00 -1.065187e+01 
3.959385e-01 2.266426e+00 
1.097107e+00 2.909789e+01 
-4.410647e-01 1.942514e+01 
-7.207368e-01 -3.851244e+01 
-4.233090e-01 -9.963430e+00 
-5.995601e-01 1.370817e+00 
6.063659e-01 1.411281e+01 
2.464860e+00 1.721954e+01 
7.341238e-01 2.820141e+00 
-1.913382e+00 -1.208980e+01 
-1.984273e+00 -1.078137e+01 
8.392101e-01 4.341781e+00 
1.913907e-01 2.889300e+01 
-1.255091e-01 2.138512e+01 
-7.394986e-01 -3.871516e+01 
-4.741048e-01 -8.467050e+00 
-5.027328e-01 2.885594e+00 
8.181055e-01 1.470629e+01 
3.051695e+00 1.894233e+01 
9.234904e-01 2.737921e+00 
-2.379667e+00 -1.413635e+01 
-2.560926e+00 -1.286126e+01 
8.277514e-01 3.901679e+00 
2.355560e+00 2.062601e+01 
-1.110989e+00 1.837356e+01 
-1.000542e+00 -4.645718e+01 
-5.859729e-01 -1.248807e+01 
-7.585811e-01 2.138257e+00 
6.127761e-01 1.476750e+01 
2.650001e+00 1.742851e+01 
4.009063e-01 3.169591e-01 
-2.961757e+00 -1.529432e+01 
-3.464864e+00 -1.479249e+01 
3.789489e+00 1.633590e+01 
2.982501e+00 1.861930e+01 
-1.035656e+00 2.725398e+01 
-1.872695e+00 -4.237487e+01 
5.504267e-02 -1.705666e+01 
-5.948363e-01 -2.199556e+00 
2.697428e-01 8.286406e+00 
1.349955e+00 9.381967e+00 
-1.895426e-01 -1.571238e+00 
-2.321299e+00 -1.084869e+01 
-1.965112e+00 -7.541695e+00 
3.629778e+00 1.512440e+01 
1.508265e+00 2.074936e+01 
-3.103540e-01 3.320868e+01 
-2.129652e+00 -3.988201e+01 
7.584524e-02 -2.350652e+01 
-9.112850e-01 -4.335008e+00 
-5.033532e-01 3.891961e+00 
5.957204e-01 8.475771e+00 
7.035936e-01 4.036470e+00 
-2.541068e+00 -1.096224e+01 
-3.511214e+00 -1.320875e+01 
6.438541e+00 2.599376e+01 
1.639217e+00 3.509496e+01 
-1.154357e+00 3.151037e+01 
-2.580751e+00 -4.404842e+01 
1.792907e-01 -2.551438e+01 
-8.130295e-01 -2.370639e+00 
2.475898e-01 9.126780e+00 
1.932825e+00 1.236528e+01 
-1.327168e-01 -1.218480e+00 
-1.711980e+00 -7.637705e+00 
-1.994153e+00 -7.738215e+00 
2.747481e+00 1.096611e+01 
-6.896287e+00 3.454044e+01 
1.520126e+00 3.083328e+01 
-1.307517e+00 -2.777988e+01 
-1.671085e-01 -1.090686e+01 
-4.616056e-01 3.647486e-01 
-1.529916e-01 2.949669e+00 
2.898006e-01 3.720373e+00 
-2.018181e+00 -8.775309e+00 
-2.628279e-01 -4.779953e-01 
2.859322e+00 1.206812e+01 
-3.844875e-02 -1.527116e-01 
