poroelastic
-1.775107e+00 -1.152450e+01 
-3.960863e-01 -9.843491e+00 
8.338091e-01 6.473293e+00 
-1.811207e-01 2.182073e+01 
3.125233e-02 3.673437e+00 
8.485215e-02 -1.606192e+01 
8.286044e-02 -1.852324e+01 
4.676158e-02 9.911054e+00 
-2.117668e-01 8.336222e+00 
-5.224089e-02 3.472038e-01 
1.395792e-01 -2.930765e+00 
-1.206498e+00 -8.525524e+00 
-8.351351e-01 -1.480130e+01 
1.045510e+00 4.798846e+00 
-2.364723e-01 2.553950e+01 
3.287916e-02 4.847960e+00 
8.783561e-02 -1.620807e+01 
7.709957e-02 -2.015074e+01 
9.107370e-02 9.512224e+00 
-2.646819e-01 1.007137e+01 
-1.356009e-01 1.747214e+00 
2.372262e-01 -4.536517e+00 
-4.479391e-01 -3.954410e+00 
-1.067143e+00 -1.594896e+01 
8.933911e-01 4.633288e+00 
-3.111543e-01 2.491964e+01 
4.595439e-02 4.347027e+00 
1.350041e-01 -1.730520e+01 
7.635639e-02 -1.950577e+01 
6.801536e-02 1.014994e+01 
-2.219344e-01 8.616816e+00 
-3.752024e-02 5.628724e-02 
1.209333e-01 -2.413831e+00 
2.615246e-01 7.935778e-01 
-1.464331e+00 -1.875950e+01 
9.297069e-01 1.765272e+00 
-3.212884e-01 2.530522e+01 
2.956157e-02 4.732849e+00 
1.255848e-01 -1.642346e+01 
8.354132e-02 -1.871345e+01 
4.895666e-02 1.102467e+01 
-2.626850e-01 9.177386e+00 
-4.630926e-02 -1.740259e-01 
1.820556e-01 -3.508427e+00 
9.166565e-01 6.100931e+00 
-1.747761e+00 -2.063296e+01 
8.768597e-01 7.157186e-01 
-3.889797e-01 2.551469e+01 
3.749117e-02 5.019958e+00 
1.518955e-01 -1.655109e+01 
5.620940e-02 -1.809351e+01 
3.774133e-02 1.121648e+01 
-1.756933e-01 6.929570e+00 
1.115066e-01 -3.210731e+00 
-2.414991e-02 5.394713e-01 
1.503005e+00 1.265414e+01 
-2.090572e+00 -2.240686e+01 
8.316313e-01 -1.427392e+00 
-3.801094e-01 2.538092e+01 
2.662291e-02 4.994643e+00 
1.458665e-01 -1.662343e+01 
6.610139e-02 -1.665380e+01 
4.953168e-03 1.195647e+01 
-2.235722e-01 8.171395e+00 
-1.649505e-03 -1.275946e+00 
1.575859e-01 -3.611415e+00 
1.851240e+00 1.801089e+01 
-2.461270e+00 -2.552645e+01 
8.938782e-01 -3.613332e+00 
-4.576447e-01 2.692754e+01 
6.593212e-03 6.951439e+00 
1.674981e-01 -1.497497e+01 
4.600195e-02 -1.782372e+01 
3.924224e-02 9.549183e+00 
-1.523094e-01 6.674552e+00 
8.956358e-02 -2.941265e+00 
-1.072719e-02 2.639361e-01 
2.395728e+00 2.375986e+01 
-2.994118e+00 -2.796314e+01 
7.830967e-01 -6.614402e+00 
-4.673757e-01 2.689873e+01 
4.717760e-03 6.578887e+00 
1.699781e-01 -1.611152e+01 
5.952251e-02 -1.574902e+01 
-8.458868e-03 1.147542e+01 
-2.201207e-01 7.585720e+00 
-1.408754e-02 -1.161228e+00 
1.881512e-01 -4.223771e+00 
2.454503e+00 2.805704e+01 
-3.282019e+00 -3.002473e+01 
8.216146e-01 -8.334526e+00 
-5.271381e-01 2.776768e+01 
-1.419492e-02 7.937456e+00 
1.829891e-01 -1.435487e+01 
6.180110e-02 -1.728405e+01 
3.560535e-02 8.809639e+00 
-1.604464e-01 6.162725e+00 
1.149172e-01 -3.100879e+00 
-3.665853e-02 7.833177e-01 
2.384826e+00 3.347034e+01 
-3.580416e+00 -3.102128e+01 
7.878893e-01 -1.022222e+01 
-5.710654e-01 2.856771e+01 
-1.533358e-02 7.938559e+00 
2.082224e-01 -1.650485e+01 
5.599660e-02 -1.760297e+01 
4.050240e-02 1.078490e+01 
-2.198861e-01 8.135380e+00 
-4.652827e-02 -1.316789e-01 
1.770096e-01 -3.785448e+00 
2.486177e+00 3.789074e+01 
-3.949038e+00 -3.325021e+01 
7.227605e-01 -1.116319e+01 
-6.196748e-01 2.847342e+01 
-1.607836e-02 8.003201e+00 
2.244459e-01 -1.593888e+01 
7.057496e-02 -1.705080e+01 
5.584722e-02 8.334461e+00 
-1.463824e-01 6.112720e+00 
4.872030e-02 -1.278642e+00 
-1.759189e-02 3.672698e-01 
2.929604e+00 3.855701e+01 
-4.482116e+00 -3.692599e+01 
9.335287e-01 -1.464107e+01 
-7.229287e-01 3.072119e+01 
-6.189414e-02 9.971617e+00 
2.324948e-01 -1.544457e+01 
3.857384e-02 -1.909211e+01 
8.547724e-02 8.610242e+00 
-1.515949e-01 8.423886e+00 
-5.394088e-02 9.954679e-01 
9.511857e-02 -2.590219e+00 
1.456712e+00 3.937282e+01 
-4.122578e+00 -3.510070e+01 
1.109244e+00 -1.034751e+01 
-9.487296e-01 3.341456e+01 
-2.246810e-02 9.212314e+00 
3.541044e-01 -1.928590e+01 
3.909168e-03 -2.147512e+01 
7.343225e-02 9.121725e+00 
-7.043471e-02 9.477839e+00 
-3.976673e-02 2.609485e+00 
5.005162e-02 -3.592351e+00 
4.439951e-01 4.319351e+01 
-4.177081e+00 -3.258383e+01 
1.218882e+00 -1.544070e+01 
-9.980696e-01 2.946982e+01 
-1.742585e-01 1.137945e+01 
3.262574e-01 -1.339595e+01 
1.986382e-02 -2.061586e+01 
-2.370451e-02 8.162744e+00 
8.665201e-02 9.433796e+00 
5.431919e-02 1.099515e+00 
-8.389736e-02 -3.055839e+00 
