poroelastic
-3.040166e+00 -2.015124e+01 
-3.469987e-01 -1.282230e+01 
1.110393e+00 1.337550e+01 
-1.794776e-01 2.446098e+01 
1.344059e-01 2.583770e+00 
-5.179613e-03 -1.954450e+01 
-2.295575e-01 -2.367675e+01 
2.441638e-01 1.677656e+01 
-9.547979e-02 8.411060e+00 
2.942509e-02 -2.419223e+00 
3.499235e-02 -1.096799e+00 
-2.099386e+00 -1.521021e+01 
-8.914913e-01 -1.862305e+01 
1.256684e+00 1.387232e+01 
-2.370926e-01 2.879630e+01 
1.673157e-01 2.537395e+00 
9.284117e-03 -2.036662e+01 
-2.675697e-01 -2.613889e+01 
2.759903e-01 1.629277e+01 
-1.284861e-01 1.006819e+01 
-1.855684e-02 -1.265051e+00 
1.052153e-01 -2.882107e+00 
-1.258977e+00 -1.104862e+01 
-1.228284e+00 -2.207457e+01 
1.268309e+00 1.241865e+01 
-3.351343e-01 2.845422e+01 
1.616396e-01 2.744504e+00 
3.797998e-02 -2.097992e+01 
-2.425240e-01 -2.413070e+01 
2.676079e-01 1.752816e+01 
-1.083996e-01 8.679262e+00 
5.341219e-02 -3.019064e+00 
1.819281e-02 -5.245938e-01 
-2.944173e-01 -4.383805e+00 
-1.465854e+00 -2.362089e+01 
1.275708e+00 1.209957e+01 
-3.440417e-01 2.934015e+01 
1.646906e-01 2.806339e+00 
5.442517e-02 -2.027651e+01 
-2.225984e-01 -2.356367e+01 
2.196437e-01 1.795745e+01 
-1.590867e-01 8.916197e+00 
4.200590e-02 -3.770155e+00 
9.710428e-02 -2.672378e+00 
4.418259e-01 9.457701e-01 
-1.913113e+00 -2.842134e+01 
1.429916e+00 9.211406e+00 
-4.524790e-01 2.972736e+01 
1.427194e-01 3.323137e+00 
4.958564e-02 -2.020032e+01 
-2.383469e-01 -2.177171e+01 
2.553416e-01 1.949999e+01 
-1.061019e-01 7.659603e+00 
1.206902e-01 -6.150034e+00 
-2.972270e-02 1.009401e+00 
1.254091e+00 8.361496e+00 
-2.343952e+00 -2.974952e+01 
1.212626e+00 8.730146e+00 
-4.234040e-01 3.006780e+01 
1.640265e-01 3.322148e+00 
7.926281e-02 -2.064780e+01 
-2.060384e-01 -2.114914e+01 
1.917685e-01 1.809791e+01 
-1.185346e-01 7.467893e+00 
5.871586e-02 -4.864606e+00 
5.636967e-02 -2.005434e+00 
1.793156e+00 1.305759e+01 
-2.851624e+00 -3.472938e+01 
1.380976e+00 4.868579e+00 
-5.227465e-01 3.064837e+01 
1.263674e-01 4.152435e+00 
7.109899e-02 -1.977174e+01 
-2.563457e-01 -2.220957e+01 
2.745335e-01 1.800120e+01 
-6.656563e-02 8.004189e+00 
1.038601e-01 -5.658342e+00 
-5.359646e-02 2.141580e+00 
2.520482e+00 1.993244e+01 
-3.365406e+00 -3.596337e+01 
1.097017e+00 4.213199e+00 
-5.118340e-01 3.132568e+01 
1.661399e-01 3.839694e+00 
1.076405e-01 -2.162153e+01 
-2.039785e-01 -2.089335e+01 
2.001894e-01 1.766171e+01 
-1.002720e-01 6.840186e+00 
7.875606e-02 -4.946409e+00 
1.272449e-02 -4.443545e-01 
2.386315e+00 2.215096e+01 
-3.531031e+00 -3.915774e+01 
1.409895e+00 2.181209e+00 
-6.070275e-01 3.179817e+01 
1.194840e-01 4.530814e+00 
9.179467e-02 -1.991664e+01 
-2.233047e-01 -2.153612e+01 
2.550485e-01 1.779141e+01 
-8.997255e-02 7.775652e+00 
1.459993e-01 -6.164043e+00 
-8.400130e-02 2.753746e+00 
2.322427e+00 2.947919e+01 
-3.867753e+00 -4.025650e+01 
1.333808e+00 2.025938e+00 
-6.749870e-01 3.474283e+01 
1.565866e-01 5.654872e+00 
1.653387e-01 -2.146033e+01 
-2.155630e-01 -2.168197e+01 
2.012215e-01 1.742857e+01 
-1.202183e-01 7.531383e+00 
4.015544e-02 -4.043447e+00 
7.360121e-02 -2.441628e+00 
2.253267e+00 2.853479e+01 
-3.984537e+00 -4.366891e+01 
1.597702e+00 8.436217e-01 
-7.869954e-01 3.529510e+01 
1.158759e-01 6.061010e+00 
1.492656e-01 -2.031826e+01 
-1.772886e-01 -1.911970e+01 
1.843946e-01 1.651440e+01 
-1.074318e-01 7.076407e+00 
7.592950e-02 -4.681448e+00 
1.939643e-02 -6.333467e-01 
1.996957e+00 3.117216e+01 
-4.208934e+00 -4.450185e+01 
1.692657e+00 3.910836e-01 
-8.919524e-01 3.827028e+01 
1.239984e-01 7.743715e+00 
2.220446e-01 -1.987349e+01 
-2.346815e-01 -2.269150e+01 
2.095464e-01 1.537062e+01 
-6.751865e-02 8.931651e+00 
-3.602747e-02 -1.601451e+00 
1.016362e-01 -5.300429e+00 
7.617542e-01 2.920764e+01 
-3.869851e+00 -4.485608e+01 
2.090057e+00 4.546797e+00 
-1.183680e+00 4.110002e+01 
1.586040e-01 7.246628e+00 
3.060483e-01 -2.347485e+01 
-3.318880e-01 -2.513816e+01 
2.634930e-01 1.552593e+01 
8.008753e-02 1.057730e+01 
2.352801e-03 2.706941e+00 
-2.752920e-02 -6.761599e+00 
2.301030e+00 3.193211e+01 
-4.631905e+00 -4.338977e+01 
1.892313e+00 -4.369398e+00 
-1.241153e+00 3.642930e+01 
8.655734e-03 9.992232e+00 
3.569941e-01 -1.613837e+01 
-2.859874e-01 -2.685566e+01 
1.212191e-01 1.140867e+01 
2.718295e-01 1.070737e+01 
1.851852e-01 3.199561e+00 
-2.770992e-01 -6.095734e+00 
