poroelastic
-2.853712e+00 -2.071710e+01 
2.210238e-01 -4.901025e+00 
8.740597e-01 1.768338e+01 
6.022786e-02 4.893517e+00 
2.796463e-02 -2.197349e+00 
-1.250102e-01 -7.421790e+00 
-2.163860e-01 -8.058934e+00 
2.674689e-01 1.088581e+01 
-1.209632e-02 1.613302e+00 
1.682615e-02 -4.513690e+00 
-1.909199e-02 1.663587e+00 
-2.104679e+00 -1.638381e+01 
-2.945849e-01 -9.617847e+00 
8.863513e-01 1.895424e+01 
8.158642e-02 6.935002e+00 
3.344100e-02 -3.778639e+00 
-1.232938e-01 -7.897603e+00 
-2.236180e-01 -8.284001e+00 
2.543403e-01 1.047053e+01 
-2.263986e-02 1.997312e+00 
1.678577e-02 -4.541369e+00 
-1.296228e-02 8.713067e-01 
-1.491621e+00 -1.367815e+01 
-5.414640e-01 -1.307727e+01 
9.676565e-01 1.728778e+01 
3.698547e-02 7.768040e+00 
3.876464e-02 -2.646573e+00 
-1.240472e-01 -7.886481e+00 
-1.942108e-01 -7.013982e+00 
2.616233e-01 1.070406e+01 
-1.590032e-02 1.230476e+00 
2.948189e-02 -5.235263e+00 
-3.051460e-02 2.544075e+00 
-6.466128e-01 -7.691399e+00 
-7.282088e-01 -1.308678e+01 
8.054073e-01 1.800100e+01 
6.623127e-02 7.482318e+00 
5.113127e-02 -3.715670e+00 
-1.181161e-01 -8.672702e+00 
-2.035626e-01 -7.740552e+00 
2.478576e-01 1.107353e+01 
-3.090903e-02 1.685964e+00 
1.981165e-02 -5.475256e+00 
-1.631640e-02 1.229695e+00 
-1.495250e-01 -4.945616e+00 
-1.150525e+00 -1.849057e+01 
1.000034e+00 1.509086e+01 
1.654662e-03 8.696442e+00 
3.303062e-02 -2.541235e+00 
-1.289874e-01 -7.809944e+00 
-1.784195e-01 -5.945090e+00 
2.859271e-01 1.169946e+01 
-1.704919e-02 9.539841e-01 
1.352352e-02 -6.680271e+00 
-2.296321e-02 3.652100e+00 
4.787698e-01 6.210295e-01 
-1.354042e+00 -1.800683e+01 
7.648773e-01 1.592759e+01 
4.508189e-02 8.781465e+00 
6.434683e-02 -3.256774e+00 
-1.178213e-01 -9.255165e+00 
-1.699482e-01 -6.385082e+00 
2.335354e-01 1.064324e+01 
-2.553875e-02 8.823896e-01 
-4.176126e-03 -5.840772e+00 
-1.009235e-02 1.800391e+00 
7.127753e-01 2.271438e+00 
-1.651734e+00 -2.241538e+01 
9.924296e-01 1.337918e+01 
-1.961020e-02 9.939369e+00 
3.801571e-02 -2.291351e+00 
-1.213261e-01 -7.902633e+00 
-1.799415e-01 -5.854395e+00 
2.832372e-01 1.136165e+01 
-9.523662e-03 1.435572e+00 
-4.926320e-03 -6.613418e+00 
-1.210611e-02 3.301722e+00 
1.091453e+00 8.003884e+00 
-1.815304e+00 -2.137900e+01 
7.293657e-01 1.477111e+01 
2.373807e-02 1.019490e+01 
8.330127e-02 -3.146562e+00 
-1.155145e-01 -1.020430e+01 
-1.450740e-01 -5.592569e+00 
2.128782e-01 1.080571e+01 
-3.930663e-02 1.700757e-01 
1.980506e-02 -6.842366e+00 
-2.399676e-02 2.599732e+00 
1.198522e+00 7.550263e+00 
-2.078382e+00 -2.556682e+01 
1.009461e+00 1.263180e+01 
-4.374667e-02 1.074878e+01 
4.196093e-02 -2.635614e+00 
-1.302210e-01 -8.694203e+00 
-1.411136e-01 -4.802585e+00 
2.608353e-01 1.235714e+01 
-3.576686e-02 1.208707e+00 
6.309182e-02 -8.116303e+00 
-5.406809e-02 3.941971e+00 
1.222722e+00 1.119071e+01 
-2.154281e+00 -2.448655e+01 
8.452654e-01 1.430258e+01 
-2.423099e-02 1.219251e+01 
9.934306e-02 -3.035578e+00 
-1.113602e-01 -1.104471e+01 
-1.466670e-01 -5.682728e+00 
2.160786e-01 1.181671e+01 
-5.147702e-02 3.459371e-01 
6.884059e-02 -7.622879e+00 
-4.969974e-02 2.951891e+00 
1.045469e+00 7.949880e+00 
-2.034892e+00 -2.600460e+01 
1.061322e+00 1.373071e+01 
-8.277367e-02 1.200694e+01 
6.253785e-02 -2.907868e+00 
-1.473653e-01 -1.058517e+01 
-9.325909e-02 -3.353493e+00 
2.240518e-01 1.265836e+01 
-5.075888e-02 8.519638e-01 
1.095188e-01 -8.101762e+00 
-7.660981e-02 3.611223e+00 
1.361624e+00 9.609575e+00 
-2.235418e+00 -2.586413e+01 
9.391553e-01 1.494301e+01 
-7.301188e-02 1.322626e+01 
1.157441e-01 -2.659643e+00 
-8.065232e-02 -1.087505e+01 
-1.702094e-01 -6.638480e+00 
2.232244e-01 1.125938e+01 
-3.885051e-02 1.276061e+00 
3.628927e-02 -6.494490e+00 
-2.649179e-02 1.864243e+00 
6.546933e-01 3.840511e+00 
-1.848598e+00 -2.668107e+01 
1.342017e+00 1.904492e+01 
-1.928418e-01 1.558437e+01 
1.472814e-01 -2.734154e+00 
-8.517293e-02 -1.282047e+01 
-2.373770e-01 -7.809919e+00 
2.959581e-01 1.100438e+01 
3.209116e-02 2.821449e+00 
-2.908131e-02 -2.505895e+00 
-1.084385e-03 -1.989728e-01 
2.273234e+00 4.303929e+00 
-2.315951e+00 -2.551151e+01 
1.054752e+00 1.447274e+01 
-2.012678e-01 1.250317e+01 
1.325034e-01 -8.820047e-01 
4.699768e-02 -7.608878e+00 
-2.593870e-01 -1.064679e+01 
1.841724e-01 6.825726e+00 
1.001225e-01 3.086863e+00 
3.449338e-02 4.638315e-01 
-8.484222e-02 -1.895833e+00 
