poroelastic
-2.217398e+00 -1.478840e+01 
1.608907e-02 -4.110650e+00 
5.662506e-01 1.163767e+01 
-6.623694e-02 7.429431e+00 
1.386380e-02 -2.363457e+00 
6.785292e-02 -8.200971e+00 
1.074696e-01 -6.795974e+00 
-6.572139e-02 5.684999e+00 
-9.230126e-02 2.929275e+00 
4.586944e-02 -1.244303e+00 
-9.669554e-04 2.065427e-02 
-1.513901e+00 -1.101484e+01 
-3.941316e-01 -8.316048e+00 
6.859466e-01 9.865622e+00 
-7.679432e-02 9.657065e+00 
1.356186e-02 -1.664998e+00 
6.560523e-02 -7.859572e+00 
1.098402e-01 -7.264150e+00 
-4.620354e-02 5.436120e+00 
-1.204970e-01 3.817557e+00 
2.882882e-02 -8.838577e-01 
2.172509e-02 -4.344630e-01 
-6.903383e-01 -6.055915e+00 
-5.726584e-01 -9.126692e+00 
5.334561e-01 9.837650e+00 
-1.141254e-01 9.898502e+00 
2.737112e-02 -1.659817e+00 
9.285073e-02 -8.965879e+00 
1.051868e-01 -7.415733e+00 
-5.658805e-02 5.464587e+00 
-8.514583e-02 2.785935e+00 
7.281719e-02 -1.802212e+00 
-3.399223e-02 7.317674e-01 
1.316192e-02 -1.470782e+00 
-1.021629e+00 -1.241313e+01 
5.532094e-01 6.218771e+00 
-1.092528e-01 1.027807e+01 
1.525885e-02 -9.418987e-01 
8.124870e-02 -7.713179e+00 
9.699173e-02 -6.343779e+00 
-8.328054e-02 6.276566e+00 
-1.207998e-01 3.425284e+00 
6.524461e-02 -1.945594e+00 
3.469081e-02 -7.285986e-01 
6.715056e-01 4.455256e+00 
-1.257938e+00 -1.418451e+01 
5.206491e-01 5.232181e+00 
-1.440826e-01 1.109240e+01 
1.524992e-02 -7.568101e-02 
8.939293e-02 -7.547334e+00 
7.812920e-02 -6.055715e+00 
-8.537817e-02 5.944096e+00 
-4.747151e-02 1.313514e+00 
1.545101e-01 -4.187675e+00 
-9.314836e-02 2.322928e+00 
1.325287e+00 1.091671e+01 
-1.680931e+00 -1.629715e+01 
4.283152e-01 1.886688e+00 
-1.310801e-01 1.064658e+01 
1.100836e-02 -2.223069e-01 
8.738538e-02 -7.554931e+00 
6.969951e-02 -4.492745e+00 
-1.116976e-01 6.976446e+00 
-9.266120e-02 2.616352e+00 
8.312355e-02 -2.758951e+00 
3.686803e-02 -9.357411e-01 
1.751446e+00 1.649247e+01 
-2.084515e+00 -1.925120e+01 
4.159012e-01 -4.627508e-01 
-1.674255e-01 1.197965e+01 
-1.052607e-02 1.719353e+00 
8.201890e-02 -6.125905e+00 
7.113120e-02 -5.807760e+00 
-6.319283e-02 4.619370e+00 
-2.603382e-02 7.627982e-01 
1.535280e-01 -4.320051e+00 
-1.186915e-01 3.183160e+00 
2.188306e+00 2.273860e+01 
-2.492142e+00 -2.062311e+01 
2.616064e-01 -3.356238e+00 
-1.585888e-01 1.123635e+01 
6.038322e-04 6.879342e-01 
9.389079e-02 -7.496051e+00 
6.235665e-02 -3.738394e+00 
-1.208599e-01 7.026216e+00 
-7.657496e-02 1.871403e+00 
1.106717e-01 -3.207027e+00 
5.243138e-03 -1.221807e-01 
2.278850e+00 2.831341e+01 
-2.853779e+00 -2.312764e+01 
2.673724e-01 -5.501474e+00 
-1.892615e-01 1.217578e+01 
-2.339986e-02 2.390181e+00 
8.094191e-02 -5.576005e+00 
6.626097e-02 -4.774722e+00 
-8.108746e-02 4.638514e+00 
-2.054115e-03 -1.804096e-01 
2.470030e-01 -5.340724e+00 
-2.179580e-01 4.577142e+00 
2.321349e+00 3.254079e+01 
-3.216681e+00 -2.504418e+01 
2.751019e-01 -7.991165e+00 
-2.142059e-01 1.317591e+01 
-2.673668e-02 2.410039e+00 
9.832738e-02 -6.989426e+00 
6.261464e-02 -3.886656e+00 
-1.279362e-01 6.891421e+00 
-7.553981e-02 1.462060e+00 
1.490440e-01 -3.607943e+00 
-2.207158e-02 4.336056e-01 
1.701079e+00 3.749305e+01 
-3.276409e+00 -2.529496e+01 
2.486756e-01 -7.994190e+00 
-2.448693e-01 1.336517e+01 
-2.908993e-02 2.693248e+00 
1.009615e-01 -6.361904e+00 
4.933997e-02 -3.132880e+00 
-1.170764e-01 4.960027e+00 
4.366454e-03 -6.423878e-01 
2.580979e-01 -4.960241e+00 
-1.907388e-01 3.415037e+00 
1.949706e+00 3.941462e+01 
-3.830103e+00 -2.917381e+01 
4.250366e-01 -1.163257e+01 
-2.965813e-01 1.517307e+01 
-7.122249e-02 4.580409e+00 
8.983423e-02 -5.411711e+00 
5.758836e-02 -4.105927e+00 
-1.034623e-01 5.540922e+00 
-5.941971e-02 1.125361e+00 
1.395629e-01 -3.455479e+00 
-3.126977e-02 6.365350e-01 
9.460215e-01 4.066116e+01 
-3.713933e+00 -2.848001e+01 
5.164109e-01 -8.350538e+00 
-4.462623e-01 1.770170e+01 
-4.545371e-02 3.884814e+00 
1.793129e-01 -8.915406e+00 
7.730108e-02 -6.338980e+00 
-6.954792e-02 5.645121e+00 
-4.942147e-02 1.910857e+00 
5.922073e-02 -2.257762e+00 
-8.177789e-03 2.712424e-01 
-3.683678e-01 4.178761e+01 
-3.566159e+00 -2.630525e+01 
6.881992e-01 -1.036238e+01 
-4.515414e-01 1.509586e+01 
-1.239851e-01 5.293289e+00 
1.240716e-01 -4.868838e+00 
8.510712e-02 -6.825839e+00 
-5.596916e-02 4.710050e+00 
-1.062727e-02 2.655096e+00 
2.276890e-03 -1.819932e+00 
9.237164e-04 1.052369e-01 
