poroelastic
1.932542e+00 1.426549e+01 
-6.319235e-01 -2.437340e+00 
-2.661210e-01 -1.605220e+01 
-8.194394e-02 8.622550e+00 
3.682652e-01 1.051031e+01 
2.783659e-01 1.408630e+00 
-4.206587e-01 -7.432101e+00 
-7.064563e-01 -2.024780e+01 
5.003771e-01 9.673044e+00 
-3.792952e-01 2.012609e+01 
3.873767e-01 -1.250383e+01 
1.466514e+00 1.157026e+01 
-4.644806e-01 -3.052324e-01 
-3.044695e-01 -2.034333e+01 
-1.891107e-01 7.188209e+00 
3.798497e-01 1.328047e+01 
3.730434e-01 3.724446e+00 
-4.260662e-01 -7.511962e+00 
-7.645329e-01 -2.378309e+01 
5.909240e-01 1.087302e+01 
-6.693596e-01 2.598460e+01 
6.305957e-01 -1.625609e+01 
1.484767e+00 1.280882e+01 
-2.806447e-01 3.053344e+00 
-4.328559e-01 -1.892696e+01 
-1.271053e-01 6.205921e+00 
3.898110e-01 1.253345e+01 
5.169791e-01 4.939447e+00 
-4.182918e-01 -7.840370e+00 
-9.178327e-01 -2.497465e+01 
5.160938e-01 8.784583e+00 
-6.171757e-01 2.435120e+01 
5.747301e-01 -1.487182e+01 
1.052125e+00 9.416104e+00 
-3.930756e-01 1.038562e+00 
-3.010348e-01 -2.222909e+01 
-2.358177e-01 7.155086e+00 
3.355355e-01 1.347491e+01 
4.217371e-01 4.832865e+00 
-4.180945e-01 -7.541029e+00 
-7.163377e-01 -2.374719e+01 
5.518535e-01 1.133430e+01 
-7.862324e-01 2.648398e+01 
7.255664e-01 -1.752688e+01 
9.038300e-01 1.063276e+01 
1.464155e-02 6.241120e+00 
-4.749144e-01 -1.969624e+01 
-1.425720e-01 5.571618e+00 
3.836090e-01 1.303677e+01 
5.738390e-01 5.778473e+00 
-4.153705e-01 -8.045478e+00 
-9.832191e-01 -2.574819e+01 
5.087277e-01 8.434304e+00 
-5.156799e-01 2.436058e+01 
4.922819e-01 -1.454591e+01 
7.074260e-01 9.135980e+00 
-5.672132e-02 4.795331e+00 
-3.704351e-01 -2.264313e+01 
-2.456439e-01 5.464317e+00 
2.859815e-01 1.289532e+01 
4.266221e-01 5.265419e+00 
-4.834613e-01 -8.494648e+00 
-6.795603e-01 -2.230929e+01 
5.647322e-01 1.185623e+01 
-5.338821e-01 2.574256e+01 
5.300979e-01 -1.709996e+01 
7.693079e-01 8.340632e+00 
-6.048493e-02 7.034516e+00 
-6.092845e-01 -2.158837e+01 
-1.456402e-01 4.603794e+00 
3.712730e-01 1.334609e+01 
5.694664e-01 5.833177e+00 
-4.153337e-01 -8.331767e+00 
-1.049806e+00 -2.557207e+01 
5.246737e-01 7.564048e+00 
-2.528632e-01 2.300961e+01 
2.996041e-01 -1.211188e+01 
3.036922e-01 7.070207e+00 
1.884755e-01 7.730593e+00 
-4.555560e-01 -2.266010e+01 
-2.353920e-01 3.863812e+00 
2.591483e-01 1.267734e+01 
4.387429e-01 5.496150e+00 
-5.527866e-01 -9.590933e+00 
-6.918976e-01 -2.193102e+01 
6.040386e-01 1.215986e+01 
-3.625884e-01 2.561226e+01 
4.030730e-01 -1.655502e+01 
4.232501e-01 9.685584e+00 
9.799537e-02 8.780239e+00 
-6.617052e-01 -2.237349e+01 
-1.546106e-01 4.276332e+00 
3.677096e-01 1.391584e+01 
5.853736e-01 6.040234e+00 
-4.631735e-01 -9.296534e+00 
-1.055244e+00 -2.560089e+01 
5.377634e-01 8.070606e+00 
-1.985565e-01 2.361232e+01 
2.715609e-01 -1.271385e+01 
6.368160e-01 5.775152e+00 
-4.980172e-02 6.089146e+00 
-4.358319e-01 -2.551629e+01 
-3.026033e-01 3.669215e+00 
2.174981e-01 1.401314e+01 
4.944421e-01 7.034453e+00 
-3.957378e-01 -7.455592e+00 
-8.709027e-01 -2.179955e+01 
5.704055e-01 1.091554e+01 
-1.469226e-01 2.357690e+01 
2.376290e-01 -1.576386e+01 
-6.618248e-01 9.278197e+00 
4.508549e-01 1.067107e+01 
-5.043502e-01 -2.154976e+01 
-1.933335e-01 4.040163e+00 
2.953679e-01 1.334905e+01 
5.731664e-01 6.456423e+00 
-4.206221e-01 -8.568784e+00 
-9.944056e-01 -2.204385e+01 
4.784742e-01 8.345530e+00 
-1.915352e-02 2.082437e+01 
1.346764e-01 -1.305441e+01 
-8.487588e-02 9.044224e+00 
2.991916e-02 6.669418e+00 
-3.439496e-01 -2.586822e+01 
-3.486115e-01 3.219985e+00 
1.573760e-01 1.394635e+01 
4.021831e-01 6.155568e+00 
-1.387657e-01 -3.734364e+00 
-9.194811e-01 -1.764177e+01 
4.672204e-01 8.459255e+00 
1.960643e-01 1.650630e+01 
-7.355292e-02 -1.196300e+01 
-1.720142e-01 1.186268e+01 
7.045809e-02 1.020055e+01 
-6.731313e-01 -2.507920e+01 
-2.283357e-01 1.341810e+00 
1.135074e-01 1.097790e+01 
3.353381e-01 4.400494e+00 
1.030401e-01 -5.378110e-01 
-8.082396e-01 -1.222726e+01 
2.323455e-01 3.956502e+00 
1.394793e-01 3.998415e+00 
-9.061240e-02 -2.887339e+00 
-2.273098e+00 1.607858e+01 
7.414853e-01 1.590700e+01 
-9.096715e-01 -2.440288e+01 
-1.538421e-01 -6.721144e+00 
-1.958570e-01 4.775396e+00 
-9.548660e-02 2.478186e+00 
8.236697e-01 1.288080e+01 
-4.628541e-02 -1.455989e-01 
-1.264417e-01 -1.716927e+00 
-9.422753e-01 -1.323829e+01 
5.684842e-01 7.864560e+00 
