poroelastic
3.460603e+00 2.556904e+01 
-5.573541e-01 4.176609e-01 
-1.180300e+00 -2.400087e+01 
3.875036e-02 4.978349e+00 
3.303268e-01 8.754121e+00 
1.661959e-01 2.319193e+00 
-1.247065e-01 -2.283822e+00 
-3.589458e-01 -9.079263e+00 
1.541826e-01 3.386868e+00 
-3.082773e-02 6.818164e+00 
5.602432e-02 -4.248385e+00 
2.604839e+00 2.065481e+01 
-6.592361e-02 5.198494e+00 
-1.274911e+00 -2.517168e+01 
-3.724433e-02 2.776240e+00 
3.349038e-01 9.453037e+00 
1.611166e-01 2.578685e+00 
-9.929138e-02 -1.815580e+00 
-3.273417e-01 -9.250442e+00 
1.734017e-01 2.850106e+00 
-3.556395e-02 7.566026e+00 
6.250161e-02 -3.386881e+00 
1.940597e+00 1.733252e+01 
8.288505e-02 7.751005e+00 
-1.305378e+00 -2.408787e+01 
-3.032956e-02 1.984538e+00 
3.123733e-01 8.779000e+00 
2.185780e-01 3.121811e+00 
-1.313361e-01 -2.451153e+00 
-3.916718e-01 -9.641670e+00 
1.350677e-01 2.578155e+00 
-5.514379e-02 7.519293e+00 
7.612125e-02 -4.605899e+00 
1.115675e+00 1.170028e+01 
3.740957e-01 8.506228e+00 
-1.147886e+00 -2.405196e+01 
-5.681349e-02 2.473099e+00 
2.925924e-01 9.122377e+00 
1.794964e-01 3.158476e+00 
-8.946768e-02 -1.677910e+00 
-3.035030e-01 -9.138887e+00 
1.683608e-01 3.107550e+00 
-5.650333e-02 7.940066e+00 
7.601544e-02 -3.991850e+00 
5.301822e-01 8.301027e+00 
8.251582e-01 1.314892e+01 
-1.157791e+00 -2.135542e+01 
-3.792988e-02 1.483405e+00 
2.927755e-01 8.515574e+00 
2.251988e-01 3.224182e+00 
-1.217411e-01 -2.369607e+00 
-4.036616e-01 -9.779193e+00 
1.287285e-01 2.752643e+00 
-5.473760e-02 8.553087e+00 
7.617002e-02 -6.016866e+00 
-1.719054e-01 2.769934e+00 
1.044401e+00 1.287575e+01 
-9.581005e-01 -2.155093e+01 
-7.451288e-02 1.957987e+00 
2.647986e-01 8.901782e+00 
2.092705e-01 3.866006e+00 
-1.303950e-01 -2.431554e+00 
-2.757910e-01 -8.543853e+00 
1.704362e-01 3.936421e+00 
-4.089626e-02 8.483536e+00 
6.711357e-02 -5.316919e+00 
-3.957554e-01 -8.072701e-01 
1.356538e+00 1.679504e+01 
-1.061450e+00 -1.890258e+01 
-3.517962e-02 9.922061e-01 
2.800077e-01 8.208836e+00 
2.073435e-01 2.834240e+00 
-1.475143e-01 -2.941683e+00 
-3.856259e-01 -9.538391e+00 
1.329048e-01 2.691039e+00 
-3.362864e-02 8.509175e+00 
6.125686e-02 -5.685127e+00 
-9.682236e-01 -5.672212e+00 
1.657923e+00 1.735705e+01 
-8.707014e-01 -1.860837e+01 
-8.187493e-02 6.832711e-01 
2.376731e-01 8.277962e+00 
2.050123e-01 3.661019e+00 
-2.294993e-01 -4.283594e+00 
-2.233015e-01 -8.706758e+00 
2.010248e-01 4.896882e+00 
-7.083478e-02 9.522135e+00 
9.247556e-02 -5.724055e+00 
-8.554948e-01 -6.377936e+00 
1.826717e+00 2.004075e+01 
-1.030245e+00 -1.717942e+01 
-3.589863e-02 3.591730e-01 
2.751308e-01 8.166466e+00 
2.024723e-01 2.583874e+00 
-2.579003e-01 -4.987829e+00 
-3.218257e-01 -1.034847e+01 
1.770425e-01 3.644574e+00 
-1.130140e-01 1.042176e+01 
1.249541e-01 -6.201494e+00 
-7.613805e-01 -1.127902e+01 
1.837389e+00 1.845374e+01 
-8.752542e-01 -1.848320e+01 
-9.234980e-02 1.297919e-01 
2.382139e-01 8.960298e+00 
2.456015e-01 4.361928e+00 
-2.615325e-01 -4.984661e+00 
-2.505871e-01 -1.022304e+01 
2.175296e-01 5.330746e+00 
-1.352916e-01 1.096603e+01 
1.434881e-01 -6.539892e+00 
-9.331076e-01 -1.110841e+01 
2.026249e+00 2.067270e+01 
-8.784700e-01 -1.609756e+01 
-3.680546e-02 7.809630e-01 
2.736402e-01 8.775549e+00 
2.721860e-01 3.720171e+00 
-3.756292e-01 -7.262978e+00 
-2.778069e-01 -1.082068e+01 
1.938540e-01 5.350939e+00 
-2.058524e-01 1.195601e+01 
2.038164e-01 -8.157168e+00 
-1.424181e+00 -1.178038e+01 
2.228639e+00 2.066099e+01 
-7.632791e-01 -1.681660e+01 
-8.149193e-02 5.932419e-01 
2.408106e-01 9.273164e+00 
2.437190e-01 3.987151e+00 
-2.608177e-01 -5.225294e+00 
-3.089544e-01 -1.039440e+01 
2.103495e-01 5.514588e+00 
-1.022854e-01 1.134578e+01 
1.241767e-01 -7.894466e+00 
-3.286375e-01 -8.256011e+00 
1.843290e+00 2.023917e+01 
-1.072800e+00 -2.059362e+01 
-9.157733e-02 -4.793441e-01 
2.120366e-01 9.602909e+00 
3.107900e-01 5.087778e+00 
-2.198078e-01 -4.834993e+00 
-4.146868e-01 -9.953191e+00 
1.802641e-01 4.478189e+00 
7.445169e-02 8.105231e+00 
-3.336879e-02 -6.103397e+00 
-1.660478e+00 -6.817745e+00 
2.323155e+00 2.210535e+01 
-1.016192e+00 -1.884358e+01 
-9.535492e-02 -1.381730e+00 
9.454541e-02 7.100833e+00 
8.972278e-02 1.948736e+00 
3.753095e-02 1.139654e-01 
-2.554819e-01 -4.833588e+00 
1.095614e-01 2.234050e+00 
7.677175e-02 1.655753e+00 
-6.664462e-02 -1.434866e+00 
