poroelastic
2.816873e+00 2.145705e+01 
-1.685977e-01 2.689770e+00 
-1.169745e+00 -1.899344e+01 
-2.203918e-01 -2.850693e+00 
2.001279e-01 5.189163e+00 
4.550523e-01 7.169899e+00 
3.436707e-01 4.613040e+00 
-6.423201e-01 -9.463534e+00 
1.709123e-02 -6.247807e-01 
9.004664e-02 4.854235e+00 
-1.799735e-02 -2.356113e+00 
1.868206e+00 1.549767e+01 
5.258101e-01 9.148338e+00 
-1.177909e+00 -1.723095e+01 
-3.356676e-01 -6.102614e+00 
1.651419e-01 4.659021e+00 
4.006890e-01 6.555149e+00 
3.714324e-01 5.080162e+00 
-5.626938e-01 -8.444869e+00 
-5.575749e-04 -1.445714e+00 
9.189906e-02 4.531342e+00 
-4.581563e-03 -1.215465e+00 
1.025499e+00 1.030407e+01 
7.488683e-01 1.142389e+01 
-1.128190e+00 -1.648990e+01 
-3.428562e-01 -6.875566e+00 
1.369944e-01 4.348387e+00 
4.730456e-01 7.733129e+00 
3.545227e-01 4.823074e+00 
-5.895179e-01 -8.543184e+00 
-4.301503e-03 -8.610854e-01 
7.527808e-02 5.022332e+00 
-2.170865e-02 -3.110523e+00 
1.272601e-01 3.987976e+00 
1.197520e+00 1.392623e+01 
-9.620724e-01 -1.398471e+01 
-3.295485e-01 -6.469541e+00 
1.332726e-01 4.136064e+00 
4.020124e-01 6.752813e+00 
3.065128e-01 4.275164e+00 
-5.570072e-01 -8.948253e+00 
2.936653e-02 -1.060831e+00 
1.144298e-01 5.453575e+00 
-7.460536e-03 -1.389234e+00 
-4.850212e-01 -1.751915e+00 
1.581639e+00 1.780036e+01 
-9.530231e-01 -1.210070e+01 
-3.361939e-01 -7.875737e+00 
9.283678e-02 3.186839e+00 
4.151841e-01 6.809253e+00 
2.798198e-01 3.779218e+00 
-5.838343e-01 -8.929130e+00 
4.083328e-02 2.987570e-02 
1.280634e-01 7.008921e+00 
-5.840455e-02 -4.709006e+00 
-1.225303e+00 -8.817267e+00 
1.935814e+00 1.883884e+01 
-7.382972e-01 -1.018446e+01 
-3.313405e-01 -7.097981e+00 
1.055857e-01 3.555874e+00 
4.156830e-01 6.994258e+00 
1.760945e-01 2.447056e+00 
-5.238209e-01 -8.902707e+00 
6.931592e-02 -4.650579e-02 
1.531510e-01 6.233766e+00 
-2.383263e-02 -1.926014e+00 
-1.469096e+00 -1.352592e+01 
2.331915e+00 2.278147e+01 
-7.393869e-01 -7.686393e+00 
-3.350334e-01 -8.661908e+00 
4.762507e-02 2.044740e+00 
3.456067e-01 5.805800e+00 
2.343535e-01 3.191404e+00 
-5.096965e-01 -8.027605e+00 
4.915767e-02 2.075823e-01 
1.372795e-01 7.101110e+00 
-6.420987e-02 -4.744299e+00 
-1.895063e+00 -1.971219e+01 
2.624511e+00 2.320093e+01 
-5.476339e-01 -6.590316e+00 
-3.402584e-01 -8.091847e+00 
7.393274e-02 2.924292e+00 
4.290684e-01 7.273659e+00 
7.971390e-02 1.120624e+00 
-4.848477e-01 -8.991782e+00 
1.176451e-01 1.025167e+00 
1.268988e-01 7.259529e+00 
-2.010832e-02 -3.096194e+00 
-1.937583e+00 -2.285439e+01 
3.005614e+00 2.666524e+01 
-5.679821e-01 -4.434972e+00 
-3.086089e-01 -8.697895e+00 
5.597259e-02 1.997916e+00 
3.453966e-01 5.695843e+00 
9.035897e-02 1.263351e+00 
-4.854127e-01 -8.922967e+00 
1.096875e-01 1.225238e+00 
6.555386e-02 9.080713e+00 
-6.543830e-04 -5.984240e+00 
-1.889249e+00 -2.588276e+01 
3.155749e+00 2.658018e+01 
-5.168963e-01 -4.608362e+00 
-3.519242e-01 -9.544632e+00 
5.544827e-02 2.596219e+00 
4.537423e-01 7.769035e+00 
4.463198e-02 6.436972e-01 
-5.051556e-01 -1.019574e+01 
1.473587e-01 1.498348e+00 
5.255075e-02 8.759244e+00 
2.385501e-02 -4.289163e+00 
-1.247342e+00 -2.745739e+01 
3.093936e+00 2.670674e+01 
-5.581831e-01 -4.435660e+00 
-2.911127e-01 -8.842453e+00 
8.167555e-02 2.741957e+00 
4.498761e-01 7.354220e+00 
-1.064302e-01 -1.563894e+00 
-4.552459e-01 -1.022626e+01 
1.684804e-01 2.534534e+00 
-3.913315e-02 1.041018e+01 
8.401205e-02 -6.501976e+00 
-1.750119e+00 -2.795660e+01 
3.511162e+00 2.872176e+01 
-5.379344e-01 -3.585160e+00 
-3.098256e-01 -9.829306e+00 
4.068977e-02 2.134769e+00 
4.028121e-01 7.030941e+00 
9.495941e-03 8.021553e-02 
-4.865210e-01 -1.050410e+01 
1.657089e-01 1.921570e+00 
1.843733e-02 9.813564e+00 
4.796534e-02 -5.142409e+00 
-6.263408e-01 -2.449959e+01 
3.193457e+00 2.788042e+01 
-9.129826e-01 -8.548564e+00 
-3.259079e-01 -1.182063e+01 
3.490102e-02 3.187579e+00 
5.483018e-01 1.002468e+01 
8.937497e-02 1.078348e+00 
-6.103957e-01 -1.098783e+01 
1.026351e-01 1.038146e+00 
1.192971e-01 7.880109e+00 
-2.837214e-02 -4.212970e+00 
-8.147131e-01 -2.176039e+01 
3.285796e+00 2.734373e+01 
-9.932523e-01 -7.734468e+00 
-2.337865e-01 -1.094780e+01 
-4.826336e-02 8.440905e-01 
2.566553e-01 6.001236e+00 
3.571285e-01 5.229000e+00 
-4.781453e-01 -7.450556e+00 
-2.660275e-02 -7.728805e-01 
1.663586e-01 3.636383e+00 
-5.940826e-02 -1.364622e+00 
