poroelastic
-1.245138e+02 -4.634333e+02 
-8.918152e+00 -2.246479e+02 
5.916624e+00 1.148068e+02 
-5.485116e+00 4.122250e+01 
5.110281e-01 -1.478123e+01 
-8.382750e-01 4.277761e+01 
1.588499e+00 -1.584830e+00 
-7.811607e+00 -7.544297e+01 
-8.054435e+00 -4.062663e+01 
-4.036449e-01 1.699418e+01 
1.470265e+01 7.633768e+01 
-8.310727e+01 -3.465647e+02 
-9.415944e+00 -2.148263e+02 
-4.074939e+00 1.689639e+02 
-4.250233e+00 6.679894e+01 
5.137524e+00 -2.960836e+01 
2.898982e+00 -1.406502e+01 
1.200030e+00 -3.306707e+01 
1.952529e+00 8.758471e+00 
6.207585e+00 3.358056e+01 
1.346185e+01 5.658509e+01 
-2.295201e+01 -1.166149e+02 
-7.009095e+01 -3.117351e+02 
-1.601151e+01 -2.702352e+02 
3.040148e+00 1.320160e+02 
-6.497644e+00 6.311014e+01 
2.893253e+00 -2.945881e+01 
4.473439e-01 -3.430523e+00 
-2.150754e+00 -3.296047e+01 
-3.891078e+00 -2.018199e+01 
-3.574770e+00 -1.216100e+01 
-6.444688e-01 8.210513e+00 
1.022327e+01 5.072053e+01 
-5.458562e+01 -2.667662e+02 
-3.394583e+01 -3.352349e+02 
8.741396e+00 2.810597e+01 
-9.587071e+00 7.490830e+01 
8.119528e-01 -1.150861e+01 
6.196739e-02 2.265618e+01 
1.202215e+00 -3.184066e+00 
-2.149293e+00 -2.210103e+01 
3.363392e-01 3.169086e+00 
9.078040e+00 4.449078e+01 
-8.649879e+00 -4.193642e+01 
-3.530505e+01 -2.596677e+02 
-3.914200e+01 -3.552695e+02 
1.527401e+01 -5.057309e+01 
-1.092443e+01 6.001392e+01 
-1.795798e+00 -2.086510e+01 
-3.698496e+00 1.629163e+01 
-3.463893e+00 1.398003e+01 
2.635493e+00 3.571902e+01 
6.038094e+00 3.713859e+01 
1.526792e+01 6.681095e+01 
-1.957686e+01 -9.156445e+01 
-7.007583e+00 -1.176304e+02 
-1.881062e+01 -2.244262e+02 
7.073361e+00 2.317153e+01 
-6.539037e+00 4.657944e+01 
5.123868e-02 -1.808036e+01 
-8.718360e-01 3.271652e+01 
1.016571e+00 8.526568e+00 
-4.471484e-01 -7.112362e+00 
5.106365e-01 1.991262e+00 
1.032275e+01 4.587005e+01 
-1.145632e+01 -5.219786e+01 
1.016182e+01 6.069468e+01 
-1.216521e+01 -1.387497e+02 
-4.373961e+00 8.029456e+01 
2.369676e+00 -8.012654e+00 
2.663779e+00 -5.429009e+01 
-1.865997e+00 -1.479696e+01 
-5.901297e+00 -2.395997e+01 
5.481068e+00 5.860993e+01 
1.048369e+01 5.872634e+01 
2.803922e+01 1.184518e+02 
-3.707304e+01 -1.675494e+02 
1.981567e+01 1.787193e+02 
-1.606246e+01 -1.697250e+02 
-6.224378e+00 1.108391e+02 
5.725106e+00 -4.168792e+01 
2.527721e+00 -8.527733e+01 
-5.191218e+00 -4.135067e+01 
-9.890322e+00 -8.574888e+00 
1.128533e+01 1.140576e+02 
1.121259e+01 6.412055e+01 
2.113615e+01 8.937039e+01 
-3.047070e+01 -1.409336e+02 
3.080635e+01 2.606631e+02 
-2.890367e+01 -2.910854e+02 
9.494053e+00 3.314895e+01 
-5.014928e+00 1.409319e+01 
-2.093220e+00 -2.530929e+01 
-3.613300e+00 2.559937e+01 
-1.753609e+00 2.421313e+01 
3.634452e+00 3.310045e+01 
-2.425137e-01 -1.499965e+00 
7.715788e+00 3.576258e+01 
-7.631219e+00 -3.529895e+01 
5.608727e+01 1.879130e+02 
-5.621649e+01 -3.795191e+02 
1.031611e+01 -7.639049e+01 
-6.030130e+00 1.969386e+01 
-2.567857e+00 -2.533714e+01 
-3.483744e+00 3.946837e+01 
1.252562e+00 4.419588e+01 
4.148351e+00 2.784073e+01 
3.070310e+00 1.307079e+01 
1.245848e+01 5.218504e+01 
-1.912634e+01 -8.829264e+01 
3.053554e+01 2.086827e+02 
-3.071395e+01 -2.483942e+02 
4.452120e+00 4.378604e+00 
-2.136453e+00 1.206477e+00 
-1.054934e+00 -4.301845e+01 
-3.555660e+00 1.754159e+01 
-1.645462e+00 2.456916e+01 
6.852750e+00 5.311538e+01 
5.207531e+00 2.605838e+01 
1.644146e+01 7.192332e+01 
-2.439645e+01 -1.157005e+02 
3.246089e+00 3.495503e+02 
-1.844414e+01 -1.317671e+02 
-8.972589e+00 8.253404e+01 
6.396585e+00 -3.216959e+01 
3.159991e+00 -8.630989e+01 
-3.284367e+00 -1.785676e+01 
-2.911329e+00 1.537997e+01 
1.109151e+01 8.111502e+01 
7.217916e+00 3.580367e+01 
1.336754e+01 5.704873e+01 
-2.602490e+01 -1.274673e+02 
1.430361e+01 2.930722e+02 
-2.603116e+01 -2.231235e+02 
1.278715e+00 4.779681e+01 
-1.275316e+00 1.335644e+01 
9.664534e-01 -5.798626e+01 
-3.014927e+00 6.872037e-01 
-1.603715e+00 1.832102e+01 
6.806639e+00 5.083108e+01 
-2.911716e-01 -3.793252e+00 
2.332834e+00 1.020261e+01 
-4.811366e+00 -2.440895e+01 
2.078346e+01 3.295228e+02 
-3.478663e+01 -2.385288e+02 
3.884226e+00 6.209009e-01 
-1.027355e+00 -1.122801e+01 
-1.573387e+00 -4.601074e+01 
-2.194357e+00 5.727335e+01 
7.172306e+00 7.448095e+01 
1.817935e+00 3.324544e+00 
-8.732560e+00 -5.642037e+01 
-1.143221e+01 -5.892374e+01 
1.251707e+01 6.527585e+01 
