poroelastic
1.364717e+00 1.017992e+01 
-1.347185e-01 1.222219e+00 
-2.056633e-01 -1.045038e+01 
-1.775884e-01 8.885560e-01 
-4.024649e-02 1.609935e+00 
5.186887e-02 1.664931e+00 
1.184309e-01 1.329881e+00 
1.035006e+00 1.131808e+01 
-6.431480e-01 -5.925428e+00 
-6.869862e-01 -1.209610e+01 
3.280741e-01 6.984104e+00 
1.792673e+00 1.467477e+01 
2.697598e-01 8.257360e+00 
-5.131929e-01 -9.253014e+00 
-2.330458e-01 -8.144754e+00 
-4.148760e-01 -3.426326e+00 
2.164278e-01 5.729963e+00 
9.185650e-01 8.682122e+00 
9.405829e-01 1.192101e+01 
-1.023495e+00 -9.932764e+00 
-8.320578e-01 -1.688117e+01 
4.300437e-01 1.077674e+01 
8.972877e-01 9.016965e+00 
1.943510e-01 6.730573e+00 
-4.037335e-01 -1.064389e+01 
-3.170170e-01 -7.692971e+00 
-4.664378e-01 -3.008868e+00 
1.324962e-01 5.791613e+00 
9.760388e-01 9.633697e+00 
1.080948e+00 1.327008e+01 
-9.495463e-01 -8.987285e+00 
-8.774030e-01 -1.753724e+01 
4.142476e-01 1.041838e+01 
3.868398e-01 6.053897e+00 
5.843858e-01 1.052847e+01 
-4.690913e-01 -6.071435e+00 
-1.727851e-01 -8.658348e+00 
-4.241070e-01 -4.341019e+00 
-4.158478e-03 3.237960e+00 
6.217280e-01 6.535565e+00 
1.000192e+00 1.170139e+01 
-8.450263e-01 -9.097296e+00 
-6.583216e-01 -1.630474e+01 
4.887736e-01 1.357701e+01 
-1.349422e-01 5.696385e-02 
6.218408e-01 1.030800e+01 
-4.129523e-01 -5.596401e+00 
-1.909469e-01 -8.874006e+00 
-4.529415e-01 -4.407915e+00 
-3.614355e-02 3.308946e+00 
7.055545e-01 7.381096e+00 
1.129200e+00 1.304229e+01 
-7.600222e-01 -7.223374e+00 
-7.622489e-01 -1.511733e+01 
3.764006e-01 9.155963e+00 
-6.561959e-01 -4.172784e+00 
1.066061e+00 1.364327e+01 
-3.918939e-01 -8.768623e-01 
-5.353732e-02 -8.566320e+00 
-3.578066e-01 -4.863662e+00 
-1.038910e-01 1.213390e+00 
3.017682e-01 3.573210e+00 
8.753186e-01 9.457769e+00 
-6.364806e-01 -7.288966e+00 
-5.510252e-01 -1.333036e+01 
5.344388e-01 1.307369e+01 
-9.963914e-01 -1.055418e+01 
1.268102e+00 1.390507e+01 
-2.578760e-01 7.502852e-01 
-7.433389e-02 -8.218533e+00 
-3.641725e-01 -4.653701e+00 
-5.141537e-02 1.973344e+00 
5.213072e-01 5.430775e+00 
1.070239e+00 1.220457e+01 
-6.071133e-01 -5.081781e+00 
-6.958329e-01 -1.225735e+01 
2.126307e-01 4.963560e+00 
-1.456272e+00 -1.449552e+01 
1.666446e+00 1.585311e+01 
-1.557448e-01 4.362579e+00 
5.901610e-03 -7.278128e+00 
-2.756010e-01 -4.368968e+00 
-8.547414e-02 6.637267e-01 
1.772916e-01 2.178241e+00 
7.377560e-01 8.057164e+00 
-4.890751e-01 -5.464932e+00 
-4.484402e-01 -1.102775e+01 
3.861914e-01 1.004116e+01 
-1.496377e+00 -2.218202e+01 
1.898390e+00 1.587686e+01 
1.461356e-02 5.885364e+00 
-3.275338e-02 -6.717783e+00 
-2.813922e-01 -3.925128e+00 
-5.285419e-02 1.266783e+00 
3.333232e-01 3.585247e+00 
9.292727e-01 1.082290e+01 
-4.194128e-01 -2.864977e+00 
-5.308428e-01 -9.383082e+00 
6.517405e-02 1.805788e+00 
-1.916958e+00 -2.465808e+01 
2.387230e+00 1.948485e+01 
-4.218065e-03 9.560103e+00 
7.766934e-02 -7.477021e+00 
-2.399978e-01 -4.760086e+00 
-1.167830e-01 -1.607306e-01 
-4.911015e-02 1.317498e-01 
6.875171e-01 6.977128e+00 
-3.273194e-01 -3.791463e+00 
-3.013297e-01 -8.126495e+00 
2.886263e-01 7.922052e+00 
-8.771015e-01 -3.075880e+01 
2.272568e+00 1.787710e+01 
3.999364e-02 8.916009e+00 
2.912336e-02 -7.576552e+00 
-2.445677e-01 -4.039402e+00 
-9.837691e-02 4.067821e-01 
5.681168e-02 1.109641e+00 
7.758129e-01 8.294009e+00 
-2.285083e-01 -1.558559e+00 
-3.475030e-01 -6.637150e+00 
8.440585e-02 2.363603e+00 
-1.011393e+00 -3.271633e+01 
2.738090e+00 2.167574e+01 
-7.462049e-02 1.262565e+01 
1.946247e-01 -8.491282e+00 
-2.036402e-01 -5.546617e+00 
-1.381336e-01 -1.049195e+00 
-2.700593e-01 -1.858486e+00 
6.350470e-01 5.792974e+00 
-2.444256e-01 -2.979522e+00 
-2.233745e-01 -5.330881e+00 
3.086061e-01 6.547886e+00 
8.189196e-01 -3.642877e+01 
2.434615e+00 1.908238e+01 
-1.459883e-01 8.979070e+00 
5.960874e-02 -1.131348e+01 
-3.703782e-01 -5.623805e+00 
4.051529e-02 3.196530e+00 
3.440198e-01 3.690593e+00 
6.083048e-01 6.054835e+00 
-4.735443e-01 -4.561044e+00 
-4.350914e-01 -5.967566e+00 
3.248651e-01 4.676232e+00 
-4.800697e-01 -3.803768e+01 
3.349775e+00 2.418217e+01 
-1.944256e-01 1.272028e+01 
2.723846e-01 -8.859623e+00 
-2.097539e-01 -6.276211e+00 
-3.074364e-02 5.022994e-01 
-2.862986e-01 -1.871054e+00 
7.245794e-01 6.061876e+00 
-4.234924e-01 -3.738727e+00 
-4.618311e-02 -4.265412e-01 
1.773205e-01 1.612621e+00 
