poroelastic
6.438910e-01 4.698676e+00 
1.217183e-01 2.145563e+00 
-2.425520e-01 -4.066526e+00 
-2.735249e-01 -5.672840e+00 
8.961140e-03 1.645214e+00 
2.375256e-01 4.305448e+00 
2.689454e-01 3.543556e+00 
-9.799373e-02 -6.834034e-01 
-1.283188e-01 -2.489412e+00 
-3.206251e-02 -2.161828e+00 
5.036919e-02 2.643288e+00 
5.040816e-01 4.286527e+00 
4.220137e-01 5.864215e+00 
-2.638266e-01 -5.348862e-01 
-3.088079e-01 -8.618946e+00 
-1.246398e-01 -1.431485e+00 
1.787678e-01 3.384444e+00 
3.666000e-01 4.852786e+00 
-8.542628e-02 -6.211230e-02 
-1.679881e-01 -2.926478e+00 
-5.669001e-02 -2.895921e+00 
3.668896e-02 2.339193e+00 
-7.574852e-02 -2.354782e-01 
4.145614e-01 4.490998e+00 
-1.296130e-01 -1.321246e+00 
-3.242301e-01 -7.829009e+00 
-1.124851e-01 -3.582432e-01 
2.301550e-01 4.750068e+00 
4.061688e-01 5.481553e+00 
-7.681562e-02 -2.174530e-01 
-1.441604e-01 -2.619102e+00 
-5.318725e-02 -2.710850e+00 
5.021296e-02 2.632065e+00 
-4.149828e-01 -2.424636e+00 
7.884014e-01 7.880212e+00 
-3.830849e-02 3.118080e+00 
-2.476991e-01 -7.697803e+00 
-1.158582e-01 -1.695483e+00 
1.395247e-01 2.633736e+00 
2.698205e-01 3.608044e+00 
-1.031351e-01 -6.956442e-01 
-1.258863e-01 -2.404045e+00 
-2.866910e-02 -1.754904e+00 
3.432125e-02 1.909780e+00 
-8.782987e-01 -8.087378e+00 
8.159956e-01 6.794418e+00 
9.883389e-02 2.808498e+00 
-2.861667e-01 -7.609420e+00 
-1.544175e-01 -1.503720e+00 
1.528436e-01 3.613142e+00 
3.567071e-01 4.912139e+00 
-3.202687e-02 7.482621e-02 
-7.075780e-02 -1.084389e+00 
-3.219277e-02 -8.469041e-01 
3.777337e-03 1.490121e-01 
-1.271697e+00 -1.105207e+01 
1.214937e+00 9.836399e+00 
2.428032e-01 7.341115e+00 
-1.975679e-01 -6.801175e+00 
-1.121496e-01 -1.973188e+00 
1.129462e-01 2.056963e+00 
1.716698e-01 2.281368e+00 
-1.276892e-01 -1.512316e+00 
-8.052366e-02 -1.738246e+00 
-1.079977e-03 -6.720471e-01 
4.490476e-02 1.745422e+00 
-1.504740e+00 -1.638039e+01 
1.353509e+00 1.007278e+01 
3.588581e-01 7.998303e+00 
-2.449661e-01 -7.591529e+00 
-2.056417e-01 -3.110158e+00 
4.398772e-02 1.875082e+00 
2.895844e-01 4.148536e+00 
6.010234e-02 1.135006e+00 
-1.665039e-02 5.908355e-02 
-2.259371e-02 -7.130790e-02 
-3.569050e-02 -1.316764e+00 
-1.620348e+00 -1.922688e+01 
1.621818e+00 1.197190e+01 
4.454142e-01 1.127050e+01 
-1.689431e-01 -6.887859e+00 
-1.374342e-01 -2.876386e+00 
6.467492e-02 1.231402e+00 
1.028666e-01 1.396164e+00 
-1.125149e-01 -1.633655e+00 
-3.853342e-02 -1.213620e+00 
1.602892e-02 -5.304627e-01 
4.303344e-02 2.137949e+00 
-1.535452e+00 -2.564786e+01 
1.772898e+00 1.208655e+01 
5.837034e-01 1.227984e+01 
-1.993721e-01 -7.393226e+00 
-2.149477e-01 -3.872319e+00 
-2.601684e-02 6.041599e-01 
1.959341e-01 2.932705e+00 
8.822910e-02 1.324798e+00 
2.726074e-02 1.051959e+00 
-1.743104e-02 6.355865e-01 
-2.826140e-02 -2.061380e+00 
-1.824971e+00 -2.651352e+01 
2.180727e+00 1.509243e+01 
6.324064e-01 1.559047e+01 
-1.533112e-01 -7.764607e+00 
-1.774384e-01 -4.193843e+00 
7.913653e-03 3.613587e-01 
7.853424e-02 1.122412e+00 
-6.208646e-02 -1.096030e+00 
-2.182935e-03 -5.126755e-01 
2.203493e-02 -2.307995e-01 
1.040994e-02 1.399496e+00 
-1.045111e+00 -3.211387e+01 
2.089858e+00 1.319690e+01 
6.844515e-01 1.438459e+01 
-1.668805e-01 -7.338761e+00 
-1.790399e-01 -3.487219e+00 
-1.307192e-03 8.463533e-01 
1.329909e-01 1.987102e+00 
4.474914e-02 5.964742e-01 
3.415337e-02 1.468534e+00 
-3.062857e-02 7.930521e-01 
1.059612e-03 -2.151305e+00 
-1.156739e+00 -3.309492e+01 
2.525721e+00 1.658027e+01 
6.638649e-01 1.776378e+01 
-1.098054e-01 -8.178809e+00 
-1.810792e-01 -4.829974e+00 
-2.431948e-02 -2.404991e-01 
6.374549e-02 9.482731e-01 
-3.498022e-02 -6.861582e-01 
1.496326e-02 2.349245e-01 
6.154057e-03 4.013780e-01 
-2.609022e-04 -1.503839e-01 
-8.078504e-01 -3.600297e+01 
2.639953e+00 1.599552e+01 
6.619709e-01 1.650539e+01 
-1.402710e-01 -9.555095e+00 
-1.854139e-01 -3.975483e+00 
7.045058e-02 2.262739e+00 
1.838507e-01 2.713782e+00 
-6.656584e-02 -9.246006e-01 
7.288094e-03 2.178685e-01 
1.396579e-02 1.054775e+00 
-2.120737e-02 -1.271686e+00 
8.954757e-01 -3.417078e+01 
2.365887e+00 1.511635e+01 
3.146335e-01 1.492006e+01 
-5.374934e-02 -9.810481e+00 
-1.568338e-01 -4.797338e+00 
3.387921e-02 1.186737e+00 
1.578890e-01 2.353045e+00 
-8.845646e-02 -1.178493e+00 
-5.150834e-02 -9.137402e-01 
6.881723e-02 1.293540e+00 
-3.505062e-02 -6.744899e-01 
