poroelastic
2.857338e+00 2.108426e+01 
-3.200884e-01 1.201083e+00 
-1.109026e+00 -1.899042e+01 
4.598878e-02 2.509932e+00 
1.976541e-01 5.439863e+00 
2.146541e-01 4.450189e+00 
7.505077e-03 4.952693e-01 
-2.884947e-01 -7.770692e+00 
4.616086e-02 7.947326e-01 
-5.111614e-02 5.270378e+00 
5.730555e-02 -3.574051e+00 
1.968027e+00 1.562536e+01 
1.726665e-01 5.131870e+00 
-1.086080e+00 -1.934235e+01 
9.014052e-03 1.680759e+00 
2.138569e-01 6.187914e+00 
1.869324e-01 4.080145e+00 
1.497636e-02 5.341099e-01 
-2.357583e-01 -7.391427e+00 
7.188956e-02 7.643941e-01 
-6.622911e-02 6.706980e+00 
7.096911e-02 -3.665251e+00 
1.400813e+00 1.293542e+01 
3.600368e-01 7.713343e+00 
-1.110094e+00 -1.838519e+01 
-1.382137e-02 6.699968e-01 
1.866751e-01 5.593697e+00 
2.221281e-01 4.660505e+00 
-2.008638e-02 -1.638372e-01 
-2.804631e-01 -7.780947e+00 
5.088596e-02 7.177891e-01 
-6.210924e-02 6.577898e+00 
6.992269e-02 -4.509859e+00 
6.909537e-01 8.173314e+00 
5.801843e-01 8.406025e+00 
-1.011528e+00 -1.849013e+01 
-3.323249e-02 4.749009e-01 
1.752526e-01 5.732777e+00 
1.930057e-01 4.549967e+00 
1.906933e-02 5.683717e-01 
-2.127006e-01 -7.381719e+00 
8.112396e-02 8.195391e-01 
-3.922634e-02 6.631365e+00 
4.833518e-02 -2.904642e+00 
3.332015e-01 5.721931e+00 
9.335913e-01 1.287530e+01 
-1.120390e+00 -1.642288e+01 
-5.300348e-02 -1.185998e+00 
1.517858e-01 4.693914e+00 
1.994644e-01 4.186484e+00 
-3.177444e-02 -5.476941e-01 
-2.815978e-01 -8.078462e+00 
5.738157e-02 5.487827e-01 
-1.543480e-02 6.883382e+00 
3.564595e-02 -3.947343e+00 
-2.042051e-01 3.635422e-01 
1.058639e+00 1.233744e+01 
-9.793343e-01 -1.697205e+01 
-7.214737e-02 -1.090923e+00 
1.418756e-01 5.066627e+00 
2.056164e-01 4.974099e+00 
-1.909628e-02 -3.197739e-01 
-1.940093e-01 -6.913434e+00 
7.922354e-02 1.134608e+00 
4.861246e-03 6.149073e+00 
2.098169e-02 -2.445150e+00 
-3.735455e-01 -1.489076e+00 
1.404062e+00 1.639537e+01 
-1.068434e+00 -1.452973e+01 
-7.695244e-02 -2.407588e+00 
1.310496e-01 4.217559e+00 
1.867024e-01 4.031052e+00 
-1.978533e-02 -3.771870e-01 
-2.675471e-01 -7.494262e+00 
4.425167e-02 8.533720e-02 
6.583047e-04 6.273962e+00 
2.343834e-02 -3.399803e+00 
-8.567579e-01 -6.260248e+00 
1.576305e+00 1.577580e+01 
-8.632939e-01 -1.510105e+01 
-9.650457e-02 -2.168074e+00 
1.248381e-01 4.976813e+00 
2.365573e-01 5.872804e+00 
-3.717863e-02 -6.919235e-01 
-1.807480e-01 -6.889552e+00 
7.865266e-02 1.668724e+00 
-3.865313e-02 6.680711e+00 
4.906421e-02 -3.661979e+00 
-9.104998e-01 -6.229878e+00 
1.856192e+00 1.915971e+01 
-9.968175e-01 -1.344460e+01 
-8.005509e-02 -2.669789e+00 
1.356603e-01 4.626526e+00 
2.144973e-01 4.764002e+00 
-5.976220e-02 -1.128577e+00 
-2.495866e-01 -8.270329e+00 
6.248050e-02 5.483236e-01 
-9.131528e-02 7.682561e+00 
8.872052e-02 -4.594844e+00 
-8.051374e-01 -9.854908e+00 
1.836124e+00 1.777414e+01 
-9.109466e-01 -1.498118e+01 
-1.155753e-01 -3.378956e+00 
1.175822e-01 5.290887e+00 
2.691493e-01 6.825191e+00 
-4.457465e-02 -7.920821e-01 
-1.995481e-01 -8.284697e+00 
8.558564e-02 1.666158e+00 
-1.188484e-01 7.719441e+00 
1.044897e-01 -4.291127e+00 
-6.242552e-01 -8.698294e+00 
1.882116e+00 1.955636e+01 
-1.006242e+00 -1.363167e+01 
-8.735003e-02 -3.376525e+00 
1.248256e-01 4.797236e+00 
2.616512e-01 5.955070e+00 
-1.635248e-01 -3.469620e+00 
-1.812113e-01 -9.010813e+00 
9.499342e-02 1.658912e+00 
-1.858892e-01 8.784189e+00 
1.476658e-01 -4.723544e+00 
-1.072277e+00 -9.275366e+00 
2.082909e+00 1.986600e+01 
-9.410872e-01 -1.432753e+01 
-1.182547e-01 -4.203379e+00 
9.407762e-02 4.847082e+00 
2.323058e-01 6.139667e+00 
-6.216638e-02 -1.355593e+00 
-1.744967e-01 -8.617400e+00 
1.033563e-01 1.754668e+00 
-1.348452e-01 8.365967e+00 
1.080298e-01 -3.994805e+00 
9.699972e-02 -5.505032e+00 
1.660010e+00 1.913346e+01 
-1.293747e+00 -1.847410e+01 
-1.112746e-01 -5.270541e+00 
7.859738e-02 5.404344e+00 
2.863200e-01 7.630818e+00 
-5.701800e-02 -1.405741e+00 
-2.642403e-01 -9.052108e+00 
7.062730e-02 1.077214e+00 
-1.242077e-02 6.467714e+00 
2.976033e-02 -2.823643e+00 
-1.317999e+00 -5.463641e+00 
2.120590e+00 2.004757e+01 
-1.091497e+00 -1.543495e+01 
-7.961532e-02 -4.539690e+00 
1.875224e-02 3.659519e+00 
1.095141e-01 4.217228e+00 
1.090984e-01 2.442711e+00 
-1.902079e-01 -4.929360e+00 
2.747649e-03 -1.032129e-01 
5.115843e-02 1.873633e+00 
-9.890495e-03 -3.696122e-01 
