poroelastic
7.875933e-01 5.602539e+00 
1.100613e-01 2.418427e+00 
-2.219793e-01 -4.209733e+00 
-2.489731e-01 -6.126238e+00 
-2.222294e-02 1.800231e+00 
2.058164e-01 4.130272e+00 
3.808663e-01 4.617884e+00 
8.609412e-03 1.346496e+00 
-2.435059e-01 -3.475578e+00 
-1.718807e-01 -5.146761e+00 
1.061855e-01 3.747896e+00 
7.484351e-01 6.115607e+00 
4.439767e-01 6.688985e+00 
-3.147571e-01 -1.227929e+00 
-2.887394e-01 -1.043163e+01 
-1.905775e-01 -1.761868e+00 
1.816652e-01 4.256535e+00 
6.278962e-01 7.740648e+00 
5.483576e-02 2.694347e+00 
-3.454052e-01 -4.712986e+00 
-2.260915e-01 -7.151810e+00 
1.004480e-01 4.293598e+00 
1.243424e-01 1.856183e+00 
4.731038e-01 5.401156e+00 
-1.506054e-01 -1.956046e+00 
-3.321126e-01 -9.680335e+00 
-2.089238e-01 -8.811886e-01 
1.854624e-01 5.216108e+00 
6.535926e-01 8.333093e+00 
8.821188e-02 2.768642e+00 
-3.002150e-01 -4.247518e+00 
-2.135954e-01 -6.882651e+00 
1.181747e-01 4.733508e+00 
-2.281426e-01 -2.480591e-01 
7.819480e-01 8.674260e+00 
-1.644295e-01 2.291674e+00 
-2.257290e-01 -9.855927e+00 
-1.815941e-01 -2.287414e+00 
1.046714e-01 2.917416e+00 
4.784603e-01 6.064386e+00 
4.601310e-02 2.063555e+00 
-2.755619e-01 -4.226356e+00 
-1.616303e-01 -6.188870e+00 
1.126776e-01 5.029191e+00 
-6.340927e-01 -5.912843e+00 
7.514846e-01 7.551448e+00 
-7.885433e-02 2.081987e+00 
-2.590343e-01 -9.997903e+00 
-2.320165e-01 -2.441828e+00 
7.788067e-02 3.318654e+00 
5.206303e-01 6.801951e+00 
1.133479e-01 2.572187e+00 
-2.059182e-01 -2.898214e+00 
-1.735625e-01 -5.148551e+00 
9.869793e-02 3.495666e+00 
-9.797164e-01 -8.758091e+00 
1.129535e+00 1.067703e+01 
-1.519435e-02 6.662233e+00 
-1.457650e-01 -9.235328e+00 
-1.620443e-01 -2.989989e+00 
4.409000e-02 1.456613e+00 
2.929256e-01 3.722896e+00 
-6.134752e-03 6.440135e-01 
-1.933551e-01 -3.347193e+00 
-1.183378e-01 -4.666408e+00 
1.485713e-01 5.339480e+00 
-1.232672e+00 -1.442739e+01 
1.250504e+00 1.026881e+01 
1.419543e-01 7.328518e+00 
-1.953753e-01 -9.526086e+00 
-2.534606e-01 -3.827389e+00 
-3.585062e-02 1.400925e+00 
4.136422e-01 5.652804e+00 
2.060425e-01 3.411661e+00 
-1.183768e-01 -1.285206e+00 
-1.507573e-01 -3.827681e+00 
4.171402e-02 1.447773e+00 
-1.509454e+00 -1.747583e+01 
1.557605e+00 1.200989e+01 
2.486766e-01 1.075280e+01 
-1.064623e-01 -8.258169e+00 
-1.651473e-01 -3.381792e+00 
-1.256741e-03 7.513233e-01 
2.446958e-01 3.194969e+00 
1.229024e-02 7.231324e-01 
-1.269086e-01 -2.276430e+00 
-8.464552e-02 -4.044718e+00 
9.782889e-02 4.365890e+00 
-1.531972e+00 -2.472675e+01 
1.752407e+00 1.192045e+01 
4.384130e-01 1.202743e+01 
-1.404870e-01 -8.264164e+00 
-2.358001e-01 -4.033090e+00 
-8.694364e-02 3.893663e-01 
3.394699e-01 4.786663e+00 
2.172050e-01 3.668181e+00 
-5.865811e-02 4.226429e-02 
-1.155710e-01 -2.896420e+00 
-6.327057e-03 -3.660632e-01 
-1.804466e+00 -2.565742e+01 
2.153986e+00 1.513430e+01 
4.323863e-01 1.577016e+01 
-4.651354e-02 -8.468982e+00 
-1.711873e-01 -4.472340e+00 
-6.634441e-02 -4.818332e-01 
1.567161e-01 2.148410e+00 
4.540559e-02 9.383941e-01 
-6.254303e-02 -1.158885e+00 
-4.356381e-02 -3.212166e+00 
4.415788e-02 3.229116e+00 
-9.011773e-01 -3.162742e+01 
2.050988e+00 1.315103e+01 
4.980966e-01 1.475978e+01 
-7.955224e-02 -8.166022e+00 
-1.927734e-01 -3.972204e+00 
-1.040673e-01 -2.968733e-01 
1.787403e-01 2.661825e+00 
1.619010e-01 2.381073e+00 
8.710069e-03 8.873869e-01 
-5.922826e-02 -1.929902e+00 
6.562268e-04 7.280906e-02 
-8.189164e-01 -3.281089e+01 
2.416566e+00 1.635261e+01 
4.077347e-01 1.816537e+01 
2.476006e-02 -8.934546e+00 
-1.658833e-01 -5.343630e+00 
-1.313828e-01 -1.753438e+00 
2.207312e-02 5.543170e-01 
7.870582e-02 6.896928e-01 
2.288165e-02 1.802865e-01 
-7.305150e-03 -1.370295e+00 
3.310830e-02 2.073785e+00 
-3.975709e-01 -3.694715e+01 
2.552782e+00 1.542872e+01 
4.836341e-01 1.740732e+01 
-1.151449e-02 -9.860971e+00 
-1.888849e-01 -4.470704e+00 
-4.384360e-02 7.295722e-01 
1.597621e-01 2.430724e+00 
3.413705e-02 3.186189e-01 
1.560671e-02 2.145693e-01 
-3.014323e-03 -1.498817e-01 
1.104777e-02 3.108435e-01 
1.099479e+00 -3.514288e+01 
2.350873e+00 1.532332e+01 
1.316466e-01 1.564998e+01 
8.979481e-02 -1.025878e+01 
-1.337609e-01 -4.890902e+00 
-1.020261e-02 4.509848e-01 
1.259476e-01 1.805625e+00 
-2.823648e-02 -3.129823e-01 
-7.310343e-02 -9.778796e-01 
5.150881e-02 6.956108e-01 
2.743256e-03 3.658296e-02 
