poroelastic
2.231338e+00 1.721525e+01 
8.369335e-03 4.266853e+00 
-9.010997e-01 -1.499051e+01 
-4.580102e-01 -8.174467e+00 
3.953797e-02 3.493593e+00 
5.162977e-01 8.160420e+00 
7.008575e-01 7.901291e+00 
-6.332343e-01 -6.868050e+00 
-1.654399e-01 -3.170422e+00 
5.462646e-02 3.777660e-01 
4.735240e-02 1.811258e+00 
1.666456e+00 1.415218e+01 
6.822198e-01 1.169955e+01 
-9.884651e-01 -1.188954e+01 
-5.953051e-01 -1.367672e+01 
-1.008282e-01 9.328168e-01 
4.719052e-01 7.810924e+00 
8.531295e-01 9.779405e+00 
-5.578342e-01 -5.536427e+00 
-2.518118e-01 -4.543690e+00 
1.070276e-02 -1.393952e+00 
7.058404e-02 3.249448e+00 
7.517602e-01 8.034868e+00 
8.281886e-01 1.251062e+01 
-8.798807e-01 -1.164242e+01 
-5.916423e-01 -1.355436e+01 
-1.107254e-01 1.270399e+00 
5.463445e-01 9.186381e+00 
8.630171e-01 9.919969e+00 
-5.669767e-01 -5.609474e+00 
-2.227273e-01 -3.739906e+00 
-1.718842e-03 -7.512169e-01 
3.703944e-02 1.538898e+00 
-7.785459e-02 2.300279e+00 
1.342487e+00 1.592640e+01 
-7.097651e-01 -7.399289e+00 
-5.246862e-01 -1.279488e+01 
-9.174057e-02 6.597415e-01 
4.610946e-01 7.526270e+00 
7.199923e-01 8.323155e+00 
-5.957474e-01 -6.442661e+00 
-1.907018e-01 -3.824829e+00 
5.562576e-02 2.410742e-01 
4.726181e-02 2.163816e+00 
-8.408953e-01 -5.167285e+00 
1.623322e+00 1.767807e+01 
-5.899754e-01 -6.166339e+00 
-5.327711e-01 -1.318435e+01 
-1.341730e-01 3.464172e-01 
4.798938e-01 8.159068e+00 
7.642121e-01 8.818670e+00 
-5.560160e-01 -5.833659e+00 
-1.216674e-01 -1.956841e+00 
6.636184e-02 2.270673e+00 
-5.960413e-02 -2.124238e+00 
-1.633663e+00 -1.155424e+01 
2.131651e+00 2.026857e+01 
-3.506293e-01 -2.071823e+00 
-4.757441e-01 -1.201869e+01 
-8.778979e-02 4.426936e-01 
4.600990e-01 7.376216e+00 
5.313957e-01 6.136022e+00 
-5.912060e-01 -7.009528e+00 
-9.858194e-02 -2.370958e+00 
1.107600e-01 2.102372e+00 
2.276126e-02 8.273094e-01 
-1.938193e+00 -1.793848e+01 
2.437976e+00 2.277821e+01 
-2.926214e-01 -5.547759e-02 
-4.832053e-01 -1.327699e+01 
-1.789468e-01 -1.163250e+00 
3.572087e-01 6.377199e+00 
6.331918e-01 7.436877e+00 
-4.519250e-01 -4.980522e+00 
-5.930783e-02 -9.971546e-01 
9.470224e-02 3.215249e+00 
-8.422297e-02 -2.988516e+00 
-2.193854e+00 -2.376581e+01 
2.760876e+00 2.414850e+01 
-1.540222e-01 2.499953e+00 
-4.444115e-01 -1.270001e+01 
-1.233779e-01 -6.622110e-01 
4.101010e-01 6.603326e+00 
3.455364e-01 4.038483e+00 
-5.498598e-01 -7.315569e+00 
3.634880e-03 -1.122151e+00 
1.431773e-01 3.207013e+00 
1.316212e-02 6.288108e-01 
-2.210034e+00 -2.982611e+01 
3.099182e+00 2.640934e+01 
-7.510384e-02 4.674701e+00 
-4.237757e-01 -1.320253e+01 
-1.788933e-01 -1.833514e+00 
2.851083e-01 5.128974e+00 
4.007702e-01 4.864767e+00 
-4.149348e-01 -5.552377e+00 
5.267061e-02 4.407867e-01 
1.057137e-01 5.195115e+00 
-5.541159e-02 -3.802344e+00 
-2.456808e+00 -3.213753e+01 
3.463786e+00 2.811397e+01 
3.697765e-03 6.632436e+00 
-4.196466e-01 -1.379458e+01 
-1.534549e-01 -1.571909e+00 
3.818965e-01 6.256384e+00 
2.794147e-01 3.315755e+00 
-5.314183e-01 -7.666411e+00 
7.333017e-02 -2.135197e-02 
1.270107e-01 4.822118e+00 
-1.160846e-02 -1.265558e+00 
-1.721525e+00 -3.651360e+01 
3.363004e+00 2.665074e+01 
5.212259e-02 6.011912e+00 
-3.727726e-01 -1.241039e+01 
-1.087922e-01 -5.859725e-01 
4.123162e-01 6.686853e+00 
2.239973e-01 2.714578e+00 
-4.727069e-01 -6.941406e+00 
1.073576e-01 1.700449e+00 
4.183871e-02 6.455158e+00 
-1.284895e-02 -5.392976e+00 
-2.183235e+00 -3.740266e+01 
3.887320e+00 2.976105e+01 
6.624849e-02 8.579635e+00 
-3.286506e-01 -1.311573e+01 
-1.258884e-01 -1.582037e+00 
3.669016e-01 5.847745e+00 
2.536253e-01 2.959050e+00 
-5.557463e-01 -7.885884e+00 
8.560129e-02 7.634973e-01 
9.337482e-02 6.122245e+00 
-2.684594e-02 -3.946383e+00 
-1.435731e+00 -3.654361e+01 
3.779744e+00 2.899151e+01 
-1.573185e-01 4.778857e+00 
-3.622990e-01 -1.519939e+01 
-1.382019e-01 -3.908805e-01 
5.436872e-01 9.311548e+00 
4.222566e-01 4.826410e+00 
-6.655219e-01 -8.330198e+00 
1.329840e-02 -1.143832e-01 
1.375075e-01 4.840118e+00 
-8.631231e-02 -3.618661e+00 
-4.800436e-01 -3.274264e+01 
3.607875e+00 2.787652e+01 
-4.746347e-01 3.799204e+00 
-2.386407e-01 -1.500020e+01 
-1.982447e-01 -2.764643e+00 
2.620819e-01 5.765272e+00 
5.839515e-01 7.104024e+00 
-5.123547e-01 -6.065308e+00 
-1.200362e-01 -1.823826e+00 
1.586057e-01 2.501665e+00 
-6.095952e-02 -9.928956e-01 
