poroelastic
-2.814426e+01 -7.643506e+01 
-1.542526e+01 -9.200535e+01 
9.962353e-01 -6.089369e+01 
-3.201984e+00 5.407030e+01 
1.008800e+00 7.671224e+00 
1.549696e+00 1.935528e+00 
3.872865e+00 1.808290e+01 
3.643834e+00 1.229676e+01 
8.217763e-01 -7.504563e+00 
-2.779965e+00 -2.784286e+01 
-6.578698e+00 -3.880718e+01 
-3.615992e+01 -1.279820e+02 
-2.558300e+01 -2.106005e+02 
1.486508e+01 -1.775732e+02 
-1.253473e+01 1.226316e+02 
-2.418180e+00 5.767461e+01 
8.036333e-01 2.441271e+01 
3.321118e+00 1.938595e+01 
1.048760e+00 -6.252796e+00 
-5.224516e-02 -7.873959e+00 
-5.865829e+00 -3.913428e+01 
8.004960e-01 4.534736e+00 
-3.181623e+01 -1.680430e+02 
-2.970241e+01 -2.409647e+02 
1.937720e+01 -2.546147e+02 
-1.598626e+01 1.496271e+02 
-3.621709e+00 8.506459e+01 
1.976760e+00 6.528684e+01 
6.272019e+00 2.687112e+01 
-5.207206e+00 -6.898537e+01 
-8.325647e+00 -5.771376e+01 
-1.478277e+01 -7.267381e+01 
2.007179e+01 1.066391e+02 
-7.807011e+00 -8.169332e+01 
-1.546766e+01 -1.143435e+02 
1.309358e+01 -1.957835e+02 
-1.088475e+01 1.020284e+02 
-2.447273e+00 5.589275e+01 
8.353272e-01 3.371780e+01 
1.735979e+00 1.583163e+00 
-3.197390e+00 -3.197872e+01 
-2.310477e+00 -1.332453e+01 
-1.958031e+00 -7.009686e+00 
4.857545e+00 2.468668e+01 
9.754006e-02 -7.728342e+00 
-2.081550e+00 -4.368056e+00 
8.100277e+00 -1.185552e+02 
-6.784688e+00 6.325061e+01 
-1.441131e+00 1.347516e+01 
-1.624523e+00 -1.442549e+01 
-4.984727e+00 -2.411788e+01 
1.698801e+00 3.055944e+01 
4.076443e+00 2.962242e+01 
4.644070e+00 2.347991e+01 
-3.854440e+00 -1.886250e+01 
5.314074e+00 3.109913e+01 
-6.214608e+00 -1.413943e+01 
6.824640e+00 -1.363781e+02 
-5.963279e+00 5.204454e+01 
-1.508052e+00 9.298868e+00 
-1.653708e+00 -7.372781e+00 
-3.510303e+00 -9.428896e+00 
3.884123e+00 4.043635e+01 
2.682244e+00 1.666020e+01 
4.979436e-01 1.106240e+00 
-1.862915e+00 -8.817770e+00 
1.580267e+01 1.390470e+01 
-1.885448e+01 -6.329950e+01 
4.245510e+00 -1.814264e+02 
-5.291294e+00 5.672947e+01 
-6.047865e-01 2.602929e+01 
4.449641e-01 3.488614e+00 
-2.566517e+00 -2.831613e+01 
-2.719838e+00 -1.230361e+01 
-4.348906e+00 -1.818052e+01 
-4.157211e+00 -1.084469e+01 
1.331563e+01 5.966177e+01 
1.332387e+01 -8.461888e+01 
-1.199526e+01 -7.101362e+01 
1.007543e+01 -1.744709e+02 
-9.551312e+00 1.041266e+02 
-7.728521e-01 5.850124e+01 
3.877780e+00 5.189672e+01 
4.885199e+00 1.573374e-01 
-6.364093e+00 -5.771950e+01 
-9.430953e+00 -5.088314e+01 
-1.535021e+01 -6.133913e+01 
2.213726e+01 9.614016e+01 
2.629863e+00 -7.090201e+01 
-2.665166e-02 -9.256226e+00 
1.180199e+01 -1.475881e+02 
-1.006538e+01 9.495878e+01 
-1.696499e+00 5.508158e+01 
2.399184e+00 4.593299e+01 
8.809379e-01 -1.341851e+01 
-8.303220e+00 -5.455460e+01 
-9.096792e+00 -4.055506e+01 
-6.261923e+00 -1.618649e+01 
2.049846e+01 8.669111e+01 
-1.025140e+01 3.140883e+00 
6.911083e+00 6.921148e+01 
5.508065e+00 -9.525617e+01 
-5.212816e+00 5.392109e+01 
-5.837388e-01 2.522417e+01 
1.510701e+00 2.244995e+01 
-7.118775e-01 -1.600173e+01 
-8.797231e-01 -6.177715e+00 
5.664324e-01 2.825350e+00 
6.217459e+00 2.609522e+01 
-6.686455e+00 -2.837480e+01 
-1.844482e+01 5.766125e+01 
8.958437e+00 1.214244e+02 
-1.389419e+00 -5.341344e+01 
-2.717790e-01 2.764916e+01 
1.273587e+00 -6.706710e+00 
6.948013e-01 -8.357847e+00 
-2.159510e+00 -2.372075e+01 
5.070327e+00 2.972655e+01 
1.524509e+00 4.729230e+00 
-1.393860e+00 -9.389585e+00 
-4.358229e+00 -1.914385e+01 
5.985914e+00 1.100498e+01 
-2.194184e+00 5.964844e+01 
3.886021e-01 -1.170178e+02 
-2.085156e+00 3.027461e+01 
-6.701072e-02 -6.897881e+00 
-1.470878e-01 9.559233e-01 
-3.282444e+00 -2.013448e+01 
-3.084693e+00 -1.287436e+01 
-8.200339e+00 -3.693270e+01 
-9.752532e+00 -3.657344e+01 
2.458289e+01 1.097998e+02 
1.365524e+01 -9.856991e+01 
1.207647e+00 5.304789e+01 
3.121527e+00 -1.076709e+02 
-4.367558e+00 6.822874e+01 
1.400207e+00 2.574692e+01 
5.369075e+00 3.756128e+01 
4.208884e+00 -6.593099e+00 
-6.616722e+00 -4.609653e+01 
-8.546239e+00 -4.521680e+01 
-8.446030e+00 -3.757061e+01 
1.283643e+01 5.982884e+01 
-3.284721e+00 -1.405903e+02 
1.277652e+01 1.139199e+02 
-1.163151e-02 -3.266606e+01 
-1.002242e+00 3.302099e+01 
4.945615e-01 -2.345038e+01 
-1.008878e+00 -1.255269e+01 
-5.536137e+00 -2.967731e+01 
-5.187410e-01 1.516059e+00 
-2.638255e+00 -1.138503e+01 
-1.096335e+00 -2.163231e+00 
1.072757e+01 5.214393e+01 
