poroelastic
2.907207e+00 1.330069e+01 
8.394679e-01 -2.869462e+00 
8.576024e-01 3.816258e+00 
-9.554615e-01 2.291424e+01 
2.887884e-01 9.711212e+00 
1.544722e-01 -1.830659e+01 
-2.256774e+00 -3.307530e+01 
7.090394e-02 1.068118e+01 
1.948319e+00 1.757128e+01 
4.378147e+00 2.570643e+01 
-4.237774e+00 -2.470397e+01 
1.906325e+00 1.351600e+01 
2.481000e-01 5.707476e+00 
-1.822332e-01 -1.875020e+00 
-2.003281e-01 1.006557e+01 
3.240413e-01 1.136652e+01 
6.148003e-01 -2.325671e+00 
-1.295040e+00 -2.947663e+01 
-1.465585e+00 -9.728371e+00 
8.204015e-01 8.994204e+00 
3.727352e+00 2.296484e+01 
-2.410522e+00 -1.383880e+01 
2.950024e-01 2.346065e+00 
3.709413e-01 3.530788e+00 
-1.608074e-01 3.042490e+00 
-3.993837e-01 1.838025e+01 
6.154630e-01 1.507866e+01 
1.113114e+00 -1.083613e+00 
-9.933472e-01 -3.311046e+01 
-2.428894e+00 -2.023571e+01 
3.378718e-01 5.555052e+00 
2.884745e+00 1.793741e+01 
-9.641600e-01 -5.261239e+00 
-1.113609e+00 -1.270804e+01 
3.605323e-01 -1.049740e+00 
7.402000e-01 -5.374330e+00 
-8.479413e-01 1.886638e+01 
2.938209e-01 1.576838e+01 
7.822156e-01 4.868524e-01 
-1.738304e+00 -3.362168e+01 
-3.267760e+00 -2.181593e+01 
3.860302e-01 8.039735e+00 
4.704497e+00 2.815629e+01 
-9.643612e-01 -4.954175e+00 
-1.813660e+00 -3.562079e+01 
6.814541e-03 -4.457929e+00 
1.193629e+00 -1.312204e+01 
-1.204252e+00 2.221980e+01 
2.316142e-01 1.648591e+01 
7.730396e-01 1.621822e+00 
-1.714843e+00 -2.988539e+01 
-2.878666e+00 -1.740608e+01 
1.617108e+00 1.382255e+01 
6.008786e+00 2.977040e+01 
-3.947778e+00 -1.818796e+01 
-1.907566e+00 -5.816729e+01 
6.686801e-01 -2.386870e+00 
1.582682e+00 -1.355996e+01 
-1.341926e+00 2.038641e+01 
8.359132e-02 1.817032e+01 
6.659272e-01 3.202034e+00 
-2.664184e+00 -3.448083e+01 
-4.499570e+00 -2.292071e+01 
1.695211e+00 1.623547e+01 
9.846028e+00 4.529755e+01 
-5.204622e+00 -2.167335e+01 
-1.354537e+00 -6.357905e+01 
1.629516e+00 1.018114e+01 
5.797056e-01 -1.088856e+00 
-5.823859e-01 1.465970e+01 
4.177626e-01 1.244036e+01 
5.902746e-01 -2.505342e+00 
-3.494360e+00 -3.797429e+01 
-4.086266e+00 -1.635297e+01 
3.018270e+00 2.097975e+01 
9.631396e+00 3.928665e+01 
-5.962727e+00 -2.244348e+01 
1.741359e+00 -7.802034e+01 
5.720317e-01 -3.755463e+00 
1.296953e+00 -8.691211e+00 
-1.184338e+00 2.475776e+01 
6.560327e-01 2.188742e+01 
1.669409e+00 8.975025e+00 
-2.556604e+00 -3.817909e+01 
-7.959173e+00 -4.079486e+01 
1.314183e-01 8.646586e+00 
9.647537e+00 3.969979e+01 
-1.519873e+00 -5.288713e+00 
1.057336e+01 -1.101266e+02 
-1.979076e+00 -1.911155e+01 
1.577511e+00 -2.849267e+01 
-1.518072e+00 2.217498e+01 
3.737930e-01 2.129641e+01 
1.361075e+00 9.907530e+00 
-3.370906e+00 -3.543101e+01 
-7.742502e+00 -3.377110e+01 
2.636636e+00 1.826737e+01 
1.403387e+01 5.012049e+01 
-7.348590e+00 -2.391391e+01 
1.263845e+01 -1.477740e+02 
5.816068e-01 -7.283215e+00 
2.097001e+00 -1.872951e+01 
-1.768999e+00 2.390107e+01 
4.390352e-01 2.344450e+01 
2.124602e+00 1.787778e+01 
-2.052069e+00 -2.758801e+01 
-8.933640e+00 -4.044901e+01 
5.942022e-01 8.524654e+00 
1.036641e+01 3.644647e+01 
-2.579178e+00 -7.916298e+00 
1.105346e+01 -1.814198e+02 
4.938765e+00 2.003945e+01 
2.266462e+00 -1.632758e+00 
-1.785527e+00 2.133604e+01 
4.859735e-01 2.280169e+01 
2.510758e+00 2.067378e+01 
-1.695167e+00 -2.345789e+01 
-9.029980e+00 -3.974512e+01 
3.543001e+00 1.760969e+01 
1.710626e+01 5.412964e+01 
-1.289244e+01 -3.918070e+01 
-2.746749e+00 -1.759100e+02 
1.141540e+01 6.405189e+01 
1.668453e+00 3.447386e+01 
-7.855602e-01 1.199629e+01 
6.850553e-01 1.534760e+01 
2.990772e+00 2.137067e+01 
9.355699e-01 -9.737032e+00 
-5.736664e+00 -2.842815e+01 
1.496064e+00 5.841657e+00 
1.035836e+01 3.161373e+01 
-1.070524e+01 -3.282699e+01 
-6.213908e+00 -1.384970e+02 
1.147400e+01 7.681438e+01 
1.180144e-01 3.700743e+01 
4.059549e-01 -1.119197e+01 
-4.382909e-02 1.911097e+00 
1.985497e+00 1.713716e+01 
1.902429e+00 2.737599e+00 
-2.464100e+00 -1.333176e+01 
1.200691e+00 3.585855e+00 
6.284208e+00 1.866789e+01 
-8.837198e+00 -2.760727e+01 
1.471163e+00 -1.445345e+02 
1.029876e+01 7.902480e+01 
-1.360896e+00 3.484860e+01 
1.571725e+00 -2.490957e+01 
-2.128076e-01 -5.774321e+00 
1.540276e+00 1.302826e+01 
2.250683e+00 6.145587e+00 
-3.869996e+00 -1.763064e+01 
1.935228e-01 7.718299e-01 
4.269977e+00 1.378394e+01 
-4.214461e+00 -1.358763e+01 
