poroelastic
-3.937034e+00 -2.971894e+01 
9.798515e-01 -1.023222e+01 
2.695883e-01 2.347338e+01 
-1.297362e-01 3.862038e+00 
1.098789e-01 -5.011324e-01 
-1.592391e-01 -9.802537e+00 
-8.844148e-01 -8.876976e+00 
-2.380939e-01 1.020468e-01 
4.858320e-01 6.785046e+00 
3.186678e-01 3.918703e+00 
4.925891e-01 4.580075e+00 
-3.595254e+00 -2.932387e+01 
8.057479e-01 -7.370006e+00 
-4.220178e-01 2.712257e+01 
3.123022e-01 3.800727e-01 
2.888050e-01 -2.869825e+00 
-9.220490e-02 -1.069464e+01 
-9.983479e-01 -1.155114e+01 
5.020325e-02 3.211324e+00 
5.117237e-01 6.516327e+00 
4.558476e-01 4.877252e+00 
9.440037e-02 8.965671e-01 
-2.989557e+00 -2.912947e+01 
1.332352e+00 -5.987535e+00 
-2.951465e-01 2.914984e+01 
2.454072e-01 3.569246e-01 
2.414273e-01 -4.033235e+00 
-2.410495e-01 -1.199632e+01 
-1.198973e+00 -1.132062e+01 
-2.461111e-02 3.140286e+00 
5.407925e-01 7.167281e+00 
3.691736e-01 4.346809e+00 
5.680349e-01 5.151601e+00 
-2.703808e+00 -2.918514e+01 
1.482882e+00 -4.766157e+00 
-6.468876e-01 3.497162e+01 
3.071988e-01 4.823266e+00 
5.315900e-01 -1.234655e+00 
2.236562e-01 -1.053770e+01 
-7.169876e-01 -1.290028e+01 
-8.401808e-02 4.193596e-01 
5.168811e-01 5.645621e+00 
4.828500e-01 4.180727e+00 
-3.794246e-01 -3.197316e+00 
-2.805406e+00 -3.324059e+01 
1.940738e+00 -9.007503e+00 
6.829691e-02 3.504671e+01 
-1.425343e-01 8.020911e+00 
3.543178e-01 -4.392950e-01 
5.055052e-02 -1.007963e+01 
-9.088750e-01 -1.167055e+01 
-1.122042e-01 1.231021e+00 
9.297049e-01 9.074192e+00 
9.415669e-01 6.826196e+00 
-8.777984e-01 -6.293232e+00 
-2.917108e+00 -3.539732e+01 
2.318251e+00 -9.834013e+00 
2.677018e-01 3.814947e+01 
-3.516892e-01 1.308567e+01 
4.576569e-01 3.879807e+00 
3.928562e-01 -7.484376e+00 
-4.642340e-01 -1.188047e+01 
-1.891760e-01 -1.435392e+00 
9.656214e-01 7.448015e+00 
1.431635e+00 8.059339e+00 
-2.135184e+00 -1.322644e+01 
-3.482936e+00 -3.754803e+01 
3.067163e+00 -8.850550e+00 
5.802671e-01 4.159218e+01 
-5.184556e-01 1.405249e+01 
3.879459e-01 2.036428e+00 
1.202315e-01 -1.029045e+01 
-1.218433e+00 -1.505759e+01 
-3.455180e-01 4.750771e-01 
2.074945e+00 1.508768e+01 
2.999347e+00 1.527112e+01 
-3.650033e+00 -1.942656e+01 
-3.391934e+00 -3.710552e+01 
3.057747e+00 -7.961728e+00 
2.023037e-01 4.535166e+01 
-3.388869e-01 1.633306e+01 
6.738847e-01 3.485043e+00 
4.256977e-01 -1.089719e+01 
-1.066577e+00 -1.756010e+01 
-5.288428e-01 -2.176075e+00 
1.883278e+00 1.215424e+01 
3.073583e+00 1.382251e+01 
-3.890152e+00 -1.851664e+01 
-3.151435e+00 -4.129545e+01 
3.098646e+00 -8.544531e+00 
1.633841e-01 4.771549e+01 
-2.454432e-01 1.589661e+01 
7.136146e-01 5.167266e-01 
1.146316e-01 -1.516885e+01 
-2.346747e+00 -2.434988e+01 
-1.246148e+00 -2.342991e+00 
2.826469e+00 1.839283e+01 
4.499069e+00 1.969310e+01 
-4.003839e+00 -1.713005e+01 
-1.472548e+00 -4.125684e+01 
2.345413e+00 -1.149890e+01 
-1.758569e-01 4.719730e+01 
-3.847755e-02 1.745784e+01 
9.863469e-01 2.393413e-01 
1.930870e-01 -1.774751e+01 
-3.061219e+00 -3.007691e+01 
-2.220820e+00 -6.532788e+00 
2.740928e+00 1.782155e+01 
5.864280e+00 2.443784e+01 
-3.824584e+00 -1.486594e+01 
1.811609e+00 -5.196211e+01 
1.667105e+00 -1.878643e+01 
1.221100e-01 4.173377e+01 
-1.760698e-01 1.582649e+01 
7.338851e-01 -1.637485e+00 
-4.002520e-01 -1.949995e+01 
-3.913934e+00 -2.860479e+01 
-1.592493e+00 2.346639e-01 
3.119225e+00 1.900727e+01 
3.944399e+00 1.633181e+01 
-1.457984e+00 -5.372282e+00 
4.943241e+00 -6.521942e+01 
1.479344e+00 -2.080514e+01 
1.180604e-01 4.335544e+01 
-1.802102e-01 2.241206e+01 
1.156817e+00 1.325881e+00 
1.383750e-01 -1.765283e+01 
-4.756804e+00 -3.832476e+01 
-4.325980e+00 -1.393059e+01 
4.733560e+00 2.639763e+01 
1.235696e+01 4.557195e+01 
-8.781282e+00 -3.075773e+01 
4.081156e+00 -7.403567e+01 
2.832575e+00 -1.755001e+01 
3.411208e-01 5.073928e+01 
-2.536893e-01 2.367335e+01 
1.229643e+00 5.601315e-01 
-7.213034e-02 -1.913021e+01 
-4.796989e+00 -3.460981e+01 
-2.353095e+00 -4.374753e+00 
2.683070e+00 1.547011e+01 
4.737450e+00 1.830526e+01 
-9.368498e-01 -3.181084e+00 
1.180707e+01 -6.978509e+01 
3.830756e-01 -1.530916e+01 
-5.610990e-01 3.393217e+01 
6.265475e-01 5.509116e+00 
7.361126e-01 -3.820949e+00 
-4.474321e-02 -9.531105e+00 
-1.687382e+00 -1.230506e+01 
3.115570e+00 1.590396e+01 
1.542255e+00 4.695420e+00 
-5.816491e+00 -2.092583e+01 
2.455324e+00 8.041010e+00 
