poroelastic
-3.024210e+00 -2.137277e+01 
2.595470e-01 -3.326364e+00 
8.630397e-01 1.867037e+01 
-1.904768e-02 2.861627e+00 
-3.717571e-03 -3.829592e+00 
2.686337e-03 -6.671066e+00 
4.369488e-02 -4.819159e+00 
-6.691842e-02 7.562851e+00 
-5.002069e-02 1.404202e+00 
1.003701e-01 -3.218467e+00 
-2.937072e-02 7.520276e-01 
-2.117359e+00 -1.614331e+01 
-3.279875e-01 -8.935189e+00 
9.329622e-01 1.762842e+01 
-1.280878e-02 5.067011e+00 
1.432736e-03 -3.879080e+00 
3.013806e-03 -6.104436e+00 
3.800394e-02 -4.970082e+00 
-5.523771e-02 6.925825e+00 
-6.977731e-02 2.067688e+00 
1.054538e-01 -3.349174e+00 
-2.008775e-02 4.869656e-01 
-1.233261e+00 -1.107119e+01 
-5.571812e-01 -1.116401e+01 
8.847620e-01 1.679587e+01 
-2.527165e-02 5.757668e+00 
1.544735e-02 -3.312383e+00 
1.520124e-02 -7.049094e+00 
3.631316e-02 -4.647189e+00 
-5.297729e-02 7.110673e+00 
-4.500424e-02 1.416195e+00 
1.135877e-01 -3.660266e+00 
-5.484382e-02 1.491788e+00 
-3.161070e-01 -4.785697e+00 
-9.920401e-01 -1.348009e+01 
7.526641e-01 1.456016e+01 
-2.567385e-02 5.837721e+00 
1.385982e-02 -3.364339e+00 
1.707692e-02 -6.640117e+00 
3.670767e-02 -4.854271e+00 
-6.480838e-02 7.364147e+00 
-6.535616e-02 1.936810e+00 
1.098502e-01 -3.804819e+00 
-1.945060e-02 5.257901e-01 
4.036603e-01 9.171074e-01 
-1.405580e+00 -1.743864e+01 
7.898794e-01 1.235454e+01 
-3.662548e-02 6.900699e+00 
1.968564e-02 -2.342775e+00 
2.073742e-02 -6.321979e+00 
2.534118e-02 -3.952569e+00 
-5.610578e-02 7.490304e+00 
-2.062374e-02 4.068958e-01 
1.469603e-01 -5.571617e+00 
-9.968159e-02 3.475859e+00 
1.200661e+00 8.161531e+00 
-1.815105e+00 -1.868444e+01 
5.651214e-01 1.046282e+01 
-3.695668e-02 6.683530e+00 
2.027963e-02 -2.770078e+00 
2.550605e-02 -6.986621e+00 
2.518678e-02 -3.347994e+00 
-6.893706e-02 7.310278e+00 
-3.580737e-02 9.371392e-01 
1.002109e-01 -4.368506e+00 
-2.455431e-02 8.942051e-01 
1.554131e+00 1.288079e+01 
-2.241191e+00 -2.321104e+01 
7.019061e-01 7.428085e+00 
-5.110265e-02 8.397322e+00 
1.365505e-02 -9.603063e-01 
2.371671e-02 -5.235032e+00 
1.868300e-02 -3.571525e+00 
-4.531777e-02 6.394477e+00 
-1.421589e-02 2.163475e-01 
1.311499e-01 -5.606604e+00 
-9.384097e-02 3.727725e+00 
1.977470e+00 1.994407e+01 
-2.555139e+00 -2.347638e+01 
4.665354e-01 6.401406e+00 
-5.613051e-02 8.137901e+00 
2.342290e-02 -2.012067e+00 
3.409576e-02 -7.204118e+00 
2.028917e-02 -2.001018e+00 
-9.227609e-02 7.650182e+00 
-2.846745e-02 1.191008e-01 
1.324543e-01 -5.106325e+00 
-3.747489e-02 1.202527e+00 
2.042299e+00 2.332854e+01 
-2.947613e+00 -2.758621e+01 
6.322668e-01 3.708136e+00 
-7.086656e-02 9.182085e+00 
1.209887e-02 -6.640485e-01 
2.672259e-02 -5.091068e+00 
1.952062e-02 -1.879504e+00 
-8.946429e-02 7.137392e+00 
-7.321150e-03 -6.936800e-01 
2.505325e-01 -7.400922e+00 
-1.812568e-01 4.943699e+00 
2.197413e+00 2.815840e+01 
-3.242578e+00 -2.794529e+01 
4.623591e-01 3.086844e+00 
-9.089259e-02 1.002101e+01 
2.602858e-02 -1.377723e+00 
4.522457e-02 -7.529670e+00 
2.244020e-02 -1.707114e+00 
-1.298496e-01 8.644252e+00 
-2.956703e-02 -4.066267e-01 
2.281183e-01 -6.475017e+00 
-9.961331e-02 2.389693e+00 
1.744172e+00 2.950629e+01 
-3.240129e+00 -2.886895e+01 
5.495517e-01 2.540426e+00 
-1.058456e-01 9.772043e+00 
2.476144e-02 -1.398803e+00 
3.973780e-02 -7.057081e+00 
1.981687e-02 3.058361e-01 
-1.479834e-01 8.152775e+00 
1.889505e-02 -1.801610e+00 
3.748636e-01 -8.343494e+00 
-2.811836e-01 5.780530e+00 
2.149300e+00 3.195427e+01 
-3.706951e+00 -3.088760e+01 
5.039243e-01 1.083543e+00 
-1.317589e-01 1.091195e+01 
2.365259e-02 -7.617783e-01 
5.138162e-02 -6.943506e+00 
2.171358e-02 -1.722266e+00 
-1.340909e-01 8.546695e+00 
-1.705544e-02 -8.017869e-01 
2.879507e-01 -7.275715e+00 
-1.699549e-01 3.771836e+00 
9.204002e-01 2.964532e+01 
-3.373819e+00 -3.053315e+01 
8.074935e-01 5.704066e+00 
-2.376787e-01 1.338614e+01 
5.828042e-02 -1.479452e+00 
9.596247e-02 -9.979795e+00 
2.142141e-02 -2.952079e+00 
-7.863032e-02 8.850381e+00 
-1.167915e-02 -5.269590e-02 
1.446627e-01 -5.445774e+00 
-9.413551e-02 3.244234e+00 
1.187404e+00 2.952490e+01 
-3.633819e+00 -3.003729e+01 
8.192339e-01 2.575395e+00 
-2.617071e-01 1.166213e+01 
1.172631e-02 5.871697e-01 
8.761224e-02 -5.179961e+00 
2.912006e-02 -5.280055e+00 
-3.269579e-02 5.890230e+00 
9.312812e-04 1.095831e+00 
-5.563478e-03 -2.645726e+00 
7.320088e-03 1.016825e+00 
