poroelastic
-3.518683e+00 -2.352293e+01 
-1.228437e-01 -1.601331e+01 
1.470369e+00 1.560128e+01 
-5.810877e-01 3.048841e+01 
1.749855e-01 6.411890e+00 
1.859396e-01 -2.022339e+01 
-1.991714e-01 -2.580867e+01 
3.628354e-01 3.885403e+00 
-1.878274e-01 1.470889e+01 
-4.803197e-01 1.014555e+01 
4.678342e-01 -9.723687e+00 
-3.060639e+00 -2.185331e+01 
-6.249761e-01 -2.173634e+01 
1.703057e+00 1.373509e+01 
-7.106939e-01 3.442945e+01 
1.753763e-01 8.880261e+00 
2.100962e-01 -2.056232e+01 
-2.430358e-01 -2.984715e+01 
4.772851e-01 2.166867e+00 
-2.875970e-01 1.887846e+01 
-9.142980e-01 1.642221e+01 
9.152411e-01 -1.644982e+01 
-1.773960e+00 -1.473903e+01 
-6.209903e-01 -2.164403e+01 
1.580280e+00 1.403970e+01 
-7.843451e-01 3.300043e+01 
1.813855e-01 7.954639e+00 
2.621776e-01 -2.030378e+01 
-2.167185e-01 -2.814526e+01 
4.600708e-01 1.847351e+00 
-2.086991e-01 1.579056e+01 
-6.741898e-01 1.304961e+01 
5.949290e-01 -1.075271e+01 
-8.031807e-01 -8.830357e+00 
-1.264070e+00 -2.483478e+01 
1.480223e+00 1.051255e+01 
-7.865074e-01 3.293034e+01 
1.729444e-01 8.029579e+00 
2.507054e-01 -2.101821e+01 
-2.214183e-01 -2.907145e+01 
4.957412e-01 3.293404e+00 
-2.958030e-01 1.826249e+01 
-8.407369e-01 1.493255e+01 
8.265676e-01 -1.453537e+01 
9.242521e-02 -2.678702e+00 
-1.583565e+00 -2.730952e+01 
1.474780e+00 8.815456e+00 
-8.729817e-01 3.261146e+01 
1.630930e-01 8.487260e+00 
2.823361e-01 -1.979029e+01 
-2.398615e-01 -2.737638e+01 
4.332523e-01 2.392772e+00 
-1.482127e-01 1.459696e+01 
-4.234499e-01 9.909603e+00 
3.382204e-01 -7.080985e+00 
1.055198e+00 6.014971e+00 
-2.101210e+00 -2.951841e+01 
1.368759e+00 6.023898e+00 
-8.600457e-01 3.257727e+01 
1.549728e-01 8.636802e+00 
2.751657e-01 -2.075229e+01 
-2.421220e-01 -2.737456e+01 
3.934951e-01 4.149844e+00 
-1.983090e-01 1.709619e+01 
-5.528262e-01 1.283163e+01 
5.654012e-01 -1.331031e+01 
1.447532e+00 1.102873e+01 
-2.398155e+00 -3.296137e+01 
1.569697e+00 3.546497e+00 
-1.008299e+00 3.451595e+01 
1.081714e-01 1.094056e+01 
3.205516e-01 -1.816426e+01 
-2.546516e-01 -2.668711e+01 
3.098623e-01 1.050290e+00 
-7.694723e-02 1.479519e+01 
-3.089884e-01 9.695028e+00 
2.854006e-01 -8.493750e+00 
1.930674e+00 2.051916e+01 
-2.847900e+00 -3.439925e+01 
1.450244e+00 1.101248e+00 
-1.013695e+00 3.449615e+01 
1.108341e-01 1.091636e+01 
3.275064e-01 -1.975723e+01 
-2.583918e-01 -2.638273e+01 
2.926098e-01 3.650924e+00 
-1.159767e-01 1.669746e+01 
-4.130660e-01 1.269054e+01 
4.523419e-01 -1.497000e+01 
2.718705e+00 2.536069e+01 
-3.647960e+00 -4.006460e+01 
1.568751e+00 -3.425361e+00 
-1.144495e+00 3.601350e+01 
5.430134e-02 1.301603e+01 
3.556953e-01 -1.727796e+01 
-2.494384e-01 -2.645780e+01 
2.356865e-01 1.185239e-01 
-1.832490e-02 1.462308e+01 
-2.178501e-01 9.476894e+00 
2.069599e-01 -8.615815e+00 
3.066728e+00 3.017041e+01 
-4.054160e+00 -4.082403e+01 
1.454536e+00 -5.827359e+00 
-1.181665e+00 3.640289e+01 
6.648505e-02 1.249454e+01 
3.731404e-01 -2.061410e+01 
-3.313234e-01 -2.765509e+01 
2.530063e-01 3.346424e+00 
4.179817e-02 1.682013e+01 
-1.760519e-01 1.180917e+01 
1.776591e-01 -1.209821e+01 
2.825825e+00 3.571115e+01 
-4.190569e+00 -4.116597e+01 
1.314190e+00 -5.664414e+00 
-1.190258e+00 3.536280e+01 
8.151354e-02 1.154393e+01 
3.895765e-01 -2.089760e+01 
-3.211531e-01 -2.717749e+01 
1.937801e-01 2.184660e+00 
1.006657e-01 1.451260e+01 
-4.003143e-02 8.724545e+00 
3.932288e-02 -5.517035e+00 
4.852761e+00 3.692508e+01 
-5.443052e+00 -4.928032e+01 
1.572124e+00 -1.189886e+01 
-1.406640e+00 3.890861e+01 
1.535590e-03 1.470962e+01 
4.222385e-01 -2.168774e+01 
-4.250790e-01 -2.931065e+01 
1.212042e-01 3.133961e+00 
2.610450e-01 1.721673e+01 
1.157448e-01 9.848990e+00 
-9.614997e-02 -8.380442e+00 
2.359375e+00 3.519778e+01 
-4.389161e+00 -4.357743e+01 
1.665754e+00 -3.372179e+00 
-1.618002e+00 4.130547e+01 
1.395454e-01 1.166009e+01 
5.610821e-01 -2.761056e+01 
-5.328397e-01 -2.979855e+01 
1.033751e-01 8.317251e+00 
4.353659e-01 1.669616e+01 
1.695759e-01 4.356524e+00 
-1.886310e-01 -4.964237e+00 
1.984106e+00 4.417368e+01 
-4.838774e+00 -3.942830e+01 
1.524226e+00 -1.321931e+01 
-1.472702e+00 3.172073e+01 
-9.992322e-02 1.200740e+01 
4.565119e-01 -1.964085e+01 
-3.914211e-01 -1.995430e+01 
2.015056e-01 1.266243e+01 
6.419300e-01 1.276618e+01 
-5.709268e-01 -9.487563e+00 
1.275351e-01 1.629291e+00 
