poroelastic
-7.655219e+00 -3.755056e+01 
-1.113624e+00 -1.082502e+01 
-7.444522e-01 1.127735e+01 
8.457405e-01 -1.443326e+01 
-1.512983e-01 -9.554390e+00 
-1.776967e-01 7.241416e+00 
1.630251e+00 2.292510e+01 
-1.382034e-01 -2.159314e+00 
-6.851000e-01 -8.225098e+00 
-1.388057e+00 -1.630539e+01 
8.129180e-01 9.498936e+00 
-5.204788e+00 -3.028238e+01 
-1.252745e+00 -1.854524e+01 
2.074257e-01 6.622415e+00 
5.245310e-02 -3.681970e+00 
-1.890992e-01 -5.065603e+00 
-2.387649e-01 3.119604e+00 
1.353639e+00 1.967595e+01 
5.879744e-01 6.462248e+00 
-5.364482e-01 -6.218639e+00 
-1.356354e+00 -1.575988e+01 
2.375701e-01 2.760350e+00 
-2.241949e+00 -1.599567e+01 
-1.073400e+00 -1.171642e+01 
-6.040636e-01 1.074068e+01 
5.698524e-01 -6.855640e+00 
3.816474e-02 -7.244171e+00 
-9.105064e-02 2.651462e+00 
1.495328e+00 1.884725e+01 
4.122185e-01 3.992850e+00 
-1.014456e+00 -1.153509e+01 
-2.067205e+00 -2.264953e+01 
1.285976e+00 1.398283e+01 
-1.171115e-01 -1.126754e+00 
-6.650278e-02 -7.414119e+00 
-6.319122e-01 1.819009e+01 
6.473867e-01 -7.272459e+00 
6.763751e-02 -8.882940e+00 
-2.930011e-01 -1.738219e+00 
1.110217e+00 1.658057e+01 
1.006491e+00 1.021444e+01 
-6.147375e-01 -6.989885e+00 
-1.924642e+00 -1.971509e+01 
7.407319e-01 7.407684e+00 
1.412956e+00 1.787849e+01 
-4.103192e-01 -8.288630e+00 
-9.101327e-01 1.863147e+01 
8.656831e-01 -9.688057e+00 
7.960436e-02 -1.129812e+01 
-5.320244e-01 -5.192428e+00 
7.250862e-01 1.449188e+01 
1.162351e+00 1.125843e+01 
-9.732326e-01 -9.788339e+00 
-3.071181e+00 -2.625811e+01 
2.723468e+00 2.306026e+01 
3.288769e+00 2.729786e+01 
-3.272065e+00 -1.978411e+01 
-1.607093e+00 9.901372e+00 
1.193805e+00 -1.116437e+01 
2.424444e-01 -1.295177e+01 
-5.532438e-01 -8.654913e+00 
7.815444e-01 1.468376e+01 
1.875195e+00 1.655393e+01 
-1.057659e+00 -1.035976e+01 
-4.305625e+00 -3.236824e+01 
3.282914e+00 2.402699e+01 
5.439331e+00 3.082514e+01 
-5.550981e+00 -3.606308e+01 
-1.157811e+00 -1.382136e+00 
7.148255e-01 -5.058236e+00 
2.131560e-01 -1.043170e+01 
-5.411657e-01 -9.141495e+00 
6.994963e-01 1.293446e+01 
1.558135e+00 1.231460e+01 
-1.918159e+00 -1.525687e+01 
-6.217571e+00 -3.899387e+01 
6.436837e+00 4.056421e+01 
8.854225e+00 2.870965e+01 
-8.155496e+00 -5.734936e+01 
1.903811e-02 -1.815418e+01 
-2.022503e-01 1.865540e+00 
-1.070628e-01 -5.077563e+00 
-6.063676e-01 -6.212258e+00 
1.020360e+00 1.605779e+01 
2.101919e+00 1.502728e+01 
-2.167489e+00 -1.640633e+01 
-7.738236e+00 -4.401497e+01 
7.455068e+00 4.217271e+01 
1.169259e+01 1.966866e+01 
-8.993414e+00 -7.129827e+01 
1.551133e+00 -3.094883e+01 
-1.397995e+00 1.279401e+01 
-4.031626e-01 4.187221e-01 
-7.124499e-01 -4.780806e+00 
7.757569e-01 1.463488e+01 
2.058019e+00 1.417877e+01 
-1.774939e+00 -1.231708e+01 
-6.985871e+00 -3.588799e+01 
6.770690e+00 3.461364e+01 
9.940072e+00 1.140675e+01 
-6.769756e+00 -6.607121e+01 
2.569456e+00 -2.500827e+01 
-2.143636e+00 2.316589e+01 
-3.466806e-01 6.211838e+00 
-4.017602e-01 -2.741082e+00 
1.407292e+00 1.537368e+01 
3.413334e+00 1.984185e+01 
-3.999581e-01 -5.952094e+00 
-5.751855e+00 -2.980702e+01 
1.814359e+00 8.471721e+00 
2.117485e+00 2.097248e+01 
-2.762760e+00 -5.216577e+01 
3.392213e+00 -9.227751e+00 
-2.736981e+00 3.392223e+01 
-1.307954e-01 9.762664e+00 
-1.651822e-01 -3.735953e+00 
1.345931e+00 1.133048e+01 
3.882826e+00 2.132179e+01 
-1.952186e-01 -5.175865e+00 
-5.650553e+00 -2.887063e+01 
7.478808e-01 3.376889e+00 
9.407216e-01 3.716283e+01 
-3.337104e+00 -5.695761e+01 
3.505796e+00 -8.283119e+00 
-2.953475e+00 4.290636e+01 
3.745329e-01 1.519915e+01 
4.093078e-01 -5.047230e+00 
9.962808e-02 -4.594733e+00 
2.302546e+00 1.181545e+01 
1.621832e+00 5.845840e+00 
-3.723968e-01 -4.519077e+00 
-4.422167e+00 -1.939576e+01 
-3.641727e+00 4.299213e+01 
-2.038655e+00 -5.041546e+01 
3.501420e+00 8.466197e-01 
-2.984617e+00 4.750351e+01 
6.755487e-01 1.139985e+01 
-1.318130e-01 -1.533719e+01 
-1.972327e+00 -1.592299e+01 
2.922396e+00 1.845068e+01 
1.277335e+00 5.433416e+00 
-1.500291e+00 -8.020845e+00 
-1.099170e+00 -4.806933e+00 
-2.067113e-01 5.342235e+01 
-4.418907e+00 -4.965589e+01 
2.570027e+00 -8.872583e+00 
-2.307638e+00 3.653671e+01 
5.220537e-01 5.134784e+00 
-5.513586e-01 -1.597978e+01 
-2.585612e+00 -1.598651e+01 
4.531606e+00 2.805377e+01 
1.108087e+00 4.409307e+00 
-3.945770e+00 -1.873674e+01 
1.087663e+00 4.747850e+00 
