poroelastic
3.061661e+00 2.331467e+01 
-1.944479e-01 3.372389e+00 
-1.242350e+00 -2.077899e+01 
-2.869506e-01 -4.127158e+00 
1.790199e-01 5.381953e+00 
4.861445e-01 7.724494e+00 
4.481337e-01 5.686061e+00 
-7.206235e-01 -9.968085e+00 
-1.189615e-03 -1.064305e+00 
1.092410e-01 4.356846e+00 
-1.700414e-02 -1.522062e+00 
2.170549e+00 1.792836e+01 
5.232477e-01 1.046773e+01 
-1.317139e+00 -1.931297e+01 
-4.219860e-01 -8.306660e+00 
1.251840e-01 4.573746e+00 
4.477705e-01 7.444409e+00 
5.121644e-01 6.650980e+00 
-6.486487e-01 -8.984506e+00 
-3.741630e-02 -2.240257e+00 
1.083771e-01 3.502125e+00 
1.221731e-03 1.780372e-01 
1.289106e+00 1.260816e+01 
7.432586e-01 1.283659e+01 
-1.268007e+00 -1.843239e+01 
-4.103970e-01 -8.951842e+00 
1.021890e-01 4.263516e+00 
5.218516e-01 8.566636e+00 
4.921954e-01 6.332814e+00 
-6.838653e-01 -9.124639e+00 
-4.334454e-02 -1.636994e+00 
8.235174e-02 4.079319e+00 
-1.953883e-02 -2.055595e+00 
3.358251e-01 6.013383e+00 
1.213589e+00 1.526370e+01 
-1.089325e+00 -1.593727e+01 
-3.971250e-01 -8.279632e+00 
1.048191e-01 4.209061e+00 
4.584808e-01 7.739002e+00 
4.440312e-01 5.864407e+00 
-6.533657e-01 -9.527830e+00 
-6.475495e-03 -1.739595e+00 
1.204497e-01 4.645749e+00 
-4.930479e-03 -6.652677e-01 
-3.803838e-01 -1.178082e-01 
1.616895e+00 1.905272e+01 
-1.049534e+00 -1.397511e+01 
-3.864444e-01 -9.340149e+00 
7.418223e-02 3.476865e+00 
4.826411e-01 7.967486e+00 
4.307113e-01 5.532149e+00 
-6.837492e-01 -9.503853e+00 
6.971841e-03 -5.387027e-01 
1.256718e-01 6.473754e+00 
-6.334780e-02 -4.560814e+00 
-1.221165e+00 -7.537520e+00 
2.013325e+00 2.015527e+01 
-8.122024e-01 -1.194437e+01 
-3.862658e-01 -8.370589e+00 
8.878321e-02 3.946409e+00 
4.835861e-01 8.194657e+00 
3.102718e-01 4.101624e+00 
-6.161089e-01 -9.494971e+00 
4.565860e-02 -4.769104e-01 
1.532776e-01 5.862251e+00 
-2.543320e-02 -1.878840e+00 
-1.499315e+00 -1.261427e+01 
2.415651e+00 2.428912e+01 
-8.298664e-01 -9.237719e+00 
-3.710233e-01 -9.963446e+00 
3.546547e-02 2.350812e+00 
4.048434e-01 6.829338e+00 
3.558175e-01 4.613376e+00 
-6.038592e-01 -8.726132e+00 
2.717039e-02 -2.340385e-01 
1.393271e-01 6.782150e+00 
-6.601506e-02 -4.555943e+00 
-1.890393e+00 -1.909382e+01 
2.717046e+00 2.491537e+01 
-6.596133e-01 -8.000983e+00 
-3.821378e-01 -9.593648e+00 
5.391202e-02 3.039981e+00 
4.746586e-01 8.033394e+00 
1.613221e-01 2.134752e+00 
-5.719173e-01 -9.763122e+00 
1.125448e-01 6.541104e-01 
1.425910e-01 6.985271e+00 
-1.899245e-02 -2.517099e+00 
-1.916300e+00 -2.254736e+01 
3.100365e+00 2.848483e+01 
-6.938848e-01 -5.634201e+00 
-3.368431e-01 -1.025598e+01 
3.978532e-02 2.011400e+00 
3.822457e-01 6.277716e+00 
1.627155e-01 2.132866e+00 
-5.704359e-01 -9.696343e+00 
1.090349e-01 8.852332e-01 
8.912103e-02 8.863471e+00 
-7.959726e-03 -5.369382e+00 
-1.942048e+00 -2.590915e+01 
3.274930e+00 2.835427e+01 
-6.129325e-01 -5.638420e+00 
-3.790312e-01 -1.093128e+01 
3.832148e-02 2.715315e+00 
4.934868e-01 8.397997e+00 
1.145912e-01 1.511088e+00 
-5.923730e-01 -1.089441e+01 
1.517880e-01 1.336840e+00 
7.812757e-02 8.701381e+00 
1.400888e-02 -4.074318e+00 
-1.455216e+00 -2.795465e+01 
3.249235e+00 2.842693e+01 
-6.026455e-01 -5.192218e+00 
-3.061520e-01 -9.778090e+00 
7.966022e-02 3.121044e+00 
5.083763e-01 8.185113e+00 
-2.763093e-02 -4.644327e-01 
-5.626196e-01 -1.093411e+01 
1.652172e-01 2.400641e+00 
-1.572351e-02 1.036480e+01 
6.786761e-02 -6.893628e+00 
-2.115450e+00 -2.872273e+01 
3.717899e+00 3.055741e+01 
-5.503031e-01 -4.060931e+00 
-3.156633e-01 -1.050531e+01 
4.439033e-02 2.661390e+00 
4.634046e-01 7.912578e+00 
9.663959e-02 1.192735e+00 
-6.045372e-01 -1.114551e+01 
1.558615e-01 1.891164e+00 
4.303364e-02 9.839579e+00 
2.900333e-02 -6.001963e+00 
-1.038358e+00 -2.530726e+01 
3.406642e+00 2.974581e+01 
-9.069716e-01 -8.968704e+00 
-3.280445e-01 -1.249057e+01 
3.186721e-02 3.718104e+00 
6.107664e-01 1.089290e+01 
1.964255e-01 2.311350e+00 
-7.303900e-01 -1.153512e+01 
8.284355e-02 8.262994e-01 
1.440035e-01 7.502159e+00 
-5.964379e-02 -4.721807e+00 
-1.138591e+00 -2.243210e+01 
3.485724e+00 2.923368e+01 
-1.022886e+00 -8.245794e+00 
-2.349940e-01 -1.194010e+01 
-6.708510e-02 9.781244e-01 
2.785631e-01 6.537102e+00 
4.700509e-01 6.465584e+00 
-5.347692e-01 -7.559526e+00 
-5.407678e-02 -1.081227e+00 
1.547239e-01 2.955659e+00 
-6.244774e-02 -1.231961e+00 
