poroelastic
3.123221e+00 2.465443e+01 
-1.850194e-01 1.226830e+01 
-1.213980e+00 -2.064097e+01 
-8.092501e-01 -2.479544e+01 
-4.989179e-01 2.200313e+00 
1.338133e+00 1.783313e+01 
3.364753e+00 2.462923e+01 
-2.817563e+00 -1.907060e+01 
-6.641778e-01 -7.096602e+00 
3.264272e-02 -2.673810e-01 
6.017431e-02 1.589451e+00 
3.280014e+00 2.696827e+01 
6.591416e-01 2.433487e+01 
-1.647562e+00 -2.311641e+01 
-1.234396e+00 -3.944826e+01 
-1.009356e+00 -5.148017e-01 
1.550025e+00 2.346750e+01 
4.400954e+00 3.340738e+01 
-2.877943e+00 -1.859788e+01 
-1.058034e+00 -1.216874e+01 
-4.110614e-02 -5.620073e+00 
2.659430e-01 9.103974e+00 
2.446589e+00 2.365209e+01 
8.428289e-01 2.722496e+01 
-1.671600e+00 -2.230402e+01 
-1.076003e+00 -3.936979e+01 
-9.905599e-01 -1.050119e+00 
1.664979e+00 2.432578e+01 
4.351293e+00 3.284344e+01 
-2.888360e+00 -1.804223e+01 
-1.010444e+00 -1.054877e+01 
-1.190630e-01 -3.600824e+00 
8.610601e-02 3.077267e+00 
1.347205e+00 1.635997e+01 
1.186549e+00 2.727620e+01 
-1.533678e+00 -2.167425e+01 
-1.184696e+00 -3.676482e+01 
-9.061948e-01 2.497119e-01 
1.561496e+00 2.311113e+01 
3.881637e+00 2.980194e+01 
-2.906960e+00 -2.019621e+01 
-7.379224e-01 -9.781329e+00 
1.452785e-01 -1.231981e+00 
1.409215e-01 6.073292e+00 
6.022264e-01 1.187374e+01 
1.501915e+00 3.129065e+01 
-1.624665e+00 -1.973580e+01 
-9.820438e-01 -3.674854e+01 
-7.901768e-01 2.714356e-01 
1.773361e+00 2.384646e+01 
3.782125e+00 2.818975e+01 
-3.190619e+00 -2.179436e+01 
-7.141326e-01 -8.431713e+00 
1.449771e-01 2.692037e+00 
-1.700942e-02 -6.082517e-01 
-2.529438e-01 5.372217e+00 
1.898579e+00 3.174133e+01 
-1.457670e+00 -1.868913e+01 
-1.101465e+00 -3.494669e+01 
-7.715210e-01 8.516548e-01 
1.617532e+00 2.255958e+01 
3.047019e+00 2.326155e+01 
-2.936235e+00 -2.253714e+01 
-3.308588e-01 -6.122623e+00 
3.855412e-01 4.875958e+00 
7.259989e-02 2.637292e+00 
-5.918114e-01 1.941404e+00 
2.107528e+00 3.453296e+01 
-1.570857e+00 -1.664968e+01 
-9.232946e-01 -3.509801e+01 
-6.762397e-01 4.695632e-01 
1.688651e+00 2.213420e+01 
3.135132e+00 2.325866e+01 
-3.162904e+00 -2.336075e+01 
-4.386436e-01 -6.563855e+00 
3.943107e-01 6.895444e+00 
-3.557305e-02 -1.189080e+00 
-1.101859e+00 -4.083524e+00 
2.380009e+00 3.397954e+01 
-1.398482e+00 -1.660386e+01 
-1.063974e+00 -3.390914e+01 
-7.023037e-01 1.268811e+00 
1.650147e+00 2.238785e+01 
2.425385e+00 1.844444e+01 
-2.934962e+00 -2.426833e+01 
4.235206e-02 -2.673370e+00 
5.812126e-01 1.016992e+01 
-2.255780e-02 -8.626731e-01 
-1.668030e+00 -6.362760e+00 
2.807157e+00 3.704460e+01 
-1.430561e+00 -1.371733e+01 
-8.550011e-01 -3.194580e+01 
-4.746363e-01 2.209541e+00 
1.806416e+00 2.198350e+01 
2.514569e+00 1.832619e+01 
-3.312165e+00 -2.609130e+01 
-1.128394e-01 -3.628378e+00 
5.463208e-01 1.254168e+01 
-1.403206e-01 -5.663104e+00 
-1.665964e+00 -7.931033e+00 
2.798856e+00 3.534008e+01 
-1.395053e+00 -1.514164e+01 
-9.906671e-01 -3.259280e+01 
-5.665164e-01 2.649935e+00 
1.886203e+00 2.383691e+01 
2.332729e+00 1.709733e+01 
-3.284445e+00 -2.681648e+01 
9.612705e-02 -1.729167e+00 
6.480208e-01 1.376412e+01 
-1.438794e-01 -5.443103e+00 
-1.999828e+00 -8.432082e+00 
2.862989e+00 3.547603e+01 
-1.302628e+00 -1.420420e+01 
-8.320179e-01 -2.907596e+01 
-3.280143e-01 4.413323e+00 
2.148605e+00 2.455648e+01 
2.164110e+00 1.514629e+01 
-3.495825e+00 -2.775812e+01 
-1.086672e-02 -1.960796e+00 
5.819990e-01 1.456675e+01 
-2.419023e-01 -8.970477e+00 
-2.689450e+00 -6.433012e+00 
3.116873e+00 3.659804e+01 
-1.387741e+00 -1.465285e+01 
-8.850236e-01 -3.074022e+01 
-5.078860e-01 2.832618e+00 
1.836614e+00 2.307518e+01 
2.407505e+00 1.724799e+01 
-3.317110e+00 -2.603048e+01 
-5.901521e-02 -2.670314e+00 
7.476651e-01 1.317971e+01 
-2.287194e-01 -5.778020e+00 
-2.159232e+00 -1.636418e+00 
2.803413e+00 3.680892e+01 
-1.758780e+00 -1.938401e+01 
-8.744035e-01 -3.465286e+01 
-6.972642e-01 2.309581e+00 
2.135985e+00 2.762923e+01 
3.401472e+00 2.397936e+01 
-3.363849e+00 -2.343278e+01 
-8.321269e-01 -8.452804e+00 
2.316991e-01 2.557012e+00 
3.654149e-02 5.897334e-01 
-4.445284e+00 6.761295e+00 
3.319484e+00 3.979702e+01 
-2.101954e+00 -1.714241e+01 
-6.492946e-01 -3.663237e+01 
-1.124401e+00 -5.177181e+00 
1.011273e+00 2.003350e+01 
3.888529e+00 3.006163e+01 
-2.069449e+00 -1.392030e+01 
-1.248523e+00 -1.056694e+01 
-2.762983e-01 -2.936179e+00 
5.727615e-01 5.629262e+00 
