poroelastic
2.065319e+00 1.106537e+01 
4.278337e-01 2.092528e+01 
-2.106904e+00 8.636142e+00 
1.846258e+00 -2.855510e+01 
-2.167752e-01 -1.600783e+01 
-5.238096e-01 2.352190e+00 
8.981381e-01 1.602571e+01 
-1.914295e-01 -2.097771e+00 
-6.209266e-01 -7.616535e+00 
-5.401244e-01 -7.636436e+00 
1.183057e+00 1.550665e+01 
2.413710e+00 1.471578e+01 
7.154330e-01 2.468368e+01 
-2.763821e+00 1.643955e+01 
2.337709e+00 -3.182113e+01 
-6.543406e-02 -1.952952e+01 
-8.871926e-01 -6.290233e+00 
1.022283e-01 1.011491e+01 
3.455446e-01 3.244164e+00 
-5.080543e-01 -6.696931e+00 
-6.043575e-01 -9.270694e+00 
1.737965e+00 2.303399e+01 
2.537729e+00 1.883708e+01 
1.038440e+00 2.442502e+01 
-2.811809e+00 2.089420e+01 
2.400134e+00 -2.958529e+01 
7.172905e-02 -1.814885e+01 
-5.749404e-01 -2.908687e+00 
9.060743e-01 1.519261e+01 
3.638412e-01 4.112370e+00 
-8.692890e-01 -9.741307e+00 
-1.020005e+00 -1.287515e+01 
1.318312e+00 1.634444e+01 
1.405178e+00 1.384069e+01 
-1.676930e-02 9.000776e+00 
-1.527897e+00 9.527849e+00 
1.416045e+00 -2.161961e+01 
-2.207082e-01 -1.301618e+01 
-5.005432e-01 1.798675e+00 
1.620358e+00 2.241192e+01 
5.665056e-01 6.242648e+00 
-8.030539e-01 -8.198604e+00 
-1.398260e+00 -1.560832e+01 
6.980652e-01 7.942302e+00 
8.833791e-01 1.208623e+01 
-7.962512e-02 -5.836393e-01 
-3.174460e-01 4.309806e+00 
4.590297e-01 -1.026851e+01 
-2.736740e-01 -4.351786e+00 
1.607916e-01 1.070667e+01 
3.150139e+00 3.068716e+01 
3.447504e-01 2.909651e+00 
-1.584370e+00 -1.547388e+01 
-2.571448e+00 -2.461376e+01 
6.301059e-01 5.934429e+00 
2.537616e-01 8.318117e+00 
7.089087e-02 -5.593289e+00 
7.689269e-01 -2.546761e+00 
-2.276999e-01 -9.092994e+00 
-7.589959e-01 -4.103860e+00 
-4.098558e-01 9.983266e+00 
3.126116e+00 3.577558e+01 
1.678102e+00 1.342740e+01 
-1.232836e+00 -1.211691e+01 
-3.308554e+00 -2.793018e+01 
4.615326e-01 3.702263e+00 
-1.115995e+00 1.659639e+01 
1.330110e+00 4.196588e+00 
4.983877e-01 3.456962e+00 
-3.725318e-02 -9.143698e+00 
-6.359053e-01 -5.470757e+00 
-5.059929e-01 6.257400e+00 
2.829467e+00 3.200553e+01 
1.549695e+00 1.045902e+01 
-2.049591e+00 -1.730156e+01 
-4.781672e+00 -3.361416e+01 
3.252786e+00 2.221867e+01 
-3.011488e+00 3.325997e+01 
2.153778e+00 1.618321e+01 
-6.268539e-01 1.278700e+01 
8.746048e-01 -1.868727e+01 
-5.718147e-01 -1.321616e+01 
-1.228877e+00 -3.746349e+00 
1.764809e+00 2.747591e+01 
3.170915e+00 2.347577e+01 
-1.234008e+00 -1.062214e+01 
-5.101213e+00 -3.265872e+01 
2.996824e+00 1.836250e+01 
-3.820195e+00 4.885984e+01 
1.216075e+00 1.309178e+01 
-1.308553e+00 1.516643e+01 
1.229782e+00 -1.660495e+01 
-1.902572e-01 -1.355013e+01 
-1.075239e+00 -8.327410e+00 
1.363106e+00 2.089322e+01 
2.624915e+00 1.802530e+01 
-2.010371e+00 -1.433360e+01 
-6.340078e+00 -3.560914e+01 
5.660116e+00 3.138411e+01 
-4.054018e+00 5.646387e+01 
3.504597e-02 1.269453e+00 
-8.047574e-01 1.010423e+01 
8.267051e-01 -1.323671e+01 
-3.305089e-01 -1.196797e+01 
-1.338708e+00 -9.774554e+00 
1.224352e+00 2.064930e+01 
3.659737e+00 2.386266e+01 
-9.649612e-01 -7.733435e+00 
-5.835688e+00 -3.096031e+01 
3.544817e+00 1.792262e+01 
-5.125049e+00 6.267847e+01 
-5.935579e-01 -6.982205e+00 
-3.066096e-01 7.253293e+00 
3.645293e-01 -6.112630e+00 
-2.777299e-01 -9.405114e+00 
-1.335259e+00 -1.116319e+01 
1.059133e+00 1.783688e+01 
3.775041e+00 2.379210e+01 
-1.166608e+00 -8.499811e+00 
-6.309439e+00 -3.210893e+01 
4.233288e+00 2.073384e+01 
-1.391126e+00 5.393338e+01 
-2.821080e+00 -3.146556e+01 
1.396887e+00 -7.321531e+00 
-1.067997e+00 8.327159e+00 
-3.042437e-01 3.458858e+00 
-6.095482e-01 -4.201459e+00 
1.217195e+00 1.295445e+01 
2.193406e+00 1.222725e+01 
-2.601166e-01 -2.854413e+00 
-3.885550e+00 -1.962081e+01 
1.494906e+00 7.082183e+00 
4.838687e-01 4.409774e+01 
-3.371321e+00 -3.172415e+01 
1.038986e+00 -6.716007e+00 
-9.583542e-01 1.442733e+01 
1.940781e-01 4.039337e+00 
-4.292578e-01 -8.927741e+00 
5.227957e-01 4.941135e+00 
2.284403e+00 1.279507e+01 
-2.217382e-01 -2.492475e+00 
-3.737726e+00 -1.870492e+01 
1.416662e+00 6.670596e+00 
2.116821e+00 4.263922e+01 
-4.264314e+00 -3.603121e+01 
1.168776e+00 -9.162760e+00 
-1.121135e+00 1.729960e+01 
3.030220e-01 4.753201e+00 
-2.510204e-01 -8.202261e+00 
3.484870e-01 2.297291e+00 
2.413245e+00 1.317043e+01 
-3.817307e-01 -3.221008e+00 
-3.681940e+00 -1.827557e+01 
1.309983e+00 6.124379e+00 
