poroelastic
1.757373e+00 1.412095e+01 
-9.957577e-01 -1.452247e+01 
6.061860e-01 -1.838093e+01 
-4.907664e-02 3.680149e+01 
8.491611e-01 1.176141e+01 
-9.685386e-01 -2.097304e+01 
-2.857128e+00 -2.856268e+01 
3.062365e+00 3.102034e+01 
2.334285e-01 4.500590e+00 
-8.193922e-01 -1.400614e+01 
2.669847e-01 5.582070e+00 
2.082186e+00 1.786612e+01 
-6.366959e-01 -7.875476e+00 
3.339768e-01 -1.747116e+01 
1.992156e-02 3.066664e+01 
7.713555e-01 9.915386e+00 
-6.386292e-01 -1.567049e+01 
-2.567100e+00 -2.612282e+01 
2.775306e+00 2.873632e+01 
-1.018837e-02 2.071140e+00 
-8.227698e-01 -1.584044e+01 
2.574089e-01 6.517126e+00 
9.489368e-01 9.752216e+00 
-5.839510e-01 -8.862436e+00 
4.902024e-01 -1.707809e+01 
-1.350560e-01 2.910750e+01 
5.677363e-01 8.014994e+00 
-9.139334e-01 -1.741446e+01 
-2.387248e+00 -2.306476e+01 
3.143349e+00 3.278144e+01 
1.095461e-01 4.055315e+00 
-9.308650e-01 -1.817830e+01 
2.715357e-01 7.032873e+00 
1.897227e-01 5.194502e+00 
1.206939e-01 -3.483072e+00 
5.193146e-01 -8.839511e+00 
1.056058e-01 3.008738e+01 
7.565289e-01 8.066784e+00 
-8.087060e-01 -1.846460e+01 
-2.699727e+00 -2.728308e+01 
2.742802e+00 2.790102e+01 
4.563548e-02 1.967375e+00 
-7.078267e-01 -1.572038e+01 
3.780908e-01 1.008364e+01 
-4.449510e-01 -4.118742e+00 
1.220664e-01 -3.547444e+00 
5.245931e-01 -7.713520e+00 
4.454153e-02 2.723143e+01 
5.576329e-01 4.935517e+00 
-1.154185e+00 -2.112502e+01 
-2.715401e+00 -2.548012e+01 
3.386437e+00 3.390448e+01 
4.247712e-01 7.657799e+00 
-8.494161e-01 -1.393886e+01 
1.101744e-01 2.362380e+00 
-1.415726e+00 -1.384058e+01 
8.027667e-01 -9.471515e-01 
7.662075e-01 -3.338746e-01 
2.054665e-01 3.116812e+01 
8.223529e-01 7.467520e+00 
-8.178846e-01 -1.963105e+01 
-2.901173e+00 -2.907333e+01 
2.417140e+00 2.309069e+01 
2.092793e-01 2.731202e+00 
-5.875512e-01 -1.049405e+01 
4.913733e-01 9.109661e+00 
-1.865975e+00 -2.275093e+01 
1.285860e+00 2.610433e+00 
8.091423e-01 4.117787e+00 
1.992484e-01 2.733465e+01 
6.006577e-01 3.406300e+00 
-1.172178e+00 -2.226208e+01 
-3.079899e+00 -2.830358e+01 
3.366859e+00 3.182974e+01 
9.224571e-01 1.201050e+01 
-5.439032e-01 -5.932585e+00 
-4.290494e-01 -6.640859e+00 
-2.523795e+00 -3.219924e+01 
1.885148e+00 4.073915e+00 
1.072845e+00 1.080641e+01 
3.392756e-01 3.227795e+01 
9.057000e-01 6.303231e+00 
-7.852555e-01 -2.067754e+01 
-3.105972e+00 -3.068005e+01 
2.214578e+00 2.018564e+01 
3.811582e-01 4.209476e+00 
-4.073919e-01 -5.603007e+00 
3.338006e-01 4.708568e+00 
-2.226077e+00 -4.357522e+01 
2.290605e+00 7.040780e+00 
1.115160e+00 1.468911e+01 
3.333910e-01 2.828592e+01 
6.805074e-01 2.286580e+00 
-1.132331e+00 -2.295361e+01 
-3.343482e+00 -3.043843e+01 
3.158047e+00 2.858712e+01 
1.227681e+00 1.360956e+01 
-1.952403e-01 -1.112254e+00 
-8.256898e-01 -1.038250e+01 
-2.383390e+00 -4.969481e+01 
2.826733e+00 9.822939e+00 
1.188425e+00 2.084576e+01 
5.053437e-01 3.077457e+01 
9.213168e-01 3.057754e+00 
-9.273463e-01 -2.347400e+01 
-3.645832e+00 -3.405564e+01 
2.332782e+00 2.008348e+01 
6.788273e-01 6.458589e+00 
-9.706952e-02 -1.131205e+00 
1.840226e-01 2.017947e+00 
3.300989e-01 -6.521368e+01 
2.677551e+00 6.709960e+00 
1.266953e+00 1.978384e+01 
3.348175e-01 2.813472e+01 
6.631097e-01 8.112241e-01 
-1.260090e+00 -2.421294e+01 
-3.610468e+00 -3.095214e+01 
2.903714e+00 2.493401e+01 
1.402400e+00 1.305601e+01 
1.974457e-01 2.214980e+00 
-7.271118e-01 -7.261828e+00 
-1.414085e+00 -7.302976e+01 
4.213487e+00 1.677243e+01 
1.327616e+00 3.222299e+01 
6.855621e-01 2.979080e+01 
9.488632e-01 -2.685170e-01 
-1.222896e+00 -2.782257e+01 
-4.582951e+00 -3.953413e+01 
2.507265e+00 2.084857e+01 
1.483401e+00 1.241859e+01 
7.989665e-01 6.724791e+00 
-5.766175e-01 -4.857699e+00 
1.777293e+00 -7.901108e+01 
3.679896e+00 1.013433e+01 
1.510805e+00 2.619882e+01 
2.735637e-01 2.728659e+01 
7.061012e-01 -4.907629e-01 
-1.127786e+00 -2.300328e+01 
-4.048629e+00 -3.209683e+01 
2.658114e+00 2.172861e+01 
1.447596e+00 1.102539e+01 
1.238175e+00 8.623421e+00 
-1.240233e+00 -8.638459e+00 
6.304383e+00 -9.133446e+01 
3.491398e+00 9.301711e+00 
1.437459e+00 2.707001e+01 
4.291047e-01 3.287048e+01 
1.237912e+00 4.345004e+00 
-5.723603e-01 -2.316823e+01 
-5.016363e+00 -4.352755e+01 
1.697536e+00 1.503693e+01 
2.083965e+00 1.430508e+01 
2.027635e+00 1.129977e+01 
-1.902913e+00 -1.052458e+01 
