poroelastic
9.805776e-01 9.177172e+00 
-4.525376e-01 9.445167e+00 
-8.358992e-01 -1.074093e+01 
2.164415e-01 -2.070511e+01 
-4.108197e-01 1.728055e+00 
1.425461e+00 2.152561e+01 
1.756013e+00 1.284100e+01 
-3.904035e+00 -4.073140e+01 
6.985182e-01 2.703179e+00 
4.872446e-01 3.144984e+01 
4.504335e-02 -1.665803e+01 
1.139086e+00 9.847838e+00 
-4.634423e-01 7.577605e+00 
-4.662353e-01 -1.621906e+01 
-1.650763e-01 -1.989018e+01 
-5.176452e-01 5.384241e+00 
1.398472e+00 2.281344e+01 
1.490374e+00 1.112821e+01 
-3.847006e+00 -4.346045e+01 
1.027599e+00 4.438986e+00 
4.138098e-01 3.741932e+01 
1.932620e-01 -1.767704e+01 
1.728492e+00 1.486642e+01 
-3.944283e-01 1.042336e+01 
-6.684629e-01 -1.462751e+01 
7.973861e-02 -2.016912e+01 
-3.942216e-01 5.432323e+00 
1.731363e+00 2.503272e+01 
1.628670e+00 1.102654e+01 
-4.218792e+00 -4.513508e+01 
7.931143e-01 2.300703e+00 
3.631586e-01 3.636081e+01 
1.827589e-01 -1.872546e+01 
1.706478e+00 1.565039e+01 
-7.395521e-01 6.619687e+00 
-4.323844e-01 -1.959910e+01 
-2.114386e-01 -1.897925e+01 
-5.378616e-01 6.011892e+00 
1.480302e+00 2.425992e+01 
1.634690e+00 1.222648e+01 
-3.803933e+00 -4.160349e+01 
8.823523e-01 5.232709e+00 
2.961461e-01 3.635619e+01 
1.765256e-01 -2.150289e+01 
2.050481e+00 2.290802e+01 
-6.516574e-01 1.037571e+01 
-7.639294e-01 -1.757322e+01 
9.683496e-02 -1.882893e+01 
-3.002855e-01 6.673818e+00 
1.923526e+00 2.613236e+01 
2.044064e+00 1.334794e+01 
-4.500784e+00 -4.336365e+01 
3.315164e-01 -1.476674e+00 
6.607591e-01 2.830632e+01 
-9.260130e-02 -1.452191e+01 
2.289951e+00 2.690097e+01 
-1.161457e+00 6.795594e+00 
-5.999082e-01 -2.394237e+01 
-1.925866e-01 -2.129469e+01 
-7.154684e-01 3.819188e+00 
1.247145e+00 2.370038e+01 
2.188593e+00 1.760015e+01 
-3.349530e+00 -3.180684e+01 
3.828330e-01 2.211913e+00 
6.817414e-01 2.355994e+01 
-3.103750e-01 -1.618636e+01 
2.244222e+00 3.216147e+01 
-1.351918e+00 7.392325e+00 
-8.039438e-01 -2.413070e+01 
-3.409590e-02 -1.986404e+01 
-4.991266e-01 5.225400e+00 
1.589850e+00 2.497209e+01 
2.906461e+00 2.105520e+01 
-4.060128e+00 -3.422918e+01 
-4.627556e-01 -7.948211e+00 
7.094793e-01 1.232164e+01 
-9.961884e-02 -2.696384e+00 
2.115546e+00 3.672821e+01 
-1.574528e+00 6.770745e+00 
-7.282966e-01 -2.900313e+01 
-2.334613e-01 -2.443350e+01 
-9.879027e-01 1.178115e+00 
8.343940e-01 2.231682e+01 
2.984411e+00 2.536728e+01 
-2.536316e+00 -2.040770e+01 
-2.112857e-01 -2.427118e+00 
4.142675e-01 8.089863e+00 
-3.621341e-01 -7.368735e+00 
2.395440e+00 4.492667e+01 
-2.223659e+00 5.212744e+00 
-1.112851e+00 -3.021647e+01 
-1.364356e-02 -2.077424e+01 
-5.724071e-01 3.737916e+00 
1.305998e+00 2.254530e+01 
3.576592e+00 2.662538e+01 
-3.350436e+00 -2.529725e+01 
-1.268862e+00 -1.348877e+01 
-1.031313e-01 -3.118841e+00 
5.029328e-01 7.960751e+00 
2.810555e+00 4.593058e+01 
-2.761882e+00 2.558686e+00 
-1.034343e+00 -3.643638e+01 
-2.323301e-01 -2.544922e+01 
-1.106086e+00 -1.519516e-01 
4.651228e-01 1.952076e+01 
3.659260e+00 3.105525e+01 
-1.786394e+00 -1.236516e+01 
-9.006932e-01 -7.977246e+00 
-6.018394e-01 -7.227996e+00 
3.976783e-01 5.068445e+00 
1.043644e+00 5.702009e+01 
-2.608053e+00 6.184237e+00 
-1.321190e+00 -3.307166e+01 
4.976537e-02 -2.299501e+01 
-7.923232e-01 -4.597665e-01 
6.356134e-01 1.724893e+01 
3.682871e+00 2.936222e+01 
-1.821865e+00 -1.234069e+01 
-1.808458e+00 -1.619362e+01 
-1.424878e+00 -1.662126e+01 
1.624628e+00 1.859668e+01 
2.264572e+00 5.664506e+01 
-3.644680e+00 -3.893250e+00 
-7.861762e-01 -4.124527e+01 
-4.884923e-01 -2.183924e+01 
-1.121079e+00 1.620173e+00 
2.965035e-02 1.473365e+01 
3.412639e+00 2.974360e+01 
-1.192975e+00 -8.177639e+00 
-1.002333e+00 -8.143580e+00 
-1.269096e+00 -1.224736e+01 
1.280496e+00 1.234729e+01 
5.005077e-01 6.137454e+01 
-3.266284e+00 3.648372e+00 
-1.430359e+00 -3.677098e+01 
3.026328e-02 -2.164411e+01 
-9.088462e-01 -1.847616e+00 
1.249561e-02 1.155240e+01 
4.271267e+00 3.436850e+01 
-6.387132e-02 8.705249e-01 
-2.557295e+00 -1.937915e+01 
-4.217175e+00 -3.480432e+01 
3.512514e+00 2.919028e+01 
-4.023920e+00 7.075360e+01 
-2.471639e+00 6.931509e+00 
-1.476042e+00 -3.237861e+01 
1.302901e-01 -2.728541e+01 
-1.483473e+00 -1.060991e+01 
-8.941253e-01 9.143182e+00 
4.911291e+00 4.497806e+01 
1.673804e+00 1.167063e+01 
-2.429996e+00 -1.734262e+01 
-5.521049e+00 -3.766200e+01 
3.717646e+00 2.506388e+01 
