poroelastic
-5.339601e+00 -3.646402e+01 
1.706702e-01 -1.997400e+01 
1.731843e+00 2.844639e+01 
-7.276470e-01 3.320067e+01 
2.541223e-01 4.381356e+00 
2.796717e-01 -2.713593e+01 
-2.909690e-01 -3.133422e+01 
3.489770e-01 1.436782e+01 
-1.090299e-01 1.547208e+01 
-1.616788e-01 4.333587e+00 
2.007240e-01 -6.624542e+00 
-4.652494e+00 -3.382081e+01 
-5.575005e-01 -2.764701e+01 
1.863142e+00 2.848027e+01 
-8.675045e-01 3.805920e+01 
2.973065e-01 6.068641e+00 
3.346874e-01 -2.818813e+01 
-3.338219e-01 -3.620333e+01 
4.127699e-01 1.354166e+01 
-1.903443e-01 1.878035e+01 
-3.871492e-01 8.610738e+00 
4.698744e-01 -1.245253e+01 
-3.113760e+00 -2.644122e+01 
-6.532233e-01 -2.988296e+01 
1.900241e+00 2.748716e+01 
-9.818019e-01 3.686773e+01 
2.752063e-01 5.340887e+00 
3.596021e-01 -2.796950e+01 
-2.976335e-01 -3.294437e+01 
4.073638e-01 1.402039e+01 
-1.550869e-01 1.625282e+01 
-2.262078e-01 5.386379e+00 
2.590919e-01 -6.867258e+00 
-1.739710e+00 -1.827372e+01 
-1.246529e+00 -3.284933e+01 
1.768112e+00 2.597019e+01 
-9.892185e-01 3.795737e+01 
2.976819e-01 5.823732e+00 
3.984814e-01 -2.835642e+01 
-2.881049e-01 -3.437317e+01 
3.843998e-01 1.461946e+01 
-2.245989e-01 1.781535e+01 
-3.416630e-01 6.843265e+00 
4.527067e-01 -1.166298e+01 
-5.716408e-01 -1.220351e+01 
-1.836035e+00 -3.871621e+01 
1.947855e+00 2.187303e+01 
-1.139606e+00 3.804889e+01 
2.515554e-01 5.985429e+00 
3.796615e-01 -2.758253e+01 
-3.312280e-01 -3.204916e+01 
4.038870e-01 1.466916e+01 
-1.046819e-01 1.572617e+01 
-1.003292e-01 2.837820e+00 
1.244000e-01 -4.217411e+00 
7.308576e-01 -2.264095e+00 
-2.434356e+00 -4.054829e+01 
1.664441e+00 2.074741e+01 
-1.104007e+00 3.894401e+01 
2.877780e-01 6.786715e+00 
4.467052e-01 -2.855115e+01 
-3.130830e-01 -3.333219e+01 
3.331179e-01 1.356309e+01 
-8.762520e-02 1.665410e+01 
-1.893321e-01 6.405002e+00 
2.392997e-01 -1.027417e+01 
1.454217e+00 3.737209e+00 
-2.840993e+00 -4.567389e+01 
1.995132e+00 1.681769e+01 
-1.276199e+00 4.002464e+01 
2.139521e-01 7.554057e+00 
4.192816e-01 -2.735250e+01 
-4.101542e-01 -3.390493e+01 
3.641121e-01 1.234640e+01 
3.997293e-02 1.751015e+01 
-7.176609e-02 5.383840e+00 
7.057439e-02 -5.177920e+00 
2.416208e+00 1.386585e+01 
-3.532738e+00 -4.867102e+01 
1.818338e+00 1.495796e+01 
-1.318136e+00 4.198302e+01 
2.436230e-01 8.800975e+00 
4.979913e-01 -2.872242e+01 
-3.710932e-01 -3.385710e+01 
2.997110e-01 1.200346e+01 
4.873766e-02 1.696600e+01 
-9.131683e-02 8.362547e+00 
9.715794e-02 -1.064577e+01 
2.779945e+00 1.609859e+01 
-3.929124e+00 -5.448446e+01 
2.324795e+00 1.127165e+01 
-1.519328e+00 4.360577e+01 
1.437874e-01 9.838690e+00 
4.491221e-01 -2.666786e+01 
-4.427671e-01 -3.419891e+01 
2.933118e-01 1.101888e+01 
1.438618e-01 1.865399e+01 
-1.175463e-02 7.451227e+00 
1.256957e-02 -7.163624e+00 
2.365153e+00 2.407133e+01 
-4.013000e+00 -5.386518e+01 
2.260873e+00 1.226270e+01 
-1.648498e+00 4.753677e+01 
2.024977e-01 1.124889e+01 
5.914818e-01 -2.925312e+01 
-4.587097e-01 -3.587330e+01 
2.441108e-01 1.117946e+01 
2.323162e-01 1.892766e+01 
8.572208e-02 1.076966e+01 
-1.180551e-01 -1.381808e+01 
2.275345e+00 2.555208e+01 
-4.109838e+00 -5.726445e+01 
2.477569e+00 1.133906e+01 
-1.786478e+00 4.786107e+01 
1.540786e-01 1.117909e+01 
5.660602e-01 -2.836433e+01 
-4.527634e-01 -3.353075e+01 
1.778436e-01 1.053123e+01 
3.035855e-01 1.873463e+01 
1.638749e-01 9.481828e+00 
-1.984348e-01 -1.154669e+01 
3.534583e+00 2.799693e+01 
-5.035655e+00 -6.326100e+01 
2.681499e+00 8.607706e+00 
-2.077615e+00 5.431918e+01 
1.329056e-01 1.535481e+01 
7.275971e-01 -2.883014e+01 
-5.205656e-01 -3.965571e+01 
5.066237e-02 7.626944e+00 
5.765476e-01 2.171671e+01 
5.420667e-01 1.435532e+01 
-6.518966e-01 -1.793496e+01 
8.022625e-01 2.400564e+01 
-3.842005e+00 -5.929406e+01 
3.042634e+00 1.787664e+01 
-2.449170e+00 5.738215e+01 
2.654602e-01 1.252992e+01 
8.804976e-01 -3.542022e+01 
-7.640019e-01 -4.190876e+01 
-1.928800e-03 1.211379e+01 
8.965431e-01 2.340178e+01 
9.595255e-01 1.458699e+01 
-1.087933e+00 -1.720361e+01 
3.703010e+00 3.390827e+01 
-5.534551e+00 -5.832183e+01 
2.642009e+00 2.254267e+00 
-2.262888e+00 4.687611e+01 
-1.090479e-02 1.460848e+01 
8.090419e-01 -2.535855e+01 
-5.885026e-01 -3.716079e+01 
-9.782036e-02 1.169967e+01 
1.183993e+00 2.048461e+01 
4.640739e-01 2.849399e+00 
-8.959236e-01 -8.698081e+00 
