poroelastic
4.541641e+00 2.960669e+01 
-3.841224e-01 -1.092799e+00 
6.755354e-01 -2.334150e+01 
-7.786152e-01 2.042142e+01 
2.899612e-01 8.887690e+00 
-1.137417e-01 -6.981561e+00 
-1.209518e+00 -1.245497e+01 
1.367321e+00 1.266504e+01 
1.242126e-01 9.446747e-01 
1.998286e-01 1.464813e+00 
-6.569753e-01 -5.334764e+00 
4.951127e+00 3.588781e+01 
3.168597e-01 1.281158e+01 
1.816512e-01 -2.732486e+01 
-5.526388e-01 3.540285e+00 
-1.010571e-01 7.315622e+00 
3.716243e-01 7.161158e+00 
8.000312e-02 -8.379695e-01 
4.972076e-01 4.138373e+00 
-7.469778e-01 -6.471966e+00 
-6.469006e-01 -5.393826e+00 
5.446167e-01 4.526382e+00 
3.664241e+00 3.262109e+01 
7.343181e-01 1.814874e+01 
-1.106451e-01 -2.133860e+01 
-2.680178e-01 2.691924e+00 
8.987878e-03 4.314922e+00 
2.106218e-01 2.795730e+00 
-1.507144e-01 -2.603023e+00 
1.059370e+00 8.927648e+00 
-1.076294e-01 -1.130875e+00 
-2.306350e-01 -2.098055e+00 
-7.960045e-01 -6.366831e+00 
2.090825e+00 2.581673e+01 
9.313400e-01 1.857369e+01 
-1.023019e-02 -2.199876e+01 
-3.557867e-01 6.546855e-01 
-1.436632e-01 3.712609e+00 
5.360854e-02 3.040756e+00 
-4.674782e-01 -3.558943e+00 
7.071330e-01 6.046027e+00 
-3.281352e-01 -2.619085e+00 
-4.651930e-03 1.791555e-02 
1.822688e-01 1.378061e+00 
9.845581e-01 1.775219e+01 
5.825868e-01 2.113269e+01 
-5.540087e-01 -2.123071e+01 
-1.060924e-02 -1.232085e+00 
1.145933e-02 1.838790e+00 
1.494176e-01 1.847059e+00 
-3.021181e-01 -3.356055e+00 
1.003230e+00 7.660522e+00 
-1.605617e-01 -1.520619e+00 
6.901729e-02 1.020619e-01 
-7.708581e-01 -5.079555e+00 
9.036492e-02 6.818220e+00 
7.011817e-01 2.125893e+01 
-4.815297e-01 -2.177340e+01 
-7.977417e-02 -7.361209e-01 
6.068159e-03 2.588790e+00 
3.126981e-01 4.066626e+00 
-4.880980e-01 -5.468624e+00 
-2.081163e-01 -1.278539e+00 
-8.301063e-01 -5.079514e+00 
1.752715e-01 1.711594e+00 
1.037394e+00 6.022489e+00 
4.121719e-02 -2.040899e+00 
6.795409e-01 2.514178e+01 
-9.119303e-01 -2.068935e+01 
1.987902e-01 -3.691032e+00 
4.226288e-02 6.863491e-02 
2.283307e-01 2.236191e+00 
-6.031319e-01 -5.821879e+00 
2.188465e-01 1.728391e+00 
-5.508483e-01 -3.059825e+00 
4.685654e-01 2.773695e+00 
1.923592e-01 9.772683e-01 
-8.659268e-01 -1.378950e+01 
1.456532e+00 2.448314e+01 
-2.560005e-01 -2.044208e+01 
-2.371064e-01 -2.683735e+00 
-1.766608e-01 2.429780e+00 
2.967056e-01 5.999081e+00 
-8.008637e-01 -5.916416e+00 
-1.096062e+00 -5.556652e+00 
-1.126461e+00 -4.689028e+00 
1.294104e+00 7.683732e+00 
1.653241e+00 7.597281e+00 
-1.926331e+00 -2.174738e+01 
2.498224e+00 3.101431e+01 
-2.657073e-01 -1.543270e+01 
-1.882601e-01 -5.616359e+00 
-2.762040e-01 1.161426e+00 
1.732971e-01 5.465296e+00 
-5.937725e-01 -3.062159e+00 
4.852689e-02 1.124775e+00 
1.175119e-01 9.918364e-01 
2.816022e+00 1.215331e+01 
-2.211273e+00 -9.279185e+00 
-3.425259e+00 -2.688784e+01 
3.530473e+00 3.496297e+01 
-7.412661e-02 -1.050977e+01 
-2.618623e-01 -7.184223e+00 
-3.137493e-01 2.517928e+00 
5.126289e-01 9.180883e+00 
-7.221957e-02 -7.540346e-01 
-8.039795e-01 -3.984964e+00 
-1.046737e+00 -4.107942e+00 
1.664545e+00 7.362282e+00 
1.795112e-01 6.904459e-01 
-2.503578e+00 -2.910536e+01 
3.315678e+00 3.655453e+01 
-4.611282e-01 -8.548512e+00 
4.953862e-02 -6.995068e+00 
4.082846e-02 3.671224e+00 
1.129001e+00 1.061594e+01 
5.563954e-01 -8.233431e-01 
-1.378409e+00 -8.100428e+00 
6.258957e-02 1.107152e-01 
4.021122e+00 1.473268e+01 
-4.370387e+00 -1.618569e+01 
-3.027463e+00 -2.922246e+01 
3.794342e+00 4.124724e+01 
-7.582992e-01 -6.246185e+00 
2.325598e-01 -1.116452e+01 
-4.033506e-02 1.649006e+00 
9.493316e-01 8.871852e+00 
7.438667e-01 1.111698e+00 
-1.227926e+00 -6.798309e+00 
-1.639811e+00 -6.681344e+00 
1.927451e-01 1.195101e+00 
1.081951e+00 3.872500e+00 
1.089468e+00 -2.846743e+01 
2.413865e+00 3.715998e+01 
-1.160187e+00 -1.693550e+01 
9.804833e-02 -1.877504e+01 
-4.844432e-01 6.033910e-01 
1.010245e+00 1.270028e+01 
1.622405e+00 7.193081e+00 
-1.604441e+00 -8.275544e+00 
-8.703591e-01 -3.498504e+00 
1.530941e+00 5.570262e+00 
-9.905848e-01 -3.480157e+00 
-1.204295e+00 -3.996608e+01 
4.251886e+00 4.202301e+01 
-9.332116e-01 -6.410828e+00 
2.021050e-01 -1.467848e+01 
-3.083192e-01 1.059197e-01 
5.196758e-01 6.599711e+00 
1.867570e-01 6.846192e-01 
-3.456962e+00 -1.439555e+01 
2.122204e-01 1.847313e+00 
5.071898e+00 1.859101e+01 
-2.084862e+00 -7.262147e+00 
