poroelastic
5.071741e+00 3.879276e+01 
-1.299618e+00 -3.928752e-01 
-1.110144e-01 -3.797342e+01 
-5.582551e-01 1.618516e+01 
3.669819e-01 9.274507e+00 
-7.618553e-02 -3.423610e+00 
-7.675419e-01 -6.835481e+00 
1.506875e+00 1.299929e+01 
-3.373724e-01 -2.314872e+00 
-6.420621e-01 -6.516024e+00 
4.923782e-03 5.812661e-02 
5.396568e+00 4.366114e+01 
-7.049422e-01 1.088739e+01 
-4.489055e-01 -4.353686e+01 
-7.203225e-01 2.183934e+00 
-3.900422e-02 9.235910e+00 
5.717398e-01 8.682962e+00 
2.864446e-01 1.462289e+00 
5.115463e-01 5.298206e+00 
-9.993934e-01 -8.956170e+00 
-1.011727e+00 -1.281290e+01 
9.582936e-01 1.225303e+01 
3.801535e+00 3.582982e+01 
-8.362500e-01 1.214589e+01 
-5.596764e-01 -4.358187e+01 
-6.287898e-01 3.319448e-01 
-1.776194e-01 6.195342e+00 
1.958628e-01 5.550480e+00 
2.227141e-01 2.388678e+00 
1.349181e+00 1.219233e+01 
-5.229244e-01 -3.598426e+00 
-1.017013e+00 -1.095486e+01 
1.866930e-01 2.329268e+00 
2.467014e+00 2.725952e+01 
-2.325102e-01 1.477966e+01 
-4.490380e-01 -4.064512e+01 
-6.710877e-01 1.418572e+00 
-9.076038e-02 7.778036e+00 
3.930354e-01 6.990243e+00 
-7.853894e-02 -7.183719e-01 
4.538366e-01 3.945165e+00 
-8.869449e-01 -8.368566e+00 
-8.408694e-01 -1.077538e+01 
1.313771e+00 1.550412e+01 
1.472834e+00 1.873963e+01 
-1.978189e-02 1.914178e+01 
-6.852197e-01 -3.872425e+01 
-4.922467e-01 -1.348183e+00 
-1.536680e-01 5.102618e+00 
1.699582e-01 4.707640e+00 
5.603832e-03 6.323139e-01 
1.356802e+00 1.106664e+01 
-4.534142e-01 -3.234028e+00 
-7.918092e-01 -7.183401e+00 
7.826019e-02 7.704430e-01 
1.406119e-01 9.304174e+00 
8.242671e-01 2.121013e+01 
-3.501821e-01 -3.529016e+01 
-6.578168e-01 6.384267e-01 
-1.562386e-01 6.472946e+00 
4.260269e-01 7.723315e+00 
2.729399e-02 2.426077e-01 
4.305126e-01 3.313326e+00 
-9.972200e-01 -7.856714e+00 
-8.040764e-01 -6.962215e+00 
1.358137e+00 1.141363e+01 
-5.918727e-01 1.116983e+00 
1.279553e+00 2.491417e+01 
-4.261692e-01 -3.215762e+01 
-5.652136e-01 -8.069020e-01 
-1.787025e-01 5.214941e+00 
4.285102e-01 7.621012e+00 
5.811593e-01 4.091695e+00 
1.536066e+00 1.084297e+01 
-5.465881e-01 -3.732475e+00 
-6.772605e-01 -4.798002e+00 
-8.788938e-01 -6.257872e+00 
-1.361849e+00 -1.021016e+01 
1.862727e+00 2.606962e+01 
-1.669460e-01 -3.044773e+01 
-6.975279e-01 1.311676e+00 
-1.427800e-01 6.757056e+00 
7.704281e-01 1.080202e+01 
6.929173e-01 3.726333e+00 
4.069596e-01 2.537280e+00 
-1.444438e+00 -9.500376e+00 
-1.094096e+00 -6.916824e+00 
1.131414e+00 7.158421e+00 
-9.536816e-01 -1.744112e+01 
2.178126e+00 3.300549e+01 
-7.264039e-01 -2.662671e+01 
-2.960364e-01 -2.443438e+00 
-6.376052e-02 3.615384e+00 
6.361076e-01 7.672907e+00 
6.618798e-01 3.039637e+00 
1.271886e+00 7.452235e+00 
-8.342726e-01 -5.394955e+00 
-6.361332e-01 -3.973838e+00 
-8.571771e-01 -4.866110e+00 
6.713639e-02 -2.435577e+01 
2.270822e+00 3.611731e+01 
-1.060253e+00 -2.572865e+01 
-1.597252e-01 -6.847567e+00 
-1.789540e-01 1.274648e+00 
4.875411e-01 6.665469e+00 
1.743505e-01 6.359289e-01 
5.838645e-01 3.177120e+00 
-2.139486e+00 -1.179790e+01 
-1.881642e+00 -9.231660e+00 
3.118918e+00 1.590866e+01 
2.457235e+00 -3.035272e+01 
1.921141e+00 3.896343e+01 
-1.578195e+00 -2.431196e+01 
1.993030e-01 -1.066983e+01 
-1.656096e-01 -2.030121e+00 
2.356749e-01 3.146547e+00 
-4.675117e-01 -2.885192e+00 
5.682756e-01 3.261190e+00 
-9.447004e-01 -4.873808e+00 
-2.447897e-01 -9.580034e-01 
1.037199e+00 5.009558e+00 
3.451490e-01 -3.587244e+01 
3.475621e+00 4.725606e+01 
-1.517752e+00 -1.669828e+01 
2.726963e-01 -1.283708e+01 
-2.584563e-01 -3.540344e+00 
-2.292268e-01 -4.183986e-01 
-1.125338e+00 -4.887606e+00 
9.105436e-01 5.390263e+00 
-1.823426e+00 -8.524022e+00 
-1.549621e+00 -6.281347e+00 
4.079031e+00 1.837976e+01 
2.478794e+00 -3.102344e+01 
2.718145e+00 4.416124e+01 
-1.771765e+00 -2.521989e+01 
-2.525986e-04 -1.802771e+01 
-5.977839e-01 -3.117565e+00 
1.898103e-01 6.184078e+00 
4.062364e-01 3.841177e+00 
1.182630e+00 5.824537e+00 
-1.023352e+00 -4.916210e+00 
-7.886806e-01 -3.328541e+00 
8.722213e-01 3.707453e+00 
-2.403220e+00 -4.192560e+01 
5.037171e+00 4.509066e+01 
-7.941882e-01 -8.100247e+00 
2.614205e-01 -1.200885e+00 
2.684758e-01 1.050519e+00 
7.981640e-02 -1.467235e+00 
-1.665656e+00 -9.679984e+00 
-1.224388e+00 -5.023730e+00 
6.571006e-01 3.526971e+00 
3.724000e+00 1.533188e+01 
-1.963086e+00 -7.787449e+00 
