poroelastic
-1.134589e+00 -9.031725e+00 
1.805450e-01 -1.675474e+00 
4.541740e-01 7.969881e+00 
5.383651e-03 -1.452098e-01 
2.289509e-04 -1.494444e-01 
-8.615587e-02 -1.771810e+00 
-1.638780e-01 -2.563686e+00 
4.034194e-01 8.038794e+00 
-8.514914e-02 -1.126040e+00 
-1.137884e-01 -5.754090e+00 
3.502858e-02 2.890337e+00 
-7.691136e-01 -6.412308e+00 
3.791634e-03 -2.714085e+00 
4.034457e-01 1.028844e+01 
5.199702e-02 -5.882155e-01 
-6.328982e-02 -3.064540e+00 
-9.726906e-02 -2.079982e+00 
-7.400246e-02 -1.038419e+00 
3.790088e-01 8.212385e+00 
-1.262911e-01 -1.563625e+00 
-1.246917e-01 -6.628154e+00 
1.990118e-02 2.465045e+00 
-7.860058e-01 -7.408602e+00 
-1.353583e-01 -5.617227e+00 
5.450274e-01 8.748618e+00 
-1.096739e-03 3.255401e-01 
-6.782052e-02 -1.864068e+00 
-1.124721e-01 -1.591726e+00 
-3.483423e-02 -7.189490e-02 
4.046780e-01 8.315121e+00 
-1.126997e-01 -1.809589e+00 
-1.160056e-01 -6.948032e+00 
4.298246e-02 4.152769e+00 
-4.675662e-01 -4.709514e+00 
-3.199839e-02 -3.144685e+00 
4.017153e-01 1.202622e+01 
8.185831e-02 -5.023760e-01 
-5.409674e-02 -3.687930e+00 
-1.561250e-01 -3.672255e+00 
-1.242365e-01 -1.863107e+00 
3.982923e-01 8.354635e+00 
-1.036566e-01 -1.457246e+00 
-1.083110e-01 -6.729808e+00 
3.031239e-02 3.548043e+00 
-4.359937e-01 -6.366593e+00 
-2.903364e-01 -7.037785e+00 
5.565237e-01 1.023299e+01 
1.739874e-02 1.344917e-01 
-8.939481e-02 -3.084055e+00 
-1.780801e-01 -2.904519e+00 
-6.315787e-02 -3.098689e-01 
4.614506e-01 8.939832e+00 
-8.151216e-02 -1.205350e+00 
-1.382411e-01 -7.045060e+00 
6.807197e-02 4.542740e+00 
-2.969087e-01 -4.848877e+00 
-1.667772e-01 -4.789182e+00 
4.524326e-01 1.362028e+01 
1.148090e-01 5.709016e-01 
-2.944289e-02 -3.826112e+00 
-1.829581e-01 -4.759505e+00 
-1.306144e-01 -2.060516e+00 
3.576941e-01 7.358930e+00 
-9.321437e-02 -1.558031e+00 
-1.281368e-01 -6.362811e+00 
5.997930e-02 3.941069e+00 
-3.993163e-01 -7.533071e+00 
-2.274403e-01 -7.539744e+00 
6.871371e-01 1.272747e+01 
4.346274e-02 1.201465e+00 
-8.579646e-02 -3.694203e+00 
-2.089694e-01 -3.852224e+00 
-6.983329e-02 -3.509126e-01 
4.894233e-01 9.475963e+00 
-5.201622e-02 -2.770401e-02 
-1.606838e-01 -6.495444e+00 
4.024718e-02 2.404184e+00 
-4.055804e-01 -6.231193e+00 
-1.083729e-01 -5.831528e+00 
6.223002e-01 1.576285e+01 
1.301852e-01 2.173537e+00 
-1.083508e-02 -3.822141e+00 
-1.991000e-01 -5.436803e+00 
-8.924922e-02 -1.395723e+00 
3.370115e-01 7.508891e+00 
-1.042620e-01 -1.588799e+00 
-1.218827e-01 -6.927822e+00 
3.935532e-02 3.632142e+00 
-3.257496e-01 -1.108130e+01 
-1.464432e-01 -8.189985e+00 
8.565898e-01 1.533120e+01 
5.643303e-02 2.055493e+00 
-8.665322e-02 -4.268987e+00 
-2.604595e-01 -5.063747e+00 
-5.300110e-02 -5.626009e-02 
5.056676e-01 1.051199e+01 
-5.290346e-02 6.176123e-01 
-1.223993e-01 -6.985622e+00 
1.138576e-02 1.864556e+00 
-3.836440e-01 -1.013128e+01 
5.518108e-02 -5.354997e+00 
7.243810e-01 1.869486e+01 
1.472644e-01 2.406903e+00 
-1.446414e-02 -5.086857e+00 
-2.724595e-01 -7.240777e+00 
-1.521200e-01 -2.320643e+00 
4.047128e-01 8.483140e+00 
-6.845270e-02 -8.575412e-01 
-6.261912e-02 -7.117109e+00 
1.267980e-02 4.566524e+00 
3.068158e-01 -1.615019e+01 
3.103498e-02 -7.135416e+00 
8.240357e-01 1.772158e+01 
8.487767e-02 1.723489e+00 
-7.134961e-02 -5.198062e+00 
-3.477877e-01 -7.319328e+00 
-9.430588e-02 -8.721065e-01 
5.065731e-01 1.018376e+01 
-2.176829e-02 8.273005e-01 
-4.359253e-02 -6.665300e+00 
-6.075708e-03 3.611878e+00 
7.666997e-01 -1.685135e+01 
1.407791e-01 -4.789770e+00 
6.515937e-01 2.090883e+01 
1.819106e-01 1.615009e+00 
-6.855947e-06 -6.147909e+00 
-3.021766e-01 -8.482294e+00 
-2.638219e-01 -4.150429e+00 
4.456141e-01 8.216385e+00 
-3.450686e-03 3.956588e-01 
-4.991777e-02 -5.681185e+00 
2.360608e-02 4.454146e+00 
7.370544e-01 -2.361626e+01 
4.621395e-01 -5.755286e+00 
9.518538e-01 2.318415e+01 
1.321490e-01 2.480637e+00 
9.080679e-03 -5.687227e+00 
-3.092487e-01 -8.088424e+00 
-2.738628e-01 -3.635290e+00 
4.715982e-01 7.854326e+00 
5.700760e-02 1.450200e+00 
-6.518181e-02 -2.326594e+00 
4.021705e-02 1.608793e+00 
2.437694e+00 -2.352780e+01 
1.895387e-01 -4.992523e+00 
6.408797e-01 2.058412e+01 
1.612514e-01 1.002005e+00 
7.591823e-02 -4.428437e+00 
-9.816437e-02 -5.072227e+00 
-3.556032e-01 -6.075265e+00 
2.914196e-01 4.857517e+00 
6.051118e-02 1.049179e+00 
1.685003e-02 2.477021e-01 
-2.637186e-02 -4.093228e-01 
