poroelastic
2.119958e+00 1.524693e+01 
-3.854312e-01 -1.639243e-01 
-6.801466e-01 -1.470363e+01 
1.074851e-01 6.533965e+00 
8.327948e-02 4.296243e+00 
1.422296e-02 2.936060e-01 
-6.320017e-02 -2.469468e+00 
-1.852825e-02 -3.779077e+00 
-1.110748e-03 1.657889e+00 
-9.992686e-02 2.996986e+00 
9.223665e-02 -2.590932e+00 
1.688141e+00 1.286125e+01 
-1.670719e-01 1.084698e+00 
-6.158886e-01 -1.689664e+01 
1.094289e-01 7.142825e+00 
9.748810e-02 5.560034e+00 
1.756402e-02 6.528288e-01 
-4.699759e-02 -2.108364e+00 
1.205930e-02 -4.051787e+00 
1.219836e-02 2.237903e+00 
-1.732356e-01 5.114147e+00 
1.430505e-01 -3.670070e+00 
1.498452e+00 1.299750e+01 
-9.020814e-02 3.170980e+00 
-7.262446e-01 -1.582441e+01 
7.618321e-02 6.407418e+00 
8.409484e-02 4.940238e+00 
2.622688e-02 4.075413e-01 
-7.549472e-02 -3.158398e+00 
-2.043211e-02 -4.596476e+00 
1.139096e-02 1.532582e+00 
-1.346841e-01 4.366487e+00 
1.128499e-01 -3.200418e+00 
1.141544e+00 1.094407e+01 
-1.399317e-01 2.063323e+00 
-6.680626e-01 -1.815049e+01 
6.610113e-02 5.926382e+00 
7.427136e-02 5.323285e+00 
2.077747e-02 9.682701e-01 
-3.387586e-02 -1.772494e+00 
2.418160e-02 -3.536073e+00 
1.495707e-02 2.162034e+00 
-1.358671e-01 4.487073e+00 
1.017615e-01 -2.785335e+00 
1.053781e+00 1.166654e+01 
6.049462e-02 5.584030e+00 
-8.597222e-01 -1.635994e+01 
4.511250e-02 4.909289e+00 
7.533587e-02 4.780935e+00 
3.330283e-02 5.283710e-01 
-7.010364e-02 -3.047402e+00 
-3.361247e-02 -4.803026e+00 
2.392871e-02 5.342739e-01 
-7.058343e-02 3.318813e+00 
4.070038e-02 -1.402871e+00 
7.970442e-01 9.567139e+00 
-1.995015e-02 3.945362e+00 
-7.572962e-01 -1.881669e+01 
3.547339e-02 4.508214e+00 
5.786203e-02 5.005556e+00 
2.697226e-02 1.390700e+00 
-3.162569e-02 -1.690420e+00 
1.530856e-02 -2.813364e+00 
9.730770e-03 1.998564e+00 
-8.349954e-02 3.494426e+00 
6.475089e-02 -2.274049e+00 
7.053155e-01 1.041239e+01 
1.428215e-01 6.650669e+00 
-9.061927e-01 -1.707721e+01 
3.064718e-02 4.175162e+00 
7.430026e-02 5.387256e+00 
4.820815e-02 1.270469e+00 
-5.804507e-02 -2.568186e+00 
-5.655499e-02 -4.928341e+00 
2.073271e-02 -1.692600e-01 
-5.127562e-02 2.727623e+00 
2.886210e-02 -1.088947e+00 
3.491042e-01 8.382455e+00 
1.501627e-01 5.243553e+00 
-7.181952e-01 -1.918257e+01 
1.715501e-02 3.943492e+00 
4.991825e-02 5.613789e+00 
4.459746e-02 2.490749e+00 
-2.951575e-02 -1.429688e+00 
5.946507e-03 -2.839488e+00 
-4.165125e-03 2.026976e+00 
-1.140904e-01 3.708613e+00 
1.064885e-01 -3.288322e+00 
3.339661e-01 1.106576e+01 
2.195846e-01 7.516864e+00 
-9.432857e-01 -1.834389e+01 
1.588523e-02 3.737506e+00 
6.812272e-02 6.012065e+00 
6.308545e-02 2.192282e+00 
-6.207820e-02 -2.610663e+00 
-4.270172e-02 -5.422103e+00 
2.791862e-02 -1.210006e-01 
-1.050580e-01 3.572851e+00 
6.569883e-02 -1.754739e+00 
3.905217e-01 8.080862e+00 
9.069063e-02 5.535265e+00 
-8.056187e-01 -2.076697e+01 
-1.339581e-04 3.205107e+00 
3.801098e-02 6.365339e+00 
5.335511e-02 3.127674e+00 
-3.843794e-02 -1.953564e+00 
2.388439e-02 -3.993768e+00 
8.967633e-03 1.938528e+00 
-1.572461e-01 4.511072e+00 
1.183158e-01 -2.881273e+00 
1.939200e-01 1.188323e+01 
1.409169e-01 7.952839e+00 
-9.963548e-01 -1.890986e+01 
-4.752985e-04 2.674078e+00 
4.904623e-02 5.625787e+00 
6.584197e-02 2.195447e+00 
-8.705051e-02 -4.363545e+00 
3.008731e-02 -5.496219e+00 
4.468735e-02 8.033135e-01 
-1.577286e-01 4.710018e+00 
6.570020e-02 -1.413439e+00 
1.155858e-01 1.089685e+01 
2.426430e-02 6.011381e+00 
-8.499887e-01 -2.123255e+01 
-2.315040e-02 2.556865e+00 
2.372199e-02 6.551904e+00 
4.587183e-02 2.737696e+00 
-4.934208e-02 -2.897993e+00 
4.514730e-02 -4.624090e+00 
3.535628e-02 1.791370e+00 
-1.404762e-01 4.881286e+00 
6.587147e-02 -1.640915e+00 
8.850050e-01 1.395133e+01 
-3.493906e-01 5.787981e+00 
-1.093873e+00 -2.312393e+01 
-3.544090e-02 2.979320e+00 
1.221347e-02 6.616865e+00 
6.436510e-02 2.283646e+00 
-6.405819e-02 -3.823660e+00 
-1.458094e-02 -4.850171e+00 
2.322836e-02 1.365124e+00 
-4.094671e-02 3.111686e+00 
1.501415e-02 -6.927346e-01 
-1.564781e+00 1.248372e+01 
4.485379e-01 8.504102e+00 
-7.306118e-01 -1.918460e+01 
-5.530940e-02 2.621504e+00 
-3.184839e-02 5.739207e+00 
9.214317e-03 7.835225e-01 
-9.914328e-03 -9.399736e-01 
-1.078500e-02 -8.424894e-01 
1.130983e-02 8.737229e-01 
-1.743418e-02 -1.008811e+00 
1.737933e-02 1.004653e+00 
