poroelastic
8.176953e-01 6.034572e+00 
1.109055e-01 2.659507e+00 
-3.051279e-01 -5.153103e+00 
-2.913475e-01 -6.713179e+00 
-2.058601e-02 1.642811e+00 
2.688945e-01 5.083774e+00 
3.550060e-01 4.513982e+00 
-1.044896e-01 -4.601085e-01 
-1.946415e-01 -3.352126e+00 
-7.343488e-02 -3.107830e+00 
8.176142e-02 3.301753e+00 
7.206773e-01 6.043278e+00 
4.380291e-01 6.790467e+00 
-3.696894e-01 -1.835090e+00 
-3.315299e-01 -1.041141e+01 
-1.720285e-01 -1.768306e+00 
2.235387e-01 4.581914e+00 
5.123682e-01 6.596797e+00 
-7.181021e-02 4.912862e-01 
-2.539973e-01 -4.103962e+00 
-1.076265e-01 -4.331830e+00 
7.181689e-02 3.449109e+00 
8.738265e-02 1.360536e+00 
4.389823e-01 5.360627e+00 
-2.143857e-01 -2.617275e+00 
-3.545041e-01 -9.505934e+00 
-1.680122e-01 -6.679404e-01 
2.600146e-01 5.849525e+00 
5.469078e-01 7.199492e+00 
-6.074370e-02 3.754790e-01 
-2.243702e-01 -3.721696e+00 
-1.043680e-01 -4.100311e+00 
8.541293e-02 3.646621e+00 
-2.829190e-01 -9.439634e-01 
8.140493e-01 8.848606e+00 
-1.613426e-01 1.887220e+00 
-2.657986e-01 -9.446292e+00 
-1.555889e-01 -2.010753e+00 
1.797822e-01 3.714163e+00 
4.021177e-01 5.234299e+00 
-9.487930e-02 -1.788386e-01 
-2.043894e-01 -3.564601e+00 
-7.119702e-02 -3.226446e+00 
6.794818e-02 3.145380e+00 
-7.632600e-01 -6.726497e+00 
8.457995e-01 7.859537e+00 
-2.604737e-02 1.776193e+00 
-3.005896e-01 -9.322922e+00 
-1.973108e-01 -1.887963e+00 
1.791605e-01 4.503355e+00 
4.748364e-01 6.341739e+00 
-2.916897e-02 4.983983e-01 
-1.465335e-01 -2.235910e+00 
-8.072284e-02 -2.314460e+00 
3.663573e-02 1.304267e+00 
-1.163768e+00 -9.754837e+00 
1.245476e+00 1.095472e+01 
8.381212e-02 6.353790e+00 
-2.067397e-01 -8.598005e+00 
-1.464312e-01 -2.427146e+00 
1.398478e-01 2.808460e+00 
2.729701e-01 3.538451e+00 
-1.264545e-01 -1.162350e+00 
-1.464671e-01 -2.801606e+00 
-3.892077e-02 -2.008480e+00 
8.681815e-02 3.112556e+00 
-1.429614e+00 -1.540061e+01 
1.388207e+00 1.103505e+01 
2.174645e-01 7.087359e+00 
-2.519283e-01 -9.227105e+00 
-2.423849e-01 -3.527762e+00 
5.715054e-02 2.580837e+00 
3.866112e-01 5.396979e+00 
7.697994e-02 1.581578e+00 
-7.448514e-02 -8.848781e-01 
-6.143363e-02 -1.331878e+00 
-4.738489e-03 -1.645104e-01 
-1.606405e+00 -1.853284e+01 
1.674346e+00 1.294374e+01 
3.012274e-01 1.047083e+01 
-1.713052e-01 -8.457321e+00 
-1.688862e-01 -3.292721e+00 
8.034291e-02 1.884502e+00 
2.005246e-01 2.686805e+00 
-9.860233e-02 -1.136573e+00 
-8.761940e-02 -2.057465e+00 
-9.624832e-03 -1.695362e+00 
7.154598e-02 3.284168e+00 
-1.556089e+00 -2.536597e+01 
1.845046e+00 1.302923e+01 
4.569495e-01 1.168301e+01 
-1.964289e-01 -8.738889e+00 
-2.429278e-01 -4.208704e+00 
-1.195789e-02 1.298733e+00 
2.927656e-01 4.252146e+00 
1.019951e-01 1.823778e+00 
-1.999266e-02 2.141144e-01 
-4.254813e-02 -5.935124e-01 
-1.825874e-02 -1.168190e+00 
-1.860095e+00 -2.636504e+01 
2.264849e+00 1.619951e+01 
4.823497e-01 1.524644e+01 
-1.294612e-01 -9.071339e+00 
-1.955708e-01 -4.605269e+00 
1.744559e-02 8.246867e-01 
1.550181e-01 2.153878e+00 
-5.581937e-02 -6.783450e-01 
-4.054920e-02 -1.211942e+00 
8.460512e-03 -1.274458e+00 
2.391674e-02 2.321361e+00 
-1.052573e+00 -3.226177e+01 
2.169153e+00 1.414749e+01 
5.598232e-01 1.413251e+01 
-1.507565e-01 -8.534023e+00 
-2.029618e-01 -3.869183e+00 
1.436423e-03 1.277884e+00 
2.041715e-01 2.989851e+00 
5.084290e-02 9.481473e-01 
6.943372e-03 7.849525e-01 
-3.330389e-02 -1.943411e-01 
-4.556270e-03 -1.268075e+00 
-1.157972e+00 -3.349045e+01 
2.606593e+00 1.757527e+01 
5.182263e-01 1.768037e+01 
-7.056969e-02 -9.300280e+00 
-1.928313e-01 -5.250280e+00 
-2.502582e-02 2.322617e-02 
1.096312e-01 1.600646e+00 
-2.513729e-02 -3.985758e-01 
-2.825497e-03 -2.099596e-01 
6.225768e-03 -2.420869e-01 
4.929433e-03 6.256401e-01 
-8.143698e-01 -3.693669e+01 
2.747240e+00 1.697482e+01 
5.507104e-01 1.666880e+01 
-9.711034e-02 -1.050697e+01 
-2.048218e-01 -4.352230e+00 
6.680118e-02 2.569890e+00 
2.437742e-01 3.474776e+00 
-6.210779e-02 -6.513919e-01 
-2.004244e-02 -2.998988e-01 
6.983174e-03 4.421396e-01 
-1.747953e-02 -7.013553e-01 
8.030886e-01 -3.505630e+01 
2.503954e+00 1.641468e+01 
1.932137e-01 1.523232e+01 
7.430348e-03 -1.075904e+01 
-1.646220e-01 -5.215390e+00 
3.681779e-02 1.477199e+00 
2.071902e-01 2.938965e+00 
-7.561627e-02 -8.627286e-01 
-9.252110e-02 -1.403369e+00 
4.699105e-02 7.478778e-01 
-1.741582e-02 -2.795874e-01 
