poroelastic
1.595010e-02 7.825323e-02 
2.520792e-02 9.089769e-02 
1.783133e-02 4.140887e-02 
-2.128528e-02 -1.654804e-02 
-1.769674e-02 -5.197141e-02 
-1.684495e-02 -7.231071e-02 
-1.624649e-02 -6.562733e-02 
-6.383983e-03 -4.880431e-02 
-1.507348e-03 -5.374649e-02 
2.942557e-04 -5.386266e-02 
1.365837e-03 -3.558351e-02 
6.970459e-04 1.132484e-02 
-1.420132e-03 3.914123e-02 
-2.483694e-04 4.322117e-02 
2.959672e-03 2.050271e-02 
2.066906e-03 -1.981508e-02 
1.959409e-03 -4.040641e-02 
1.777321e-03 -4.445229e-02 
1.184889e-03 -2.660318e-02 
3.500704e-04 3.196432e-03 
2.520087e-04 3.784044e-03 
4.072936e-04 -1.802191e-02 
2.913924e-04 -6.968599e-02 
1.900745e-01 -3.850505e-03 
2.903197e-02 3.638860e-03 
8.726633e-03 -3.661172e-02 
-2.596419e-02 -6.849011e-02 
-1.680926e-02 -6.375265e-02 
-1.362505e-02 -4.891891e-02 
-1.464426e-02 -3.650504e-02 
-5.816470e-03 -4.903541e-02 
2.627088e-04 -7.475341e-02 
3.921804e-03 -8.644184e-02 
5.076430e-03 -6.186595e-02 
-1.024970e-03 1.328063e-02 
-4.449765e-03 6.453210e-02 
-3.717192e-03 8.368551e-02 
8.823122e-04 5.695399e-02 
2.167772e-03 -1.563620e-02 
2.511536e-03 -5.541351e-02 
2.300768e-03 -6.571694e-02 
1.289561e-03 -4.077538e-02 
1.288539e-04 7.431505e-03 
2.632294e-05 1.660481e-02 
2.653381e-04 -5.043304e-03 
3.459433e-04 -6.704991e-02 
3.097745e-02 3.188608e-01 
3.805077e-02 3.326616e-01 
2.912385e-02 1.773276e-01 
-3.872399e-02 -5.127478e-02 
-3.360564e-02 -1.907991e-01 
-2.544255e-02 -2.490422e-01 
-1.200511e-02 -2.045594e-01 
-1.137095e-03 -6.566773e-02 
-1.922620e-03 5.281288e-03 
-4.765400e-03 3.532570e-02 
-5.515997e-03 3.256261e-02 
1.084177e-03 1.296856e-02 
1.112364e-03 1.122428e-02 
1.595284e-03 1.137439e-02 
3.192986e-03 4.083422e-03 
2.250040e-03 -1.342669e-02 
1.817202e-03 -2.427303e-02 
1.689962e-03 -2.672420e-02 
1.412792e-03 -1.662034e-02 
4.639439e-04 -9.126229e-04 
3.619221e-04 -7.403118e-03 
5.502886e-04 -3.195586e-02 
6.802842e-04 -8.217690e-02 
3.306190e-02 1.151559e-01 
2.749950e-02 1.531851e-01 
6.604982e-03 6.907266e-02 
-3.908983e-02 -8.610714e-02 
-2.904252e-02 -1.680756e-01 
-2.158699e-02 -1.968170e-01 
-1.151604e-02 -1.620302e-01 
-9.745524e-04 -7.141764e-02 
-8.146313e-04 -1.854500e-02 
-3.213398e-03 1.519405e-02 
-4.537935e-03 2.974214e-02 
-2.254330e-04 2.595412e-02 
1.195835e-04 2.299998e-02 
1.350788e-03 1.581468e-02 
3.528593e-03 -8.867597e-04 
2.793043e-03 -2.406793e-02 
2.180847e-03 -3.247465e-02 
1.775587e-03 -2.760584e-02 
1.240933e-03 -6.858036e-03 
1.795437e-04 1.405700e-02 
2.410840e-04 1.868632e-03 
6.533464e-04 -3.614004e-02 
1.059558e-03 -1.083718e-01 
2.811192e-01 -1.570733e-01 
1.536309e-02 -2.057462e-02 
5.953651e-04 1.279883e-02 
-3.013048e-02 -5.662456e-02 
-2.232895e-02 -1.108553e-01 
-1.780735e-02 -1.420960e-01 
-1.110182e-02 -1.329826e-01 
-5.763367e-04 -7.789834e-02 
1.201251e-03 -4.628665e-02 
5.847773e-04 -2.216783e-02 
-1.027521e-03 3.439814e-03 
-2.152512e-03 3.316229e-02 
-3.169846e-03 5.367987e-02 
-2.082356e-03 5.615915e-02 
1.634958e-03 2.955099e-02 
3.062685e-03 -2.354895e-02 
2.878616e-03 -4.880320e-02 
2.336676e-03 -4.920828e-02 
1.284967e-03 -2.037893e-02 
-1.799262e-06 2.111339e-02 
1.073527e-05 1.771558e-02 
4.473333e-04 -2.062038e-02 
9.007886e-04 -1.026358e-01 
1.925774e-01 5.563469e-01 
7.729263e-02 6.358725e-01 
2.587602e-02 3.987108e-01 
-5.169601e-02 -5.048854e-02 
-4.338953e-02 -3.395107e-01 
-2.730901e-02 -4.642623e-01 
-1.021380e-03 -3.767821e-01 
4.575738e-03 -7.063267e-02 
-5.396403e-03 1.129382e-01 
-1.478854e-02 1.935687e-01 
-1.700876e-02 1.606506e-01 
1.089295e-03 2.248950e-02 
6.572918e-03 -5.198551e-02 
8.135325e-03 -8.322013e-02 
6.924010e-03 -7.464308e-02 
2.803693e-03 -2.754543e-02 
8.176613e-04 3.109972e-03 
4.035118e-04 2.261851e-02 
9.727481e-04 3.267396e-02 
1.716334e-04 2.192077e-02 
4.230114e-04 -1.100697e-02 
1.022817e-03 -6.122004e-02 
1.614130e-03 -1.339073e-01 
4.007857e-02 1.228298e-01 
1.799431e-02 2.203709e-01 
-1.717807e-02 1.189149e-01 
-4.189417e-02 -1.426454e-01 
-2.867342e-02 -2.896621e-01 
-1.538348e-02 -3.302932e-01 
1.139135e-03 -2.338110e-01 
1.760901e-03 -1.668970e-02 
-6.214499e-03 1.114655e-01 
-1.331765e-02 1.638640e-01 
-1.315229e-02 1.218348e-01 
2.695459e-03 -1.067050e-03 
7.315722e-03 -6.965494e-02 
8.438958e-03 -9.694825e-02 
6.158245e-03 -7.669687e-02 
1.534129e-03 -1.465729e-02 
-3.820116e-04 2.506246e-02 
-5.246062e-04 4.762852e-02 
5.885503e-04 4.922294e-02 
1.107249e-04 1.979021e-02 
5.424014e-04 -2.031279e-02 
1.139777e-03 -6.778453e-02 
1.606494e-03 -1.237542e-01 
3.845800e-01 -4.569374e-01 
-2.467481e-02 -1.833216e-01 
-2.813772e-02 -5.042754e-02 
-2.598463e-02 -7.594804e-02 
-1.607361e-02 -1.044431e-01 
-1.161473e-02 -1.263497e-01 
-5.780592e-03 -1.204858e-01 
1.029800e-03 -6.275764e-02 
7.802700e-06 -1.441033e-02 
-2.978132e-03 2.624720e-02 
-5.097697e-03 4.617044e-02 
-1.403719e-03 3.018151e-02 
-2.657394e-04 1.772876e-02 
1.134944e-03 3.290327e-03 
3.344749e-03 -1.659613e-02 
3.685745e-03 -3.597378e-02 
2.512787e-03 -3.612049e-02 
1.559064e-03 -2.071081e-02 
7.244380e-04 1.194032e-02 
-5.404277e-04 4.225135e-02 
-2.965514e-04 2.356673e-02 
5.874117e-04 -3.284441e-02 
1.983067e-03 -1.328119e-01 
