poroelastic
-1.754763e-01 -6.079942e-03 
-1.854928e-01 7.246606e-02 
-1.254188e-01 1.848420e-01 
1.301721e-01 2.299227e-01 
1.261022e-01 3.171119e-01 
1.158278e-01 3.465650e-01 
1.113582e-01 3.157544e-01 
6.930243e-02 2.276272e-01 
2.624640e-02 1.303321e-01 
2.064181e-02 5.035237e-02 
2.512789e-02 -7.122041e-03 
2.414508e-03 -2.904223e-02 
-2.941637e-03 -5.239261e-03 
-7.931498e-03 2.147534e-02 
-1.217383e-02 4.001813e-02 
-1.076824e-02 4.794144e-02 
-6.984153e-03 3.683461e-02 
-4.112292e-03 1.194959e-02 
-3.515005e-03 -1.785368e-02 
-3.730941e-03 -2.444895e-02 
-4.059034e-03 1.181881e-02 
-4.895450e-03 7.413346e-02 
-2.492975e-03 1.678632e-01 
-4.911074e-01 -4.066652e-01 
-2.211560e-01 -2.836143e-01 
-1.561544e-01 -4.166928e-02 
1.263314e-01 1.640362e-01 
1.373579e-01 3.402135e-01 
1.306028e-01 4.266660e-01 
1.108299e-01 4.168577e-01 
4.503744e-02 2.952909e-01 
3.509128e-03 1.884550e-01 
-8.618182e-03 9.350471e-02 
-3.863476e-03 -4.229562e-03 
1.421556e-02 -8.219549e-02 
1.792124e-02 -1.142903e-01 
1.513522e-02 -1.123202e-01 
4.530392e-03 -6.681192e-02 
-7.305281e-03 2.232894e-02 
-9.928920e-03 6.524542e-02 
-9.161653e-03 7.061697e-02 
-5.538402e-03 3.512226e-02 
-1.516628e-04 -4.046526e-02 
-6.574929e-04 -3.716625e-02 
-3.548512e-03 3.037425e-02 
-4.126643e-03 1.642611e-01 
6.687117e-01 1.489437e-01 
-7.318947e-03 4.273451e-01 
-4.204294e-03 5.080410e-01 
2.241922e-01 4.553195e-01 
1.576388e-01 4.385791e-01 
1.145880e-01 3.869566e-01 
8.363192e-02 3.119748e-01 
3.687291e-02 2.257906e-01 
6.185911e-03 1.481709e-01 
-2.337398e-03 7.719024e-02 
8.208857e-05 7.709389e-03 
8.130868e-03 -4.898618e-02 
1.138970e-02 -7.392141e-02 
1.054058e-02 -7.703676e-02 
4.634306e-03 -5.474825e-02 
-3.168278e-03 -5.500604e-03 
-5.911927e-03 2.619698e-02 
-6.582199e-03 3.644040e-02 
-5.436271e-03 1.890000e-02 
-1.749511e-03 -2.764918e-02 
-2.143729e-03 -1.227684e-02 
-5.146215e-03 5.488111e-02 
-6.824542e-03 1.771980e-01 
-2.289679e-01 1.693674e-01 
-9.897998e-02 3.176064e-01 
4.044424e-02 4.626122e-01 
2.751463e-01 5.331664e-01 
1.994576e-01 6.000435e-01 
1.413578e-01 5.771305e-01 
7.237196e-02 4.432081e-01 
7.812328e-03 1.989211e-01 
-3.664311e-03 3.611863e-02 
2.978895e-03 -5.983758e-02 
1.459474e-02 -9.338118e-02 
9.174305e-03 -5.776206e-02 
4.205615e-03 -3.108221e-02 
1.404971e-03 -1.641960e-02 
-8.995981e-04 -8.664191e-03 
-1.767178e-03 -6.287943e-03 
-1.194695e-03 -7.247262e-03 
-9.292968e-04 -1.375524e-02 
-1.430844e-03 -2.815725e-02 
-1.248751e-03 -3.790553e-02 
-3.396217e-03 3.252844e-03 
-7.428231e-03 8.295423e-02 
-9.933192e-03 2.038790e-01 
-9.297669e-01 -4.144731e-01 
-2.121295e-01 -1.827230e-01 
-1.950226e-02 2.270480e-01 
3.051474e-01 5.456797e-01 
2.383769e-01 7.261909e-01 
1.620392e-01 7.213556e-01 
6.120208e-02 5.354450e-01 
-8.695804e-03 1.932857e-01 
-9.013193e-03 -3.018384e-02 
6.178828e-03 -1.535451e-01 
2.349307e-02 -1.721104e-01 
1.159095e-02 -7.304631e-02 
4.027334e-04 -6.560966e-03 
-5.201858e-03 2.897724e-02 
-6.249363e-03 3.461162e-02 
-1.451085e-03 1.001315e-03 
2.118450e-03 -2.609251e-02 
3.522239e-03 -4.492312e-02 
2.447445e-03 -5.771659e-02 
6.236943e-04 -5.414641e-02 
-2.923243e-03 -2.177695e-03 
-8.019286e-03 8.490974e-02 
-1.149274e-02 2.067009e-01 
9.627283e-01 2.656045e-01 
3.374687e-01 8.910691e-01 
3.441669e-01 1.121539e+00 
4.409223e-01 1.028544e+00 
2.192739e-01 8.294980e-01 
8.974805e-02 5.406219e-01 
5.764412e-03 2.173539e-01 
-8.985383e-03 -3.526094e-02 
4.325320e-03 -1.562587e-01 
1.899715e-02 -1.911156e-01 
2.821704e-02 -1.388336e-01 
1.134751e-03 4.296830e-03 
-1.365484e-02 9.068196e-02 
-1.762176e-02 1.157578e-01 
-1.227932e-02 8.119507e-02 
2.751338e-03 -2.238413e-02 
1.055856e-02 -8.675676e-02 
1.184164e-02 -1.125976e-01 
7.195943e-03 -1.058969e-01 
2.253466e-04 -5.440569e-02 
-6.114787e-03 2.916036e-02 
-1.287561e-02 1.306264e-01 
-1.778813e-02 2.510739e-01 
-6.738417e-02 5.640539e-01 
2.751584e-01 8.825194e-01 
4.135283e-01 1.060529e+00 
3.327440e-01 9.439985e-01 
1.421899e-01 7.074358e-01 
3.402056e-02 4.054444e-01 
-2.793966e-02 7.570846e-02 
-1.011195e-02 -1.463810e-01 
8.666538e-03 -2.294200e-01 
2.133879e-02 -2.238097e-01 
2.367367e-02 -1.272968e-01 
-3.881850e-03 4.189721e-02 
-1.786834e-02 1.266657e-01 
-2.092898e-02 1.419132e-01 
-1.248304e-02 8.420081e-02 
7.840717e-03 -5.023588e-02 
1.669334e-02 -1.254292e-01 
1.671326e-02 -1.451347e-01 
8.643496e-03 -1.108516e-01 
-1.982758e-03 -1.593821e-02 
-8.498374e-03 6.573182e-02 
-1.262425e-02 1.268686e-01 
-1.327494e-02 1.639009e-01 
-9.038532e-01 4.220871e-02 
9.703638e-02 3.003184e-01 
3.355620e-01 6.891904e-01 
3.128914e-01 8.408117e-01 
1.453364e-01 7.549188e-01 
3.015539e-02 5.176455e-01 
-4.800206e-02 1.611147e-01 
-8.278162e-03 -1.595235e-01 
1.704848e-02 -3.086915e-01 
3.140608e-02 -3.345713e-01 
3.352955e-02 -2.292101e-01 
3.918363e-03 -2.172013e-03 
-1.864711e-02 1.449530e-01 
-2.925630e-02 2.056134e-01 
-2.390044e-02 1.597558e-01 
2.222452e-03 -8.055220e-03 
1.606464e-02 -1.147502e-01 
2.024196e-02 -1.654398e-01 
1.475747e-02 -1.528952e-01 
3.757074e-03 -5.088430e-02 
-6.225125e-03 4.808053e-02 
-1.431195e-02 1.322381e-01 
-1.940159e-02 1.978355e-01 
