poroelastic
-1.232780e-01 3.867207e-02 
-1.176672e-01 1.166795e-01 
-7.226091e-02 1.639939e-01 
9.065091e-02 1.521119e-01 
8.908050e-02 2.365002e-01 
8.376159e-02 2.861679e-01 
7.340714e-02 3.033258e-01 
2.701225e-02 2.420328e-01 
-1.889274e-03 9.438309e-02 
2.291822e-03 -3.996288e-02 
2.343450e-02 -1.194030e-01 
1.563773e-02 -9.218461e-02 
7.970331e-04 -2.063822e-02 
-8.597588e-03 3.224715e-02 
-1.252009e-02 5.922797e-02 
-1.028571e-02 6.760622e-02 
-5.417434e-03 4.357007e-02 
-1.187749e-04 -3.205309e-03 
3.010013e-03 -5.480290e-02 
1.308039e-03 -6.754498e-02 
-1.376569e-03 -2.837995e-02 
-3.600895e-03 4.071518e-02 
-2.379470e-03 1.436702e-01 
-3.944994e-01 -1.035182e-01 
-1.218211e-01 -6.334368e-02 
-9.406341e-02 -2.057274e-02 
6.882478e-02 5.016890e-02 
8.762727e-02 2.173980e-01 
9.606761e-02 3.616254e-01 
7.445061e-02 4.242031e-01 
6.774963e-03 2.924061e-01 
-1.884599e-02 1.288144e-01 
-1.744140e-02 -2.372189e-02 
7.514357e-03 -1.473255e-01 
2.818367e-02 -1.516495e-01 
1.900896e-02 -1.146429e-01 
8.199905e-03 -6.283533e-02 
-4.307805e-03 6.984788e-03 
-1.079459e-02 7.011219e-02 
-9.607375e-03 8.087900e-02 
-5.433833e-03 5.602817e-02 
1.561067e-03 -9.705659e-03 
6.690845e-03 -1.103145e-01 
3.113191e-03 -1.012381e-01 
-2.494531e-03 -3.347473e-03 
-4.855397e-03 1.819550e-01 
5.063283e-01 1.900309e-01 
1.429025e-02 4.035364e-01 
1.731149e-02 3.967805e-01 
1.437731e-01 3.080723e-01 
9.834869e-02 3.010409e-01 
7.207450e-02 2.925291e-01 
4.445255e-02 2.712130e-01 
4.280787e-03 2.040445e-01 
-1.287169e-02 1.050055e-01 
-1.336347e-02 1.337986e-04 
1.577606e-03 -9.356413e-02 
1.990296e-02 -1.110220e-01 
1.491187e-02 -8.785315e-02 
7.359733e-03 -5.031217e-02 
-1.294537e-03 -2.692132e-03 
-6.035237e-03 3.460018e-02 
-6.122165e-03 4.592686e-02 
-3.733480e-03 3.284798e-02 
1.116774e-03 -1.239320e-02 
5.490483e-03 -8.610035e-02 
2.744914e-03 -7.484479e-02 
-2.539032e-03 7.480855e-03 
-6.412973e-03 1.619733e-01 
-1.585873e-01 2.554115e-01 
-3.194637e-02 3.979080e-01 
6.614338e-02 4.538856e-01 
1.943638e-01 4.359975e-01 
1.312666e-01 4.631890e-01 
8.394162e-02 4.411938e-01 
2.219082e-02 3.316724e-01 
-1.677394e-02 1.189808e-01 
-1.303756e-02 -3.149141e-02 
-9.437034e-04 -1.219513e-01 
1.499914e-02 -1.447659e-01 
1.197873e-02 -7.020688e-02 
2.127533e-03 -1.403604e-02 
-2.893167e-03 1.653176e-02 
-3.848088e-03 2.451271e-02 
-8.755631e-04 6.574756e-03 
1.352617e-03 -1.100177e-02 
3.190885e-03 -3.061829e-02 
3.925989e-03 -5.187983e-02 
3.388998e-03 -6.641370e-02 
2.384323e-04 -3.226847e-02 
-4.191930e-03 3.936111e-02 
-7.305430e-03 1.481753e-01 
-7.715968e-01 -2.851251e-01 
-1.226801e-01 -2.986991e-04 
3.505889e-02 3.388022e-01 
2.428791e-01 5.312834e-01 
1.682275e-01 6.099989e-01 
9.528942e-02 5.471832e-01 
9.274681e-03 3.558556e-01 
-2.423629e-02 7.754469e-02 
-1.124221e-02 -9.680529e-02 
6.431174e-03 -1.880855e-01 
2.291897e-02 -1.832674e-01 
9.150061e-03 -5.507610e-02 
-5.421096e-03 3.123361e-02 
-1.162495e-02 7.240126e-02 
-9.173444e-03 6.454163e-02 
1.757344e-03 -4.345330e-03 
7.028692e-03 -5.050706e-02 
8.507573e-03 -7.310244e-02 
6.521971e-03 -7.674502e-02 
2.827810e-03 -5.917981e-02 
-1.107467e-03 -1.160043e-02 
-5.224041e-03 5.456292e-02 
-7.487025e-03 1.330874e-01 
1.051744e+00 5.614388e-01 
4.124423e-01 1.243330e+00 
3.965335e-01 1.337823e+00 
3.198483e-01 9.851507e-01 
1.052968e-01 5.695252e-01 
1.035680e-03 1.776508e-01 
-3.581796e-02 -1.151733e-01 
-1.032939e-02 -1.522670e-01 
2.528261e-03 -1.165253e-01 
6.232971e-03 -7.463389e-02 
5.322202e-03 -2.739371e-02 
-3.716907e-03 2.524666e-02 
-9.294463e-03 5.884719e-02 
-1.031076e-02 6.628945e-02 
-4.976069e-03 3.574409e-02 
7.151954e-03 -4.011474e-02 
1.177556e-02 -8.326072e-02 
1.172462e-02 -9.711787e-02 
7.488723e-03 -8.561583e-02 
1.539405e-03 -4.314965e-02 
-3.051253e-03 1.280228e-02 
-7.092600e-03 7.217010e-02 
-9.318250e-03 1.310105e-01 
1.774632e-03 7.618426e-01 
3.676065e-01 1.197833e+00 
4.273499e-01 1.303957e+00 
2.125747e-01 8.784931e-01 
3.837571e-02 4.055585e-01 
-3.997788e-02 -5.583020e-03 
-4.753970e-02 -2.796528e-01 
-3.698452e-03 -2.374047e-01 
6.244807e-03 -1.340845e-01 
3.641637e-03 -3.447299e-02 
-5.117032e-03 4.368700e-02 
-1.105071e-02 7.250669e-02 
-1.071128e-02 6.786302e-02 
-6.358420e-03 3.922697e-02 
2.038306e-03 -1.143632e-02 
1.249716e-02 -7.341075e-02 
1.436143e-02 -9.968278e-02 
1.150929e-02 -9.276144e-02 
4.387804e-03 -5.298812e-02 
-2.564142e-03 1.052081e-02 
-5.174115e-03 4.686470e-02 
-5.156169e-03 5.538038e-02 
-2.142743e-03 2.656521e-02 
-7.623545e-01 -7.797906e-02 
1.656398e-01 4.898464e-01 
3.437698e-01 9.170713e-01 
2.097708e-01 8.050478e-01 
5.965291e-02 5.376090e-01 
-2.810401e-02 2.139576e-01 
-6.223303e-02 -1.207880e-01 
-4.066614e-03 -2.575054e-01 
1.501094e-02 -2.712742e-01 
1.957695e-02 -2.096089e-01 
1.289099e-02 -8.189008e-02 
-7.839627e-03 6.354527e-02 
-2.104837e-02 1.426893e-01 
-2.427204e-02 1.545515e-01 
-1.297942e-02 8.060658e-02 
1.410371e-02 -7.441719e-02 
2.189594e-02 -1.454168e-01 
2.015200e-02 -1.540555e-01 
1.027773e-02 -1.019633e-01 
-2.489273e-03 1.324707e-02 
-8.219520e-03 7.404063e-02 
-7.952317e-03 7.732734e-02 
-1.714689e-03 1.765155e-02 
