poroelastic
4.269657e-02 -1.338529e-01 
2.898522e-02 -2.174560e-01 
-1.182309e-02 -2.660427e-01 
-7.174460e-02 -2.943902e-01 
-4.410966e-02 -2.765772e-01 
-2.453989e-02 -2.130431e-01 
-9.218659e-03 -1.208456e-01 
-1.523584e-03 -9.726205e-03 
-4.914178e-03 8.206371e-02 
-1.196846e-02 1.270480e-01 
-1.311785e-02 9.571944e-02 
6.980185e-03 -2.577069e-02 
9.579623e-03 -9.298081e-02 
8.640735e-03 -1.122985e-01 
4.825994e-03 -8.281453e-02 
6.269586e-04 -1.263533e-02 
-5.388941e-04 3.385939e-02 
-5.342137e-04 6.031420e-02 
3.874352e-04 6.269079e-02 
4.316288e-04 3.048429e-02 
4.887982e-04 -1.528026e-02 
4.882211e-04 -6.943972e-02 
3.402546e-05 -1.328942e-01 
8.665192e-02 4.279577e-01 
6.895361e-02 2.924969e-01 
3.204657e-02 8.152190e-02 
-5.603910e-02 -1.622873e-01 
-4.918679e-02 -2.977464e-01 
-3.332729e-02 -3.317893e-01 
-7.947656e-03 -2.556556e-01 
4.588582e-03 -6.567834e-02 
-1.215496e-03 8.886509e-02 
-1.103760e-02 1.818268e-01 
-1.688314e-02 1.722873e-01 
2.058353e-03 2.612239e-02 
7.961560e-03 -7.283596e-02 
8.929613e-03 -1.221761e-01 
5.364819e-03 -1.077523e-01 
6.040971e-04 -2.252623e-02 
-7.509306e-04 3.332093e-02 
-8.871587e-04 6.361041e-02 
-2.580445e-05 6.569880e-02 
2.726897e-04 3.171087e-02 
3.907203e-04 -1.049481e-02 
4.442299e-04 -5.739195e-02 
1.515522e-04 -1.101605e-01 
-7.174370e-01 -5.219435e-01 
-1.302424e-01 -7.648158e-01 
-8.825078e-02 -6.684724e-01 
-7.289338e-02 -4.207880e-01 
-2.319668e-02 -2.001614e-01 
-3.261280e-03 -2.627864e-02 
-2.078128e-03 5.763785e-02 
-3.060305e-03 1.888501e-02 
-2.692283e-03 1.478988e-02 
-4.082394e-03 2.366335e-02 
-4.710873e-03 2.472983e-02 
2.882217e-03 -1.034326e-02 
4.025507e-03 -3.747040e-02 
3.943998e-03 -4.843069e-02 
2.616893e-03 -3.768475e-02 
4.076307e-04 -2.236789e-03 
-3.301406e-04 2.343589e-02 
-3.142890e-04 3.897762e-02 
2.986065e-04 4.292282e-02 
1.597237e-04 2.641082e-02 
3.111154e-04 -8.332306e-03 
5.204583e-04 -5.388517e-02 
5.292731e-04 -1.111289e-01 
5.357538e-02 -2.415168e-01 
-3.228095e-02 -4.168517e-01 
-7.329637e-02 -4.803053e-01 
-7.899935e-02 -4.134476e-01 
-3.668401e-02 -3.185670e-01 
-1.197965e-02 -1.982088e-01 
2.823036e-03 -6.078241e-02 
3.768974e-04 4.690961e-02 
-5.161664e-03 1.120068e-01 
-1.026399e-02 1.323168e-01 
-9.790771e-03 8.934473e-02 
4.562138e-03 -1.765732e-02 
7.186662e-03 -7.664722e-02 
6.812350e-03 -9.486936e-02 
3.756644e-03 -6.705031e-02 
1.287054e-04 1.890416e-03 
-8.731362e-04 4.253173e-02 
-7.079551e-04 6.089774e-02 
2.572652e-04 5.548179e-02 
1.607405e-04 2.079785e-02 
4.180806e-04 -2.126964e-02 
7.076389e-04 -6.725597e-02 
8.109679e-04 -1.181906e-01 
1.360574e-01 6.789530e-01 
6.815262e-02 2.953088e-01 
-1.838974e-02 -1.012910e-01 
-7.995164e-02 -3.523660e-01 
-4.900088e-02 -3.993674e-01 
-2.039642e-02 -3.260370e-01 
5.274176e-03 -1.646189e-01 
3.956985e-03 2.036937e-02 
-4.828340e-03 1.391390e-01 
-1.287137e-02 1.928236e-01 
-1.458004e-02 1.521244e-01 
3.089222e-03 5.857823e-03 
8.203463e-03 -8.544309e-02 
8.752370e-03 -1.252113e-01 
4.970992e-03 -1.000026e-01 
1.362062e-04 -7.937824e-03 
-1.253245e-03 4.760889e-02 
-1.225437e-03 7.378548e-02 
-7.722865e-05 6.820960e-02 
1.796169e-04 2.558115e-02 
4.376119e-04 -1.940709e-02 
6.771837e-04 -6.467318e-02 
6.618078e-04 -1.105289e-01 
-1.067301e+00 -8.640552e-01 
-3.183809e-01 -1.327881e+00 
-1.998602e-01 -1.194302e+00 
-8.373716e-02 -6.629084e-01 
-6.367944e-03 -1.911097e-01 
1.515563e-02 1.520137e-01 
1.528081e-03 2.903614e-01 
-7.670958e-03 1.325654e-01 
-4.298752e-03 2.319545e-02 
-1.088147e-03 -3.774065e-02 
1.914448e-03 -5.754103e-02 
4.731631e-03 -4.396735e-02 
3.273647e-03 -3.603283e-02 
2.208938e-03 -2.602866e-02 
1.168709e-03 -8.641468e-03 
-6.994286e-05 1.559935e-02 
-4.527964e-04 3.067329e-02 
-1.960735e-04 3.740556e-02 
5.636033e-04 3.494041e-02 
1.545070e-04 1.701499e-02 
3.816735e-04 -1.699059e-02 
7.743071e-04 -6.010875e-02 
1.082782e-03 -1.132278e-01 
4.000391e-02 -3.915413e-01 
-1.368105e-01 -7.370616e-01 
-1.377827e-01 -7.984933e-01 
-5.372554e-02 -4.803408e-01 
-4.008555e-03 -1.737650e-01 
1.233515e-02 7.126124e-02 
4.893773e-03 1.973211e-01 
-4.954935e-03 1.233548e-01 
-4.342063e-03 6.149612e-02 
-2.648686e-03 1.397816e-02 
1.953479e-04 -1.899888e-02 
3.465639e-03 -3.248258e-02 
2.879469e-03 -3.474308e-02 
2.003946e-03 -2.743682e-02 
8.157094e-04 -9.323314e-03 
-3.448944e-04 1.624956e-02 
-5.769057e-04 2.867592e-02 
-2.612191e-04 3.133034e-02 
3.687498e-04 2.510186e-02 
9.133428e-05 8.144817e-03 
3.142570e-04 -1.594917e-02 
6.128714e-04 -4.365577e-02 
8.557214e-04 -7.575535e-02 
4.517791e-02 9.787482e-01 
5.144238e-02 2.987237e-01 
-6.486783e-02 -2.304911e-01 
-6.619921e-02 -3.989209e-01 
-2.800751e-02 -3.689031e-01 
-3.024307e-04 -2.351358e-01 
1.448556e-02 -3.004506e-02 
-2.501267e-03 1.293790e-01 
-1.084443e-02 1.967758e-01 
-1.447773e-02 1.950751e-01 
-1.059523e-02 1.150137e-01 
4.907208e-03 -2.573864e-02 
9.016267e-03 -1.071396e-01 
8.998028e-03 -1.347520e-01 
4.791191e-03 -9.626139e-02 
-3.887082e-04 3.017967e-03 
-1.871979e-03 5.970000e-02 
-1.682776e-03 8.359281e-02 
-2.602125e-04 7.060499e-02 
-9.602608e-05 1.734341e-02 
4.543469e-04 -2.901396e-02 
9.852086e-04 -6.870956e-02 
1.363183e-03 -1.007921e-01 
