poroelastic
-5.849833e-02 -6.991168e-02 
-7.436739e-02 -5.236003e-02 
-3.655981e-02 7.531111e-02 
7.460856e-02 1.820403e-01 
5.563243e-02 1.717308e-01 
3.343639e-02 1.102306e-01 
1.792142e-02 -1.358829e-02 
2.117604e-02 -9.664837e-02 
2.138366e-02 -9.752047e-03 
1.172824e-02 1.007048e-01 
-1.270537e-02 1.620450e-01 
-1.456098e-02 7.600193e-02 
7.376446e-04 -6.634198e-03 
6.277238e-03 -4.582551e-02 
4.125319e-03 -4.731445e-02 
9.623647e-04 -2.888572e-02 
-1.817882e-03 -5.842592e-04 
-4.784955e-03 3.266138e-02 
-6.247879e-03 5.874799e-02 
-3.547790e-03 5.447284e-02 
-1.124727e-03 3.475245e-02 
2.647810e-04 6.728348e-03 
4.327690e-04 -3.128833e-02 
-5.842022e-02 -4.907298e-01 
-1.178609e-01 -3.092817e-01 
-4.460912e-02 3.665457e-02 
1.009890e-01 2.611499e-01 
6.922326e-02 2.391702e-01 
2.809873e-02 1.033566e-01 
7.911576e-03 -6.230319e-02 
1.744196e-02 -9.295515e-02 
1.645770e-02 6.804910e-03 
2.920305e-03 1.275958e-01 
-2.478999e-02 1.976412e-01 
-1.517696e-02 9.055508e-02 
4.456991e-03 -1.979313e-02 
1.516576e-02 -9.593576e-02 
1.507277e-02 -1.208485e-01 
4.274863e-03 -5.675005e-02 
-2.280441e-03 3.247523e-03 
-6.177706e-03 4.701953e-02 
-7.597074e-03 7.545723e-02 
-4.936535e-03 8.015945e-02 
-1.566367e-03 5.170294e-02 
1.059430e-03 -1.098166e-03 
1.765198e-03 -7.623362e-02 
2.067453e-01 -7.172137e-02 
-3.006496e-02 7.935832e-03 
-1.087430e-02 1.741432e-01 
1.266710e-01 2.866030e-01 
8.739438e-02 2.757432e-01 
5.035231e-02 1.899328e-01 
2.539924e-02 5.863231e-02 
1.625459e-02 -4.596306e-02 
1.521137e-02 -3.063461e-02 
1.231241e-02 3.478483e-02 
-1.920039e-03 1.031726e-01 
-1.350600e-02 7.538377e-02 
-3.607026e-03 1.792616e-02 
4.131306e-03 -3.198587e-02 
6.360812e-03 -5.946283e-02 
1.821192e-03 -3.553829e-02 
-1.474800e-03 -6.183220e-03 
-4.342865e-03 2.049959e-02 
-6.711920e-03 4.449200e-02 
-5.839133e-03 5.925387e-02 
-3.421563e-03 5.291142e-02 
-1.342038e-03 2.992086e-02 
3.074735e-04 -8.494177e-03 
-7.599958e-02 -1.702028e-01 
-8.208633e-02 -1.635721e-01 
-2.758968e-02 -1.127898e-02 
9.348643e-02 1.566421e-01 
7.210448e-02 1.960460e-01 
5.046596e-02 1.674608e-01 
3.434699e-02 1.036514e-01 
1.472376e-02 4.709388e-02 
5.710649e-03 4.866750e-02 
1.207440e-04 6.481191e-02 
-6.409176e-03 6.664481e-02 
-8.236666e-04 4.217628e-03 
6.944809e-03 -4.508610e-02 
9.409360e-03 -6.679431e-02 
5.571727e-03 -5.511225e-02 
-2.358309e-03 -2.710110e-03 
-5.332142e-03 2.957449e-02 
-6.353027e-03 4.436065e-02 
-5.674785e-03 4.321661e-02 
-2.940923e-03 2.675052e-02 
-1.515922e-03 1.742881e-02 
-1.035400e-03 1.443517e-02 
-8.947512e-04 1.936244e-02 
-6.641038e-02 -1.790373e-01 
-8.552886e-02 -2.510214e-01 
-6.495857e-02 -1.705858e-01 
4.849289e-02 5.169898e-03 
5.934426e-02 1.255091e-01 
5.600031e-02 1.948932e-01 
3.645413e-02 1.938417e-01 
5.654224e-03 1.041678e-01 
-2.116765e-03 5.521947e-02 
-4.217823e-03 3.311735e-02 
-4.461356e-03 1.560604e-02 
5.894599e-03 -3.482142e-02 
1.149727e-02 -7.206022e-02 
1.207217e-02 -8.237251e-02 
6.083388e-03 -5.597803e-02 
-4.516982e-03 1.568388e-02 
-8.126585e-03 5.545236e-02 
-7.970012e-03 6.383405e-02 
-4.771058e-03 4.375956e-02 
-4.009212e-04 3.092369e-03 
7.392161e-04 -1.314959e-02 
9.921464e-05 -6.392018e-03 
-1.493992e-03 2.851896e-02 
-2.275870e-01 -4.955898e-01 
-2.043915e-01 -6.697981e-01 
-1.439487e-01 -4.787227e-01 
1.018762e-01 -3.508993e-02 
1.331468e-01 3.257617e-01 
1.131120e-01 5.187443e-01 
4.568637e-02 4.963212e-01 
-7.211421e-03 1.564125e-01 
4.488846e-04 -8.787033e-02 
1.889214e-02 -1.997853e-01 
3.292769e-02 -1.824916e-01 
7.000977e-03 -3.954655e-02 
-7.054173e-03 4.129156e-02 
-1.150184e-02 6.946230e-02 
-1.091805e-02 6.484673e-02 
-6.349342e-03 3.403727e-02 
-2.263174e-03 8.771682e-03 
-3.864443e-04 -7.135808e-03 
-3.469232e-04 -1.553549e-02 
-8.240554e-04 -1.111045e-02 
-2.032695e-03 9.341655e-03 
-4.190142e-03 4.349644e-02 
-6.417879e-03 9.579912e-02 
-1.082664e-01 -4.019594e-01 
-2.060724e-01 -6.388728e-01 
-1.325478e-01 -5.666807e-01 
9.440188e-02 -7.166159e-02 
1.262219e-01 3.431972e-01 
1.049775e-01 5.801761e-01 
2.600912e-02 5.576579e-01 
-1.513583e-02 1.658939e-01 
9.683965e-04 -1.219848e-01 
2.433099e-02 -2.723426e-01 
4.062562e-02 -2.598616e-01 
1.146922e-02 -6.733226e-02 
-9.307322e-03 6.330436e-02 
-2.003079e-02 1.313971e-01 
-1.993265e-02 1.300878e-01 
-6.290927e-03 4.038078e-02 
2.538425e-03 -2.227178e-02 
6.184876e-03 -5.743898e-02 
5.040712e-03 -6.478292e-02 
4.924639e-04 -2.543818e-02 
-3.202954e-03 1.983594e-02 
-6.551483e-03 6.571537e-02 
-9.126309e-03 1.183062e-01 
6.191375e-02 1.220140e-01 
-1.251999e-01 -3.710625e-01 
-1.386533e-01 -5.218109e-01 
3.695502e-02 -1.568305e-01 
7.335679e-02 1.214687e-01 
6.955439e-02 2.977763e-01 
2.567179e-02 3.640430e-01 
-1.194474e-02 1.938234e-01 
-5.675105e-03 3.723013e-02 
7.072337e-03 -8.951534e-02 
2.066943e-02 -1.581809e-01 
1.658075e-02 -1.102047e-01 
8.938539e-03 -5.650588e-02 
9.662216e-04 -2.803981e-03 
-8.306424e-03 5.349256e-02 
-1.471825e-02 9.037347e-02 
-1.078470e-02 7.470704e-02 
-4.439146e-03 3.290191e-02 
2.252831e-03 -2.261169e-02 
6.993418e-03 -7.044291e-02 
4.874987e-03 -5.405587e-02 
-2.447905e-03 1.814296e-02 
-1.352467e-02 1.442867e-01 
