poroelastic
-1.804067e-02 1.168198e-01 
-3.131991e-03 1.828122e-01 
1.842654e-02 1.992798e-01 
2.876589e-02 1.959986e-01 
1.373754e-02 1.684211e-01 
-1.021996e-04 1.129104e-01 
-1.442401e-02 4.303170e-02 
-1.024863e-02 -4.010403e-02 
-1.419504e-03 -1.121769e-01 
5.911003e-03 -1.444789e-01 
9.843522e-03 -1.115444e-01 
-8.756273e-04 -6.916802e-04 
-5.667434e-03 6.976400e-02 
-5.419073e-03 9.823352e-02 
-1.149808e-03 8.015013e-02 
6.151544e-04 1.852621e-02 
1.654230e-03 -2.882767e-02 
2.290818e-03 -6.302087e-02 
2.042058e-03 -7.827116e-02 
8.658299e-04 -6.308382e-02 
1.395012e-04 -3.232327e-02 
-2.664445e-04 7.771342e-03 
-1.769681e-04 5.239070e-02 
5.173265e-02 -2.066822e-01 
-1.324785e-02 -9.789161e-02 
-3.682700e-03 1.829467e-04 
1.658886e-02 1.063098e-01 
1.466789e-02 1.706990e-01 
4.349287e-03 1.821020e-01 
-1.590913e-02 1.211628e-01 
-1.350858e-02 -2.552136e-02 
-2.158365e-03 -1.390808e-01 
7.731305e-03 -1.982441e-01 
1.404272e-02 -1.685797e-01 
8.194836e-04 -2.350666e-02 
-6.498076e-03 7.753063e-02 
-7.574011e-03 1.302087e-01 
-2.725372e-03 1.185079e-01 
5.844760e-04 3.090416e-02 
2.037132e-03 -3.377730e-02 
2.828917e-03 -7.701694e-02 
2.523067e-03 -9.466344e-02 
1.092784e-03 -7.616824e-02 
2.459402e-04 -4.025295e-02 
-2.524352e-04 6.449519e-03 
-2.579416e-04 5.752846e-02 
4.692595e-01 4.876164e-01 
8.065310e-02 6.446170e-01 
6.921417e-02 5.356241e-01 
2.665668e-02 2.971506e-01 
-3.414709e-03 1.013152e-01 
-1.693029e-02 -4.575789e-02 
-1.898967e-02 -1.190901e-01 
-5.993242e-03 -9.566564e-02 
1.937761e-04 -8.967632e-02 
3.110640e-03 -8.347747e-02 
4.294640e-03 -5.766574e-02 
-7.196384e-04 7.723259e-03 
-4.074263e-03 5.801936e-02 
-4.277359e-03 8.319678e-02 
-9.914918e-04 7.220755e-02 
1.093050e-03 1.715723e-02 
2.032749e-03 -2.742231e-02 
2.648618e-03 -6.018150e-02 
2.408711e-03 -7.771090e-02 
1.153068e-03 -6.986629e-02 
4.206560e-04 -4.136697e-02 
-1.208790e-04 -5.229318e-04 
-3.723120e-04 4.748350e-02 
-1.393882e-02 2.482566e-01 
4.125372e-02 4.000962e-01 
5.276061e-02 3.959882e-01 
1.895728e-02 2.564628e-01 
-2.426154e-03 1.315837e-01 
-1.627337e-02 1.683573e-02 
-2.251484e-02 -7.863122e-02 
-6.185143e-03 -1.214439e-01 
2.058718e-03 -1.400829e-01 
5.707710e-03 -1.275950e-01 
5.349454e-03 -7.117479e-02 
-1.935312e-03 2.339775e-02 
-5.342426e-03 7.946914e-02 
-4.789095e-03 9.786533e-02 
-4.205333e-04 7.051801e-02 
2.024868e-03 1.391529e-03 
2.827708e-03 -4.529091e-02 
3.116687e-03 -7.253285e-02 
2.400095e-03 -7.698081e-02 
9.581797e-04 -5.603272e-02 
3.646080e-04 -2.924763e-02 
-2.705016e-05 -1.331887e-03 
-1.974419e-04 2.033733e-02 
7.669398e-02 -4.204397e-01 
-1.451653e-02 -8.791264e-02 
2.066801e-02 1.539037e-01 
2.286569e-02 2.312686e-01 
6.852581e-03 2.002697e-01 
-1.002517e-02 1.110733e-01 
-2.354273e-02 -1.014685e-02 
-7.630272e-03 -1.112033e-01 
2.788670e-03 -1.650627e-01 
8.432716e-03 -1.720561e-01 
8.991483e-03 -1.119689e-01 
-1.799744e-03 1.576441e-02 
-6.981090e-03 9.582869e-02 
-7.135174e-03 1.281605e-01 
-1.951654e-03 9.872853e-02 
2.235085e-03 6.462606e-03 
3.377362e-03 -5.339634e-02 
3.642597e-03 -8.520795e-02 
2.647966e-03 -8.540991e-02 
8.888729e-04 -5.340040e-02 
2.805734e-04 -2.380108e-02 
-3.238032e-05 6.546511e-04 
-1.006713e-04 1.161541e-02 
8.188071e-01 8.611356e-01 
2.270875e-01 1.227078e+00 
1.406570e-01 1.043903e+00 
1.759619e-02 4.616575e-01 
-2.617523e-02 -7.281912e-03 
-3.455568e-02 -3.181123e-01 
-1.524311e-02 -4.033298e-01 
3.926276e-03 -1.889996e-01 
2.151307e-03 -3.778644e-02 
-2.976957e-03 5.443963e-02 
-7.306111e-03 8.749541e-02 
-3.727465e-03 5.814621e-02 
-1.959523e-03 4.207018e-02 
-2.701508e-04 2.675747e-02 
2.231060e-03 4.395933e-03 
3.112562e-03 -2.276754e-02 
2.789649e-03 -4.095145e-02 
2.511104e-03 -4.888094e-02 
1.822952e-03 -4.357338e-02 
5.788132e-04 -2.723046e-02 
2.501344e-04 -1.451762e-02 
1.465220e-04 -8.917501e-03 
2.197148e-04 -1.788818e-02 
9.565141e-03 3.962013e-01 
1.098473e-01 6.948831e-01 
7.038385e-02 6.492890e-01 
-7.928779e-03 2.362972e-01 
-2.616679e-02 -8.280364e-02 
-2.698385e-02 -2.861910e-01 
-1.077272e-02 -3.174202e-01 
2.593290e-03 -1.335405e-01 
-2.447871e-04 -5.356317e-03 
-5.546536e-03 7.320260e-02 
-8.406721e-03 8.863746e-02 
-1.405472e-03 3.619221e-02 
1.158221e-03 1.403588e-03 
2.933593e-03 -2.315697e-02 
4.088531e-03 -3.530867e-02 
3.021447e-03 -2.998087e-02 
1.865010e-03 -2.294624e-02 
1.358787e-03 -1.290655e-02 
1.103617e-03 -1.052477e-03 
1.711357e-04 1.481627e-03 
2.325417e-04 -8.931634e-03 
5.469527e-04 -3.199858e-02 
1.012332e-03 -7.371517e-02 
2.512635e-01 -7.422963e-01 
-2.559593e-02 -1.673685e-01 
1.380919e-02 1.709875e-01 
2.530719e-04 1.777734e-01 
-9.154797e-03 9.879278e-02 
-1.792966e-02 -1.272589e-02 
-1.854800e-02 -1.199395e-01 
2.056489e-04 -1.418049e-01 
4.662292e-03 -1.287432e-01 
4.378918e-03 -8.829565e-02 
1.343609e-03 -2.563917e-02 
-2.323745e-03 3.488583e-02 
-4.419157e-03 6.937104e-02 
-3.884387e-03 7.408136e-02 
2.497965e-04 3.904993e-02 
3.988517e-03 -2.661630e-02 
3.953674e-03 -6.036096e-02 
3.325889e-03 -6.810026e-02 
1.837790e-03 -4.556132e-02 
1.033281e-04 -3.619435e-03 
-1.170950e-04 7.561715e-03 
1.341580e-04 -8.117510e-03 
9.462600e-04 -6.013063e-02 
