poroelastic
1.240061e-01 -5.075916e-02 
1.209992e-01 -1.147967e-01 
5.466648e-02 -1.804611e-01 
-1.414505e-01 -2.567267e-01 
-1.175528e-01 -3.497529e-01 
-9.124468e-02 -3.792648e-01 
-5.701177e-02 -3.550505e-01 
-5.574739e-03 -2.094310e-01 
1.074344e-03 -1.461302e-02 
-1.945062e-02 1.265870e-01 
-4.207938e-02 1.680515e-01 
-3.533579e-03 5.159020e-02 
1.429400e-02 -4.481806e-02 
1.948794e-02 -8.758452e-02 
1.637104e-02 -8.531108e-02 
7.315333e-03 -5.287465e-02 
2.013868e-03 -1.423810e-02 
-1.344488e-03 2.557823e-02 
-1.730237e-03 5.570095e-02 
5.146997e-04 4.679687e-02 
2.062559e-03 7.320469e-03 
3.334664e-03 -5.221096e-02 
2.030342e-03 -1.374061e-01 
3.671591e-01 2.447271e-01 
1.445448e-01 2.080588e-01 
1.018370e-01 1.012184e-01 
-1.055120e-01 -1.031662e-01 
-1.164961e-01 -3.322191e-01 
-1.041392e-01 -4.819188e-01 
-5.498938e-02 -5.091954e-01 
1.444274e-02 -3.059575e-01 
1.939602e-02 -5.342466e-02 
-5.258357e-03 1.581715e-01 
-4.363012e-02 2.649646e-01 
-2.731121e-02 1.559733e-01 
-2.541988e-03 3.912212e-02 
1.304477e-02 -5.360266e-02 
1.877743e-02 -1.072684e-01 
9.882678e-03 -7.862342e-02 
3.544218e-03 -3.484648e-02 
-6.903735e-04 7.638276e-03 
-3.195601e-03 5.076122e-02 
-2.970893e-03 8.245274e-02 
-2.421228e-04 5.117541e-02 
2.952512e-03 -2.844909e-02 
3.602903e-03 -1.577362e-01 
-6.512290e-01 -2.681633e-01 
-6.792445e-02 -5.359139e-01 
-5.990150e-02 -5.360645e-01 
-1.900295e-01 -4.619851e-01 
-1.167642e-01 -4.190561e-01 
-6.943876e-02 -3.508960e-01 
-2.950743e-02 -2.732598e-01 
6.219352e-03 -1.771988e-01 
9.924758e-03 -3.804785e-02 
-3.962133e-03 8.950215e-02 
-2.728028e-02 1.634288e-01 
-1.775769e-02 1.014725e-01 
-1.506086e-03 2.290567e-02 
8.927543e-03 -3.791979e-02 
1.281505e-02 -6.910101e-02 
6.662532e-03 -4.454731e-02 
2.022069e-03 -1.439973e-02 
-9.812113e-04 1.533173e-02 
-2.582479e-03 4.849705e-02 
-2.401973e-03 7.022372e-02 
9.329609e-05 3.682808e-02 
3.609601e-03 -3.996659e-02 
5.586286e-03 -1.632755e-01 
1.475083e-01 -2.613351e-01 
1.969268e-02 -4.195288e-01 
-9.284243e-02 -5.093962e-01 
-2.184546e-01 -5.371821e-01 
-1.371785e-01 -5.515983e-01 
-7.477852e-02 -4.907504e-01 
-7.858668e-03 -3.392983e-01 
1.985104e-02 -1.103258e-01 
6.580905e-03 6.904635e-02 
-1.428942e-02 1.809423e-01 
-3.348642e-02 1.970674e-01 
-1.228849e-02 7.507218e-02 
4.836844e-03 -1.676924e-02 
1.251563e-02 -6.685409e-02 
1.128244e-02 -6.884986e-02 
2.085085e-03 -1.349683e-02 
-2.443235e-03 2.458096e-02 
-3.949305e-03 4.741442e-02 
-2.595761e-03 5.602424e-02 
-5.806176e-04 4.109239e-02 
1.590260e-03 2.392788e-03 
4.222647e-03 -5.491960e-02 
5.678817e-03 -1.328016e-01 
6.468351e-01 4.898315e-01 
1.363001e-01 1.403887e-01 
-3.755004e-02 -2.758380e-01 
-2.350445e-01 -5.636899e-01 
-1.566121e-01 -6.492093e-01 
-7.905763e-02 -5.662517e-01 
3.538408e-03 -3.578623e-01 
2.640494e-02 -9.007466e-02 
7.102611e-03 1.027201e-01 
-1.636157e-02 2.180788e-01 
-3.571553e-02 2.223559e-01 
-1.250357e-02 7.422346e-02 
6.693440e-03 -3.065242e-02 
1.484227e-02 -8.500380e-02 
1.248028e-02 -8.347707e-02 
3.809075e-04 -8.375152e-03 
-5.144205e-03 4.081363e-02 
-6.441982e-03 6.357175e-02 
-4.089074e-03 6.322587e-02 
-8.839647e-04 3.755545e-02 
1.559055e-03 -1.998489e-03 
3.942256e-03 -5.010032e-02 
5.042241e-03 -1.044967e-01 
-1.168790e+00 -6.705538e-01 
-4.653348e-01 -1.367710e+00 
-4.048690e-01 -1.438323e+00 
-3.065025e-01 -1.050812e+00 
-9.550593e-02 -5.835675e-01 
9.546514e-04 -1.550313e-01 
2.542868e-02 1.393647e-01 
1.800451e-03 1.315042e-01 
-6.596888e-03 9.286076e-02 
-9.744648e-03 6.699575e-02 
-1.066000e-02 4.028571e-02 
1.689938e-03 -8.287616e-03 
8.526958e-03 -4.697484e-02 
1.034915e-02 -6.117609e-02 
6.210063e-03 -4.069261e-02 
-3.699060e-03 2.426342e-02 
-7.357593e-03 5.991347e-02 
-7.165391e-03 7.198362e-02 
-3.571665e-03 6.461633e-02 
1.809279e-05 3.172349e-02 
2.980832e-03 -1.590061e-02 
6.154355e-03 -7.154396e-02 
8.273974e-03 -1.357999e-01 
2.008945e-02 -7.067698e-01 
-3.289611e-01 -1.171517e+00 
-3.963231e-01 -1.311512e+00 
-2.085231e-01 -9.118118e-01 
-4.138187e-02 -4.381071e-01 
3.146093e-02 -1.593104e-02 
3.603318e-02 2.588472e-01 
-1.340391e-03 1.993155e-01 
-8.080422e-03 1.112570e-01 
-5.104130e-03 3.645779e-02 
1.763603e-03 -1.952845e-02 
7.062949e-03 -4.200845e-02 
7.076796e-03 -4.307069e-02 
4.009323e-03 -2.637990e-02 
-2.153303e-03 8.855465e-03 
-8.743605e-03 5.528239e-02 
-9.465563e-03 7.283390e-02 
-6.881594e-03 6.576920e-02 
-1.257983e-03 3.406396e-02 
3.037296e-03 -1.583151e-02 
4.436846e-03 -4.412450e-02 
4.375558e-03 -5.252410e-02 
2.567542e-03 -3.702205e-02 
7.105102e-01 4.562318e-01 
-6.352703e-02 -2.603464e-01 
-2.907803e-01 -8.062843e-01 
-2.184840e-01 -8.114934e-01 
-7.751750e-02 -6.083668e-01 
1.036222e-02 -3.111313e-01 
5.333481e-02 3.387007e-02 
4.320999e-03 2.149306e-01 
-1.919586e-02 2.640701e-01 
-2.756121e-02 2.303839e-01 
-2.227515e-02 1.199517e-01 
4.745863e-03 -3.079514e-02 
1.972586e-02 -1.193245e-01 
2.333235e-02 -1.428386e-01 
1.271995e-02 -8.481451e-02 
-9.444241e-03 5.040743e-02 
-1.558126e-02 1.095420e-01 
-1.393710e-02 1.168917e-01 
-6.024751e-03 7.672122e-02 
2.797928e-03 -1.347720e-02 
6.473387e-03 -6.194806e-02 
6.577058e-03 -7.061396e-02 
3.760656e-03 -4.488159e-02 
