poroelastic
-3.999797e-02 1.144586e-01 
-2.959673e-02 2.080101e-01 
4.633646e-03 2.858978e-01 
5.619949e-02 3.326814e-01 
3.561151e-02 3.162372e-01 
1.875808e-02 2.434340e-01 
2.646997e-03 1.200660e-01 
-2.242862e-03 -2.360024e-02 
8.679871e-04 -1.164559e-01 
6.040954e-03 -1.535758e-01 
8.158477e-03 -1.121975e-01 
-3.278889e-03 8.369074e-03 
-4.880471e-03 8.172828e-02 
-4.497934e-03 1.148354e-01 
-2.241178e-03 1.019037e-01 
-3.496964e-04 4.102594e-02 
1.668729e-04 -1.077340e-02 
3.673918e-04 -5.479544e-02 
1.580760e-04 -8.899637e-02 
-1.773858e-04 -8.785814e-02 
-3.085304e-04 -3.565633e-02 
-2.266080e-04 5.211347e-02 
4.693059e-04 1.766377e-01 
-3.137286e-02 -4.709822e-01 
-5.304673e-02 -2.926618e-01 
-2.307259e-02 -4.017172e-02 
4.304645e-02 2.149344e-01 
3.715681e-02 3.322023e-01 
2.336701e-02 3.398808e-01 
1.196284e-03 2.274512e-01 
-5.989892e-03 1.353633e-02 
-1.648464e-03 -1.257510e-01 
4.131902e-03 -1.940261e-01 
8.338671e-03 -1.671947e-01 
-5.335216e-04 -3.223600e-02 
-3.471455e-03 5.742856e-02 
-3.789316e-03 1.071230e-01 
-1.834492e-03 1.081985e-01 
-2.625299e-04 5.031163e-02 
1.911162e-04 -1.070915e-03 
4.331435e-04 -4.725437e-02 
3.361596e-04 -8.808990e-02 
-1.406302e-05 -9.870569e-02 
-1.864866e-04 -5.418283e-02 
-1.687017e-04 2.970796e-02 
3.053694e-04 1.545752e-01 
8.217774e-01 5.432740e-01 
1.015097e-01 7.868923e-01 
7.062324e-02 7.418674e-01 
6.923480e-02 5.347381e-01 
2.695469e-02 3.274742e-01 
4.810571e-03 1.363579e-01 
-5.409173e-03 -1.630432e-02 
-1.850900e-03 -8.526947e-02 
1.694038e-03 -1.191076e-01 
4.778122e-03 -1.203943e-01 
5.421563e-03 -7.381352e-02 
-2.901073e-03 2.442610e-02 
-4.048604e-03 8.336872e-02 
-3.541795e-03 1.059976e-01 
-1.559219e-03 8.612875e-02 
-4.193933e-05 2.111656e-02 
4.069073e-04 -2.917628e-02 
4.987938e-04 -6.604613e-02 
1.820255e-04 -8.839001e-02 
4.887635e-05 -7.789692e-02 
-6.742937e-05 -2.562494e-02 
-1.685183e-04 5.387128e-02 
-1.314804e-04 1.610888e-01 
-5.457252e-02 2.469402e-01 
2.895869e-02 4.434025e-01 
5.948197e-02 5.263551e-01 
5.992407e-02 4.693539e-01 
2.728943e-02 3.646102e-01 
5.879230e-03 2.239019e-01 
-8.657373e-03 5.006512e-02 
-2.952263e-03 -1.002849e-01 
2.170112e-03 -1.759328e-01 
6.116087e-03 -1.880570e-01 
6.315181e-03 -1.190506e-01 
-2.608106e-03 1.760887e-02 
-4.326129e-03 9.645544e-02 
-3.954568e-03 1.280065e-01 
-1.665018e-03 1.039924e-01 
6.623938e-06 2.643430e-02 
5.216383e-04 -3.216918e-02 
6.269993e-04 -7.569915e-02 
2.707265e-04 -1.021564e-01 
1.891564e-04 -8.962389e-02 
5.883663e-05 -3.281127e-02 
-1.408275e-04 5.375339e-02 
-3.755926e-04 1.704255e-01 
-7.791188e-02 -6.292182e-01 
-4.709937e-02 -2.626222e-01 
1.487614e-02 1.143949e-01 
5.405111e-02 3.615435e-01 
3.376066e-02 4.157068e-01 
1.210470e-02 3.451755e-01 
-9.760932e-03 1.626523e-01 
-4.939675e-03 -6.470508e-02 
1.591534e-03 -1.903872e-01 
6.468618e-03 -2.324382e-01 
7.755996e-03 -1.699117e-01 
-1.310024e-03 -8.842344e-03 
-3.997847e-03 8.818005e-02 
-4.026783e-03 1.329344e-01 
-1.717567e-03 1.161427e-01 
5.306842e-05 3.502887e-02 
5.701749e-04 -2.593826e-02 
7.122200e-04 -7.159978e-02 
3.668096e-04 -1.010055e-01 
1.194103e-04 -9.332138e-02 
2.180347e-05 -4.218553e-02 
-9.183519e-05 3.870424e-02 
-1.595832e-04 1.495545e-01 
1.119435e+00 8.181834e-01 
2.537783e-01 1.270238e+00 
1.564409e-01 1.199479e+00 
7.118383e-02 7.451572e-01 
1.307792e-02 3.317526e-01 
-9.693916e-03 -1.296435e-03 
-9.653020e-03 -2.075406e-01 
1.954245e-03 -1.982680e-01 
4.217086e-03 -1.609448e-01 
4.720845e-03 -1.062720e-01 
2.604581e-03 -2.444579e-02 
-4.022759e-03 7.158547e-02 
-4.528718e-03 1.204325e-01 
-3.598167e-03 1.261406e-01 
-1.271955e-03 8.133728e-02 
5.400282e-04 -7.945634e-03 
9.294713e-04 -6.583738e-02 
7.241951e-04 -9.610244e-02 
2.756538e-05 -9.565138e-02 
2.199425e-04 -5.447487e-02 
7.552512e-05 4.823768e-03 
-1.965456e-04 7.174798e-02 
-5.879956e-04 1.431484e-01 
-4.389853e-02 3.944587e-01 
1.140374e-01 7.265797e-01 
9.885850e-02 7.754584e-01 
3.397401e-02 4.785675e-01 
1.926372e-03 2.008845e-01 
-1.129920e-02 -3.120928e-02 
-9.208328e-03 -1.765485e-01 
1.853792e-03 -1.639091e-01 
3.241913e-03 -1.320572e-01 
3.085221e-03 -8.465262e-02 
1.143704e-03 -1.786439e-02 
-2.324196e-03 4.992760e-02 
-2.712903e-03 8.208668e-02 
-2.071244e-03 8.285767e-02 
-3.955872e-04 4.717090e-02 
7.057625e-04 -1.465404e-02 
8.465696e-04 -5.262502e-02 
6.229457e-04 -7.037913e-02 
1.077424e-04 -6.516690e-02 
2.088538e-04 -3.414767e-02 
8.266895e-05 3.590021e-03 
-1.239793e-04 4.201418e-02 
-4.231986e-04 7.672067e-02 
9.670221e-02 -8.257144e-01 
-3.297714e-02 -2.730493e-01 
3.252603e-02 1.559279e-01 
2.876444e-02 3.047020e-01 
1.096760e-02 2.907907e-01 
-4.204975e-03 1.889864e-01 
-1.283022e-02 2.242656e-02 
1.040998e-03 -1.221487e-01 
5.030959e-03 -1.872841e-01 
6.309096e-03 -1.896433e-01 
4.492948e-03 -1.183556e-01 
-1.192318e-03 9.566417e-03 
-3.113736e-03 8.586601e-02 
-3.249148e-03 1.174378e-01 
-1.491840e-03 9.420912e-02 
3.607493e-04 1.887564e-02 
8.085069e-04 -3.461976e-02 
7.861360e-04 -7.123118e-02 
2.636860e-04 -8.786796e-02 
3.131958e-04 -7.037289e-02 
2.909931e-04 -2.556081e-02 
3.668943e-06 3.683795e-02 
-6.946749e-04 1.134535e-01 
