poroelastic
9.028036e-02 -2.324940e-02 
8.759672e-02 -9.696260e-02 
1.667645e-02 -2.359756e-01 
-1.352655e-01 -3.848651e-01 
-8.888318e-02 -4.224112e-01 
-5.213310e-02 -3.682778e-01 
-1.846244e-02 -2.384937e-01 
2.514160e-04 -6.393494e-02 
-6.040108e-03 5.703678e-02 
-1.875427e-02 1.190261e-01 
-2.360013e-02 1.056802e-01 
5.609287e-03 8.318671e-03 
1.204922e-02 -5.099783e-02 
1.334712e-02 -7.725605e-02 
1.063778e-02 -7.500173e-02 
4.064653e-03 -4.457639e-02 
1.140061e-03 -1.236981e-02 
-5.052842e-04 1.919420e-02 
-7.673255e-04 4.776768e-02 
-1.255822e-04 5.367815e-02 
8.633499e-04 1.935785e-02 
1.859332e-03 -4.449544e-02 
1.247447e-03 -1.415429e-01 
2.154237e-01 5.122410e-01 
1.215877e-01 3.503307e-01 
5.755900e-02 5.440101e-02 
-1.124493e-01 -2.764572e-01 
-8.853249e-02 -4.308676e-01 
-5.495874e-02 -4.482828e-01 
-9.895698e-03 -3.400241e-01 
1.329072e-02 -1.233803e-01 
3.672277e-03 4.266972e-02 
-1.212841e-02 1.488215e-01 
-2.560386e-02 1.700790e-01 
-8.046966e-03 7.476078e-02 
3.100919e-03 1.492040e-03 
8.845257e-03 -4.994894e-02 
9.624437e-03 -7.559107e-02 
4.630035e-03 -5.787676e-02 
1.801688e-03 -2.989010e-02 
-3.547786e-04 3.844693e-03 
-1.808091e-03 4.453474e-02 
-1.660972e-03 7.368729e-02 
-2.748231e-04 4.821793e-02 
1.325896e-03 -1.912418e-02 
1.653369e-03 -1.317129e-01 
-7.745592e-01 -2.796249e-01 
-7.353183e-02 -5.346945e-01 
-7.107975e-02 -6.143489e-01 
-1.751848e-01 -6.212090e-01 
-9.169743e-02 -5.314752e-01 
-4.065346e-02 -3.781263e-01 
-5.195131e-03 -1.921463e-01 
4.185402e-03 -2.657925e-02 
-5.202669e-03 8.457594e-02 
-1.765590e-02 1.419254e-01 
-2.451176e-02 1.274811e-01 
1.171322e-03 2.262302e-02 
1.008266e-02 -4.650790e-02 
1.280075e-02 -8.062689e-02 
1.072016e-02 -7.969719e-02 
3.983011e-03 -3.844118e-02 
5.183536e-04 -1.490544e-03 
-1.228097e-03 3.115879e-02 
-1.296343e-03 5.959673e-02 
-8.251754e-04 6.592184e-02 
5.640649e-04 2.400754e-02 
2.407577e-03 -5.404102e-02 
3.234800e-03 -1.715318e-01 
1.149043e-01 -1.419057e-01 
1.310330e-02 -3.006628e-01 
-7.764177e-02 -4.689574e-01 
-1.629646e-01 -5.799248e-01 
-8.884749e-02 -5.580492e-01 
-3.730169e-02 -4.408306e-01 
6.468954e-03 -2.401060e-01 
1.004266e-02 -1.899795e-02 
-4.734760e-03 1.184094e-01 
-1.929679e-02 1.834242e-01 
-2.543885e-02 1.570127e-01 
-1.447963e-03 3.376680e-02 
8.426889e-03 -4.221925e-02 
1.168607e-02 -7.891028e-02 
9.376737e-03 -7.541573e-02 
2.762958e-03 -2.764256e-02 
-4.926650e-04 1.064940e-02 
-1.896320e-03 4.036552e-02 
-1.449442e-03 6.031202e-02 
-8.382065e-04 5.488713e-02 
5.469403e-04 1.397844e-02 
2.361074e-03 -5.338999e-02 
3.456180e-03 -1.492048e-01 
3.711281e-01 6.142459e-01 
1.037713e-01 2.940639e-01 
-1.636640e-02 -1.289890e-01 
-1.500057e-01 -4.890520e-01 
-9.378495e-02 -5.869742e-01 
-4.074396e-02 -5.163907e-01 
1.372643e-02 -3.104198e-01 
1.757515e-02 -4.323265e-02 
-1.214852e-03 1.282245e-01 
-1.849278e-02 2.159838e-01 
-2.803447e-02 1.975632e-01 
-6.934744e-03 6.238072e-02 
5.429442e-03 -2.554072e-02 
1.055303e-02 -7.440082e-02 
9.250988e-03 -8.066018e-02 
2.916982e-03 -3.598030e-02 
-3.978019e-04 1.480624e-03 
-2.191655e-03 3.232122e-02 
-2.419642e-03 5.706512e-02 
-1.708165e-03 6.199217e-02 
-2.624643e-04 2.951152e-02 
1.620250e-03 -3.109501e-02 
2.978411e-03 -1.210504e-01 
-1.025713e+00 -4.491765e-01 
-2.760987e-01 -9.307219e-01 
-2.316300e-01 -1.044442e+00 
-2.011051e-01 -8.933065e-01 
-7.550646e-02 -6.191112e-01 
-1.404247e-02 -3.164723e-01 
1.305685e-02 -3.757010e-02 
8.086530e-04 1.102489e-01 
-1.341628e-02 1.787670e-01 
-2.374062e-02 1.888914e-01 
-2.435061e-02 1.233758e-01 
6.157282e-03 -2.186369e-02 
1.632105e-02 -1.045052e-01 
1.770142e-02 -1.303187e-01 
1.161321e-02 -9.721053e-02 
7.099967e-04 -6.034865e-03 
-3.824432e-03 5.150959e-02 
-4.499322e-03 8.062442e-02 
-1.757020e-03 8.170479e-02 
-1.013897e-04 4.409764e-02 
1.683294e-03 -1.340426e-02 
3.823109e-03 -8.358692e-02 
5.231951e-03 -1.673852e-01 
7.024809e-02 -3.716844e-01 
-1.532121e-01 -6.782599e-01 
-1.978254e-01 -8.323555e-01 
-1.254388e-01 -6.948170e-01 
-3.993359e-02 -4.543129e-01 
2.932689e-03 -1.943554e-01 
1.856026e-02 3.551875e-02 
8.965039e-04 1.264949e-01 
-1.081225e-02 1.605042e-01 
-1.721013e-02 1.506552e-01 
-1.493829e-02 8.473527e-02 
4.911651e-03 -2.466878e-02 
1.179905e-02 -8.263168e-02 
1.224867e-02 -9.612906e-02 
6.186056e-03 -5.855771e-02 
-2.800414e-03 2.331607e-02 
-5.540524e-03 6.728640e-02 
-4.782140e-03 7.932492e-02 
-9.677339e-04 5.629115e-02 
1.201107e-03 -4.293738e-05 
2.338383e-03 -3.995365e-02 
2.903668e-03 -6.477545e-02 
2.493751e-03 -7.162963e-02 
3.484639e-01 5.623153e-01 
1.965215e-02 8.348889e-02 
-1.099885e-01 -3.423484e-01 
-1.091043e-01 -5.136795e-01 
-4.733031e-02 -4.695612e-01 
-4.235530e-03 -3.213495e-01 
2.497026e-02 -9.866107e-02 
5.600939e-03 8.835091e-02 
-1.129810e-02 1.825019e-01 
-2.163602e-02 2.082730e-01 
-2.240311e-02 1.512856e-01 
-8.470312e-04 1.601555e-02 
1.024364e-02 -6.940389e-02 
1.401216e-02 -1.067500e-01 
9.936301e-03 -8.643860e-02 
3.155021e-04 -9.810617e-03 
-3.691438e-03 3.879247e-02 
-4.640285e-03 6.532069e-02 
-2.668716e-03 6.589541e-02 
-8.722810e-04 3.149895e-02 
8.547444e-04 -8.221396e-03 
2.604012e-03 -5.039206e-02 
3.917004e-03 -9.419781e-02 
