poroelastic
2.245632e-02 -1.028264e-01 
1.602938e-02 -1.728376e-01 
-6.095922e-03 -2.318079e-01 
-3.668029e-02 -2.721918e-01 
-2.181793e-02 -2.507358e-01 
-1.066345e-02 -1.793081e-01 
-2.216718e-03 -6.999114e-02 
-2.622063e-04 3.259120e-02 
-1.695640e-03 9.426133e-02 
-3.870458e-03 1.133077e-01 
-3.376121e-03 6.800760e-02 
3.195444e-03 -3.423009e-02 
3.039736e-03 -8.657715e-02 
2.217348e-03 -1.033793e-01 
7.398159e-04 -7.888251e-02 
-2.136898e-06 -1.699925e-02 
2.355069e-05 2.209182e-02 
1.079693e-04 4.308015e-02 
2.112860e-04 4.414073e-02 
1.533911e-04 2.167686e-02 
2.466876e-05 -7.330930e-03 
-1.401592e-04 -3.997645e-02 
-3.739533e-04 -7.358438e-02 
-1.899555e-01 7.244988e-01 
4.736459e-02 5.702205e-01 
2.973368e-02 2.378681e-01 
-3.016198e-02 -1.403546e-01 
-2.902079e-02 -3.198467e-01 
-1.882139e-02 -3.559045e-01 
-2.398519e-03 -2.484734e-01 
2.300483e-03 -3.328303e-02 
-1.923053e-04 1.038901e-01 
-3.232021e-03 1.687354e-01 
-4.557235e-03 1.418845e-01 
1.204676e-03 2.032912e-02 
2.231981e-03 -5.451650e-02 
1.936304e-03 -9.013899e-02 
6.697252e-04 -7.844758e-02 
-2.083921e-05 -2.002078e-02 
1.685578e-05 1.714949e-02 
9.035538e-05 3.900592e-02 
1.736598e-04 4.311238e-02 
1.284175e-04 2.322170e-02 
2.920259e-05 -1.718660e-03 
-1.058618e-04 -3.191095e-02 
-3.116760e-04 -6.925232e-02 
-7.505149e-01 -6.681145e-01 
-1.049442e-01 -8.070815e-01 
-5.347644e-02 -6.488360e-01 
-3.358009e-02 -3.742087e-01 
-7.704058e-03 -1.373895e-01 
1.159119e-03 3.454158e-02 
-6.381091e-04 1.046921e-01 
-1.572929e-03 4.572230e-02 
-1.019498e-03 7.275769e-03 
-7.199812e-04 -1.436616e-02 
-4.398456e-05 -2.187218e-02 
1.352497e-03 -2.077897e-02 
9.334467e-04 -2.157863e-02 
7.329176e-04 -1.995162e-02 
5.551142e-04 -1.570832e-02 
9.702515e-05 -1.055858e-02 
3.838608e-05 -3.231176e-03 
4.804695e-05 4.849976e-03 
7.627840e-05 1.291283e-02 
2.531688e-05 1.490224e-02 
-3.627184e-06 2.754357e-03 
-5.083572e-05 -2.059803e-02 
-1.103401e-04 -5.818810e-02 
4.020547e-02 -9.557162e-02 
-1.191185e-02 -2.339546e-01 
-3.190635e-02 -3.255624e-01 
-3.721545e-02 -3.349309e-01 
-1.836345e-02 -2.861284e-01 
-6.166207e-03 -1.963473e-01 
1.891862e-03 -7.264521e-02 
2.812866e-04 3.400415e-02 
-1.446378e-03 9.256601e-02 
-2.683388e-03 1.095428e-01 
-2.132360e-03 7.337881e-02 
1.353758e-03 -5.146359e-03 
1.613666e-03 -4.787321e-02 
1.337446e-03 -6.529155e-02 
5.548319e-04 -5.209644e-02 
2.611729e-05 -9.735315e-03 
1.064673e-05 1.641467e-02 
5.977148e-05 3.152555e-02 
1.124724e-04 3.432554e-02 
7.206513e-06 1.950199e-02 
-3.226205e-05 -3.716210e-03 
-6.957338e-05 -3.360224e-02 
-8.533597e-05 -7.095324e-02 
-2.390088e-01 9.001448e-01 
5.194534e-02 5.919795e-01 
9.356992e-03 1.701751e-01 
-3.063212e-02 -1.895960e-01 
-2.299049e-02 -3.239341e-01 
-1.107204e-02 -3.210233e-01 
2.483761e-03 -1.912795e-01 
1.243734e-03 1.324607e-02 
-1.885658e-03 1.290235e-01 
-4.068554e-03 1.740883e-01 
-3.806391e-03 1.332191e-01 
1.445430e-03 1.024207e-02 
2.252286e-03 -6.388874e-02 
1.939742e-03 -9.708346e-02 
7.435211e-04 -8.282342e-02 
9.415983e-06 -2.487636e-02 
-1.099938e-05 1.258857e-02 
3.681549e-05 3.446781e-02 
1.022096e-04 3.786908e-02 
3.146925e-05 1.851465e-02 
-1.306433e-05 -1.747489e-03 
-5.584650e-05 -2.521422e-02 
-9.663423e-05 -5.361071e-02 
-9.174139e-01 -8.690603e-01 
-1.879583e-01 -1.105573e+00 
-9.117396e-02 -9.084892e-01 
-3.103735e-02 -4.659267e-01 
-1.515909e-03 -1.148999e-01 
5.101441e-03 1.285808e-01 
-1.545580e-03 2.142876e-01 
-2.259405e-03 8.732940e-02 
-5.242629e-04 3.035605e-03 
5.238597e-04 -4.337264e-02 
1.291744e-03 -5.562457e-02 
1.351622e-03 -3.402401e-02 
6.508048e-04 -1.737665e-02 
4.361792e-04 -7.145380e-03 
4.198424e-04 -2.651301e-03 
1.134956e-04 -1.323717e-03 
6.342032e-05 1.244344e-03 
7.227368e-05 4.300938e-03 
7.718850e-05 9.323196e-03 
-5.695351e-05 1.188029e-02 
-5.825264e-05 -1.740856e-03 
-3.785424e-05 -2.667552e-02 
6.083709e-05 -6.393196e-02 
4.902048e-02 -1.189645e-01 
-4.738902e-02 -3.562283e-01 
-5.025044e-02 -4.429555e-01 
-2.300903e-02 -3.179897e-01 
-5.412516e-03 -1.737050e-01 
1.908457e-03 -4.320049e-02 
2.257462e-03 5.019601e-02 
-1.103642e-03 6.165450e-02 
-1.261490e-03 5.686319e-02 
-1.068613e-03 4.278003e-02 
-3.994621e-04 2.055948e-02 
5.494382e-04 -4.189397e-03 
5.816631e-04 -1.780179e-02 
5.038741e-04 -2.175657e-02 
2.985897e-04 -1.489436e-02 
4.282896e-05 -5.609364e-05 
1.529820e-05 9.686296e-03 
3.729962e-05 1.660724e-02 
5.252565e-05 1.883113e-02 
-6.591576e-05 1.124630e-02 
-5.368614e-05 -3.674009e-03 
-1.804466e-05 -2.562874e-02 
9.723858e-05 -5.679196e-02 
-3.380833e-01 1.097759e+00 
5.661232e-02 6.024862e-01 
-5.635219e-03 1.149622e-01 
-2.228142e-02 -1.735155e-01 
-1.265866e-02 -2.612480e-01 
-2.431751e-03 -2.327762e-01 
5.067909e-03 -1.010350e-01 
-1.488875e-03 6.384003e-02 
-3.939292e-03 1.446492e-01 
-4.371959e-03 1.622244e-01 
-2.022628e-03 1.046771e-01 
1.879132e-03 -1.380867e-02 
2.227317e-03 -7.930819e-02 
1.810770e-03 -1.046851e-01 
6.809988e-04 -8.371018e-02 
1.019545e-05 -1.953611e-02 
-2.969383e-05 1.928081e-02 
2.444943e-05 3.885820e-02 
7.474641e-05 3.793617e-02 
-8.993485e-05 1.481681e-02 
-8.131164e-05 -6.611987e-03 
-3.081648e-05 -2.760229e-02 
1.013031e-04 -4.925986e-02 
