poroelastic
2.157526e-02 6.043808e-03 
2.206219e-02 -3.009059e-02 
1.212517e-03 -1.294683e-01 
-3.647428e-02 -2.467728e-01 
-1.992176e-02 -2.550111e-01 
-7.601373e-03 -2.016659e-01 
1.807472e-03 -9.755491e-02 
5.169376e-04 1.537415e-02 
-3.159347e-03 7.671922e-02 
-6.006075e-03 9.722334e-02 
-5.049097e-03 6.723566e-02 
2.764571e-03 -6.731551e-03 
3.722307e-03 -4.657990e-02 
3.382601e-03 -6.343604e-02 
1.776900e-03 -5.659160e-02 
3.285758e-04 -2.669471e-02 
-5.440292e-05 -4.433140e-04 
-2.041036e-04 2.304928e-02 
-9.172759e-05 4.237484e-02 
1.330154e-05 4.445544e-02 
7.336262e-05 2.096331e-02 
8.580324e-05 -2.218761e-02 
-7.745441e-05 -8.616580e-02 
-2.162538e-01 5.684135e-01 
2.636290e-02 4.335401e-01 
1.951559e-02 1.778142e-01 
-2.057501e-02 -1.041306e-01 
-1.590581e-02 -2.132482e-01 
-6.251209e-03 -2.225403e-01 
5.404487e-03 -1.475915e-01 
3.604140e-03 -2.108578e-02 
-8.738342e-04 5.806116e-02 
-4.138988e-03 9.769207e-02 
-5.395417e-03 8.886982e-02 
-1.034894e-03 2.718633e-02 
1.097824e-03 -1.311907e-02 
1.601462e-03 -3.740001e-02 
7.758576e-04 -4.440370e-02 
1.693045e-04 -3.023296e-02 
-7.980147e-05 -1.207250e-02 
-2.991034e-04 8.907799e-03 
-3.404351e-04 3.191637e-02 
-9.536573e-05 4.573558e-02 
-9.162161e-06 3.483335e-02 
3.167596e-05 4.869354e-03 
-1.799726e-05 -4.401064e-02 
-6.814724e-01 -4.471075e-01 
-7.095821e-02 -5.690252e-01 
-4.263736e-02 -5.442744e-01 
-4.516012e-02 -4.434160e-01 
-1.558398e-02 -2.999354e-01 
-1.957774e-03 -1.479052e-01 
2.515522e-03 -6.970910e-03 
-2.019482e-03 7.338497e-02 
-5.201684e-03 1.079018e-01 
-6.851522e-03 1.040385e-01 
-4.377814e-03 5.270276e-02 
4.849221e-03 -3.652253e-02 
5.427871e-03 -8.209203e-02 
4.369112e-03 -9.318737e-02 
1.866721e-03 -6.755196e-02 
2.300788e-05 -1.052066e-02 
-4.153455e-04 2.836506e-02 
-3.873323e-04 5.146611e-02 
2.725704e-05 5.568550e-02 
-1.791315e-05 3.354688e-02 
3.358353e-05 -5.554787e-04 
1.113230e-04 -4.266558e-02 
1.690220e-04 -9.150211e-02 
3.407879e-02 -5.706634e-02 
-6.947838e-03 -1.658073e-01 
-2.593626e-02 -2.665977e-01 
-3.131710e-02 -3.108476e-01 
-1.208618e-02 -2.652723e-01 
-3.708493e-04 -1.750129e-01 
5.840270e-03 -5.380858e-02 
-2.801502e-04 4.905278e-02 
-4.163994e-03 1.002105e-01 
-6.123253e-03 1.098580e-01 
-4.457137e-03 6.943401e-02 
2.095806e-03 -9.898092e-03 
3.360689e-03 -5.389974e-02 
2.972623e-03 -7.004978e-02 
1.142205e-03 -5.501433e-02 
-3.937939e-05 -1.347276e-02 
-3.798921e-04 1.698815e-02 
-4.302207e-04 3.775999e-02 
-1.639392e-04 4.569993e-02 
-7.289568e-05 3.400969e-02 
-1.214577e-05 1.033271e-02 
6.741211e-05 -2.217079e-02 
1.405008e-04 -6.212288e-02 
-1.911375e-01 6.242864e-01 
3.126086e-02 3.988969e-01 
4.333540e-03 1.026803e-01 
-2.079442e-02 -1.578407e-01 
-1.180822e-02 -2.402940e-01 
-1.188121e-03 -2.254626e-01 
8.920545e-03 -1.305223e-01 
2.877320e-03 1.928924e-03 
-2.236547e-03 7.921242e-02 
-5.213877e-03 1.132646e-01 
-5.706792e-03 9.604019e-02 
-1.267743e-03 2.801411e-02 
9.900830e-04 -1.472694e-02 
1.548308e-03 -3.921287e-02 
7.326687e-04 -4.451963e-02 
1.059075e-04 -2.805784e-02 
-1.857043e-04 -9.396094e-03 
-4.375129e-04 1.082961e-02 
-4.586826e-04 3.200424e-02 
-1.249360e-04 4.433300e-02 
-6.091934e-05 3.460807e-02 
-5.322314e-07 7.771455e-03 
4.840145e-05 -3.590230e-02 
-7.759104e-01 -5.348537e-01 
-1.405445e-01 -7.604988e-01 
-7.976613e-02 -7.317729e-01 
-3.782548e-02 -5.179141e-01 
-7.432730e-03 -2.934446e-01 
2.976403e-03 -9.152539e-02 
2.385392e-03 6.491656e-02 
-4.399796e-03 1.171895e-01 
-6.514175e-03 1.276409e-01 
-6.681730e-03 1.046133e-01 
-2.968882e-03 3.935139e-02 
5.320153e-03 -5.436142e-02 
5.832767e-03 -9.926531e-02 
4.558618e-03 -1.043248e-01 
1.682939e-03 -6.592251e-02 
-4.079768e-04 6.128433e-03 
-8.170909e-04 4.893901e-02 
-5.668500e-04 6.674354e-02 
1.505539e-04 5.530735e-02 
-1.570702e-05 1.363010e-02 
5.971926e-05 -2.136292e-02 
1.700792e-04 -4.972668e-02 
2.552831e-04 -6.865144e-02 
3.682312e-02 -1.306195e-01 
-4.283564e-02 -3.125193e-01 
-4.098426e-02 -3.847543e-01 
-1.561321e-02 -2.927326e-01 
-1.372826e-03 -1.673234e-01 
4.039244e-03 -4.433992e-02 
3.168428e-03 5.243527e-02 
-2.460630e-03 7.776004e-02 
-3.760075e-03 8.039348e-02 
-3.693994e-03 6.429738e-02 
-1.556881e-03 2.478475e-02 
2.190237e-03 -2.672721e-02 
2.596060e-03 -5.031283e-02 
1.881758e-03 -5.139438e-02 
2.408210e-04 -2.720738e-02 
-5.706578e-04 1.290596e-02 
-6.475822e-04 3.399822e-02 
-4.195379e-04 3.894607e-02 
1.463382e-05 2.434589e-02 
3.048961e-05 -4.033346e-03 
6.959700e-05 -1.764105e-02 
7.586849e-05 -1.958586e-02 
2.655806e-05 -6.991534e-03 
-2.253062e-01 6.466808e-01 
2.980924e-02 3.478917e-01 
-3.196619e-03 5.438865e-02 
-9.750436e-03 -1.185800e-01 
-3.097366e-03 -1.562763e-01 
3.150807e-03 -1.299792e-01 
7.169579e-03 -5.610337e-02 
3.212015e-04 2.308510e-02 
-2.885549e-03 6.609020e-02 
-4.381164e-03 8.297426e-02 
-4.026118e-03 6.720267e-02 
-8.409685e-04 1.933182e-02 
6.990612e-04 -1.051498e-02 
1.167039e-03 -2.801171e-02 
6.883912e-04 -3.204104e-02 
1.240494e-04 -2.037886e-02 
-1.404806e-04 -7.528837e-03 
-3.568512e-04 6.590790e-03 
-3.680786e-04 2.163531e-02 
-1.035700e-04 3.069892e-02 
-9.908738e-05 2.458477e-02 
-3.697051e-05 6.177013e-03 
1.132735e-04 -2.459788e-02 
