poroelastic
1.123857e-01 -1.880134e-02 
1.114608e-01 -9.176629e-02 
3.262753e-02 -2.288416e-01 
-1.559570e-01 -3.748196e-01 
-1.090344e-01 -4.303791e-01 
-6.955200e-02 -3.933731e-01 
-3.117823e-02 -2.790187e-01 
-1.674279e-03 -1.042722e-01 
-4.795948e-03 2.988912e-02 
-1.936961e-02 1.065271e-01 
-2.795046e-02 1.080327e-01 
3.668461e-03 1.915926e-02 
1.219963e-02 -4.087907e-02 
1.463284e-02 -6.921077e-02 
1.260781e-02 -7.057119e-02 
5.422789e-03 -4.619598e-02 
1.893507e-03 -1.690116e-02 
-2.271885e-04 1.356751e-02 
-7.376907e-04 4.174496e-02 
5.006050e-05 4.795059e-02 
1.210858e-03 1.580238e-02 
2.412316e-03 -4.411043e-02 
1.620816e-03 -1.356931e-01 
2.953341e-01 4.813933e-01 
1.470677e-01 3.350338e-01 
7.616761e-02 5.132232e-02 
-1.326287e-01 -2.717405e-01 
-1.101086e-01 -4.446571e-01 
-7.445737e-02 -4.818253e-01 
-2.236072e-02 -3.906301e-01 
1.475651e-02 -1.723692e-01 
8.319163e-03 8.801342e-03 
-9.520817e-03 1.342109e-01 
-2.869989e-02 1.767640e-01 
-1.376559e-02 9.452764e-02 
-3.514169e-04 2.419160e-02 
7.760511e-03 -3.026864e-02 
1.107714e-02 -6.558918e-02 
6.500114e-03 -6.093137e-02 
3.286109e-03 -3.952700e-02 
5.602570e-04 -8.456778e-03 
-1.776273e-03 3.439949e-02 
-2.257523e-03 7.300789e-02 
-4.962176e-04 5.136875e-02 
1.751471e-03 -1.691522e-02 
2.361600e-03 -1.353470e-01 
-7.508771e-01 -2.368308e-01 
-5.818715e-02 -5.027096e-01 
-6.321916e-02 -5.923916e-01 
-2.062963e-01 -6.140129e-01 
-1.161395e-01 -5.511703e-01 
-5.792464e-02 -4.178325e-01 
-1.375198e-02 -2.446376e-01 
5.944269e-03 -7.550668e-02 
-1.304422e-03 4.998300e-02 
-1.548167e-02 1.260400e-01 
-2.711093e-02 1.337009e-01 
-4.146060e-03 4.533022e-02 
6.768222e-03 -1.978687e-02 
1.146391e-02 -5.699942e-02 
1.154093e-02 -6.659483e-02 
5.531556e-03 -4.082059e-02 
1.795359e-03 -1.289084e-02 
-5.104796e-04 1.661563e-02 
-1.405746e-03 4.885321e-02 
-1.338161e-03 6.720821e-02 
4.667753e-04 3.062804e-02 
3.097333e-03 -4.832974e-02 
4.471239e-03 -1.736069e-01 
1.409190e-01 -1.513438e-01 
2.892979e-02 -3.095329e-01 
-8.121529e-02 -4.811316e-01 
-2.021621e-01 -6.028173e-01 
-1.170170e-01 -6.019979e-01 
-5.534248e-02 -4.972719e-01 
1.480798e-03 -2.974269e-01 
1.435785e-02 -5.803221e-02 
-1.128672e-03 9.858096e-02 
-1.880551e-02 1.808969e-01 
-2.963299e-02 1.696211e-01 
-5.920827e-03 5.210348e-02 
6.499411e-03 -2.474968e-02 
1.149150e-02 -6.461641e-02 
1.035896e-02 -6.697866e-02 
3.543856e-03 -2.637332e-02 
-1.947945e-04 7.370843e-03 
-1.968354e-03 3.467087e-02 
-1.747070e-03 5.521720e-02 
-1.076979e-03 5.409351e-02 
7.443557e-04 1.475358e-02 
3.252859e-03 -5.351482e-02 
4.848078e-03 -1.530067e-01 
5.007084e-01 5.879672e-01 
1.261471e-01 2.714693e-01 
-1.692015e-02 -1.643418e-01 
-1.930139e-01 -5.353390e-01 
-1.251682e-01 -6.475720e-01 
-5.963971e-02 -5.786715e-01 
1.042658e-02 -3.628787e-01 
2.298931e-02 -7.281891e-02 
2.255787e-03 1.186650e-01 
-1.882029e-02 2.218902e-01 
-3.284261e-02 2.130146e-01 
-1.076533e-02 7.470786e-02 
4.513886e-03 -1.712009e-02 
1.134848e-02 -6.869754e-02 
1.071364e-02 -7.717702e-02 
3.363672e-03 -3.198527e-02 
-7.134332e-04 5.320073e-03 
-2.857933e-03 3.451998e-02 
-3.096025e-03 5.690182e-02 
-2.194083e-03 6.072384e-02 
-1.878632e-04 2.666485e-02 
2.461656e-03 -3.566320e-02 
4.408465e-03 -1.266903e-01 
-1.039911e+00 -4.193148e-01 
-3.036009e-01 -9.515719e-01 
-2.716716e-01 -1.095898e+00 
-2.572528e-01 -9.597522e-01 
-1.020016e-01 -6.812763e-01 
-2.293564e-02 -3.625075e-01 
1.530858e-02 -6.391328e-02 
4.236168e-03 9.774813e-02 
-1.234501e-02 1.738327e-01 
-2.504013e-02 1.910175e-01 
-2.831601e-02 1.327810e-01 
3.698139e-03 -1.033702e-02 
1.653883e-02 -9.441568e-02 
1.917008e-02 -1.221629e-01 
1.316507e-02 -9.248588e-02 
6.113469e-04 -3.661129e-03 
-4.973804e-03 5.233039e-02 
-6.018318e-03 8.040804e-02 
-3.013138e-03 8.280395e-02 
-4.601006e-04 4.877622e-02 
2.218295e-03 -1.009618e-02 
5.463306e-03 -8.534078e-02 
7.803183e-03 -1.782294e-01 
7.086200e-02 -4.319479e-01 
-1.887475e-01 -7.608184e-01 
-2.523185e-01 -9.295955e-01 
-1.673192e-01 -7.803689e-01 
-5.588859e-02 -5.154654e-01 
1.350861e-03 -2.264295e-01 
2.423848e-02 3.157253e-02 
3.467582e-03 1.335822e-01 
-1.112098e-02 1.708772e-01 
-1.924216e-02 1.612894e-01 
-1.785776e-02 9.287718e-02 
4.359018e-03 -2.219301e-02 
1.341957e-02 -8.410049e-02 
1.464450e-02 -9.916842e-02 
7.697004e-03 -6.050222e-02 
-4.182310e-03 2.824830e-02 
-8.098887e-03 7.620046e-02 
-7.306675e-03 8.889723e-02 
-2.238128e-03 6.391953e-02 
1.652045e-03 1.614859e-03 
3.544350e-03 -4.335193e-02 
4.476929e-03 -7.150731e-02 
3.909902e-03 -7.964903e-02 
5.018058e-01 4.784244e-01 
2.752937e-04 -1.341364e-02 
-1.583345e-01 -4.574926e-01 
-1.500208e-01 -6.123707e-01 
-6.498676e-02 -5.423555e-01 
-6.642295e-03 -3.617915e-01 
3.244446e-02 -1.021568e-01 
7.829729e-03 1.081402e-01 
-1.336174e-02 2.097713e-01 
-2.600636e-02 2.331991e-01 
-2.722885e-02 1.653366e-01 
-1.317811e-03 1.304307e-02 
1.339779e-02 -8.383331e-02 
1.858693e-02 -1.240659e-01 
1.301701e-02 -9.563263e-02 
-1.042238e-03 4.833639e-05 
-6.755231e-03 5.703514e-02 
-7.862689e-03 8.429685e-02 
-4.534982e-03 7.778187e-02 
-7.691008e-04 2.716771e-02 
2.063835e-03 -2.013153e-02 
4.431645e-03 -6.229036e-02 
5.802871e-03 -9.855032e-02 
