poroelastic
-7.341230e-02 9.587699e-02 
-6.016704e-02 1.899762e-01 
-9.113438e-03 2.656876e-01 
9.131205e-02 3.123983e-01 
6.502579e-02 3.327279e-01 
4.239552e-02 2.941390e-01 
1.718139e-02 2.008398e-01 
-1.078769e-03 5.376273e-02 
1.014709e-03 -7.083581e-02 
1.141241e-02 -1.412377e-01 
1.951830e-02 -1.305231e-01 
-1.911031e-03 -2.040598e-02 
-8.684639e-03 5.944886e-02 
-1.058608e-02 1.009766e-01 
-8.012838e-03 1.009100e-01 
-2.767890e-03 5.396271e-02 
-1.042502e-04 5.082496e-03 
1.536922e-03 -4.252206e-02 
1.717431e-03 -8.458313e-02 
5.837010e-04 -9.123962e-02 
-6.589053e-04 -3.974256e-02 
-1.609780e-03 5.153488e-02 
-7.185260e-04 1.849691e-01 
-2.508264e-01 -3.127238e-01 
-8.720709e-02 -1.710484e-01 
-4.079048e-02 1.715037e-02 
7.708275e-02 2.203011e-01 
6.895215e-02 3.537384e-01 
5.071622e-02 3.957204e-01 
1.455934e-02 3.174394e-01 
-1.047450e-02 9.314449e-02 
-5.443489e-03 -7.779552e-02 
6.792516e-03 -1.838273e-01 
1.983832e-02 -1.956892e-01 
4.897184e-03 -7.201832e-02 
-4.601097e-03 2.458358e-02 
-8.838454e-03 8.852527e-02 
-7.891485e-03 1.103396e-01 
-3.012481e-03 6.668583e-02 
-3.307574e-04 1.778716e-02 
1.608298e-03 -3.262438e-02 
2.532509e-03 -8.635469e-02 
1.683987e-03 -1.164465e-01 
8.808174e-05 -7.032007e-02 
-1.385018e-03 3.128116e-02 
-1.220584e-03 1.906597e-01 
7.311759e-01 3.802891e-01 
8.779420e-02 6.529691e-01 
7.923514e-02 6.536574e-01 
1.220834e-01 5.204479e-01 
5.984897e-02 3.827451e-01 
2.391890e-02 2.371004e-01 
-4.776083e-04 9.778274e-02 
-5.434871e-03 -7.122045e-03 
5.717548e-05 -8.279409e-02 
7.705002e-03 -1.250703e-01 
1.405740e-02 -1.138715e-01 
2.191844e-04 -2.196404e-02 
-5.971057e-03 4.709865e-02 
-8.099755e-03 8.592716e-02 
-6.273222e-03 8.710078e-02 
-1.686805e-03 3.675196e-02 
7.235042e-04 -9.265659e-03 
2.072203e-03 -4.935160e-02 
2.124458e-03 -8.433249e-02 
1.292538e-03 -9.376974e-02 
-7.604311e-05 -4.361554e-02 
-1.558922e-03 4.788349e-02 
-2.067831e-03 1.817578e-01 
-8.960641e-02 2.844667e-01 
2.490890e-02 4.821694e-01 
9.067235e-02 5.713600e-01 
1.232743e-01 5.357722e-01 
6.462998e-02 4.594228e-01 
2.434936e-02 3.322740e-01 
-1.061302e-02 1.456831e-01 
-9.953748e-03 -5.300024e-02 
1.667963e-03 -1.661968e-01 
1.241385e-02 -2.055093e-01 
1.717978e-02 -1.529764e-01 
-1.298426e-03 -9.143255e-03 
-8.527051e-03 7.907674e-02 
-1.018487e-02 1.179669e-01 
-6.551671e-03 1.010758e-01 
-6.907106e-04 2.537655e-02 
1.966330e-03 -3.174533e-02 
3.104879e-03 -7.364307e-02 
2.500623e-03 -9.972429e-02 
1.393432e-03 -8.990457e-02 
-8.098469e-05 -3.206228e-02 
-1.737974e-03 5.814149e-02 
-2.683182e-03 1.802106e-01 
-4.159669e-01 -4.845827e-01 
-6.868296e-02 -1.085908e-01 
3.965861e-02 2.730877e-01 
1.282130e-01 5.057085e-01 
7.869119e-02 5.414788e-01 
3.245618e-02 4.388822e-01 
-1.422140e-02 2.188507e-01 
-1.335466e-02 -4.498530e-02 
1.479018e-03 -1.953508e-01 
1.426114e-02 -2.525073e-01 
2.018827e-02 -1.945342e-01 
-2.248770e-04 -1.924236e-02 
-9.314082e-03 8.841066e-02 
-1.165469e-02 1.376764e-01 
-7.500831e-03 1.196798e-01 
-3.769639e-04 2.731369e-02 
2.594527e-03 -3.827228e-02 
3.755065e-03 -8.223460e-02 
2.958628e-03 -1.053001e-01 
1.505636e-03 -9.097512e-02 
8.764839e-06 -3.363581e-02 
-1.579470e-03 5.246788e-02 
-2.447728e-03 1.654384e-01 
1.165693e+00 7.231819e-01 
3.495536e-01 1.323850e+00 
2.692751e-01 1.335823e+00 
1.596637e-01 9.054820e-01 
3.935709e-02 4.549311e-01 
-1.277419e-02 6.771577e-02 
-2.196346e-02 -1.930811e-01 
-1.047663e-04 -2.048716e-01 
7.890350e-03 -1.724625e-01 
1.099122e-02 -1.218786e-01 
8.815790e-03 -4.333375e-02 
-6.467545e-03 5.713612e-02 
-1.061034e-02 1.137443e-01 
-1.026374e-02 1.255206e-01 
-5.290970e-03 8.368378e-02 
1.825776e-03 -1.253996e-02 
4.283840e-03 -7.321576e-02 
4.361601e-03 -1.027937e-01 
2.146293e-03 -1.007511e-01 
7.065191e-04 -5.815658e-02 
-7.144155e-04 5.185114e-03 
-2.207875e-03 7.770110e-02 
-3.147127e-03 1.552803e-01 
-3.104779e-02 5.855412e-01 
2.167193e-01 9.861436e-01 
2.170310e-01 1.056101e+00 
8.978120e-02 6.758741e-01 
1.068024e-02 2.946616e-01 
-2.322090e-02 -2.820210e-02 
-2.244704e-02 -2.338496e-01 
1.504774e-03 -2.079297e-01 
6.840615e-03 -1.514451e-01 
6.841168e-03 -8.217966e-02 
2.361571e-03 -2.762948e-03 
-5.899036e-03 6.218312e-02 
-7.487693e-03 8.800852e-02 
-6.005710e-03 7.938619e-02 
-1.314748e-03 3.299332e-02 
3.579463e-03 -3.830385e-02 
4.435267e-03 -7.475216e-02 
3.543635e-03 -8.234470e-02 
1.140216e-03 -6.008471e-02 
3.644814e-06 -1.360926e-02 
-8.724365e-04 2.482367e-02 
-1.435212e-03 5.165878e-02 
-1.401536e-03 5.982625e-02 
-2.924184e-01 -6.036180e-01 
1.245737e-02 3.585657e-02 
1.199840e-01 4.789772e-01 
8.327937e-02 5.259217e-01 
2.740013e-02 4.069497e-01 
-1.074216e-02 2.076744e-01 
-2.940441e-02 -3.446602e-02 
-9.175487e-04 -1.842337e-01 
1.045047e-02 -2.368485e-01 
1.485830e-02 -2.171168e-01 
1.191961e-02 -1.198317e-01 
-3.007192e-03 2.694169e-02 
-1.016175e-02 1.158772e-01 
-1.181933e-02 1.469983e-01 
-6.601566e-03 1.035304e-01 
2.456571e-03 -8.170220e-03 
5.134344e-03 -7.501118e-02 
5.222307e-03 -1.072860e-01 
2.833801e-03 -1.001635e-01 
1.208786e-03 -4.758393e-02 
-2.745148e-04 7.036432e-03 
-1.696808e-03 5.811062e-02 
-2.725996e-03 9.862659e-02 
