poroelastic
2.342494e-02 -2.968171e-01 
4.916121e-04 -4.808640e-01 
-3.435341e-02 -5.614838e-01 
-4.976220e-02 -5.131999e-01 
-3.265442e-02 -4.554364e-01 
-1.458662e-02 -3.487479e-01 
1.114353e-02 -1.453431e-01 
1.692675e-02 1.088198e-01 
1.215346e-02 2.474255e-01 
7.493214e-03 3.050954e-01 
6.918429e-04 2.518737e-01 
-6.960793e-04 8.093323e-02 
2.092495e-04 -2.734586e-02 
6.687803e-05 -9.501342e-02 
-7.132014e-04 -1.301015e-01 
-3.085258e-04 -1.066447e-01 
-5.768646e-05 -4.012347e-02 
2.337925e-04 6.269361e-02 
5.560618e-04 2.222365e-01 
1.550733e-03 3.350646e-01 
1.742995e-03 2.192453e-01 
4.322901e-04 -3.769427e-02 
-3.470567e-03 -4.383592e-01 
2.725786e-01 -2.928968e-01 
-4.037453e-03 -3.545538e-01 
-3.225858e-02 -3.667665e-01 
-2.470817e-02 -3.304535e-01 
-1.356609e-02 -2.814086e-01 
-8.145212e-04 -2.056838e-01 
1.817798e-02 -7.491306e-02 
1.688014e-02 9.468533e-02 
1.111989e-02 1.825601e-01 
8.272696e-03 2.146878e-01 
3.909503e-03 1.755529e-01 
-1.837634e-03 6.136350e-02 
-9.788871e-04 -8.907232e-03 
-1.138857e-03 -4.665101e-02 
-1.625050e-03 -5.215360e-02 
1.366602e-05 -1.521340e-02 
2.265405e-04 2.883063e-02 
3.320373e-04 7.326909e-02 
3.018367e-04 1.265952e-01 
3.822564e-04 1.607545e-01 
5.542206e-04 1.127801e-01 
2.468140e-04 2.615734e-02 
-5.753643e-04 -8.671618e-02 
3.077669e-02 -7.709613e-02 
-1.149378e-02 -1.845974e-01 
-2.294503e-02 -2.221194e-01 
-3.530634e-03 -1.894477e-01 
9.420829e-04 -1.557878e-01 
8.982151e-03 -1.066033e-01 
2.124585e-02 -3.042903e-02 
1.369601e-02 5.186311e-02 
9.090662e-03 1.023896e-01 
8.329089e-03 1.449239e-01 
5.704159e-03 1.645531e-01 
-2.218373e-03 1.282774e-01 
-1.440516e-03 9.435861e-02 
-1.079924e-03 5.418454e-02 
-1.004963e-03 -7.896623e-03 
-1.460108e-04 -6.581311e-02 
-6.099694e-05 -5.570608e-02 
2.482606e-05 5.941710e-04 
1.439694e-04 1.196084e-01 
3.430274e-04 2.527504e-01 
4.641280e-04 2.152626e-01 
2.382940e-04 7.692700e-02 
-4.236205e-04 -1.551183e-01 
2.508349e-02 -2.348353e-01 
-2.682651e-02 -3.967905e-01 
-4.345728e-02 -4.764985e-01 
-3.513770e-02 -4.501566e-01 
-1.839042e-02 -3.946057e-01 
-1.689144e-04 -2.840482e-01 
1.930109e-02 -9.299770e-02 
1.114577e-02 1.156527e-01 
7.233736e-03 2.330938e-01 
4.837075e-03 2.823706e-01 
1.245182e-03 2.303885e-01 
-8.871162e-04 8.069081e-02 
-2.516288e-04 -6.681058e-03 
-2.514378e-04 -6.536103e-02 
-6.078832e-04 -1.013614e-01 
-1.567584e-04 -8.010909e-02 
-5.612663e-05 -2.484058e-02 
5.124815e-05 5.893527e-02 
2.632604e-04 1.968154e-01 
4.263855e-04 3.042126e-01 
2.841459e-04 2.105443e-01 
-8.420239e-06 -7.911194e-04 
-4.533263e-04 -3.380142e-01 
1.196818e-01 -1.614189e-01 
-2.398100e-02 -3.340024e-01 
-3.966743e-02 -4.243702e-01 
-1.662774e-02 -3.785433e-01 
-3.821183e-03 -3.075856e-01 
1.353798e-02 -1.809438e-01 
3.139238e-02 -4.305578e-04 
1.383157e-02 1.567309e-01 
7.889705e-03 2.444430e-01 
5.634697e-03 2.685130e-01 
2.708013e-03 2.001775e-01 
-1.472605e-03 4.774578e-02 
-8.182462e-04 -3.991946e-02 
-1.055166e-03 -8.175640e-02 
-1.588009e-03 -7.417869e-02 
-1.127089e-04 -4.868422e-03 
7.343830e-05 6.249613e-02 
1.490423e-04 1.186454e-01 
2.166677e-04 1.653960e-01 
2.361801e-04 1.823678e-01 
1.808294e-04 1.312367e-01 
7.758495e-05 5.409803e-02 
-3.470483e-05 -2.384470e-02 
-3.142034e-01 -3.632436e-01 
-8.044488e-02 -5.540558e-01 
-5.122366e-02 -5.473211e-01 
-1.936056e-02 -4.056045e-01 
-1.493603e-03 -2.677808e-01 
1.392004e-02 -1.282274e-01 
2.419716e-02 1.287119e-02 
6.878223e-03 1.135942e-01 
3.662117e-03 1.687062e-01 
2.777347e-03 1.930847e-01 
1.592644e-03 1.758085e-01 
-6.947381e-04 1.050017e-01 
-4.017540e-04 4.442914e-02 
-2.669992e-04 -7.102100e-03 
-2.848591e-04 -5.495374e-02 
-9.657790e-05 -7.663390e-02 
-9.943668e-05 -3.844249e-02 
-1.255666e-04 4.390367e-02 
5.684087e-06 1.786465e-01 
-5.801861e-05 2.998145e-01 
-4.349085e-04 2.290567e-01 
-2.897621e-04 3.343155e-02 
7.446365e-04 -2.806113e-01 
3.399913e-02 -2.190287e-01 
-4.686471e-02 -4.117823e-01 
-5.017320e-02 -4.922745e-01 
-2.505811e-02 -4.063484e-01 
-6.701159e-03 -3.009074e-01 
9.201893e-03 -1.755766e-01 
1.931783e-02 -1.108564e-02 
3.384386e-03 1.395156e-01 
1.483406e-03 2.040172e-01 
8.158882e-04 2.186501e-01 
1.128144e-04 1.647317e-01 
-2.005984e-04 4.006374e-02 
3.219758e-05 -3.403359e-02 
8.310640e-05 -7.596913e-02 
-3.058628e-05 -9.481106e-02 
-9.034229e-05 -7.254245e-02 
-1.376249e-04 -1.497197e-02 
-1.897073e-04 6.702358e-02 
-2.113223e-05 1.891412e-01 
-2.849583e-04 2.786872e-01 
-6.937817e-04 1.948956e-01 
-3.729053e-04 4.730955e-03 
1.250646e-03 -2.931097e-01 
-6.373059e-02 2.449698e-01 
-6.221099e-03 -5.835577e-02 
-2.168324e-02 -2.658591e-01 
-7.844916e-03 -2.669328e-01 
1.515583e-03 -2.181490e-01 
1.390343e-02 -1.224264e-01 
2.155568e-02 1.720524e-02 
1.123583e-03 1.428226e-01 
-4.867218e-04 2.045289e-01 
-6.231806e-04 2.114382e-01 
-5.529528e-04 1.433869e-01 
-1.722351e-04 1.401113e-02 
2.222383e-05 -5.837596e-02 
-3.241252e-05 -8.649112e-02 
-2.187821e-04 -6.343448e-02 
-1.465953e-04 1.068252e-02 
-1.200868e-04 6.722845e-02 
-7.751979e-05 1.078460e-01 
5.979301e-05 1.333224e-01 
-1.027035e-04 1.234198e-01 
-2.951359e-04 6.786881e-02 
-1.203708e-04 -8.079722e-03 
4.939805e-04 -9.591569e-02 
