poroelastic
-1.137342e-01 -3.871651e-02 
-1.250854e-01 1.754830e-02 
-6.679637e-02 1.567286e-01 
1.181103e-01 2.603876e-01 
9.869842e-02 3.056148e-01 
7.885074e-02 2.848303e-01 
6.423741e-02 1.897088e-01 
3.783521e-02 7.211666e-02 
2.131599e-02 4.540260e-02 
1.890179e-02 5.180149e-02 
1.220812e-02 5.989691e-02 
-7.597547e-03 2.765447e-02 
-4.460573e-03 7.072304e-03 
-4.240823e-03 1.260976e-03 
-6.740387e-03 7.816393e-03 
-5.490083e-03 1.981239e-02 
-4.314792e-03 2.596822e-02 
-4.146928e-03 2.685975e-02 
-4.450924e-03 1.979054e-02 
-2.992296e-03 1.110290e-02 
-2.215542e-03 2.628427e-02 
-2.092864e-03 5.871914e-02 
-7.743520e-04 1.134750e-01 
-2.989298e-01 -5.199893e-01 
-1.695350e-01 -3.616651e-01 
-9.431103e-02 -3.607949e-02 
1.185717e-01 2.359664e-01 
1.072023e-01 3.427909e-01 
8.329927e-02 3.319040e-01 
5.939686e-02 2.366503e-01 
2.523440e-02 1.231724e-01 
8.446376e-03 8.663211e-02 
2.465879e-03 7.663676e-02 
-1.997111e-03 5.714452e-02 
8.953631e-04 -1.266778e-02 
6.533049e-03 -6.313728e-02 
7.149637e-03 -8.466159e-02 
1.485403e-03 -6.486356e-02 
-4.010328e-03 4.908099e-03 
-5.559902e-03 4.733044e-02 
-5.848873e-03 6.350102e-02 
-4.698847e-03 4.994964e-02 
-1.868765e-03 1.054586e-02 
-1.084562e-03 5.125906e-03 
-1.350728e-03 2.749358e-02 
-1.052083e-03 8.418745e-02 
5.563893e-01 3.120892e-02 
1.317398e-02 2.440165e-01 
9.915371e-03 3.966594e-01 
1.916249e-01 4.636145e-01 
1.319559e-01 4.588557e-01 
8.792218e-02 3.801567e-01 
5.369268e-02 2.421499e-01 
2.119412e-02 8.714829e-02 
1.085111e-02 1.830909e-02 
1.200431e-02 -2.067901e-04 
1.168095e-02 1.003452e-02 
-3.323507e-03 1.127348e-02 
-2.288047e-03 1.349629e-04 
-1.337409e-03 -1.174693e-02 
-2.685548e-03 -1.627474e-02 
-3.208833e-03 -4.419773e-03 
-3.059278e-03 7.017568e-03 
-3.646729e-03 1.475532e-02 
-4.598428e-03 1.592083e-02 
-3.323435e-03 1.353382e-02 
-2.796278e-03 3.399567e-02 
-3.170733e-03 7.212105e-02 
-2.837950e-03 1.328007e-01 
-1.437202e-01 -1.367569e-02 
-7.814756e-02 6.235746e-02 
2.123433e-02 2.378649e-01 
1.897015e-01 4.124597e-01 
1.372186e-01 4.816265e-01 
9.512743e-02 4.513869e-01 
5.030635e-02 3.231384e-01 
9.834203e-03 1.259109e-01 
3.599193e-03 1.742550e-02 
7.933329e-03 -3.703738e-02 
1.233794e-02 -4.967745e-02 
3.155236e-03 -3.685692e-02 
1.617024e-03 -2.919585e-02 
-1.958682e-04 -2.031246e-02 
-3.498645e-03 -5.954712e-03 
-4.519383e-03 1.307537e-02 
-3.943710e-03 2.101096e-02 
-3.709403e-03 1.888220e-02 
-3.641288e-03 6.209110e-03 
-1.998874e-03 -5.178847e-03 
-2.215243e-03 1.875318e-02 
-3.545168e-03 6.998201e-02 
-4.355070e-03 1.544377e-01 
-5.155087e-01 -3.463336e-01 
-1.440602e-01 -2.756297e-01 
-3.128780e-02 -5.505211e-03 
1.713796e-01 3.106120e-01 
1.418946e-01 4.861574e-01 
1.024541e-01 5.232595e-01 
4.472051e-02 4.094959e-01 
-7.063807e-04 1.574137e-01 
-2.447275e-03 1.457246e-03 
5.285572e-03 -8.310238e-02 
1.378895e-02 -1.032683e-01 
7.862515e-03 -6.916742e-02 
4.236616e-03 -4.716652e-02 
1.093774e-03 -2.720562e-02 
-3.111664e-03 -2.951130e-03 
-4.899030e-03 2.335672e-02 
-4.487885e-03 3.406920e-02 
-3.721420e-03 2.871781e-02 
-2.566737e-03 5.391965e-03 
-5.761294e-04 -2.240946e-02 
-9.897333e-04 -5.667227e-03 
-2.819361e-03 4.778252e-02 
-4.479787e-03 1.455228e-01 
4.307046e-01 -1.784322e-01 
8.414798e-02 5.677468e-02 
1.076214e-01 3.214148e-01 
2.703518e-01 5.846701e-01 
1.750948e-01 6.913676e-01 
1.011180e-01 6.389159e-01 
2.599199e-02 4.233563e-01 
-5.109794e-03 5.327925e-02 
6.490101e-03 -1.662167e-01 
2.345442e-02 -2.519314e-01 
3.356887e-02 -2.015325e-01 
8.578704e-04 -1.502998e-02 
-1.230821e-02 8.844133e-02 
-1.564080e-02 1.219675e-01 
-1.239171e-02 9.647391e-02 
-3.110734e-03 1.154344e-02 
1.804748e-03 -4.017263e-02 
2.561398e-03 -6.223297e-02 
-8.526277e-05 -5.879833e-02 
-1.842046e-03 -1.934665e-02 
-3.832145e-03 4.009556e-02 
-6.452001e-03 1.133927e-01 
-8.369213e-03 2.065068e-01 
-1.008489e-01 4.238582e-02 
2.515905e-02 7.576711e-02 
1.366090e-01 2.417655e-01 
2.099953e-01 5.000290e-01 
1.321964e-01 6.118850e-01 
6.923591e-02 5.762433e-01 
1.705344e-03 3.633329e-01 
-8.300413e-03 3.412549e-03 
8.388322e-03 -2.088784e-01 
2.546294e-02 -2.922121e-01 
3.233942e-02 -2.259724e-01 
1.221578e-03 -1.442021e-02 
-1.357088e-02 1.098988e-01 
-1.878345e-02 1.590219e-01 
-1.440454e-02 1.251838e-01 
-1.073758e-03 2.248148e-03 
5.300267e-03 -7.056992e-02 
6.186872e-03 -1.005687e-01 
2.262776e-03 -8.581744e-02 
-1.395681e-03 -1.360659e-02 
-4.416098e-03 5.569937e-02 
-7.012103e-03 1.184062e-01 
-8.330121e-03 1.764732e-01 
-4.595777e-01 3.590971e-02 
-3.255188e-02 -9.941871e-02 
8.311440e-02 4.096824e-02 
1.639400e-01 3.510369e-01 
1.057005e-01 4.745681e-01 
5.307493e-02 4.632328e-01 
-3.930014e-03 3.137879e-01 
-7.925572e-03 4.296852e-02 
6.160274e-03 -1.292306e-01 
1.898073e-02 -2.220211e-01 
2.574515e-02 -2.122304e-01 
8.654172e-03 -7.547246e-02 
-2.920414e-03 2.276366e-02 
-9.956183e-03 8.451018e-02 
-1.230202e-02 1.018593e-01 
-7.251429e-03 5.672235e-02 
-1.940139e-03 1.107762e-02 
1.394190e-03 -3.119510e-02 
2.676935e-03 -6.586978e-02 
3.535044e-03 -6.865180e-02 
5.092498e-04 -1.810006e-02 
-5.017468e-03 7.545074e-02 
-1.236238e-02 2.160416e-01 
