poroelastic
-1.982464e-02 -1.073549e-01 
-3.604808e-02 -1.208314e-01 
-2.461487e-02 -3.749277e-02 
2.508240e-02 4.409102e-02 
2.122970e-02 6.033599e-02 
1.720790e-02 5.098418e-02 
1.625738e-02 4.836983e-03 
1.311154e-02 -1.934023e-02 
7.906366e-03 3.828849e-02 
9.225634e-04 9.566011e-02 
-8.449094e-03 1.068167e-01 
-2.698075e-03 2.032726e-02 
3.982517e-03 -4.046027e-02 
4.815113e-03 -6.349729e-02 
1.059109e-03 -4.981216e-02 
-1.512561e-03 -6.395514e-03 
-2.628094e-03 2.768085e-02 
-3.212828e-03 5.132629e-02 
-2.638248e-03 5.881785e-02 
-9.501804e-04 4.138738e-02 
-1.344894e-04 1.910065e-02 
2.177092e-04 -4.197614e-03 
1.004155e-04 -2.599136e-02 
1.976000e-02 -2.528698e-01 
-4.222634e-02 -1.852728e-01 
-1.808632e-02 -2.374732e-02 
2.969363e-02 8.357391e-02 
1.805902e-02 6.418511e-02 
8.010643e-03 4.284580e-03 
1.012024e-02 -5.299085e-02 
1.209550e-02 -2.503353e-02 
5.740418e-03 6.060228e-02 
-4.551077e-03 1.364267e-01 
-1.618416e-02 1.484879e-01 
-2.144470e-03 2.970592e-02 
7.709418e-03 -6.396819e-02 
1.053740e-02 -1.153634e-01 
5.818012e-03 -1.065420e-01 
-8.015573e-04 -1.965772e-02 
-3.363892e-03 4.136492e-02 
-4.192873e-03 7.520366e-02 
-3.082183e-03 7.912695e-02 
-8.829769e-04 4.796983e-02 
1.152284e-04 1.374046e-02 
5.604014e-04 -1.936232e-02 
3.572333e-04 -4.774611e-02 
9.536879e-03 -2.084646e-01 
-4.691900e-02 -2.373090e-01 
-3.774158e-02 -9.655609e-02 
5.255302e-02 8.545380e-02 
4.870444e-02 1.737928e-01 
3.794869e-02 1.915996e-01 
2.279555e-02 1.296726e-01 
8.286310e-03 1.005397e-02 
6.344322e-03 -1.625304e-02 
6.368001e-03 2.993117e-03 
2.381387e-03 3.587931e-02 
-4.503866e-03 2.643299e-02 
-1.256542e-03 -4.504855e-04 
5.931421e-04 -2.317435e-02 
-3.568734e-04 -3.065623e-02 
-1.524677e-03 -9.403415e-03 
-2.151142e-03 1.241414e-02 
-2.881278e-03 3.051969e-02 
-3.172363e-03 4.311068e-02 
-1.899468e-03 4.521917e-02 
-9.918841e-04 3.585019e-02 
-4.172167e-04 2.069337e-02 
-4.329341e-05 3.080357e-03 
-3.052486e-02 -2.230164e-01 
-6.242100e-02 -2.930568e-01 
-4.526041e-02 -1.997494e-01 
2.811441e-02 -1.424235e-02 
3.267988e-02 7.604832e-02 
3.160337e-02 1.171535e-01 
2.578538e-02 1.157168e-01 
7.905244e-03 7.791450e-02 
8.481171e-04 7.203595e-02 
-2.459892e-03 6.730562e-02 
-3.594361e-03 4.254324e-02 
2.332037e-03 -2.238398e-02 
5.953902e-03 -6.307752e-02 
5.593937e-03 -7.460850e-02 
1.018268e-03 -5.045755e-02 
-2.957559e-03 9.773104e-03 
-4.062497e-03 4.566468e-02 
-4.191469e-03 6.114692e-02 
-3.083817e-03 5.560632e-02 
-1.135902e-03 3.025834e-02 
-3.450302e-04 1.162685e-02 
-4.615968e-05 1.237106e-03 
-6.936014e-05 3.627762e-03 
4.940536e-03 2.634100e-02 
-3.145922e-02 -1.553792e-01 
-4.572006e-02 -2.059364e-01 
1.951993e-03 -1.045697e-01 
1.846460e-02 -3.635035e-03 
2.719928e-02 8.449567e-02 
2.467189e-02 1.293364e-01 
4.962454e-03 1.021360e-01 
-2.577599e-03 9.196361e-02 
-6.438567e-03 8.057191e-02 
-6.427722e-03 4.338308e-02 
5.215806e-03 -3.952987e-02 
9.730380e-03 -9.294573e-02 
9.303049e-03 -1.088422e-01 
3.183206e-03 -7.470380e-02 
-3.295614e-03 1.367646e-02 
-5.244837e-03 6.581980e-02 
-5.244383e-03 8.495171e-02 
-3.201140e-03 6.919743e-02 
-5.972791e-04 2.217491e-02 
3.093212e-04 -7.123762e-03 
4.764915e-04 -1.827113e-02 
9.138826e-05 -4.561777e-03 
-4.065358e-01 -6.270954e-01 
-2.209132e-01 -8.831497e-01 
-1.408891e-01 -6.809975e-01 
4.167552e-02 -1.563921e-01 
7.845258e-02 2.412942e-01 
7.100506e-02 4.644015e-01 
2.570768e-02 4.548419e-01 
-5.335922e-03 1.353699e-01 
1.546290e-03 -6.960688e-02 
1.269229e-02 -1.618427e-01 
1.903284e-02 -1.462513e-01 
1.910288e-03 -3.232976e-02 
-4.360907e-03 2.491342e-02 
-6.161733e-03 4.533191e-02 
-5.880717e-03 4.162771e-02 
-3.169987e-03 1.936748e-02 
-1.705943e-03 8.728888e-03 
-1.554579e-03 6.811140e-03 
-2.044831e-03 1.172378e-02 
-1.584546e-03 2.424101e-02 
-1.279151e-03 2.921984e-02 
-1.138914e-03 3.174714e-02 
-1.015168e-03 3.741706e-02 
-6.045394e-02 -4.039231e-01 
-1.578233e-01 -6.633131e-01 
-1.054434e-01 -5.951822e-01 
4.083980e-02 -1.347737e-01 
6.729608e-02 2.208423e-01 
5.910422e-02 4.308982e-01 
1.597954e-02 4.242011e-01 
-7.103859e-03 1.338264e-01 
1.616801e-03 -6.334050e-02 
1.330726e-02 -1.684434e-01 
1.953654e-02 -1.641879e-01 
3.388738e-03 -4.606255e-02 
-4.417868e-03 2.906207e-02 
-8.090470e-03 6.946013e-02 
-7.799283e-03 7.027321e-02 
-3.157252e-03 2.639499e-02 
-6.270541e-04 -2.037190e-03 
1.017464e-04 -1.777447e-02 
-5.543004e-04 -1.798860e-02 
-8.377996e-04 5.283494e-03 
-1.271221e-03 2.477474e-02 
-1.727414e-03 4.279298e-02 
-2.031348e-03 6.359753e-02 
2.431534e-02 3.905130e-01 
-3.662722e-02 -1.521461e-01 
-7.984993e-02 -3.896545e-01 
-2.935135e-03 -2.049506e-01 
2.495852e-02 -2.917691e-02 
3.575405e-02 1.249075e-01 
2.298682e-02 2.276729e-01 
-5.772929e-03 1.770096e-01 
-7.517435e-03 1.080916e-01 
-3.569828e-03 2.992673e-02 
3.603795e-03 -4.405828e-02 
8.387147e-03 -7.982214e-02 
8.973381e-03 -9.338487e-02 
6.619728e-03 -7.943499e-02 
1.327030e-04 -2.821948e-02 
-6.190061e-03 4.948870e-02 
-6.857138e-03 8.282563e-02 
-5.541156e-03 8.182939e-02 
-2.318147e-03 4.394647e-02 
8.866706e-04 -2.024585e-02 
1.510210e-03 -3.761203e-02 
4.416929e-04 -1.360824e-02 
-2.301789e-03 5.952588e-02 
