poroelastic
6.094134e-02 5.728394e-02 
7.765315e-02 5.707298e-02 
4.934719e-02 -3.440733e-02 
-6.973948e-02 -1.175441e-01 
-4.928013e-02 -1.112567e-01 
-3.686464e-02 -7.216195e-02 
-4.151276e-02 -8.262589e-03 
-3.834671e-02 -1.239213e-03 
-2.046084e-02 -6.441367e-02 
-7.627265e-03 -1.134836e-01 
9.385562e-03 -1.230757e-01 
1.531149e-02 -5.556855e-02 
1.634697e-03 4.069382e-03 
-1.965317e-03 2.895835e-02 
1.144819e-03 2.811228e-02 
8.351902e-04 2.010532e-02 
1.913969e-03 3.314656e-03 
4.407455e-03 -2.056135e-02 
6.589702e-03 -3.997923e-02 
4.743591e-03 -3.553811e-02 
2.693229e-03 -3.220767e-02 
1.828390e-03 -3.371798e-02 
7.846005e-04 -4.095186e-02 
1.295260e-01 3.557636e-01 
1.072460e-01 2.504614e-01 
5.602431e-02 -3.435117e-03 
-8.753916e-02 -1.783028e-01 
-5.841922e-02 -1.676466e-01 
-3.345837e-02 -7.394602e-02 
-3.461522e-02 2.341814e-02 
-3.280585e-02 -6.510174e-03 
-1.388924e-02 -8.806883e-02 
5.403409e-03 -1.603934e-01 
2.859037e-02 -1.809907e-01 
1.444599e-02 -7.279941e-02 
-6.709135e-03 2.976640e-02 
-1.738138e-02 1.011446e-01 
-1.538066e-02 1.248408e-01 
-4.080421e-03 6.051153e-02 
2.553026e-03 7.438031e-04 
6.944650e-03 -4.283380e-02 
9.227037e-03 -7.073235e-02 
6.788174e-03 -7.576396e-02 
3.195597e-03 -5.766010e-02 
5.286345e-04 -2.118995e-02 
-7.785643e-04 2.696618e-02 
-1.777065e-01 1.186283e-01 
5.168211e-02 6.893548e-02 
3.744532e-02 -6.909028e-02 
-1.052320e-01 -1.846782e-01 
-7.292540e-02 -2.015131e-01 
-5.045510e-02 -1.563122e-01 
-4.175017e-02 -8.214612e-02 
-2.743079e-02 -3.934504e-02 
-1.331324e-02 -5.498830e-02 
-3.935041e-03 -8.975922e-02 
9.965854e-03 -1.134843e-01 
1.392282e-02 -6.471861e-02 
6.381730e-05 3.075405e-03 
-9.620416e-03 6.091762e-02 
-1.045361e-02 8.780575e-02 
-2.373707e-03 4.586407e-02 
2.282514e-03 6.313962e-03 
5.921139e-03 -2.487058e-02 
8.791836e-03 -4.976861e-02 
7.088291e-03 -5.661196e-02 
4.420305e-03 -5.324470e-02 
2.640116e-03 -4.223393e-02 
1.116711e-03 -2.716714e-02 
8.930565e-02 1.356039e-01 
8.305750e-02 1.364561e-01 
3.068051e-02 4.502587e-03 
-1.056116e-01 -1.471084e-01 
-7.761495e-02 -2.015869e-01 
-5.967128e-02 -1.935674e-01 
-4.679199e-02 -1.501015e-01 
-1.841079e-02 -1.008586e-01 
-5.070291e-03 -7.688770e-02 
-1.432166e-03 -6.154683e-02 
1.279516e-03 -4.556914e-02 
2.127083e-03 -6.521537e-03 
-4.166833e-03 2.831972e-02 
-6.511806e-03 4.706913e-02 
-2.931055e-03 4.147771e-02 
2.718773e-03 7.666739e-03 
4.409819e-03 -1.317636e-02 
5.263891e-03 -2.172356e-02 
5.473411e-03 -1.791500e-02 
3.412842e-03 -7.906022e-03 
3.143059e-03 -2.082327e-02 
4.221299e-03 -4.945832e-02 
4.896523e-03 -9.751613e-02 
2.185782e-01 1.696343e-01 
9.489753e-02 2.484142e-01 
6.221576e-02 1.429733e-01 
-8.645753e-02 -5.781320e-02 
-7.972393e-02 -1.949057e-01 
-6.771883e-02 -2.590482e-01 
-4.340271e-02 -2.411689e-01 
-7.169471e-03 -1.341197e-01 
7.469476e-04 -5.763560e-02 
-1.440790e-03 -1.047777e-02 
-5.358523e-03 1.392409e-02 
-5.336235e-03 3.008195e-02 
-6.573412e-03 4.012045e-02 
-5.242622e-03 3.724201e-02 
-6.656659e-04 2.152597e-02 
5.459829e-03 -1.514100e-02 
6.027380e-03 -2.960336e-02 
4.687751e-03 -2.316625e-02 
2.429373e-03 1.651985e-03 
-2.665303e-04 2.979968e-02 
8.759917e-04 1.246683e-02 
4.301290e-03 -4.030222e-02 
7.652878e-03 -1.334933e-01 
9.074650e-02 4.513998e-01 
1.380505e-01 5.371139e-01 
8.257978e-02 3.337049e-01 
-1.388860e-01 -8.259819e-02 
-1.264281e-01 -3.855236e-01 
-9.540985e-02 -5.192478e-01 
-3.553152e-02 -4.535493e-01 
5.185248e-03 -1.334127e-01 
-5.261826e-03 8.604873e-02 
-2.530674e-02 1.880173e-01 
-3.834648e-02 1.659832e-01 
-4.544116e-03 2.044823e-02 
1.110999e-02 -5.691003e-02 
1.578131e-02 -8.318982e-02 
1.420829e-02 -7.349359e-02 
7.276439e-03 -3.129906e-02 
1.056856e-03 4.467852e-03 
-2.029149e-03 3.089135e-02 
-2.093111e-03 5.066478e-02 
-1.561496e-03 5.307186e-02 
2.112080e-03 6.494259e-03 
8.333135e-03 -7.773155e-02 
1.448970e-02 -2.025550e-01 
9.831248e-02 2.627922e-01 
1.076158e-01 4.002185e-01 
1.790615e-02 2.727661e-01 
-1.242185e-01 -1.363234e-01 
-1.059704e-01 -4.137341e-01 
-7.247554e-02 -5.232293e-01 
-1.230265e-02 -4.250954e-01 
1.145715e-02 -8.775136e-02 
-7.166465e-03 1.483814e-01 
-3.162392e-02 2.627774e-01 
-4.538831e-02 2.247392e-01 
-6.915077e-03 2.819925e-02 
1.648076e-02 -9.645506e-02 
2.739201e-02 -1.558735e-01 
2.479779e-02 -1.407046e-01 
6.028573e-03 -3.437906e-02 
-5.578931e-03 4.010475e-02 
-1.034748e-02 8.490517e-02 
-8.623605e-03 1.008338e-01 
-3.379332e-03 6.587095e-02 
2.974503e-03 -3.488328e-03 
1.034347e-02 -9.367973e-02 
1.676516e-02 -2.084378e-01 
2.648297e-01 -1.782663e-01 
4.839951e-02 1.790130e-01 
-1.118675e-03 2.056697e-01 
-1.003364e-01 -8.585960e-02 
-8.300183e-02 -2.781729e-01 
-5.887039e-02 -3.726498e-01 
-1.504082e-02 -3.367464e-01 
7.401874e-03 -1.072229e-01 
-4.191010e-03 6.138031e-02 
-2.148889e-02 1.696476e-01 
-3.489041e-02 1.864693e-01 
-1.330200e-02 6.411438e-02 
4.214869e-03 -3.196233e-02 
1.534769e-02 -9.284916e-02 
2.021716e-02 -1.137917e-01 
1.472936e-02 -7.839772e-02 
4.005677e-03 -2.080080e-02 
-4.946232e-03 4.233830e-02 
-9.531841e-03 9.608647e-02 
-9.391958e-03 1.026558e-01 
-2.073955e-03 3.738569e-02 
1.016550e-02 -8.286633e-02 
2.467686e-02 -2.558610e-01 
