poroelastic
2.603570e-02 -7.139119e-03 
2.654608e-02 -4.504033e-02 
2.896719e-03 -1.467746e-01 
-4.338543e-02 -2.743898e-01 
-2.603202e-02 -2.869912e-01 
-1.361583e-02 -2.320904e-01 
-3.904811e-03 -1.216336e-01 
-7.887479e-04 8.759550e-04 
-2.932638e-03 7.046371e-02 
-5.363537e-03 9.523480e-02 
-4.016612e-03 6.268523e-02 
4.032173e-03 -2.078680e-02 
4.087721e-03 -6.296827e-02 
3.431604e-03 -7.561756e-02 
1.945641e-03 -5.658421e-02 
2.630670e-04 -1.168348e-02 
6.853209e-05 1.581287e-02 
1.373506e-04 3.050127e-02 
2.891710e-04 3.029428e-02 
1.018688e-04 1.049083e-02 
1.855388e-05 -1.593967e-02 
-7.889762e-05 -4.845349e-02 
-2.534907e-04 -8.899861e-02 
-3.349712e-01 8.355382e-01 
3.986692e-02 6.766642e-01 
3.342042e-02 3.310680e-01 
-2.504394e-02 -7.231742e-02 
-2.386842e-02 -2.552579e-01 
-1.454267e-02 -3.025025e-01 
-6.875118e-04 -2.250484e-01 
2.511955e-03 -5.538852e-02 
-8.772732e-04 5.517787e-02 
-4.154617e-03 1.137592e-01 
-5.156227e-03 1.064077e-01 
5.433179e-04 2.590187e-02 
2.017855e-03 -2.426966e-02 
2.188992e-03 -4.991337e-02 
1.317406e-03 -4.769116e-02 
1.786249e-04 -1.714298e-02 
2.705781e-05 2.513605e-03 
3.349912e-05 1.397819e-02 
1.028537e-04 1.632692e-02 
3.815495e-05 6.909601e-03 
5.865934e-06 -4.473464e-03 
-3.141495e-05 -1.876314e-02 
-9.241726e-05 -3.724275e-02 
-8.605408e-01 -6.761799e-01 
-1.037717e-01 -8.111658e-01 
-5.451340e-02 -6.848491e-01 
-4.401651e-02 -4.472399e-01 
-1.373253e-02 -2.210055e-01 
-3.481110e-03 -3.912902e-02 
-4.179171e-03 6.260413e-02 
-2.852427e-03 4.297075e-02 
-2.132560e-03 2.539219e-02 
-1.922870e-03 8.459676e-03 
-2.829989e-04 -1.297401e-02 
3.633925e-03 -3.849444e-02 
2.765041e-03 -4.708695e-02 
2.038593e-03 -4.141807e-02 
1.304195e-03 -2.049300e-02 
2.280887e-04 1.003718e-02 
8.861466e-05 2.597402e-02 
2.222701e-04 2.924146e-02 
3.733420e-04 1.779144e-02 
-1.729638e-05 -8.541783e-03 
-4.075560e-05 -3.254743e-02 
-3.926408e-05 -5.428860e-02 
-1.922763e-05 -7.342050e-02 
3.942684e-02 -4.453328e-02 
-6.651133e-03 -1.615194e-01 
-2.730840e-02 -2.638714e-01 
-3.573685e-02 -3.029366e-01 
-1.670773e-02 -2.608800e-01 
-6.112560e-03 -1.794028e-01 
-1.611359e-04 -7.096045e-02 
-5.677542e-04 1.750564e-02 
-2.400175e-03 6.241206e-02 
-3.595858e-03 7.438798e-02 
-2.293559e-03 4.778130e-02 
2.273150e-03 -1.023195e-02 
2.458767e-03 -3.981859e-02 
2.155066e-03 -4.787178e-02 
1.330518e-03 -3.205841e-02 
2.079775e-04 1.603445e-03 
6.688858e-05 1.924103e-02 
1.633185e-04 2.447747e-02 
2.702996e-04 1.517371e-02 
-2.366339e-05 -7.600560e-03 
-2.799198e-05 -2.598508e-02 
-1.884703e-05 -4.219404e-02 
3.427159e-06 -5.688476e-02 
-3.067025e-01 9.411443e-01 
4.940283e-02 6.435470e-01 
1.183159e-02 2.291914e-01 
-2.745469e-02 -1.404041e-01 
-1.946494e-02 -2.818677e-01 
-8.530210e-03 -2.950474e-01 
3.388484e-03 -1.957784e-01 
2.084491e-03 -2.960735e-02 
-1.901533e-03 7.071387e-02 
-4.648096e-03 1.192342e-01 
-4.754936e-03 1.050380e-01 
3.114245e-04 2.617565e-02 
1.726413e-03 -2.163310e-02 
1.973001e-03 -4.545689e-02 
1.284295e-03 -4.235796e-02 
2.200138e-04 -1.286791e-02 
4.211973e-05 5.008501e-03 
5.633872e-05 1.441887e-02 
1.362351e-04 1.426414e-02 
8.363827e-06 2.754954e-03 
-1.053942e-05 -8.553455e-03 
-2.021938e-05 -2.138879e-02 
-3.004980e-05 -3.719353e-02 
-9.699247e-01 -8.119523e-01 
-1.850300e-01 -1.057983e+00 
-9.308599e-02 -9.084345e-01 
-3.583082e-02 -5.151120e-01 
-5.268711e-03 -1.810672e-01 
8.060618e-04 6.010345e-02 
-5.157223e-03 1.669935e-01 
-4.059491e-03 8.889865e-02 
-1.833575e-03 2.717121e-02 
-2.718679e-04 -1.672440e-02 
1.745168e-03 -4.457539e-02 
3.638848e-03 -5.206278e-02 
2.422411e-03 -4.783247e-02 
1.588188e-03 -3.345515e-02 
9.561664e-04 -8.089271e-03 
1.614417e-04 2.049927e-02 
7.712640e-05 3.228354e-02 
2.764592e-04 2.958818e-02 
4.732260e-04 1.032054e-02 
-6.402927e-05 -2.211193e-02 
-3.285978e-05 -4.312868e-02 
2.446281e-05 -5.516337e-02 
9.099187e-05 -5.915876e-02 
4.597770e-02 -9.945739e-02 
-4.492236e-02 -3.185184e-01 
-4.619443e-02 -4.024882e-01 
-1.973413e-02 -2.881684e-01 
-4.350884e-03 -1.507476e-01 
4.434445e-04 -2.759547e-02 
-8.850167e-04 5.452823e-02 
-1.920849e-03 5.060266e-02 
-1.656356e-03 3.809035e-02 
-1.222227e-03 2.197506e-02 
3.457162e-05 1.479980e-03 
1.636571e-03 -1.822986e-02 
1.315973e-03 -2.394001e-02 
1.008726e-03 -2.014118e-02 
6.586993e-04 -6.278465e-03 
1.030549e-04 1.268237e-02 
5.710341e-05 1.899959e-02 
1.883102e-04 1.561272e-02 
2.854328e-04 1.680980e-03 
-2.042919e-05 -1.853024e-02 
4.822962e-06 -2.872506e-02 
3.029735e-05 -3.201181e-02 
5.325788e-05 -3.052579e-02 
-3.462663e-01 1.039133e+00 
5.226890e-02 5.998928e-01 
-4.258855e-03 1.466900e-01 
-1.875034e-02 -1.381504e-01 
-9.535363e-03 -2.256435e-01 
-8.520003e-04 -2.108833e-01 
5.358650e-03 -1.093065e-01 
-4.560249e-04 2.284683e-02 
-3.737083e-03 9.044273e-02 
-4.988018e-03 1.127510e-01 
-3.414454e-03 8.401853e-02 
9.962071e-04 9.772826e-03 
1.953845e-03 -3.252556e-02 
2.008788e-03 -5.120119e-02 
1.255153e-03 -4.343915e-02 
2.251803e-04 -1.074739e-02 
2.671740e-05 8.457196e-03 
5.829745e-05 1.827815e-02 
1.537381e-04 1.754979e-02 
-6.589852e-05 4.156174e-03 
-4.938468e-05 -9.042564e-03 
-6.510165e-06 -2.402426e-02 
9.313321e-05 -4.351113e-02 
