poroelastic
1.182653e-02 3.016364e-02 
1.388097e-02 1.473764e-02 
3.222296e-03 -6.613170e-02 
-1.993990e-02 -1.762028e-01 
-1.085267e-02 -1.905006e-01 
-3.689479e-03 -1.528242e-01 
1.725847e-03 -7.290580e-02 
2.682399e-04 1.430703e-02 
-1.850600e-03 6.074064e-02 
-3.254945e-03 7.515289e-02 
-2.477578e-03 5.075335e-02 
1.541807e-03 -5.435454e-03 
1.923827e-03 -3.596045e-02 
1.603570e-03 -4.919298e-02 
6.110286e-04 -4.383875e-02 
4.271558e-05 -2.066530e-02 
-4.475709e-05 -3.327730e-04 
-6.054746e-05 1.793223e-02 
2.074911e-05 3.270954e-02 
8.287197e-05 3.465189e-02 
6.696174e-05 1.827609e-02 
-3.900013e-06 -1.256471e-02 
-1.724612e-04 -5.820142e-02 
-3.331410e-01 5.728476e-01 
6.841692e-03 4.685071e-01 
1.543624e-02 2.378462e-01 
-7.102536e-03 -2.667284e-02 
-7.153216e-03 -1.368737e-01 
-2.254735e-03 -1.602575e-01 
4.338034e-03 -1.119504e-01 
2.179546e-03 -1.890615e-02 
-3.552660e-04 3.852390e-02 
-1.920703e-03 6.747360e-02 
-2.644787e-03 6.326702e-02 
-1.155644e-03 2.386805e-02 
-2.835716e-06 -2.130401e-03 
2.373947e-04 -1.889283e-02 
-1.569417e-04 -2.648781e-02 
-7.101160e-05 -2.217025e-02 
-8.674830e-05 -1.215677e-02 
-1.443065e-04 2.030783e-03 
-1.303376e-04 1.976164e-02 
4.151799e-05 3.380566e-02 
6.224623e-05 3.102644e-02 
3.700076e-05 1.513205e-02 
-3.164304e-05 -1.275062e-02 
-6.123026e-01 -4.789532e-01 
-5.865855e-02 -5.514181e-01 
-2.954495e-02 -4.913398e-01 
-2.480905e-02 -3.638186e-01 
-6.773202e-03 -2.211053e-01 
4.962326e-04 -8.479535e-02 
1.375640e-03 2.924703e-02 
-2.203534e-03 7.919402e-02 
-3.545357e-03 9.372356e-02 
-3.795407e-03 7.929190e-02 
-1.516930e-03 2.981329e-02 
3.504873e-03 -4.272445e-02 
3.291196e-03 -7.778273e-02 
2.283166e-03 -8.282564e-02 
5.914385e-04 -5.531472e-02 
-1.158564e-04 -2.567116e-03 
-1.838003e-04 3.139633e-02 
-8.705507e-05 4.898631e-02 
1.201934e-04 4.643552e-02 
3.130767e-06 2.066195e-02 
-2.534190e-05 -6.818518e-03 
-3.455354e-05 -3.491344e-02 
-1.853343e-05 -6.152858e-02 
2.069825e-02 -2.433783e-02 
-4.436910e-03 -1.084235e-01 
-1.385767e-02 -1.862114e-01 
-1.469618e-02 -2.191922e-01 
-4.611736e-03 -1.825450e-01 
1.428798e-03 -1.135703e-01 
3.867031e-03 -2.457032e-02 
-7.961066e-04 4.580943e-02 
-2.631348e-03 7.758437e-02 
-3.191024e-03 7.891755e-02 
-1.871124e-03 4.526321e-02 
1.177333e-03 -1.238476e-02 
1.603225e-03 -4.349367e-02 
1.152406e-03 -5.322377e-02 
5.827035e-05 -3.904371e-02 
-1.500412e-04 -6.395235e-03 
-1.829690e-04 1.678320e-02 
-1.501077e-04 3.150724e-02 
-1.782353e-05 3.461475e-02 
1.319400e-05 2.330979e-02 
-3.838361e-06 7.625520e-03 
-1.248392e-05 -1.133860e-02 
-6.797938e-06 -3.127215e-02 
-3.261622e-01 6.143830e-01 
1.680344e-02 4.376435e-01 
8.747177e-03 1.807533e-01 
-6.561058e-03 -5.700594e-02 
-4.121812e-03 -1.446317e-01 
1.002500e-03 -1.516771e-01 
6.013827e-03 -9.306265e-02 
1.239750e-03 2.109689e-04 
-1.421180e-03 5.362902e-02 
-2.701927e-03 7.685574e-02 
-2.838575e-03 6.594906e-02 
-1.067546e-03 2.250112e-02 
6.428646e-05 -5.476299e-03 
2.840198e-04 -2.270890e-02 
-1.495197e-04 -2.918160e-02 
-9.767934e-05 -2.271285e-02 
-1.376423e-04 -1.150661e-02 
-2.244485e-04 2.922258e-03 
-2.082674e-04 1.995419e-02 
4.110924e-05 3.334809e-02 
3.884650e-05 3.199151e-02 
1.867219e-05 1.893017e-02 
-3.764432e-06 -4.310263e-03 
-6.798721e-01 -5.490347e-01 
-1.088679e-01 -7.060435e-01 
-5.225956e-02 -6.389588e-01 
-1.826748e-02 -4.134696e-01 
-1.373585e-03 -2.059367e-01 
2.888708e-03 -3.225449e-02 
1.657815e-04 8.855184e-02 
-3.952580e-03 1.096757e-01 
-4.123449e-03 1.028346e-01 
-3.223655e-03 7.290130e-02 
-2.918503e-04 1.433900e-02 
3.571177e-03 -5.705128e-02 
3.273448e-03 -8.886542e-02 
2.189359e-03 -8.819297e-02 
4.120754e-04 -5.118232e-02 
-3.210764e-04 1.193710e-02 
-3.524317e-04 4.775212e-02 
-1.533475e-04 5.993676e-02 
1.561737e-04 4.389516e-02 
-5.623233e-05 2.637560e-03 
-3.932597e-05 -2.419683e-02 
7.499422e-06 -3.877736e-02 
5.325060e-05 -3.680063e-02 
2.506044e-02 -7.506718e-02 
-2.504670e-02 -2.237034e-01 
-2.091936e-02 -2.783067e-01 
-5.374271e-03 -2.002193e-01 
1.107344e-03 -1.030989e-01 
3.030422e-03 -1.227288e-02 
1.383775e-03 5.364978e-02 
-2.075688e-03 6.194784e-02 
-2.136487e-03 5.580946e-02 
-1.580052e-03 3.863526e-02 
-3.001251e-04 9.145664e-03 
1.011773e-03 -2.309641e-02 
1.004208e-03 -3.606461e-02 
4.909517e-04 -3.365367e-02 
-3.213196e-04 -1.420732e-02 
-3.321515e-04 1.413707e-02 
-2.664922e-04 2.788009e-02 
-1.473626e-04 2.910171e-02 
6.601696e-08 1.474688e-02 
-1.903718e-06 -8.040070e-03 
1.061226e-05 -1.433482e-02 
1.409786e-05 -7.879980e-03 
-2.053680e-05 1.462926e-02 
-3.410649e-01 6.361931e-01 
2.362779e-02 3.920647e-01 
7.251938e-03 1.331995e-01 
-1.473813e-03 -3.271121e-02 
1.525382e-04 -8.480086e-02 
3.073502e-03 -8.316581e-02 
4.765340e-03 -4.061192e-02 
-3.230786e-04 1.370561e-02 
-1.822773e-03 4.236068e-02 
-2.368245e-03 5.420821e-02 
-2.175264e-03 4.635661e-02 
-9.167423e-04 1.904842e-02 
-1.312693e-04 9.896388e-04 
1.110594e-04 -1.157613e-02 
-5.866291e-05 -1.867935e-02 
-4.785432e-05 -1.790155e-02 
-1.003688e-04 -1.223446e-02 
-1.984509e-04 -2.390185e-03 
-1.904796e-04 1.138019e-02 
6.370997e-05 2.403968e-02 
1.302627e-05 2.566835e-02 
-1.673967e-05 1.773405e-02 
-3.187573e-07 1.693568e-04 
