poroelastic
-1.062283e-02 1.201575e-01 
2.435330e-04 1.849336e-01 
1.512615e-02 2.030187e-01 
1.688363e-02 1.928652e-01 
5.843493e-03 1.459257e-01 
-3.690616e-03 7.455440e-02 
-1.115966e-02 -4.493518e-03 
-4.860769e-03 -7.102568e-02 
1.214001e-04 -1.152234e-01 
3.338149e-03 -1.237956e-01 
4.017120e-03 -7.821644e-02 
-1.454342e-03 1.973461e-02 
-2.923289e-03 7.655605e-02 
-1.875261e-03 9.572392e-02 
8.151283e-04 7.078688e-02 
4.778311e-04 7.375376e-03 
6.385745e-04 -3.747653e-02 
7.387343e-04 -6.602176e-02 
5.620235e-04 -7.286927e-02 
1.748633e-04 -5.257547e-02 
1.960561e-06 -2.524132e-02 
-4.887718e-05 5.058329e-03 
2.553394e-05 3.132398e-02 
1.951923e-01 -3.574524e-01 
-6.988544e-03 -2.228361e-01 
-5.797172e-03 -6.080721e-02 
8.020619e-03 9.256972e-02 
7.483781e-03 1.580509e-01 
-5.553544e-05 1.544459e-01 
-1.210007e-02 7.829480e-02 
-6.631890e-03 -5.494696e-02 
-1.296404e-04 -1.420833e-01 
4.384494e-03 -1.746421e-01 
6.150089e-03 -1.289897e-01 
-6.456176e-04 5.041110e-04 
-3.280866e-03 8.295775e-02 
-2.641781e-03 1.196379e-01 
5.160133e-04 9.825276e-02 
5.833178e-04 1.776450e-02 
7.419123e-04 -3.892306e-02 
8.509630e-04 -7.460052e-02 
6.422297e-04 -8.393619e-02 
1.859584e-04 -6.065257e-02 
1.899904e-05 -3.134939e-02 
-3.013521e-05 3.699668e-04 
1.676869e-05 2.719824e-02 
5.268631e-01 6.149875e-01 
7.395485e-02 7.448666e-01 
5.296539e-02 5.938932e-01 
1.265463e-02 2.915352e-01 
-7.827667e-03 5.128375e-02 
-1.510318e-02 -1.196346e-01 
-1.187622e-02 -1.875122e-01 
-1.188523e-03 -1.224421e-01 
1.099639e-03 -7.874348e-02 
1.206415e-03 -4.382308e-02 
2.603860e-04 -7.317066e-03 
-1.387391e-03 3.483492e-02 
-1.810096e-03 6.199853e-02 
-9.647238e-04 6.946682e-02 
1.024967e-03 5.037538e-02 
7.932661e-04 4.670246e-03 
8.184088e-04 -3.147778e-02 
8.807962e-04 -5.688912e-02 
6.603844e-04 -6.783489e-02 
2.010245e-04 -5.766080e-02 
7.836549e-05 -3.434881e-02 
-2.491082e-06 -4.383648e-03 
-4.416905e-05 2.631653e-02 
-7.337979e-03 2.088841e-01 
2.821495e-02 3.541448e-01 
3.041918e-02 3.488001e-01 
4.760533e-03 2.053247e-01 
-6.285258e-03 7.747212e-02 
-1.296182e-02 -3.490657e-02 
-1.326090e-02 -1.147838e-01 
-1.441503e-03 -1.276185e-01 
1.945821e-03 -1.237870e-01 
2.799084e-03 -9.761202e-02 
1.679753e-03 -4.056089e-02 
-1.362435e-03 3.565108e-02 
-2.292780e-03 7.819757e-02 
-1.334852e-03 8.896541e-02 
1.094011e-03 6.090255e-02 
1.047741e-03 -3.608816e-04 
1.082030e-03 -4.321734e-02 
1.076934e-03 -6.912854e-02 
7.005820e-04 -7.338207e-02 
1.521099e-04 -5.377440e-02 
7.431686e-05 -3.020990e-02 
1.579488e-05 -6.870211e-03 
-1.932599e-05 8.344846e-03 
2.583552e-01 -5.364419e-01 
-1.406575e-02 -2.318119e-01 
2.413382e-03 3.075374e-02 
6.364495e-03 1.516269e-01 
1.171830e-03 1.573435e-01 
-7.523854e-03 9.765286e-02 
-1.461986e-02 -7.263311e-03 
-2.889947e-03 -1.091256e-01 
2.550304e-03 -1.601644e-01 
4.973108e-03 -1.612698e-01 
4.342846e-03 -9.705037e-02 
-1.267506e-03 2.333766e-02 
-3.290033e-03 9.545304e-02 
-2.592509e-03 1.218856e-01 
5.130173e-04 9.112058e-02 
1.214275e-03 6.862864e-03 
1.296347e-03 -4.943024e-02 
1.253010e-03 -8.126110e-02 
7.730689e-04 -8.330198e-02 
1.103034e-04 -5.406623e-02 
3.645602e-05 -2.750521e-02 
5.851857e-06 -5.717088e-03 
-2.903447e-06 3.114844e-03 
7.722312e-01 9.096294e-01 
1.644710e-01 1.183499e+00 
8.075453e-02 9.554045e-01 
1.967869e-03 3.771141e-01 
-1.890693e-02 -5.751937e-02 
-2.008606e-02 -3.323822e-01 
-5.805354e-03 -3.871924e-01 
3.646873e-03 -1.735877e-01 
1.114346e-03 -2.713850e-02 
-2.116522e-03 6.372688e-02 
-4.227420e-03 9.598886e-02 
-1.809246e-03 6.359046e-02 
-5.984273e-04 4.224580e-02 
5.215535e-04 2.224985e-02 
1.792241e-03 -3.500383e-04 
1.446812e-03 -2.091221e-02 
1.100071e-03 -3.654269e-02 
9.340185e-04 -4.433420e-02 
6.199455e-04 -4.104179e-02 
5.091412e-05 -2.856603e-02 
2.914255e-05 -1.796686e-02 
2.747027e-05 -1.287583e-02 
6.892283e-05 -2.037222e-02 
2.242254e-03 2.634988e-01 
5.475354e-02 5.121210e-01 
2.510958e-02 4.711252e-01 
-1.061745e-02 1.431636e-01 
-1.565747e-02 -9.885368e-02 
-1.390366e-02 -2.474449e-01 
-4.505140e-03 -2.571967e-01 
1.885141e-03 -1.066948e-01 
-8.125294e-05 -7.206733e-03 
-2.445945e-03 5.344090e-02 
-3.166988e-03 6.638051e-02 
-5.833859e-05 2.992638e-02 
7.052660e-04 7.198122e-03 
1.377787e-03 -9.316144e-03 
1.981565e-03 -1.932965e-02 
1.295682e-03 -2.042616e-02 
8.587884e-04 -2.097588e-02 
7.479274e-04 -1.847437e-02 
5.904463e-04 -1.228536e-02 
-4.861881e-05 -9.389898e-03 
-1.867272e-05 -1.551160e-02 
5.726534e-05 -3.121260e-02 
2.458267e-04 -6.223886e-02 
4.440982e-01 -8.395235e-01 
-3.609030e-02 -3.629973e-01 
-1.163549e-02 -1.560349e-02 
-4.904938e-03 8.474572e-02 
-5.564436e-03 8.072002e-02 
-9.712814e-03 2.433926e-02 
-1.064373e-02 -5.899110e-02 
1.354209e-03 -1.112868e-01 
3.603919e-03 -1.231963e-01 
3.518219e-03 -1.018784e-01 
1.880066e-03 -4.680405e-02 
-6.994297e-04 2.509318e-02 
-1.868290e-03 6.586649e-02 
-1.441454e-03 7.570654e-02 
7.105334e-04 4.680708e-02 
1.696823e-03 -1.333893e-02 
1.486878e-03 -4.895610e-02 
1.220575e-03 -6.332266e-02 
6.255586e-04 -5.115928e-02 
-6.321575e-05 -1.899101e-02 
-4.925473e-05 -6.497021e-03 
-2.020430e-05 -1.107844e-02 
1.713308e-04 -4.145764e-02 
