poroelastic
3.652306e-03 8.582734e-03 
4.344015e-03 -2.180902e-02 
5.370576e-03 -5.982197e-02 
1.417565e-03 -1.448686e-01 
-7.450242e-04 -2.282839e-01 
-9.165271e-04 -1.697571e-01 
3.860992e-04 1.848947e-02 
7.729999e-05 1.567934e-01 
3.649958e-05 2.666385e-01 
-1.822893e-03 3.552533e-01 
-4.333270e-03 2.999409e-01 
-4.865903e-05 7.994464e-02 
2.429379e-04 -2.235507e-02 
3.752346e-04 -1.106310e-01 
8.006162e-04 -1.867771e-01 
7.880181e-04 -1.858882e-01 
3.874247e-04 -1.995650e-01 
2.010864e-04 -2.302488e-01 
-1.062748e-04 -2.540394e-01 
-3.384517e-04 -2.139005e-01 
-1.815631e-04 -1.312651e-01 
-2.968834e-05 -3.062194e-02 
1.159082e-04 9.535680e-02 
1.617670e+00 -1.666070e+00 
1.572646e-01 -2.534805e+00 
-2.887448e-03 -2.112255e+00 
-5.718930e-03 -6.676613e-01 
1.404467e-03 3.502791e-01 
7.764242e-03 1.024317e+00 
9.616965e-03 1.149887e+00 
1.947150e-04 6.284836e-01 
-2.870193e-03 2.899632e-01 
-4.994636e-03 2.284713e-03 
-4.613938e-03 -2.044654e-01 
9.726593e-04 -2.327092e-01 
8.696732e-04 -2.549480e-01 
6.971389e-04 -2.055595e-01 
7.170149e-04 -3.422134e-02 
5.776274e-04 1.791591e-01 
6.184039e-04 2.864431e-01 
9.650836e-04 3.475195e-01 
1.149904e-03 3.345809e-01 
-1.091202e-04 1.210781e-01 
-5.327142e-04 -2.411970e-01 
-1.021240e-03 -7.169321e-01 
-1.466707e-03 -1.360151e+00 
-1.550086e+00 -1.516031e+00 
-1.427907e-01 -2.354648e+00 
-1.441641e-02 -2.019036e+00 
-3.719224e-03 -7.433746e-01 
1.363955e-03 1.636767e-01 
3.407235e-03 7.813720e-01 
2.266613e-03 1.043561e+00 
-1.235704e-04 8.567746e-01 
-1.152049e-03 6.220058e-01 
-2.295321e-03 3.766602e-01 
-2.517534e-03 9.537790e-02 
6.732831e-04 -1.927738e-01 
7.429909e-04 -3.657477e-01 
7.093378e-04 -4.099355e-01 
6.592794e-04 -3.102244e-01 
3.123986e-04 -1.337501e-01 
1.813948e-04 -2.495429e-02 
1.965099e-04 4.379604e-02 
1.720106e-04 5.763127e-02 
-1.027767e-04 -5.286293e-02 
-6.780082e-05 -2.393829e-01 
-2.291070e-05 -5.105952e-01 
1.022065e-04 -9.292495e-01 
4.865330e-02 -1.542745e-01 
-5.511486e-04 -3.156886e-01 
-2.789865e-03 -3.981980e-01 
-3.415133e-03 -3.996296e-01 
-2.076415e-03 -4.336656e-01 
-6.236667e-04 -3.104686e-01 
5.146415e-04 -2.846899e-03 
-2.377059e-05 2.559806e-01 
-5.334688e-04 4.224648e-01 
-1.207108e-03 5.496339e-01 
-1.213596e-03 4.944308e-01 
7.026338e-04 2.116114e-01 
7.928085e-04 7.894461e-02 
1.041184e-03 -3.661261e-02 
1.082337e-03 -1.515679e-01 
7.639024e-05 -1.905755e-01 
-5.637894e-05 -2.398198e-01 
-1.266678e-04 -3.070788e-01 
-2.400810e-04 -3.700311e-01 
-2.592077e-04 -3.394217e-01 
-1.372275e-04 -2.225544e-01 
-2.113520e-05 -5.848124e-02 
8.810075e-05 1.730003e-01 
1.346696e+00 -9.512584e-01 
1.353330e-01 -2.182383e+00 
-1.522933e-02 -2.102213e+00 
-1.029275e-03 -7.586980e-01 
4.352535e-03 2.590316e-01 
3.015714e-03 9.669342e-01 
-3.360701e-03 1.227635e+00 
-3.383108e-03 9.309724e-01 
-2.125484e-03 6.388865e-01 
-9.823158e-04 3.365026e-01 
1.455053e-03 3.777180e-02 
3.454784e-03 -1.920178e-01 
2.477783e-03 -3.401018e-01 
2.147856e-03 -3.550095e-01 
1.751204e-03 -2.038417e-01 
8.683895e-05 1.681508e-02 
1.167329e-04 1.405905e-01 
1.840271e-04 2.205544e-01 
9.744154e-05 2.209202e-01 
-1.650764e-04 2.275437e-02 
-3.573747e-04 -2.971850e-01 
-6.349315e-04 -7.351894e-01 
-9.242948e-04 -1.361397e+00 
-2.103454e+00 -2.190757e+00 
-2.141785e-01 -2.864810e+00 
-4.086891e-02 -2.379534e+00 
-8.508544e-03 -1.086909e+00 
1.020915e-03 -2.207616e-01 
-4.834036e-04 4.640340e-01 
-8.238171e-03 8.699375e-01 
-4.181630e-03 7.468679e-01 
-1.614386e-03 6.318069e-01 
1.391825e-03 4.865995e-01 
5.529467e-03 1.999085e-01 
3.421562e-03 -1.696172e-01 
2.271751e-03 -3.452842e-01 
1.968815e-03 -4.126661e-01 
1.185211e-03 -3.301572e-01 
-6.016494e-04 -9.401308e-02 
-4.243659e-04 1.215081e-02 
-4.906283e-04 5.209223e-02 
-5.407492e-04 3.720958e-02 
3.420378e-05 -7.996057e-02 
9.383655e-05 -2.595563e-01 
1.476201e-04 -5.063343e-01 
2.101719e-04 -8.697212e-01 
-5.731869e-02 2.080889e-01 
3.255718e-03 1.349984e-01 
5.153516e-03 1.368873e-01 
4.587741e-03 1.983203e-01 
1.724688e-03 2.365049e-01 
-5.884932e-04 2.686534e-01 
-3.314487e-03 2.874009e-01 
-1.454435e-03 2.362043e-01 
-4.497846e-04 1.770179e-01 
3.588571e-04 1.590293e-01 
1.745718e-03 1.436286e-01 
1.370876e-03 8.086010e-02 
1.095886e-03 5.509856e-02 
1.386516e-03 4.439708e-02 
1.348978e-03 2.430656e-02 
-3.700073e-04 -8.057782e-03 
-3.414238e-04 -3.901280e-02 
-3.951000e-04 -9.787058e-02 
-3.384042e-04 -1.885837e-01 
-1.263147e-05 -2.543330e-01 
-5.973024e-05 -2.659820e-01 
-8.249229e-05 -2.449204e-01 
-8.202393e-05 -1.770129e-01 
5.146306e-01 -2.431309e-02 
4.860527e-02 -1.461742e+00 
-1.892682e-02 -1.690004e+00 
1.230712e-02 -4.646987e-01 
1.027992e-02 4.879322e-01 
-2.596587e-03 1.155241e+00 
-2.138023e-02 1.362330e+00 
-9.625625e-03 9.627241e-01 
-9.708597e-04 6.114270e-01 
6.257210e-03 2.715162e-01 
1.227347e-02 -4.915631e-02 
5.627189e-03 -2.751054e-01 
3.249422e-03 -4.078652e-01 
2.531155e-03 -4.095171e-01 
1.474248e-03 -2.538663e-01 
-9.579311e-04 -1.749385e-02 
-6.175348e-04 1.360156e-01 
-8.296313e-04 2.481059e-01 
-1.126497e-03 3.111087e-01 
1.700087e-04 1.761921e-01 
1.900320e-04 -1.868082e-01 
1.122171e-04 -7.037312e-01 
-1.890656e-04 -1.437644e+00 
