poroelastic
3.236723e-02 -1.109311e-01 
2.414300e-02 -1.899211e-01 
-7.881641e-03 -2.582947e-01 
-5.520098e-02 -3.082694e-01 
-3.320976e-02 -2.878671e-01 
-1.806736e-02 -2.158358e-01 
-6.774518e-03 -1.051092e-01 
-1.645554e-03 1.115274e-02 
-3.416577e-03 8.501989e-02 
-6.715168e-03 1.112141e-01 
-5.817724e-03 7.073694e-02 
5.072656e-03 -3.231938e-02 
5.242172e-03 -8.590043e-02 
4.318713e-03 -1.002029e-01 
2.317910e-03 -7.121876e-02 
2.913532e-04 -6.651446e-03 
4.145330e-05 3.239330e-02 
1.965054e-04 5.177270e-02 
4.949733e-04 4.877126e-02 
1.733384e-04 1.663439e-02 
2.701821e-05 -2.457517e-02 
-1.351163e-04 -7.182438e-02 
-4.095813e-04 -1.268565e-01 
-7.381796e-02 6.465075e-01 
5.945492e-02 4.732586e-01 
3.079516e-02 1.722501e-01 
-4.157318e-02 -1.571503e-01 
-3.672761e-02 -3.124096e-01 
-2.399721e-02 -3.413185e-01 
-5.221873e-03 -2.420177e-01 
1.925523e-03 -4.025760e-02 
-1.465264e-03 9.475099e-02 
-6.152354e-03 1.632038e-01 
-7.788126e-03 1.400972e-01 
2.451399e-03 1.405493e-02 
4.246762e-03 -6.372770e-02 
4.037507e-03 -9.876579e-02 
2.178236e-03 -8.260902e-02 
2.360799e-04 -1.594235e-02 
-1.532537e-05 2.502060e-02 
7.382065e-05 4.602000e-02 
3.200371e-04 4.521194e-02 
1.290364e-04 1.669193e-02 
2.193983e-05 -1.662725e-02 
-9.122732e-05 -5.348631e-02 
-2.726542e-04 -9.676810e-02 
-7.867007e-01 -6.179494e-01 
-1.203493e-01 -8.104933e-01 
-6.835389e-02 -6.808337e-01 
-4.976539e-02 -4.065877e-01 
-1.441953e-02 -1.688897e-01 
-2.225548e-03 9.508478e-03 
-4.129844e-03 8.716294e-02 
-3.200737e-03 2.915444e-02 
-1.852161e-03 -2.248632e-03 
-1.559375e-03 -1.490550e-02 
-6.571875e-04 -1.780016e-02 
2.599924e-03 -2.335381e-02 
1.934104e-03 -2.501763e-02 
1.594038e-03 -2.143066e-02 
1.371248e-03 -1.141939e-02 
3.632754e-04 4.232801e-03 
1.799353e-04 1.421885e-02 
2.675371e-04 1.898522e-02 
3.996226e-04 1.866278e-02 
1.948938e-05 7.172641e-03 
-1.742360e-05 -1.877062e-02 
-3.158753e-05 -5.381594e-02 
-3.713744e-05 -1.002848e-01 
4.732847e-02 -1.512564e-01 
-1.896406e-02 -3.046738e-01 
-4.646736e-02 -3.876906e-01 
-5.266014e-02 -3.649753e-01 
-2.546610e-02 -2.942808e-01 
-9.956293e-03 -1.915060e-01 
-9.142884e-04 -6.491843e-02 
-8.170287e-04 3.594449e-02 
-3.063698e-03 9.003415e-02 
-5.064065e-03 1.040169e-01 
-3.800237e-03 6.588087e-02 
3.191168e-03 -1.664523e-02 
3.536906e-03 -5.917310e-02 
3.113868e-03 -7.164820e-02 
1.883528e-03 -4.977039e-02 
2.815793e-04 1.206476e-03 
5.086446e-05 2.947746e-02 
1.887968e-04 4.136452e-02 
3.925606e-04 3.572216e-02 
-2.685252e-05 7.529922e-03 
-2.897108e-05 -2.717925e-02 
-3.615889e-06 -6.639590e-02 
5.487504e-05 -1.127211e-01 
-6.580172e-02 8.394303e-01 
6.236174e-02 4.871299e-01 
-1.054082e-04 6.507126e-02 
-4.904737e-02 -2.587605e-01 
-3.325008e-02 -3.633959e-01 
-1.611120e-02 -3.369320e-01 
1.276166e-03 -1.954373e-01 
1.493485e-03 4.245486e-03 
-3.115542e-03 1.228042e-01 
-6.922817e-03 1.731199e-01 
-6.775861e-03 1.350129e-01 
2.449204e-03 8.046164e-03 
4.075185e-03 -6.706349e-02 
3.888684e-03 -9.861478e-02 
2.161110e-03 -7.848414e-02 
2.465054e-04 -9.501109e-03 
-5.225510e-05 3.075561e-02 
5.401404e-05 4.949029e-02 
3.311837e-04 4.495711e-02 
4.617542e-05 1.230298e-02 
4.582321e-07 -2.261688e-02 
-2.052575e-05 -5.936362e-02 
-5.397195e-05 -1.007583e-01 
-1.002090e+00 -8.496031e-01 
-2.344018e-01 -1.179275e+00 
-1.263862e-01 -1.013394e+00 
-4.910181e-02 -5.418270e-01 
-5.242487e-03 -1.483352e-01 
4.832258e-03 1.267084e-01 
-4.128440e-03 2.265951e-01 
-4.380614e-03 9.216302e-02 
-1.484137e-03 -4.406862e-05 
3.500564e-04 -5.093480e-02 
1.890390e-03 -6.278118e-02 
2.809319e-03 -3.898219e-02 
1.498104e-03 -2.084580e-02 
1.007274e-03 -6.161072e-03 
1.013899e-03 5.707277e-03 
3.591723e-04 1.271607e-02 
2.299848e-04 1.580353e-02 
3.431951e-04 1.564235e-02 
4.750649e-04 1.285252e-02 
-5.292220e-05 2.208817e-03 
-3.273360e-05 -2.307013e-02 
5.138688e-05 -5.785015e-02 
2.160372e-04 -1.056579e-01 
5.181021e-02 -2.093841e-01 
-7.400443e-02 -4.813728e-01 
-7.569957e-02 -5.559313e-01 
-3.322809e-02 -3.644553e-01 
-7.095820e-03 -1.692477e-01 
1.855978e-03 -3.991793e-03 
-1.458357e-04 9.622785e-02 
-2.508637e-03 7.586812e-02 
-2.216131e-03 5.222214e-02 
-1.773461e-03 2.821121e-02 
-2.706864e-04 1.855919e-03 
2.052902e-03 -2.130372e-02 
1.729802e-03 -3.016593e-02 
1.439084e-03 -2.902298e-02 
1.014907e-03 -1.612142e-02 
2.105573e-04 6.457082e-03 
7.319619e-05 1.819870e-02 
1.744031e-04 2.243785e-02 
3.005706e-04 1.964682e-02 
-6.730673e-05 5.325233e-03 
-1.680722e-05 -1.810527e-02 
7.624597e-05 -4.773061e-02 
2.438943e-04 -8.613577e-02 
-1.675919e-01 1.070189e+00 
5.973116e-02 5.050324e-01 
-2.537781e-02 -7.191392e-03 
-3.823288e-02 -2.656697e-01 
-1.951332e-02 -3.173889e-01 
-4.053724e-03 -2.555473e-01 
6.219376e-03 -9.775589e-02 
-1.783572e-03 7.440290e-02 
-5.975889e-03 1.566925e-01 
-7.501309e-03 1.725314e-01 
-4.580268e-03 1.114497e-01 
3.063759e-03 -1.329501e-02 
4.200934e-03 -8.261389e-02 
3.818440e-03 -1.073103e-01 
2.020694e-03 -8.009063e-02 
1.889445e-04 -6.569711e-03 
-1.424534e-04 3.582274e-02 
-1.075117e-05 5.498462e-02 
2.711561e-04 4.848457e-02 
-1.707268e-04 1.229233e-02 
-8.453583e-05 -2.402549e-02 
6.688087e-05 -6.035626e-02 
3.276241e-04 -9.793195e-02 
