poroelastic
7.981715e-03 1.581695e-02 
8.842823e-03 -4.089891e-03 
2.020039e-03 -5.861269e-02 
-1.170412e-02 -1.195649e-01 
-6.207599e-03 -1.296701e-01 
-1.839098e-03 -1.075648e-01 
1.642475e-03 -5.369537e-02 
3.202257e-04 1.042196e-02 
-1.199932e-03 4.486336e-02 
-2.223151e-03 5.743950e-02 
-1.929949e-03 4.367011e-02 
5.469207e-04 9.525571e-03 
1.023523e-03 -1.269299e-02 
1.143181e-03 -2.917169e-02 
6.868176e-04 -3.920862e-02 
1.155892e-04 -3.586023e-02 
9.600274e-06 -2.194177e-02 
-6.017971e-05 9.484150e-04 
-3.661973e-05 3.443430e-02 
9.068834e-05 5.900641e-02 
1.151489e-04 4.248836e-02 
3.745874e-05 -4.496230e-03 
-2.298880e-04 -8.363352e-02 
1.642790e-03 1.249700e-01 
8.093518e-03 6.509031e-02 
1.550129e-03 -1.239252e-02 
-6.814362e-03 -8.537872e-02 
-3.396479e-03 -1.001867e-01 
1.491071e-05 -8.476815e-02 
3.083816e-03 -4.634996e-02 
1.065177e-03 -2.981935e-04 
-2.085699e-04 2.450035e-02 
-8.735459e-04 3.662845e-02 
-1.391261e-03 3.629925e-02 
-1.132189e-03 2.326170e-02 
-4.006509e-04 1.188105e-02 
-6.561110e-06 -1.375545e-03 
4.277213e-05 -1.862989e-02 
3.540501e-05 -3.301130e-02 
-2.191962e-05 -2.883046e-02 
-1.099343e-04 -9.461567e-03 
-1.093047e-04 2.675583e-02 
8.284342e-05 6.216946e-02 
1.098263e-04 5.373040e-02 
4.367188e-05 1.292330e-02 
-1.434084e-04 -6.106496e-02 
-2.734231e-01 -4.914047e-02 
-1.915405e-02 -1.081729e-01 
-1.025044e-02 -1.892341e-01 
-1.948046e-02 -2.591487e-01 
-8.086858e-03 -2.624682e-01 
-3.877481e-04 -2.111598e-01 
4.688825e-03 -9.366097e-02 
-6.035586e-04 5.596616e-02 
-4.024963e-03 1.293755e-01 
-5.530761e-03 1.442371e-01 
-3.724446e-03 9.146006e-02 
2.425982e-03 -1.589518e-02 
3.106838e-03 -7.387037e-02 
2.501057e-03 -9.486033e-02 
8.311244e-04 -7.618934e-02 
-2.912694e-05 -2.162925e-02 
-1.575664e-04 1.795019e-02 
-1.358424e-04 4.591533e-02 
4.327716e-05 6.022020e-02 
2.314789e-05 4.893429e-02 
-1.365176e-05 1.680132e-02 
-3.612883e-05 -3.010022e-02 
-2.011124e-05 -9.252973e-02 
1.887206e-02 -3.847239e-02 
-3.198393e-03 -9.256789e-02 
-1.035398e-02 -1.565026e-01 
-1.179983e-02 -1.994520e-01 
-3.785929e-03 -1.861633e-01 
1.585162e-03 -1.350001e-01 
4.281398e-03 -4.661125e-02 
-7.324050e-04 4.687130e-02 
-3.007011e-03 9.390043e-02 
-3.917392e-03 1.041554e-01 
-2.559037e-03 6.764410e-02 
1.135197e-03 -4.467374e-03 
1.782786e-03 -4.561797e-02 
1.509610e-03 -6.424231e-02 
4.151657e-04 -5.735833e-02 
-3.083816e-05 -2.587189e-02 
-1.421190e-04 2.508153e-03 
-1.740091e-04 2.858238e-02 
-4.149788e-05 5.170537e-02 
4.349185e-05 5.691346e-02 
2.785770e-06 3.269169e-02 
-2.828260e-05 -1.222469e-02 
-1.918200e-05 -7.854736e-02 
1.311112e-02 1.146015e-01 
5.905526e-03 5.214984e-02 
-2.751376e-03 -2.699752e-02 
-5.643095e-03 -1.045214e-01 
-1.674983e-03 -1.198364e-01 
1.929991e-03 -1.001876e-01 
4.618707e-03 -5.154045e-02 
6.617608e-04 7.693657e-03 
-1.006572e-03 4.051316e-02 
-1.739565e-03 5.475099e-02 
-1.981817e-03 4.905810e-02 
-1.252395e-03 2.548243e-02 
-3.937942e-04 8.502043e-03 
-4.037567e-05 -6.618531e-03 
-8.678940e-05 -2.193913e-02 
-2.437573e-06 -3.171215e-02 
-7.973078e-05 -2.513611e-02 
-2.138255e-04 -5.231676e-03 
-1.975432e-04 2.968236e-02 
9.589666e-05 6.297425e-02 
6.765198e-05 5.488187e-02 
8.062982e-06 1.671025e-02 
-5.012428e-05 -5.279600e-02 
-3.125271e-01 -5.733956e-02 
-4.492609e-02 -1.575790e-01 
-2.926495e-02 -2.521589e-01 
-1.711293e-02 -3.122134e-01 
-4.049040e-03 -3.011002e-01 
3.092502e-03 -2.300293e-01 
5.684851e-03 -8.810570e-02 
-2.486553e-03 8.292623e-02 
-6.037324e-03 1.673334e-01 
-6.800832e-03 1.790323e-01 
-3.505972e-03 1.053536e-01 
3.014358e-03 -3.362561e-02 
3.877347e-03 -1.075336e-01 
3.143824e-03 -1.298978e-01 
1.024170e-03 -9.506091e-02 
-2.175457e-04 -1.109104e-02 
-3.878720e-04 4.255164e-02 
-2.485858e-04 7.159726e-02 
1.099620e-04 7.235445e-02 
-6.078793e-05 3.833573e-02 
-8.887438e-05 -1.407373e-03 
-3.991561e-05 -4.337862e-02 
1.125561e-04 -8.538801e-02 
2.364202e-02 -9.385047e-02 
-2.002682e-02 -1.689528e-01 
-1.700525e-02 -2.107786e-01 
-5.229478e-03 -1.957379e-01 
4.729229e-04 -1.498068e-01 
3.273330e-03 -8.357563e-02 
3.073573e-03 -4.894564e-04 
-2.123897e-03 6.860491e-02 
-3.509215e-03 9.829430e-02 
-3.526955e-03 9.415064e-02 
-1.579330e-03 4.804222e-02 
1.420262e-03 -2.416252e-02 
1.840866e-03 -6.074981e-02 
1.325866e-03 -6.895509e-02 
6.999331e-05 -4.509002e-02 
-3.118806e-04 1.389197e-03 
-3.392104e-04 3.043551e-02 
-2.433917e-04 4.491103e-02 
-2.340216e-05 4.159899e-02 
-1.564517e-05 2.016671e-02 
-2.310633e-05 1.880888e-04 
-5.545480e-06 -1.690175e-02 
3.322797e-05 -2.765443e-02 
-1.124691e-03 5.770542e-02 
1.523229e-05 -3.997398e-03 
-2.396750e-03 -4.485264e-02 
-1.788772e-04 -5.568663e-02 
1.154946e-03 -4.352993e-02 
2.108798e-03 -2.490396e-02 
2.388584e-03 -6.787805e-03 
3.356099e-05 1.404057e-03 
-4.571736e-04 1.054696e-02 
-8.573607e-04 2.029350e-02 
-1.359645e-03 2.676733e-02 
-1.299540e-03 2.530304e-02 
-7.457062e-04 1.981109e-02 
-3.486381e-04 9.236154e-03 
-9.182969e-05 -8.003864e-03 
5.654513e-05 -2.642376e-02 
-3.502618e-05 -2.676359e-02 
-2.058598e-04 -1.249456e-02 
-2.083480e-04 1.778528e-02 
1.069069e-04 5.000889e-02 
9.519386e-07 4.691132e-02 
-4.912395e-05 1.774419e-02 
5.980440e-05 -3.818532e-02 
