poroelastic
-2.226625e-02 -1.097098e-01 
-3.316809e-02 -1.273427e-01 
-2.274667e-02 -4.423407e-02 
2.715916e-02 8.362512e-02 
2.516662e-02 1.463291e-01 
2.245572e-02 1.696854e-01 
1.714276e-02 1.409737e-01 
6.043210e-03 6.694325e-02 
2.789519e-03 2.943048e-02 
2.683519e-03 7.597822e-03 
2.468572e-03 -7.464521e-03 
-8.616333e-04 -1.834553e-02 
-7.865089e-04 -2.076950e-02 
-1.254395e-03 -1.448086e-02 
-1.805511e-03 2.536252e-03 
-5.073055e-04 2.546513e-02 
-2.518695e-04 3.757639e-02 
-1.844370e-04 3.923572e-02 
-1.648322e-04 2.828853e-02 
-6.405727e-05 1.166439e-02 
-1.393797e-05 1.101615e-02 
9.950490e-05 2.682702e-02 
4.541499e-04 6.757063e-02 
1.846227e-02 -2.621641e-01 
-3.142504e-02 -2.358870e-01 
-2.437077e-02 -1.376999e-01 
1.248038e-02 -5.671080e-03 
1.522705e-02 6.354561e-02 
1.570376e-02 9.823144e-02 
1.447755e-02 1.059544e-01 
5.556741e-03 9.392442e-02 
1.823654e-03 8.130022e-02 
3.593830e-04 5.861295e-02 
-3.114679e-05 1.905001e-02 
5.412338e-04 -3.385813e-02 
6.447273e-04 -6.291869e-02 
-1.418573e-04 -6.505900e-02 
-1.339798e-03 -3.472922e-02 
-3.851427e-04 1.811208e-02 
-1.408408e-04 4.966309e-02 
-3.718042e-05 6.207063e-02 
4.100108e-05 4.988589e-02 
3.633057e-05 1.659253e-02 
-1.081161e-05 7.761591e-04 
-1.056501e-05 8.566241e-04 
1.287260e-04 2.306713e-02 
2.890722e-01 -6.030724e-02 
2.034834e-02 1.692122e-03 
4.343893e-03 1.024142e-01 
4.795276e-02 2.144111e-01 
3.572441e-02 2.623127e-01 
2.624310e-02 2.579009e-01 
1.498238e-02 1.831452e-01 
3.322423e-03 4.489477e-02 
1.771696e-03 -3.042256e-02 
3.071430e-03 -6.075428e-02 
3.716574e-03 -4.748534e-02 
-1.743001e-03 2.237898e-03 
-1.836358e-03 2.870295e-02 
-1.790105e-03 3.696417e-02 
-1.633750e-03 2.599677e-02 
-4.040160e-04 4.501317e-04 
-2.303259e-04 -8.006196e-03 
-2.774522e-04 -4.320129e-03 
-2.898963e-04 1.281513e-02 
5.071120e-05 4.104422e-02 
1.093959e-04 5.396251e-02 
1.301906e-04 5.898532e-02 
1.466559e-04 6.233191e-02 
-3.524791e-02 -8.640126e-02 
-1.979892e-02 -1.021722e-01 
-1.236562e-04 -2.190331e-02 
3.515941e-02 1.173576e-01 
2.801521e-02 1.837432e-01 
2.259757e-02 2.053117e-01 
1.401232e-02 1.725658e-01 
2.573469e-03 8.796729e-02 
8.600965e-04 3.364125e-02 
1.135958e-03 -5.215842e-03 
1.539508e-03 -3.035832e-02 
-1.964609e-04 -3.670630e-02 
-3.405763e-04 -3.612732e-02 
-9.018934e-04 -2.705279e-02 
-1.507008e-03 -7.281459e-03 
-4.421767e-04 1.883439e-02 
-2.648454e-04 3.576976e-02 
-2.174887e-04 4.320947e-02 
-1.139163e-04 3.857594e-02 
7.029564e-05 2.565666e-02 
4.637861e-05 2.146294e-02 
4.048333e-05 2.842792e-02 
2.870650e-05 5.589146e-02 
-9.480593e-02 -1.313404e-01 
-2.815518e-02 -1.568832e-01 
-1.013860e-02 -1.051448e-01 
1.972364e-02 1.967497e-02 
1.882640e-02 9.485590e-02 
1.760163e-02 1.394448e-01 
1.269092e-02 1.479952e-01 
2.059556e-03 1.128977e-01 
-7.918797e-05 7.915087e-02 
-4.746400e-04 4.053949e-02 
1.670445e-04 -7.531927e-03 
1.027405e-03 -5.590007e-02 
8.422947e-04 -7.921764e-02 
-4.808474e-05 -7.595195e-02 
-1.249805e-03 -4.011177e-02 
-3.660332e-04 1.904355e-02 
-2.043306e-04 5.489155e-02 
-1.327162e-04 6.916570e-02 
-3.547113e-05 5.739090e-02 
2.488682e-05 2.362529e-02 
6.244166e-06 5.033055e-03 
3.337480e-06 2.508139e-03 
2.498777e-05 2.386981e-02 
1.618584e-01 -2.196177e-01 
1.660741e-02 -1.722032e-01 
2.154560e-02 -1.119780e-02 
5.403010e-02 2.112623e-01 
3.951394e-02 3.308305e-01 
2.657601e-02 3.562476e-01 
9.377238e-03 2.563429e-01 
2.733686e-04 3.807230e-02 
1.287290e-03 -8.916569e-02 
3.096195e-03 -1.423768e-01 
3.387059e-03 -1.120060e-01 
-1.614942e-03 -2.101890e-03 
-2.118740e-03 5.793400e-02 
-2.036664e-03 7.975180e-02 
-1.467887e-03 6.032707e-02 
-2.769246e-04 2.593502e-03 
-1.106354e-04 -2.335774e-02 
-1.667526e-04 -2.524097e-02 
-1.911905e-04 -1.896182e-03 
1.206139e-04 4.257886e-02 
3.681835e-06 6.298943e-02 
-8.028274e-05 6.801896e-02 
-1.485266e-04 6.118027e-02 
-4.162175e-02 -5.301336e-02 
-2.059922e-03 -8.692666e-02 
2.294321e-02 -3.668281e-03 
3.732606e-02 1.560793e-01 
2.610432e-02 2.302288e-01 
1.706231e-02 2.439713e-01 
5.396325e-03 1.764391e-01 
-1.443332e-04 3.560763e-02 
7.553790e-04 -4.461605e-02 
1.731198e-03 -8.246776e-02 
1.655776e-03 -7.348849e-02 
-6.016074e-04 -1.984228e-02 
-9.142710e-04 1.208883e-02 
-1.082361e-03 2.707547e-02 
-1.008990e-03 2.404449e-02 
-2.649730e-04 8.126647e-03 
-1.556248e-04 1.868552e-03 
-1.690200e-04 9.919166e-04 
-9.581688e-05 7.094714e-03 
1.493027e-04 2.170044e-02 
2.511627e-05 3.287267e-02 
-8.454444e-05 4.600144e-02 
-2.968778e-04 6.705720e-02 
-1.270781e-01 8.472200e-02 
-7.551099e-03 -4.853663e-02 
3.015396e-03 -8.316841e-02 
1.469344e-02 -1.645346e-04 
1.248351e-02 5.193771e-02 
1.153820e-02 8.622681e-02 
7.565709e-03 9.981768e-02 
-1.027668e-03 8.379054e-02 
-1.073028e-03 5.860806e-02 
-4.393634e-04 2.351398e-02 
3.086627e-04 -1.721806e-02 
5.441437e-04 -4.978627e-02 
4.249024e-04 -6.288246e-02 
-1.937130e-04 -5.228881e-02 
-9.530140e-04 -1.414767e-02 
-3.671476e-04 3.719803e-02 
-2.584758e-04 6.347040e-02 
-1.718791e-04 6.712871e-02 
-4.558164e-05 4.166363e-02 
4.479055e-05 -3.119973e-03 
9.648393e-05 -1.676613e-02 
7.827870e-05 -3.530179e-03 
-2.363640e-04 4.489493e-02 
