poroelastic
-7.008192e-03 1.170305e-01 
1.823868e-03 1.781604e-01 
1.279360e-02 1.919092e-01 
1.049082e-02 1.752658e-01 
2.589897e-03 1.243178e-01 
-4.445848e-03 5.248642e-02 
-9.529476e-03 -2.323959e-02 
-3.686400e-03 -7.978348e-02 
-2.299726e-04 -1.130197e-01 
1.722562e-03 -1.134716e-01 
2.069196e-03 -6.564457e-02 
-8.382893e-04 2.388752e-02 
-1.479352e-03 7.543408e-02 
-4.702606e-04 9.243988e-02 
1.320245e-03 6.779213e-02 
1.938312e-04 7.139208e-03 
1.481147e-04 -3.602919e-02 
1.702997e-04 -6.347678e-02 
1.515012e-04 -6.996946e-02 
4.427216e-05 -5.195663e-02 
-2.863612e-05 -2.928377e-02 
-1.980487e-05 -5.386542e-03 
2.927494e-05 1.107927e-02 
2.630391e-01 -4.092421e-01 
-4.466435e-04 -2.701378e-01 
-5.141514e-03 -8.842775e-02 
3.918398e-03 7.753831e-02 
4.556031e-03 1.462937e-01 
-1.090027e-03 1.428481e-01 
-1.012572e-02 6.632202e-02 
-4.887395e-03 -6.147317e-02 
-4.084928e-04 -1.393978e-01 
2.361133e-03 -1.641946e-01 
3.458284e-03 -1.171147e-01 
-1.777735e-04 1.634631e-03 
-1.569111e-03 7.607567e-02 
-8.161283e-04 1.084611e-01 
1.259384e-03 8.843804e-02 
3.098448e-04 1.686507e-02 
1.868547e-04 -3.454806e-02 
1.845891e-04 -6.819814e-02 
1.281370e-04 -7.859123e-02 
9.351433e-07 -5.989805e-02 
-4.668221e-05 -3.602685e-02 
-2.509489e-05 -9.785864e-03 
2.728175e-05 1.096251e-02 
5.291299e-01 6.717968e-01 
6.582957e-02 7.824440e-01 
4.280178e-02 6.075767e-01 
6.546627e-03 2.736443e-01 
-8.613899e-03 2.017989e-02 
-1.340735e-02 -1.531471e-01 
-9.562834e-03 -2.122793e-01 
-6.342890e-04 -1.290809e-01 
6.189536e-04 -7.041096e-02 
2.854252e-04 -2.596945e-02 
-5.138495e-04 1.077384e-02 
-6.533711e-04 3.969134e-02 
-6.138155e-04 5.692041e-02 
1.224282e-04 5.908541e-02 
1.318107e-03 4.098700e-02 
4.396034e-04 3.686705e-03 
3.171160e-04 -2.753862e-02 
3.137225e-04 -5.079989e-02 
2.082885e-04 -6.261620e-02 
-6.312427e-07 -5.721349e-02 
-7.791994e-06 -3.957165e-02 
-3.703141e-06 -1.574264e-02 
1.943442e-06 8.046600e-03 
-3.918104e-03 1.878487e-01 
2.148268e-02 3.248335e-01 
2.078856e-02 3.148767e-01 
-3.106139e-05 1.717766e-01 
-6.823384e-03 4.856860e-02 
-1.101155e-02 -5.662548e-02 
-1.018575e-02 -1.255953e-01 
-6.705676e-04 -1.271931e-01 
1.248821e-03 -1.155762e-01 
1.492986e-03 -8.553302e-02 
7.394681e-04 -3.086483e-02 
-5.651572e-04 3.556413e-02 
-9.530382e-04 7.315516e-02 
-1.636689e-04 8.309705e-02 
1.327035e-03 5.836369e-02 
5.643006e-04 4.139900e-03 
4.501756e-04 -3.634375e-02 
4.152636e-04 -6.318052e-02 
2.151539e-04 -7.145525e-02 
-6.286234e-05 -5.815970e-02 
-2.463738e-05 -3.928593e-02 
-5.529252e-06 -1.927482e-02 
7.351872e-07 -6.383708e-03 
3.364985e-01 -5.614771e-01 
-8.704652e-03 -2.819994e-01 
-2.174502e-03 -1.814255e-02 
1.248344e-03 1.162932e-01 
-6.546569e-04 1.379666e-01 
-6.623601e-03 9.217720e-02 
-1.165042e-02 -4.662106e-03 
-1.733608e-03 -1.064011e-01 
1.761133e-03 -1.562578e-01 
3.063550e-03 -1.561787e-01 
2.554663e-03 -9.325776e-02 
-4.295735e-04 2.027800e-02 
-1.493147e-03 8.778887e-02 
-8.095805e-04 1.129185e-01 
1.154372e-03 8.576973e-02 
7.233940e-04 9.752353e-03 
5.632713e-04 -4.305968e-02 
4.829552e-04 -7.528399e-02 
2.323446e-04 -8.147321e-02 
-1.016920e-04 -5.919858e-02 
-5.826216e-05 -3.710426e-02 
-2.419061e-05 -1.775883e-02 
-1.061032e-05 -1.021598e-02 
7.232920e-01 9.241789e-01 
1.333919e-01 1.152584e+00 
5.633541e-02 9.059878e-01 
-2.721350e-03 3.328414e-01 
-1.558998e-02 -8.266170e-02 
-1.511342e-02 -3.383729e-01 
-3.784033e-03 -3.799030e-01 
2.836094e-03 -1.700907e-01 
6.238128e-04 -2.578593e-02 
-1.533089e-03 6.476752e-02 
-2.588320e-03 9.695661e-02 
-7.991955e-04 6.369316e-02 
-6.492086e-05 4.129969e-02 
6.431615e-04 2.092565e-02 
1.381306e-03 2.184048e-04 
8.230467e-04 -1.600115e-02 
5.625552e-04 -3.081791e-02 
4.784913e-04 -4.011267e-02 
2.988958e-04 -4.059753e-02 
-1.193793e-04 -3.373278e-02 
-5.656587e-05 -2.701438e-02 
-1.863440e-05 -2.438218e-02 
4.551225e-05 -3.353365e-02 
3.049184e-03 2.023618e-01 
3.403593e-02 4.228444e-01 
1.061320e-02 3.867738e-01 
-1.019981e-02 1.018709e-01 
-1.175396e-02 -1.039981e-01 
-9.910290e-03 -2.277825e-01 
-3.207411e-03 -2.304427e-01 
1.512065e-03 -9.811493e-02 
6.226258e-05 -1.049492e-02 
-1.285191e-03 4.379395e-02 
-1.422116e-03 5.653087e-02 
2.931457e-04 2.646902e-02 
5.689537e-04 8.622974e-03 
9.253176e-04 -4.422360e-03 
1.306608e-03 -1.271290e-02 
7.428808e-04 -1.444376e-02 
4.942932e-04 -1.765708e-02 
4.648379e-04 -1.874367e-02 
3.306323e-04 -1.625796e-02 
-1.734551e-04 -1.583323e-02 
-1.082906e-04 -2.296197e-02 
-4.668260e-05 -3.873568e-02 
1.252328e-04 -6.936292e-02 
5.225309e-01 -8.433358e-01 
-3.175987e-02 -4.321128e-01 
-1.717948e-02 -8.881857e-02 
-5.800309e-03 4.913485e-02 
-4.625280e-03 7.630880e-02 
-7.641753e-03 4.262076e-02 
-8.454131e-03 -3.215440e-02 
1.817116e-03 -9.800880e-02 
3.061485e-03 -1.212278e-01 
2.812561e-03 -1.081316e-01 
1.662211e-03 -5.687320e-02 
1.697639e-06 1.660606e-02 
-7.191115e-04 5.866956e-02 
-4.004885e-04 7.083799e-02 
8.729504e-04 4.624177e-02 
1.013941e-03 -8.887927e-03 
7.549776e-04 -4.339203e-02 
5.777295e-04 -5.992828e-02 
2.254736e-04 -5.293579e-02 
-2.135846e-04 -2.698771e-02 
-1.083695e-04 -1.640535e-02 
-6.475556e-05 -1.914799e-02 
7.221369e-05 -4.396678e-02 
