poroelastic
8.541576e-02 2.607044e-02 
9.108894e-02 -1.998485e-02 
3.328371e-02 -1.480486e-01 
-1.159416e-01 -2.718962e-01 
-7.966315e-02 -3.049906e-01 
-5.259468e-02 -2.691815e-01 
-3.096917e-02 -1.738028e-01 
-1.002426e-02 -6.699030e-02 
-6.097186e-03 -1.235713e-02 
-1.004057e-02 1.454754e-02 
-1.068673e-02 1.669960e-02 
4.171167e-03 4.609104e-03 
4.673573e-03 -3.135087e-03 
6.281929e-03 -1.316848e-02 
8.175093e-03 -2.507941e-02 
4.676311e-03 -3.110803e-02 
2.971800e-03 -2.589527e-02 
1.867232e-03 -1.347936e-02 
1.096732e-03 7.974925e-03 
5.116402e-04 2.783317e-02 
1.014442e-03 1.051213e-02 
1.912239e-03 -3.394232e-02 
1.357347e-03 -1.091674e-01 
2.505342e-01 4.009590e-01 
1.191601e-01 2.708021e-01 
5.587858e-02 3.092738e-03 
-1.101989e-01 -2.519506e-01 
-8.233784e-02 -3.394516e-01 
-5.276096e-02 -3.180525e-01 
-2.286229e-02 -2.204584e-01 
5.387205e-04 -9.989863e-02 
3.034161e-03 -3.201473e-02 
-1.812030e-07 7.947540e-03 
-4.579965e-03 2.933552e-02 
-6.177470e-03 3.975565e-02 
-6.209187e-03 4.978575e-02 
-3.852940e-03 4.749751e-02 
2.035707e-03 2.161648e-02 
4.746108e-03 -2.966369e-02 
4.976516e-03 -5.197511e-02 
3.846408e-03 -4.782294e-02 
1.230873e-03 -1.336600e-02 
-1.086005e-03 3.957934e-02 
-4.679819e-04 3.843307e-02 
1.080512e-03 -5.462172e-03 
1.737297e-03 -9.862640e-02 
-4.949585e-01 -2.401150e-02 
-6.245658e-04 -1.824410e-01 
-1.445553e-02 -3.241365e-01 
-1.606880e-01 -4.427579e-01 
-9.763163e-02 -4.488009e-01 
-5.457835e-02 -3.696090e-01 
-1.967395e-02 -2.250455e-01 
-7.426650e-04 -6.235365e-02 
-3.599278e-03 2.730622e-02 
-1.119202e-02 6.652555e-02 
-1.520067e-02 5.883151e-02 
4.940474e-04 1.412319e-02 
3.381622e-03 -3.626981e-03 
4.204566e-03 -8.362509e-03 
5.621741e-03 -1.192003e-02 
4.594589e-03 -2.180978e-02 
3.279205e-03 -2.217318e-02 
2.264544e-03 -1.282048e-02 
1.239154e-03 1.063496e-02 
-1.598176e-04 3.878325e-02 
6.268615e-04 1.873679e-02 
2.487332e-03 -3.942277e-02 
3.594198e-03 -1.413931e-01 
1.161558e-01 -1.144414e-02 
4.783684e-02 -9.715026e-02 
-3.677785e-02 -2.670824e-01 
-1.560818e-01 -4.330324e-01 
-9.509784e-02 -4.666604e-01 
-5.142982e-02 -4.040486e-01 
-1.057270e-02 -2.559778e-01 
5.817665e-03 -6.957808e-02 
-1.477944e-03 4.300912e-02 
-1.229130e-02 1.016362e-01 
-1.875988e-02 9.913905e-02 
-3.804011e-03 3.768040e-02 
2.257734e-03 8.515915e-04 
5.546635e-03 -2.141395e-02 
7.017545e-03 -3.076928e-02 
4.551374e-03 -2.598261e-02 
2.327835e-03 -1.362636e-02 
7.935804e-04 5.186158e-03 
-5.999616e-06 3.135890e-02 
-7.917905e-04 4.811960e-02 
5.717046e-04 1.757967e-02 
2.982090e-03 -4.827476e-02 
4.743442e-03 -1.537337e-01 
4.164315e-01 3.557647e-01 
9.800517e-02 2.315632e-01 
5.006732e-03 -5.119836e-02 
-1.431716e-01 -3.588678e-01 
-9.801039e-02 -4.823781e-01 
-5.411922e-02 -4.667226e-01 
-3.212163e-03 -3.206510e-01 
1.369684e-02 -8.753562e-02 
1.859059e-03 6.014180e-02 
-1.198527e-02 1.383807e-01 
-2.147364e-02 1.385760e-01 
-8.303220e-03 5.896725e-02 
6.714538e-05 1.003215e-02 
4.424780e-03 -1.919910e-02 
6.484048e-03 -3.425942e-02 
4.805276e-03 -3.321493e-02 
2.518585e-03 -2.084557e-02 
4.057960e-04 1.439952e-03 
-1.264199e-03 3.484828e-02 
-2.160550e-03 6.245082e-02 
-5.066882e-04 3.561240e-02 
2.386125e-03 -3.237918e-02 
4.873369e-03 -1.448035e-01 
-5.333957e-01 4.484220e-02 
-9.580020e-02 -2.062686e-01 
-1.170353e-01 -4.226535e-01 
-1.990390e-01 -6.096422e-01 
-1.061643e-01 -6.243447e-01 
-4.606043e-02 -5.110553e-01 
4.140127e-03 -2.812813e-01 
8.150594e-03 1.389502e-02 
-1.148082e-02 1.812276e-01 
-2.964265e-02 2.417822e-01 
-3.586583e-02 1.820982e-01 
1.993413e-03 1.873605e-03 
1.699101e-02 -9.695760e-02 
2.039266e-02 -1.298275e-01 
1.520221e-02 -1.036752e-01 
3.297639e-03 -2.083505e-02 
-2.819910e-03 3.531850e-02 
-4.585311e-03 6.815513e-02 
-2.521363e-03 8.018451e-02 
-8.953381e-04 5.805459e-02 
1.761696e-03 -9.338910e-04 
5.421520e-03 -8.598336e-02 
8.393009e-03 -1.992460e-01 
8.068379e-02 -1.322423e-01 
-7.042953e-02 -2.548998e-01 
-1.388404e-01 -4.211347e-01 
-1.368402e-01 -5.335643e-01 
-6.690755e-02 -5.041659e-01 
-2.117168e-02 -3.806690e-01 
1.454000e-02 -1.718517e-01 
7.320750e-03 5.605149e-02 
-1.148766e-02 1.880509e-01 
-2.700806e-02 2.317063e-01 
-2.974010e-02 1.626196e-01 
2.570528e-03 -8.202976e-03 
1.699044e-02 -1.064107e-01 
2.107215e-02 -1.423751e-01 
1.421408e-02 -1.059106e-01 
-9.769721e-04 3.478620e-03 
-7.282537e-03 6.995012e-02 
-7.992210e-03 9.924098e-02 
-3.530777e-03 8.809653e-02 
3.413072e-04 2.782212e-02 
3.097010e-03 -3.171626e-02 
5.392746e-03 -8.622942e-02 
6.246641e-03 -1.333522e-01 
4.435554e-01 8.497389e-02 
-3.554912e-03 -9.849436e-03 
-9.616704e-02 -2.173883e-01 
-1.110025e-01 -3.954113e-01 
-5.786321e-02 -4.145217e-01 
-1.934916e-02 -3.431253e-01 
1.429130e-02 -1.828844e-01 
7.583790e-03 1.905102e-02 
-8.445149e-03 1.396170e-01 
-2.179571e-02 1.955499e-01 
-2.682705e-02 1.637938e-01 
-4.042461e-03 3.078036e-02 
9.384473e-03 -5.800987e-02 
1.536518e-02 -1.020406e-01 
1.349403e-02 -9.383812e-02 
3.854733e-03 -3.059954e-02 
-2.322455e-03 2.164674e-02 
-5.318333e-03 6.169848e-02 
-4.533967e-03 8.160966e-02 
-2.811930e-03 6.003296e-02 
4.165038e-04 7.978144e-03 
4.684766e-03 -6.545610e-02 
8.863540e-03 -1.585793e-01 
