poroelastic
-5.941885e-02 -6.877706e-02 
-7.059032e-02 -4.505021e-02 
-3.577103e-02 7.075597e-02 
7.348669e-02 1.939334e-01 
6.024322e-02 2.495126e-01 
4.879425e-02 2.475086e-01 
3.759475e-02 1.758944e-01 
1.693953e-02 6.785660e-02 
9.446141e-03 2.605335e-02 
1.000684e-02 1.288695e-02 
8.327791e-03 1.225967e-02 
-4.028457e-03 5.111516e-03 
-3.154922e-03 1.090687e-03 
-3.752030e-03 4.442954e-03 
-5.382477e-03 1.564948e-02 
-3.178583e-03 2.836614e-02 
-2.245003e-03 3.333339e-02 
-2.011431e-03 3.048671e-02 
-1.910589e-03 1.647011e-02 
-9.026044e-04 2.350722e-03 
-6.372442e-04 1.725455e-02 
-5.369579e-04 5.587045e-02 
1.884655e-04 1.273821e-01 
-1.464119e-01 -4.156259e-01 
-9.182959e-02 -3.232294e-01 
-5.136072e-02 -9.763422e-02 
6.110353e-02 1.339307e-01 
5.613549e-02 2.332432e-01 
4.585307e-02 2.501068e-01 
3.301011e-02 1.978549e-01 
1.131007e-02 1.080324e-01 
3.454357e-03 6.756089e-02 
1.763431e-03 4.340719e-02 
1.602432e-03 1.492064e-02 
1.132534e-03 -3.141802e-02 
2.372400e-03 -5.950977e-02 
1.227303e-03 -6.433046e-02 
-2.366791e-03 -3.687173e-02 
-2.633138e-03 1.990193e-02 
-2.457489e-03 5.188234e-02 
-2.228463e-03 6.098627e-02 
-1.589616e-03 4.224499e-02 
-5.050854e-04 4.683922e-03 
-3.050957e-04 3.816078e-04 
-3.468807e-04 2.390351e-02 
-5.153058e-05 8.457718e-02 
4.605633e-01 -2.430811e-02 
2.766643e-02 1.108217e-01 
1.161784e-02 2.448511e-01 
1.153847e-01 3.606680e-01 
8.032364e-02 3.928304e-01 
5.505508e-02 3.529331e-01 
3.161827e-02 2.343316e-01 
9.411209e-03 6.189910e-02 
6.183739e-03 -2.576913e-02 
9.703206e-03 -5.708751e-02 
1.112308e-02 -4.064086e-02 
-3.658058e-03 5.094129e-03 
-4.528268e-03 2.525347e-02 
-4.668047e-03 2.980043e-02 
-4.918348e-03 2.219501e-02 
-2.358459e-03 5.271783e-03 
-1.420406e-03 -7.920890e-04 
-1.601525e-03 -5.433212e-05 
-2.193396e-03 5.607162e-03 
-1.172896e-03 2.088934e-02 
-9.171253e-04 4.657423e-02 
-9.139076e-04 8.119076e-02 
-6.641246e-04 1.315227e-01 
-8.080420e-02 -6.678894e-02 
-4.143852e-02 -4.187489e-02 
1.340288e-02 9.783498e-02 
1.028317e-01 2.848459e-01 
7.494560e-02 3.627007e-01 
5.363114e-02 3.593489e-01 
2.882991e-02 2.653445e-01 
5.226979e-03 1.013580e-01 
2.782750e-03 7.018316e-03 
5.935632e-03 -4.590347e-02 
8.248217e-03 -6.020030e-02 
2.760790e-04 -3.918534e-02 
-8.430389e-04 -2.417128e-02 
-2.366459e-03 -9.204607e-03 
-4.401755e-03 7.831454e-03 
-3.006610e-03 2.269125e-02 
-2.281462e-03 2.985615e-02 
-2.130779e-03 2.869138e-02 
-1.939465e-03 1.665468e-02 
-6.371849e-04 5.502465e-03 
-5.959782e-04 2.287645e-02 
-9.094361e-04 6.435532e-02 
-1.180874e-03 1.394402e-01 
-3.009210e-01 -2.686746e-01 
-7.764610e-02 -2.512649e-01 
-1.558567e-02 -7.586230e-02 
8.318619e-02 1.811708e-01 
6.886622e-02 3.175634e-01 
5.173730e-02 3.596132e-01 
2.555252e-02 2.933724e-01 
1.555865e-03 1.279133e-01 
-3.158630e-04 2.635156e-02 
2.476478e-03 -3.615885e-02 
5.962521e-03 -6.581762e-02 
3.197136e-03 -6.357064e-02 
2.198444e-03 -6.065260e-02 
3.243858e-04 -4.812548e-02 
-2.930809e-03 -1.794372e-02 
-2.959877e-03 2.615804e-02 
-2.664858e-03 5.017054e-02 
-2.377214e-03 5.377808e-02 
-1.706370e-03 3.226793e-02 
-4.088792e-04 -1.875323e-03 
-2.882110e-04 9.586400e-04 
-5.933487e-04 3.546704e-02 
-9.037988e-04 1.120730e-01 
3.160883e-01 -2.294155e-01 
4.585972e-02 -1.050132e-01 
5.728039e-02 1.193335e-01 
1.434876e-01 4.060021e-01 
9.655743e-02 5.408855e-01 
5.914028e-02 5.370544e-01 
1.721391e-02 3.688294e-01 
-6.962958e-04 4.569856e-02 
5.516162e-03 -1.420887e-01 
1.423515e-02 -2.179287e-01 
1.760848e-02 -1.731652e-01 
-2.691518e-03 -9.935017e-03 
-7.845956e-03 7.927784e-02 
-8.891274e-03 1.113615e-01 
-7.059114e-03 8.815226e-02 
-2.093602e-03 1.037567e-02 
-2.243464e-04 -3.090702e-02 
-3.336662e-04 -4.428645e-02 
-1.591362e-03 -3.164836e-02 
-9.750120e-04 1.321543e-02 
-1.256985e-03 5.890885e-02 
-1.740906e-03 1.059682e-01 
-2.086381e-03 1.614288e-01 
-7.684439e-02 -3.684188e-02 
6.160402e-03 -4.125892e-02 
7.007609e-02 1.022897e-01 
1.075240e-01 3.403087e-01 
6.942604e-02 4.431800e-01 
3.887935e-02 4.309662e-01 
5.696513e-03 2.766433e-01 
-1.376221e-03 1.193512e-02 
5.584924e-03 -1.389914e-01 
1.261488e-02 -1.995790e-01 
1.355847e-02 -1.537088e-01 
-1.921992e-03 -1.065852e-02 
-6.287039e-03 6.959874e-02 
-7.524757e-03 1.019062e-01 
-5.875070e-03 8.086248e-02 
-1.607381e-03 1.009038e-02 
6.835528e-05 -2.962047e-02 
6.010242e-05 -4.653542e-02 
-9.039486e-04 -3.877646e-02 
-3.632514e-04 1.052720e-03 
-9.441553e-04 4.485576e-02 
-1.676301e-03 9.233446e-02 
-2.395994e-03 1.480174e-01 
-3.049537e-01 2.828262e-02 
-2.099809e-02 -1.022642e-01 
3.404909e-02 -3.531111e-02 
7.163197e-02 1.751362e-01 
4.872512e-02 2.674278e-01 
3.008860e-02 2.862161e-01 
7.419345e-03 2.210526e-01 
-2.611883e-03 7.346004e-02 
1.157211e-03 -2.577150e-02 
5.693568e-03 -9.163514e-02 
8.328742e-03 -1.109786e-01 
3.051367e-03 -6.760765e-02 
6.249240e-04 -3.397647e-02 
-1.641817e-03 -2.081748e-03 
-4.077223e-03 2.934069e-02 
-3.770518e-03 4.950219e-02 
-2.785602e-03 5.241111e-02 
-1.951279e-03 3.765501e-02 
-8.779793e-04 5.007894e-04 
7.343829e-04 -3.897057e-02 
4.839842e-04 -2.274162e-02 
-7.289102e-04 3.968975e-02 
-3.122911e-03 1.596351e-01 
