poroelastic
2.552729e-03 -5.156723e-02 
-1.752173e-04 -9.179063e-02 
-3.705188e-03 -9.653658e-02 
-1.095380e-03 -6.190009e-02 
2.658843e-04 -4.316222e-02 
1.621998e-03 -1.808439e-02 
2.638772e-03 1.497729e-02 
7.753992e-04 3.497314e-02 
-4.157890e-05 4.642829e-02 
-5.243353e-04 5.271970e-02 
-8.014284e-04 4.264817e-02 
-2.475191e-04 1.821019e-02 
1.148934e-04 -1.674199e-03 
1.901650e-04 -2.420927e-02 
-1.510595e-04 -4.843212e-02 
-1.219525e-04 -5.818006e-02 
-5.369894e-05 -4.634479e-02 
2.515193e-05 -1.732671e-02 
3.836844e-05 3.530844e-02 
8.083997e-05 8.593627e-02 
2.544039e-04 7.906800e-02 
1.869058e-04 3.266257e-02 
-2.800226e-04 -5.677086e-02 
4.230206e-01 -3.433454e-01 
2.837142e-02 -3.493950e-01 
-4.798097e-03 -2.992319e-01 
-1.044652e-02 -2.355856e-01 
-4.141451e-03 -1.872813e-01 
2.019997e-04 -1.314266e-01 
3.891374e-03 -6.581431e-02 
1.856760e-03 -1.212754e-02 
7.095679e-04 2.705883e-02 
1.717654e-04 5.296850e-02 
-8.274288e-04 6.135912e-02 
-1.924811e-03 5.203090e-02 
-1.035332e-03 4.262490e-02 
-5.689172e-04 2.047288e-02 
-4.644680e-04 -1.558292e-02 
-1.232240e-04 -4.360369e-02 
-8.201723e-05 -4.524357e-02 
-1.545139e-05 -2.061607e-02 
7.106390e-05 3.888284e-02 
1.893622e-04 1.047012e-01 
3.124395e-04 9.562812e-02 
1.776695e-04 3.529277e-02 
-3.312058e-04 -7.794239e-02 
1.403847e-01 4.332792e-01 
1.137303e-02 3.598169e-01 
3.934382e-03 1.221141e-01 
-9.266833e-03 -1.673120e-01 
-6.224694e-03 -3.065975e-01 
-7.391931e-04 -3.436056e-01 
6.214969e-03 -2.370222e-01 
1.579219e-03 1.541062e-02 
-1.192530e-03 1.471091e-01 
-2.510022e-03 1.966509e-01 
-2.782363e-03 1.634863e-01 
-8.513331e-04 5.122455e-02 
2.597291e-04 -2.627400e-02 
2.412619e-04 -7.017874e-02 
-4.515463e-04 -8.167228e-02 
-1.565809e-04 -6.166666e-02 
-7.803449e-05 -2.923130e-02 
-4.434199e-05 1.219634e-02 
4.355287e-05 6.219697e-02 
1.547213e-04 9.813199e-02 
1.371469e-04 8.690047e-02 
6.505199e-05 4.148800e-02 
-6.357498e-05 -4.055286e-02 
1.176324e-02 -6.067812e-02 
-2.185825e-03 -8.700211e-02 
-4.816897e-03 -1.264965e-01 
-4.908980e-03 -1.664847e-01 
-1.462437e-03 -1.713062e-01 
1.904555e-03 -1.336981e-01 
4.032936e-03 -4.789077e-02 
-1.098286e-04 5.254838e-02 
-1.435906e-03 1.097219e-01 
-2.053362e-03 1.323732e-01 
-1.659895e-03 9.816229e-02 
2.794795e-05 1.516318e-02 
5.044497e-04 -3.626892e-02 
3.899605e-04 -7.050925e-02 
-2.359479e-04 -8.434646e-02 
-1.457373e-04 -6.549693e-02 
-1.139018e-04 -3.608229e-02 
-8.997733e-05 2.323223e-03 
3.946645e-05 5.622284e-02 
2.114622e-04 1.001353e-01 
1.520067e-04 8.838233e-02 
5.162521e-05 3.880040e-02 
-7.254557e-05 -5.204585e-02 
3.897994e-01 -3.810257e-01 
9.057739e-03 -3.603324e-01 
-1.068662e-02 -2.937245e-01 
-5.596736e-03 -2.375511e-01 
-4.828475e-04 -1.957106e-01 
3.376293e-03 -1.340342e-01 
5.763210e-03 -5.461999e-02 
6.144995e-04 8.369800e-03 
-6.829334e-04 5.744649e-02 
-1.264897e-03 8.755197e-02 
-1.789210e-03 8.519405e-02 
-1.732279e-03 5.094366e-02 
-8.775707e-04 2.627581e-02 
-6.141330e-04 -4.305741e-03 
-7.742919e-04 -3.978022e-02 
-2.402708e-04 -5.580285e-02 
-1.926361e-04 -4.557625e-02 
-1.906365e-04 -1.046102e-02 
-1.032337e-05 5.781093e-02 
3.434092e-04 1.290828e-01 
2.612354e-04 1.215334e-01 
1.051706e-04 6.153105e-02 
-8.160833e-05 -4.916640e-02 
5.977767e-02 4.285944e-01 
3.681959e-03 3.544223e-01 
-1.033657e-02 8.643358e-02 
-1.158176e-02 -2.591350e-01 
-3.705387e-03 -4.225775e-01 
3.933869e-03 -4.503797e-01 
9.185366e-03 -2.960058e-01 
-1.272345e-03 3.089777e-02 
-4.282268e-03 2.066408e-01 
-4.837417e-03 2.678001e-01 
-3.218175e-03 2.084215e-01 
-2.508914e-04 3.818499e-02 
7.564917e-04 -7.306755e-02 
6.861254e-04 -1.267969e-01 
-1.533772e-04 -1.193745e-01 
-2.705454e-04 -5.821910e-02 
-2.493946e-04 1.341078e-03 
-2.072063e-04 5.792544e-02 
2.971680e-05 1.058728e-01 
2.160855e-04 1.189486e-01 
-1.094692e-05 8.403371e-02 
-8.658399e-05 1.513065e-02 
1.052454e-04 -8.641331e-02 
1.247277e-02 -9.718001e-02 
-7.877292e-03 -9.494382e-02 
-5.538282e-03 -1.002601e-01 
-1.577913e-03 -1.286220e-01 
6.875891e-04 -1.317340e-01 
2.503445e-03 -8.914622e-02 
2.243610e-03 -5.447538e-03 
-1.796259e-03 7.688970e-02 
-2.373439e-03 1.237138e-01 
-2.167960e-03 1.319932e-01 
-7.735351e-04 7.659704e-02 
6.678708e-04 -2.511610e-02 
8.831748e-04 -8.175326e-02 
6.657901e-04 -1.076793e-01 
1.039011e-06 -9.613926e-02 
-1.661714e-04 -4.438056e-02 
-1.833971e-04 -9.826941e-04 
-1.776457e-04 3.373455e-02 
-1.240234e-05 6.197742e-02 
1.519028e-04 7.240449e-02 
9.513832e-06 5.410730e-02 
-3.858861e-05 1.895980e-02 
4.414989e-05 -3.000451e-02 
4.060726e-01 -4.709125e-01 
-8.720799e-03 -4.304505e-01 
-1.333212e-02 -3.188051e-01 
-5.778071e-04 -1.994269e-01 
2.419175e-03 -1.279923e-01 
3.998196e-03 -6.259632e-02 
3.771814e-03 -1.168288e-02 
-1.013216e-03 -2.924360e-03 
-1.463504e-03 2.362923e-02 
-1.938164e-03 5.012903e-02 
-2.272574e-03 6.137388e-02 
-1.312168e-03 5.184361e-02 
-7.489833e-04 3.999258e-02 
-4.840493e-04 1.543920e-02 
-4.415123e-04 -2.149258e-02 
-2.242096e-04 -4.745627e-02 
-2.441036e-04 -4.418265e-02 
-3.029104e-04 -1.463496e-02 
-2.616111e-05 4.795971e-02 
4.569953e-04 1.151653e-01 
8.383903e-05 1.071133e-01 
-9.669175e-05 5.001970e-02 
9.757890e-05 -5.187839e-02 
