poroelastic
6.902647e-02 -2.358622e-02 
6.596587e-02 -9.422223e-02 
6.417659e-03 -2.302937e-01 
-1.099517e-01 -3.762555e-01 
-6.830627e-02 -3.989405e-01 
-3.671556e-02 -3.343855e-01 
-9.351736e-03 -1.983869e-01 
8.770439e-04 -3.142168e-02 
-6.335080e-03 7.517224e-02 
-1.648558e-02 1.240439e-01 
-1.847385e-02 9.995088e-02 
6.129989e-03 1.322867e-04 
1.068310e-02 -5.677673e-02 
1.118966e-02 -8.095057e-02 
8.294506e-03 -7.586823e-02 
2.813162e-03 -4.153988e-02 
5.923955e-04 -8.088815e-03 
-5.710755e-04 2.335500e-02 
-6.317763e-04 5.109432e-02 
-1.671734e-04 5.586841e-02 
5.595617e-04 2.112347e-02 
1.272737e-03 -4.295843e-02 
8.405880e-04 -1.397258e-01 
1.191744e-01 5.388497e-01 
9.579588e-02 3.686024e-01 
4.306649e-02 6.914784e-02 
-8.797923e-02 -2.604073e-01 
-6.646008e-02 -3.979911e-01 
-3.777081e-02 -4.023805e-01 
-1.666131e-03 -2.878331e-01 
1.072585e-02 -8.317000e-02 
6.512654e-04 6.371453e-02 
-1.192216e-02 1.507270e-01 
-2.048162e-02 1.559539e-01 
-4.140941e-03 5.715702e-02 
4.278541e-03 -1.355698e-02 
7.958524e-03 -5.961798e-02 
7.274122e-03 -7.698476e-02 
2.966526e-03 -5.229482e-02 
8.341518e-04 -2.186056e-02 
-6.852506e-04 1.171484e-02 
-1.482054e-03 4.870934e-02 
-1.110073e-03 7.029402e-02 
-1.634702e-04 4.426730e-02 
8.496533e-04 -1.813351e-02 
1.004850e-03 -1.197341e-01 
-7.818055e-01 -3.250870e-01 
-8.233187e-02 -5.586296e-01 
-7.148222e-02 -6.205639e-01 
-1.398948e-01 -6.053995e-01 
-6.777150e-02 -4.932505e-01 
-2.616679e-02 -3.284278e-01 
-1.413865e-04 -1.404137e-01 
1.931026e-03 1.289283e-02 
-7.274438e-03 1.067191e-01 
-1.696087e-02 1.461075e-01 
-1.970563e-02 1.145039e-01 
4.575576e-03 2.003314e-03 
1.094913e-02 -6.618505e-02 
1.198723e-02 -9.538496e-02 
8.738234e-03 -8.514146e-02 
2.522805e-03 -3.326529e-02 
-2.247248e-04 8.785163e-03 
-1.341082e-03 4.181667e-02 
-9.017435e-04 6.497061e-02 
-4.310755e-04 6.100937e-02 
4.936511e-04 1.697055e-02 
1.652039e-03 -5.648166e-02 
2.113276e-03 -1.617640e-01 
9.061925e-02 -1.267216e-01 
1.989764e-03 -2.805568e-01 
-6.798168e-02 -4.394026e-01 
-1.231248e-01 -5.353899e-01 
-6.305416e-02 -4.983439e-01 
-2.284580e-02 -3.771321e-01 
8.456093e-03 -1.854675e-01 
6.081170e-03 1.091259e-02 
-6.433213e-03 1.269786e-01 
-1.730322e-02 1.755053e-01 
-1.971100e-02 1.387789e-01 
1.408794e-03 1.780824e-02 
8.489174e-03 -5.335987e-02 
1.032785e-02 -8.630703e-02 
7.456314e-03 -7.777587e-02 
1.854605e-03 -2.650546e-02 
-6.292714e-04 1.348810e-02 
-1.587334e-03 4.355186e-02 
-1.040753e-03 6.166671e-02 
-5.887603e-04 5.278436e-02 
3.397503e-04 1.279767e-02 
1.512707e-03 -5.024117e-02 
2.206311e-03 -1.377928e-01 
2.305179e-01 6.325370e-01 
8.317905e-02 3.204608e-01 
-1.223205e-02 -8.054605e-02 
-1.086104e-01 -4.229137e-01 
-6.582043e-02 -5.122517e-01 
-2.560901e-02 -4.482700e-01 
1.438588e-02 -2.609903e-01 
1.254821e-02 -2.157234e-02 
-3.076646e-03 1.280612e-01 
-1.613351e-02 2.006976e-01 
-2.197625e-02 1.772390e-01 
-4.098296e-03 5.114476e-02 
5.179549e-03 -2.977274e-02 
8.688859e-03 -7.428800e-02 
7.079420e-03 -7.882896e-02 
2.157668e-03 -3.725871e-02 
-2.626734e-04 -1.552584e-03 
-1.606359e-03 2.918333e-02 
-1.770885e-03 5.484178e-02 
-1.209294e-03 6.089534e-02 
-2.728755e-04 3.153087e-02 
9.230609e-04 -2.467317e-02 
1.772572e-03 -1.092065e-01 
-9.907090e-01 -4.765423e-01 
-2.434478e-01 -8.983354e-01 
-1.896981e-01 -9.783836e-01 
-1.488427e-01 -8.118142e-01 
-5.208365e-02 -5.461118e-01 
-7.051284e-03 -2.648386e-01 
1.021943e-02 -1.138502e-02 
-1.850795e-03 1.180311e-01 
-1.298799e-02 1.754103e-01 
-2.043327e-02 1.774580e-01 
-1.875173e-02 1.075406e-01 
7.605660e-03 -3.306860e-02 
1.470740e-02 -1.100627e-01 
1.489178e-02 -1.318574e-01 
9.145114e-03 -9.578489e-02 
4.455357e-04 -5.673062e-03 
-2.848650e-03 5.087609e-02 
-3.132548e-03 7.917736e-02 
-8.112668e-04 7.802212e-02 
6.644796e-05 3.794854e-02 
1.136349e-03 -1.628143e-02 
2.410756e-03 -7.903555e-02 
3.177662e-03 -1.506880e-01 
6.634644e-02 -3.072199e-01 
-1.193272e-01 -5.859371e-01 
-1.473219e-01 -7.221421e-01 
-8.794482e-02 -5.978791e-01 
-2.609695e-02 -3.859662e-01 
3.900819e-03 -1.595754e-01 
1.336507e-02 3.841560e-02 
-9.555996e-04 1.162454e-01 
-9.601711e-03 1.451556e-01 
-1.406729e-02 1.346198e-01 
-1.119696e-02 7.305642e-02 
4.952021e-03 -2.668778e-02 
9.636917e-03 -7.844030e-02 
9.455845e-03 -8.954891e-02 
4.491862e-03 -5.410930e-02 
-1.807147e-03 1.885379e-02 
-3.567659e-03 5.813623e-02 
-2.927406e-03 6.935030e-02 
-2.894018e-04 4.880632e-02 
7.384982e-04 -7.176752e-04 
1.369040e-03 -3.504236e-02 
1.682056e-03 -5.598047e-02 
1.418950e-03 -6.098326e-02 
1.905274e-01 6.196533e-01 
3.133566e-02 1.715598e-01 
-7.027559e-02 -2.279878e-01 
-7.367143e-02 -4.099264e-01 
-3.175346e-02 -3.910381e-01 
-1.843844e-03 -2.763941e-01 
1.858902e-02 -9.274019e-02 
3.680016e-03 6.869566e-02 
-8.954971e-03 1.528673e-01 
-1.671047e-02 1.791464e-01 
-1.695286e-02 1.332015e-01 
-4.821330e-04 1.765165e-02 
7.227847e-03 -5.444698e-02 
9.749956e-03 -8.760570e-02 
6.986574e-03 -7.487262e-02 
8.758712e-04 -1.694751e-02 
-1.720363e-03 2.245021e-02 
-2.485998e-03 4.703674e-02 
-1.517527e-03 5.390750e-02 
-7.982035e-04 3.455809e-02 
1.482092e-04 3.178612e-03 
1.300648e-03 -3.683657e-02 
2.356913e-03 -8.517994e-02 
