poroelastic
-1.580368e-03 -1.454008e-01 
-1.928938e-02 -1.933138e-01 
-2.484781e-02 -1.434276e-01 
-2.953806e-03 -6.260462e-02 
4.265222e-03 -1.838666e-02 
8.692257e-03 1.413243e-02 
1.128006e-02 2.050608e-02 
6.374552e-03 2.287229e-02 
1.990608e-03 6.069402e-02 
-2.320105e-03 8.717000e-02 
-5.439716e-03 7.154988e-02 
1.287623e-03 -1.005354e-02 
3.984122e-03 -5.853939e-02 
3.361586e-03 -7.222231e-02 
2.089372e-04 -4.966321e-02 
-1.168805e-03 2.490722e-03 
-1.558841e-03 3.834707e-02 
-1.532132e-03 5.873294e-02 
-8.201958e-04 5.930563e-02 
-1.004989e-04 3.502019e-02 
1.080385e-04 7.650123e-03 
1.427864e-04 -1.833909e-02 
-3.429334e-05 -3.877470e-02 
6.287905e-02 -6.512565e-02 
-4.530835e-03 -8.249947e-02 
-7.767114e-03 -5.259038e-02 
-4.168472e-03 -3.291737e-02 
-4.472704e-03 -5.466012e-02 
-1.741166e-03 -7.064049e-02 
7.316534e-03 -5.909465e-02 
7.169483e-03 1.157263e-02 
1.358298e-03 9.099842e-02 
-5.627510e-03 1.408910e-01 
-1.058377e-02 1.220373e-01 
1.663149e-03 1.077893e-03 
6.372226e-03 -8.092947e-02 
6.515006e-03 -1.179808e-01 
2.344648e-03 -9.560875e-02 
-8.800011e-04 -8.572004e-03 
-1.796202e-03 4.840637e-02 
-1.863099e-03 7.798472e-02 
-9.488617e-04 7.645688e-02 
-7.075347e-05 3.948033e-02 
1.847561e-04 2.838104e-03 
2.430043e-04 -2.995202e-02 
4.128024e-05 -5.524919e-02 
-1.577935e-01 -3.048727e-01 
-6.273854e-02 -3.970854e-01 
-4.785820e-02 -2.692647e-01 
1.523915e-02 -4.680998e-02 
2.675193e-02 9.912476e-02 
2.619905e-02 1.754672e-01 
1.549235e-02 1.555099e-01 
3.116345e-03 3.748252e-02 
2.134266e-03 -8.876127e-03 
3.091957e-03 -1.502258e-02 
2.453526e-03 -4.932782e-04 
-1.367960e-03 2.762194e-03 
-6.502127e-04 -5.762171e-03 
-4.862352e-04 -1.347450e-02 
-1.311469e-03 -1.436964e-02 
-1.063460e-03 -2.318617e-03 
-1.066152e-03 1.249206e-02 
-1.274592e-03 2.674736e-02 
-1.250067e-03 3.933370e-02 
-5.828241e-04 4.418490e-02 
-2.598085e-04 3.188604e-02 
-3.556002e-05 1.034619e-02 
8.199949e-05 -1.726149e-02 
-6.746081e-03 -2.344653e-01 
-4.871209e-02 -3.439005e-01 
-4.776659e-02 -2.953000e-01 
-2.970601e-03 -1.237242e-01 
1.152819e-02 -1.483658e-02 
1.805809e-02 6.217810e-02 
1.692385e-02 1.025261e-01 
3.491088e-03 9.179824e-02 
-1.346164e-03 8.847266e-02 
-3.539858e-03 7.462541e-02 
-2.979107e-03 3.492489e-02 
2.832188e-03 -3.398481e-02 
4.425322e-03 -7.142683e-02 
3.439479e-03 -7.875061e-02 
8.343374e-05 -5.040833e-02 
-1.621365e-03 1.000882e-02 
-2.048603e-03 4.726376e-02 
-1.989162e-03 6.528872e-02 
-1.217073e-03 6.217646e-02 
-3.803423e-04 3.593786e-02 
-3.405343e-05 9.000020e-03 
1.800763e-04 -1.454194e-02 
2.311949e-04 -3.015052e-02 
3.324115e-02 1.890882e-01 
4.672773e-05 -4.193649e-02 
-3.006453e-02 -1.822629e-01 
-1.946977e-02 -1.678844e-01 
-3.046140e-03 -1.074441e-01 
9.827183e-03 -2.427431e-02 
1.603642e-02 5.587777e-02 
3.501694e-03 9.579331e-02 
-3.032669e-03 1.212321e-01 
-7.106442e-03 1.205617e-01 
-6.886104e-03 7.010371e-02 
4.195658e-03 -3.715236e-02 
7.214918e-03 -1.020066e-01 
6.431880e-03 -1.233380e-01 
1.748766e-03 -8.698569e-02 
-1.646486e-03 7.583292e-03 
-2.564750e-03 6.490430e-02 
-2.490174e-03 9.012106e-02 
-1.305228e-03 7.968103e-02 
-2.306154e-04 3.311256e-02 
1.733215e-04 -4.632472e-03 
3.585227e-04 -3.135856e-02 
2.933843e-04 -4.170454e-02 
-5.117657e-01 -6.677129e-01 
-2.039053e-01 -9.408674e-01 
-1.200233e-01 -7.492300e-01 
8.708302e-03 -2.391608e-01 
4.389530e-02 1.505103e-01 
4.365483e-02 3.842834e-01 
1.443616e-02 3.977054e-01 
-4.196350e-03 1.282539e-01 
3.360813e-04 -4.349422e-02 
6.631753e-03 -1.266017e-01 
9.908881e-03 -1.219095e-01 
1.058008e-03 -3.526051e-02 
-2.087913e-03 1.074399e-02 
-3.172456e-03 3.087798e-02 
-3.125195e-03 3.085849e-02 
-1.417640e-03 1.304338e-02 
-8.374379e-04 8.127922e-03 
-8.861970e-04 1.183281e-02 
-1.067907e-03 2.312336e-02 
-6.870673e-04 3.785139e-02 
-4.480758e-04 3.198700e-02 
-1.707691e-04 1.458200e-02 
1.195219e-04 -1.053345e-02 
-2.330609e-02 -3.475271e-01 
-1.133985e-01 -5.973944e-01 
-7.995387e-02 -5.533385e-01 
1.162144e-02 -1.763502e-01 
3.360815e-02 1.110621e-01 
3.278687e-02 2.908030e-01 
1.040827e-02 3.077329e-01 
-3.636311e-03 1.157306e-01 
-2.684001e-05 -1.185695e-02 
4.836550e-03 -8.434921e-02 
7.279225e-03 -9.300883e-02 
1.373054e-03 -3.631470e-02 
-1.047268e-03 -5.065866e-04 
-2.357845e-03 2.091942e-02 
-2.718388e-03 2.682030e-02 
-1.449776e-03 1.698635e-02 
-8.843383e-04 1.207022e-02 
-7.709992e-04 1.028146e-02 
-7.841893e-04 1.322347e-02 
-4.310154e-04 2.118516e-02 
-3.421033e-04 2.036580e-02 
-2.502547e-04 1.604217e-02 
-1.636346e-04 1.166436e-02 
-2.671949e-02 5.533218e-01 
6.051932e-03 2.930932e-02 
-4.845767e-02 -2.697199e-01 
-1.870755e-02 -2.248970e-01 
3.034230e-03 -1.266814e-01 
1.710461e-02 -2.886062e-03 
1.732651e-02 1.199591e-01 
-3.397075e-03 1.549389e-01 
-7.297716e-03 1.464713e-01 
-7.060337e-03 1.030342e-01 
-2.661214e-03 2.532770e-02 
5.236143e-03 -6.232499e-02 
7.066830e-03 -1.091718e-01 
5.801243e-03 -1.138657e-01 
1.133645e-03 -6.490355e-02 
-2.552816e-03 2.857834e-02 
-3.305949e-03 7.931767e-02 
-2.881479e-03 9.469706e-02 
-1.276663e-03 6.872251e-02 
-8.372898e-05 6.597959e-03 
4.564072e-04 -2.652969e-02 
5.674745e-04 -3.323125e-02 
9.182961e-05 -5.415288e-03 
