poroelastic
-6.242912e-02 -2.265635e-01 
-8.608876e-02 -2.761170e-01 
-7.048403e-02 -9.538956e-02 
5.203334e-02 2.037296e-01 
5.431725e-02 3.909865e-01 
5.489219e-02 4.827967e-01 
5.282960e-02 4.259669e-01 
2.775635e-02 2.222116e-01 
1.463424e-02 9.672039e-02 
1.402546e-02 1.101446e-02 
1.327414e-02 -2.643107e-02 
-3.217065e-03 1.167763e-04 
-2.806267e-03 -3.237729e-03 
-3.235148e-03 -7.890170e-03 
-3.815929e-03 -2.560410e-03 
-7.108649e-04 4.900390e-03 
-3.693796e-04 2.236464e-02 
-3.966126e-04 3.544027e-02 
-1.548919e-03 1.852176e-02 
-2.419054e-03 1.865789e-02 
-7.610614e-04 1.289843e-01 
1.358891e-03 3.121304e-01 
6.305830e-03 6.166707e-01 
-1.397199e-01 -6.110852e-01 
-7.718954e-02 -4.501231e-01 
-4.476908e-02 -1.914926e-01 
2.861899e-02 6.916752e-02 
3.184738e-02 2.113558e-01 
3.238082e-02 2.815197e-01 
3.096788e-02 2.800223e-01 
1.536791e-02 2.078662e-01 
7.040490e-03 1.401407e-01 
4.679117e-03 7.156877e-02 
3.777238e-03 5.306415e-03 
-8.410093e-04 -4.287833e-02 
-7.676642e-04 -7.933163e-02 
-1.370718e-03 -9.797570e-02 
-2.309690e-03 -8.910854e-02 
-3.516274e-04 -5.604554e-02 
-7.897238e-05 -1.743006e-02 
7.471483e-06 2.308787e-02 
-3.405937e-04 5.474206e-02 
-7.392425e-04 8.075108e-02 
9.569762e-05 1.297000e-01 
8.384712e-04 1.866097e-01 
2.061296e-03 2.611371e-01 
9.393680e-01 2.165438e-01 
9.125817e-02 4.158552e-01 
1.962627e-02 4.575542e-01 
6.710978e-02 3.943459e-01 
4.492710e-02 3.395003e-01 
3.682187e-02 2.979066e-01 
3.405620e-02 2.387648e-01 
1.616995e-02 1.485201e-01 
8.974581e-03 9.817113e-02 
8.248479e-03 5.627264e-02 
7.660761e-03 2.493336e-02 
-1.916197e-03 2.184841e-02 
-1.592444e-03 -4.679421e-03 
-1.733034e-03 -4.223311e-02 
-2.282354e-03 -8.183611e-02 
-5.221391e-04 -1.054401e-01 
-3.133953e-04 -8.309399e-02 
-3.038317e-04 -2.914439e-02 
-4.948224e-04 4.591599e-02 
-4.006964e-04 1.437432e-01 
2.804000e-04 2.442806e-01 
8.362446e-04 3.349545e-01 
1.623736e-03 4.365466e-01 
-9.897813e-02 -1.083275e-01 
-3.282056e-02 -1.021321e-01 
1.642226e-03 4.711519e-02 
6.597476e-02 2.609854e-01 
5.325135e-02 3.769178e-01 
4.884345e-02 4.368493e-01 
4.034061e-02 3.984518e-01 
1.321382e-02 2.435650e-01 
6.433199e-03 1.412203e-01 
5.454176e-03 5.444266e-02 
4.792933e-03 -1.742457e-02 
-1.366791e-03 -5.248315e-02 
-1.166868e-03 -9.049081e-02 
-1.708879e-03 -1.154113e-01 
-2.385855e-03 -1.130265e-01 
-2.977795e-04 -7.921764e-02 
-1.159072e-04 -2.569142e-02 
-5.616195e-05 3.449866e-02 
5.511334e-05 8.209169e-02 
2.239678e-04 1.317680e-01 
3.150292e-04 2.187476e-01 
4.340256e-04 3.241935e-01 
6.009722e-04 4.788542e-01 
-3.648314e-01 -5.412487e-01 
-7.752080e-02 -3.392308e-01 
-5.848928e-03 -5.866687e-02 
5.126660e-02 1.965994e-01 
4.241867e-02 3.224167e-01 
3.680763e-02 3.701433e-01 
2.739257e-02 3.323010e-01 
7.404907e-03 2.123216e-01 
2.833330e-03 1.144008e-01 
2.012504e-03 2.700572e-02 
2.089476e-03 -4.327347e-02 
-5.172589e-04 -7.917033e-02 
-6.061768e-04 -1.081864e-01 
-1.200825e-03 -1.228072e-01 
-1.897213e-03 -1.164121e-01 
-6.223741e-05 -8.811185e-02 
9.163095e-05 -4.302379e-02 
1.935331e-04 1.026803e-02 
3.232375e-04 6.563108e-02 
1.911566e-04 1.237054e-01 
2.002044e-04 1.863158e-01 
2.261981e-04 2.467047e-01 
2.366098e-04 3.064579e-01 
8.861546e-01 1.519551e-01 
1.469534e-01 3.819276e-01 
7.984686e-02 4.814985e-01 
8.654046e-02 4.892747e-01 
5.324271e-02 4.571007e-01 
3.938050e-02 3.943794e-01 
2.712928e-02 2.658090e-01 
4.781631e-03 9.090723e-02 
2.221210e-03 -5.074625e-03 
2.502443e-03 -5.930124e-02 
2.812166e-03 -5.401759e-02 
-9.485017e-04 2.250134e-02 
-8.908948e-04 3.759603e-02 
-9.188178e-04 1.939883e-02 
-8.981887e-04 -2.819880e-02 
4.054366e-05 -9.484797e-02 
6.235350e-05 -9.582684e-02 
1.018355e-04 -5.306365e-02 
6.375385e-04 2.140069e-02 
1.219007e-03 1.310007e-01 
2.856191e-04 2.408229e-01 
-4.889879e-04 3.433598e-01 
-1.719239e-03 4.565140e-01 
-1.272024e-01 -1.350637e-02 
2.451886e-02 5.733441e-02 
6.287910e-02 2.169178e-01 
7.051221e-02 3.649477e-01 
4.648432e-02 4.090534e-01 
3.517171e-02 3.856647e-01 
2.188648e-02 2.677410e-01 
1.703582e-03 8.444719e-02 
7.126743e-04 -2.091171e-02 
9.518816e-04 -7.939776e-02 
9.046849e-04 -7.759336e-02 
-5.660127e-04 -1.631789e-02 
-4.899158e-04 2.267906e-03 
-5.679298e-04 3.033962e-03 
-5.338424e-04 -1.176798e-02 
1.197959e-04 -3.904718e-02 
9.717532e-05 -3.185940e-02 
1.165466e-04 -9.852624e-03 
9.352629e-04 1.151420e-02 
1.658360e-03 5.760727e-02 
5.562991e-04 1.529103e-01 
-5.740538e-04 2.818784e-01 
-2.994938e-03 4.736462e-01 
-3.535406e-01 -4.615982e-01 
-4.400526e-02 -2.724220e-01 
3.616374e-02 -1.944954e-02 
5.208093e-02 1.971294e-01 
3.594460e-02 2.843901e-01 
2.814532e-02 2.987544e-01 
1.774733e-02 2.307601e-01 
-4.508611e-04 1.054873e-01 
-4.993629e-04 2.350467e-02 
-3.021569e-04 -3.688116e-02 
-7.024094e-04 -6.545136e-02 
-5.363680e-04 -4.999615e-02 
-4.571590e-04 -4.842320e-02 
-6.315813e-04 -4.335376e-02 
-5.755206e-04 -2.930196e-02 
2.931544e-04 -1.462782e-02 
2.149971e-04 5.710936e-03 
2.584745e-04 2.361289e-02 
1.038472e-03 2.750194e-02 
1.759206e-03 3.875958e-02 
7.063296e-04 1.060945e-01 
-4.415448e-04 2.121502e-01 
-2.928641e-03 3.714240e-01 
