poroelastic
-2.859425e-02 7.319928e-02 
-1.218923e-02 1.227470e-01 
5.937620e-03 1.066287e-01 
2.663104e-02 7.781166e-02 
2.518343e-02 1.192605e-01 
1.877072e-02 1.477541e-01 
-2.478309e-03 1.627287e-01 
-2.389845e-02 9.541316e-02 
-1.722141e-02 -3.570476e-02 
-2.194002e-03 -1.356089e-01 
1.966371e-02 -1.667174e-01 
1.502600e-02 -8.059310e-02 
-1.451643e-03 6.141956e-03 
-8.040495e-03 5.478518e-02 
-6.599555e-03 6.683983e-02 
-3.344450e-03 4.999846e-02 
6.798352e-05 1.638821e-02 
3.909628e-03 -2.732190e-02 
6.379167e-03 -6.737807e-02 
4.134855e-03 -7.247523e-02 
1.313959e-03 -4.748630e-02 
-5.704707e-04 -5.250889e-03 
-8.116397e-04 5.443269e-02 
-1.204640e-01 1.043615e-01 
-2.318693e-03 9.391216e-02 
-6.911712e-03 6.723134e-03 
4.059023e-03 -1.402020e-02 
1.997682e-02 8.633217e-02 
2.586980e-02 1.994885e-01 
-1.312240e-03 2.517192e-01 
-3.052740e-02 1.176018e-01 
-2.092534e-02 -4.344015e-02 
-1.891097e-03 -1.748473e-01 
2.696360e-02 -2.325881e-01 
2.184791e-02 -1.247420e-01 
1.651482e-03 -1.684623e-02 
-1.045816e-02 6.669929e-02 
-1.313676e-02 1.131044e-01 
-6.422586e-03 7.998841e-02 
-1.108334e-03 3.175810e-02 
3.637953e-03 -1.827591e-02 
7.745062e-03 -7.285924e-02 
7.299806e-03 -1.184512e-01 
3.237856e-03 -9.433251e-02 
-7.462050e-04 -1.675595e-02 
-2.438558e-03 1.099175e-01 
2.441039e-01 2.378516e-01 
5.339989e-02 3.510485e-01 
5.407603e-02 2.692255e-01 
3.127835e-02 1.476096e-01 
1.082409e-02 1.014324e-01 
-1.025880e-03 8.284388e-02 
-1.847602e-02 7.546196e-02 
-2.427733e-02 4.148014e-02 
-1.570018e-02 -2.985509e-02 
-5.451815e-03 -1.036045e-01 
1.171595e-02 -1.484041e-01 
1.689977e-02 -9.438426e-02 
3.666395e-03 -2.138263e-02 
-5.851240e-03 4.178667e-02 
-8.683105e-03 7.876161e-02 
-3.910976e-03 5.481187e-02 
-8.003655e-05 2.090585e-02 
3.752043e-03 -1.650776e-02 
7.301086e-03 -5.917542e-02 
7.036111e-03 -9.565383e-02 
3.792524e-03 -8.041606e-02 
2.793447e-04 -2.434406e-02 
-2.287213e-03 7.116548e-02 
-2.775049e-02 2.509020e-01 
4.605932e-02 3.585905e-01 
7.237003e-02 3.257653e-01 
4.497550e-02 2.213985e-01 
1.639488e-02 1.711491e-01 
-6.436910e-03 1.250217e-01 
-3.437394e-02 5.580314e-02 
-2.592667e-02 -4.128141e-02 
-9.002867e-03 -1.104035e-01 
2.565259e-03 -1.443980e-01 
1.236796e-02 -1.285398e-01 
6.834067e-03 -3.794391e-02 
-3.902299e-03 2.836968e-02 
-8.163389e-03 6.311933e-02 
-5.262143e-03 6.111285e-02 
1.436983e-03 1.388233e-02 
4.362224e-03 -2.079466e-02 
6.127214e-03 -4.350709e-02 
6.593356e-03 -5.599509e-02 
4.494723e-03 -5.612538e-02 
2.372279e-03 -4.124073e-02 
5.855263e-04 -1.536163e-02 
-6.806048e-04 1.730114e-02 
-2.334005e-01 -1.344687e-01 
-1.017709e-03 1.331978e-01 
6.454666e-02 2.978001e-01 
7.204791e-02 3.052039e-01 
3.015906e-02 2.485373e-01 
-6.000584e-03 1.476355e-01 
-3.842361e-02 2.411133e-02 
-2.279705e-02 -7.713860e-02 
-4.410654e-03 -1.327802e-01 
6.878188e-03 -1.518508e-01 
1.338043e-02 -1.175494e-01 
1.804190e-03 -1.019126e-02 
-9.091730e-03 6.037925e-02 
-1.205592e-02 8.825319e-02 
-6.630487e-03 7.034388e-02 
3.982457e-03 -3.867595e-03 
7.547037e-03 -4.864712e-02 
8.201345e-03 -6.558310e-02 
6.401245e-03 -5.780645e-02 
2.763692e-03 -3.183088e-02 
9.636247e-04 -1.327790e-02 
3.286811e-04 -3.993449e-03 
5.443071e-04 -1.241985e-02 
7.476684e-01 6.912817e-01 
3.217238e-01 1.153323e+00 
2.664331e-01 1.057797e+00 
6.858668e-02 5.453091e-01 
-3.448142e-02 7.281389e-02 
-6.705275e-02 -2.617384e-01 
-4.543761e-02 -3.920815e-01 
-2.806425e-03 -1.941762e-01 
-1.204497e-04 -3.058180e-02 
-8.858488e-03 6.195650e-02 
-1.702973e-02 8.221955e-02 
-4.922461e-03 3.166947e-02 
-5.734995e-04 8.632012e-03 
1.414392e-03 -2.500012e-03 
4.121694e-03 -1.505851e-02 
7.331446e-03 -3.426744e-02 
6.605048e-03 -4.061090e-02 
5.440346e-03 -3.727920e-02 
3.864684e-03 -2.448605e-02 
1.469045e-03 -6.983500e-03 
8.763024e-04 -4.817258e-03 
1.550408e-03 -1.796624e-02 
2.917396e-03 -5.292704e-02 
5.393990e-02 6.017812e-01 
2.551871e-01 9.593330e-01 
2.147836e-01 9.306720e-01 
1.516433e-02 4.016712e-01 
-5.352557e-02 -5.521391e-02 
-6.832259e-02 -3.599395e-01 
-3.339963e-02 -4.408546e-01 
3.920420e-03 -1.896695e-01 
-7.296926e-04 1.345815e-02 
-1.551466e-02 1.376350e-01 
-2.749381e-02 1.573108e-01 
-8.732977e-03 5.414037e-02 
3.266295e-03 -2.119677e-02 
1.086988e-02 -7.059194e-02 
1.386905e-02 -8.764113e-02 
9.573694e-03 -5.717409e-02 
4.379808e-03 -2.728374e-02 
7.924512e-04 2.359580e-03 
-1.147648e-03 3.083574e-02 
-1.636544e-03 3.720583e-02 
2.479228e-04 1.123078e-02 
3.687886e-03 -4.029316e-02 
7.788956e-03 -1.259334e-01 
-1.682567e-01 -3.281979e-01 
8.626676e-02 3.062081e-01 
1.417997e-01 5.944369e-01 
2.667272e-02 3.685689e-01 
-2.628533e-02 1.118438e-01 
-5.137846e-02 -1.198384e-01 
-4.212811e-02 -2.761528e-01 
1.769636e-04 -2.094628e-01 
5.584165e-03 -1.170912e-01 
-5.218646e-04 -1.936028e-02 
-1.102408e-02 6.064595e-02 
-1.075808e-02 6.919371e-02 
-9.290058e-03 6.080776e-02 
-5.364505e-03 3.458724e-02 
3.908944e-03 -1.863273e-02 
1.502910e-02 -8.265737e-02 
1.311804e-02 -9.021150e-02 
8.124323e-03 -6.188439e-02 
1.426890e-03 -3.878346e-03 
-4.648284e-03 6.123297e-02 
-3.708940e-03 5.367819e-02 
2.119353e-03 -1.775700e-02 
1.176447e-02 -1.591826e-01 
