poroelastic
-1.009063e-01 3.588551e-02 
-9.865275e-02 1.227422e-01 
-3.831649e-02 2.434527e-01 
1.172532e-01 3.336528e-01 
9.108346e-02 3.796745e-01 
6.900306e-02 3.538643e-01 
4.739785e-02 2.516084e-01 
1.865672e-02 9.455891e-02 
1.036460e-02 -1.047189e-02 
1.628506e-02 -6.500608e-02 
1.979392e-02 -6.196974e-02 
-5.060717e-03 -2.230245e-03 
-8.142215e-03 4.251861e-02 
-9.640243e-03 6.864129e-02 
-9.590628e-03 7.441267e-02 
-4.681087e-03 5.249436e-02 
-2.191843e-03 2.380079e-02 
-1.040187e-03 -8.759048e-03 
-1.106028e-03 -4.475686e-02 
-1.019099e-03 -5.722087e-02 
-1.441947e-03 -9.343108e-03 
-1.891225e-03 8.132260e-02 
-4.133451e-04 2.222285e-01 
-3.470712e-01 -4.635088e-01 
-1.384632e-01 -3.101586e-01 
-7.302373e-02 -3.212319e-02 
1.048840e-01 2.482446e-01 
9.619745e-02 4.041118e-01 
7.693918e-02 4.435322e-01 
4.476797e-02 3.581869e-01 
7.363017e-03 1.528764e-01 
4.435649e-04 1.346957e-02 
5.632656e-03 -7.356749e-02 
1.355694e-02 -1.043945e-01 
3.396029e-03 -6.221948e-02 
-7.292628e-04 -2.378247e-02 
-3.906867e-03 1.021345e-02 
-6.525420e-03 4.082562e-02 
-4.347946e-03 5.346036e-02 
-2.724251e-03 4.522879e-02 
-1.474125e-03 2.013043e-02 
-4.960671e-04 -2.655901e-02 
9.796095e-05 -7.139416e-02 
-5.828503e-04 -4.036398e-02 
-1.517840e-03 4.771442e-02 
-9.685832e-04 2.014779e-01 
7.910399e-01 2.207042e-01 
7.318311e-02 5.114198e-01 
5.641576e-02 6.038483e-01 
1.725824e-01 5.794075e-01 
1.042878e-01 5.081843e-01 
6.168707e-02 3.872189e-01 
2.960966e-02 2.264030e-01 
7.382146e-03 6.033684e-02 
5.249219e-03 -3.988334e-02 
1.134369e-02 -8.867450e-02 
1.637574e-02 -8.079023e-02 
-2.097049e-03 -1.058286e-02 
-5.939292e-03 3.516021e-02 
-7.224507e-03 5.725618e-02 
-6.938484e-03 5.532238e-02 
-3.067509e-03 2.352269e-02 
-1.043083e-03 -3.177702e-03 
-4.434811e-04 -2.545573e-02 
-9.713360e-04 -4.596634e-02 
-6.884873e-04 -4.825468e-02 
-1.267078e-03 1.795072e-03 
-2.236416e-03 8.893834e-02 
-2.247002e-03 2.186930e-01 
-1.289752e-01 1.662066e-01 
-1.742698e-02 3.241601e-01 
7.374536e-02 4.801060e-01 
1.754094e-01 5.738548e-01 
1.111217e-01 5.780719e-01 
6.560843e-02 4.911587e-01 
2.097093e-02 3.001993e-01 
-8.628427e-04 4.826648e-02 
3.228996e-03 -9.754837e-02 
1.292329e-02 -1.635171e-01 
1.866029e-02 -1.399660e-01 
-5.128286e-04 -2.901399e-02 
-6.046847e-03 3.939468e-02 
-8.245849e-03 7.384324e-02 
-7.690331e-03 7.230354e-02 
-3.193782e-03 2.993257e-02 
-8.395150e-04 -4.957848e-03 
1.861954e-06 -3.477406e-02 
-3.807622e-04 -6.096390e-02 
8.342076e-06 -6.062595e-02 
-9.853723e-04 -3.513836e-03 
-2.548771e-03 9.462743e-02 
-3.468451e-03 2.401168e-01 
-5.937483e-01 -4.846803e-01 
-1.144825e-01 -2.257816e-01 
1.684608e-02 1.635679e-01 
1.705962e-01 5.015024e-01 
1.216632e-01 6.275534e-01 
7.283065e-02 5.865059e-01 
1.588412e-02 3.819009e-01 
-6.973298e-03 6.898779e-02 
5.739432e-04 -1.168462e-01 
1.213344e-02 -2.055842e-01 
1.988153e-02 -1.850395e-01 
2.278319e-03 -5.341728e-02 
-4.812190e-03 2.864740e-02 
-7.770337e-03 7.278128e-02 
-7.479591e-03 7.729128e-02 
-3.117242e-03 3.561229e-02 
-7.913341e-04 1.474410e-03 
2.613392e-04 -2.948282e-02 
2.221443e-04 -6.057491e-02 
4.647466e-04 -6.981903e-02 
-5.552200e-04 -1.953250e-02 
-2.181024e-03 7.532769e-02 
-3.237527e-03 2.214008e-01 
1.002142e+00 3.106939e-01 
2.877861e-01 8.321184e-01 
2.410080e-01 1.011183e+00 
2.405450e-01 9.249210e-01 
1.110180e-01 7.141202e-01 
4.037656e-02 4.414881e-01 
-1.504733e-03 1.387017e-01 
-1.337472e-03 -1.017025e-01 
9.184895e-03 -2.148887e-01 
1.917045e-02 -2.361039e-01 
2.192218e-02 -1.537292e-01 
-5.175695e-03 2.952995e-02 
-1.307618e-02 1.315135e-01 
-1.417329e-02 1.625273e-01 
-9.681209e-03 1.197354e-01 
-1.006105e-03 1.280923e-03 
2.642274e-03 -7.071255e-02 
2.874337e-03 -1.037194e-01 
3.121752e-04 -9.952116e-02 
-4.143383e-04 -4.430482e-02 
-1.916313e-03 3.724027e-02 
-3.801523e-03 1.339879e-01 
-5.131500e-03 2.485390e-01 
-7.609435e-02 4.015724e-01 
1.690054e-01 6.801965e-01 
2.288080e-01 8.398724e-01 
1.651008e-01 7.528305e-01 
6.898777e-02 5.617806e-01 
1.530453e-02 3.195366e-01 
-1.326117e-02 4.813030e-02 
-7.414926e-04 -1.442642e-01 
9.729296e-03 -2.253495e-01 
1.702169e-02 -2.241233e-01 
1.588993e-02 -1.281017e-01 
-5.042475e-03 3.967435e-02 
-1.143626e-02 1.274194e-01 
-1.215534e-02 1.494665e-01 
-7.301261e-03 9.814946e-02 
7.772548e-04 -1.795654e-02 
3.706943e-03 -8.311473e-02 
3.397077e-03 -1.075340e-01 
5.508303e-04 -8.881845e-02 
-2.631459e-04 -2.147263e-02 
-1.840796e-03 4.836093e-02 
-3.390129e-03 1.154314e-01 
-4.364318e-03 1.774662e-01 
-5.346593e-01 -3.406700e-01 
2.775938e-03 -4.601318e-03 
1.379589e-01 3.673660e-01 
1.397638e-01 5.618723e-01 
6.959301e-02 5.444654e-01 
1.904570e-02 4.033872e-01 
-1.783686e-02 1.551553e-01 
-2.110187e-03 -9.453186e-02 
1.023032e-02 -2.230173e-01 
1.812318e-02 -2.610145e-01 
1.836795e-02 -1.914676e-01 
4.508388e-04 -2.185071e-02 
-8.041684e-03 8.652999e-02 
-1.153054e-02 1.396411e-01 
-9.560996e-03 1.234477e-01 
-2.437462e-03 3.291396e-02 
1.260487e-03 -3.049906e-02 
2.531657e-03 -7.463098e-02 
1.769721e-03 -9.711290e-02 
2.047021e-03 -7.544219e-02 
1.773277e-04 -8.836779e-03 
-2.791486e-03 9.073973e-02 
-6.642068e-03 2.254868e-01 
