poroelastic
4.951535e-02 2.585587e-02 
5.260845e-02 -1.385100e-02 
1.319306e-02 -1.267205e-01 
-7.502514e-02 -2.423384e-01 
-4.791427e-02 -2.677045e-01 
-2.856958e-02 -2.324312e-01 
-1.236884e-02 -1.397227e-01 
-2.666264e-03 -3.196522e-02 
-4.229575e-03 2.222095e-02 
-8.472742e-03 4.507908e-02 
-8.705100e-03 3.714519e-02 
3.208995e-03 7.542828e-03 
4.278934e-03 -9.189136e-03 
5.463945e-03 -2.268817e-02 
6.145135e-03 -3.487228e-02 
3.081440e-03 -3.834600e-02 
1.774583e-03 -2.885848e-02 
8.122998e-04 -9.766766e-03 
9.486530e-05 2.102581e-02 
-1.969838e-04 4.559014e-02 
3.343860e-04 2.474779e-02 
1.037672e-03 -2.952855e-02 
7.965137e-04 -1.223503e-01 
1.663130e-01 3.238618e-01 
7.016850e-02 2.122837e-01 
2.664396e-02 -2.120612e-03 
-6.728676e-02 -2.149200e-01 
-4.668717e-02 -2.815749e-01 
-2.666652e-02 -2.606399e-01 
-6.419804e-03 -1.711294e-01 
3.042528e-03 -5.474858e-02 
4.959983e-04 9.065924e-03 
-3.545982e-03 4.294353e-02 
-6.757937e-03 5.108451e-02 
-3.165250e-03 3.661949e-02 
-1.384345e-03 2.798553e-02 
7.817217e-04 1.476198e-02 
3.616540e-03 -1.053952e-02 
3.235667e-03 -4.240110e-02 
2.507015e-03 -4.836134e-02 
1.311993e-03 -3.165350e-02 
-2.981500e-04 1.126193e-02 
-1.030958e-03 6.020310e-02 
-3.622978e-04 4.995340e-02 
6.505414e-04 -5.872171e-03 
9.805612e-04 -1.138217e-01 
-4.514451e-01 -2.742337e-02 
-1.714709e-02 -1.520125e-01 
-2.084319e-02 -2.808271e-01 
-1.040482e-01 -4.014701e-01 
-5.899320e-02 -4.090646e-01 
-2.897746e-02 -3.367873e-01 
-4.426973e-03 -1.897380e-01 
1.373492e-03 -1.196582e-02 
-5.860382e-03 8.197566e-02 
-1.349873e-02 1.157307e-01 
-1.505549e-02 8.680303e-02 
3.365705e-03 4.935842e-03 
7.032846e-03 -3.630649e-02 
7.719300e-03 -5.239730e-02 
6.733117e-03 -5.009438e-02 
3.022754e-03 -3.110592e-02 
1.164901e-03 -1.117654e-02 
2.262884e-04 1.037794e-02 
-4.617514e-06 3.609184e-02 
-3.216229e-04 5.040570e-02 
3.200410e-04 1.987737e-02 
1.365430e-03 -4.453571e-02 
1.918013e-03 -1.481467e-01 
7.267226e-02 -1.328743e-02 
1.834850e-02 -9.051498e-02 
-3.396593e-02 -2.355175e-01 
-9.258609e-02 -3.752908e-01 
-5.170448e-02 -3.906368e-01 
-2.354317e-02 -3.258623e-01 
6.833682e-04 -1.856457e-01 
3.493130e-03 -1.722482e-02 
-4.487371e-03 7.804992e-02 
-1.237442e-02 1.203607e-01 
-1.441120e-02 1.000461e-01 
3.848607e-04 2.250517e-02 
4.936908e-03 -2.329988e-02 
6.748467e-03 -4.742280e-02 
6.301741e-03 -5.114799e-02 
2.943446e-03 -3.288733e-02 
1.025701e-03 -1.067286e-02 
-8.187924e-05 1.475670e-02 
-3.839939e-04 4.347334e-02 
-6.695236e-04 5.532870e-02 
1.251252e-04 2.228678e-02 
1.379412e-03 -4.399593e-02 
2.298822e-03 -1.480847e-01 
2.721034e-01 2.826808e-01 
5.378690e-02 1.734505e-01 
-6.097888e-03 -4.653780e-02 
-7.843140e-02 -2.883700e-01 
-4.930695e-02 -3.714924e-01 
-2.297670e-02 -3.479274e-01 
4.885851e-03 -2.232050e-01 
7.772707e-03 -3.950440e-02 
-1.374779e-03 6.883603e-02 
-9.462435e-03 1.206166e-01 
-1.346256e-02 1.115424e-01 
-3.888188e-03 4.493547e-02 
9.138200e-04 5.265505e-03 
3.441829e-03 -1.990486e-02 
4.618520e-03 -3.558162e-02 
3.198614e-03 -3.869724e-02 
1.716544e-03 -2.797529e-02 
3.127332e-04 -4.852227e-03 
-8.118339e-04 3.264074e-02 
-1.238798e-03 6.457287e-02 
-4.647417e-04 4.258340e-02 
8.586090e-04 -2.003941e-02 
1.980407e-03 -1.278274e-01 
-4.761029e-01 2.441212e-02 
-7.928178e-02 -1.677506e-01 
-8.349374e-02 -3.504744e-01 
-1.148601e-01 -5.112791e-01 
-5.728384e-02 -5.243604e-01 
-2.099956e-02 -4.300448e-01 
7.953686e-03 -2.239726e-01 
3.367732e-03 4.327278e-02 
-1.185181e-02 1.893493e-01 
-2.376779e-02 2.351880e-01 
-2.448078e-02 1.653530e-01 
5.128741e-03 -1.136519e-02 
1.420007e-02 -1.061797e-01 
1.549994e-02 -1.378670e-01 
1.060985e-02 -1.081966e-01 
1.936870e-03 -2.135534e-02 
-1.714206e-03 3.553584e-02 
-2.419635e-03 6.808582e-02 
-6.754316e-04 7.657474e-02 
-2.300162e-04 4.817622e-02 
8.278082e-04 -5.744397e-03 
2.277628e-03 -7.716282e-02 
3.359660e-03 -1.679275e-01 
6.167079e-02 -1.087382e-01 
-5.264878e-02 -2.172916e-01 
-8.664368e-02 -3.507878e-01 
-7.260458e-02 -4.262195e-01 
-3.207488e-02 -3.888149e-01 
-6.815553e-03 -2.810054e-01 
1.052469e-02 -1.092516e-01 
1.798699e-03 6.766748e-02 
-1.005034e-02 1.630346e-01 
-1.847197e-02 1.871095e-01 
-1.703031e-02 1.207896e-01 
4.629461e-03 -1.940044e-02 
1.170954e-02 -9.575106e-02 
1.262800e-02 -1.199399e-01 
7.356852e-03 -8.392154e-02 
-5.952877e-04 3.603960e-03 
-3.330101e-03 5.580461e-02 
-3.224267e-03 7.872478e-02 
-6.774116e-04 6.750716e-02 
2.838286e-04 1.812439e-02 
1.206589e-03 -2.765599e-02 
1.986057e-03 -6.804080e-02 
2.187574e-03 -1.003485e-01 
2.856376e-01 8.906368e-02 
2.319104e-04 -1.754766e-03 
-5.113211e-02 -1.498962e-01 
-5.215020e-02 -2.697885e-01 
-2.514975e-02 -2.774226e-01 
-6.699420e-03 -2.265613e-01 
8.452817e-03 -1.195527e-01 
3.538720e-03 9.534277e-03 
-4.873582e-03 8.868306e-02 
-1.168365e-02 1.281872e-01 
-1.364755e-02 1.102679e-01 
-1.728389e-03 2.674534e-02 
4.038105e-03 -2.720682e-02 
6.584962e-03 -5.642236e-02 
6.123240e-03 -5.829152e-02 
2.676091e-03 -3.115792e-02 
2.786333e-04 -3.056939e-03 
-1.062716e-03 2.454065e-02 
-1.181098e-03 4.889023e-02 
-1.313025e-03 5.360651e-02 
-3.706122e-04 2.221988e-02 
1.243478e-03 -3.575264e-02 
3.104547e-03 -1.208158e-01 
