poroelastic
-1.575588e-01 7.948290e-03 
-1.626345e-01 9.129776e-02 
-9.784954e-02 2.067459e-01 
1.346933e-01 2.647320e-01 
1.211918e-01 3.412311e-01 
1.051361e-01 3.545390e-01 
9.248167e-02 3.017275e-01 
5.104120e-02 1.896648e-01 
2.050625e-02 8.727935e-02 
2.029715e-02 1.422521e-02 
2.523678e-02 -2.323706e-02 
-5.981080e-04 -2.026221e-02 
-5.626481e-03 8.989460e-03 
-9.498405e-03 3.448270e-02 
-1.234344e-02 4.944437e-02 
-9.169436e-03 4.987046e-02 
-5.456656e-03 3.381556e-02 
-2.990834e-03 6.778829e-03 
-2.530997e-03 -2.508863e-02 
-2.654362e-03 -3.509871e-02 
-3.247626e-03 4.141453e-03 
-4.218719e-03 7.530104e-02 
-2.079958e-03 1.838995e-01 
-4.717181e-01 -4.179159e-01 
-2.017686e-01 -2.844095e-01 
-1.317883e-01 -2.997410e-02 
1.289782e-01 1.981039e-01 
1.320008e-01 3.702103e-01 
1.190702e-01 4.431956e-01 
9.145368e-02 4.096537e-01 
3.030817e-02 2.559774e-01 
1.316574e-03 1.338966e-01 
-2.977937e-03 3.796807e-02 
5.192715e-03 -4.085582e-02 
1.180589e-02 -8.016451e-02 
1.119293e-02 -8.787558e-02 
7.155528e-03 -7.340462e-02 
-1.438712e-03 -2.965947e-02 
-7.465920e-03 3.620981e-02 
-7.747575e-03 6.192431e-02 
-6.248430e-03 5.615997e-02 
-3.159016e-03 1.439646e-02 
3.601191e-04 -5.477109e-02 
-6.498679e-04 -4.172049e-02 
-3.261270e-03 3.568485e-02 
-3.480618e-03 1.817656e-01 
7.049977e-01 1.640442e-01 
1.707015e-02 4.533278e-01 
1.780917e-02 5.419216e-01 
2.202595e-01 5.014995e-01 
1.483840e-01 4.709289e-01 
1.017160e-01 3.978305e-01 
6.641867e-02 2.941278e-01 
2.486252e-02 1.776391e-01 
5.142098e-03 8.886151e-02 
3.464751e-03 2.236869e-02 
8.783593e-03 -2.452392e-02 
5.650612e-03 -4.151790e-02 
4.723957e-03 -4.235420e-02 
2.773449e-03 -3.525107e-02 
-1.419505e-03 -1.759558e-02 
-4.197829e-03 7.859743e-03 
-4.259401e-03 2.015405e-02 
-3.880926e-03 1.820373e-02 
-3.139422e-03 -3.336071e-03 
-1.125208e-03 -3.881051e-02 
-2.040809e-03 -1.163707e-02 
-4.698037e-03 6.454458e-02 
-5.835935e-03 1.938001e-01 
-2.013636e-01 1.750387e-01 
-7.311947e-02 3.291151e-01 
5.773360e-02 4.794200e-01 
2.559036e-01 5.601696e-01 
1.781114e-01 6.081341e-01 
1.196698e-01 5.626599e-01 
5.419625e-02 4.055419e-01 
2.883062e-03 1.513982e-01 
-1.465491e-03 -9.386083e-03 
8.070270e-03 -9.687095e-02 
1.916188e-02 -1.121525e-01 
6.608600e-03 -5.096936e-02 
-3.674693e-05 -9.431525e-03 
-3.363333e-03 1.256252e-02 
-4.910704e-03 1.841367e-02 
-3.140559e-03 6.443882e-03 
-1.180588e-03 -6.235280e-03 
-2.861306e-04 -2.085732e-02 
-6.890131e-04 -3.935260e-02 
-6.163844e-04 -4.648193e-02 
-2.688398e-03 3.352233e-04 
-6.226114e-03 8.683645e-02 
-8.308020e-03 2.164029e-01 
-8.579636e-01 -4.263145e-01 
-1.831776e-01 -1.851374e-01 
-2.929275e-03 2.228777e-01 
2.747118e-01 5.524602e-01 
2.082578e-01 7.163369e-01 
1.360911e-01 6.958913e-01 
4.455055e-02 4.956730e-01 
-1.026043e-02 1.520812e-01 
-5.756657e-03 -6.513401e-02 
1.030922e-02 -1.793210e-01 
2.585733e-02 -1.834789e-01 
9.244237e-03 -6.860655e-02 
-2.207590e-03 6.996972e-03 
-7.674690e-03 4.754482e-02 
-8.293769e-03 5.263833e-02 
-2.828753e-03 1.265701e-02 
8.884025e-04 -1.887550e-02 
2.494328e-03 -4.243871e-02 
1.875891e-03 -6.074678e-02 
7.945885e-04 -6.019656e-02 
-2.093155e-03 -7.452074e-03 
-6.332088e-03 8.347551e-02 
-9.201390e-03 2.141237e-01 
9.839801e-01 2.746952e-01 
3.336898e-01 8.858198e-01 
3.261860e-01 1.110678e+00 
3.914548e-01 1.022340e+00 
1.896203e-01 8.108626e-01 
7.412602e-02 5.172772e-01 
1.198404e-03 1.919030e-01 
-7.271400e-03 -6.126460e-02 
6.848318e-03 -1.805597e-01 
2.129427e-02 -2.102073e-01 
2.913217e-02 -1.468701e-01 
-8.276231e-04 1.179773e-02 
-1.477805e-02 1.046606e-01 
-1.810796e-02 1.313622e-01 
-1.259467e-02 9.342453e-02 
1.186425e-03 -1.519922e-02 
8.053121e-03 -8.218818e-02 
9.078137e-03 -1.102624e-01 
4.810047e-03 -1.044955e-01 
-2.394521e-04 -5.246468e-02 
-4.978958e-03 3.074297e-02 
-1.023658e-02 1.318527e-01 
-1.393443e-02 2.521199e-01 
-6.789886e-02 5.314428e-01 
2.513655e-01 8.448788e-01 
3.679403e-01 1.020362e+00 
2.871981e-01 9.067194e-01 
1.211541e-01 6.746165e-01 
2.750180e-02 3.829919e-01 
-2.506123e-02 6.399925e-02 
-7.304064e-03 -1.511228e-01 
1.004290e-02 -2.339476e-01 
2.189669e-02 -2.292629e-01 
2.359031e-02 -1.325690e-01 
-4.090648e-03 4.033663e-02 
-1.692706e-02 1.298855e-01 
-1.953683e-02 1.480464e-01 
-1.164090e-02 9.040800e-02 
5.668077e-03 -4.311051e-02 
1.273203e-02 -1.165884e-01 
1.244031e-02 -1.368248e-01 
5.495086e-03 -1.041681e-01 
-1.892616e-03 -1.346605e-02 
-6.629202e-03 6.497423e-02 
-9.829932e-03 1.254582e-01 
-1.040596e-02 1.642576e-01 
-8.241871e-01 -6.330703e-02 
6.929539e-02 2.242256e-01 
2.776778e-01 6.120898e-01 
2.627415e-01 7.743097e-01 
1.239421e-01 7.054570e-01 
2.714663e-02 4.919664e-01 
-3.997192e-02 1.598160e-01 
-6.793374e-03 -1.458304e-01 
1.588207e-02 -2.926032e-01 
2.937095e-02 -3.230673e-01 
3.129028e-02 -2.250925e-01 
3.197822e-03 -8.212311e-03 
-1.615163e-02 1.329848e-01 
-2.499805e-02 1.943948e-01 
-2.029601e-02 1.553207e-01 
4.084249e-04 3.058543e-03 
1.107372e-02 -9.492244e-02 
1.426644e-02 -1.451602e-01 
1.007028e-02 -1.402753e-01 
3.375679e-03 -5.702432e-02 
-3.744390e-03 3.409822e-02 
-1.051952e-02 1.232801e-01 
-1.586567e-02 2.070978e-01 
