poroelastic
7.830899e-03 1.104330e-01 
1.554240e-02 1.538013e-01 
1.827064e-02 1.393842e-01 
-4.752010e-03 8.486803e-02 
-7.347031e-03 8.095756e-03 
-1.041051e-02 -5.723106e-02 
-1.288375e-02 -9.331900e-02 
-6.126297e-03 -1.061518e-01 
-2.868206e-03 -1.050977e-01 
-2.042626e-03 -8.433690e-02 
-8.803568e-04 -4.471091e-02 
1.600202e-03 8.690049e-03 
1.020735e-03 4.473857e-02 
1.679986e-03 5.323119e-02 
2.132812e-03 2.884234e-02 
-4.051117e-04 -1.251140e-02 
-3.986020e-04 -3.943779e-02 
-3.660947e-04 -4.982585e-02 
-1.439208e-04 -3.151579e-02 
3.716447e-04 -4.774903e-03 
2.304946e-04 -2.481257e-02 
3.053462e-05 -7.718578e-02 
-6.150044e-04 -1.743906e-01 
3.961966e-01 -3.328799e-01 
2.772948e-02 -1.867640e-01 
7.216915e-03 -5.212539e-02 
-7.547589e-03 2.527990e-02 
-5.405710e-03 4.252011e-02 
-8.055442e-03 6.260619e-03 
-1.226804e-02 -7.025648e-02 
-5.380788e-03 -1.468872e-01 
-1.534233e-03 -1.904581e-01 
4.922290e-04 -1.867077e-01 
1.398697e-03 -1.096074e-01 
-2.993569e-04 2.761875e-02 
-6.817727e-04 1.125002e-01 
3.721101e-04 1.517990e-01 
1.992241e-03 1.313245e-01 
-7.294502e-05 4.782004e-02 
-3.248732e-04 -1.674449e-02 
-3.844836e-04 -6.224809e-02 
-2.357592e-04 -8.136731e-02 
1.601428e-04 -7.447671e-02 
-1.036798e-05 -7.331490e-02 
-1.176570e-04 -7.515353e-02 
-3.101766e-04 -9.267147e-02 
3.886273e-01 8.086835e-01 
4.768210e-02 8.566133e-01 
3.258592e-02 6.060784e-01 
-7.083117e-03 1.902895e-01 
-1.467663e-02 -9.161724e-02 
-1.733233e-02 -2.809360e-01 
-1.338999e-02 -3.287587e-01 
-2.681094e-03 -1.903146e-01 
-6.358589e-04 -1.052565e-01 
-6.029113e-04 -4.177945e-02 
-8.195712e-04 1.209078e-02 
4.719842e-04 4.449214e-02 
4.226745e-04 6.343257e-02 
9.588509e-04 7.150891e-02 
1.652839e-03 5.795878e-02 
4.211534e-05 1.642001e-02 
-9.054825e-05 -1.606434e-02 
-1.022496e-04 -3.810567e-02 
-9.635656e-05 -4.379243e-02 
1.307510e-05 -4.291900e-02 
-1.365016e-05 -6.374241e-02 
-5.619116e-05 -9.953470e-02 
-1.343781e-04 -1.629987e-01 
1.410179e-02 1.909497e-01 
1.775948e-02 3.248283e-01 
1.306476e-02 2.991498e-01 
-9.035737e-03 1.300343e-01 
-1.158495e-02 -2.114906e-02 
-1.413745e-02 -1.316704e-01 
-1.306317e-02 -1.820865e-01 
-2.371912e-03 -1.699806e-01 
-5.180846e-04 -1.407790e-01 
-4.489520e-04 -8.985006e-02 
-1.926102e-04 -3.157179e-02 
1.117780e-03 1.698855e-02 
6.660420e-04 5.568143e-02 
1.142381e-03 6.690341e-02 
1.744702e-03 4.340231e-02 
1.841982e-04 7.940699e-04 
3.994847e-05 -3.479458e-02 
1.075888e-05 -5.820219e-02 
-4.313833e-05 -5.380126e-02 
-1.199553e-04 -3.691284e-02 
-1.080011e-04 -5.637481e-02 
-1.295608e-04 -1.001194e-01 
-1.450631e-04 -1.820635e-01 
5.492722e-01 -4.255302e-01 
2.317577e-02 -1.918976e-01 
-3.479722e-03 -8.696759e-03 
-1.377241e-02 3.066935e-02 
-1.073458e-02 1.783410e-03 
-1.287405e-02 -6.637946e-02 
-1.350057e-02 -1.489361e-01 
-1.828289e-03 -2.008175e-01 
4.981630e-04 -2.131236e-01 
1.012453e-03 -1.806368e-01 
8.439389e-04 -9.111278e-02 
2.219349e-04 3.315402e-02 
-2.374286e-04 1.140750e-01 
3.946979e-04 1.483113e-01 
1.630981e-03 1.225050e-01 
4.611132e-04 4.252916e-02 
2.154430e-04 -2.208001e-02 
1.415482e-04 -6.697058e-02 
2.749190e-05 -7.885484e-02 
-2.161623e-04 -6.690408e-02 
-2.156885e-04 -8.225776e-02 
-2.492644e-04 -1.137186e-01 
-3.130446e-04 -1.781342e-01 
4.913594e-01 1.032500e+00 
7.946813e-02 1.178859e+00 
2.163259e-02 8.404246e-01 
-1.787623e-02 1.816727e-01 
-2.002418e-02 -2.477742e-01 
-1.758333e-02 -5.115081e-01 
-6.642850e-03 -5.302985e-01 
1.773994e-03 -2.402044e-01 
5.184346e-04 -6.131823e-02 
-4.813960e-04 5.088163e-02 
-8.325779e-04 1.056664e-01 
-1.009868e-04 8.288912e-02 
1.086655e-04 6.322196e-02 
4.162416e-04 4.839212e-02 
9.091748e-04 2.849109e-02 
6.602263e-04 -2.941898e-03 
4.448925e-04 -2.455889e-02 
4.244385e-04 -3.215225e-02 
2.832179e-04 -2.053615e-02 
-4.478617e-04 -1.233522e-02 
-3.451739e-04 -4.755027e-02 
-2.383918e-04 -1.153719e-01 
1.818592e-04 -2.339141e-01 
2.413645e-02 1.424097e-01 
1.109690e-02 3.260273e-01 
-5.994678e-03 2.888315e-01 
-1.302734e-02 4.034011e-02 
-1.145610e-02 -1.416475e-01 
-1.010639e-02 -2.387260e-01 
-5.531368e-03 -2.194996e-01 
9.746892e-04 -9.748862e-02 
2.724098e-04 -1.265520e-02 
-2.037713e-04 4.388361e-02 
1.176628e-04 4.651763e-02 
6.461979e-04 -5.052913e-03 
5.934398e-04 -2.820784e-02 
6.655146e-04 -4.244063e-02 
8.651668e-04 -4.610935e-02 
6.032069e-04 -3.006374e-02 
3.787623e-04 -1.911351e-02 
3.961006e-04 -7.668358e-03 
2.867941e-04 1.395308e-02 
-3.832072e-04 2.186810e-02 
-3.421173e-04 -2.072240e-02 
-2.616814e-04 -9.828126e-02 
2.282358e-04 -2.212935e-01 
7.555593e-01 -7.094790e-01 
-8.643318e-03 -4.215983e-01 
-3.340881e-02 -1.607755e-01 
-1.556534e-02 -4.740155e-02 
-9.421573e-03 -2.558349e-02 
-1.001949e-02 -4.428812e-02 
-8.694595e-03 -8.950701e-02 
3.178141e-03 -1.380327e-01 
2.837719e-03 -1.433831e-01 
2.175742e-03 -1.167846e-01 
1.570958e-03 -6.110996e-02 
3.799570e-04 7.953370e-03 
2.615013e-05 5.529585e-02 
1.325652e-04 7.249321e-02 
7.864096e-04 5.237241e-02 
9.990154e-04 6.107479e-03 
7.081532e-04 -3.012879e-02 
6.275083e-04 -5.234013e-02 
2.699373e-04 -4.867972e-02 
-7.505293e-04 -3.294876e-02 
-5.362760e-04 -5.629194e-02 
-3.836997e-04 -1.051239e-01 
1.308666e-04 -1.975583e-01 
