poroelastic
1.342026e-01 -1.170358e-02 
1.363666e-01 -8.138255e-02 
5.369563e-02 -2.129500e-01 
-1.701776e-01 -3.500269e-01 
-1.272105e-01 -4.244522e-01 
-8.799672e-02 -4.091533e-01 
-4.759749e-02 -3.178557e-01 
-5.780650e-03 -1.507267e-01 
-2.899874e-03 -4.889752e-03 
-1.818152e-02 8.758345e-02 
-3.102151e-02 1.071025e-01 
3.395345e-04 3.168442e-02 
1.099750e-02 -2.762904e-02 
1.488321e-02 -5.801942e-02 
1.402426e-02 -6.336385e-02 
6.829745e-03 -4.644258e-02 
2.852058e-03 -2.129194e-02 
3.050669e-04 7.223786e-03 
-4.520725e-04 3.402595e-02 
4.428893e-04 3.922186e-02 
1.612258e-03 1.029931e-02 
2.866061e-03 -4.276011e-02 
1.900117e-03 -1.241501e-01 
3.578650e-01 4.490238e-01 
1.711963e-01 3.226514e-01 
9.835754e-02 5.779373e-02 
-1.461847e-01 -2.491191e-01 
-1.291943e-01 -4.403105e-01 
-9.501025e-02 -5.019249e-01 
-3.925009e-02 -4.368652e-01 
1.403120e-02 -2.279395e-01 
1.423060e-02 -3.651300e-02 
-3.692299e-03 1.073793e-01 
-2.864295e-02 1.753101e-01 
-2.093412e-02 1.147149e-01 
-6.321810e-03 5.281639e-02 
4.129004e-03 -1.759712e-03 
1.096940e-02 -4.700674e-02 
8.365836e-03 -6.073042e-02 
5.315010e-03 -4.977582e-02 
2.235292e-03 -2.408814e-02 
-1.121700e-03 1.899227e-02 
-2.769137e-03 6.787770e-02 
-8.342204e-04 5.291252e-02 
2.018817e-03 -1.241163e-02 
3.014767e-03 -1.312211e-01 
-7.161830e-01 -1.984036e-01 
-3.762653e-02 -4.657773e-01 
-4.815140e-02 -5.584538e-01 
-2.305106e-01 -5.868901e-01 
-1.392119e-01 -5.530146e-01 
-7.712497e-02 -4.462913e-01 
-2.628638e-02 -2.953209e-01 
6.152324e-03 -1.317527e-01 
4.029432e-03 4.317479e-03 
-1.014809e-02 9.883526e-02 
-2.643434e-02 1.321942e-01 
-1.080274e-02 6.797663e-02 
8.959290e-04 1.207310e-02 
7.489082e-03 -2.560802e-02 
1.055971e-02 -4.574663e-02 
6.883285e-03 -3.950545e-02 
3.625808e-03 -2.441534e-02 
1.034943e-03 -1.007837e-03 
-9.122674e-04 3.302177e-02 
-1.850930e-03 6.436528e-02 
1.663298e-04 3.611071e-02 
3.580844e-03 -4.011130e-02 
5.663803e-03 -1.686781e-01 
1.680030e-01 -1.554361e-01 
4.910505e-02 -3.083587e-01 
-7.741479e-02 -4.776021e-01 
-2.377371e-01 -6.046933e-01 
-1.460032e-01 -6.294358e-01 
-7.666310e-02 -5.452162e-01 
-7.434971e-03 -3.563161e-01 
1.824032e-02 -1.056969e-01 
4.274368e-03 6.780040e-02 
-1.539631e-02 1.680716e-01 
-3.134267e-02 1.760860e-01 
-1.162235e-02 7.143614e-02 
2.514230e-03 -1.933847e-03 
9.332660e-03 -4.389252e-02 
1.000730e-02 -5.304563e-02 
4.036105e-03 -2.287764e-02 
2.867666e-04 3.805476e-03 
-1.675774e-03 2.694494e-02 
-1.779193e-03 4.706728e-02 
-1.252978e-03 5.093711e-02 
8.974356e-04 1.521917e-02 
4.080338e-03 -5.126001e-02 
6.254998e-03 -1.510459e-01 
6.165619e-01 5.583874e-01 
1.504597e-01 2.540653e-01 
-1.276540e-02 -1.873338e-01 
-2.351470e-01 -5.632935e-01 
-1.586283e-01 -6.943419e-01 
-8.190636e-02 -6.339772e-01 
3.867718e-03 -4.161672e-01 
2.809975e-02 -1.083415e-01 
7.120987e-03 1.008083e-01 
-1.682620e-02 2.189550e-01 
-3.541795e-02 2.219937e-01 
-1.517344e-02 8.699789e-02 
2.505046e-03 -6.126525e-03 
1.085281e-02 -5.829280e-02 
1.106233e-02 -6.850726e-02 
3.247571e-03 -2.517658e-02 
-1.320999e-03 1.025265e-02 
-3.618352e-03 3.634770e-02 
-3.731319e-03 5.504451e-02 
-2.569258e-03 5.727878e-02 
-6.905008e-06 2.279729e-02 
3.399101e-03 -3.891561e-02 
5.928339e-03 -1.271414e-01 
-1.036309e+00 -3.901651e-01 
-3.240205e-01 -9.612554e-01 
-3.067365e-01 -1.130197e+00 
-3.142406e-01 -1.006501e+00 
-1.308330e-01 -7.313478e-01 
-3.406986e-02 -4.049914e-01 
1.635851e-02 -9.351748e-02 
8.206511e-03 7.942290e-02 
-9.818238e-03 1.617781e-01 
-2.422646e-02 1.858642e-01 
-3.028392e-02 1.375410e-01 
6.083006e-04 1.310623e-03 
1.548333e-02 -8.136872e-02 
1.929126e-02 -1.097824e-01 
1.369193e-02 -8.378277e-02 
1.054347e-05 8.029901e-04 
-6.372747e-03 5.386231e-02 
-7.692195e-03 7.970133e-02 
-4.552472e-03 8.256253e-02 
-1.071265e-03 5.271596e-02 
2.664091e-03 -6.333516e-03 
7.244114e-03 -8.522315e-02 
1.081887e-02 -1.851096e-01 
6.981258e-02 -4.844937e-01 
-2.236646e-01 -8.300191e-01 
-3.081726e-01 -1.011339e+00 
-2.122852e-01 -8.542041e-01 
-7.365603e-02 -5.699333e-01 
-1.065162e-03 -2.563198e-01 
2.992766e-02 2.623251e-02 
6.531695e-03 1.376900e-01 
-1.050653e-02 1.764427e-01 
-1.993489e-02 1.664461e-01 
-1.947566e-02 9.701912e-02 
3.605540e-03 -2.005689e-02 
1.447885e-02 -8.346631e-02 
1.645790e-02 -9.893313e-02 
8.892536e-03 -5.993148e-02 
-5.841149e-03 3.301381e-02 
-1.111698e-02 8.412687e-02 
-1.046623e-02 9.771875e-02 
-4.259701e-03 7.204001e-02 
1.881315e-03 5.228618e-03 
4.857241e-03 -4.452515e-02 
6.356450e-03 -7.637152e-02 
5.733981e-03 -8.696729e-02 
6.422534e-01 3.743169e-01 
-2.546523e-02 -1.122759e-01 
-2.135636e-01 -5.669496e-01 
-1.951044e-01 -7.025647e-01 
-8.419318e-02 -6.082363e-01 
-9.113546e-03 -3.985327e-01 
4.062406e-02 -1.052860e-01 
1.019311e-02 1.267172e-01 
-1.505413e-02 2.342523e-01 
-2.957246e-02 2.542515e-01 
-3.105673e-02 1.758533e-01 
-1.681519e-03 8.597980e-03 
1.663024e-02 -9.783544e-02 
2.331884e-02 -1.396699e-01 
1.620602e-02 -1.029802e-01 
-3.171448e-03 1.157889e-02 
-1.091693e-02 7.610419e-02 
-1.218265e-02 1.030756e-01 
-7.275787e-03 8.956223e-02 
-5.700861e-04 2.318831e-02 
3.783123e-03 -3.132809e-02 
6.804362e-03 -7.284948e-02 
7.945833e-03 -1.001288e-01 
