poroelastic
-9.424252e-02 -4.356591e-02 
-1.046243e-01 5.530812e-03 
-5.266453e-02 1.379569e-01 
1.052352e-01 2.464885e-01 
8.613452e-02 2.926975e-01 
6.843761e-02 2.753045e-01 
5.439324e-02 1.849513e-01 
2.939885e-02 6.844043e-02 
1.668884e-02 3.575923e-02 
1.587182e-02 3.575731e-02 
1.136647e-02 4.204712e-02 
-6.412247e-03 2.027952e-02 
-4.266869e-03 6.335046e-03 
-4.446949e-03 3.847387e-03 
-6.712788e-03 1.193149e-02 
-4.903964e-03 2.412263e-02 
-3.689781e-03 2.916891e-02 
-3.406534e-03 2.775604e-02 
-3.474576e-03 1.705182e-02 
-2.117952e-03 5.751980e-03 
-1.600509e-03 2.196644e-02 
-1.555758e-03 5.888813e-02 
-4.491444e-04 1.230057e-01 
-2.547822e-01 -4.869478e-01 
-1.419550e-01 -3.479404e-01 
-7.715213e-02 -5.262881e-02 
1.002114e-01 2.095448e-01 
8.993909e-02 3.144015e-01 
7.032431e-02 3.119198e-01 
4.950364e-02 2.277263e-01 
1.923083e-02 1.160287e-01 
6.340868e-03 7.481133e-02 
2.652271e-03 5.886260e-02 
4.949008e-04 3.744202e-02 
1.194088e-03 -2.040244e-02 
4.706851e-03 -6.025921e-02 
4.311576e-03 -7.418247e-02 
-8.186711e-04 -5.082086e-02 
-3.954977e-03 1.346973e-02 
-4.567504e-03 5.067727e-02 
-4.477663e-03 6.253320e-02 
-3.384375e-03 4.480526e-02 
-1.216888e-03 4.439482e-03 
-7.485640e-04 7.549500e-04 
-1.007808e-03 2.699675e-02 
-7.068266e-04 9.098056e-02 
5.343434e-01 1.238312e-02 
2.153809e-02 2.031164e-01 
1.273066e-02 3.521161e-01 
1.675069e-01 4.386517e-01 
1.151178e-01 4.461516e-01 
7.697522e-02 3.787115e-01 
4.551804e-02 2.431967e-01 
1.618032e-02 7.570093e-02 
9.258195e-03 -2.772071e-03 
1.220473e-02 -2.633365e-02 
1.319767e-02 -1.235835e-02 
-3.566423e-03 8.453218e-03 
-3.891009e-03 1.112445e-02 
-3.638080e-03 6.565309e-03 
-4.591977e-03 1.543262e-03 
-3.334560e-03 1.954203e-03 
-2.499735e-03 5.372419e-03 
-2.787126e-03 8.795950e-03 
-3.637733e-03 9.538226e-03 
-2.505595e-03 1.246559e-02 
-2.132113e-03 3.644065e-02 
-2.391382e-03 7.668820e-02 
-2.054964e-03 1.389556e-01 
-1.205925e-01 -3.041596e-02 
-6.346977e-02 2.960847e-02 
2.077992e-02 1.956948e-01 
1.604801e-01 3.792309e-01 
1.155002e-01 4.510180e-01 
8.011851e-02 4.273892e-01 
4.181111e-02 3.057023e-01 
7.821946e-03 1.136801e-01 
3.649064e-03 7.437719e-03 
8.182350e-03 -4.687905e-02 
1.211152e-02 -5.802748e-02 
1.997009e-03 -3.790119e-02 
2.264261e-04 -2.486178e-02 
-1.701333e-03 -1.237518e-02 
-4.634805e-03 3.017886e-03 
-4.406354e-03 1.879584e-02 
-3.539799e-03 2.464030e-02 
-3.244896e-03 2.122856e-02 
-3.101097e-03 7.343072e-03 
-1.471584e-03 -4.326081e-03 
-1.585135e-03 1.891146e-02 
-2.542918e-03 6.976238e-02 
-3.150728e-03 1.554781e-01 
-4.477678e-01 -3.226600e-01 
-1.197597e-01 -2.696360e-01 
-2.387215e-02 -2.808815e-02 
1.409539e-01 2.755349e-01 
1.157656e-01 4.396216e-01 
8.367733e-02 4.772089e-01 
3.680380e-02 3.739680e-01 
-3.661751e-05 1.435057e-01 
-1.234576e-03 2.956467e-03 
5.063155e-03 -7.454641e-02 
1.179124e-02 -9.557329e-02 
6.089266e-03 -6.768043e-02 
3.303956e-03 -4.954438e-02 
5.526926e-04 -3.078019e-02 
-3.458144e-03 -4.468494e-03 
-4.587448e-03 2.664261e-02 
-4.154111e-03 4.078367e-02 
-3.533241e-03 3.726980e-02 
-2.484733e-03 1.301696e-02 
-5.715158e-04 -1.799574e-02 
-7.092168e-04 -4.944882e-03 
-1.906461e-03 4.471047e-02 
-3.003743e-03 1.399894e-01 
3.984526e-01 -2.014408e-01 
7.111272e-02 -1.909651e-03 
9.033258e-02 2.552003e-01 
2.264521e-01 5.369328e-01 
1.475398e-01 6.527577e-01 
8.602543e-02 6.127498e-01 
2.227097e-02 4.065445e-01 
-3.306032e-03 4.485355e-02 
7.023244e-03 -1.656468e-01 
2.144336e-02 -2.467405e-01 
2.894618e-02 -1.945926e-01 
-1.003611e-03 -1.143692e-02 
-1.133664e-02 8.840533e-02 
-1.376231e-02 1.215882e-01 
-1.086846e-02 9.588994e-02 
-2.979049e-03 1.170273e-02 
8.254738e-04 -3.725463e-02 
1.159744e-03 -5.686367e-02 
-1.141089e-03 -5.057567e-02 
-1.795158e-03 -8.724123e-03 
-2.946195e-03 4.711883e-02 
-4.567991e-03 1.128966e-01 
-5.684798e-03 1.951724e-01 
-9.412584e-02 1.286017e-02 
1.729696e-02 3.269111e-02 
1.123527e-01 1.946487e-01 
1.730846e-01 4.522140e-01 
1.096083e-01 5.628434e-01 
5.821512e-02 5.344832e-01 
2.999738e-03 3.375004e-01 
-5.381121e-03 2.966695e-03 
8.189529e-03 -1.917963e-01 
2.190582e-02 -2.678558e-01 
2.630032e-02 -2.056077e-01 
-4.311601e-04 -1.215874e-02 
-1.131905e-02 9.973882e-02 
-1.487459e-02 1.441912e-01 
-1.129949e-02 1.134244e-01 
-1.565057e-03 5.450175e-03 
2.859280e-03 -5.756095e-02 
3.283018e-03 -8.401051e-02 
4.490753e-04 -7.145295e-02 
-1.087124e-03 -9.303802e-03 
-2.968440e-03 5.264016e-02 
-4.790680e-03 1.120356e-01 
-5.895722e-03 1.712969e-01 
-4.115075e-01 2.743146e-02 
-2.948620e-02 -1.066145e-01 
6.420075e-02 1.386536e-02 
1.296813e-01 2.958312e-01 
8.465715e-02 4.096117e-01 
4.492865e-02 4.081479e-01 
8.941343e-04 2.848437e-01 
-5.703301e-03 5.280018e-02 
4.486570e-03 -9.617182e-02 
1.433193e-02 -1.805253e-01 
1.948572e-02 -1.795767e-01 
6.389655e-03 -7.290111e-02 
-1.345883e-03 3.294652e-03 
-6.265282e-03 5.468846e-02 
-8.711470e-03 7.659246e-02 
-6.253479e-03 5.492614e-02 
-3.041329e-03 2.742073e-02 
-8.710237e-04 -5.017200e-03 
4.967626e-04 -4.190381e-02 
2.271581e-03 -6.066517e-02 
6.532446e-04 -2.220693e-02 
-3.019450e-03 6.320238e-02 
-8.447571e-03 2.027847e-01 
