poroelastic
-5.494377e-02 2.542749e-02 
-5.451574e-02 9.188446e-02 
-1.679353e-02 2.046038e-01 
7.250370e-02 3.116114e-01 
5.409048e-02 3.453054e-01 
3.895150e-02 3.109426e-01 
2.318991e-02 2.014599e-01 
6.977549e-03 4.631574e-02 
4.409443e-03 -4.764357e-02 
8.050840e-03 -9.164318e-02 
9.422844e-03 -7.438754e-02 
-3.941707e-03 2.730456e-03 
-4.618274e-03 5.035735e-02 
-4.823302e-03 7.577136e-02 
-4.144466e-03 7.652900e-02 
-1.238940e-03 4.690312e-02 
-5.535514e-04 1.746068e-02 
-4.275695e-04 -1.283205e-02 
-6.698761e-04 -4.577448e-02 
-5.515331e-04 -5.514397e-02 
-4.108645e-04 -7.916089e-03 
-7.330477e-05 8.138514e-02 
1.028191e-03 2.218792e-01 
-1.380500e-01 -5.062624e-01 
-8.166458e-02 -3.645946e-01 
-4.191544e-02 -9.871406e-02 
5.627478e-02 1.912086e-01 
5.221288e-02 3.331539e-01 
4.075711e-02 3.650742e-01 
2.115490e-02 2.813214e-01 
2.635151e-03 9.855849e-02 
3.832959e-04 -2.031857e-02 
3.159103e-03 -9.017622e-02 
6.387250e-03 -1.025477e-01 
-2.293225e-04 -4.641876e-02 
-1.747188e-03 -5.408475e-03 
-2.708920e-03 2.575438e-02 
-3.028079e-03 4.667258e-02 
-1.014215e-03 4.587974e-02 
-4.990206e-04 3.413793e-02 
-3.094063e-04 1.167359e-02 
-3.191023e-04 -2.584986e-02 
-2.825389e-04 -5.552704e-02 
-2.655710e-04 -2.692915e-02 
-9.819592e-05 4.568547e-02 
5.910719e-04 1.715727e-01 
7.946081e-01 2.862903e-01 
8.977487e-02 5.236632e-01 
5.359333e-02 5.814012e-01 
1.011400e-01 5.365865e-01 
5.733567e-02 4.415539e-01 
3.157560e-02 3.126041e-01 
1.355096e-02 1.540381e-01 
3.151312e-03 3.892353e-03 
3.183843e-03 -7.891682e-02 
6.589925e-03 -1.096311e-01 
8.043232e-03 -7.891935e-02 
-3.495099e-03 1.275972e-02 
-4.367328e-03 6.452523e-02 
-4.213519e-03 8.343847e-02 
-3.260110e-03 6.701080e-02 
-8.600119e-04 1.439957e-02 
-2.727982e-04 -2.014415e-02 
-3.259504e-04 -4.067370e-02 
-6.801120e-04 -4.814086e-02 
-2.382898e-04 -2.814606e-02 
-1.777612e-04 2.400085e-02 
-1.473549e-04 9.817587e-02 
3.744704e-05 2.004730e-01 
-7.906921e-02 1.200739e-01 
3.363091e-03 2.546508e-01 
5.108122e-02 3.893571e-01 
9.249722e-02 4.704863e-01 
5.662845e-02 4.587854e-01 
3.233961e-02 3.764084e-01 
1.011645e-02 2.124124e-01 
4.607767e-04 1.135764e-02 
2.166260e-03 -1.016909e-01 
6.090986e-03 -1.497650e-01 
7.393552e-03 -1.195523e-01 
-2.201301e-03 -1.609380e-02 
-3.536789e-03 4.529794e-02 
-3.953328e-03 7.600051e-02 
-3.333911e-03 7.246249e-02 
-1.033340e-03 3.221733e-02 
-4.199900e-04 7.853875e-04 
-3.425427e-04 -2.618330e-02 
-4.690977e-04 -5.051823e-02 
4.805579e-05 -4.891344e-02 
-1.861514e-05 1.600809e-03 
-1.840202e-04 8.854678e-02 
-4.151399e-04 2.208838e-01 
-2.814908e-01 -5.325056e-01 
-7.056082e-02 -2.991126e-01 
6.933637e-03 3.299602e-02 
7.863052e-02 3.370859e-01 
5.729867e-02 4.503589e-01 
3.527980e-02 4.331725e-01 
8.998101e-03 2.852716e-01 
-1.620023e-03 5.225467e-02 
6.670765e-04 -8.643611e-02 
4.618933e-03 -1.555991e-01 
6.920135e-03 -1.428393e-01 
-3.588924e-04 -4.611055e-02 
-2.192165e-03 1.366583e-02 
-2.996250e-03 4.942404e-02 
-2.889994e-03 6.002886e-02 
-9.821959e-04 3.830999e-02 
-4.421872e-04 1.735916e-02 
-2.788098e-04 -6.601694e-03 
-3.034679e-04 -3.745991e-02 
-6.784871e-06 -5.293263e-02 
-4.029059e-05 -1.617398e-02 
-1.411871e-04 6.030647e-02 
-2.004392e-04 1.852587e-01 
9.237487e-01 3.458959e-01 
2.132629e-01 7.267093e-01 
1.477192e-01 8.319123e-01 
1.206924e-01 7.298562e-01 
5.512614e-02 5.524920e-01 
2.122719e-02 3.403400e-01 
2.078839e-03 1.029952e-01 
1.035347e-03 -8.970187e-02 
4.435266e-03 -1.816807e-01 
7.778975e-03 -1.969800e-01 
7.409946e-03 -1.208625e-01 
-4.138222e-03 3.804286e-02 
-5.613654e-03 1.231081e-01 
-5.245232e-03 1.479510e-01 
-3.322581e-03 1.064969e-01 
-5.459171e-04 2.046870e-03 
2.002086e-04 -5.909812e-02 
3.134185e-05 -8.591009e-02 
-5.682226e-04 -7.751596e-02 
1.732401e-04 -2.232181e-02 
-6.665134e-05 4.769054e-02 
-4.552973e-04 1.257035e-01 
-1.000384e-03 2.151373e-01 
-7.451027e-02 2.515570e-01 
9.517832e-02 4.713388e-01 
1.179501e-01 5.989646e-01 
7.773355e-02 5.410581e-01 
3.350340e-02 4.095086e-01 
9.377758e-03 2.407996e-01 
-3.031376e-03 4.587213e-02 
1.034601e-03 -1.005681e-01 
4.032046e-03 -1.657253e-01 
6.049674e-03 -1.694964e-01 
4.629814e-03 -9.869054e-02 
-2.805256e-03 2.809793e-02 
-3.913274e-03 9.457546e-02 
-3.746821e-03 1.141134e-01 
-2.320404e-03 8.020901e-02 
-3.592582e-04 1.989108e-03 
1.929729e-04 -4.438202e-02 
6.423731e-05 -6.706885e-02 
-2.831105e-04 -6.393910e-02 
3.829257e-04 -2.510900e-02 
6.879223e-05 2.929821e-02 
-3.937918e-04 9.378378e-02 
-1.152747e-03 1.700139e-01 
-2.105134e-01 -4.951713e-01 
-2.690096e-02 -1.918457e-01 
5.279514e-02 1.267106e-01 
5.840714e-02 3.251536e-01 
3.195419e-02 3.566135e-01 
1.212504e-02 2.935347e-01 
-3.712863e-03 1.423570e-01 
-7.405770e-06 -3.413269e-02 
3.552138e-03 -1.305203e-01 
5.631722e-03 -1.686748e-01 
4.871627e-03 -1.346152e-01 
-5.896280e-04 -3.049914e-02 
-2.198292e-03 3.531334e-02 
-2.894522e-03 7.339539e-02 
-2.635515e-03 7.862992e-02 
-1.078832e-03 4.481807e-02 
-3.989690e-04 1.396895e-02 
-1.590187e-04 -1.805819e-02 
-9.888207e-05 -5.345481e-02 
6.117110e-04 -6.720229e-02 
4.799223e-04 -2.485604e-02 
-8.891720e-05 6.003637e-02 
-1.546064e-03 1.943125e-01 
