poroelastic
6.663626e-02 2.570692e-02 
7.072814e-02 -1.807356e-02 
2.142668e-02 -1.399950e-01 
-9.613625e-02 -2.613855e-01 
-6.355388e-02 -2.900327e-01 
-3.997396e-02 -2.531463e-01 
-2.065784e-02 -1.571373e-01 
-5.638483e-03 -4.811568e-02 
-5.152158e-03 6.864186e-03 
-9.571563e-03 3.151628e-02 
-1.002004e-02 2.780389e-02 
3.843618e-03 5.840837e-03 
4.713615e-03 -6.685426e-03 
6.108716e-03 -1.834504e-02 
7.353684e-03 -3.038515e-02 
3.958796e-03 -3.544835e-02 
2.405260e-03 -2.802129e-02 
1.307508e-03 -1.192295e-02 
4.882905e-04 1.483875e-02 
4.219068e-05 3.763728e-02 
6.253119e-04 1.813564e-02 
1.482772e-03 -3.228008e-02 
1.100091e-03 -1.180909e-01 
2.103199e-01 3.659273e-01 
9.384719e-02 2.436184e-01 
3.974061e-02 -1.256549e-04 
-8.914930e-02 -2.377830e-01 
-6.416506e-02 -3.153426e-01 
-3.899675e-02 -2.934038e-01 
-1.348439e-02 -1.975799e-01 
2.383035e-03 -7.582577e-02 
1.548636e-03 -8.425995e-03 
-2.512657e-03 2.892665e-02 
-6.602434e-03 4.291380e-02 
-4.528197e-03 3.869412e-02 
-3.261671e-03 3.793961e-02 
-8.240230e-04 2.923248e-02 
3.459540e-03 3.071890e-03 
4.183881e-03 -3.797617e-02 
3.709586e-03 -5.124937e-02 
2.398957e-03 -3.978566e-02 
2.167591e-04 2.808545e-04 
-1.199276e-03 5.213071e-02 
-4.467947e-04 4.566681e-02 
9.072823e-04 -6.167298e-03 
1.404799e-03 -1.101590e-01 
-4.783463e-01 -2.528038e-02 
-1.043664e-02 -1.679366e-01 
-1.921095e-02 -3.046819e-01 
-1.328213e-01 -4.270666e-01 
-7.801871e-02 -4.335831e-01 
-4.115177e-02 -3.566241e-01 
-1.102145e-02 -2.086144e-01 
8.274132e-04 -3.551918e-02 
-5.056058e-03 5.757650e-02 
-1.323910e-02 9.438467e-02 
-1.619597e-02 7.536521e-02 
2.192732e-03 9.937415e-03 
5.901474e-03 -2.099689e-02 
6.815861e-03 -3.226601e-02 
6.907934e-03 -3.334916e-02 
3.998504e-03 -2.819799e-02 
2.140773e-03 -1.749787e-02 
1.029496e-03 -1.053849e-03 
4.023272e-04 2.466792e-02 
-3.251331e-04 4.633891e-02 
4.692376e-04 2.017073e-02 
1.951729e-03 -4.280689e-02 
2.762805e-03 -1.482682e-01 
9.332857e-02 -1.171551e-02 
3.156936e-02 -9.362657e-02 
-3.695551e-02 -2.530903e-01 
-1.237717e-01 -4.089043e-01 
-7.236696e-02 -4.329090e-01 
-3.631570e-02 -3.678360e-01 
-3.869601e-03 -2.212902e-01 
4.797785e-03 -4.149731e-02 
-3.451219e-03 6.340634e-02 
-1.313134e-02 1.140659e-01 
-1.728826e-02 1.018008e-01 
-1.378211e-03 3.026069e-02 
4.178705e-03 -1.240232e-02 
6.774824e-03 -3.618509e-02 
7.169359e-03 -4.282114e-02 
3.907635e-03 -3.072117e-02 
1.670738e-03 -1.272230e-02 
2.715175e-04 1.010127e-02 
-2.835398e-04 3.823598e-02 
-7.849403e-04 5.266251e-02 
3.173989e-04 2.020976e-02 
2.142942e-03 -4.705165e-02 
3.458806e-03 -1.536970e-01 
3.448021e-01 3.226173e-01 
7.443430e-02 2.043588e-01 
-2.167720e-03 -4.982282e-02 
-1.096678e-01 -3.286178e-01 
-7.205285e-02 -4.314010e-01 
-3.694208e-02 -4.099837e-01 
1.937832e-03 -2.717088e-01 
1.066411e-02 -6.092787e-02 
-2.832908e-04 6.782860e-02 
-1.134466e-02 1.326069e-01 
-1.766826e-02 1.257577e-01 
-5.726698e-03 5.121980e-02 
7.794374e-04 6.666147e-03 
4.157445e-03 -2.050502e-02 
5.756143e-03 -3.571147e-02 
4.139377e-03 -3.667130e-02 
2.225921e-03 -2.504531e-02 
4.466772e-04 -2.134903e-03 
-9.854313e-04 3.368068e-02 
-1.688100e-03 6.367281e-02 
-5.157594e-04 3.906913e-02 
1.525352e-03 -2.676080e-02 
3.263751e-03 -1.379630e-01 
-5.085285e-01 3.573704e-02 
-8.799794e-02 -1.856357e-01 
-1.002565e-01 -3.861023e-01 
-1.548245e-01 -5.627116e-01 
-8.027538e-02 -5.771915e-01 
-3.260107e-02 -4.735612e-01 
6.621411e-03 -2.542513e-01 
5.702982e-03 2.947762e-02 
-1.214457e-02 1.877814e-01 
-2.742269e-02 2.415662e-01 
-3.074162e-02 1.759971e-01 
3.913807e-03 -4.571922e-03 
1.602903e-02 -1.025089e-01 
1.836587e-02 -1.353424e-01 
1.321253e-02 -1.074044e-01 
2.723640e-03 -2.181382e-02 
-2.188818e-03 3.514503e-02 
-3.387879e-03 6.810179e-02 
-1.404023e-03 7.845738e-02 
-4.406202e-04 5.279408e-02 
1.298516e-03 -3.950156e-03 
3.681981e-03 -8.236058e-02 
5.516297e-03 -1.846331e-01 
7.162839e-02 -1.187986e-01 
-6.139732e-02 -2.350152e-01 
-1.118326e-01 -3.871073e-01 
-1.028457e-01 -4.829290e-01 
-4.824515e-02 -4.490435e-01 
-1.328327e-02 -3.323601e-01 
1.259034e-02 -1.406331e-01 
4.250167e-03 6.287517e-02 
-1.116523e-02 1.770393e-01 
-2.311819e-02 2.109489e-01 
-2.344768e-02 1.424480e-01 
4.034204e-03 -1.435641e-02 
1.457790e-02 -1.021439e-01 
1.685995e-02 -1.322751e-01 
1.062190e-02 -9.540225e-02 
-7.546080e-04 3.732397e-03 
-5.067837e-03 6.314774e-02 
-5.239386e-03 8.912796e-02 
-1.699612e-03 7.737699e-02 
4.269202e-04 2.175773e-02 
2.077856e-03 -3.096704e-02 
3.451866e-03 -7.809346e-02 
3.857708e-03 -1.170830e-01 
3.652969e-01 9.282349e-02 
-9.671689e-04 -3.220357e-03 
-7.187183e-02 -1.833121e-01 
-7.916824e-02 -3.339202e-01 
-4.004743e-02 -3.472217e-01 
-1.242171e-02 -2.857544e-01 
1.111489e-02 -1.515625e-01 
5.348791e-03 1.418103e-02 
-6.716009e-03 1.143651e-01 
-1.670021e-02 1.623825e-01 
-2.002951e-02 1.373435e-01 
-2.615498e-03 2.858641e-02 
6.596126e-03 -4.266827e-02 
1.060298e-02 -7.912077e-02 
9.448274e-03 -7.582401e-02 
3.356670e-03 -3.106162e-02 
-6.413168e-04 8.818450e-03 
-2.646689e-03 4.242111e-02 
-2.355557e-03 6.429468e-02 
-1.934706e-03 5.620410e-02 
-9.891576e-05 1.468773e-02 
2.623288e-03 -5.093058e-02 
5.482814e-03 -1.402537e-01 
