poroelastic
2.335885e-02 2.418787e-02 
2.523897e-02 -5.024136e-03 
4.925910e-03 -9.244525e-02 
-3.704702e-02 -1.865581e-01 
-2.210383e-02 -2.063559e-01 
-1.125379e-02 -1.786496e-01 
-1.942921e-03 -1.018862e-01 
1.078345e-04 -7.652458e-03 
-2.478977e-03 4.050803e-02 
-5.211456e-03 5.965502e-02 
-5.082611e-03 4.754871e-02 
1.649953e-03 1.080925e-02 
2.627535e-03 -1.132381e-02 
3.298203e-03 -2.764741e-02 
3.172819e-03 -3.934848e-02 
1.280809e-03 -3.918919e-02 
6.246789e-04 -2.675606e-02 
1.323512e-04 -4.262635e-03 
-1.748904e-04 3.023551e-02 
-1.914169e-04 5.554825e-02 
5.522971e-05 3.483252e-02 
3.168606e-04 -2.024985e-02 
1.905721e-04 -1.149232e-01 
8.000606e-02 2.220580e-01 
3.196367e-02 1.374560e-01 
9.357191e-03 -7.013485e-03 
-2.943874e-02 -1.517388e-01 
-1.869786e-02 -1.932093e-01 
-8.619638e-03 -1.761009e-01 
1.300127e-03 -1.099735e-01 
2.404880e-03 -2.221803e-02 
-2.926646e-04 2.547126e-02 
-2.646962e-03 4.959858e-02 
-4.063466e-03 5.100712e-02 
-1.566981e-03 3.020083e-02 
-1.377900e-04 1.539179e-02 
1.045421e-03 -6.921177e-04 
1.901838e-03 -2.210446e-02 
1.204290e-03 -4.130961e-02 
7.333269e-04 -3.888016e-02 
1.449421e-04 -1.804375e-02 
-4.197168e-04 2.381590e-02 
-4.142786e-04 6.527149e-02 
-1.373460e-04 5.282976e-02 
1.777617e-04 -3.955750e-04 
2.235861e-04 -9.919920e-02 
-3.721983e-01 -3.464976e-02 
-2.215913e-02 -1.232593e-01 
-1.758419e-02 -2.301801e-01 
-5.328281e-02 -3.319714e-01 
-2.751769e-02 -3.406484e-01 
-1.041224e-02 -2.804499e-01 
3.034345e-03 -1.451881e-01 
7.710540e-04 2.567140e-02 
-5.603739e-03 1.134819e-01 
-1.027113e-02 1.391042e-01 
-9.367463e-03 9.536661e-02 
3.808354e-03 -6.003877e-03 
6.057005e-03 -5.948412e-02 
5.965264e-03 -8.036010e-02 
3.950726e-03 -6.986544e-02 
1.017542e-03 -2.882959e-02 
-5.981907e-07 3.811559e-03 
-3.520757e-04 3.052702e-02 
-1.395599e-04 5.163211e-02 
-1.688056e-04 5.160811e-02 
6.075177e-05 1.741808e-02 
3.930666e-04 -4.192363e-02 
6.159904e-04 -1.299326e-01 
4.015356e-02 -2.420219e-02 
1.645095e-03 -9.084857e-02 
-2.301272e-02 -1.982426e-01 
-4.200242e-02 -2.920267e-01 
-2.045580e-02 -2.919500e-01 
-5.989465e-03 -2.327466e-01 
4.840602e-03 -1.148568e-01 
1.051297e-03 2.077516e-02 
-4.381449e-03 9.298237e-02 
-8.215140e-03 1.182592e-01 
-7.465551e-03 8.652374e-02 
1.701528e-03 7.800400e-03 
3.924466e-03 -3.740933e-02 
4.383498e-03 -5.956453e-02 
3.129569e-03 -5.745050e-02 
9.853576e-04 -3.074797e-02 
9.407536e-05 -4.086101e-03 
-3.470693e-04 2.287603e-02 
-2.998000e-04 4.960683e-02 
-3.138320e-04 5.696114e-02 
-6.245228e-05 2.631493e-02 
3.230137e-04 -3.226139e-02 
6.708494e-04 -1.220376e-01 
1.373093e-01 1.886058e-01 
2.310455e-02 1.043677e-01 
-7.068608e-03 -3.924457e-02 
-3.060106e-02 -1.936721e-01 
-1.683990e-02 -2.391143e-01 
-5.024729e-03 -2.172361e-01 
6.226647e-03 -1.312868e-01 
3.369567e-03 -1.136063e-02 
-1.484113e-03 5.657572e-02 
-4.826355e-03 8.808936e-02 
-6.017183e-03 7.977486e-02 
-1.887500e-03 3.421069e-02 
2.985714e-04 6.103953e-03 
1.475823e-03 -1.424952e-02 
1.903541e-03 -3.045302e-02 
1.191601e-03 -3.761652e-02 
5.645796e-04 -2.913233e-02 
-9.248635e-05 -7.093782e-03 
-5.441453e-04 3.079157e-02 
-4.399531e-04 6.470576e-02 
-2.195025e-04 4.890345e-02 
1.264216e-04 -3.958686e-03 
4.332999e-04 -9.748112e-02 
-3.958267e-01 -4.453477e-03 
-6.178098e-02 -1.470219e-01 
-5.361438e-02 -2.899457e-01 
-5.335762e-02 -4.064029e-01 
-2.284297e-02 -4.114617e-01 
-4.501943e-03 -3.318517e-01 
7.979026e-03 -1.569530e-01 
-3.118377e-04 6.551631e-02 
-9.321529e-03 1.812805e-01 
-1.462974e-02 2.092209e-01 
-1.193259e-02 1.350912e-01 
5.166219e-03 -2.432782e-02 
9.028843e-03 -1.087895e-01 
8.806830e-03 -1.359337e-01 
5.054489e-03 -1.031119e-01 
4.275467e-04 -1.684466e-02 
-1.029422e-03 3.850246e-02 
-1.081522e-03 6.922825e-02 
-4.231438e-05 7.340287e-02 
-1.272167e-04 4.092904e-02 
1.405195e-04 -6.356316e-03 
5.420978e-04 -6.289657e-02 
9.062801e-04 -1.288845e-01 
4.130442e-02 -9.975542e-02 
-3.640735e-02 -1.914988e-01 
-4.553088e-02 -2.789051e-01 
-2.814353e-02 -3.072707e-01 
-9.524426e-03 -2.644035e-01 
1.153720e-03 -1.776761e-01 
6.541963e-03 -5.100760e-02 
-1.052228e-03 7.036330e-02 
-6.580267e-03 1.298596e-01 
-9.423124e-03 1.371020e-01 
-6.706032e-03 7.945745e-02 
3.576313e-03 -2.459249e-02 
5.938017e-03 -7.860911e-02 
5.530638e-03 -9.282441e-02 
2.496375e-03 -6.183926e-02 
-4.742653e-04 2.960760e-03 
-1.247098e-03 4.191548e-02 
-1.041143e-03 5.964314e-02 
-6.788594e-05 5.182453e-02 
-1.990753e-05 1.702350e-02 
1.908364e-04 -1.542565e-02 
3.915928e-04 -4.411851e-02 
4.829705e-04 -6.625854e-02 
1.373869e-01 6.454482e-02 
1.317113e-04 -9.101894e-03 
-2.123696e-02 -9.350332e-02 
-1.584687e-02 -1.505160e-01 
-5.885377e-03 -1.464868e-01 
3.561955e-04 -1.142766e-01 
4.761910e-03 -5.758717e-02 
1.267738e-03 3.543269e-03 
-1.806535e-03 4.285565e-02 
-4.017491e-03 6.538829e-02 
-4.576522e-03 6.098542e-02 
-1.224506e-03 2.460766e-02 
5.150008e-04 -5.299167e-05 
1.491937e-03 -1.772383e-02 
1.782478e-03 -2.885545e-02 
1.108298e-03 -2.997444e-02 
4.380094e-04 -2.002809e-02 
-1.620051e-04 -1.103564e-03 
-4.665074e-04 2.767456e-02 
-4.367391e-04 5.101762e-02 
-3.078799e-04 3.606136e-02 
6.528397e-05 -7.161332e-03 
6.817840e-04 -8.018704e-02 
