poroelastic
5.371246e-02 -7.360823e-02 
4.462564e-02 -1.034365e-01 
2.953175e-02 -6.149176e-02 
-3.900823e-02 -2.960205e-02 
-4.526032e-02 -1.004193e-01 
-4.817907e-02 -1.691152e-01 
-4.173409e-02 -2.436521e-01 
-3.102224e-03 -2.099139e-01 
8.650894e-03 -3.588288e-02 
-8.082366e-03 1.205367e-01 
-3.598915e-02 1.861833e-01 
-1.040290e-02 7.171484e-02 
9.532434e-03 -3.380169e-02 
1.594454e-02 -8.179819e-02 
1.297468e-02 -8.014860e-02 
5.783267e-03 -4.895985e-02 
7.264179e-04 -8.919843e-03 
-2.965147e-03 3.421308e-02 
-3.620454e-03 6.622444e-02 
-6.980766e-04 5.443128e-02 
1.323043e-03 1.582674e-02 
2.686762e-03 -3.867529e-02 
1.627796e-03 -1.142782e-01 
2.323952e-01 -1.458474e-01 
3.681419e-02 -5.208296e-02 
5.466855e-02 9.367113e-02 
-4.052943e-03 1.133782e-01 
-3.948453e-02 -5.165041e-02 
-6.228053e-02 -2.401318e-01 
-4.869114e-02 -3.713515e-01 
7.617038e-03 -2.738717e-01 
1.881352e-02 -6.004011e-02 
-8.248157e-04 1.455077e-01 
-3.962257e-02 2.622270e-01 
-2.512201e-02 1.473961e-01 
1.967782e-04 1.864345e-02 
1.555965e-02 -7.943534e-02 
1.942899e-02 -1.271382e-01 
8.634346e-03 -7.622256e-02 
1.252455e-03 -1.798304e-02 
-3.226812e-03 2.985251e-02 
-5.093035e-03 6.891979e-02 
-3.564401e-03 8.841325e-02 
-3.310439e-04 5.154996e-02 
2.902416e-03 -2.768755e-02 
3.414054e-03 -1.493940e-01 
-2.850922e-01 -2.087582e-01 
-5.859575e-02 -3.407404e-01 
-3.721470e-02 -2.372472e-01 
-4.776867e-02 -1.006221e-01 
-2.978666e-02 -8.172189e-02 
-2.460941e-02 -9.994763e-02 
-1.712286e-02 -1.452336e-01 
4.988378e-03 -1.640022e-01 
1.371916e-02 -7.401005e-02 
6.725418e-03 4.583850e-02 
-1.523398e-02 1.423468e-01 
-1.932224e-02 1.063882e-01 
-5.005929e-03 3.373316e-02 
5.626452e-03 -2.944627e-02 
9.842852e-03 -6.551420e-02 
4.635933e-03 -4.103758e-02 
4.383787e-04 -9.607536e-03 
-2.623109e-03 2.039558e-02 
-4.432385e-03 4.998672e-02 
-3.751199e-03 6.812592e-02 
-1.143608e-03 4.330668e-02 
1.922823e-03 -1.464547e-02 
3.780829e-03 -1.077018e-01 
6.006200e-02 -2.771978e-01 
-2.730595e-02 -3.743719e-01 
-7.118119e-02 -3.345623e-01 
-9.528555e-02 -2.387480e-01 
-5.969167e-02 -2.342083e-01 
-3.391784e-02 -2.253350e-01 
3.062783e-04 -1.778286e-01 
1.564300e-02 -6.541464e-02 
7.144274e-03 5.171007e-02 
-7.433951e-03 1.352186e-01 
-2.325763e-02 1.528773e-01 
-8.008673e-03 4.923906e-02 
6.267840e-03 -3.225098e-02 
1.214764e-02 -7.400888e-02 
9.414997e-03 -6.890062e-02 
-2.616620e-04 -5.981950e-03 
-4.722354e-03 3.614396e-02 
-5.874252e-03 5.633913e-02 
-4.062507e-03 5.681484e-02 
-1.103198e-03 3.439529e-02 
9.419456e-04 2.853417e-03 
2.780264e-03 -3.532458e-02 
3.599739e-03 -8.100745e-02 
4.363853e-01 1.776458e-01 
5.153790e-02 -7.308738e-02 
-5.738019e-02 -2.845165e-01 
-1.365379e-01 -3.532972e-01 
-8.321984e-02 -3.469103e-01 
-3.546254e-02 -2.641384e-01 
8.850105e-03 -1.398191e-01 
1.558867e-02 -1.803510e-02 
3.492738e-03 8.082123e-02 
-1.108537e-02 1.457166e-01 
-2.364299e-02 1.436398e-01 
-3.824612e-03 2.599312e-02 
1.073767e-02 -5.941556e-02 
1.585711e-02 -9.837791e-02 
1.063749e-02 -7.970177e-02 
-2.790470e-03 9.041280e-03 
-8.119791e-03 6.166186e-02 
-8.501234e-03 7.860508e-02 
-4.700824e-03 6.384978e-02 
-1.253140e-05 2.080108e-02 
2.162141e-03 -1.627240e-02 
3.350641e-03 -4.498800e-02 
3.086910e-03 -6.146303e-02 
-8.630116e-01 -7.064110e-01 
-4.328679e-01 -1.267883e+00 
-3.567388e-01 -1.210005e+00 
-1.638427e-01 -6.983672e-01 
-2.436978e-03 -1.979569e-01 
5.459171e-02 1.845563e-01 
3.675758e-02 3.599823e-01 
-3.963663e-03 1.631873e-01 
-2.587640e-03 8.806546e-04 
6.814341e-03 -7.752231e-02 
1.355754e-02 -8.095868e-02 
4.217623e-03 -2.532959e-02 
2.407225e-04 -4.081847e-03 
-1.011967e-03 2.684329e-03 
-3.023234e-03 1.324955e-02 
-6.491484e-03 3.861450e-02 
-6.468190e-03 4.749265e-02 
-5.164942e-03 4.520870e-02 
-2.646697e-03 3.399258e-02 
-1.514373e-04 1.265586e-02 
1.379056e-03 -9.361474e-03 
2.449530e-03 -2.840128e-02 
2.722403e-03 -4.260079e-02 
-5.311970e-02 -7.074058e-01 
-3.422084e-01 -1.141934e+00 
-3.554682e-01 -1.188210e+00 
-1.074287e-01 -6.467350e-01 
3.038850e-02 -1.091289e-01 
7.283108e-02 2.989458e-01 
3.633186e-02 4.705948e-01 
-9.833016e-03 2.220542e-01 
-4.064086e-03 6.268987e-03 
1.148817e-02 -1.261299e-01 
2.457809e-02 -1.553279e-01 
1.076016e-02 -6.561516e-02 
-1.033197e-03 4.921871e-03 
-8.973182e-03 5.385312e-02 
-1.261467e-02 7.688987e-02 
-9.255209e-03 5.984647e-02 
-5.052154e-03 3.789343e-02 
-1.449953e-03 1.390063e-02 
1.537147e-03 -1.084791e-02 
2.182195e-03 -2.236244e-02 
1.532469e-03 -1.926128e-02 
1.134736e-04 -4.233289e-03 
-2.078815e-03 2.835702e-02 
5.509706e-01 2.968336e-01 
-1.187119e-01 -4.149291e-01 
-2.925652e-01 -8.470899e-01 
-1.505617e-01 -6.480347e-01 
-2.512885e-02 -3.624194e-01 
4.046314e-02 -6.204053e-02 
5.117384e-02 2.159624e-01 
-5.021685e-03 2.581119e-01 
-1.713290e-02 2.100582e-01 
-1.499030e-02 1.169215e-01 
-3.307085e-03 5.172492e-04 
1.241517e-02 -8.205636e-02 
1.851846e-02 -1.182024e-01 
1.695203e-02 -1.079998e-01 
5.003487e-03 -3.783073e-02 
-1.408409e-02 8.105939e-02 
-1.689298e-02 1.185619e-01 
-1.280770e-02 1.045137e-01 
-3.951388e-03 4.851226e-02 
5.058146e-03 -4.194056e-02 
7.226076e-03 -7.232565e-02 
4.274914e-03 -4.713556e-02 
-2.735558e-03 3.077881e-02 
