poroelastic
3.490717e-02 2.564274e-02 
3.732573e-02 -8.905314e-03 
7.967530e-03 -1.099936e-01 
-5.469103e-02 -2.164041e-01 
-3.379820e-02 -2.390502e-01 
-1.886715e-02 -2.072127e-01 
-6.144369e-03 -1.212419e-01 
-8.314031e-04 -1.849448e-02 
-3.316943e-03 3.344730e-02 
-6.923299e-03 5.458703e-02 
-6.958886e-03 4.395163e-02 
2.417033e-03 9.385972e-03 
3.517397e-03 -1.064689e-02 
4.462760e-03 -2.582651e-02 
4.682059e-03 -3.795080e-02 
2.147333e-03 -3.957681e-02 
1.155563e-03 -2.838718e-02 
4.122084e-04 -7.156213e-03 
-1.147548e-04 2.620123e-02 
-2.579772e-04 5.152805e-02 
1.441503e-04 3.031113e-02 
6.327718e-04 -2.546422e-02 
4.837964e-04 -1.212531e-01 
1.218697e-01 2.747484e-01 
4.923739e-02 1.764177e-01 
1.659316e-02 -4.044244e-03 
-4.676122e-02 -1.851521e-01 
-3.119760e-02 -2.397875e-01 
-1.640979e-02 -2.207549e-01 
-1.580293e-03 -1.415671e-01 
2.937392e-03 -3.689974e-02 
-8.124246e-05 2.019742e-02 
-3.422179e-03 4.962825e-02 
-5.668917e-03 5.359543e-02 
-2.184544e-03 3.368902e-02 
-4.364707e-04 2.042424e-02 
1.260320e-03 4.798843e-03 
2.937360e-03 -1.878187e-02 
2.166950e-03 -4.324195e-02 
1.491855e-03 -4.397206e-02 
5.777796e-04 -2.422368e-02 
-4.638270e-04 1.908045e-02 
-7.364426e-04 6.429973e-02 
-2.558715e-04 5.208631e-02 
3.854994e-04 -3.982056e-03 
5.663794e-04 -1.098189e-01 
-4.150217e-01 -3.026286e-02 
-2.087836e-02 -1.362803e-01 
-1.999803e-02 -2.548372e-01 
-7.685284e-02 -3.684994e-01 
-4.184481e-02 -3.771374e-01 
-1.861769e-02 -3.109074e-01 
1.882753e-04 -1.685524e-01 
1.268358e-03 8.218554e-03 
-5.987174e-03 1.003723e-01 
-1.231906e-02 1.304062e-01 
-1.250471e-02 9.324145e-02 
3.878890e-03 -4.449998e-04 
6.963640e-03 -4.911964e-02 
7.273245e-03 -6.839128e-02 
5.576429e-03 -6.214671e-02 
1.954134e-03 -3.110298e-02 
4.401191e-04 -3.891132e-03 
-2.083351e-04 2.098951e-02 
-1.491356e-04 4.498084e-02 
-2.569158e-04 5.190842e-02 
1.753006e-04 1.880360e-02 
8.225513e-04 -4.417084e-02 
1.184249e-03 -1.416582e-01 
5.479638e-02 -1.725756e-02 
8.369704e-03 -8.936310e-02 
-2.896729e-02 -2.166562e-01 
-6.477646e-02 -3.352434e-01 
-3.416217e-02 -3.425418e-01 
-1.337639e-02 -2.798850e-01 
3.496046e-03 -1.495751e-01 
2.196878e-03 3.699457e-03 
-4.721494e-03 8.780870e-02 
-1.054269e-02 1.214742e-01 
-1.089647e-02 9.460661e-02 
1.414245e-03 1.455074e-02 
4.747597e-03 -3.172017e-02 
5.810665e-03 -5.515212e-02 
4.805495e-03 -5.580928e-02 
1.894658e-03 -3.265550e-02 
4.754113e-04 -7.620059e-03 
-2.856455e-04 1.909202e-02 
-3.786525e-04 4.719376e-02 
-5.029024e-04 5.656570e-02 
-3.756483e-06 2.421731e-02 
7.598238e-04 -3.896038e-02 
1.357533e-03 -1.371505e-01 
2.016213e-01 2.367360e-01 
3.652994e-02 1.392172e-01 
-7.484615e-03 -4.266407e-02 
-5.153102e-02 -2.415108e-01 
-3.068945e-02 -3.053461e-01 
-1.236472e-02 -2.824926e-01 
6.166319e-03 -1.763997e-01 
5.355658e-03 -2.378743e-02 
-1.620908e-03 6.420051e-02 
-7.124946e-03 1.057068e-01 
-9.459695e-03 9.651687e-02 
-2.675554e-03 3.958682e-02 
6.799639e-04 5.314486e-03 
2.481350e-03 -1.774640e-02 
3.261318e-03 -3.389786e-02 
2.152955e-03 -3.904145e-02 
1.116396e-03 -2.933632e-02 
9.871622e-05 -6.485976e-03 
-6.841867e-04 3.173744e-02 
-8.199867e-04 6.503177e-02 
-3.614431e-04 4.598712e-02 
3.968839e-04 -1.234157e-02 
1.045458e-03 -1.142674e-01 
-4.373051e-01 1.137586e-02 
-7.034786e-02 -1.542337e-01 
-6.775116e-02 -3.179030e-01 
-8.071080e-02 -4.582261e-01 
-3.796749e-02 -4.682154e-01 
-1.154270e-02 -3.818983e-01 
8.359209e-03 -1.907487e-01 
1.325849e-03 5.554375e-02 
-1.081271e-02 1.868730e-01 
-1.926461e-02 2.237180e-01 
-1.790936e-02 1.509951e-01 
5.525642e-03 -1.821260e-02 
1.175130e-02 -1.082099e-01 
1.216600e-02 -1.378021e-01 
7.752667e-03 -1.064249e-01 
1.110060e-03 -1.955109e-02 
-1.352503e-03 3.667994e-02 
-1.671460e-03 6.843731e-02 
-2.620572e-04 7.481745e-02 
-1.528128e-04 4.411595e-02 
4.287568e-04 -6.554578e-03 
1.236205e-03 -7.050900e-02 
1.855804e-03 -1.488147e-01 
5.126011e-02 -1.025939e-01 
-4.430390e-02 -2.026204e-01 
-6.429445e-02 -3.138272e-01 
-4.743274e-02 -3.661173e-01 
-1.906161e-02 -3.259161e-01 
-1.994090e-03 -2.285322e-01 
8.471161e-03 -7.903645e-02 
6.034583e-05 6.996367e-02 
-8.393322e-03 1.467507e-01 
-1.369478e-02 1.617848e-01 
-1.126231e-02 9.925390e-02 
4.391887e-03 -2.286015e-02 
8.709585e-03 -8.762521e-02 
8.753939e-03 -1.063833e-01 
4.613948e-03 -7.247875e-02 
-5.150332e-04 3.258481e-03 
-2.082701e-03 4.849055e-02 
-1.877286e-03 6.861767e-02 
-2.217369e-04 5.885490e-02 
9.817678e-05 1.676124e-02 
5.711856e-04 -2.212493e-02 
9.865993e-04 -5.639173e-02 
1.109545e-03 -8.322129e-02 
2.088403e-01 7.799951e-02 
4.116984e-04 -4.411145e-03 
-3.437291e-02 -1.196436e-01 
-3.099821e-02 -2.075312e-01 
-1.373671e-02 -2.092937e-01 
-2.414900e-03 -1.683974e-01 
6.362491e-03 -8.775336e-02 
2.201576e-03 5.840941e-03 
-3.163333e-03 6.429004e-02 
-7.311596e-03 9.506286e-02 
-8.351157e-03 8.417387e-02 
-1.321959e-03 2.540925e-02 
1.965253e-03 -1.269907e-02 
3.541202e-03 -3.557777e-02 
3.582025e-03 -4.241365e-02 
1.882577e-03 -3.082907e-02 
5.552782e-04 -1.288986e-02 
-3.516489e-04 9.761934e-03 
-6.689788e-04 3.659417e-02 
-8.321276e-04 5.198749e-02 
-4.137029e-04 2.956155e-02 
4.430161e-04 -2.085421e-02 
1.569962e-03 -1.005588e-01 
