poroelastic
-1.332680e-01 -3.974788e-02 
-1.471904e-01 1.899049e-02 
-8.549642e-02 1.636428e-01 
1.272173e-01 2.652617e-01 
1.101413e-01 3.128367e-01 
8.944685e-02 2.926256e-01 
7.516479e-02 1.963315e-01 
4.803345e-02 7.842211e-02 
2.675736e-02 5.748470e-02 
2.213839e-02 6.931727e-02 
1.279668e-02 7.807606e-02 
-8.715599e-03 3.461723e-02 
-4.420682e-03 7.170004e-03 
-3.726939e-03 -1.607654e-03 
-6.381274e-03 3.579456e-03 
-5.829640e-03 1.446705e-02 
-4.822064e-03 2.188866e-02 
-4.922715e-03 2.585308e-02 
-5.638532e-03 2.355600e-02 
-4.121124e-03 1.855080e-02 
-2.930131e-03 3.202504e-02 
-2.594425e-03 5.837064e-02 
-1.045425e-03 1.014596e-01 
-3.331936e-01 -5.515882e-01 
-1.976200e-01 -3.783807e-01 
-1.146121e-01 -2.647031e-02 
1.340353e-01 2.529750e-01 
1.233976e-01 3.622420e-01 
9.607199e-02 3.448279e-01 
7.024592e-02 2.420333e-01 
3.309185e-02 1.324355e-01 
1.127083e-02 1.034707e-01 
1.901554e-03 1.002787e-01 
-6.050323e-03 8.178974e-02 
1.234861e-04 -3.269143e-03 
8.728649e-03 -6.697446e-02 
1.093369e-02 -9.777317e-02 
5.099303e-03 -8.273030e-02 
-3.339611e-03 -7.393974e-03 
-6.318740e-03 4.146608e-02 
-7.339742e-03 6.371930e-02 
-6.442839e-03 5.701326e-02 
-2.940050e-03 2.123893e-02 
-1.594895e-03 1.323694e-02 
-1.649935e-03 2.833538e-02 
-1.283715e-03 7.157972e-02 
5.686543e-01 4.827008e-02 
9.571147e-04 2.774406e-01 
3.764672e-03 4.310451e-01 
2.122488e-01 4.773747e-01 
1.472702e-01 4.620433e-01 
9.845114e-02 3.752098e-01 
6.287313e-02 2.390752e-01 
2.792789e-02 1.022668e-01 
1.279797e-02 4.559317e-02 
1.086167e-02 3.226594e-02 
8.118339e-03 3.713090e-02 
-3.235987e-03 1.504323e-02 
1.643663e-04 -1.269373e-02 
2.311701e-03 -3.343168e-02 
6.953270e-04 -3.830904e-02 
-2.386637e-03 -1.427407e-02 
-3.544251e-03 7.015081e-03 
-4.774541e-03 2.107348e-02 
-5.953986e-03 2.502864e-02 
-4.418570e-03 1.898820e-02 
-3.544131e-03 3.461062e-02 
-3.883421e-03 6.734507e-02 
-3.513087e-03 1.212317e-01 
-1.686798e-01 -7.585618e-04 
-9.569062e-02 8.894956e-02 
1.800571e-02 2.716845e-01 
2.169892e-01 4.343741e-01 
1.588589e-01 5.025556e-01 
1.111435e-01 4.693905e-01 
6.071759e-02 3.400499e-01 
1.287369e-02 1.431749e-01 
3.347790e-03 3.419204e-02 
6.599273e-03 -2.074103e-02 
1.098260e-02 -3.704782e-02 
4.288465e-03 -3.553058e-02 
3.602283e-03 -3.573368e-02 
2.237906e-03 -3.172087e-02 
-1.293770e-03 -1.870232e-02 
-4.009065e-03 4.751107e-03 
-4.104803e-03 1.642203e-02 
-4.146950e-03 1.721281e-02 
-4.275701e-03 7.342296e-03 
-2.711559e-03 -2.924522e-03 
-2.964874e-03 2.031860e-02 
-4.600467e-03 6.945900e-02 
-5.582148e-03 1.491558e-01 
-5.779747e-01 -3.697036e-01 
-1.704091e-01 -2.815590e-01 
-4.157916e-02 1.396797e-02 
2.009318e-01 3.356105e-01 
1.686488e-01 5.212497e-01 
1.227881e-01 5.597695e-01 
5.498941e-02 4.417763e-01 
-5.885860e-04 1.765884e-01 
-4.109945e-03 8.538291e-03 
4.361367e-03 -8.292352e-02 
1.443936e-02 -1.052455e-01 
9.635083e-03 -7.029224e-02 
5.579737e-03 -4.765775e-02 
2.212390e-03 -2.806430e-02 
-2.109939e-03 -5.652553e-03 
-4.700027e-03 1.780488e-02 
-4.483582e-03 2.677916e-02 
-3.666352e-03 2.100185e-02 
-2.505541e-03 -1.737374e-04 
-6.058691e-04 -2.424938e-02 
-1.355770e-03 -4.830572e-03 
-3.870227e-03 5.028593e-02 
-6.149425e-03 1.470738e-01 
4.552040e-01 -1.528047e-01 
9.557766e-02 1.137034e-01 
1.230971e-01 3.801969e-01 
3.131077e-01 6.181556e-01 
2.030184e-01 7.188313e-01 
1.172435e-01 6.583224e-01 
3.113911e-02 4.393366e-01 
-6.813367e-03 6.758553e-02 
5.046241e-03 -1.593455e-01 
2.402991e-02 -2.508718e-01 
3.691824e-02 -2.056328e-01 
3.370388e-03 -2.116019e-02 
-1.261055e-02 8.559333e-02 
-1.707582e-02 1.204419e-01 
-1.365453e-02 9.590569e-02 
-3.013951e-03 1.085250e-02 
3.104453e-03 -4.338464e-02 
4.412932e-03 -6.759386e-02 
1.579259e-03 -6.653822e-02 
-1.528138e-03 -2.916230e-02 
-4.676291e-03 3.344950e-02 
-8.603637e-03 1.132302e-01 
-1.164931e-02 2.154214e-01 
-1.066142e-01 7.338663e-02 
3.406716e-02 1.197401e-01 
1.616493e-01 2.860765e-01 
2.481442e-01 5.394820e-01 
1.557864e-01 6.525885e-01 
8.110606e-02 6.102563e-01 
1.251486e-03 3.868839e-01 
-1.144577e-02 8.530635e-03 
7.662885e-03 -2.180906e-01 
2.755915e-02 -3.074855e-01 
3.715772e-02 -2.409438e-01 
3.385410e-03 -1.812858e-02 
-1.518396e-02 1.152749e-01 
-2.225251e-02 1.680175e-01 
-1.745723e-02 1.329627e-01 
-4.073536e-04 -7.122652e-04 
8.201386e-03 -8.125748e-02 
9.754756e-03 -1.139279e-01 
4.894653e-03 -9.805838e-02 
-1.458880e-03 -1.863359e-02 
-5.996618e-03 5.668691e-02 
-9.582346e-03 1.223601e-01 
-1.127497e-02 1.805973e-01 
-5.044110e-01 5.048961e-02 
-3.461012e-02 -8.643915e-02 
1.045507e-01 6.903625e-02 
2.012299e-01 4.023721e-01 
1.284015e-01 5.344430e-01 
6.160815e-02 5.122054e-01 
-9.067329e-03 3.386633e-01 
-1.022040e-02 3.400125e-02 
7.624030e-03 -1.580607e-01 
2.311223e-02 -2.574595e-01 
3.148222e-02 -2.403119e-01 
1.115084e-02 -7.773231e-02 
-4.578505e-03 4.062841e-02 
-1.412516e-02 1.117165e-01 
-1.656352e-02 1.251916e-01 
-8.166184e-03 5.835727e-02 
-3.545765e-05 -5.341712e-03 
4.921310e-03 -5.747501e-02 
6.109381e-03 -8.978842e-02 
5.161770e-03 -7.495762e-02 
1.056235e-04 -1.224837e-02 
-7.662969e-03 8.745682e-02 
-1.704702e-02 2.249188e-01 
