poroelastic
6.827222e-03 5.104013e-02 
1.031894e-02 5.572992e-02 
7.291262e-03 2.191605e-02 
-9.056225e-03 -2.019895e-02 
-7.330177e-03 -5.328951e-02 
-6.473605e-03 -7.587436e-02 
-4.633284e-03 -7.281863e-02 
-6.405735e-04 -4.239991e-02 
-5.128641e-05 -2.564674e-02 
-3.391820e-04 -1.038736e-02 
-5.735231e-04 7.363965e-03 
1.692295e-04 2.550220e-02 
1.942324e-04 3.177299e-02 
9.627735e-04 2.479496e-02 
1.689824e-03 1.213427e-03 
2.798981e-04 -2.954840e-02 
1.536350e-04 -4.055543e-02 
1.075719e-04 -3.411912e-02 
7.205153e-05 -5.338595e-03 
8.066603e-05 2.705512e-02 
8.917842e-05 1.977560e-02 
4.263627e-05 -1.776508e-02 
-2.133337e-04 -9.466245e-02 
3.003509e-01 -2.280804e-01 
1.827648e-02 -1.997445e-01 
-2.173481e-03 -1.381142e-01 
-1.026963e-02 -7.525002e-02 
-5.176843e-03 -3.853135e-02 
-4.154405e-03 -2.182127e-02 
-4.398216e-03 -2.328723e-02 
-7.194065e-04 -3.974850e-02 
6.553525e-04 -5.054595e-02 
1.068516e-03 -4.674848e-02 
6.894758e-04 -2.153058e-02 
-4.431727e-04 2.265785e-02 
-7.049061e-04 4.772197e-02 
7.168583e-05 5.043262e-02 
1.291478e-03 2.406194e-02 
3.275271e-04 -2.281368e-02 
1.705091e-04 -4.456177e-02 
1.072830e-04 -4.401750e-02 
5.226531e-05 -1.517235e-02 
5.747220e-05 2.635909e-02 
6.811332e-05 2.482232e-02 
1.925800e-05 -8.918468e-03 
-1.740780e-04 -8.244738e-02 
1.105177e-01 4.207485e-01 
2.025719e-02 4.126536e-01 
1.202420e-02 2.234010e-01 
-1.713073e-02 -4.621318e-02 
-1.421394e-02 -2.121301e-01 
-8.709436e-03 -2.817605e-01 
-4.345087e-04 -2.239880e-01 
1.192243e-03 -4.731501e-02 
-1.376490e-03 5.488197e-02 
-3.487857e-03 1.026279e-01 
-3.464903e-03 8.995260e-02 
9.970606e-04 2.259577e-02 
1.676601e-03 -1.475588e-02 
1.915016e-03 -3.446198e-02 
1.678216e-03 -3.737710e-02 
3.844998e-04 -2.150559e-02 
1.690333e-04 -1.021627e-02 
1.460847e-04 1.006662e-04 
1.588034e-04 1.212291e-02 
-4.087040e-06 1.574560e-02 
-1.644719e-05 -1.901561e-03 
-2.117267e-05 -3.577725e-02 
-3.636591e-06 -9.154087e-02 
2.013955e-02 4.240804e-02 
5.442679e-03 6.574819e-02 
-3.672250e-03 5.186188e-03 
-1.624640e-02 -1.059916e-01 
-1.031873e-02 -1.646177e-01 
-6.061972e-03 -1.798416e-01 
-1.231759e-03 -1.350621e-01 
6.255389e-04 -3.844784e-02 
-7.119978e-04 1.911663e-02 
-1.982152e-03 5.167885e-02 
-1.856144e-03 5.261058e-02 
6.816191e-04 2.217314e-02 
1.001385e-03 3.946493e-03 
1.406106e-03 -9.847851e-03 
1.580782e-03 -2.061143e-02 
4.654160e-04 -2.459770e-02 
2.530453e-04 -2.218882e-02 
1.999414e-04 -1.210911e-02 
1.733139e-04 9.150172e-03 
-1.711625e-05 2.481470e-02 
-3.483872e-05 7.736349e-03 
-4.714284e-05 -3.419455e-02 
-6.136665e-06 -1.087786e-01 
3.662249e-01 -3.154687e-01 
6.267098e-03 -2.177373e-01 
-9.737526e-03 -1.237282e-01 
-1.124568e-02 -8.855596e-02 
-5.971582e-03 -7.569748e-02 
-4.178772e-03 -7.080037e-02 
-2.514149e-03 -6.484250e-02 
7.105870e-04 -5.128937e-02 
9.457585e-04 -3.907889e-02 
5.778759e-04 -2.145706e-02 
-1.395704e-04 3.619969e-03 
-6.212331e-04 3.085996e-02 
-6.396496e-04 4.580082e-02 
2.271808e-05 4.371210e-02 
1.095699e-03 1.851309e-02 
5.495582e-04 -2.188833e-02 
3.389498e-04 -3.983492e-02 
2.146369e-04 -3.741469e-02 
1.217048e-04 -8.993264e-03 
3.377022e-05 2.857161e-02 
1.002644e-05 2.251665e-02 
-4.373555e-05 -1.584994e-02 
-9.994553e-05 -9.425122e-02 
1.582104e-01 5.390984e-01 
2.830904e-02 5.537757e-01 
-3.569802e-03 3.098898e-01 
-2.130829e-02 -8.286426e-02 
-1.315293e-02 -3.167234e-01 
-4.396350e-03 -4.053616e-01 
5.118480e-03 -3.068608e-01 
1.306465e-03 -3.439887e-02 
-3.606851e-03 1.241150e-01 
-6.098546e-03 1.906002e-01 
-4.654553e-03 1.515509e-01 
1.478667e-03 1.694851e-02 
2.749864e-03 -5.951522e-02 
2.863496e-03 -9.300644e-02 
1.960497e-03 -8.050124e-02 
4.777366e-04 -2.441189e-02 
1.288055e-04 1.126659e-02 
1.745200e-04 3.320660e-02 
3.522207e-04 4.152064e-02 
-1.231402e-04 2.496838e-02 
-1.426032e-04 -9.174196e-03 
-8.760569e-05 -5.635818e-02 
1.377633e-04 -1.215950e-01 
2.767220e-02 -9.823732e-03 
-9.771970e-03 4.020764e-02 
-1.878179e-02 -1.409065e-02 
-1.311474e-02 -1.466090e-01 
-6.131979e-03 -2.134061e-01 
-1.309337e-03 -2.162498e-01 
2.384651e-03 -1.345660e-01 
-1.673909e-04 8.872111e-03 
-2.671512e-03 8.867053e-02 
-3.799481e-03 1.170823e-01 
-2.239083e-03 8.055140e-02 
1.587394e-03 -7.140121e-03 
2.135615e-03 -5.387477e-02 
2.039568e-03 -7.099562e-02 
1.277708e-03 -5.467930e-02 
2.759821e-04 -1.148826e-02 
5.686711e-05 1.605260e-02 
1.352292e-04 3.278701e-02 
2.896639e-04 3.752783e-02 
-1.052399e-04 2.144155e-02 
-1.116071e-04 -8.877167e-03 
-6.695256e-05 -4.907292e-02 
1.127551e-04 -1.012255e-01 
4.328082e-01 -5.040857e-01 
-1.711186e-02 -3.449177e-01 
-2.070057e-02 -1.782394e-01 
-6.950723e-03 -8.284117e-02 
-2.915071e-03 -3.835902e-02 
-2.507830e-03 -2.171961e-02 
-2.023344e-03 -2.651507e-02 
1.227401e-03 -4.040039e-02 
1.273182e-03 -3.744122e-02 
7.419402e-04 -2.171721e-02 
9.171685e-05 1.810705e-03 
-2.569417e-04 2.313741e-02 
-3.301212e-04 3.217877e-02 
1.180694e-04 2.724200e-02 
9.205391e-04 4.796954e-03 
6.820254e-04 -2.743126e-02 
4.046337e-04 -3.799891e-02 
2.217694e-04 -2.993982e-02 
1.280690e-04 1.148684e-03 
-1.857129e-05 3.726185e-02 
-9.470352e-05 2.743901e-02 
-1.236026e-04 -1.589609e-02 
1.089740e-04 -9.800319e-02 
