poroelastic
-1.576075e-02 -1.305200e-01 
-2.928549e-02 -1.329691e-01 
-2.560066e-02 -6.451051e-03 
2.113976e-02 1.629987e-01 
2.346516e-02 2.138683e-01 
1.738592e-02 1.791538e-01 
3.788008e-03 4.395225e-02 
1.687116e-01 2.138107e-01 
-1.020763e-02 9.046347e-02 
-1.573464e-03 1.171863e-01 
2.207955e-02 1.943677e-01 
1.384355e-02 1.466375e-01 
1.385248e-03 3.232121e-02 
-1.125963e-02 -1.400193e-01 
3.235267e-01 -5.442617e-01 
-1.435149e-03 -4.675075e-01 
-2.790492e-02 -2.046699e-01 
7.614371e-03 3.846335e-02 
1.463610e-02 1.356103e-01 
1.226961e-02 1.364983e-01 
3.848282e-03 5.124021e-02 
8.817521e-02 -3.444828e-01 
-1.231693e-02 -2.422852e-01 
-1.095789e-02 -8.690392e-02 
6.266652e-03 5.231560e-02 
7.948054e-03 8.360065e-02 
4.101207e-03 5.181633e-02 
-2.452729e-03 -3.244322e-02 
9.840968e-02 1.296613e-01 
-2.637383e-02 6.707884e-02 
-7.023024e-03 1.104235e-01 
2.057855e-02 1.655691e-01 
1.608192e-02 1.577803e-01 
1.049530e-02 1.181807e-01 
4.314703e-03 5.771843e-02 
2.966791e-01 3.399988e-01 
4.748760e-02 3.330394e-01 
1.900365e-02 2.675314e-01 
1.864719e-02 2.003141e-01 
6.317400e-03 8.930428e-02 
-4.847727e-03 -4.059332e-02 
-1.308851e-02 -1.771574e-01 
5.339290e-03 -3.714413e-01 
-2.807810e-02 -1.591087e-01 
-5.252351e-03 5.530431e-02 
1.885226e-02 1.628236e-01 
1.532878e-02 1.717867e-01 
8.180791e-03 1.088472e-01 
-1.121735e-03 -1.677411e-02 
-4.771837e-02 -9.147536e-02 
-1.105875e-02 -1.991435e-02 
-6.413720e-03 7.762879e-02 
2.084330e-02 1.685988e-01 
1.774380e-02 1.907237e-01 
1.278733e-02 1.612566e-01 
4.607968e-03 6.993292e-02 
9.091732e-02 2.097379e-01 
5.757765e-03 9.822556e-02 
5.948528e-03 8.403930e-02 
1.054289e-02 1.246498e-01 
4.854943e-03 7.615980e-02 
-3.293805e-03 -2.276256e-02 
-1.203231e-02 -1.772603e-01 
1.743215e-01 -4.836070e-01 
-2.358885e-02 -3.498274e-01 
-1.541547e-02 -7.071579e-02 
1.561313e-02 1.357206e-01 
1.583248e-02 1.855895e-01 
8.924559e-03 1.294612e-01 
-1.518682e-03 -2.518478e-02 
-2.393439e-02 -3.077138e-01 
-7.538755e-03 -9.276494e-02 
2.632589e-03 8.393117e-02 
1.761194e-02 1.809729e-01 
1.214548e-02 1.648164e-01 
3.934252e-03 7.316285e-02 
-5.587882e-03 -9.807098e-02 
1.145730e-01 1.865267e-01 
-8.407457e-03 2.229746e-01 
1.390853e-02 2.892742e-01 
3.017300e-02 3.085227e-01 
1.917962e-02 2.475967e-01 
8.724076e-03 1.360120e-01 
-1.491237e-03 -2.625802e-02 
2.143797e-01 3.524463e-01 
4.730150e-02 3.513013e-01 
2.227426e-02 2.648284e-01 
8.329244e-03 1.489641e-01 
-3.336563e-03 9.317680e-03 
-1.066897e-02 -1.261891e-01 
-1.286243e-02 -2.515566e-01 
-1.239860e-01 -3.764751e-01 
-3.432668e-02 -1.081397e-01 
4.705236e-03 1.140267e-01 
2.350472e-02 1.951184e-01 
1.666108e-02 2.081562e-01 
1.160400e-02 1.786701e-01 
5.784963e-03 1.240945e-01 
-3.969446e-02 3.936335e-02 
1.488178e-02 1.976498e-01 
1.766311e-02 2.311403e-01 
7.687990e-03 1.279420e-01 
-4.409904e-04 2.166683e-02 
-5.334032e-03 -7.061370e-02 
-5.885488e-03 -1.299510e-01 
3.903341e-01 3.997865e-01 
1.729215e-02 4.221178e-01 
2.701641e-02 3.668946e-01 
2.143081e-02 2.313064e-01 
1.037380e-02 1.380640e-01 
5.796127e-03 8.873174e-02 
4.384071e-03 9.970535e-02 
3.943530e-01 4.683107e-01 
1.228624e-01 5.963588e-01 
3.357552e-02 4.357527e-01 
4.740831e-03 1.484643e-01 
-7.399361e-03 -6.170418e-02 
-1.160672e-02 -1.917908e-01 
-9.014386e-03 -2.187232e-01 
-3.025655e-01 -8.343213e-02 
5.612811e-02 2.712351e-01 
3.444687e-02 3.661125e-01 
1.767250e-02 2.198401e-01 
6.815933e-03 1.166214e-01 
2.811826e-03 5.159238e-02 
2.025583e-03 6.258184e-02 
1.263293e-01 3.627505e-01 
3.584865e-02 4.658398e-01 
3.584343e-02 4.139947e-01 
1.393067e-02 2.177708e-01 
4.704341e-03 9.053392e-02 
8.982154e-04 1.756894e-02 
6.801220e-04 1.884337e-02 
2.288831e-01 4.476858e-01 
5.473709e-02 4.731565e-01 
1.565672e-02 3.233870e-01 
9.631345e-04 9.572566e-02 
-7.125896e-03 -8.282332e-02 
-1.124308e-02 -2.142635e-01 
-1.145346e-02 -2.935243e-01 
-2.110434e-01 -4.083593e-01 
1.167743e-02 -3.760412e-02 
3.101334e-02 1.833998e-01 
1.652044e-02 2.290510e-01 
1.051020e-02 2.158655e-01 
6.537642e-03 1.626418e-01 
2.245537e-03 7.537132e-02 
