poroelastic
-6.638761e-03 -1.368972e-01 
-1.796047e-02 -1.483474e-01 
-1.681246e-02 -4.452465e-02 
1.224062e-02 9.296365e-02 
1.422445e-02 1.452037e-01 
1.125276e-02 1.385061e-01 
3.116929e-03 4.613976e-02 
-5.048824e-01 -1.144693e-01 
4.066461e-02 -3.034284e-01 
2.155187e-02 -2.974499e-01 
-3.547268e-02 -2.351626e-01 
-3.024124e-02 -2.612693e-01 
-2.876800e-02 -3.188557e-01 
-2.553454e-02 -4.066488e-01 
-3.326752e-01 -2.293337e-01 
-1.128046e-01 -7.821771e-02 
-3.057627e-02 1.000375e-01 
3.395005e-02 2.450732e-01 
3.131930e-02 3.085619e-01 
2.611232e-02 3.234367e-01 
1.726562e-02 2.992964e-01 
-3.402873e-03 -1.265927e-01 
-8.479668e-03 -8.998340e-02 
-4.700677e-03 -1.955513e-03 
7.555755e-03 6.779756e-02 
6.605000e-03 7.776637e-02 
3.883212e-03 5.614888e-02 
2.921561e-04 5.084617e-03 
-6.922359e-02 -1.070453e-01 
5.831714e-03 -1.605672e-01 
-3.976926e-03 -1.116641e-01 
-4.417030e-03 -3.343726e-02 
-2.001973e-03 -1.320531e-02 
-2.758779e-03 -2.855876e-02 
-4.751058e-03 -8.290768e-02 
-3.869692e-01 -1.519354e-02 
-6.985789e-02 -1.944289e-01 
-5.269155e-04 -2.065651e-01 
-2.215659e-02 -1.638318e-01 
-2.089830e-02 -1.994359e-01 
-2.219871e-02 -2.790886e-01 
-2.248792e-02 -4.009573e-01 
-6.441394e-01 -7.536700e-02 
-9.268767e-02 1.396689e-01 
-3.255556e-03 3.430960e-01 
5.608641e-02 4.753678e-01 
4.330070e-02 5.061721e-01 
3.214544e-02 4.653482e-01 
1.801122e-02 3.626752e-01 
-7.185099e-03 -9.650935e-02 
-8.468653e-03 -1.098386e-01 
-7.187326e-03 -5.385994e-02 
5.569208e-03 3.024597e-02 
6.582190e-03 7.421840e-02 
6.370213e-03 9.381247e-02 
4.101706e-03 8.374335e-02 
-5.648589e-01 -1.334554e-01 
-1.959008e-02 -3.842754e-01 
-8.462614e-03 -4.475426e-01 
-4.276514e-02 -4.128424e-01 
-3.528953e-02 -4.152495e-01 
-2.958020e-02 -4.260290e-01 
-2.295240e-02 -4.503803e-01 
-4.513943e-01 -1.164181e-01 
-1.314582e-01 7.518338e-02 
-8.987791e-03 2.138711e-01 
3.368623e-02 3.075748e-01 
2.717661e-02 3.355791e-01 
2.047443e-02 3.195863e-01 
1.152994e-02 2.586175e-01 
-1.383066e-01 -5.440407e-02 
1.116460e-03 -5.902160e-03 
2.889103e-03 7.826485e-02 
1.672609e-02 1.569392e-01 
1.294653e-02 1.810521e-01 
8.683047e-03 1.573152e-01 
2.461062e-03 5.997243e-02 
-6.455632e-03 -9.811462e-02 
-9.349541e-03 -1.227752e-01 
-3.635450e-03 -4.042725e-02 
7.428784e-03 7.810203e-02 
7.232495e-03 1.155652e-01 
4.074597e-03 8.754289e-02 
-1.474837e-03 -3.602428e-02 
-5.208997e-01 -4.591216e-02 
-1.324264e-01 -2.816362e-01 
-3.148498e-02 -3.329621e-01 
-3.738496e-02 -3.192411e-01 
-2.854988e-02 -3.426940e-01 
-2.359925e-02 -3.886767e-01 
-1.740502e-02 -4.825314e-01 
-7.560820e-01 3.472115e-02 
-6.673763e-02 2.310800e-01 
2.631995e-02 3.776110e-01 
4.992305e-02 4.485120e-01 
3.360391e-02 4.740725e-01 
2.429529e-02 4.610629e-01 
1.255508e-02 3.997606e-01 
-4.997619e-02 1.148063e-01 
1.410402e-02 1.688538e-01 
1.291034e-02 1.807213e-01 
8.134946e-03 1.236503e-01 
2.908165e-03 6.816270e-02 
-3.315595e-04 1.015431e-02 
-1.968068e-03 -6.632660e-02 
-1.871574e-02 -5.572185e-02 
-3.779336e-03 -5.747233e-02 
-1.402883e-03 -2.660098e-02 
1.425521e-03 1.161372e-02 
1.753371e-03 3.173710e-02 
1.157625e-03 3.141651e-02 
-2.061866e-04 -7.126500e-03 
-4.568242e-01 -1.671225e-02 
-1.853890e-01 -2.117234e-01 
-5.058528e-02 -2.419038e-01 
-2.721488e-02 -2.308951e-01 
-1.843455e-02 -2.579245e-01 
-1.518823e-02 -3.157147e-01 
-1.061869e-02 -4.103740e-01 
-9.143427e-01 3.129597e-01 
1.301936e-01 4.397306e-01 
7.672775e-02 5.915457e-01 
5.321239e-02 6.171457e-01 
2.949057e-02 5.772024e-01 
1.755953e-02 4.833452e-01 
6.065746e-03 3.484732e-01 
5.203745e-02 5.585158e-02 
1.193298e-02 1.126829e-01 
1.854909e-02 1.530307e-01 
1.091351e-02 1.766346e-01 
6.229708e-03 1.533636e-01 
2.701371e-03 9.369934e-02 
-1.024984e-05 -5.042727e-04 
-5.876004e-01 -1.005874e-01 
-1.720418e-01 -3.359137e-01 
-6.533939e-02 -3.960510e-01 
-2.893159e-02 -3.750647e-01 
-1.918843e-02 -3.826014e-01 
-1.517957e-02 -4.081116e-01 
-1.076909e-02 -4.522606e-01 
-9.250107e-01 1.898447e-01 
5.297313e-02 2.400141e-01 
6.861286e-02 3.088226e-01 
2.739961e-02 3.678189e-01 
1.737954e-02 4.016416e-01 
1.326146e-02 4.227329e-01 
7.158627e-03 4.448350e-01 
