poroelastic
-1.059988e-02 1.684726e-01 
4.449644e-03 2.234475e-01 
1.399871e-02 1.301923e-01 
-7.284775e-03 -5.842623e-02 
-8.157460e-03 -1.163148e-01 
-3.972629e-03 -8.710736e-02 
1.045930e-03 2.955871e-02 
-6.892563e-01 -4.867688e-01 
8.814916e-02 -2.843209e-01 
4.242285e-02 -3.056510e-01 
-5.553813e-02 -4.583023e-01 
-3.865097e-02 -4.621137e-01 
-2.146319e-02 -3.718220e-01 
-6.132147e-03 -1.922005e-01 
-9.838249e-01 7.513286e-01 
-1.642850e-01 8.740899e-01 
2.808899e-03 5.821412e-01 
2.098449e-02 2.160524e-01 
7.050675e-03 6.668266e-02 
5.512605e-03 5.979070e-02 
5.488571e-03 1.924966e-01 
-2.228059e-01 5.290877e-01 
-2.842179e-05 4.400347e-01 
1.105728e-02 2.488098e-01 
1.023561e-03 1.886906e-02 
-2.627068e-03 -5.571243e-02 
-5.167415e-04 -3.539958e-02 
2.064363e-03 7.142995e-02 
-1.610151e-01 -2.838943e-01 
4.106237e-02 -1.373662e-01 
1.014249e-02 -1.512966e-01 
-2.305696e-02 -2.139282e-01 
-1.434636e-02 -2.020437e-01 
-8.588312e-03 -1.645820e-01 
-3.525177e-03 -1.209689e-01 
-8.038997e-01 -6.107963e-01 
-8.514995e-02 -6.341783e-01 
-4.494414e-03 -4.876676e-01 
-3.082314e-02 -3.768147e-01 
-1.789562e-02 -2.715595e-01 
-9.609930e-03 -1.892946e-01 
-4.727272e-03 -1.506723e-01 
-7.037283e-01 6.089109e-01 
-9.116891e-02 5.916620e-01 
1.434257e-03 4.248544e-01 
2.789207e-02 2.861671e-01 
1.559371e-02 2.300807e-01 
1.129345e-02 2.233459e-01 
6.143136e-03 2.559547e-01 
6.466387e-03 1.901567e-01 
7.420559e-03 1.197958e-01 
6.548091e-03 2.170294e-02 
-1.004997e-02 -1.059188e-01 
-6.969636e-03 -1.310664e-01 
-3.392935e-03 -9.680335e-02 
2.384389e-05 1.043518e-03 
-6.201692e-01 -4.665793e-01 
2.108875e-02 -3.701640e-01 
1.287860e-02 -3.795169e-01 
-3.791414e-02 -4.758198e-01 
-2.881410e-02 -4.642675e-01 
-1.706850e-02 -3.843664e-01 
-6.035564e-03 -2.318164e-01 
-8.754151e-01 7.312262e-01 
-1.682638e-01 8.496961e-01 
4.885672e-03 5.464731e-01 
1.628671e-02 2.169192e-01 
6.028435e-03 8.056400e-02 
4.449771e-03 7.025928e-02 
3.311548e-03 1.803979e-01 
-2.993357e-01 5.662475e-01 
1.574572e-02 3.408418e-01 
5.269972e-03 1.614651e-01 
5.202356e-03 2.523463e-02 
2.865922e-03 1.486447e-02 
3.576783e-03 6.991359e-02 
2.751577e-03 1.800338e-01 
-1.252406e-01 -2.889850e-01 
1.045728e-02 -2.680325e-01 
-7.794474e-03 -2.759478e-01 
-1.766780e-02 -2.574064e-01 
-8.609425e-03 -1.975673e-01 
-3.927605e-03 -1.283695e-01 
-9.327350e-04 -6.228916e-02 
-7.860824e-01 -6.230285e-01 
-1.234583e-01 -7.078226e-01 
-2.677641e-02 -5.735764e-01 
-2.712084e-02 -4.198269e-01 
-1.321689e-02 -2.804867e-01 
-5.509559e-03 -1.753419e-01 
-1.382721e-03 -1.222021e-01 
-7.369971e-01 6.758797e-01 
-5.594557e-02 5.962783e-01 
1.454745e-02 4.128357e-01 
2.008216e-02 2.935319e-01 
8.400837e-03 2.227048e-01 
4.198531e-03 1.658966e-01 
9.032841e-04 1.101221e-01 
-5.731451e-02 1.993527e-01 
4.847247e-03 9.631547e-02 
3.867509e-03 6.693721e-02 
6.909416e-03 9.522359e-02 
4.120909e-03 1.129836e-01 
1.882302e-03 9.729919e-02 
1.323873e-04 2.459519e-02 
-4.759886e-01 -6.396234e-01 
2.362780e-04 -5.239148e-01 
-1.758472e-02 -3.776065e-01 
-1.140554e-02 -1.802895e-01 
-4.245310e-03 -7.649902e-02 
-3.033726e-03 -6.979994e-02 
-8.135248e-04 -1.894250e-01 
-1.000647e+00 -7.491340e-01 
-2.783687e-01 -1.018418e+00 
-5.444125e-02 -7.506507e-01 
-1.523777e-02 -3.452322e-01 
-4.399795e-03 -1.163889e-01 
-2.001819e-03 -4.682632e-02 
-6.236772e-04 -1.666868e-01 
-5.468026e-01 4.916443e-01 
3.383525e-02 2.165185e-01 
3.167179e-02 2.046093e-01 
2.581693e-02 3.698000e-01 
9.293255e-03 4.242044e-01 
3.437137e-03 3.735860e-01 
-9.152463e-04 1.841542e-01 
-6.882686e-02 -3.444992e-01 
-1.349991e-02 -3.391242e-01 
-7.884814e-03 -2.254151e-01 
4.479968e-04 -2.755118e-03 
8.686345e-04 8.728323e-02 
-3.073258e-04 6.405383e-02 
9.198580e-05 -9.814810e-02 
-8.306639e-01 -7.146020e-01 
-1.625101e-01 -8.248233e-01 
-4.284462e-02 -6.362879e-01 
-1.365576e-02 -3.771546e-01 
-6.514033e-03 -2.272822e-01 
-3.087150e-03 -1.762465e-01 
-3.009045e-04 -2.419917e-01 
-8.737664e-01 7.679995e-01 
1.392181e-02 4.401175e-01 
3.188113e-02 2.337485e-01 
1.362982e-02 2.198006e-01 
4.512600e-03 2.349578e-01 
2.002451e-03 2.517161e-01 
-2.169289e-03 2.591661e-01 
