poroelastic
1.461014e-02 -4.600097e-02 
1.177940e-02 -9.669165e-02 
3.529233e-03 -1.182212e-01 
-4.518394e-03 -7.238193e-02 
-2.850583e-03 -4.096806e-02 
-2.001442e-03 -2.806251e-02 
-1.749542e-03 -2.367014e-02 
9.341341e-01 5.981724e-01 
-1.039786e-01 4.830758e-01 
-6.678714e-02 4.452330e-01 
3.426942e-02 5.035319e-01 
3.651234e-02 5.180352e-01 
3.455187e-02 4.982877e-01 
3.030638e-02 4.452810e-01 
1.154823e+00 -5.983809e-01 
2.451914e-01 -8.169726e-01 
3.246588e-02 -6.545364e-01 
-2.345226e-02 -4.071944e-01 
-1.824441e-02 -2.807968e-01 
-1.568958e-02 -2.450560e-01 
-1.848635e-02 -2.981167e-01 
2.650308e-01 -4.420978e-01 
1.229905e-02 -3.748075e-01 
7.310963e-04 -2.756176e-01 
-7.254348e-03 -1.317928e-01 
-3.646341e-03 -6.096149e-02 
-2.503097e-03 -4.141490e-02 
-4.091243e-03 -6.560370e-02 
1.882833e-01 3.788679e-01 
-4.001697e-02 2.612518e-01 
-1.409310e-02 2.020158e-01 
9.289955e-03 1.745468e-01 
9.055847e-03 1.587662e-01 
9.527825e-03 1.610095e-01 
1.234392e-02 1.986902e-01 
1.001097e+00 6.710597e-01 
1.160437e-01 7.869052e-01 
-1.045345e-02 6.016225e-01 
1.851816e-02 4.114064e-01 
1.790198e-02 3.231342e-01 
1.765474e-02 3.090998e-01 
2.294782e-02 3.826284e-01 
1.178606e+00 -5.257649e-01 
1.615224e-01 -6.394503e-01 
3.279457e-02 -6.530565e-01 
-3.160135e-02 -6.587360e-01 
-3.284326e-02 -6.176468e-01 
-2.998976e-02 -5.543605e-01 
-2.580785e-02 -4.694579e-01 
4.047540e-03 -9.681359e-02 
-1.101896e-03 -3.283541e-02 
-1.967796e-03 -1.989189e-02 
5.407678e-05 3.028019e-03 
1.142464e-03 2.325366e-02 
1.609968e-03 3.047693e-02 
5.154407e-04 9.329577e-03 
9.209275e-01 6.006077e-01 
-1.433989e-02 6.425155e-01 
-2.965236e-02 6.376245e-01 
2.132725e-02 6.403544e-01 
2.936914e-02 6.207117e-01 
2.961190e-02 5.762296e-01 
2.754116e-02 4.892281e-01 
1.196245e+00 -6.024594e-01 
2.758300e-01 -8.443653e-01 
2.551817e-02 -6.818695e-01 
-1.882600e-02 -4.848841e-01 
-1.711157e-02 -3.655545e-01 
-1.495491e-02 -3.117119e-01 
-1.635724e-02 -3.335441e-01 
4.039729e-01 -4.810094e-01 
-7.137817e-03 -3.193141e-01 
1.882629e-03 -2.429006e-01 
-8.322035e-03 -2.065955e-01 
-8.059289e-03 -1.915183e-01 
-8.032893e-03 -1.846402e-01 
-8.256070e-03 -1.794800e-01 
1.080476e-01 3.861212e-01 
-5.179430e-03 3.576262e-01 
4.199205e-03 2.526987e-01 
3.269374e-03 9.329448e-02 
6.442524e-04 2.119320e-02 
5.393713e-04 1.760958e-02 
4.391630e-03 9.417296e-02 
1.065623e+00 6.999389e-01 
1.876340e-01 9.124665e-01 
1.799129e-02 7.531613e-01 
1.743009e-02 5.249697e-01 
1.587874e-02 4.084845e-01 
1.516347e-02 3.837739e-01 
1.910852e-02 4.615293e-01 
1.235576e+00 -6.403595e-01 
1.187318e-01 -7.073459e-01 
-2.494801e-03 -6.647532e-01 
-2.336416e-02 -6.453268e-01 
-2.071995e-02 -5.769073e-01 
-1.718009e-02 -4.692998e-01 
-1.169573e-02 -3.138346e-01 
1.258468e-01 -2.555126e-01 
-9.230966e-03 -2.035848e-01 
-3.343338e-03 -2.370873e-01 
-8.835925e-03 -2.772348e-01 
-8.440410e-03 -2.476309e-01 
-5.564769e-03 -1.552976e-01 
8.354565e-04 2.268653e-02 
4.506996e-01 6.880432e-01 
1.928883e-03 5.706701e-01 
7.940104e-03 3.590858e-01 
2.438316e-03 1.072302e-01 
-1.395436e-04 1.359812e-02 
1.085826e-03 4.760009e-02 
8.792644e-03 2.415572e-01 
1.260869e+00 8.044834e-01 
3.486399e-01 1.155817e+00 
5.294278e-02 8.557146e-01 
9.609183e-03 4.100098e-01 
4.897150e-03 2.090019e-01 
5.297821e-03 2.072798e-01 
1.444726e-02 4.355302e-01 
1.252344e+00 -6.752829e-01 
-1.178687e-01 -5.070381e-01 
-3.758684e-02 -6.555617e-01 
-1.716529e-02 -8.629010e-01 
-1.864157e-02 -8.619884e-01 
-1.753805e-02 -7.046576e-01 
-1.004573e-02 -3.637625e-01 
2.175169e-02 2.879783e-01 
5.585806e-03 2.231889e-01 
-1.644767e-03 3.974852e-02 
-2.734970e-03 -1.968273e-01 
-5.623208e-03 -2.265152e-01 
-3.755565e-03 -1.031573e-01 
6.287365e-03 1.955666e-01 
1.150619e+00 8.155776e-01 
2.218414e-01 1.021395e+00 
4.192991e-02 8.105549e-01 
-1.611072e-03 5.021494e-01 
2.994180e-03 3.716331e-01 
7.129604e-03 3.788363e-01 
1.923823e-02 5.363367e-01 
1.555151e+00 -8.219656e-01 
-3.578100e-02 -5.717303e-01 
-5.159548e-02 -4.772164e-01 
5.558501e-03 -5.466521e-01 
-3.668404e-03 -5.650463e-01 
-9.654991e-03 -5.575390e-01 
-1.514014e-02 -5.222671e-01 
