poroelastic
1.354327e-02 4.759804e-02 
1.896241e-02 1.672031e-02 
1.796645e-02 -6.143769e-02 
-4.566838e-03 -1.367105e-01 
-6.044994e-03 -1.559839e-01 
-5.243294e-03 -1.379086e-01 
-2.809874e-03 -7.644423e-02 
6.685126e-01 1.735812e-01 
-9.977751e-02 2.910286e-01 
-5.494280e-02 3.418947e-01 
1.653543e-02 3.545785e-01 
1.613838e-02 3.812407e-01 
1.485592e-02 4.011901e-01 
1.299144e-02 4.077900e-01 
3.620973e-01 4.047402e-02 
1.157958e-01 -1.107615e-01 
3.166445e-02 -1.734472e-01 
-5.401901e-03 -1.911866e-01 
-6.939283e-03 -2.071763e-01 
-7.048738e-03 -2.295534e-01 
-7.051729e-03 -2.681325e-01 
4.334953e-02 3.685582e-02 
6.007494e-03 1.943481e-02 
6.640092e-03 -1.090385e-02 
-7.146976e-04 -4.029588e-02 
-1.733266e-03 -6.231732e-02 
-2.250595e-03 -8.222903e-02 
-2.658052e-03 -1.006813e-01 
8.550460e-02 1.096962e-01 
-2.144243e-02 1.418643e-01 
-6.543205e-03 1.195985e-01 
2.006609e-03 7.726638e-02 
1.535292e-03 6.076578e-02 
1.659724e-03 6.492436e-02 
2.548541e-03 9.577883e-02 
5.182634e-01 5.032924e-02 
5.264783e-02 2.053611e-01 
-2.025944e-02 2.359764e-01 
1.514004e-03 2.359060e-01 
5.847179e-03 2.714805e-01 
7.683208e-03 3.327071e-01 
1.127609e-02 4.267157e-01 
6.364753e-01 -1.898210e-02 
1.289561e-01 -2.607520e-01 
3.043426e-02 -4.072630e-01 
-6.972004e-03 -4.738395e-01 
-8.877190e-03 -4.823128e-01 
-8.943291e-03 -4.452243e-01 
-7.730942e-03 -3.691265e-01 
-1.903833e-03 1.766834e-02 
-2.665684e-05 1.445897e-02 
8.035226e-05 3.884363e-04 
-3.776803e-05 -2.307766e-03 
-3.964453e-05 -2.222009e-03 
-1.649638e-05 -8.203807e-04 
6.446218e-06 3.060610e-04 
6.286542e-01 1.492845e-01 
-3.070174e-02 3.341142e-01 
-2.848891e-02 4.342558e-01 
-3.884590e-04 4.598580e-01 
6.861951e-03 4.633868e-01 
7.972332e-03 4.415510e-01 
9.040924e-03 3.970329e-01 
4.575674e-01 3.197053e-02 
1.551478e-01 -1.727817e-01 
2.803299e-02 -2.576573e-01 
-2.984031e-04 -2.832411e-01 
-3.264990e-03 -2.915631e-01 
-3.949781e-03 -2.917524e-01 
-4.381524e-03 -2.930420e-01 
1.091989e-01 -2.877845e-02 
-1.405609e-03 -8.233202e-02 
1.297310e-03 -1.118273e-01 
-6.277845e-04 -1.114704e-01 
-6.695645e-04 -9.262982e-02 
-5.531786e-04 -5.720249e-02 
-5.523879e-05 -4.619398e-03 
-1.177593e-02 5.611207e-02 
2.061150e-03 6.460274e-02 
1.397009e-03 1.631550e-02 
2.951415e-04 -5.991687e-02 
-3.358414e-04 -8.954989e-02 
-6.830257e-04 -8.082597e-02 
-3.601531e-04 -2.872419e-02 
5.596420e-01 8.020197e-03 
9.512983e-02 2.028510e-01 
2.070716e-03 2.931812e-01 
-2.783673e-03 3.400334e-01 
1.429037e-03 3.850207e-01 
2.115261e-03 4.252440e-01 
3.872508e-03 4.627789e-01 
6.613330e-01 -5.235413e-02 
9.694991e-02 -2.945088e-01 
5.483943e-03 -3.887819e-01 
9.771160e-04 -3.937551e-01 
1.170445e-03 -3.978419e-01 
-4.139560e-04 -3.970763e-01 
-2.009905e-03 -4.064811e-01 
5.993497e-02 -1.555029e-01 
-3.998042e-03 -2.346284e-01 
2.770683e-05 -2.076545e-01 
1.928379e-04 -9.821535e-02 
-7.609133e-05 -2.490558e-02 
-1.817700e-05 2.149855e-02 
8.629041e-05 2.414850e-02 
1.473083e-02 -6.147336e-02 
-8.299160e-04 -6.731265e-02 
7.584863e-04 -3.650503e-02 
-7.073623e-04 2.479071e-02 
-5.167047e-04 5.920238e-02 
-1.848423e-04 7.614486e-02 
2.055244e-04 6.694649e-02 
3.809304e-01 -7.009509e-02 
1.276033e-01 8.433867e-02 
2.249311e-02 1.678595e-01 
-5.025865e-03 2.354460e-01 
-3.155126e-03 2.745620e-01 
-1.950671e-03 2.980052e-01 
3.940548e-04 3.063731e-01 
7.934613e-01 -2.420550e-01 
-5.297720e-02 -4.830931e-01 
-2.503100e-02 -5.691391e-01 
8.034999e-03 -5.193584e-01 
8.306220e-03 -4.887537e-01 
4.890162e-03 -4.576348e-01 
1.904510e-03 -4.429968e-01 
-3.581032e-02 -1.721477e-01 
-1.365548e-03 -2.397065e-01 
1.770898e-03 -1.916838e-01 
2.198561e-04 -6.661254e-02 
-8.433993e-04 1.253608e-02 
-7.470958e-04 6.275274e-02 
3.317012e-05 6.953625e-02 
5.285676e-01 -4.767551e-02 
1.098110e-01 1.237155e-01 
2.465198e-02 2.598972e-01 
-1.819561e-02 3.781728e-01 
-9.666795e-03 4.388946e-01 
-4.966335e-03 4.585855e-01 
1.629690e-03 4.381349e-01 
8.619829e-01 -8.618350e-02 
6.046750e-03 -3.062808e-01 
-3.299206e-02 -3.811231e-01 
1.555365e-02 -3.793064e-01 
1.176486e-02 -3.968252e-01 
6.852105e-03 -4.102911e-01 
1.533593e-03 -4.209841e-01 
