poroelastic
4.386868e-03 -3.274629e-02 
-3.996941e-04 -7.179456e-02 
-8.033137e-03 -7.375235e-02 
-2.622624e-04 -5.861563e-03 
3.459200e-03 3.162296e-02 
3.691341e-03 3.728135e-02 
1.411982e-03 1.571378e-02 
7.563198e-01 5.195397e-01 
-9.988837e-02 4.473691e-01 
-6.481138e-02 4.011501e-01 
5.551860e-02 4.433829e-01 
5.359580e-02 4.594582e-01 
4.336825e-02 4.303584e-01 
2.929267e-02 3.490144e-01 
1.041725e+00 -4.875903e-01 
2.149016e-01 -6.730483e-01 
2.771864e-02 -5.500392e-01 
-4.013161e-02 -3.403780e-01 
-2.651938e-02 -2.470552e-01 
-2.257197e-02 -2.321259e-01 
-2.393128e-02 -3.027624e-01 
2.121692e-01 -3.703987e-01 
9.494127e-03 -3.225124e-01 
-6.696781e-03 -2.356664e-01 
-9.474614e-03 -9.405520e-02 
-2.810184e-03 -2.759975e-02 
-1.219682e-03 -1.116341e-02 
-2.980073e-03 -3.702668e-02 
1.810095e-01 3.376412e-01 
-5.501000e-02 2.433175e-01 
-1.832022e-02 2.067459e-01 
2.469696e-02 2.033394e-01 
1.969301e-02 1.876202e-01 
1.677765e-02 1.783284e-01 
1.587472e-02 1.998863e-01 
8.768453e-01 5.902677e-01 
9.912244e-02 7.177625e-01 
-7.096870e-03 5.594119e-01 
3.922946e-02 3.944984e-01 
3.131052e-02 3.096784e-01 
2.594912e-02 2.851485e-01 
2.745163e-02 3.438745e-01 
1.075856e+00 -4.742442e-01 
1.665226e-01 -5.684030e-01 
3.021802e-02 -5.757877e-01 
-6.347816e-02 -5.650942e-01 
-5.031495e-02 -5.459579e-01 
-4.312303e-02 -5.095398e-01 
-3.279348e-02 -4.517133e-01 
-1.258803e-02 -8.224914e-02 
-4.744418e-03 -1.102591e-02 
-5.272374e-03 1.239774e-02 
6.465613e-03 5.884054e-02 
6.141899e-03 6.992599e-02 
4.261461e-03 5.392139e-02 
6.110455e-04 8.536299e-03 
8.035680e-01 5.546940e-01 
-2.678914e-02 6.166544e-01 
-3.668491e-02 6.085670e-01 
5.736502e-02 6.214263e-01 
5.779855e-02 6.044575e-01 
4.704425e-02 5.514579e-01 
3.416966e-02 4.629326e-01 
1.108099e+00 -5.859514e-01 
2.494561e-01 -7.817921e-01 
1.574336e-02 -6.060611e-01 
-4.136856e-02 -3.967129e-01 
-2.786497e-02 -3.013698e-01 
-2.269509e-02 -2.762656e-01 
-2.018597e-02 -3.115916e-01 
3.681022e-01 -4.610088e-01 
-7.205866e-03 -2.536821e-01 
3.750124e-03 -1.668013e-01 
-1.563098e-02 -1.309783e-01 
-1.309710e-02 -1.514609e-01 
-1.365447e-02 -1.862272e-01 
-1.260015e-02 -2.030710e-01 
1.094531e-01 3.850062e-01 
-7.189224e-03 3.776588e-01 
1.059226e-02 2.917740e-01 
1.336083e-02 1.503899e-01 
5.070155e-03 6.185433e-02 
2.480150e-03 2.947719e-02 
5.181513e-03 8.364677e-02 
1.018651e+00 6.872708e-01 
1.821908e-01 9.230520e-01 
3.008059e-02 7.821131e-01 
5.280554e-02 5.615338e-01 
3.778516e-02 4.305546e-01 
2.739459e-02 3.728813e-01 
2.335711e-02 4.154432e-01 
1.216631e+00 -6.349960e-01 
1.048463e-01 -6.297752e-01 
-7.002364e-03 -5.825370e-01 
-5.763134e-02 -5.730429e-01 
-3.878050e-02 -5.389803e-01 
-2.938855e-02 -4.603953e-01 
-1.698043e-02 -3.227975e-01 
1.113888e-01 -2.168846e-01 
-1.506379e-03 -1.436572e-01 
-3.740006e-03 -1.700476e-01 
-1.921229e-02 -2.264999e-01 
-1.543882e-02 -2.271907e-01 
-9.529347e-03 -1.636430e-01 
-1.602665e-05 -3.106613e-04 
4.980102e-01 7.200488e-01 
-9.072545e-04 6.198711e-01 
2.118330e-02 4.237287e-01 
1.316374e-02 1.562303e-01 
3.227167e-03 2.939589e-02 
3.373735e-03 3.519071e-02 
1.093609e-02 2.186837e-01 
1.219520e+00 8.111804e-01 
3.775838e-01 1.197157e+00 
8.059893e-02 9.107265e-01 
3.346570e-02 4.390765e-01 
1.567391e-02 2.103495e-01 
1.217919e-02 1.921812e-01 
2.062307e-02 4.258793e-01 
1.219976e+00 -6.856267e-01 
-1.050065e-01 -4.359982e-01 
-4.903551e-02 -5.774072e-01 
-6.660991e-02 -8.118942e-01 
-4.460969e-02 -8.443941e-01 
-3.327698e-02 -6.972243e-01 
-1.354432e-02 -3.364914e-01 
4.309978e-02 3.564473e-01 
1.698110e-02 3.059192e-01 
4.533870e-03 1.123502e-01 
-9.650990e-03 -1.765487e-01 
-1.169707e-02 -2.411642e-01 
-5.608729e-03 -1.264281e-01 
9.162479e-03 2.011829e-01 
1.101392e+00 8.606575e-01 
2.542407e-01 1.117225e+00 
6.610264e-02 8.965430e-01 
2.936542e-02 5.370396e-01 
2.086934e-02 3.653479e-01 
1.759642e-02 3.417786e-01 
2.347028e-02 4.913858e-01 
1.501328e+00 -9.346929e-01 
-4.931715e-02 -5.205162e-01 
-5.027176e-02 -3.737616e-01 
-2.980595e-02 -4.329248e-01 
-2.182242e-02 -4.802733e-01 
-2.232829e-02 -5.133537e-01 
-1.969684e-02 -5.316445e-01 
