poroelastic
7.881711e-03 -8.178154e-02 
2.382153e-03 -9.422945e-02 
8.552788e-04 -3.612578e-02 
1.564395e-03 1.669548e-02 
1.411181e-03 1.701158e-02 
-9.937746e-04 -8.180887e-03 
-9.272187e-03 -1.015569e-01 
5.017380e-01 2.601455e-01 
-3.774715e-02 2.570235e-01 
-2.860553e-02 2.677548e-01 
3.001981e-02 2.708199e-01 
2.841723e-02 2.770648e-01 
2.832627e-02 2.997204e-01 
2.712709e-02 3.197241e-01 
4.504735e-01 -3.969350e-01 
5.857437e-02 -3.748850e-01 
-6.385030e-03 -2.568764e-01 
-1.710375e-02 -1.834642e-01 
-9.512784e-03 -1.113316e-01 
-1.400848e-03 -2.294801e-02 
7.499987e-03 9.577082e-02 
2.962473e-01 -2.728151e-01 
1.540231e-02 -2.317735e-01 
9.339836e-03 -2.238026e-01 
-2.337184e-02 -2.396499e-01 
-2.205067e-02 -2.424551e-01 
-1.851287e-02 -2.190505e-01 
-9.781651e-03 -1.251068e-01 
2.191990e-01 2.228462e-01 
-4.586246e-02 2.364919e-01 
-1.556310e-02 2.475806e-01 
2.468092e-02 2.438263e-01 
2.340287e-02 2.546302e-01 
2.309003e-02 2.687443e-01 
2.691428e-02 3.464096e-01 
3.492911e-01 3.969811e-01 
5.532669e-02 4.051744e-01 
1.766570e-02 2.915408e-01 
1.264602e-02 1.501378e-01 
2.887774e-03 3.975933e-02 
-4.191032e-03 -5.015839e-02 
-4.103253e-03 -5.502498e-02 
2.166627e-01 -3.107245e-01 
1.136606e-02 -1.319442e-01 
3.200734e-03 -3.749923e-02 
-5.621110e-03 -5.273038e-02 
-6.010286e-03 -6.688664e-02 
-6.605565e-03 -8.459671e-02 
-4.121210e-03 -6.003782e-02 
-5.964109e-02 -4.948720e-02 
-9.581188e-03 2.424663e-02 
-1.016059e-02 6.831730e-02 
1.191370e-02 1.008915e-01 
1.455180e-02 1.651300e-01 
1.794266e-02 2.311374e-01 
1.927999e-02 2.825641e-01 
8.667024e-02 2.169263e-01 
4.791104e-03 9.081600e-02 
2.649433e-03 4.612071e-02 
2.798898e-03 3.675665e-02 
2.046221e-03 2.932236e-02 
7.314370e-04 1.338241e-02 
-4.944842e-03 -7.137222e-02 
1.648534e-01 -3.589083e-01 
-5.394925e-03 -2.647054e-01 
-8.055501e-03 -5.249214e-02 
6.826605e-03 7.907684e-02 
9.032370e-03 1.217794e-01 
6.008033e-03 9.397106e-02 
-4.646352e-03 -7.405124e-02 
-1.282325e-01 -1.925009e-01 
-5.909018e-03 -4.757310e-02 
1.141334e-03 1.230071e-01 
1.926317e-02 2.157030e-01 
1.634805e-02 2.212982e-01 
1.135606e-02 1.752266e-01 
2.714310e-04 4.599993e-03 
9.408367e-02 1.236404e-01 
-9.351356e-03 1.353567e-01 
5.849357e-03 1.996163e-01 
1.997787e-02 2.461884e-01 
1.522312e-02 2.147333e-01 
1.012872e-02 1.582651e-01 
8.380118e-04 1.420848e-02 
9.738601e-02 2.962787e-01 
1.600867e-02 2.483348e-01 
1.066571e-02 1.392383e-01 
4.494084e-04 4.842057e-02 
-6.224584e-03 -6.071279e-02 
-1.013041e-02 -1.425954e-01 
-1.400820e-02 -2.601882e-01 
-1.299616e-01 -4.052255e-01 
-3.785097e-02 -9.657318e-02 
2.168255e-03 1.160306e-01 
1.802816e-02 1.820844e-01 
1.537703e-02 2.068670e-01 
1.354873e-02 2.212779e-01 
7.754294e-03 1.586588e-01 
-2.876958e-02 5.832533e-02 
1.264878e-02 1.908293e-01 
1.193949e-02 1.780143e-01 
1.286033e-03 3.621612e-02 
-2.655700e-03 -3.300247e-02 
-2.856341e-03 -4.419798e-02 
-3.165764e-03 -6.688290e-02 
2.908362e-01 2.940662e-01 
1.342517e-02 3.030670e-01 
1.305695e-02 2.269997e-01 
8.624724e-03 8.554431e-02 
5.419965e-03 6.025852e-02 
8.094609e-03 1.265740e-01 
1.180995e-02 2.538530e-01 
5.768683e-02 4.183235e-01 
-1.147404e-02 4.194293e-01 
-2.272018e-03 1.973372e-01 
-1.628080e-02 -1.277970e-01 
-2.094523e-02 -3.180864e-01 
-1.990413e-02 -3.782499e-01 
-1.131031e-02 -2.661182e-01 
-4.345911e-01 1.261324e-02 
6.438920e-02 3.396225e-01 
3.332376e-02 4.105351e-01 
1.773389e-02 2.247451e-01 
8.634634e-03 1.257611e-01 
6.792327e-03 1.101603e-01 
1.012925e-02 2.911395e-01 
1.450484e-01 4.085800e-01 
3.546066e-02 5.193992e-01 
3.409688e-02 4.141541e-01 
1.199439e-02 1.641710e-01 
5.613293e-03 7.774154e-02 
6.426717e-03 1.095004e-01 
1.288298e-02 3.497719e-01 
-4.379712e-03 5.166136e-01 
-1.906639e-02 3.991634e-01 
-1.240290e-02 1.162256e-01 
-1.671347e-02 -2.235777e-01 
-1.907274e-02 -3.776377e-01 
-1.852181e-02 -4.154711e-01 
-1.195563e-02 -3.014158e-01 
-5.724058e-01 -1.611213e-01 
2.561318e-02 2.286556e-01 
4.492182e-02 3.896156e-01 
1.688981e-02 3.126134e-01 
1.207011e-02 2.732661e-01 
8.653876e-03 2.215720e-01 
5.130260e-03 1.578792e-01 
