poroelastic
-1.846687e-02 1.847697e-01 
-6.854131e-03 2.523585e-01 
5.356700e-03 1.740551e-01 
-5.481487e-04 -1.847285e-03 
-2.435909e-03 -6.262671e-02 
-7.280358e-04 -4.288240e-02 
1.368659e-03 6.250146e-02 
-7.424829e-01 -5.218419e-01 
8.616087e-02 -2.694521e-01 
3.952350e-02 -2.893789e-01 
-3.950340e-02 -4.560951e-01 
-2.633908e-02 -4.724530e-01 
-1.467413e-02 -3.956310e-01 
-4.057942e-03 -2.215749e-01 
-1.028897e+00 7.931208e-01 
-1.841252e-01 9.397852e-01 
-5.378866e-03 6.352387e-01 
1.499160e-02 2.483948e-01 
5.109396e-03 7.802390e-02 
3.638382e-03 5.960235e-02 
2.792266e-03 1.973178e-01 
-2.557281e-01 5.640322e-01 
-4.525979e-03 4.765754e-01 
5.529759e-03 2.838331e-01 
2.287282e-03 4.800189e-02 
-6.110146e-04 -3.700563e-02 
3.369230e-04 -2.306916e-02 
1.276554e-03 9.164420e-02 
-1.520397e-01 -2.912298e-01 
2.987003e-02 -1.252487e-01 
7.311770e-03 -1.253305e-01 
-1.232705e-02 -1.830155e-01 
-7.456362e-03 -1.789922e-01 
-4.359647e-03 -1.502025e-01 
-1.512704e-03 -1.048809e-01 
-8.318355e-01 -6.433236e-01 
-8.519106e-02 -6.378136e-01 
-1.307441e-03 -4.719310e-01 
-1.701697e-02 -3.535005e-01 
-9.816176e-03 -2.561525e-01 
-5.377465e-03 -1.894421e-01 
-2.565731e-03 -1.650513e-01 
-7.299328e-01 6.344839e-01 
-9.333694e-02 6.330147e-01 
-5.913179e-04 4.704226e-01 
1.764760e-02 3.289436e-01 
9.123340e-03 2.520698e-01 
5.675700e-03 2.199337e-01 
2.097270e-03 2.266030e-01 
-1.252648e-02 2.061094e-01 
3.331325e-03 1.491000e-01 
3.049551e-03 6.347230e-02 
-2.848423e-03 -5.163247e-02 
-2.051979e-03 -8.062172e-02 
-7.770388e-04 -5.813199e-02 
1.924635e-04 2.203454e-02 
-6.446045e-01 -4.835337e-01 
1.550827e-02 -3.549888e-01 
8.202494e-03 -3.546662e-01 
-1.843600e-02 -4.464315e-01 
-1.410611e-02 -4.437190e-01 
-8.302743e-03 -3.822035e-01 
-2.846162e-03 -2.501552e-01 
-8.965646e-01 7.414742e-01 
-1.812989e-01 8.832275e-01 
-2.990778e-03 5.915431e-01 
9.103656e-03 2.607590e-01 
3.252010e-03 1.019806e-01 
1.931602e-03 6.491098e-02 
6.631622e-04 1.527339e-01 
-3.381180e-01 5.726305e-01 
1.546222e-02 3.761052e-01 
5.041099e-03 2.129499e-01 
4.736980e-03 8.175011e-02 
2.213553e-03 5.439284e-02 
1.709962e-03 8.771134e-02 
1.938274e-04 1.806607e-01 
-1.217536e-01 -2.840423e-01 
5.196403e-03 -2.444073e-01 
-5.230157e-03 -2.348199e-01 
-6.736219e-03 -2.085105e-01 
-2.835548e-03 -1.636538e-01 
-1.181799e-03 -1.162250e-01 
-8.561723e-05 -6.973417e-02 
-7.852643e-01 -6.313809e-01 
-1.197818e-01 -6.918651e-01 
-1.955556e-02 -5.404623e-01 
-1.091964e-02 -3.800862e-01 
-4.832890e-03 -2.535597e-01 
-1.650365e-03 -1.685745e-01 
3.012591e-04 -1.342521e-01 
-7.591761e-01 6.679516e-01 
-6.473248e-02 6.253663e-01 
1.137901e-02 4.589693e-01 
1.008132e-02 3.419896e-01 
2.808845e-03 2.534653e-01 
7.121653e-04 1.767125e-01 
-5.887246e-04 1.052813e-01 
-6.974201e-02 2.192434e-01 
9.153065e-03 1.340176e-01 
5.745764e-03 1.183147e-01 
3.732761e-03 1.415217e-01 
1.142230e-03 1.371810e-01 
-8.814587e-05 9.773270e-02 
-8.511677e-05 1.058574e-02 
-4.294911e-01 -6.198095e-01 
-3.112526e-03 -4.865056e-01 
-1.017491e-02 -3.237562e-01 
-3.431459e-03 -1.283772e-01 
-1.291301e-03 -4.470644e-02 
-8.689945e-04 -5.853196e-02 
1.615294e-03 -1.868168e-01 
-9.960572e-01 -7.407210e-01 
-2.566934e-01 -9.785548e-01 
-3.855271e-02 -6.987418e-01 
-4.057387e-03 -3.059134e-01 
-9.819577e-04 -1.011575e-01 
-4.551146e-04 -5.320901e-02 
1.783798e-03 -1.806823e-01 
-5.650048e-01 4.872632e-01 
4.189132e-02 2.528751e-01 
3.411361e-02 2.529204e-01 
1.027163e-02 4.043581e-01 
-1.211207e-03 4.368540e-01 
-3.500444e-03 3.711096e-01 
-3.141175e-03 1.821366e-01 
-5.093009e-02 -3.049696e-01 
-7.723608e-03 -2.854515e-01 
-3.360114e-05 -1.691434e-01 
3.214754e-04 3.562023e-02 
-8.876636e-04 1.087729e-01 
-1.034907e-03 7.590508e-02 
1.097469e-03 -8.192333e-02 
-8.486310e-01 -6.820379e-01 
-1.517431e-01 -7.617604e-01 
-3.464820e-02 -5.768649e-01 
-4.812492e-04 -3.456200e-01 
3.382117e-04 -2.313338e-01 
1.359717e-03 -2.147968e-01 
3.125476e-03 -3.031574e-01 
-9.287896e-01 7.038273e-01 
1.111663e-02 4.476316e-01 
3.782988e-02 2.867755e-01 
2.490118e-03 2.960660e-01 
-3.279986e-03 3.008732e-01 
-3.870839e-03 2.943823e-01 
-4.942159e-03 2.738016e-01 
