poroelastic
2.614276e-02 -1.455237e-02 
2.765343e-02 -7.727722e-02 
1.861042e-02 -1.445038e-01 
-8.817265e-03 -1.567492e-01 
-8.775727e-03 -1.443305e-01 
-7.351794e-03 -1.226754e-01 
-5.034357e-03 -8.692571e-02 
8.950305e-01 4.687995e-01 
-1.219479e-01 4.266357e-01 
-7.657014e-02 4.163463e-01 
3.164129e-02 4.710686e-01 
3.391773e-02 5.151106e-01 
3.143125e-02 5.318652e-01 
2.676846e-02 5.101819e-01 
9.593877e-01 -3.419746e-01 
2.369193e-01 -5.975128e-01 
4.482736e-02 -5.412673e-01 
-2.057202e-02 -3.832693e-01 
-1.685482e-02 -3.017283e-01 
-1.491360e-02 -2.820235e-01 
-1.573165e-02 -3.347148e-01 
2.132218e-01 -2.610940e-01 
1.808874e-02 -2.528749e-01 
7.361078e-03 -2.138950e-01 
-6.055735e-03 -1.298906e-01 
-4.437570e-03 -8.709475e-02 
-3.824979e-03 -7.628556e-02 
-4.583745e-03 -9.604069e-02 
1.406311e-01 2.805630e-01 
-3.495422e-02 2.041516e-01 
-1.233878e-02 1.483676e-01 
6.270050e-03 1.199446e-01 
5.561095e-03 1.103043e-01 
5.985735e-03 1.222562e-01 
8.186762e-03 1.722787e-01 
8.736269e-01 4.471684e-01 
8.456142e-02 5.725277e-01 
-2.402071e-02 4.603473e-01 
1.201503e-02 3.511769e-01 
1.535435e-02 3.296134e-01 
1.711627e-02 3.729906e-01 
2.350007e-02 4.974584e-01 
1.125864e+00 -3.494717e-01 
1.959358e-01 -5.989252e-01 
4.215635e-02 -6.973852e-01 
-2.963315e-02 -7.182906e-01 
-2.815862e-02 -6.786600e-01 
-2.502270e-02 -5.934350e-01 
-1.923631e-02 -4.629746e-01 
2.155865e-02 -8.562220e-02 
9.865664e-04 -6.843314e-02 
1.660492e-04 -7.690808e-02 
-1.961557e-03 -4.801321e-02 
-9.728752e-04 -2.407217e-02 
-2.552304e-04 -6.186310e-03 
1.247233e-04 3.005337e-03 
8.854897e-01 4.553079e-01 
-3.717631e-02 5.510289e-01 
-4.331278e-02 5.898175e-01 
1.486762e-02 6.193560e-01 
2.499472e-02 6.281177e-01 
2.499202e-02 6.099114e-01 
2.432703e-02 5.625930e-01 
1.051468e+00 -3.673094e-01 
2.886138e-01 -6.775820e-01 
3.911223e-02 -6.364680e-01 
-1.599975e-02 -5.082968e-01 
-1.513962e-02 -4.170191e-01 
-1.305923e-02 -3.577205e-01 
-1.185244e-02 -3.371867e-01 
3.752228e-01 -3.405928e-01 
-4.358766e-03 -2.920472e-01 
3.150606e-03 -2.739026e-01 
-7.603902e-03 -2.418347e-01 
-6.288163e-03 -2.098541e-01 
-5.173153e-03 -1.689602e-01 
-3.530716e-03 -1.089839e-01 
3.866823e-02 2.455076e-01 
-5.243286e-04 2.077065e-01 
2.799653e-03 1.036192e-01 
-6.564061e-04 -2.672170e-02 
-2.139509e-03 -7.191342e-02 
-1.632378e-03 -4.912919e-02 
1.800823e-03 5.452809e-02 
9.617128e-01 4.453882e-01 
1.515982e-01 6.555831e-01 
3.893250e-03 5.946225e-01 
1.071504e-02 4.910202e-01 
1.393728e-02 4.639223e-01 
1.382272e-02 4.918829e-01 
1.648448e-02 5.838061e-01 
1.237180e+00 -4.311864e-01 
1.481129e-01 -6.578155e-01 
6.471632e-03 -7.055103e-01 
-1.782044e-02 -6.900673e-01 
-1.379835e-02 -6.356088e-01 
-1.291665e-02 -5.463984e-01 
-1.069808e-02 -4.300491e-01 
1.393591e-01 -2.874616e-01 
-8.904756e-03 -3.338768e-01 
-3.881047e-03 -3.498966e-01 
-5.928456e-03 -2.938746e-01 
-4.507958e-03 -2.057159e-01 
-2.114364e-03 -8.905906e-02 
1.352658e-03 5.604702e-02 
2.340511e-01 3.794122e-01 
-5.270852e-03 2.618494e-01 
1.453674e-03 1.375552e-01 
9.741734e-05 2.745332e-02 
-2.999022e-04 3.761486e-03 
8.003255e-04 5.188314e-02 
4.296764e-03 1.833192e-01 
9.795391e-01 4.583812e-01 
2.700494e-01 7.338626e-01 
3.760444e-02 5.862891e-01 
2.602621e-03 3.641402e-01 
3.356894e-03 2.834693e-01 
4.567962e-03 3.185889e-01 
1.045387e-02 4.836371e-01 
1.305036e+00 -5.839758e-01 
-9.798740e-02 -6.739467e-01 
-3.995123e-02 -8.194089e-01 
-8.518272e-03 -8.935415e-01 
-5.648206e-03 -8.518088e-01 
-8.285383e-03 -7.103639e-01 
-7.459327e-03 -4.712970e-01 
-3.079396e-02 2.960812e-02 
-1.784708e-03 -8.480477e-02 
-4.659333e-03 -1.725584e-01 
-8.264750e-04 -2.194054e-01 
-2.434999e-03 -1.677158e-01 
-1.510209e-03 -3.897008e-02 
3.518221e-03 1.669449e-01 
9.854538e-01 4.613737e-01 
1.864058e-01 6.511882e-01 
3.180119e-02 5.941616e-01 
-1.133886e-02 5.005093e-01 
-5.178058e-04 4.885883e-01 
4.945317e-03 5.405865e-01 
1.608466e-02 6.635769e-01 
1.589505e+00 -5.526054e-01 
-1.123481e-02 -5.774113e-01 
-5.186006e-02 -5.859562e-01 
9.748149e-03 -6.313741e-01 
3.759645e-03 -6.441048e-01 
-3.369201e-03 -6.257549e-01 
-9.414902e-03 -5.803844e-01 
