poroelastic
-2.175681e-02 1.990693e-01 
-1.209533e-02 2.768999e-01 
1.025925e-03 2.101089e-01 
1.632301e-03 4.098849e-02 
-5.602275e-04 -2.668403e-02 
-7.351624e-05 -2.065508e-02 
1.180734e-03 6.508390e-02 
-7.722232e-01 -5.422372e-01 
8.609844e-02 -2.497922e-01 
3.766420e-02 -2.667762e-01 
-2.848546e-02 -4.432918e-01 
-1.832904e-02 -4.727982e-01 
-1.105697e-02 -4.114874e-01 
-3.613113e-03 -2.481937e-01 
-1.048468e+00 8.154098e-01 
-1.989814e-01 9.792315e-01 
-1.147714e-02 6.698553e-01 
1.027304e-02 2.719464e-01 
3.674183e-03 8.564248e-02 
2.437347e-03 5.736132e-02 
1.928175e-03 1.987723e-01 
-2.779589e-01 5.853984e-01 
-6.610132e-03 4.988515e-01 
2.070414e-03 3.069787e-01 
2.188950e-03 6.847795e-02 
-3.033358e-05 -2.601099e-02 
4.116181e-04 -1.679636e-02 
9.739391e-04 1.102065e-01 
-1.431891e-01 -2.964892e-01 
2.334798e-02 -1.198193e-01 
5.825898e-03 -1.093013e-01 
-6.492494e-03 -1.613348e-01 
-3.980968e-03 -1.655699e-01 
-2.399321e-03 -1.415976e-01 
-7.835956e-04 -8.165765e-02 
-8.359495e-01 -6.615821e-01 
-8.382142e-02 -6.375126e-01 
7.285072e-04 -4.600480e-01 
-9.236565e-03 -3.356177e-01 
-5.421807e-03 -2.455753e-01 
-3.078794e-03 -1.860066e-01 
-1.442931e-03 -1.540098e-01 
-7.476780e-01 6.393451e-01 
-9.492011e-02 6.501365e-01 
-3.500679e-03 4.949579e-01 
1.032340e-02 3.548671e-01 
5.477252e-03 2.631923e-01 
3.103253e-03 2.178725e-01 
8.727755e-04 2.231003e-01 
-2.205863e-02 2.107038e-01 
2.036705e-03 1.656568e-01 
1.343181e-03 8.973017e-02 
-5.265774e-04 -1.593165e-02 
-5.453957e-04 -5.095729e-02 
-1.217811e-04 -3.642984e-02 
1.620903e-04 4.167918e-02 
-6.523348e-01 -4.851547e-01 
1.290293e-02 -3.420286e-01 
5.130167e-03 -3.381449e-01 
-7.571334e-03 -4.255564e-01 
-5.908766e-03 -4.294145e-01 
-3.735503e-03 -3.787633e-01 
-1.494432e-03 -2.532783e-01 
-9.027915e-01 7.382046e-01 
-1.874625e-01 8.963015e-01 
-8.168899e-03 6.174255e-01 
3.717239e-03 2.872918e-01 
1.373689e-03 1.128776e-01 
7.037932e-04 5.779873e-02 
-7.281709e-05 1.320197e-01 
-3.559995e-01 5.705776e-01 
1.423355e-02 4.051390e-01 
4.426086e-03 2.527928e-01 
2.568849e-03 1.185871e-01 
9.682053e-04 7.629208e-02 
4.749170e-04 9.222171e-02 
-6.933014e-04 1.699117e-01 
-1.169746e-01 -2.701520e-01 
3.256669e-03 -2.170736e-01 
-3.775783e-03 -1.992429e-01 
-1.899215e-03 -1.761138e-01 
-4.713091e-04 -1.451566e-01 
-1.652889e-05 -1.159397e-01 
3.407921e-04 -8.890186e-02 
-7.789575e-01 -6.201113e-01 
-1.171766e-01 -6.660257e-01 
-1.532718e-02 -5.097534e-01 
-2.936758e-03 -3.562979e-01 
-7.548798e-04 -2.421648e-01 
2.320428e-04 -1.747517e-01 
1.161993e-03 -1.606600e-01 
-7.652422e-01 6.722853e-01 
-7.112537e-02 6.551275e-01 
8.237934e-03 4.939980e-01 
2.915866e-03 3.664884e-01 
-4.818896e-04 2.633047e-01 
-1.030095e-03 1.713873e-01 
-9.372552e-04 8.440445e-02 
-7.753934e-02 2.419096e-01 
1.179940e-02 1.694837e-01 
5.562477e-03 1.568323e-01 
8.200389e-04 1.658952e-01 
-7.456865e-04 1.456477e-01 
-9.297722e-04 9.036530e-02 
1.145487e-04 -8.469685e-03 
-3.991422e-01 -6.019375e-01 
-4.725442e-03 -4.577654e-01 
-6.436291e-03 -2.862121e-01 
-5.085066e-04 -1.004474e-01 
-2.342516e-04 -3.144334e-02 
2.076053e-04 -5.867506e-02 
2.653954e-03 -1.932641e-01 
-9.899482e-01 -7.377541e-01 
-2.421997e-01 -9.503940e-01 
-2.998910e-02 -6.624622e-01 
8.915171e-04 -2.831402e-01 
6.251312e-04 -9.383061e-02 
4.814303e-04 -5.749420e-02 
2.987815e-03 -1.879284e-01 
-5.858354e-01 4.931632e-01 
4.665091e-02 2.809388e-01 
3.294155e-02 2.870147e-01 
9.088514e-04 4.253180e-01 
-6.186664e-03 4.428282e-01 
-6.623473e-03 3.698228e-01 
-4.132401e-03 1.838917e-01 
-3.874603e-02 -2.791223e-01 
-4.050592e-03 -2.513169e-01 
3.393456e-03 -1.335093e-01 
-6.817262e-04 5.642995e-02 
-2.091391e-03 1.181875e-01 
-1.564636e-03 8.245841e-02 
1.292343e-03 -6.756952e-02 
-8.591431e-01 -6.704636e-01 
-1.427336e-01 -7.269953e-01 
-3.047397e-02 -5.427673e-01 
6.087749e-03 -3.276709e-01 
4.511308e-03 -2.320235e-01 
4.256226e-03 -2.286543e-01 
4.931767e-03 -3.186769e-01 
-9.610523e-01 6.663648e-01 
8.373107e-03 4.549460e-01 
4.038602e-02 3.204945e-01 
-6.276486e-03 3.390939e-01 
-8.354791e-03 3.354081e-01 
-7.360222e-03 3.192741e-01 
-6.430973e-03 2.942633e-01 
