poroelastic
-1.058411e-02 9.760406e-02 
-5.039328e-03 1.417279e-01 
9.292268e-04 9.980875e-02 
8.562471e-04 -2.220868e-03 
-1.695673e-04 -2.675350e-02 
1.578185e-03 1.220526e-02 
3.302632e-03 1.153338e-01 
-1.276523e+00 -6.265490e-01 
1.223741e-01 -5.515323e-01 
4.388200e-02 -6.240333e-01 
-6.851562e-02 -7.606760e-01 
-4.444099e-02 -7.632806e-01 
-2.803381e-02 -6.594201e-01 
-1.091292e-02 -4.323676e-01 
-1.176406e+00 6.993055e-01 
-2.194854e-01 8.836152e-01 
-1.187216e-02 6.341049e-01 
2.581041e-02 3.292756e-01 
1.516279e-02 2.118161e-01 
1.259165e-02 2.501627e-01 
9.641385e-03 4.682455e-01 
-2.164377e-01 4.781603e-01 
2.443420e-03 3.681424e-01 
4.284238e-03 1.950635e-01 
2.226390e-03 1.203188e-02 
3.165000e-04 -3.667073e-02 
2.208078e-03 1.656209e-02 
3.729423e-03 1.899692e-01 
-2.545803e-01 -3.817179e-01 
3.652437e-02 -3.021292e-01 
1.274357e-03 -2.999758e-01 
-1.951208e-02 -3.028283e-01 
-1.153452e-02 -2.649754e-01 
-6.779998e-03 -2.072871e-01 
-2.485887e-03 -1.217531e-01 
-1.219187e+00 -6.245239e-01 
-1.684272e-01 -8.246429e-01 
-1.340617e-02 -7.209961e-01 
-3.483729e-02 -5.913730e-01 
-2.186668e-02 -4.903797e-01 
-1.420800e-02 -4.212358e-01 
-7.507444e-03 -3.811658e-01 
-1.071485e+00 6.159338e-01 
-1.256048e-01 6.972546e-01 
4.569793e-03 6.186689e-01 
3.598860e-02 5.446371e-01 
2.332305e-02 5.085121e-01 
1.599880e-02 5.020589e-01 
7.534656e-03 5.313946e-01 
1.029322e-02 1.272860e-01 
1.458842e-03 4.201385e-02 
-4.253555e-04 -4.555270e-02 
-5.717636e-03 -1.283063e-01 
-3.151594e-03 -1.192249e-01 
-5.821417e-04 -5.311294e-02 
1.057979e-03 7.552964e-02 
-1.130174e+00 -5.644291e-01 
-3.065202e-03 -6.388216e-01 
-9.458910e-03 -7.253962e-01 
-3.987549e-02 -8.186005e-01 
-2.732644e-02 -7.901469e-01 
-1.771882e-02 -6.824272e-01 
-7.898760e-03 -4.918824e-01 
-1.130033e+00 7.232322e-01 
-2.267139e-01 9.216666e-01 
1.662292e-04 6.654425e-01 
1.790772e-02 3.738482e-01 
1.000899e-02 2.498917e-01 
7.129013e-03 2.511216e-01 
3.879395e-03 3.754676e-01 
-3.318835e-01 5.541227e-01 
1.960424e-02 3.513426e-01 
8.028666e-03 1.919547e-01 
6.274415e-03 8.019050e-02 
3.680870e-03 7.147964e-02 
3.348157e-03 1.263096e-01 
1.539479e-03 2.311097e-01 
-1.654393e-01 -3.673320e-01 
-2.768933e-03 -3.769825e-01 
-1.305741e-02 -3.585871e-01 
-9.354030e-03 -2.735807e-01 
-3.943484e-03 -1.831775e-01 
-1.378668e-03 -9.536306e-02 
-1.841909e-04 -2.708615e-02 
-1.212823e+00 -6.327704e-01 
-2.348335e-01 -8.910142e-01 
-4.977296e-02 -8.271815e-01 
-2.825154e-02 -6.897770e-01 
-1.427860e-02 -5.622669e-01 
-7.084703e-03 -4.532172e-01 
-1.254233e-03 -3.771048e-01 
-1.092348e+00 7.089563e-01 
-9.104419e-02 7.432964e-01 
2.781685e-02 6.038508e-01 
2.372734e-02 4.980640e-01 
1.137930e-02 4.395304e-01 
5.898092e-03 4.163238e-01 
-3.865802e-04 4.271320e-01 
-6.585649e-02 2.662121e-01 
1.313491e-02 1.803539e-01 
6.890755e-03 1.247775e-01 
3.843101e-03 9.286683e-02 
1.664333e-03 7.832028e-02 
7.138078e-04 6.726192e-02 
-1.932701e-04 5.728340e-02 
-4.982701e-01 -6.077395e-01 
-1.956590e-02 -5.371134e-01 
-1.851232e-02 -4.009741e-01 
-6.972673e-03 -2.210420e-01 
-2.551306e-03 -1.262264e-01 
-1.347275e-03 -1.059348e-01 
6.032443e-04 -1.718427e-01 
-1.309077e+00 -6.961967e-01 
-3.932984e-01 -1.091042e+00 
-7.794898e-02 -8.817855e-01 
-1.612296e-02 -5.234426e-01 
-5.125259e-03 -3.203152e-01 
-1.946025e-03 -2.545929e-01 
2.163281e-03 -3.489879e-01 
-1.010121e+00 6.527890e-01 
1.021028e-01 4.901608e-01 
6.914441e-02 5.338985e-01 
2.543145e-02 6.658253e-01 
7.198780e-03 6.972024e-01 
-4.405998e-04 6.427605e-01 
-6.341522e-03 4.708227e-01 
-5.538295e-02 -2.707141e-01 
-1.183476e-02 -2.605856e-01 
-3.790325e-03 -1.759981e-01 
3.758616e-04 -9.802011e-03 
-8.095838e-05 6.458777e-02 
-6.337321e-04 5.759780e-02 
6.425599e-04 -5.918193e-02 
-1.297102e+00 -6.999359e-01 
-2.712382e-01 -9.620991e-01 
-8.153670e-02 -8.753209e-01 
-1.054614e-02 -6.876485e-01 
-1.932918e-03 -5.573836e-01 
6.749966e-04 -4.864041e-01 
3.451692e-03 -4.877427e-01 
-1.389742e+00 8.710877e-01 
3.630665e-02 6.440116e-01 
7.152540e-02 4.724439e-01 
7.843318e-03 4.411862e-01 
-9.784799e-05 4.513709e-01 
-2.845152e-03 4.819440e-01 
-7.086563e-03 5.338469e-01 
