poroelastic
-4.184631e-04 -6.708612e-02 
-5.256020e-03 -7.373682e-02 
-6.878856e-03 -4.593627e-02 
1.039532e-03 -1.454081e-02 
3.092051e-03 1.985279e-02 
4.716209e-03 5.990805e-02 
3.993366e-03 8.658418e-02 
-1.100882e+00 -4.309473e-01 
9.073197e-02 -5.885047e-01 
3.436956e-02 -6.328773e-01 
-8.475448e-02 -6.523668e-01 
-6.054728e-02 -6.501140e-01 
-4.199264e-02 -6.037799e-01 
-2.171038e-02 -5.136618e-01 
-8.906500e-01 2.589792e-01 
-1.811930e-01 4.259627e-01 
-1.913679e-02 3.957183e-01 
4.358067e-02 3.288177e-01 
3.115600e-02 3.212630e-01 
2.564733e-02 3.649306e-01 
1.768830e-02 4.672613e-01 
-9.925387e-02 1.791893e-01 
-1.557669e-04 1.196545e-01 
1.256401e-03 7.592211e-02 
4.188864e-03 2.648925e-02 
2.771643e-03 1.960368e-02 
3.445469e-03 4.411573e-02 
3.501152e-03 9.337605e-02 
-2.279687e-01 -3.171586e-01 
3.193506e-02 -3.325979e-01 
-4.440687e-03 -3.032131e-01 
-2.613739e-02 -2.444377e-01 
-1.551507e-02 -1.964010e-01 
-1.029788e-02 -1.651789e-01 
-6.409347e-03 -1.697773e-01 
-1.012813e+00 -3.884875e-01 
-1.664995e-01 -6.701105e-01 
-1.998729e-02 -6.238800e-01 
-5.187588e-02 -5.032912e-01 
-3.604593e-02 -4.474173e-01 
-2.687692e-02 -4.386078e-01 
-1.857201e-02 -4.939618e-01 
-1.029306e+00 3.129671e-01 
-1.260153e-01 4.529165e-01 
6.006294e-03 5.302746e-01 
6.770395e-02 5.935309e-01 
4.676681e-02 6.210937e-01 
3.435508e-02 6.199660e-01 
1.829766e-02 5.878963e-01 
2.575115e-02 -3.187620e-02 
-5.215363e-03 -1.232865e-01 
-7.732771e-03 -1.476513e-01 
-8.328929e-03 -1.291031e-01 
-2.995778e-03 -7.628478e-02 
1.166275e-03 1.084310e-03 
2.922052e-03 9.611940e-02 
-1.073630e+00 -4.457527e-01 
-2.741662e-02 -7.087543e-01 
-2.070999e-02 -8.095848e-01 
-7.335567e-02 -8.250462e-01 
-5.306812e-02 -7.841343e-01 
-3.568871e-02 -6.908605e-01 
-1.806567e-02 -5.495974e-01 
-9.170359e-01 3.590754e-01 
-1.941497e-01 5.429054e-01 
1.033752e-03 4.554849e-01 
3.654550e-02 3.553439e-01 
2.452154e-02 3.298300e-01 
1.916925e-02 3.591626e-01 
1.181549e-02 4.425238e-01 
-2.174918e-01 2.690693e-01 
1.191223e-02 1.279825e-01 
3.979782e-03 6.811536e-02 
1.109744e-02 7.001389e-02 
8.647693e-03 1.112299e-01 
7.933513e-03 1.641039e-01 
4.760834e-03 2.051482e-01 
-1.319070e-01 -3.338830e-01 
-1.093996e-02 -3.949126e-01 
-1.945562e-02 -3.411599e-01 
-1.198749e-02 -1.912623e-01 
-3.583955e-03 -7.982763e-02 
-3.859285e-04 -9.232238e-03 
-1.640488e-04 -7.075283e-03 
-1.102994e+00 -4.270098e-01 
-2.532968e-01 -7.888516e-01 
-6.797313e-02 -7.941489e-01 
-5.935916e-02 -6.795321e-01 
-3.591594e-02 -5.889810e-01 
-2.202313e-02 -5.223478e-01 
-9.609099e-03 -5.035830e-01 
-1.096855e+00 4.492481e-01 
-8.050010e-02 5.315762e-01 
3.840217e-02 5.246278e-01 
5.336529e-02 5.274093e-01 
3.127050e-02 5.402166e-01 
2.116874e-02 5.499451e-01 
8.172023e-03 5.487430e-01 
-4.503746e-02 1.755786e-01 
1.046868e-02 1.200199e-01 
6.888441e-03 8.755988e-02 
5.605442e-03 6.689186e-02 
3.196408e-03 6.401978e-02 
1.845042e-03 5.898071e-02 
4.152434e-04 3.262249e-02 
-3.947756e-01 -4.476867e-01 
-2.410156e-02 -4.544972e-01 
-2.445447e-02 -3.611962e-01 
-1.280161e-02 -1.991311e-01 
-4.678865e-03 -9.560322e-02 
-2.411776e-03 -5.487220e-02 
-1.279460e-03 -1.051714e-01 
-1.140491e+00 -4.585230e-01 
-4.060202e-01 -8.846547e-01 
-1.038857e-01 -7.867484e-01 
-3.991955e-02 -5.244637e-01 
-1.901535e-02 -3.798439e-01 
-1.135084e-02 -3.458171e-01 
-4.439616e-03 -4.504413e-01 
-1.142408e+00 5.850673e-01 
1.408153e-01 4.963779e-01 
9.537505e-02 6.145109e-01 
6.095426e-02 7.538618e-01 
2.937072e-02 7.847852e-01 
1.512635e-02 7.159758e-01 
7.605046e-04 5.277993e-01 
-3.190220e-02 -2.124483e-01 
-1.212696e-02 -2.087324e-01 
-6.265964e-04 -1.220927e-01 
4.211187e-03 5.256578e-02 
3.365460e-03 1.249865e-01 
1.315578e-03 1.094580e-01 
-7.714118e-05 -1.756291e-02 
-1.201008e+00 -5.495890e-01 
-3.144860e-01 -9.235789e-01 
-1.112687e-01 -9.003315e-01 
-3.907887e-02 -7.117766e-01 
-1.992145e-02 -5.852729e-01 
-1.136102e-02 -5.143137e-01 
-4.056538e-03 -5.143094e-01 
-1.337703e+00 6.964942e-01 
6.580790e-02 4.874630e-01 
8.528797e-02 3.885226e-01 
2.947227e-02 4.142981e-01 
1.476992e-02 4.676527e-01 
9.475134e-03 5.345535e-01 
2.283749e-04 6.199294e-01 
