poroelastic
2.669060e-02 -1.981938e-02 
2.814657e-02 -8.489620e-02 
1.950613e-02 -1.536728e-01 
-7.814301e-03 -1.668179e-01 
-8.391972e-03 -1.538252e-01 
-7.227021e-03 -1.304110e-01 
-4.982295e-03 -8.932947e-02 
9.288102e-01 4.807722e-01 
-1.240100e-01 4.321446e-01 
-7.709225e-02 4.267761e-01 
2.757740e-02 4.847308e-01 
3.054658e-02 5.276792e-01 
2.937432e-02 5.440803e-01 
2.638035e-02 5.242762e-01 
9.735064e-01 -3.559208e-01 
2.419016e-01 -6.165790e-01 
4.598974e-02 -5.551398e-01 
-1.704403e-02 -3.922113e-01 
-1.504413e-02 -3.062840e-01 
-1.360559e-02 -2.845885e-01 
-1.508197e-02 -3.380233e-01 
2.190431e-01 -2.701228e-01 
1.797811e-02 -2.593981e-01 
8.108223e-03 -2.175296e-01 
-5.020286e-03 -1.328165e-01 
-3.922535e-03 -8.923636e-02 
-3.523594e-03 -7.889967e-02 
-4.652423e-03 -1.030768e-01 
1.425793e-01 2.843110e-01 
-3.398112e-02 2.058103e-01 
-1.223181e-02 1.500024e-01 
4.773573e-03 1.189487e-01 
4.638362e-03 1.106018e-01 
5.355485e-03 1.242234e-01 
7.732408e-03 1.716736e-01 
8.934488e-01 4.535958e-01 
8.731018e-02 5.784142e-01 
-2.433982e-02 4.673128e-01 
8.635879e-03 3.570082e-01 
1.300837e-02 3.363804e-01 
1.544686e-02 3.815168e-01 
2.227050e-02 5.026700e-01 
1.138652e+00 -3.538370e-01 
1.950793e-01 -6.087532e-01 
4.321167e-02 -7.073728e-01 
-2.291471e-02 -7.306451e-01 
-2.443541e-02 -6.882169e-01 
-2.251770e-02 -5.998442e-01 
-1.835179e-02 -4.714246e-01 
2.174737e-02 -8.900166e-02 
9.410203e-04 -7.341229e-02 
3.152153e-04 -8.052823e-02 
-1.782217e-03 -5.281842e-02 
-9.161333e-04 -2.545676e-02 
-9.735100e-05 -2.211601e-03 
3.208034e-04 8.210433e-03 
9.055180e-01 4.566709e-01 
-3.549151e-02 5.514607e-01 
-4.209339e-02 5.953195e-01 
8.855200e-03 6.256783e-01 
2.027034e-02 6.348209e-01 
2.198160e-02 6.175873e-01 
2.297827e-02 5.660358e-01 
1.057860e+00 -3.683836e-01 
2.904080e-01 -6.838175e-01 
4.032576e-02 -6.422336e-01 
-1.094273e-02 -5.154898e-01 
-1.243445e-02 -4.225796e-01 
-1.136151e-02 -3.618218e-01 
-1.128764e-02 -3.448312e-01 
3.726739e-01 -3.433718e-01 
-4.159866e-03 -3.003835e-01 
3.328634e-03 -2.796202e-01 
-5.470701e-03 -2.449678e-01 
-5.026423e-03 -2.079438e-01 
-4.296201e-03 -1.627267e-01 
-3.130959e-03 -1.047044e-01 
3.832511e-02 2.435988e-01 
-1.096036e-03 2.056845e-01 
2.170164e-03 1.029887e-01 
-4.021624e-04 -2.802270e-02 
-1.799137e-03 -7.206526e-02 
-1.490956e-03 -4.832159e-02 
1.602494e-03 5.237867e-02 
9.673195e-01 4.413393e-01 
1.535879e-01 6.509738e-01 
3.483089e-03 5.923833e-01 
5.413531e-03 4.898464e-01 
1.008038e-02 4.634552e-01 
1.118545e-02 4.931492e-01 
1.513301e-02 5.853766e-01 
1.228534e+00 -4.305639e-01 
1.489748e-01 -6.649187e-01 
7.463156e-03 -7.107479e-01 
-1.109128e-02 -6.925113e-01 
-1.017978e-02 -6.351338e-01 
-1.048649e-02 -5.450472e-01 
-9.620055e-03 -4.304691e-01 
1.386757e-01 -2.897742e-01 
-9.419873e-03 -3.373517e-01 
-2.676886e-03 -3.513807e-01 
-3.877932e-03 -2.927327e-01 
-3.487649e-03 -2.034776e-01 
-1.817366e-03 -8.726964e-02 
1.189708e-03 5.497420e-02 
2.310288e-01 3.690139e-01 
-4.962914e-03 2.538233e-01 
9.330913e-04 1.318271e-01 
-4.920822e-04 2.681600e-02 
-5.572700e-04 7.190515e-03 
4.631421e-04 5.747985e-02 
3.985373e-03 1.887999e-01 
9.770316e-01 4.500698e-01 
2.663090e-01 7.226796e-01 
3.539728e-02 5.782064e-01 
-7.241356e-04 3.616858e-01 
1.204043e-03 2.822922e-01 
2.900730e-03 3.160180e-01 
9.082579e-03 4.784271e-01 
1.297046e+00 -5.771046e-01 
-9.910442e-02 -6.756100e-01 
-3.697929e-02 -8.195433e-01 
-3.015952e-04 -8.902243e-01 
-1.376390e-03 -8.482337e-01 
-5.522083e-03 -7.101892e-01 
-6.434789e-03 -4.752883e-01 
-3.048851e-02 2.129796e-02 
-2.260440e-03 -9.132569e-02 
-3.723545e-03 -1.740897e-01 
2.281871e-04 -2.126490e-01 
-1.847485e-03 -1.583673e-01 
-1.466255e-03 -3.101353e-02 
3.196506e-03 1.715376e-01 
9.898323e-01 4.501199e-01 
1.838339e-01 6.361647e-01 
3.071141e-02 5.851322e-01 
-1.616360e-02 4.993463e-01 
-4.210574e-03 4.892932e-01 
2.289266e-03 5.397751e-01 
1.452087e-02 6.596731e-01 
1.574887e+00 -5.383358e-01 
-9.522715e-03 -5.786405e-01 
-5.091623e-02 -5.901298e-01 
1.673405e-02 -6.346024e-01 
7.572951e-03 -6.457935e-01 
-7.657498e-04 -6.262725e-01 
-8.398651e-03 -5.774796e-01 
