poroelastic
-1.350538e-02 -1.184296e-01 
-2.449901e-02 -1.206909e-01 
-2.181027e-02 -3.790110e-03 
1.684109e-02 1.555207e-01 
1.987966e-02 2.019339e-01 
1.524724e-02 1.688070e-01 
3.391619e-03 4.053580e-02 
1.603221e-01 2.279973e-01 
-7.355313e-03 9.192765e-02 
-8.154435e-04 9.949965e-02 
1.688944e-02 1.692316e-01 
1.074887e-02 1.247228e-01 
8.616041e-04 2.169723e-02 
-1.041559e-02 -1.334490e-01 
3.386299e-01 -5.464245e-01 
6.357228e-03 -4.774087e-01 
-2.506967e-02 -2.243403e-01 
3.692807e-03 1.645513e-02 
1.176726e-02 1.194891e-01 
1.122090e-02 1.335335e-01 
4.956285e-03 6.853575e-02 
9.564133e-02 -3.521534e-01 
-1.060388e-02 -2.464368e-01 
-1.019608e-02 -1.005458e-01 
3.855970e-03 3.576273e-02 
6.308747e-03 7.259178e-02 
3.952652e-03 5.168912e-02 
-1.293546e-03 -1.789386e-02 
1.023921e-01 1.480695e-01 
-2.242570e-02 7.531964e-02 
-6.098601e-03 1.090129e-01 
1.649142e-02 1.595041e-01 
1.363651e-02 1.533880e-01 
9.454465e-03 1.172474e-01 
4.094282e-03 5.699817e-02 
3.138412e-01 3.615151e-01 
4.928126e-02 3.512541e-01 
1.744091e-02 2.751273e-01 
1.636200e-02 1.975436e-01 
5.878376e-03 8.702917e-02 
-4.001703e-03 -3.889886e-02 
-1.226675e-02 -1.762368e-01 
5.742782e-03 -3.669430e-01 
-2.457901e-02 -1.495794e-01 
-4.306391e-03 5.908858e-02 
1.530529e-02 1.570155e-01 
1.348004e-02 1.676982e-01 
7.584511e-03 1.091631e-01 
-1.250830e-03 -1.966420e-02 
-3.923070e-02 -7.500644e-02 
-7.097270e-03 -6.759392e-03 
-3.885431e-03 7.618258e-02 
1.469853e-02 1.453766e-01 
1.325998e-02 1.639636e-01 
1.002893e-02 1.401413e-01 
3.433410e-03 5.434335e-02 
8.881815e-02 2.218579e-01 
5.995760e-03 1.056593e-01 
5.101666e-03 7.403879e-02 
7.168803e-03 9.811428e-02 
3.264498e-03 5.528926e-02 
-2.643324e-03 -2.615792e-02 
-1.019517e-02 -1.578586e-01 
1.887476e-01 -4.745549e-01 
-1.602849e-02 -3.578093e-01 
-1.425563e-02 -9.342918e-02 
1.044761e-02 1.073822e-01 
1.282328e-02 1.674438e-01 
8.499155e-03 1.301644e-01 
1.211402e-04 2.091918e-03 
-6.671869e-03 -3.021485e-01 
-6.879919e-03 -9.906510e-02 
1.754600e-03 6.614832e-02 
1.293869e-02 1.555362e-01 
9.509395e-03 1.425545e-01 
3.293858e-03 6.294783e-02 
-4.444382e-03 -8.171859e-02 
1.179887e-01 1.956429e-01 
-5.760775e-03 2.240884e-01 
1.198242e-02 2.759638e-01 
2.347686e-02 2.885577e-01 
1.583342e-02 2.315464e-01 
7.840423e-03 1.309727e-01 
-6.204621e-04 -1.140813e-02 
2.190287e-01 3.713257e-01 
4.546989e-02 3.683496e-01 
1.906575e-02 2.646100e-01 
6.577937e-03 1.359978e-01 
-2.992469e-03 -4.155954e-03 
-9.513265e-03 -1.343810e-01 
-1.215349e-02 -2.483850e-01 
-9.734056e-02 -3.747023e-01 
-3.078779e-02 -1.093062e-01 
3.763462e-03 1.000393e-01 
1.718306e-02 1.712485e-01 
1.340217e-02 1.876108e-01 
9.883803e-03 1.680341e-01 
5.672177e-03 1.287650e-01 
-3.416785e-02 3.713158e-02 
1.377918e-02 1.955185e-01 
1.440452e-02 2.165406e-01 
5.279295e-03 1.056601e-01 
-9.864442e-04 6.451638e-03 
-4.765592e-03 -7.487694e-02 
-5.220932e-03 -1.218782e-01 
3.831340e-01 4.180966e-01 
2.040019e-02 4.301390e-01 
2.337531e-02 3.627309e-01 
1.618450e-02 2.146691e-01 
7.909631e-03 1.242432e-01 
4.615582e-03 8.107133e-02 
3.964151e-03 9.432269e-02 
4.177874e-01 4.781133e-01 
1.238073e-01 6.069751e-01 
3.014648e-02 4.396567e-01 
4.731006e-03 1.457529e-01 
-5.347695e-03 -5.607198e-02 
-9.175612e-03 -1.742268e-01 
-7.628847e-03 -1.989630e-01 
-2.721428e-01 -8.799968e-02 
5.103882e-02 2.641469e-01 
2.788597e-02 3.461736e-01 
1.265999e-02 1.929058e-01 
4.956572e-03 9.593222e-02 
2.068969e-03 4.300221e-02 
1.621153e-03 5.317872e-02 
1.131639e-01 3.555987e-01 
3.249087e-02 4.454235e-01 
2.805020e-02 3.792041e-01 
9.094353e-03 1.726775e-01 
2.454195e-03 5.422522e-02 
2.507214e-04 3.585385e-03 
7.208165e-04 2.140786e-02 
2.306808e-01 4.567992e-01 
4.855803e-02 4.682540e-01 
1.100451e-02 3.010702e-01 
1.697761e-04 6.227235e-02 
-5.614639e-03 -1.013654e-01 
-8.692628e-03 -2.001390e-01 
-9.124561e-03 -2.453711e-01 
-1.456660e-01 -3.943820e-01 
7.769053e-03 -4.625154e-02 
2.407818e-02 1.521973e-01 
9.498102e-03 1.772689e-01 
6.963237e-03 1.692653e-01 
4.979353e-03 1.383922e-01 
2.496988e-03 8.443621e-02 
