poroelastic
-7.401780e-03 -1.434934e-01 
-2.080922e-02 -1.512228e-01 
-1.876533e-02 -3.954779e-02 
1.510723e-02 9.790458e-02 
1.631298e-02 1.448286e-01 
1.215050e-02 1.323560e-01 
2.854106e-03 3.834793e-02 
-4.349262e-01 -1.046211e-01 
3.875033e-02 -2.791213e-01 
2.330685e-02 -2.538642e-01 
-3.519604e-02 -1.889113e-01 
-3.245457e-02 -2.275428e-01 
-3.138640e-02 -2.966054e-01 
-2.694275e-02 -3.880257e-01 
-3.071149e-01 -2.609014e-01 
-1.130361e-01 -1.007309e-01 
-3.428074e-02 9.458320e-02 
4.072845e-02 2.413843e-01 
3.555275e-02 3.018784e-01 
2.888541e-02 3.102772e-01 
1.816423e-02 2.806677e-01 
-3.765678e-04 -1.416109e-01 
-1.013794e-02 -9.151586e-02 
-4.467358e-03 8.516770e-03 
9.515321e-03 7.549854e-02 
7.531341e-03 7.826166e-02 
3.654679e-03 4.835902e-02 
-7.358858e-04 -1.131999e-02 
-5.866948e-02 -1.005657e-01 
4.693521e-03 -1.497576e-01 
-3.869054e-03 -9.113902e-02 
-3.568507e-03 -1.811752e-02 
-1.478156e-03 -2.499404e-03 
-2.797049e-03 -2.156767e-02 
-5.292701e-03 -8.216341e-02 
-3.507335e-01 -6.724637e-03 
-6.047370e-02 -1.764006e-01 
3.433408e-03 -1.766003e-01 
-2.391371e-02 -1.356854e-01 
-2.370559e-02 -1.792132e-01 
-2.579282e-02 -2.706657e-01 
-2.675370e-02 -4.153117e-01 
-6.322720e-01 -8.263195e-02 
-1.014349e-01 1.343773e-01 
-4.703108e-03 3.454140e-01 
6.801642e-02 4.711972e-01 
5.011710e-02 5.000225e-01 
3.654673e-02 4.531399e-01 
1.897663e-02 3.335095e-01 
-1.456433e-02 -1.010938e-01 
-1.149847e-02 -1.092296e-01 
-9.274894e-03 -4.003218e-02 
9.787822e-03 4.896842e-02 
1.020122e-02 9.634596e-02 
9.238739e-03 1.154261e-01 
5.219478e-03 9.383573e-02 
-5.316397e-01 -1.442652e-01 
-1.447510e-02 -3.812117e-01 
-3.880091e-03 -4.249999e-01 
-5.039950e-02 -3.852396e-01 
-4.297670e-02 -3.970739e-01 
-3.584630e-02 -4.217443e-01 
-2.715852e-02 -4.671565e-01 
-4.517186e-01 -1.175615e-01 
-1.365461e-01 7.267092e-02 
-1.095786e-02 2.195724e-01 
4.321040e-02 3.128945e-01 
3.292148e-02 3.358865e-01 
2.373920e-02 3.107637e-01 
1.214234e-02 2.389234e-01 
-1.571515e-01 -6.109091e-02 
-1.483106e-03 -1.958782e-02 
1.339396e-03 7.925360e-02 
2.318634e-02 1.719301e-01 
1.756041e-02 2.018589e-01 
1.173506e-02 1.782189e-01 
3.513232e-03 7.409465e-02 
-5.448105e-03 -1.103524e-01 
-1.249983e-02 -1.264239e-01 
-4.656042e-03 -3.115119e-02 
1.133684e-02 9.582829e-02 
9.879310e-03 1.288006e-01 
5.102806e-03 9.216981e-02 
-1.557912e-03 -3.311676e-02 
-5.133007e-01 -6.801351e-02 
-1.279177e-01 -3.021624e-01 
-3.130162e-02 -3.405870e-01 
-4.609731e-02 -3.108836e-01 
-3.587244e-02 -3.364933e-01 
-2.887616e-02 -3.859128e-01 
-1.967432e-02 -4.693839e-01 
-7.873811e-01 2.284413e-02 
-7.069142e-02 2.193650e-01 
2.648570e-02 3.811359e-01 
6.540438e-02 4.658172e-01 
4.208953e-02 4.910066e-01 
3.003868e-02 4.681310e-01 
1.522917e-02 4.059152e-01 
-5.598064e-02 1.079980e-01 
1.407067e-02 1.687541e-01 
1.600357e-02 1.918474e-01 
1.216341e-02 1.445736e-01 
4.658376e-03 8.451109e-02 
-1.654987e-04 1.583414e-02 
-2.348465e-03 -6.609254e-02 
-6.211070e-03 -6.873757e-02 
-5.986482e-03 -6.739254e-02 
-1.322523e-03 -2.180962e-02 
4.601604e-03 3.298931e-02 
4.228225e-03 5.733100e-02 
2.674083e-03 5.321481e-02 
2.810775e-04 8.220363e-03 
-4.653258e-01 -2.453198e-02 
-1.928198e-01 -2.262199e-01 
-5.410350e-02 -2.483270e-01 
-3.482028e-02 -2.271427e-01 
-2.463779e-02 -2.595452e-01 
-2.052979e-02 -3.328881e-01 
-1.447944e-02 -4.538226e-01 
-9.536826e-01 3.292250e-01 
1.313744e-01 4.526011e-01 
8.751476e-02 6.155214e-01 
7.202186e-02 6.464346e-01 
3.828907e-02 6.070006e-01 
2.268171e-02 5.016771e-01 
7.460977e-03 3.360838e-01 
5.821691e-02 5.310923e-02 
1.143301e-02 1.191858e-01 
2.359038e-02 1.750460e-01 
1.706655e-02 2.121025e-01 
9.896137e-03 1.912300e-01 
4.209227e-03 1.193109e-01 
-4.057572e-04 -1.593260e-02 
-5.963330e-01 -1.182873e-01 
-1.832622e-01 -3.609817e-01 
-7.143803e-02 -4.090736e-01 
-4.032431e-02 -3.782653e-01 
-2.794054e-02 -3.888840e-01 
-2.151605e-02 -4.286387e-01 
-1.444917e-02 -5.129577e-01 
-9.810669e-01 2.217980e-01 
5.626916e-02 2.399110e-01 
7.334263e-02 3.154036e-01 
4.206064e-02 3.843823e-01 
2.515805e-02 4.250399e-01 
1.853632e-02 4.451399e-01 
8.366862e-03 4.494917e-01 
