poroelastic
3.287054e-02 -8.435051e-02 
3.043629e-02 -1.096560e-01 
2.253560e-02 -1.019743e-01 
-1.478963e-02 -1.256089e-01 
-1.860005e-02 -1.815092e-01 
-2.179313e-02 -2.404093e-01 
-2.400669e-02 -3.050335e-01 
1.398845e-01 -2.539497e-03 
-1.191005e-02 4.742292e-02 
-7.546169e-03 9.943916e-02 
8.700582e-03 6.543401e-02 
7.076777e-03 6.038838e-02 
8.998950e-03 9.476693e-02 
1.379652e-02 1.893636e-01 
-1.495796e-01 1.311391e-01 
-8.140789e-03 3.075779e-01 
2.431981e-02 2.657039e-01 
4.701103e-04 3.132065e-02 
-1.052650e-02 -1.102102e-01 
-1.159099e-02 -1.492593e-01 
-3.816285e-03 -5.743440e-02 
2.344091e-01 1.233232e-01 
3.410284e-02 1.594702e-01 
3.508566e-02 1.687115e-02 
-3.068157e-02 -2.586407e-01 
-3.671764e-02 -4.055977e-01 
-3.419279e-02 -4.373934e-01 
-2.365463e-02 -3.593305e-01 
1.273519e-01 1.508263e-02 
-3.367789e-02 2.583484e-02 
-1.969129e-02 4.268101e-02 
1.166150e-02 6.431149e-02 
1.687920e-02 1.660628e-01 
2.497125e-02 3.100014e-01 
2.941254e-02 4.485582e-01 
-3.665753e-01 -4.423503e-02 
-6.510598e-02 -1.941347e-01 
-9.774837e-04 -2.172877e-01 
-2.246676e-02 -2.243760e-01 
-1.997557e-02 -2.285853e-01 
-1.714809e-02 -2.242282e-01 
-1.470135e-02 -2.340190e-01 
-2.869016e-01 2.504749e-01 
-4.458391e-03 4.237956e-01 
2.877490e-02 4.221961e-01 
1.549491e-02 2.284184e-01 
-4.760811e-04 2.989203e-02 
-1.048732e-02 -1.331319e-01 
-1.324193e-02 -2.332610e-01 
-6.865071e-02 2.634439e-01 
1.429926e-02 3.811327e-01 
1.847499e-02 3.469368e-01 
1.364442e-02 1.668196e-01 
3.427648e-03 4.621342e-02 
2.307718e-04 -7.684460e-04 
2.313596e-03 4.128308e-02 
-4.665183e-01 -1.287398e-02 
-2.366906e-03 -1.499883e-01 
5.338920e-03 -2.898122e-01 
-3.969509e-02 -4.370421e-01 
-3.817762e-02 -5.016165e-01 
-3.146207e-02 -4.689528e-01 
-1.964648e-02 -3.432979e-01 
-1.301721e-01 1.096563e-02 
-3.106151e-02 6.664648e-02 
-3.899382e-03 2.959622e-02 
1.697660e-03 -6.448243e-03 
2.017203e-03 1.479628e-04 
6.150126e-03 7.610015e-02 
1.118144e-02 2.179183e-01 
-1.825367e-01 8.365183e-03 
-1.375151e-03 8.005839e-04 
-2.434384e-03 4.083682e-02 
1.370931e-02 1.064113e-01 
1.288746e-02 1.518326e-01 
1.378259e-02 2.090064e-01 
1.344893e-02 2.829637e-01 
-3.311081e-02 -6.563662e-02 
1.181546e-04 -7.003501e-02 
-1.582197e-03 -4.278080e-02 
-1.487927e-03 -5.967458e-04 
-2.501755e-03 -2.625323e-02 
-4.157851e-03 -6.565872e-02 
-4.192791e-03 -8.846884e-02 
-7.355386e-01 -4.024913e-04 
-1.722764e-01 -2.773218e-01 
-3.146177e-02 -4.080982e-01 
-4.969585e-02 -4.783703e-01 
-4.305754e-02 -5.747352e-01 
-3.882195e-02 -6.569536e-01 
-2.934064e-02 -6.829837e-01 
-6.423541e-01 1.514495e-01 
-5.465219e-02 3.435551e-01 
2.164541e-02 4.025508e-01 
3.362410e-02 3.697967e-01 
2.157958e-02 3.133865e-01 
1.465328e-02 2.592885e-01 
1.017806e-02 2.665249e-01 
-6.074622e-02 2.013882e-01 
1.964596e-02 2.763400e-01 
1.483163e-02 2.307674e-01 
5.356441e-03 9.253681e-02 
-2.997033e-04 2.074103e-03 
-2.212149e-03 -4.822294e-02 
-1.496267e-04 -4.136640e-03 
-3.002594e-02 -1.953761e-02 
-2.720518e-04 -7.667022e-03 
-1.743341e-03 -2.547407e-02 
-3.788693e-03 -5.865119e-02 
-2.694211e-03 -5.760329e-02 
-1.029761e-03 -3.506852e-02 
2.211748e-03 6.245768e-02 
-8.743632e-01 9.044268e-02 
-3.363332e-01 -2.337486e-01 
-8.302750e-02 -3.975021e-01 
-5.532068e-02 -5.454179e-01 
-4.180660e-02 -6.588030e-01 
-3.495587e-02 -7.421442e-01 
-2.307720e-02 -7.300392e-01 
-1.161194e+00 4.885092e-01 
1.400167e-01 6.694080e-01 
7.942363e-02 7.724563e-01 
5.653716e-02 6.799013e-01 
3.459312e-02 6.106849e-01 
2.390666e-02 5.538906e-01 
1.388670e-02 5.863903e-01 
1.158198e-01 2.296294e-01 
2.930587e-02 3.713589e-01 
3.247966e-02 3.368598e-01 
1.460926e-02 1.871716e-01 
8.243636e-03 1.334436e-01 
7.283301e-03 1.508670e-01 
7.607329e-03 3.063295e-01 
-9.444749e-01 7.959924e-02 
-2.398382e-01 -1.938821e-01 
-8.936529e-02 -4.279000e-01 
-5.483793e-02 -7.167020e-01 
-4.219980e-02 -8.800238e-01 
-3.544537e-02 -9.426954e-01 
-2.349061e-02 -8.578575e-01 
-1.518874e+00 5.102074e-01 
5.924844e-02 7.543505e-01 
9.792397e-02 8.394292e-01 
3.727490e-02 6.940668e-01 
2.160984e-02 5.573430e-01 
1.292180e-02 4.170416e-01 
6.045168e-03 2.921972e-01 
