poroelastic
-2.330213e-02 2.102856e-01 
-1.358745e-02 2.963256e-01 
1.198855e-04 2.259250e-01 
2.049371e-03 5.152932e-02 
-3.814297e-04 -2.254454e-02 
-1.310094e-04 -2.359391e-02 
1.840248e-03 8.903524e-02 
-7.519742e-01 -5.448734e-01 
8.205681e-02 -2.324553e-01 
3.616598e-02 -2.492415e-01 
-2.555595e-02 -4.269642e-01 
-1.690016e-02 -4.646517e-01 
-1.095606e-02 -4.116140e-01 
-3.749031e-03 -2.202688e-01 
-1.054120e+00 8.039614e-01 
-2.047134e-01 9.824607e-01 
-1.302461e-02 6.816234e-01 
9.963701e-03 2.891777e-01 
3.702621e-03 9.319444e-02 
2.334002e-03 5.513575e-02 
2.554457e-03 2.145329e-01 
-2.871563e-01 5.824969e-01 
-7.027247e-03 5.120569e-01 
1.689794e-03 3.253790e-01 
2.498798e-03 8.615601e-02 
1.190415e-05 -1.958474e-02 
2.317875e-04 -2.043268e-02 
1.227846e-03 1.132558e-01 
-1.296655e-01 -2.721181e-01 
2.041474e-02 -9.687524e-02 
5.714500e-03 -8.688723e-02 
-5.249009e-03 -1.449849e-01 
-3.551158e-03 -1.582124e-01 
-2.388346e-03 -1.407449e-01 
-8.810014e-04 -7.561905e-02 
-8.256500e-01 -6.196740e-01 
-8.468459e-02 -6.064196e-01 
1.732889e-03 -4.455338e-01 
-8.638642e-03 -3.413956e-01 
-5.469615e-03 -2.610874e-01 
-3.429572e-03 -2.067848e-01 
-1.850442e-03 -1.698647e-01 
-7.471525e-01 6.511826e-01 
-9.344495e-02 6.758548e-01 
-3.571749e-03 5.133109e-01 
8.775098e-03 3.481924e-01 
4.915520e-03 2.474655e-01 
2.820094e-03 1.967285e-01 
1.137426e-03 2.007814e-01 
-2.724200e-02 2.370388e-01 
2.358053e-03 2.080690e-01 
1.632102e-03 1.241557e-01 
-3.759364e-04 -5.724674e-03 
-5.759439e-04 -4.823049e-02 
-2.776010e-04 -4.064827e-02 
1.442396e-04 2.505768e-02 
-6.493449e-01 -4.628928e-01 
1.308855e-02 -3.105675e-01 
5.439677e-03 -3.102154e-01 
-6.308580e-03 -4.212723e-01 
-5.253511e-03 -4.345181e-01 
-3.889280e-03 -3.936857e-01 
-2.208787e-03 -2.938804e-01 
-9.300403e-01 7.690457e-01 
-1.929075e-01 9.332138e-01 
-8.808506e-03 6.497525e-01 
3.089908e-03 3.013465e-01 
1.182708e-03 1.180820e-01 
5.184861e-04 5.503860e-02 
1.240900e-04 9.879618e-02 
-3.800692e-01 6.055894e-01 
1.372321e-02 4.355836e-01 
4.444987e-03 2.818710e-01 
2.328233e-03 1.373259e-01 
8.808869e-04 8.870552e-02 
4.444593e-04 1.021839e-01 
-3.842577e-04 1.610133e-01 
-1.086201e-01 -2.739130e-01 
2.915399e-03 -2.047440e-01 
-3.055157e-03 -1.805458e-01 
-1.225736e-03 -1.604340e-01 
-3.143179e-04 -1.340766e-01 
-3.316510e-05 -1.006261e-01 
1.468129e-04 -6.793413e-02 
-7.773637e-01 -6.499035e-01 
-1.146072e-01 -6.726122e-01 
-1.387042e-02 -5.065845e-01 
-2.040589e-03 -3.528906e-01 
-3.426682e-04 -2.438215e-01 
2.897543e-04 -1.680091e-01 
6.755312e-04 -1.216307e-01 
-7.852428e-01 6.649804e-01 
-7.750463e-02 6.578190e-01 
7.575511e-03 4.990864e-01 
2.608705e-03 3.730603e-01 
-2.109528e-04 2.662134e-01 
-8.211076e-04 1.861499e-01 
-1.422913e-03 1.472268e-01 
-8.366164e-02 2.439084e-01 
1.242704e-02 1.797867e-01 
5.630604e-03 1.652978e-01 
8.248498e-04 1.678112e-01 
-5.595514e-04 1.401678e-01 
-7.266144e-04 9.208695e-02 
-4.493945e-04 3.691445e-02 
-3.606354e-01 -5.682164e-01 
-4.693030e-03 -4.276460e-01 
-4.952213e-03 -2.614882e-01 
-1.783818e-04 -8.568083e-02 
-9.625243e-05 -2.515300e-02 
2.597121e-04 -5.075009e-02 
1.935322e-03 -1.569826e-01 
-9.622993e-01 -7.059631e-01 
-2.338226e-01 -9.058614e-01 
-2.868027e-02 -6.313031e-01 
8.789482e-04 -2.769646e-01 
7.518459e-04 -1.022144e-01 
6.810133e-04 -7.207453e-02 
2.901555e-03 -1.944907e-01 
-6.057868e-01 5.106048e-01 
4.622018e-02 3.289970e-01 
3.058768e-02 3.302405e-01 
-9.977462e-05 4.359966e-01 
-5.791677e-03 4.362407e-01 
-6.095714e-03 3.549930e-01 
-3.519427e-03 1.643607e-01 
-2.975090e-02 -2.386209e-01 
-2.692824e-03 -1.989347e-01 
2.946581e-03 -9.402424e-02 
-7.788431e-04 5.967752e-02 
-1.897669e-03 1.100963e-01 
-1.360088e-03 7.338481e-02 
1.470496e-03 -7.962514e-02 
-8.588143e-01 -6.476205e-01 
-1.396403e-01 -6.861785e-01 
-3.071662e-02 -5.159947e-01 
6.450420e-03 -3.402988e-01 
5.161022e-03 -2.556252e-01 
4.635145e-03 -2.500105e-01 
5.048894e-03 -3.400562e-01 
-9.901925e-01 7.183077e-01 
4.036594e-03 5.210470e-01 
3.691484e-02 3.678673e-01 
-7.082902e-03 3.432295e-01 
-7.827086e-03 3.189588e-01 
-6.688332e-03 2.952221e-01 
-5.456665e-03 2.602281e-01 
