poroelastic
-1.925031e-02 -1.357557e-01 
-3.500039e-02 -1.358548e-01 
-3.008769e-02 -2.702207e-03 
2.541773e-02 1.701326e-01 
2.748977e-02 2.214947e-01 
2.037146e-02 1.871930e-01 
5.418600e-03 5.721143e-02 
1.875161e-01 2.076801e-01 
-1.447364e-02 1.014260e-01 
-3.203002e-03 1.384179e-01 
2.795768e-02 2.137422e-01 
1.778517e-02 1.626550e-01 
3.157245e-03 4.685732e-02 
-1.065785e-02 -1.200596e-01 
3.305980e-01 -5.430625e-01 
-3.289357e-03 -4.628723e-01 
-3.051157e-02 -2.007854e-01 
8.494443e-03 3.598252e-02 
1.569758e-02 1.286239e-01 
1.301843e-02 1.286945e-01 
4.065172e-03 4.856355e-02 
8.374798e-02 -3.429081e-01 
-1.426843e-02 -2.399460e-01 
-1.251884e-02 -8.106104e-02 
7.798514e-03 5.645673e-02 
9.315264e-03 8.554906e-02 
4.821857e-03 5.345431e-02 
-2.305055e-03 -2.727088e-02 
1.023509e-01 1.236632e-01 
-3.313701e-02 6.796472e-02 
-9.335775e-03 1.204206e-01 
2.605501e-02 1.775916e-01 
2.022604e-02 1.706714e-01 
1.347162e-02 1.322693e-01 
6.192828e-03 7.431323e-02 
2.995351e-01 3.290864e-01 
4.898184e-02 3.314196e-01 
2.156311e-02 2.789271e-01 
2.331390e-02 2.159105e-01 
8.530835e-03 1.029218e-01 
-4.942722e-03 -3.292962e-02 
-1.495033e-02 -1.797161e-01 
5.613318e-03 -3.666313e-01 
-3.057664e-02 -1.561444e-01 
-5.457127e-03 5.985983e-02 
2.192424e-02 1.640550e-01 
1.711382e-02 1.690199e-01 
8.587874e-03 1.023244e-01 
-2.132720e-03 -2.831477e-02 
-6.005785e-02 -9.323087e-02 
-1.611584e-02 -1.799034e-02 
-9.580364e-03 8.924374e-02 
2.802149e-02 1.885721e-01 
2.348744e-02 2.150472e-01 
1.715886e-02 1.869332e-01 
6.876175e-03 9.307614e-02 
9.398473e-02 1.967734e-01 
5.697130e-03 9.841484e-02 
7.197175e-03 9.713155e-02 
1.422055e-02 1.419995e-01 
6.660147e-03 8.925054e-02 
-3.713538e-03 -1.810596e-02 
-1.392673e-02 -1.828145e-01 
1.628146e-01 -4.798313e-01 
-2.974422e-02 -3.411868e-01 
-1.723415e-02 -5.705138e-02 
1.999859e-02 1.477533e-01 
1.875796e-02 1.904453e-01 
9.798952e-03 1.260346e-01 
-2.321414e-03 -3.420873e-02 
-4.929460e-02 -3.082250e-01 
-9.620219e-03 -8.937151e-02 
2.572070e-03 9.906549e-02 
2.394230e-02 2.035678e-01 
1.627111e-02 1.870582e-01 
5.842258e-03 9.005885e-02 
-5.667379e-03 -8.776305e-02 
1.121203e-01 1.806462e-01 
-1.254309e-02 2.282792e-01 
1.562850e-02 3.062532e-01 
3.873999e-02 3.296904e-01 
2.392764e-02 2.626821e-01 
1.045918e-02 1.417994e-01 
-1.687591e-03 -2.635564e-02 
2.148968e-01 3.347002e-01 
5.068503e-02 3.416953e-01 
2.660376e-02 2.700586e-01 
1.163465e-02 1.645853e-01 
-2.995053e-03 2.287614e-02 
-1.203741e-02 -1.180283e-01 
-1.422042e-02 -2.446886e-01 
-1.519138e-01 -3.783003e-01 
-3.925681e-02 -9.892480e-02 
5.399698e-03 1.350501e-01 
3.117527e-02 2.202688e-01 
2.090383e-02 2.249732e-01 
1.368582e-02 1.815813e-01 
6.188561e-03 1.154042e-01 
-4.968549e-02 4.680695e-02 
1.652226e-02 2.124830e-01 
2.271259e-02 2.562354e-01 
1.177580e-02 1.543074e-01 
6.374796e-04 3.864187e-02 
-6.129455e-03 -6.599376e-02 
-6.986600e-03 -1.345042e-01 
4.089898e-01 3.922751e-01 
1.384481e-02 4.285740e-01 
3.176535e-02 3.879911e-01 
2.960940e-02 2.592618e-01 
1.460345e-02 1.617981e-01 
7.976709e-03 1.037545e-01 
5.359714e-03 1.069042e-01 
3.768330e-01 4.617614e-01 
1.249657e-01 5.955878e-01 
4.020643e-02 4.469619e-01 
5.633899e-03 1.598678e-01 
-1.008234e-02 -6.346259e-02 
-1.559417e-02 -2.116219e-01 
-1.224145e-02 -2.562439e-01 
-3.492393e-01 -6.603330e-02 
6.278034e-02 2.941291e-01 
4.275229e-02 4.004196e-01 
2.520817e-02 2.523378e-01 
9.849606e-03 1.407823e-01 
4.062398e-03 6.455604e-02 
2.400341e-03 6.353773e-02 
1.360539e-01 3.739988e-01 
3.863722e-02 4.913697e-01 
4.475134e-02 4.507716e-01 
2.044947e-02 2.543040e-01 
7.465636e-03 1.185231e-01 
1.707412e-03 3.098178e-02 
4.650024e-04 1.117718e-02 
2.126176e-01 4.409187e-01 
5.727110e-02 4.754399e-01 
2.067073e-02 3.361619e-01 
3.280382e-04 1.065751e-01 
-1.065772e-02 -8.608381e-02 
-1.577082e-02 -2.388394e-01 
-1.521712e-02 -3.471509e-01 
-2.848489e-01 -4.006345e-01 
1.422375e-02 -2.330999e-02 
3.768160e-02 2.155138e-01 
2.610206e-02 2.722708e-01 
1.554637e-02 2.541830e-01 
8.979747e-03 1.865132e-01 
2.474489e-03 7.483204e-02 
