poroelastic
-1.078593e-02 -8.492319e-02 
-2.117403e-02 -1.005015e-01 
-2.261046e-02 -2.559215e-02 
1.301671e-02 1.081723e-01 
1.690522e-02 1.559944e-01 
1.358820e-02 1.360738e-01 
4.323729e-03 4.724542e-02 
6.054646e-01 4.513028e-01 
-6.056266e-02 3.633329e-01 
-3.651258e-02 3.542331e-01 
5.042964e-02 4.125241e-01 
4.344867e-02 3.867630e-01 
2.956494e-02 2.987210e-01 
1.301624e-02 1.524877e-01 
8.470859e-01 -6.107945e-01 
1.284987e-01 -6.735498e-01 
-2.156505e-03 -4.534919e-01 
-2.345315e-02 -2.015688e-01 
-1.066050e-02 -9.386260e-02 
-8.727495e-03 -8.328274e-02 
-1.343109e-02 -1.678537e-01 
1.759498e-01 -4.278105e-01 
-3.941725e-03 -3.320808e-01 
-1.218032e-02 -1.903731e-01 
-2.614830e-03 -2.799082e-02 
2.962490e-03 3.181494e-02 
2.206264e-03 2.747206e-02 
-2.452026e-03 -3.026803e-02 
1.839147e-01 2.938830e-01 
-4.944520e-02 2.104392e-01 
-1.481932e-02 2.139002e-01 
2.828619e-02 2.360340e-01 
2.283309e-02 2.201622e-01 
1.792917e-02 1.920576e-01 
1.375524e-02 1.720575e-01 
7.465793e-01 5.663730e-01 
1.044496e-01 6.656809e-01 
1.267737e-02 5.351009e-01 
3.850088e-02 3.837818e-01 
2.530726e-02 2.602492e-01 
1.466189e-02 1.642320e-01 
9.125205e-03 1.150106e-01 
6.838366e-01 -5.063390e-01 
7.191483e-02 -4.199373e-01 
9.003164e-03 -3.040120e-01 
-3.109268e-02 -2.546299e-01 
-2.457745e-02 -2.497207e-01 
-2.397703e-02 -2.733766e-01 
-2.307764e-02 -3.186303e-01 
-4.566825e-02 -8.205891e-02 
-9.514379e-03 1.706887e-02 
-7.103756e-03 8.822724e-02 
1.692136e-02 1.513372e-01 
1.477924e-02 1.636305e-01 
1.075855e-02 1.330799e-01 
3.604163e-03 5.038640e-02 
5.889370e-01 4.738680e-01 
3.020381e-03 4.756942e-01 
-8.191162e-03 4.685694e-01 
4.630812e-02 4.890615e-01 
4.093155e-02 4.414236e-01 
2.866387e-02 3.437597e-01 
1.416274e-02 1.927898e-01 
7.846501e-01 -6.445784e-01 
1.262912e-01 -6.671959e-01 
-5.325623e-03 -3.913523e-01 
-1.718375e-02 -1.555947e-01 
-8.702417e-03 -7.892524e-02 
-9.812214e-03 -1.072470e-01 
-1.489201e-02 -2.284386e-01 
1.869828e-01 -4.531357e-01 
-1.064676e-02 -1.822132e-01 
2.038383e-03 -2.129209e-02 
1.270295e-03 4.414566e-02 
-8.392967e-04 1.091738e-02 
-6.438279e-03 -7.545915e-02 
-1.196603e-02 -1.925634e-01 
1.526117e-01 3.750780e-01 
-9.582804e-03 4.112393e-01 
1.582381e-02 3.994265e-01 
2.794951e-02 3.075949e-01 
1.586095e-02 2.034355e-01 
7.433324e-03 1.051571e-01 
2.254254e-03 3.629372e-02 
7.853883e-01 6.428823e-01 
1.647184e-01 8.183640e-01 
4.350823e-02 6.839889e-01 
4.196075e-02 4.626143e-01 
2.300831e-02 2.836622e-01 
1.098901e-02 1.555566e-01 
5.812035e-03 1.033686e-01 
6.600555e-01 -6.226732e-01 
2.865537e-02 -4.285891e-01 
-1.017995e-02 -2.631236e-01 
-2.352878e-02 -2.224911e-01 
-1.567312e-02 -2.046110e-01 
-1.215295e-02 -1.847871e-01 
-7.143860e-03 -1.371635e-01 
2.788815e-02 -8.596464e-02 
5.926874e-03 7.576198e-02 
7.992430e-03 8.003102e-02 
-5.781622e-03 -3.473995e-02 
-9.139078e-03 -1.160231e-01 
-9.376477e-03 -1.478700e-01 
-4.618959e-03 -9.027025e-02 
5.780957e-01 7.105741e-01 
1.424585e-02 6.885091e-01 
3.195174e-02 5.308871e-01 
2.211542e-02 2.617133e-01 
8.706469e-03 1.113358e-01 
5.546426e-03 7.348059e-02 
9.475630e-03 1.905394e-01 
1.031254e+00 7.978036e-01 
3.345910e-01 1.143418e+00 
8.114000e-02 8.693704e-01 
2.783127e-02 3.825425e-01 
6.721426e-03 9.901744e-02 
7.789539e-04 3.244017e-04 
6.109816e-03 1.291051e-01 
5.561007e-01 -4.763216e-01 
-4.963726e-02 -6.390136e-02 
-1.909379e-02 -1.029977e-01 
-3.369575e-02 -3.635347e-01 
-2.607106e-02 -4.582007e-01 
-1.991273e-02 -4.113627e-01 
-6.810681e-03 -1.742854e-01 
1.149927e-01 4.849683e-01 
3.256611e-02 5.389894e-01 
2.441012e-02 3.776064e-01 
2.071363e-03 4.282606e-02 
-4.710098e-03 -9.619058e-02 
-3.463035e-03 -8.243219e-02 
5.240918e-03 1.200868e-01 
8.682631e-01 8.349972e-01 
2.181563e-01 1.046324e+00 
6.520666e-02 8.164757e-01 
2.407891e-02 4.213486e-01 
9.742361e-03 1.800483e-01 
3.327041e-03 6.393175e-02 
4.181652e-03 9.016220e-02 
7.434778e-01 -8.478668e-01 
-3.705127e-02 -3.130057e-01 
-1.934851e-02 -7.357400e-02 
-8.460629e-03 -9.166306e-02 
-7.229758e-03 -1.379417e-01 
-9.524564e-03 -2.065766e-01 
-1.089645e-02 -2.970825e-01 
