poroelastic
-2.098986e-02 -9.101815e-02 
-3.533145e-02 -1.043396e-01 
-3.564038e-02 -1.962655e-02 
2.018613e-02 1.247315e-01 
2.563200e-02 1.853762e-01 
2.246355e-02 1.799142e-01 
1.224294e-02 1.122185e-01 
5.540538e-01 4.098723e-01 
-6.836836e-02 3.478531e-01 
-4.094271e-02 3.415330e-01 
6.075358e-02 3.901778e-01 
5.264236e-02 3.699878e-01 
3.594407e-02 2.923529e-01 
1.678287e-02 1.632927e-01 
8.022199e-01 -5.542476e-01 
1.212428e-01 -6.129914e-01 
-4.022660e-03 -4.202282e-01 
-2.923195e-02 -1.932979e-01 
-1.375588e-02 -9.729411e-02 
-1.075603e-02 -8.287626e-02 
-1.456410e-02 -1.487407e-01 
1.513486e-01 -3.955522e-01 
-7.736157e-03 -3.132711e-01 
-1.811867e-02 -1.788999e-01 
-1.639441e-03 -1.925842e-02 
5.528383e-03 4.296199e-02 
5.157812e-03 4.651511e-02 
4.410324e-04 4.439404e-03 
1.796881e-01 2.666928e-01 
-6.512412e-02 1.983288e-01 
-2.189561e-02 2.150319e-01 
4.059357e-02 2.485515e-01 
3.271386e-02 2.401837e-01 
2.598226e-02 2.175651e-01 
2.005100e-02 2.051285e-01 
6.899136e-01 5.163368e-01 
9.488605e-02 6.245680e-01 
1.361316e-02 5.157436e-01 
5.079323e-02 3.806605e-01 
3.339114e-02 2.642235e-01 
1.903955e-02 1.675044e-01 
1.117839e-02 1.139399e-01 
6.432458e-01 -4.723022e-01 
7.437664e-02 -3.881884e-01 
1.109857e-02 -2.759563e-01 
-3.849214e-02 -2.238756e-01 
-2.972344e-02 -2.268388e-01 
-2.940431e-02 -2.581905e-01 
-2.786859e-02 -3.107027e-01 
-6.845738e-02 -7.556037e-02 
-1.847448e-02 2.569639e-02 
-1.328425e-02 1.067582e-01 
2.945680e-02 1.870505e-01 
2.478599e-02 2.049699e-01 
1.821258e-02 1.732351e-01 
7.492581e-03 8.514965e-02 
5.411478e-01 4.396700e-01 
-5.660046e-03 4.615639e-01 
-1.146640e-02 4.656970e-01 
6.514113e-02 4.917047e-01 
5.555576e-02 4.448226e-01 
3.696689e-02 3.415534e-01 
1.671112e-02 1.849821e-01 
7.280863e-01 -6.216577e-01 
1.096345e-01 -6.234100e-01 
-9.187367e-03 -3.456327e-01 
-1.881178e-02 -1.123472e-01 
-9.010699e-03 -5.099190e-02 
-1.192165e-02 -9.410200e-02 
-1.799068e-02 -2.226310e-01 
1.403055e-01 -4.366621e-01 
-1.133199e-02 -1.524374e-01 
4.212087e-03 2.009010e-02 
7.347737e-03 9.076578e-02 
2.046141e-03 4.473709e-02 
-6.877265e-03 -5.597063e-02 
-1.396657e-02 -1.796468e-01 
1.449468e-01 3.658905e-01 
-1.656359e-02 4.205247e-01 
2.098948e-02 4.265469e-01 
4.446132e-02 3.442392e-01 
2.444146e-02 2.311132e-01 
1.080931e-02 1.173526e-01 
2.612793e-03 3.399658e-02 
7.576627e-01 6.123473e-01 
1.635817e-01 8.051040e-01 
5.331756e-02 6.957229e-01 
6.270172e-02 4.875418e-01 
3.391773e-02 3.050327e-01 
1.538082e-02 1.643647e-01 
6.871114e-03 9.748230e-02 
6.082542e-01 -6.112856e-01 
2.157520e-02 -3.842372e-01 
-8.242300e-03 -2.079699e-01 
-2.753363e-02 -1.675434e-01 
-1.856772e-02 -1.701849e-01 
-1.543884e-02 -1.724389e-01 
-9.487218e-03 -1.434425e-01 
6.587773e-03 -5.859927e-02 
1.142810e-02 1.178900e-01 
1.634902e-02 1.381361e-01 
-2.867857e-03 1.955918e-02 
-1.005097e-02 -8.271042e-02 
-1.198950e-02 -1.378738e-01 
-6.267580e-03 -9.735926e-02 
6.134522e-01 7.047897e-01 
8.582594e-03 7.145775e-01 
4.519206e-02 5.812520e-01 
3.927634e-02 3.138303e-01 
1.599261e-02 1.461862e-01 
9.213954e-03 8.854441e-02 
1.200085e-02 1.931428e-01 
9.825438e-01 7.848261e-01 
3.481322e-01 1.151168e+00 
1.037979e-01 9.012178e-01 
4.172949e-02 4.048736e-01 
8.616244e-03 9.516956e-02 
-1.106128e-03 -2.918788e-02 
5.186258e-03 8.616811e-02 
4.812252e-01 -4.549072e-01 
-3.225435e-02 -2.703428e-03 
-9.325323e-03 -2.564417e-02 
-4.602507e-02 -3.002136e-01 
-3.513613e-02 -4.209177e-01 
-2.609129e-02 -3.916269e-01 
-7.689536e-03 -1.546600e-01 
1.351213e-01 5.236815e-01 
4.249129e-02 6.045073e-01 
4.128817e-02 4.529994e-01 
7.534004e-03 9.560653e-02 
-4.713591e-03 -7.046045e-02 
-3.911367e-03 -7.852645e-02 
6.334751e-03 1.167519e-01 
8.299627e-01 8.401144e-01 
2.383025e-01 1.088444e+00 
8.797681e-02 8.714981e-01 
3.984311e-02 4.513846e-01 
1.311688e-02 1.734042e-01 
1.203613e-03 1.715055e-02 
5.619250e-04 1.007767e-02 
6.051332e-01 -8.748274e-01 
-3.478477e-02 -2.672277e-01 
-6.803755e-03 1.371286e-02 
-7.223122e-03 1.289689e-02 
-7.315831e-03 -5.435524e-02 
-1.202624e-02 -1.603322e-01 
-1.294698e-02 -2.990101e-01 
