poroelastic
-7.454627e-03 7.960491e-02 
-1.930818e-03 1.144096e-01 
2.147045e-03 6.625433e-02 
-1.706560e-03 -3.723984e-02 
-1.491031e-03 -5.138012e-02 
1.422244e-03 -1.222879e-03 
3.137182e-03 1.101537e-01 
-1.232336e+00 -6.004115e-01 
1.232248e-01 -5.622042e-01 
4.631932e-02 -6.299172e-01 
-8.266520e-02 -7.601844e-01 
-5.442577e-02 -7.573992e-01 
-3.227375e-02 -6.521664e-01 
-1.104574e-02 -4.404572e-01 
-1.175904e+00 6.944376e-01 
-2.107533e-01 8.614517e-01 
-9.307342e-03 6.194666e-01 
3.255504e-02 3.190993e-01 
1.819831e-02 2.133724e-01 
1.467607e-02 2.504558e-01 
9.224780e-03 4.383247e-01 
-2.070054e-01 4.685630e-01 
2.517887e-03 3.556200e-01 
5.551018e-03 1.896707e-01 
2.545954e-03 1.116474e-02 
5.551622e-04 -3.042179e-02 
2.573742e-03 1.889240e-02 
3.234109e-03 1.564757e-01 
-2.604926e-01 -3.909391e-01 
4.324850e-02 -3.099593e-01 
1.395464e-03 -3.052432e-01 
-2.634425e-02 -3.064236e-01 
-1.507153e-02 -2.643056e-01 
-8.709217e-03 -2.105930e-01 
-3.422900e-03 -1.616023e-01 
-1.212541e+00 -6.417622e-01 
-1.650004e-01 -8.378214e-01 
-1.519322e-02 -7.232897e-01 
-4.405338e-02 -5.830663e-01 
-2.735341e-02 -4.788511e-01 
-1.714881e-02 -4.126035e-01 
-8.802586e-03 -4.026046e-01 
-1.061121e+00 6.068165e-01 
-1.304824e-01 6.742841e-01 
5.803586e-03 5.971444e-01 
4.741759e-02 5.372443e-01 
2.887386e-02 5.143685e-01 
1.983480e-02 5.149027e-01 
8.295956e-03 5.347905e-01 
2.032979e-02 1.059381e-01 
1.133685e-03 2.940971e-03 
-1.537744e-03 -8.410721e-02 
-9.098427e-03 -1.568043e-01 
-4.543107e-03 -1.373364e-01 
-6.467709e-04 -5.898263e-02 
1.203426e-03 8.089362e-02 
-1.120002e+00 -5.795893e-01 
-8.504784e-04 -6.756220e-01 
-7.672376e-03 -7.596295e-01 
-5.478808e-02 -8.396935e-01 
-3.791503e-02 -8.020038e-01 
-2.256370e-02 -6.800203e-01 
-8.215225e-03 -4.675536e-01 
-1.095477e+00 7.063446e-01 
-2.180919e-01 8.854312e-01 
2.221182e-03 6.239683e-01 
2.415535e-02 3.404357e-01 
1.303640e-02 2.321499e-01 
9.592936e-03 2.489831e-01 
4.425485e-03 3.952746e-01 
-3.077040e-01 5.339855e-01 
1.974781e-02 3.077430e-01 
6.871427e-03 1.458808e-01 
7.322826e-03 4.802762e-02 
4.649099e-03 5.805245e-02 
4.448231e-03 1.260541e-01 
1.884780e-03 2.418653e-01 
-1.691262e-01 -3.854644e-01 
-2.816198e-03 -4.095847e-01 
-1.635374e-02 -3.891343e-01 
-1.387175e-02 -2.908719e-01 
-5.436807e-03 -1.852088e-01 
-1.726323e-03 -9.081917e-02 
-1.821786e-04 -2.313899e-02 
-1.208849e+00 -6.394151e-01 
-2.349872e-01 -9.152954e-01 
-5.498180e-02 -8.467459e-01 
-3.985088e-02 -6.947523e-01 
-2.097551e-02 -5.566123e-01 
-1.011119e-02 -4.454732e-01 
-1.632286e-03 -3.791789e-01 
-1.099546e+00 7.050316e-01 
-8.395324e-02 7.151969e-01 
3.096212e-02 5.814151e-01 
3.301040e-02 4.918886e-01 
1.532839e-02 4.493144e-01 
8.396289e-03 4.271039e-01 
2.563208e-04 4.187497e-01 
-5.773732e-02 2.417129e-01 
1.101318e-02 1.433002e-01 
6.545651e-03 9.284854e-02 
4.992796e-03 8.179882e-02 
2.511019e-03 8.495858e-02 
1.112452e-03 7.854523e-02 
-8.678023e-05 4.771964e-02 
-5.383714e-01 -6.405446e-01 
-1.830134e-02 -5.760976e-01 
-2.365674e-02 -4.402926e-01 
-1.119560e-02 -2.416575e-01 
-4.178822e-03 -1.292018e-01 
-2.362390e-03 -1.030637e-01 
4.335225e-04 -1.874829e-01 
-1.332782e+00 -7.192890e-01 
-4.143956e-01 -1.141454e+00 
-8.903111e-02 -9.282484e-01 
-2.312788e-02 -5.407245e-01 
-8.455913e-03 -3.200584e-01 
-3.738998e-03 -2.506083e-01 
1.434625e-03 -3.611998e-01 
-1.000035e+00 6.487016e-01 
1.005862e-01 4.490771e-01 
7.624696e-02 4.981123e-01 
3.746912e-02 6.654958e-01 
1.169937e-02 7.172864e-01 
2.328594e-03 6.626376e-01 
-5.648580e-03 4.738773e-01 
-6.497723e-02 -3.175475e-01 
-1.539184e-02 -3.149461e-01 
-5.115019e-03 -2.131248e-01 
9.866055e-04 -4.322155e-04 
4.755978e-04 9.124312e-02 
-5.469397e-04 7.955975e-02 
5.101439e-04 -5.916582e-02 
-1.289962e+00 -7.383946e-01 
-2.875545e-01 -1.027548e+00 
-8.897654e-02 -9.228279e-01 
-1.916095e-02 -6.874721e-01 
-7.665013e-03 -5.380194e-01 
-2.406081e-03 -4.654083e-01 
2.525431e-03 -4.820196e-01 
-1.360301e+00 8.656691e-01 
4.338399e-02 5.882819e-01 
7.361507e-02 4.121642e-01 
1.712002e-02 4.122261e-01 
4.046891e-03 4.472915e-01 
-4.999232e-05 4.932820e-01 
-6.968498e-03 5.498009e-01 
