poroelastic
1.466398e-02 -4.474613e-02 
1.177347e-02 -9.400480e-02 
3.647953e-03 -1.110390e-01 
-4.194450e-03 -6.329148e-02 
-2.326932e-03 -3.225884e-02 
-1.877503e-03 -2.579035e-02 
-3.278806e-03 -4.478443e-02 
9.134361e-01 5.879216e-01 
-1.027680e-01 4.821036e-01 
-6.581493e-02 4.474542e-01 
3.733804e-02 5.034726e-01 
3.871419e-02 5.179162e-01 
3.501006e-02 4.919472e-01 
2.805701e-02 4.165355e-01 
1.141116e+00 -5.780772e-01 
2.408355e-01 -7.989704e-01 
3.171775e-02 -6.414318e-01 
-2.531467e-02 -3.974023e-01 
-1.871030e-02 -2.738892e-01 
-1.603697e-02 -2.428040e-01 
-1.896497e-02 -3.084264e-01 
2.599867e-01 -4.318290e-01 
1.212622e-02 -3.736473e-01 
-6.881028e-05 -2.738752e-01 
-7.508269e-03 -1.265065e-01 
-3.518302e-03 -5.576129e-02 
-2.402841e-03 -3.813322e-02 
-4.021344e-03 -6.483103e-02 
1.877584e-01 3.624601e-01 
-4.207612e-02 2.505311e-01 
-1.501756e-02 1.981961e-01 
1.099198e-02 1.813278e-01 
1.022876e-02 1.664755e-01 
1.026420e-02 1.669302e-01 
1.280102e-02 2.075350e-01 
9.882534e-01 6.489514e-01 
1.142551e-01 7.685295e-01 
-1.062395e-02 5.915743e-01 
2.067969e-02 4.143162e-01 
1.932826e-02 3.269913e-01 
1.839302e-02 3.113868e-01 
2.358349e-02 3.929318e-01 
1.171606e+00 -5.316739e-01 
1.615630e-01 -6.462754e-01 
3.083418e-02 -6.554942e-01 
-3.506522e-02 -6.492260e-01 
-3.389825e-02 -6.103336e-01 
-3.048339e-02 -5.494915e-01 
-2.481076e-02 -4.533572e-01 
4.863830e-03 -1.081519e-01 
-1.553471e-03 -4.584823e-02 
-2.764401e-03 -2.973039e-02 
2.624128e-04 5.319770e-03 
1.316188e-03 2.532877e-02 
1.660389e-03 3.103171e-02 
1.270527e-03 2.317042e-02 
9.092497e-01 5.933286e-01 
-1.515353e-02 6.306402e-01 
-3.067744e-02 6.256050e-01 
2.453193e-02 6.395420e-01 
3.184591e-02 6.219920e-01 
3.069711e-02 5.759799e-01 
2.809624e-02 5.008340e-01 
1.190952e+00 -6.179150e-01 
2.719205e-01 -8.509633e-01 
2.359507e-02 -6.781400e-01 
-2.096151e-02 -4.693285e-01 
-1.756486e-02 -3.518727e-01 
-1.521700e-02 -3.055543e-01 
-1.582484e-02 -3.256786e-01 
4.004490e-01 -4.903426e-01 
-8.225387e-03 -3.136527e-01 
1.681182e-03 -2.304749e-01 
-8.705179e-03 -1.893519e-01 
-8.025901e-03 -1.799503e-01 
-8.283572e-03 -1.854885e-01 
-8.589494e-03 -1.882406e-01 
1.096955e-01 3.897557e-01 
-5.164373e-03 3.646715e-01 
5.021775e-03 2.646725e-01 
4.349745e-03 1.088962e-01 
1.249272e-03 3.170154e-02 
5.462611e-04 1.491156e-02 
3.505623e-03 7.582342e-02 
1.064014e+00 7.048358e-01 
1.877788e-01 9.182849e-01 
1.991825e-02 7.620177e-01 
2.050198e-02 5.345971e-01 
1.770743e-02 4.146933e-01 
1.566414e-02 3.785192e-01 
1.790972e-02 4.372297e-01 
1.241700e+00 -6.391988e-01 
1.159067e-01 -6.955273e-01 
-3.684949e-03 -6.533201e-01 
-2.624745e-02 -6.385591e-01 
-2.159377e-02 -5.750649e-01 
-1.782889e-02 -4.752369e-01 
-1.245610e-02 -3.365979e-01 
1.270766e-01 -2.506013e-01 
-9.073426e-03 -1.976117e-01 
-3.702573e-03 -2.321949e-01 
-9.737642e-03 -2.775804e-01 
-8.882129e-03 -2.498896e-01 
-5.837236e-03 -1.613015e-01 
8.952007e-05 2.446441e-03 
4.496314e-01 6.874633e-01 
1.725410e-03 5.699278e-01 
9.026303e-03 3.615641e-01 
3.028262e-03 1.067986e-01 
8.531905e-05 1.246103e-02 
1.257454e-03 4.510207e-02 
8.183650e-03 2.271047e-01 
1.250991e+00 7.975498e-01 
3.507006e-01 1.150842e+00 
5.550839e-02 8.571987e-01 
1.103241e-02 4.112068e-01 
5.624395e-03 2.106363e-01 
5.744351e-03 2.092891e-01 
1.423806e-02 4.292119e-01 
1.246028e+00 -6.749146e-01 
-1.190678e-01 -5.069793e-01 
-4.097493e-02 -6.515375e-01 
-2.061273e-02 -8.575876e-01 
-1.935474e-02 -8.574629e-01 
-1.776583e-02 -6.994007e-01 
-9.937802e-03 -3.625990e-01 
2.387727e-02 2.891895e-01 
6.141677e-03 2.247123e-01 
-1.486952e-03 4.447696e-02 
-3.058462e-03 -1.919064e-01 
-5.717742e-03 -2.226274e-01 
-3.611539e-03 -9.884445e-02 
6.388896e-03 1.984694e-01 
1.147783e+00 8.139577e-01 
2.275123e-01 1.024339e+00 
4.463553e-02 8.165669e-01 
1.559357e-04 5.097705e-01 
4.276353e-03 3.784756e-01 
7.869541e-03 3.841942e-01 
1.925317e-02 5.378052e-01 
1.557054e+00 -8.469215e-01 
-4.046566e-02 -5.753559e-01 
-5.290082e-02 -4.704222e-01 
2.642973e-03 -5.345153e-01 
-4.480577e-03 -5.539479e-01 
-9.972575e-03 -5.490299e-01 
-1.488291e-02 -5.221770e-01 
