poroelastic
-6.349122e-03 1.623230e-01 
1.013348e-02 2.126416e-01 
1.817360e-02 1.141656e-01 
-1.113872e-02 -7.925576e-02 
-1.147025e-02 -1.373488e-01 
-6.113837e-03 -1.063710e-01 
4.941081e-04 1.171610e-02 
-6.661410e-01 -4.709995e-01 
8.951535e-02 -2.871416e-01 
4.365772e-02 -3.084540e-01 
-6.173024e-02 -4.552700e-01 
-4.354385e-02 -4.559109e-01 
-2.432611e-02 -3.627479e-01 
-7.102624e-03 -1.833344e-01 
-9.604875e-01 7.294629e-01 
-1.569037e-01 8.443018e-01 
5.664923e-03 5.604490e-01 
2.300763e-02 2.042276e-01 
7.733322e-03 6.273467e-02 
6.248192e-03 5.931365e-02 
6.735846e-03 1.891414e-01 
-2.087053e-01 5.132272e-01 
2.264504e-03 4.248981e-01 
1.350276e-02 2.358117e-01 
-3.149563e-05 8.214278e-03 
-3.896975e-03 -6.358933e-02 
-1.231407e-03 -4.219682e-02 
2.204957e-03 6.094821e-02 
-1.633114e-01 -2.793160e-01 
4.626423e-02 -1.411835e-01 
1.165531e-02 -1.601101e-01 
-2.808701e-02 -2.250798e-01 
-1.772017e-02 -2.116847e-01 
-1.075267e-02 -1.718316e-01 
-4.655746e-03 -1.281639e-01 
-7.877554e-01 -5.945620e-01 
-8.438095e-02 -6.291176e-01 
-5.667199e-03 -4.910903e-01 
-3.694068e-02 -3.842407e-01 
-2.157092e-02 -2.773434e-01 
-1.150257e-02 -1.897180e-01 
-5.606005e-03 -1.443248e-01 
-6.919251e-01 5.959494e-01 
-9.008728e-02 5.732828e-01 
1.726453e-03 4.062003e-01 
3.151635e-02 2.684622e-01 
1.815127e-02 2.199373e-01 
1.381640e-02 2.227989e-01 
8.270216e-03 2.666704e-01 
1.585759e-02 1.826197e-01 
1.004990e-02 1.081622e-01 
8.453892e-03 5.538391e-03 
-1.439968e-02 -1.273713e-01 
-1.003719e-02 -1.527105e-01 
-5.200329e-03 -1.153376e-01 
-2.835487e-04 -9.577542e-03 
-6.070663e-01 -4.580216e-01 
2.372821e-02 -3.754386e-01 
1.456733e-02 -3.887142e-01 
-4.663010e-02 -4.859096e-01 
-3.530112e-02 -4.709108e-01 
-2.086450e-02 -3.837495e-01 
-7.320746e-03 -2.224162e-01 
-8.629788e-01 7.238398e-01 
-1.617639e-01 8.322771e-01 
7.929225e-03 5.257426e-01 
1.857816e-02 1.977357e-01 
6.953744e-03 7.078271e-02 
5.626202e-03 7.136612e-02 
4.756339e-03 1.905741e-01 
-2.795359e-01 5.604270e-01 
1.593968e-02 3.254719e-01 
5.212533e-03 1.395850e-01 
4.177761e-03 9.872960e-04 
2.510029e-03 -2.594709e-03 
4.171407e-03 6.134020e-02 
3.910761e-03 1.784397e-01 
-1.255158e-01 -2.903027e-01 
1.323277e-02 -2.773201e-01 
-9.046387e-03 -2.923119e-01 
-2.336567e-02 -2.772123e-01 
-1.163674e-02 -2.113468e-01 
-5.262389e-03 -1.329905e-01 
-1.254506e-03 -5.888553e-02 
-7.841987e-01 -6.170592e-01 
-1.247548e-01 -7.130861e-01 
-3.005737e-02 -5.868684e-01 
-3.507628e-02 -4.367128e-01 
-1.729902e-02 -2.922532e-01 
-7.289986e-03 -1.785197e-01 
-2.060462e-03 -1.176285e-01 
-7.240084e-01 6.768216e-01 
-5.216397e-02 5.820920e-01 
1.559397e-02 3.919308e-01 
2.353333e-02 2.713851e-01 
1.051307e-02 2.087914e-01 
5.677699e-03 1.615964e-01 
1.622960e-03 1.129473e-01 
-5.104765e-02 1.901797e-01 
3.215923e-03 7.932566e-02 
2.475386e-03 4.370540e-02 
7.419594e-03 7.343633e-02 
5.112516e-03 1.012389e-01 
2.788848e-03 9.675660e-02 
3.463655e-04 3.066434e-02 
-4.941998e-01 -6.457939e-01 
1.968173e-03 -5.397446e-01 
-2.123560e-02 -4.008776e-01 
-1.608246e-02 -2.033524e-01 
-6.040584e-03 -9.057278e-02 
-4.115837e-03 -7.432136e-02 
-1.900971e-03 -1.898219e-01 
-9.988860e-01 -7.508113e-01 
-2.874406e-01 -1.033578e+00 
-6.213547e-02 -7.724932e-01 
-2.094959e-02 -3.625825e-01 
-6.055349e-03 -1.226664e-01 
-2.548279e-03 -4.257874e-02 
-1.520801e-03 -1.583469e-01 
-5.377164e-01 4.934895e-01 
3.066558e-02 1.990257e-01 
2.973659e-02 1.818324e-01 
3.217759e-02 3.524363e-01 
1.394783e-02 4.170053e-01 
6.560662e-03 3.737831e-01 
4.706488e-05 1.844281e-01 
-7.653958e-02 -3.613983e-01 
-1.595611e-02 -3.635966e-01 
-1.210067e-02 -2.520586e-01 
-3.678396e-04 -2.208912e-02 
1.277795e-03 7.636818e-02 
-1.774321e-04 5.873748e-02 
-4.443621e-04 -1.044088e-01 
-8.228656e-01 -7.280809e-01 
-1.677673e-01 -8.524411e-01 
-4.786628e-02 -6.636900e-01 
-1.985502e-02 -3.918990e-01 
-9.122514e-03 -2.249044e-01 
-4.372378e-03 -1.567771e-01 
-1.273460e-03 -2.103445e-01 
-8.425974e-01 7.948891e-01 
1.597404e-02 4.346044e-01 
2.902852e-02 2.079022e-01 
1.671190e-02 1.832497e-01 
7.035928e-03 2.035074e-01 
4.154181e-03 2.316357e-01 
-1.105814e-03 2.536910e-01 
