poroelastic
1.257270e-02 -4.309973e-02 
8.989257e-03 -8.927962e-02 
6.390307e-04 -9.998495e-02 
-3.483420e-03 -4.303191e-02 
-1.030717e-03 -1.191639e-02 
-8.238973e-04 -9.481622e-03 
-2.465180e-03 -3.218966e-02 
8.637667e-01 5.694956e-01 
-1.011707e-01 4.732091e-01 
-6.556936e-02 4.359491e-01 
4.443242e-02 4.899050e-01 
4.431977e-02 5.040927e-01 
3.768480e-02 4.738206e-01 
2.771712e-02 3.921757e-01 
1.118215e+00 -5.558828e-01 
2.318394e-01 -7.611737e-01 
3.004566e-02 -6.112946e-01 
-3.060506e-02 -3.772224e-01 
-2.116062e-02 -2.644252e-01 
-1.806300e-02 -2.410382e-01 
-2.046687e-02 -3.140451e-01 
2.478274e-01 -4.146455e-01 
1.194873e-02 -3.571768e-01 
-1.569797e-03 -2.605024e-01 
-8.472886e-03 -1.164037e-01 
-3.615957e-03 -4.800884e-02 
-2.440024e-03 -3.286911e-02 
-4.427437e-03 -6.698443e-02 
1.863883e-01 3.581389e-01 
-4.581243e-02 2.499230e-01 
-1.545982e-02 2.040218e-01 
1.530966e-02 1.900864e-01 
1.311500e-02 1.747228e-01 
1.209011e-02 1.705353e-01 
1.281347e-02 1.956788e-01 
9.564788e-01 6.349154e-01 
1.098329e-01 7.570081e-01 
-8.865116e-03 5.869046e-01 
2.685914e-02 4.109029e-01 
2.323363e-02 3.236860e-01 
2.064261e-02 3.034321e-01 
2.375593e-02 3.670265e-01 
1.141631e+00 -5.121280e-01 
1.636642e-01 -6.204013e-01 
3.009364e-02 -6.276078e-01 
-4.488972e-02 -6.227283e-01 
-3.887308e-02 -5.910191e-01 
-3.413686e-02 -5.391681e-01 
-2.732086e-02 -4.649123e-01 
-1.498804e-05 -9.926628e-02 
-2.242573e-03 -3.356311e-02 
-3.273167e-03 -1.377496e-02 
1.737823e-03 2.332976e-02 
2.555898e-03 4.041534e-02 
2.336362e-03 3.850784e-02 
5.968274e-04 1.020588e-02 
8.760060e-01 5.795719e-01 
-1.831369e-02 6.269875e-01 
-3.251147e-02 6.225117e-01 
3.489609e-02 6.360699e-01 
3.999974e-02 6.189394e-01 
3.553394e-02 5.702518e-01 
2.914540e-02 4.844833e-01 
1.165899e+00 -6.081690e-01 
2.654169e-01 -8.315470e-01 
2.093880e-02 -6.572205e-01 
-2.808247e-02 -4.471783e-01 
-2.086849e-02 -3.361718e-01 
-1.738116e-02 -2.958969e-01 
-1.684850e-02 -3.233640e-01 
3.928678e-01 -4.826655e-01 
-8.871415e-03 -2.975873e-01 
1.763009e-03 -2.125206e-01 
-1.130146e-02 -1.721537e-01 
-9.621604e-03 -1.718025e-01 
-9.669714e-03 -1.851297e-01 
-9.388637e-03 -1.905444e-01 
1.097771e-01 3.849773e-01 
-5.596369e-03 3.658541e-01 
6.538845e-03 2.711846e-01 
6.633926e-03 1.219223e-01 
2.177665e-03 4.102673e-02 
1.093094e-03 2.030431e-02 
4.138972e-03 8.320608e-02 
1.052177e+00 6.958603e-01 
1.867422e-01 9.169841e-01 
2.314184e-02 7.665437e-01 
3.004954e-02 5.446370e-01 
2.375706e-02 4.217039e-01 
1.914708e-02 3.796160e-01 
1.947691e-02 4.392121e-01 
1.237943e+00 -6.434407e-01 
1.103998e-01 -6.794684e-01 
-5.760984e-03 -6.337974e-01 
-3.603484e-02 -6.174490e-01 
-2.637620e-02 -5.638714e-01 
-2.092868e-02 -4.709780e-01 
-1.327973e-02 -3.267388e-01 
1.220435e-01 -2.435574e-01 
-7.055610e-03 -1.843756e-01 
-4.338921e-03 -2.153855e-01 
-1.273660e-02 -2.612951e-01 
-1.074619e-02 -2.429228e-01 
-6.786157e-03 -1.623619e-01 
2.911913e-04 7.254175e-03 
4.676343e-01 6.990746e-01 
6.068061e-04 5.838732e-01 
1.234211e-02 3.797387e-01 
5.743294e-03 1.241579e-01 
1.037836e-03 1.914539e-02 
1.954722e-03 4.233612e-02 
8.974171e-03 2.287986e-01 
1.245314e+00 8.040489e-01 
3.601739e-01 1.167257e+00 
6.303292e-02 8.744136e-01 
1.727818e-02 4.220704e-01 
8.540464e-03 2.120303e-01 
7.543057e-03 2.038538e-01 
1.588834e-02 4.298190e-01 
1.237727e+00 -6.826983e-01 
-1.153162e-01 -4.870588e-01 
-4.539722e-02 -6.302250e-01 
-3.418542e-02 -8.444737e-01 
-2.596950e-02 -8.551786e-01 
-2.186757e-02 -7.016271e-01 
-1.090068e-02 -3.575082e-01 
2.957153e-02 3.117512e-01 
9.027711e-03 2.500123e-01 
-3.425907e-04 6.553720e-02 
-4.834209e-03 -1.873619e-01 
-7.200513e-03 -2.287961e-01 
-4.093601e-03 -1.087586e-01 
6.963653e-03 1.956964e-01 
1.132341e+00 8.309462e-01 
2.363469e-01 1.053584e+00 
5.053421e-02 8.410550e-01 
8.310422e-03 5.182604e-01 
9.254883e-03 3.755736e-01 
1.078952e-02 3.721803e-01 
2.021249e-02 5.213583e-01 
1.545415e+00 -8.741496e-01 
-4.450656e-02 -5.575861e-01 
-5.329099e-02 -4.405115e-01 
-7.720912e-03 -5.047138e-01 
-9.495386e-03 -5.327047e-01 
-1.337185e-02 -5.398287e-01 
-1.611914e-02 -5.312884e-01 
