poroelastic
-9.746181e-03 1.550316e-01 
1.163895e-03 1.906962e-01 
1.039749e-02 1.082975e-01 
-3.415987e-03 -4.262315e-02 
-4.938020e-03 -1.011646e-01 
-3.570635e-03 -9.571102e-02 
-5.485387e-04 -1.932761e-02 
1.585947e-02 -2.177650e-01 
-1.118076e-02 4.831857e-02 
-2.738196e-03 8.586441e-02 
8.146113e-04 -5.923955e-03 
7.161219e-04 -9.003037e-03 
1.840529e-03 2.769396e-02 
2.465510e-03 1.017086e-01 
-4.346626e-01 5.096582e-01 
-6.217730e-02 5.392607e-01 
8.635905e-03 3.239179e-01 
1.014909e-03 6.815741e-02 
-3.357245e-03 -6.211275e-02 
-3.644030e-03 -1.099249e-01 
-1.583691e-03 -8.030916e-02 
-1.567991e-01 3.813857e-01 
-5.504609e-03 3.364678e-01 
5.102445e-03 2.066533e-01 
7.097584e-04 3.810851e-02 
-1.755378e-03 -4.045186e-02 
-1.804645e-03 -6.202046e-02 
-5.437837e-04 -2.732965e-02 
-1.702078e-02 -9.752941e-02 
2.777207e-03 4.331180e-02 
3.490721e-03 3.793634e-02 
-1.776618e-03 -2.702092e-02 
-1.691702e-03 -4.540158e-02 
-1.155962e-03 -4.115885e-02 
-3.519744e-04 -1.743998e-02 
-1.431708e-01 -3.727231e-01 
-5.547574e-03 -2.386497e-01 
-6.094921e-03 -1.019825e-01 
-1.487471e-06 -2.800483e-02 
2.346490e-03 4.527313e-02 
3.271501e-03 1.077808e-01 
3.321162e-03 1.551400e-01 
-9.574638e-02 3.753353e-01 
6.910980e-03 2.571384e-01 
7.483269e-03 8.184814e-02 
-3.296425e-03 -4.624706e-02 
-3.584280e-03 -1.116906e-01 
-3.174561e-03 -1.308072e-01 
-1.711579e-03 -1.133780e-01 
-2.178101e-02 1.621785e-01 
1.008653e-03 1.423166e-01 
2.268571e-03 9.209707e-02 
-8.886163e-05 1.426709e-02 
-7.060501e-04 -2.201816e-02 
-7.666150e-04 -3.512393e-02 
-3.364575e-04 -2.295414e-02 
4.029300e-02 -2.007317e-01 
-4.839445e-03 2.378054e-02 
-2.763916e-03 1.010494e-01 
1.763337e-03 6.181204e-02 
1.709310e-03 5.364806e-02 
1.382722e-03 5.537465e-02 
1.275344e-03 7.442001e-02 
-3.095871e-01 4.625467e-01 
-4.144786e-02 4.578776e-01 
5.931722e-03 2.458524e-01 
-4.594623e-04 3.250293e-02 
-2.289233e-03 -7.988178e-02 
-2.238592e-03 -1.233465e-01 
-9.677269e-04 -1.037615e-01 
-1.795734e-01 3.424361e-01 
4.565011e-03 2.129558e-01 
8.698695e-04 1.086893e-01 
1.148058e-03 2.797160e-02 
4.196790e-04 7.975998e-03 
4.804458e-04 2.690624e-02 
5.324484e-04 8.461451e-02 
-5.973315e-02 -1.196067e-01 
6.626795e-03 -7.059990e-02 
7.411450e-04 -8.137275e-02 
-2.928144e-03 -1.116043e-01 
-1.720305e-03 -1.168145e-01 
-1.155830e-03 -1.062730e-01 
-5.154331e-04 -7.882105e-02 
-9.204131e-02 -3.889397e-01 
1.091727e-03 -2.735653e-01 
-8.339008e-04 -1.072888e-01 
1.956572e-03 2.640265e-02 
2.820572e-03 1.212738e-01 
1.861555e-03 1.751777e-01 
5.141919e-04 1.843269e-01 
-9.383286e-02 3.679463e-01 
5.504429e-03 2.248419e-01 
1.204028e-03 8.236843e-02 
-2.145231e-03 1.225742e-02 
-9.887115e-04 -5.774852e-02 
-9.276892e-04 -1.289944e-01 
7.246798e-05 -2.138767e-01 
-2.742317e-02 5.658553e-02 
1.479479e-03 -2.337346e-02 
1.099966e-03 -1.456494e-03 
1.461926e-03 8.175229e-02 
6.192276e-04 1.095957e-01 
7.176485e-05 8.885803e-02 
-4.899496e-06 1.995653e-03 
-2.181003e-01 -4.107930e-01 
2.458026e-03 -3.080833e-01 
-2.121673e-03 -1.784171e-01 
-2.493147e-04 -2.212765e-02 
-1.003289e-04 3.714829e-02 
-2.415205e-04 1.925217e-02 
2.918187e-04 -9.035222e-02 
-3.353987e-01 -5.035302e-01 
-5.228579e-02 -5.232517e-01 
1.452306e-03 -2.860439e-01 
9.384908e-04 -2.164184e-03 
2.406349e-04 1.377978e-01 
-4.676455e-04 1.650262e-01 
-2.960589e-04 7.011902e-02 
1.010292e-01 1.476135e-01 
-9.756766e-03 -1.110525e-01 
-6.474280e-03 -1.516732e-01 
-1.327174e-03 -3.196547e-02 
-1.377679e-04 -8.462035e-03 
1.663073e-04 -5.207984e-02 
2.067448e-03 -1.864462e-01 
-3.999759e-02 -2.617835e-01 
-3.670621e-03 -2.707930e-01 
1.193505e-03 -1.628349e-01 
-2.120676e-04 2.561661e-02 
-8.149698e-04 9.648104e-02 
-5.392468e-04 7.868063e-02 
3.046962e-04 -4.636833e-02 
-1.373072e-01 -4.366761e-01 
-2.926656e-03 -3.449535e-01 
6.936519e-03 -1.335433e-01 
-1.455781e-03 7.677396e-02 
-1.180327e-03 1.695895e-01 
-1.030659e-03 1.677659e-01 
-2.510894e-04 6.586649e-02 
-7.372854e-02 3.497806e-01 
1.484000e-03 9.538838e-02 
-4.993488e-03 -2.972974e-02 
-1.972409e-04 -1.372703e-02 
6.103570e-04 -2.758488e-02 
7.908529e-04 -5.679998e-02 
1.296652e-03 -1.069099e-01 
