poroelastic
-7.300308e-05 1.553267e-01 
1.692155e-02 1.822081e-01 
2.335075e-02 7.634589e-02 
-1.323305e-02 -9.344209e-02 
-1.397643e-02 -1.501432e-01 
-9.728246e-03 -1.359461e-01 
-2.534521e-03 -4.924717e-02 
-6.644542e-02 -2.018969e-01 
3.409900e-03 7.332537e-04 
3.151480e-03 2.789501e-03 
-7.951662e-03 -8.726120e-02 
-4.010497e-03 -6.809185e-02 
1.391791e-03 -2.725947e-03 
4.511933e-03 9.461117e-02 
-4.137405e-01 4.932742e-01 
-4.473892e-02 5.021829e-01 
1.958545e-02 2.811203e-01 
-7.088478e-05 3.755879e-02 
-6.713029e-03 -6.932041e-02 
-6.362734e-03 -9.533156e-02 
-2.398253e-03 -5.397446e-02 
-1.274000e-01 3.622653e-01 
2.924372e-03 3.061682e-01 
1.312303e-02 1.620148e-01 
-2.242352e-03 -4.762774e-03 
-5.535574e-03 -6.541929e-02 
-4.197673e-03 -6.682283e-02 
-9.219823e-04 -2.030777e-02 
-4.911549e-02 -9.237359e-02 
1.951807e-02 1.954191e-02 
1.016402e-02 -1.738710e-02 
-1.153449e-02 -9.303552e-02 
-8.510831e-03 -1.013469e-01 
-5.343982e-03 -8.149772e-02 
-2.138534e-03 -4.710144e-02 
-1.904107e-01 -3.328072e-01 
-1.748731e-02 -2.463058e-01 
-1.074439e-02 -1.528129e-01 
-5.675345e-03 -9.914928e-02 
1.241060e-03 -1.516555e-02 
5.789577e-03 7.325485e-02 
7.364994e-03 1.534514e-01 
-9.398875e-02 3.608766e-01 
1.394687e-02 2.344343e-01 
1.079553e-02 4.779835e-02 
-9.089681e-03 -7.708529e-02 
-8.229845e-03 -1.143793e-01 
-5.343775e-03 -9.531789e-02 
-1.359166e-03 -3.393811e-02 
9.351775e-03 1.571654e-01 
9.885587e-03 1.190702e-01 
1.180114e-02 3.830560e-02 
-9.663704e-03 -6.552318e-02 
-8.406786e-03 -1.059405e-01 
-6.790729e-03 -1.138075e-01 
-3.222304e-03 -8.337766e-02 
-8.928729e-03 -1.725182e-01 
-3.099127e-03 6.765460e-03 
-8.944734e-04 4.228517e-02 
-2.693430e-04 -1.735892e-02 
7.694067e-04 -8.949976e-03 
2.672617e-03 2.905511e-02 
3.996086e-03 9.565241e-02 
-2.818831e-01 4.512315e-01 
-2.205714e-02 4.182346e-01 
1.527431e-02 1.826216e-01 
-4.975406e-03 -2.786617e-02 
-7.296550e-03 -1.043041e-01 
-4.922150e-03 -9.919152e-02 
-9.370141e-04 -2.834119e-02 
-1.040680e-01 3.425371e-01 
7.958336e-03 1.820301e-01 
3.358600e-03 4.173968e-02 
-4.225386e-03 -5.961072e-02 
-2.999976e-03 -6.893364e-02 
-3.842294e-04 -2.539725e-02 
1.986574e-03 6.565771e-02 
-6.538214e-02 -1.136085e-01 
1.635573e-02 -9.314380e-02 
1.315095e-03 -1.399469e-01 
-1.632988e-02 -1.842364e-01 
-9.962736e-03 -1.682926e-01 
-5.491216e-03 -1.222125e-01 
-1.601359e-03 -5.427163e-02 
-1.178884e-01 -3.477354e-01 
-1.457266e-02 -2.663727e-01 
-1.133246e-02 -1.441679e-01 
3.170516e-03 -3.435801e-02 
8.030704e-03 7.456883e-02 
8.311494e-03 1.565512e-01 
5.005948e-03 1.971076e-01 
-1.665184e-02 3.720506e-01 
2.554077e-02 1.903437e-01 
6.331886e-03 1.272135e-02 
-1.101128e-02 -6.860689e-02 
-7.577540e-03 -1.151699e-01 
-6.830916e-03 -1.496697e-01 
-4.361973e-03 -1.949416e-01 
-2.142762e-03 3.103874e-02 
-3.792666e-03 -7.809195e-02 
-5.135120e-03 -8.840395e-02 
1.976520e-03 -5.813239e-03 
3.377222e-03 5.508021e-02 
2.899403e-03 7.969864e-02 
7.800269e-04 4.007453e-02 
-2.843525e-01 -3.949770e-01 
7.734412e-03 -3.274777e-01 
-1.016626e-02 -2.416920e-01 
-8.118396e-03 -1.066953e-01 
-2.727056e-03 -3.608837e-02 
-2.091638e-03 -3.028026e-02 
-2.034577e-03 -1.128029e-01 
-3.132410e-01 -4.728030e-01 
-6.771211e-02 -5.239194e-01 
-1.401415e-02 -3.234595e-01 
2.917833e-03 -4.377447e-02 
7.527557e-03 1.258538e-01 
6.242300e-03 1.925157e-01 
2.384816e-03 1.338997e-01 
1.900351e-01 1.218006e-01 
-1.508301e-02 -1.723444e-01 
-1.603400e-02 -2.411159e-01 
-9.253893e-03 -1.122371e-01 
-3.063078e-03 -5.639329e-02 
-2.711431e-03 -6.351195e-02 
-1.469808e-03 -1.687786e-01 
-6.968031e-02 -2.919152e-01 
-9.113997e-03 -3.326342e-01 
-1.226068e-02 -2.519595e-01 
-2.837905e-03 -6.616646e-02 
2.340984e-05 1.708158e-02 
-3.033944e-04 1.621889e-02 
-1.221577e-03 -9.168661e-02 
-1.148663e-01 -4.274959e-01 
-1.275322e-02 -3.709896e-01 
-2.720058e-03 -1.834956e-01 
5.787720e-03 4.052270e-02 
8.686639e-03 1.787437e-01 
6.581491e-03 2.349665e-01 
2.854894e-03 1.933117e-01 
9.707061e-02 3.811546e-01 
8.692849e-03 7.085207e-02 
-1.388371e-02 -1.148626e-01 
-1.016660e-02 -1.369903e-01 
-4.411081e-03 -1.389681e-01 
-2.874673e-03 -1.344345e-01 
-4.994489e-04 -1.398959e-01 
