poroelastic
1.479287e-02 6.249522e-02 
2.187349e-02 3.551516e-02 
1.962389e-02 -4.934975e-02 
-9.136120e-03 -1.307869e-01 
-9.412954e-03 -1.526183e-01 
-7.452754e-03 -1.368579e-01 
-3.529909e-03 -7.702905e-02 
5.642199e-01 1.572318e-01 
-9.027396e-02 2.662934e-01 
-5.178486e-02 2.904190e-01 
2.524204e-02 2.942778e-01 
2.380867e-02 3.309140e-01 
2.053396e-02 3.631182e-01 
1.561838e-02 3.801465e-01 
3.403059e-01 6.672868e-02 
1.118609e-01 -7.899954e-02 
3.273336e-02 -1.581338e-01 
-1.329155e-02 -1.872628e-01 
-1.212779e-02 -2.048295e-01 
-1.102796e-02 -2.224931e-01 
-9.198216e-03 -2.528544e-01 
4.199517e-02 5.157851e-02 
8.586608e-03 2.770571e-02 
8.021740e-03 -1.706099e-02 
-3.245632e-03 -5.226012e-02 
-3.811898e-03 -6.957576e-02 
-3.756612e-03 -7.988750e-02 
-3.205814e-03 -8.632200e-02 
6.954328e-02 1.085033e-01 
-1.890910e-02 1.346484e-01 
-4.355296e-03 9.959706e-02 
3.640460e-03 5.399965e-02 
2.298562e-03 3.982259e-02 
2.318397e-03 4.775119e-02 
3.061697e-03 8.253643e-02 
4.569447e-01 5.345342e-02 
4.251271e-02 1.954280e-01 
-2.097661e-02 2.083869e-01 
9.315539e-03 1.985013e-01 
1.216762e-02 2.363737e-01 
1.321761e-02 3.041940e-01 
1.556597e-02 4.071068e-01 
6.153076e-01 -1.010883e-02 
1.326511e-01 -2.438107e-01 
2.962303e-02 -3.964560e-01 
-2.356997e-02 -4.627727e-01 
-1.923731e-02 -4.651222e-01 
-1.586690e-02 -4.180988e-01 
-1.053734e-02 -3.312623e-01 
5.786951e-03 2.753004e-02 
1.517689e-03 1.956671e-02 
2.238290e-03 -9.281583e-03 
-1.348908e-03 -2.287068e-02 
-1.165410e-03 -2.781186e-02 
-1.120714e-03 -2.986469e-02 
-9.749989e-04 -3.110730e-02 
5.678476e-01 1.576212e-01 
-3.439240e-02 3.339275e-01 
-3.076798e-02 4.086735e-01 
1.464017e-02 4.203153e-01 
1.847731e-02 4.284923e-01 
1.599812e-02 4.186268e-01 
1.317764e-02 3.909309e-01 
4.571829e-01 3.200351e-02 
1.578297e-01 -1.735404e-01 
2.860972e-02 -2.680922e-01 
-1.209728e-02 -2.926332e-01 
-1.083309e-02 -2.896400e-01 
-8.932742e-03 -2.719055e-01 
-6.374490e-03 -2.518216e-01 
1.356249e-01 -2.104032e-02 
-8.426772e-04 -7.765146e-02 
1.446077e-03 -1.234939e-01 
-4.966540e-03 -1.353814e-01 
-3.310768e-03 -1.210309e-01 
-2.012993e-03 -8.269408e-02 
-3.886635e-04 -1.721429e-02 
-1.382746e-02 6.312661e-02 
5.448685e-03 6.217246e-02 
3.130397e-03 -1.679775e-03 
-2.846635e-03 -8.221537e-02 
-2.827418e-03 -1.064456e-01 
-2.104138e-03 -8.595311e-02 
-3.616127e-04 -1.580029e-02 
5.434714e-01 2.920940e-02 
8.530890e-02 2.165300e-01 
-1.073956e-03 2.867009e-01 
1.097831e-02 3.247517e-01 
1.264135e-02 3.746876e-01 
1.058578e-02 4.240425e-01 
8.812889e-03 4.736448e-01 
7.093342e-01 -5.339567e-02 
1.034684e-01 -2.973058e-01 
5.634813e-03 -4.066704e-01 
-1.498569e-02 -4.188581e-01 
-8.496666e-03 -4.202543e-01 
-7.739326e-03 -4.081550e-01 
-6.215357e-03 -3.984804e-01 
7.024901e-02 -1.628051e-01 
-5.159109e-03 -2.511847e-01 
-3.868110e-03 -2.385395e-01 
-2.558503e-03 -1.305618e-01 
-7.329576e-04 -4.745080e-02 
3.525744e-04 1.651605e-02 
6.579181e-04 4.679462e-02 
-3.035314e-03 -3.579101e-02 
-1.314298e-03 -5.638718e-02 
-9.591926e-04 -4.683948e-02 
2.835056e-04 -5.630436e-04 
5.439885e-04 2.764082e-02 
7.432140e-04 4.641830e-02 
6.814359e-04 5.193876e-02 
4.001057e-01 -3.985494e-02 
1.313500e-01 1.117083e-01 
2.249185e-02 1.749149e-01 
3.614945e-03 2.323400e-01 
4.041807e-03 2.764954e-01 
3.617197e-03 3.131765e-01 
4.194090e-03 3.442807e-01 
8.481366e-01 -2.733514e-01 
-5.160165e-02 -5.074277e-01 
-3.183987e-02 -6.059066e-01 
-1.053551e-02 -5.555378e-01 
-1.996750e-03 -5.137444e-01 
-2.684070e-03 -4.637913e-01 
-2.336427e-03 -4.243171e-01 
-4.757198e-02 -1.656090e-01 
-3.291577e-03 -2.486607e-01 
-3.756753e-03 -2.211470e-01 
-4.553192e-04 -1.101943e-01 
-3.612791e-04 -3.257987e-02 
7.878650e-05 2.396631e-02 
4.955984e-04 4.642095e-02 
5.317627e-01 -1.033048e-02 
1.104711e-01 1.536325e-01 
2.304627e-02 2.660154e-01 
-4.710060e-03 3.725093e-01 
1.777458e-03 4.410278e-01 
3.241841e-03 4.780679e-01 
6.390099e-03 4.834834e-01 
9.564997e-01 -1.131877e-01 
6.346509e-03 -3.192440e-01 
-3.641223e-02 -4.070054e-01 
4.676981e-05 -4.166035e-01 
2.551223e-03 -4.310407e-01 
-1.130094e-04 -4.353608e-01 
-1.827771e-03 -4.363787e-01 
