poroelastic
4.145245e-02 4.868591e-02 
4.971804e-02 4.830202e-02 
4.243903e-02 -5.028034e-02 
-2.582874e-02 -2.476121e-01 
-3.272989e-02 -3.961892e-01 
-3.361646e-02 -4.702008e-01 
-2.715462e-02 -4.486209e-01 
1.776952e-01 -4.160760e-01 
-3.785901e-02 -2.679611e-01 
-4.869408e-02 -1.110640e-01 
1.162654e-02 3.202118e-03 
2.237202e-02 2.009147e-01 
3.610795e-02 4.774106e-01 
4.755181e-02 8.557480e-01 
-5.269033e-01 4.241348e-01 
-6.941373e-02 5.517237e-01 
1.203189e-02 3.675430e-01 
3.978490e-03 4.394736e-02 
-4.162522e-03 -8.671446e-02 
-1.695138e-04 -3.554507e-02 
1.147375e-02 2.331825e-01 
-1.044385e-01 5.114064e-01 
2.565611e-02 5.487544e-01 
3.148363e-02 3.412284e-01 
-1.065235e-02 -7.702995e-02 
-1.908133e-02 -2.699172e-01 
-1.694711e-02 -2.934294e-01 
-6.176673e-03 -1.295622e-01 
1.962612e-01 1.813667e-02 
-3.567216e-02 1.877612e-01 
-1.047513e-02 2.170846e-01 
1.837163e-02 1.696941e-01 
1.736154e-02 2.202215e-01 
2.026898e-02 3.235899e-01 
2.302317e-02 4.859102e-01 
-8.620257e-01 -2.991505e-01 
-1.384983e-01 -4.861951e-01 
-4.321812e-03 -4.483986e-01 
-3.492331e-02 -4.136499e-01 
-3.022704e-02 -4.339594e-01 
-2.734429e-02 -4.711369e-01 
-2.179855e-02 -4.819970e-01 
-5.486247e-01 5.199971e-01 
-2.800692e-02 5.871678e-01 
2.078845e-02 4.999576e-01 
1.907048e-02 3.040943e-01 
5.431727e-03 1.131813e-01 
-2.043230e-03 -3.183686e-02 
-2.813988e-03 -7.073133e-02 
-1.894162e-01 2.317265e-01 
-5.640059e-03 3.031233e-01 
-6.474768e-03 3.366079e-01 
3.700126e-02 3.369688e-01 
3.216209e-02 4.407853e-01 
3.511011e-02 6.341554e-01 
3.651075e-02 9.476845e-01 
-6.002628e-01 -4.462766e-01 
-2.370223e-02 -5.804856e-01 
-2.174803e-02 -6.395748e-01 
-3.740012e-02 -6.292793e-01 
-2.246957e-02 -4.631553e-01 
-5.814613e-03 -1.667253e-01 
1.138514e-02 2.910398e-01 
-1.035658e-01 5.512208e-01 
4.747969e-02 5.117275e-01 
2.148570e-02 1.714726e-01 
-1.587488e-02 -1.840939e-01 
-1.973824e-02 -3.554986e-01 
-1.497347e-02 -3.471296e-01 
-3.664205e-03 -1.084002e-01 
-5.525678e-01 5.661209e-01 
3.124930e-02 5.957417e-01 
2.447910e-02 5.318402e-01 
2.387205e-02 3.572610e-01 
1.294979e-02 2.482113e-01 
7.544986e-03 1.733941e-01 
4.415349e-03 1.465234e-01 
1.114381e-01 5.648456e-02 
-1.084509e-03 2.469022e-01 
1.411779e-02 3.162618e-01 
1.607208e-02 2.696649e-01 
1.009106e-02 2.237096e-01 
5.244954e-03 1.463348e-01 
-1.394675e-04 -4.687859e-03 
-1.235110e+00 -5.435147e-01 
-2.627942e-01 -9.824020e-01 
-6.435444e-02 -1.011400e+00 
-5.245728e-02 -8.505322e-01 
-2.977661e-02 -6.426788e-01 
-1.548001e-02 -4.152621e-01 
-6.300600e-03 -2.440100e-01 
-7.667894e-01 2.916786e-01 
-8.096035e-02 1.683858e-01 
4.841837e-03 7.677091e-02 
2.726743e-02 1.725233e-01 
2.451686e-02 3.505442e-01 
2.595270e-02 6.138837e-01 
1.998466e-02 9.340353e-01 
-1.382359e-01 2.650221e-01 
2.069159e-02 2.309132e-01 
1.303885e-02 1.797102e-01 
1.382330e-02 1.203117e-01 
9.726519e-03 1.366937e-01 
1.029674e-02 2.404324e-01 
8.627712e-03 4.505972e-01 
-7.871748e-02 -2.049745e-01 
7.060218e-04 2.044190e-02 
4.121862e-03 1.228909e-01 
1.372823e-04 8.083490e-02 
-2.428178e-03 -9.190010e-03 
-4.488768e-03 -1.138059e-01 
-4.169977e-03 -2.272652e-01 
-1.566754e+00 -2.050449e-01 
-5.273218e-01 -5.953905e-01 
-1.216373e-01 -6.286289e-01 
-6.046207e-02 -7.188850e-01 
-3.974585e-02 -8.587639e-01 
-3.122203e-02 -1.022613e+00 
-1.846261e-02 -1.248553e+00 
-1.577190e+00 7.086197e-01 
1.415824e-01 6.677723e-01 
9.992966e-02 7.462669e-01 
6.564143e-02 8.174139e-01 
4.135119e-02 9.631395e-01 
2.950114e-02 1.141447e+00 
9.250881e-03 1.253929e+00 
4.595673e-02 -1.986683e-01 
-2.698685e-03 -2.246678e-01 
1.660344e-02 -2.194787e-01 
1.250632e-02 -9.814911e-02 
1.349082e-02 1.742245e-01 
1.571031e-02 5.547434e-01 
7.561708e-03 9.631548e-01 
-1.956190e+00 -5.368772e-01 
-4.235836e-01 -1.072676e+00 
-1.509531e-01 -1.260507e+00 
-6.259099e-02 -1.319588e+00 
-3.492534e-02 -1.275360e+00 
-2.128648e-02 -1.110878e+00 
-8.351496e-03 -8.290767e-01 
-2.435178e+00 9.224658e-01 
1.931442e-02 1.073763e+00 
1.434673e-01 1.137451e+00 
4.583188e-02 1.141244e+00 
2.324520e-02 1.022513e+00 
1.269249e-02 8.635285e-01 
3.039609e-03 7.273772e-01 
