poroelastic
-1.375144e-02 1.622368e-01 
-5.650115e-03 2.065788e-01 
4.596299e-03 1.380877e-01 
-1.560868e-04 -4.601014e-03 
-1.931493e-03 -6.973478e-02 
-1.920509e-03 -7.835814e-02 
-4.709065e-04 -2.112176e-02 
5.869086e-02 -2.197062e-01 
-1.752911e-02 8.596940e-02 
-4.784206e-03 1.414681e-01 
1.636027e-03 4.226301e-02 
6.102636e-04 1.515773e-02 
6.826990e-04 2.259313e-02 
1.300608e-03 7.202857e-02 
-4.463442e-01 5.182371e-01 
-7.477922e-02 5.653618e-01 
1.607313e-03 3.575851e-01 
1.582629e-03 9.476466e-02 
-1.476876e-03 -5.387216e-02 
-2.148951e-03 -1.219597e-01 
-1.317168e-03 -1.054500e-01 
-1.813407e-01 3.996663e-01 
-9.722858e-03 3.662549e-01 
1.851583e-04 2.464570e-01 
1.033453e-03 7.379587e-02 
-4.144455e-04 -2.148682e-02 
-8.574036e-04 -6.222231e-02 
-4.307266e-04 -3.657924e-02 
3.170766e-03 -9.288638e-02 
-3.221198e-03 6.660833e-02 
6.294881e-04 7.801692e-02 
1.207379e-04 1.326628e-02 
-2.593437e-04 -2.046737e-02 
-4.107249e-04 -3.317416e-02 
-1.558294e-04 -1.259288e-02 
-1.087715e-01 -3.884191e-01 
2.805135e-03 -2.252141e-01 
-3.815407e-03 -6.595663e-02 
-4.437981e-04 1.463061e-02 
7.278217e-04 7.478607e-02 
1.243363e-03 1.182982e-01 
1.817917e-03 1.544632e-01 
-1.085734e-01 3.830472e-01 
3.385678e-04 2.764516e-01 
4.422415e-03 1.111647e-01 
3.073879e-05 -1.910745e-02 
-8.787180e-04 -1.044581e-01 
-1.130761e-03 -1.482066e-01 
-9.797117e-04 -1.495461e-01 
-3.443831e-02 1.661294e-01 
-6.440825e-04 1.629584e-01 
-1.343379e-03 1.310077e-01 
3.517049e-04 6.540120e-02 
1.227244e-04 2.369924e-02 
-2.716044e-06 -2.010800e-04 
1.192032e-05 1.756456e-03 
7.229070e-02 -2.095019e-01 
-4.868147e-03 3.270818e-02 
-3.711509e-03 1.312124e-01 
-6.361485e-04 1.018841e-01 
1.345233e-04 8.404441e-02 
2.810717e-04 6.851799e-02 
5.759215e-04 6.863597e-02 
-3.199515e-01 4.632218e-01 
-5.080247e-02 4.768828e-01 
-4.437612e-04 2.820660e-01 
7.097356e-04 6.415415e-02 
1.517187e-04 -6.974138e-02 
-5.598890e-05 -1.394049e-01 
-1.909264e-04 -1.469304e-01 
-2.114290e-01 3.381505e-01 
3.317343e-03 2.392110e-01 
-4.221485e-04 1.538560e-01 
-3.720428e-04 7.489273e-02 
-2.921964e-04 4.521419e-02 
-2.551604e-04 4.915999e-02 
-1.758010e-04 8.336784e-02 
-5.111519e-02 -1.123656e-01 
3.097341e-03 -4.641529e-02 
-8.123802e-05 -3.841905e-02 
1.077512e-03 -6.951120e-02 
8.871860e-04 -8.748542e-02 
5.984725e-04 -9.582178e-02 
1.666426e-04 -9.743646e-02 
-7.883555e-02 -3.970655e-01 
9.417672e-03 -2.636843e-01 
3.614937e-03 -7.717021e-02 
-1.350315e-03 5.493766e-02 
-1.297951e-03 1.366551e-01 
-1.343767e-03 1.721962e-01 
-8.260641e-04 1.534241e-01 
-1.410112e-01 3.734644e-01 
-5.302181e-03 2.549695e-01 
-1.899961e-03 1.302944e-01 
-6.011185e-04 5.671094e-02 
5.785690e-04 -2.543425e-02 
1.352711e-03 -1.132032e-01 
2.070468e-03 -2.243848e-01 
-4.220822e-02 8.221595e-02 
5.360657e-03 1.913140e-02 
2.177225e-03 5.578773e-02 
-1.802174e-03 1.289486e-01 
-1.846778e-03 1.372228e-01 
-1.124338e-03 9.362302e-02 
2.414976e-04 -2.135206e-02 
-1.771087e-01 -4.153779e-01 
2.585430e-03 -2.888704e-01 
1.592511e-03 -1.370755e-01 
-4.207347e-04 2.178036e-02 
-1.028788e-03 7.142636e-02 
-4.027983e-04 4.164445e-02 
9.371336e-04 -8.093347e-02 
-3.453872e-01 -5.266041e-01 
-4.324203e-02 -5.198350e-01 
7.471489e-03 -2.635740e-01 
-8.202292e-04 1.733139e-02 
-2.923700e-03 1.411047e-01 
-2.623222e-03 1.529887e-01 
-6.844066e-04 4.948450e-02 
5.151657e-02 1.701602e-01 
-6.956504e-03 -7.090123e-02 
-3.126714e-03 -9.908994e-02 
-3.040725e-04 1.082242e-02 
3.240807e-05 1.412595e-02 
1.234117e-03 -4.607810e-02 
3.584870e-03 -1.827662e-01 
-2.216789e-02 -2.413923e-01 
1.225035e-03 -2.343162e-01 
6.259498e-03 -1.165066e-01 
-2.663333e-03 6.773913e-02 
-3.269651e-03 1.278921e-01 
-1.968907e-03 1.032007e-01 
2.138648e-04 -1.355413e-02 
-1.515763e-01 -4.417101e-01 
4.526477e-04 -3.297476e-01 
9.194913e-03 -1.126735e-01 
-4.405325e-03 8.730898e-02 
-4.357558e-03 1.567657e-01 
-2.537106e-03 1.320500e-01 
-3.002368e-04 2.447224e-02 
-1.556469e-01 3.316897e-01 
-9.916604e-04 1.207805e-01 
-1.198208e-03 2.387792e-02 
-1.239517e-03 4.903508e-02 
-8.943947e-05 2.181779e-02 
1.065969e-03 -2.693305e-02 
1.571872e-03 -8.384628e-02 
