poroelastic
-7.626622e-03 -1.452706e-01 
-2.189229e-02 -1.511449e-01 
-1.944538e-02 -3.644261e-02 
1.619828e-02 9.966850e-02 
1.717470e-02 1.437859e-01 
1.250098e-02 1.284119e-01 
2.562704e-03 3.237175e-02 
-3.999969e-01 -9.896792e-02 
3.772555e-02 -2.644518e-01 
2.394094e-02 -2.304997e-01 
-3.369338e-02 -1.652087e-01 
-3.238537e-02 -2.085870e-01 
-3.206286e-02 -2.821235e-01 
-2.780422e-02 -3.753194e-01 
-2.921843e-01 -2.732397e-01 
-1.129435e-01 -1.116511e-01 
-3.616242e-02 9.049785e-02 
4.299588e-02 2.376943e-01 
3.727552e-02 2.969554e-01 
3.017178e-02 3.029306e-01 
1.889016e-02 2.718721e-01 
1.201969e-03 -1.479311e-01 
-1.096519e-02 -9.346674e-02 
-4.446147e-03 1.186547e-02 
1.036088e-02 7.796370e-02 
7.941373e-03 7.768145e-02 
3.569724e-03 4.485403e-02 
-1.097867e-03 -1.570068e-02 
-5.277940e-02 -9.920031e-02 
3.383355e-03 -1.447247e-01 
-4.068460e-03 -8.160749e-02 
-2.592624e-03 -9.833073e-03 
-8.141590e-04 3.980155e-03 
-2.454378e-03 -1.600398e-02 
-5.198668e-03 -7.516424e-02 
-3.318213e-01 -5.199297e-03 
-5.577062e-02 -1.678960e-01 
5.466702e-03 -1.622017e-01 
-2.391631e-02 -1.210178e-01 
-2.454324e-02 -1.685239e-01 
-2.736156e-02 -2.651108e-01 
-2.883164e-02 -4.148106e-01 
-6.237953e-01 -8.929629e-02 
-1.052292e-01 1.280357e-01 
-6.213217e-03 3.421973e-01 
7.276005e-02 4.661507e-01 
5.327148e-02 4.936523e-01 
3.877200e-02 4.451478e-01 
2.002420e-02 3.253292e-01 
-1.879136e-02 -1.048591e-01 
-1.346095e-02 -1.101520e-01 
-1.074489e-02 -3.482604e-02 
1.216743e-02 5.760952e-02 
1.226745e-02 1.065070e-01 
1.102288e-02 1.263148e-01 
6.371340e-03 1.061173e-01 
-5.134616e-01 -1.463682e-01 
-1.180314e-02 -3.779673e-01 
-1.648231e-03 -4.133612e-01 
-5.324553e-02 -3.706086e-01 
-4.615182e-02 -3.869340e-01 
-3.881956e-02 -4.180363e-01 
-2.944270e-02 -4.696126e-01 
-4.482287e-01 -1.227661e-01 
-1.385082e-01 6.935913e-02 
-1.195000e-02 2.214816e-01 
4.727732e-02 3.143144e-01 
3.556843e-02 3.346193e-01 
2.528009e-02 3.050871e-01 
1.260108e-02 2.290462e-01 
-1.666535e-01 -6.659371e-02 
-3.133529e-03 -2.332866e-02 
4.946925e-04 8.265537e-02 
2.658086e-02 1.799916e-01 
2.014570e-02 2.127727e-01 
1.342981e-02 1.875466e-01 
4.001300e-03 7.750864e-02 
-4.389333e-03 -1.117940e-01 
-1.390441e-02 -1.237419e-01 
-4.867186e-03 -2.294639e-02 
1.338184e-02 1.046909e-01 
1.127298e-02 1.349361e-01 
5.597551e-03 9.361637e-02 
-1.889666e-03 -3.700955e-02 
-5.053111e-01 -7.382779e-02 
-1.247150e-01 -3.063525e-01 
-3.042291e-02 -3.388509e-01 
-4.979138e-02 -3.048212e-01 
-3.910239e-02 -3.312920e-01 
-3.152550e-02 -3.828200e-01 
-2.145656e-02 -4.685130e-01 
-7.997760e-01 2.100111e-02 
-7.328481e-02 2.186244e-01 
2.629389e-02 3.873667e-01 
7.259886e-02 4.738978e-01 
4.635808e-02 4.973347e-01 
3.280751e-02 4.678453e-01 
1.639670e-02 3.960491e-01 
-5.903531e-02 1.086724e-01 
1.412706e-02 1.724702e-01 
1.774245e-02 2.001384e-01 
1.423291e-02 1.537333e-01 
5.543355e-03 9.136140e-02 
-1.851432e-04 1.766786e-02 
-2.853054e-03 -7.273414e-02 
-9.120527e-04 -7.528639e-02 
-7.241397e-03 -6.946690e-02 
-1.274137e-03 -1.725572e-02 
6.378158e-03 4.248550e-02 
5.617281e-03 6.867654e-02 
3.506310e-03 6.276591e-02 
4.136095e-04 1.098886e-02 
-4.702726e-01 -2.963135e-02 
-1.960611e-01 -2.326661e-01 
-5.520855e-02 -2.499496e-01 
-3.876583e-02 -2.254156e-01 
-2.800231e-02 -2.611267e-01 
-2.363843e-02 -3.424453e-01 
-1.693932e-02 -4.768043e-01 
-9.759945e-01 3.395789e-01 
1.315470e-01 4.568950e-01 
9.166166e-02 6.253645e-01 
8.174379e-02 6.594532e-01 
4.338883e-02 6.205763e-01 
2.571007e-02 5.106827e-01 
8.431762e-03 3.341068e-01 
6.047496e-02 5.033030e-02 
1.071288e-02 1.214417e-01 
2.594507e-02 1.845811e-01 
2.072227e-02 2.286303e-01 
1.211609e-02 2.085413e-01 
5.180145e-03 1.311824e-01 
-5.214937e-04 -1.827700e-02 
-6.004066e-01 -1.287573e-01 
-1.875367e-01 -3.743714e-01 
-7.391610e-02 -4.165779e-01 
-4.617262e-02 -3.794990e-01 
-3.244287e-02 -3.914686e-01 
-2.495190e-02 -4.372796e-01 
-1.650218e-02 -5.346298e-01 
-1.009711e+00 2.347874e-01 
5.688457e-02 2.395392e-01 
7.526813e-02 3.190061e-01 
4.972029e-02 3.937820e-01 
2.953946e-02 4.366489e-01 
2.154617e-02 4.558039e-01 
9.366322e-03 4.560942e-01 
