poroelastic
-2.907980e-03 -5.357357e-02 
-6.572028e-03 -5.379223e-02 
-6.527397e-03 -2.455343e-02 
2.611947e-03 6.378834e-03 
3.845281e-03 3.472790e-02 
4.844372e-03 6.650705e-02 
4.211739e-03 8.911662e-02 
-1.111064e+00 -4.218149e-01 
8.977158e-02 -5.661202e-01 
3.373924e-02 -6.196587e-01 
-7.707985e-02 -6.478510e-01 
-5.508912e-02 -6.490995e-01 
-3.993460e-02 -6.074040e-01 
-2.244552e-02 -5.170016e-01 
-8.919760e-01 2.729893e-01 
-1.825168e-01 4.509519e-01 
-1.767983e-02 4.119283e-01 
3.841972e-02 3.342641e-01 
2.831548e-02 3.167623e-01 
2.366391e-02 3.561596e-01 
1.785305e-02 4.620793e-01 
-1.018267e-01 1.906458e-01 
1.081023e-03 1.366662e-01 
1.841983e-03 8.271346e-02 
3.300439e-03 2.334636e-02 
1.968744e-03 1.242914e-02 
2.861063e-03 3.830239e-02 
3.450510e-03 9.101027e-02 
-2.224878e-01 -2.967341e-01 
2.899709e-02 -3.181755e-01 
-3.535484e-03 -2.922267e-01 
-2.279511e-02 -2.393638e-01 
-1.390636e-02 -1.937426e-01 
-9.503717e-03 -1.620214e-01 
-6.709390e-03 -1.749105e-01 
-1.012522e+00 -3.701935e-01 
-1.685777e-01 -6.522221e-01 
-1.849386e-02 -6.115047e-01 
-4.710475e-02 -5.039274e-01 
-3.319656e-02 -4.512051e-01 
-2.555720e-02 -4.421716e-01 
-1.914969e-02 -5.140902e-01 
-1.038937e+00 3.322338e-01 
-1.205881e-01 4.789565e-01 
6.438577e-03 5.509830e-01 
5.962713e-02 5.975748e-01 
4.304927e-02 6.171613e-01 
3.190126e-02 6.142581e-01 
1.753796e-02 5.593408e-01 
2.290274e-02 -1.015573e-02 
-3.889108e-03 -9.883931e-02 
-6.092673e-03 -1.300009e-01 
-7.786369e-03 -1.275701e-01 
-3.204049e-03 -7.930420e-02 
7.336810e-04 -1.020808e-03 
2.511054e-03 8.115659e-02 
-1.095047e+00 -4.445737e-01 
-2.855468e-02 -6.949754e-01 
-2.163062e-02 -8.073598e-01 
-6.635820e-02 -8.401375e-01 
-4.786231e-02 -7.979699e-01 
-3.324142e-02 -6.974686e-01 
-1.798889e-02 -5.452946e-01 
-9.212771e-01 3.860975e-01 
-1.915469e-01 5.544075e-01 
5.872802e-04 4.508693e-01 
3.061721e-02 3.404196e-01 
2.151460e-02 3.143707e-01 
1.758917e-02 3.504734e-01 
1.271165e-02 4.654146e-01 
-2.213789e-01 2.823594e-01 
1.171950e-02 1.402920e-01 
4.216344e-03 7.240920e-02 
9.495355e-03 6.465077e-02 
7.582948e-03 1.001541e-01 
7.434723e-03 1.540159e-01 
5.634691e-03 2.382638e-01 
-1.262709e-01 -3.246479e-01 
-1.032333e-02 -3.765652e-01 
-1.737562e-02 -3.290780e-01 
-9.909312e-03 -1.823152e-01 
-2.965865e-03 -7.702737e-02 
-1.208674e-04 -1.080323e-02 
6.218806e-04 2.627763e-02 
-1.081951e+00 -4.222279e-01 
-2.473385e-01 -7.626675e-01 
-6.301222e-02 -7.664021e-01 
-5.082117e-02 -6.531270e-01 
-3.089238e-02 -5.726845e-01 
-1.999184e-02 -5.200390e-01 
-9.585103e-03 -4.884995e-01 
-1.113071e+00 4.513204e-01 
-8.694345e-02 5.613070e-01 
3.772479e-02 5.574964e-01 
4.846141e-02 5.561109e-01 
2.937375e-02 5.513138e-01 
1.970137e-02 5.464013e-01 
8.269283e-03 5.486984e-01 
-5.178117e-02 1.918869e-01 
1.237915e-02 1.468444e-01 
7.824962e-03 1.120595e-01 
5.673554e-03 8.176743e-02 
2.917232e-03 6.560024e-02 
1.596488e-03 5.401790e-02 
4.124546e-04 3.205916e-02 
-3.758590e-01 -4.180346e-01 
-2.356939e-02 -4.263639e-01 
-2.158317e-02 -3.389352e-01 
-1.131790e-02 -1.943317e-01 
-4.510581e-03 -1.038841e-01 
-2.400359e-03 -6.487770e-02 
-1.356998e-03 -1.081662e-01 
-1.130316e+00 -4.308207e-01 
-3.962361e-01 -8.483477e-01 
-9.791379e-02 -7.628763e-01 
-3.653822e-02 -5.280643e-01 
-1.737620e-02 -3.935332e-01 
-1.050260e-02 -3.555850e-01 
-4.284956e-03 -4.490744e-01 
-1.146824e+00 5.870745e-01 
1.403959e-01 5.234995e-01 
8.879595e-02 6.344472e-01 
5.298680e-02 7.462374e-01 
2.701102e-02 7.672310e-01 
1.388085e-02 7.037131e-01 
8.285502e-04 5.258072e-01 
-2.420355e-02 -1.827572e-01 
-8.988664e-03 -1.720998e-01 
6.501478e-04 -9.287020e-02 
3.516637e-03 5.006009e-02 
2.780954e-03 1.137369e-01 
1.107581e-03 1.025712e-01 
-7.237626e-05 -1.798211e-02 
-1.189248e+00 -5.259327e-01 
-2.981892e-01 -8.776572e-01 
-1.033861e-01 -8.590827e-01 
-3.387978e-02 -7.008761e-01 
-1.664010e-02 -5.831385e-01 
-9.864137e-03 -5.118334e-01 
-3.988321e-03 -5.149765e-01 
-1.352965e+00 7.065062e-01 
6.101442e-02 5.276667e-01 
8.335877e-02 4.311465e-01 
2.389084e-02 4.299062e-01 
1.248783e-02 4.664804e-01 
7.876273e-03 5.241238e-01 
6.176413e-04 5.925593e-01 
