poroelastic
-3.174903e-03 1.546129e-01 
1.193506e-02 1.835445e-01 
1.927438e-02 8.385716e-02 
-9.941961e-03 -8.087876e-02 
-1.092013e-02 -1.374481e-01 
-7.542245e-03 -1.244931e-01 
-1.682694e-03 -3.837249e-02 
-4.261213e-02 -2.072794e-01 
-1.389224e-03 1.369431e-02 
1.130321e-03 2.555144e-02 
-4.459963e-03 -6.481763e-02 
-1.909542e-03 -5.022368e-02 
1.995064e-03 9.222946e-03 
4.092879e-03 1.023924e-01 
-4.194762e-01 5.001005e-01 
-4.901821e-02 5.133490e-01 
1.674152e-02 2.920714e-01 
2.066904e-04 4.408234e-02 
-5.811367e-03 -6.902545e-02 
-5.658174e-03 -1.001841e-01 
-2.213839e-03 -6.083795e-02 
-1.349542e-01 3.678927e-01 
3.915189e-04 3.137713e-01 
1.084706e-02 1.727399e-01 
-1.130751e-03 5.499858e-03 
-4.277004e-03 -5.941106e-02 
-3.424278e-03 -6.544715e-02 
-7.869553e-04 -2.116525e-02 
-4.048033e-02 -9.497772e-02 
1.379445e-02 2.550509e-02 
7.919650e-03 -2.524407e-03 
-7.833167e-03 -7.460824e-02 
-5.888034e-03 -8.458485e-02 
-3.666815e-03 -6.815492e-02 
-1.349201e-03 -3.620581e-02 
-1.776029e-01 -3.457909e-01 
-1.443064e-02 -2.453085e-01 
-9.496884e-03 -1.389222e-01 
-3.138805e-03 -7.860015e-02 
2.186401e-03 3.311742e-03 
5.339747e-03 8.495096e-02 
6.169730e-03 1.558545e-01 
-9.305852e-02 3.654087e-01 
1.233623e-02 2.402707e-01 
1.012709e-02 5.581792e-02 
-7.407703e-03 -7.008113e-02 
-6.968747e-03 -1.148196e-01 
-4.986406e-03 -1.057780e-01 
-1.804132e-03 -5.614663e-02 
-8.598970e-04 1.585603e-01 
6.340719e-03 1.247450e-01 
8.451504e-03 5.219235e-02 
-5.716058e-03 -4.405391e-02 
-5.249279e-03 -8.174470e-02 
-4.261686e-03 -8.889146e-02 
-1.964669e-03 -6.334721e-02 
4.689206e-03 -1.805456e-01 
-3.880037e-03 1.252525e-02 
-1.393631e-03 6.024883e-02 
1.225885e-03 6.135228e-03 
1.581241e-03 9.575187e-03 
2.411711e-03 3.670596e-02 
3.021202e-03 8.876253e-02 
-2.908924e-01 4.552353e-01 
-2.797024e-02 4.303658e-01 
1.288817e-02 2.009254e-01 
-3.197785e-03 -1.069422e-02 
-5.706547e-03 -9.714152e-02 
-4.328661e-03 -1.055179e-01 
-1.262513e-03 -4.929882e-02 
-1.283608e-01 3.434702e-01 
6.458216e-03 1.908084e-01 
2.501109e-03 6.094745e-02 
-1.474587e-03 -3.408916e-02 
-1.261505e-03 -4.588952e-02 
2.701450e-04 -8.962656e-03 
1.652283e-03 7.252263e-02 
-6.465993e-02 -1.153954e-01 
1.310210e-02 -8.650795e-02 
1.349946e-03 -1.230528e-01 
-1.154511e-02 -1.636172e-01 
-7.102050e-03 -1.539779e-01 
-4.138808e-03 -1.184638e-01 
-1.406126e-03 -6.273320e-02 
-1.087296e-01 -3.611491e-01 
-9.953121e-03 -2.689203e-01 
-8.164604e-03 -1.329300e-01 
3.624451e-03 -1.503822e-02 
6.989675e-03 9.069991e-02 
6.557411e-03 1.651003e-01 
3.628445e-03 1.965719e-01 
-3.925506e-02 3.719953e-01 
1.955586e-02 2.006841e-01 
5.034771e-03 3.313198e-02 
-7.497382e-03 -4.502344e-02 
-5.151937e-03 -9.904679e-02 
-4.980655e-03 -1.452994e-01 
-3.153937e-03 -2.034293e-01 
-1.044431e-02 3.844226e-02 
-2.531547e-03 -6.239744e-02 
-2.803885e-03 -6.279099e-02 
2.720081e-03 2.087022e-02 
2.940316e-03 7.227262e-02 
2.062272e-03 8.345250e-02 
3.823280e-04 2.958991e-02 
-2.657086e-01 -4.010851e-01 
5.399186e-03 -3.219448e-01 
-7.679137e-03 -2.228867e-01 
-4.554080e-03 -8.093908e-02 
-1.247785e-03 -1.377591e-02 
-1.186889e-03 -1.555231e-02 
-1.248254e-03 -1.068128e-01 
-3.197403e-01 -4.827330e-01 
-6.277492e-02 -5.240182e-01 
-8.845945e-03 -3.116433e-01 
2.549357e-03 -2.991264e-02 
5.231262e-03 1.303153e-01 
3.912750e-03 1.840824e-01 
1.287962e-03 1.136179e-01 
1.617055e-01 1.288383e-01 
-1.320048e-02 -1.551823e-01 
-1.255968e-02 -2.150483e-01 
-5.907294e-03 -8.776065e-02 
-1.777476e-03 -4.127761e-02 
-1.756259e-03 -5.933307e-02 
-5.146556e-04 -1.731725e-01 
-6.138969e-02 -2.830778e-01 
-8.026488e-03 -3.136392e-01 
-7.824727e-03 -2.242727e-01 
-8.140984e-04 -3.667737e-02 
4.938188e-04 4.229615e-02 
5.916696e-05 3.441359e-02 
-6.189496e-04 -8.099355e-02 
-1.196955e-01 -4.297083e-01 
-9.052909e-03 -3.619511e-01 
9.193635e-04 -1.665505e-01 
3.455184e-03 5.372839e-02 
5.249157e-03 1.773982e-01 
3.637767e-03 2.144067e-01 
1.444221e-03 1.523749e-01 
4.316935e-02 3.721481e-01 
6.213121e-03 7.776775e-02 
-1.100306e-02 -8.967715e-02 
-5.328472e-03 -9.946276e-02 
-1.882606e-03 -1.048622e-01 
-1.288222e-03 -1.108521e-01 
1.100567e-04 -1.307990e-01 
