poroelastic
-1.698300e-02 -8.805167e-02 
-2.969452e-02 -1.019140e-01 
-3.025615e-02 -2.039800e-02 
1.757692e-02 1.202346e-01 
2.223118e-02 1.754536e-01 
1.878771e-02 1.633695e-01 
8.662614e-03 8.489925e-02 
5.728036e-01 4.254184e-01 
-6.506267e-02 3.548052e-01 
-3.897361e-02 3.478612e-01 
5.730044e-02 4.000717e-01 
4.937708e-02 3.771157e-01 
3.342855e-02 2.942899e-01 
1.497653e-02 1.563822e-01 
8.191929e-01 -5.759592e-01 
1.232892e-01 -6.352558e-01 
-3.460868e-03 -4.311994e-01 
-2.698068e-02 -1.944640e-01 
-1.246796e-02 -9.470162e-02 
-1.003268e-02 -8.306647e-02 
-1.436329e-02 -1.582862e-01 
1.601375e-01 -4.071956e-01 
-6.193816e-03 -3.196808e-01 
-1.568659e-02 -1.819084e-01 
-1.948419e-03 -2.115271e-02 
4.514202e-03 3.943803e-02 
3.848177e-03 3.892133e-02 
-9.447798e-04 -1.026471e-02 
1.818429e-01 2.771439e-01 
-5.902261e-02 2.036475e-01 
-1.886614e-02 2.157971e-01 
3.605120e-02 2.452964e-01 
2.890402e-02 2.333306e-01 
2.269897e-02 2.075262e-01 
1.735703e-02 1.915166e-01 
7.118918e-01 5.353451e-01 
9.882737e-02 6.411220e-01 
1.357972e-02 5.243882e-01 
4.634010e-02 3.832281e-01 
3.033204e-02 2.632085e-01 
1.725971e-02 1.655653e-01 
1.027119e-02 1.132236e-01 
6.580153e-01 -4.852221e-01 
7.352022e-02 -3.996103e-01 
1.027937e-02 -2.853571e-01 
-3.591705e-02 -2.340850e-01 
-2.787419e-02 -2.351410e-01 
-2.749560e-02 -2.649828e-01 
-2.612064e-02 -3.152447e-01 
-5.990843e-02 -7.803497e-02 
-1.476584e-02 2.311577e-02 
-1.068841e-02 1.008899e-01 
2.457563e-02 1.755189e-01 
2.081263e-02 1.907133e-01 
1.514568e-02 1.583094e-01 
5.867290e-03 7.203707e-02 
5.592626e-01 4.528118e-01 
-2.155381e-03 4.674835e-01 
-1.016179e-02 4.675354e-01 
5.814679e-02 4.920432e-01 
5.005082e-02 4.441638e-01 
3.373369e-02 3.418619e-01 
1.566358e-02 1.871712e-01 
7.503083e-01 -6.315445e-01 
1.161129e-01 -6.404135e-01 
-7.749929e-03 -3.625620e-01 
-1.852215e-02 -1.277444e-01 
-9.080211e-03 -6.136630e-02 
-1.127472e-02 -9.995073e-02 
-1.685927e-02 -2.259131e-01 
1.580339e-01 -4.441900e-01 
-1.098181e-02 -1.631253e-01 
3.408381e-03 5.456048e-03 
4.744062e-03 7.448577e-02 
8.017000e-04 3.292548e-02 
-6.832976e-03 -6.372410e-02 
-1.323575e-02 -1.848784e-01 
1.483577e-01 3.699380e-01 
-1.370182e-02 4.177483e-01 
1.909141e-02 4.173943e-01 
3.798420e-02 3.316610e-01 
2.103476e-02 2.213075e-01 
9.446245e-03 1.126895e-01 
2.448216e-03 3.444602e-02 
7.691697e-01 6.251971e-01 
1.644165e-01 8.114399e-01 
4.977659e-02 6.925147e-01 
5.464053e-02 4.790286e-01 
2.963016e-02 2.972219e-01 
1.361102e-02 1.605819e-01 
6.394003e-03 9.851911e-02 
6.285982e-01 -6.169197e-01 
2.403554e-02 -4.006043e-01 
-9.107017e-03 -2.279300e-01 
-2.638979e-02 -1.877643e-01 
-1.758867e-02 -1.829191e-01 
-1.421177e-02 -1.770387e-01 
-8.600404e-03 -1.417061e-01 
1.501010e-02 -6.852389e-02 
9.557430e-03 1.027928e-01 
1.300754e-02 1.169140e-01 
-4.428770e-03 -1.029880e-03 
-9.923216e-03 -9.575089e-02 
-1.108236e-02 -1.423987e-01 
-5.711188e-03 -9.630725e-02 
6.016299e-01 7.085959e-01 
1.088102e-02 7.056969e-01 
4.009444e-02 5.631594e-01 
3.225716e-02 2.944531e-01 
1.300264e-02 1.331569e-01 
7.746910e-03 8.297869e-02 
1.099310e-02 1.916762e-01 
1.002354e+00 7.908821e-01 
3.434164e-01 1.149992e+00 
9.498349e-02 8.905020e-01 
3.634373e-02 3.968182e-01 
8.012419e-03 9.687742e-02 
-1.957357e-04 -1.768071e-02 
5.656017e-03 1.022792e-01 
5.108837e-01 -4.626516e-01 
-3.887802e-02 -2.593405e-02 
-1.358482e-02 -5.513945e-02 
-4.190301e-02 -3.251796e-01 
-3.187197e-02 -4.361625e-01 
-2.387331e-02 -4.001701e-01 
-7.468429e-03 -1.633940e-01 
1.278917e-01 5.097372e-01 
3.866549e-02 5.800744e-01 
3.441856e-02 4.244239e-01 
5.042475e-03 7.520699e-02 
-4.831163e-03 -8.031791e-02 
-3.728909e-03 -7.955086e-02 
5.990082e-03 1.190601e-01 
8.439514e-01 8.388563e-01 
2.304965e-01 1.073450e+00 
7.874728e-02 8.509423e-01 
3.374882e-02 4.398939e-01 
1.203243e-02 1.756771e-01 
2.304059e-03 3.474783e-02 
2.138370e-03 4.089998e-02 
6.606132e-01 -8.661024e-01 
-3.583021e-02 -2.853107e-01 
-1.197728e-02 -1.992609e-02 
-8.699386e-03 -2.719921e-02 
-7.711291e-03 -8.660932e-02 
-1.121793e-02 -1.783165e-01 
-1.217317e-02 -2.979110e-01 
