poroelastic
-5.788553e-03 1.546626e-01 
7.730921e-03 1.858984e-01 
1.587844e-02 9.221088e-02 
-7.244263e-03 -6.786319e-02 
-8.457081e-03 -1.248722e-01 
-5.872545e-03 -1.141805e-01 
-1.162596e-03 -3.093545e-02 
-2.091281e-02 -2.113417e-01 
-5.257826e-03 2.645605e-02 
-3.788473e-04 4.753781e-02 
-1.974422e-03 -4.349949e-02 
-5.639760e-04 -3.448858e-02 
2.137547e-03 1.766151e-02 
3.511679e-03 1.045083e-01 
-4.251071e-01 5.052803e-01 
-5.343418e-02 5.236446e-01 
1.397091e-02 3.033919e-01 
5.074075e-04 5.174653e-02 
-4.935713e-03 -6.751643e-02 
-4.970339e-03 -1.043796e-01 
-2.032818e-03 -6.845386e-02 
-1.425383e-01 3.732800e-01 
-1.847460e-03 3.217873e-01 
8.786266e-03 1.842628e-01 
-2.809264e-04 1.638453e-02 
-3.248071e-03 -5.311202e-02 
-2.792065e-03 -6.431006e-02 
-7.058779e-04 -2.329813e-02 
-3.207319e-02 -9.667297e-02 
9.215590e-03 3.168823e-02 
6.140352e-03 1.199740e-02 
-5.085618e-03 -5.724512e-02 
-3.981560e-03 -6.962634e-02 
-2.497720e-03 -5.708022e-02 
-8.524018e-04 -2.799298e-02 
-1.654415e-01 -3.570141e-01 
-1.133866e-02 -2.437216e-01 
-8.264044e-03 -1.256765e-01 
-1.481113e-03 -5.980525e-02 
2.576486e-03 1.946170e-02 
4.707120e-03 9.443939e-02 
5.084688e-03 1.567022e-01 
-9.330212e-02 3.693001e-01 
1.054493e-02 2.460560e-01 
9.312087e-03 6.440935e-02 
-5.858400e-03 -6.225234e-02 
-5.746577e-03 -1.143052e-01 
-4.460611e-03 -1.151211e-01 
-1.954306e-03 -7.686905e-02 
-9.408532e-03 1.597074e-01 
3.823014e-03 1.304396e-01 
5.831974e-03 6.599018e-02 
-2.932848e-03 -2.314553e-02 
-3.044492e-03 -5.948239e-02 
-2.546399e-03 -6.756018e-02 
-1.119696e-03 -4.559598e-02 
1.763806e-02 -1.882043e-01 
-4.406721e-03 1.686812e-02 
-1.919569e-03 7.580154e-02 
1.931597e-03 2.724485e-02 
1.936622e-03 2.631281e-02 
2.106312e-03 4.393504e-02 
2.290745e-03 8.352485e-02 
-2.982177e-01 4.577565e-01 
-3.317748e-02 4.404850e-01 
1.046548e-02 2.174275e-01 
-1.919781e-03 5.230106e-03 
-4.360944e-03 -9.056289e-02 
-3.652545e-03 -1.114757e-01 
-1.318152e-03 -6.853661e-02 
-1.488302e-01 3.431058e-01 
5.504454e-03 1.986407e-01 
1.824249e-03 7.848820e-02 
1.596149e-04 -1.086898e-02 
-2.307473e-04 -2.527027e-02 
5.643686e-04 5.467395e-03 
1.280067e-03 7.827275e-02 
-6.331500e-02 -1.168719e-01 
1.043948e-02 -8.059708e-02 
1.221381e-03 -1.076097e-01 
-7.840075e-03 -1.444926e-01 
-4.832298e-03 -1.404129e-01 
-2.963055e-03 -1.142257e-01 
-1.130118e-03 -6.947328e-02 
-1.013864e-01 -3.717637e-01 
-5.761860e-03 -2.705875e-01 
-5.339748e-03 -1.229250e-01 
3.396971e-03 1.313356e-03 
5.655722e-03 1.034863e-01 
4.836102e-03 1.705614e-01 
2.398431e-03 1.932403e-01 
-5.955060e-02 3.710221e-01 
1.425156e-02 2.099475e-01 
3.704373e-03 5.180234e-02 
-4.993856e-03 -2.359284e-02 
-3.313364e-03 -8.397182e-02 
-3.381942e-03 -1.402115e-01 
-1.982921e-03 -2.097247e-01 
-1.721091e-02 4.541483e-02 
-1.165790e-03 -4.767611e-02 
-1.053531e-03 -3.946719e-02 
2.703962e-03 4.425109e-02 
2.250585e-03 8.686469e-02 
1.292532e-03 8.583236e-02 
1.319647e-04 1.860035e-02 
-2.482400e-01 -4.054002e-01 
3.869155e-03 -3.164549e-01 
-5.528901e-03 -2.057930e-01 
-2.282525e-03 -5.828241e-02 
-4.432218e-04 5.844720e-03 
-6.404142e-04 -2.446293e-03 
-6.127320e-04 -1.016539e-01 
-3.257430e-01 -4.909500e-01 
-5.867794e-02 -5.236122e-01 
-4.668610e-03 -3.012981e-01 
2.038121e-03 -1.849876e-02 
3.268775e-03 1.335917e-01 
2.077999e-03 1.763875e-01 
5.254241e-04 9.550675e-02 
1.381186e-01 1.360325e-01 
-1.176156e-02 -1.387752e-01 
-9.942207e-03 -1.912059e-01 
-3.689029e-03 -6.628170e-02 
-9.516019e-04 -2.862211e-02 
-9.902709e-04 -5.684383e-02 
4.051990e-04 -1.789205e-01 
-5.355037e-02 -2.752125e-01 
-6.692490e-03 -2.972112e-01 
-4.198270e-03 -2.006035e-01 
4.641359e-05 -1.217241e-02 
3.765723e-04 6.352033e-02 
8.361800e-05 5.131508e-02 
-1.639696e-04 -6.832838e-02 
-1.255454e-01 -4.321076e-01 
-6.379511e-03 -3.548302e-01 
3.577367e-03 -1.529053e-01 
1.489608e-03 6.386139e-02 
2.549446e-03 1.750727e-01 
1.516722e-03 1.959963e-01 
5.382779e-04 1.175201e-01 
-2.700448e-03 3.637116e-01 
4.214159e-03 8.411080e-02 
-8.622533e-03 -6.727327e-02 
-2.406310e-03 -6.654487e-02 
-3.914870e-04 -7.507864e-02 
-2.298469e-04 -9.013256e-02 
6.066887e-04 -1.217245e-01 
