poroelastic
-1.735460e-02 -1.323219e-01 
-3.182266e-02 -1.334110e-01 
-2.747559e-02 -3.796333e-03 
2.317632e-02 1.669221e-01 
2.530058e-02 2.177095e-01 
1.865284e-02 1.824929e-01 
4.303649e-03 4.788019e-02 
1.771432e-01 2.116619e-01 
-1.191454e-02 9.632031e-02 
-2.047104e-03 1.278252e-01 
2.471624e-02 2.037159e-01 
1.551513e-02 1.539046e-01 
1.997045e-03 3.800306e-02 
-1.124578e-02 -1.338307e-01 
3.263327e-01 -5.433528e-01 
-2.393052e-03 -4.643501e-01 
-2.900129e-02 -2.016588e-01 
8.145633e-03 3.815068e-02 
1.517016e-02 1.328538e-01 
1.256796e-02 1.326122e-01 
3.769274e-03 4.780753e-02 
8.587202e-02 -3.429600e-01 
-1.313315e-02 -2.400941e-01 
-1.153606e-02 -8.310209e-02 
7.007141e-03 5.484656e-02 
8.567003e-03 8.476291e-02 
4.358867e-03 5.217407e-02 
-2.556823e-03 -3.215889e-02 
1.002805e-01 1.272747e-01 
-2.932496e-02 6.803600e-02 
-7.910177e-03 1.157090e-01 
2.306327e-02 1.713700e-01 
1.791172e-02 1.636751e-01 
1.174571e-02 1.241900e-01 
4.996664e-03 6.365788e-02 
2.977517e-01 3.348672e-01 
4.819833e-02 3.322140e-01 
2.024683e-02 2.729987e-01 
2.071332e-02 2.075320e-01 
7.251676e-03 9.547715e-02 
-4.946561e-03 -3.732750e-02 
-1.398514e-02 -1.792949e-01 
4.491786e-03 -3.682251e-01 
-2.932893e-02 -1.571667e-01 
-5.335514e-03 5.794206e-02 
2.034928e-02 1.638614e-01 
1.618713e-02 1.709233e-01 
8.398959e-03 1.061355e-01 
-1.561180e-03 -2.211797e-02 
-5.340209e-02 -9.239807e-02 
-1.330129e-02 -1.935189e-02 
-7.835150e-03 8.280223e-02 
2.408877e-02 1.780293e-01 
2.032418e-02 2.022620e-01 
1.475058e-02 1.735839e-01 
5.667611e-03 8.168859e-02 
9.205477e-02 2.022897e-01 
5.688489e-03 9.721785e-02 
6.420588e-03 8.934447e-02 
1.216654e-02 1.325890e-01 
5.650974e-03 8.225399e-02 
-3.460179e-03 -2.030750e-02 
-1.273900e-02 -1.780802e-01 
1.683109e-01 -4.821302e-01 
-2.671599e-02 -3.467866e-01 
-1.643493e-02 -6.511614e-02 
1.768738e-02 1.416191e-01 
1.722804e-02 1.882742e-01 
9.399547e-03 1.284578e-01 
-1.699234e-03 -2.671609e-02 
-3.592796e-02 -3.087094e-01 
-8.516323e-03 -9.251521e-02 
2.516169e-03 9.004026e-02 
2.048492e-02 1.917187e-01 
1.400844e-02 1.753772e-01 
4.832406e-03 8.160376e-02 
-5.434915e-03 -9.011937e-02 
1.135895e-01 1.829120e-01 
-1.035230e-02 2.245447e-01 
1.461155e-02 2.964958e-01 
3.412272e-02 3.189415e-01 
2.136106e-02 2.550785e-01 
9.539788e-03 1.389891e-01 
-1.418903e-03 -2.365917e-02 
2.147860e-01 3.441271e-01 
4.894299e-02 3.466014e-01 
2.423403e-02 2.667570e-01 
9.800688e-03 1.565376e-01 
-3.236663e-03 1.559159e-02 
-1.133148e-02 -1.228847e-01 
-1.338193e-02 -2.469109e-01 
-1.368393e-01 -3.794657e-01 
-3.664607e-02 -1.046040e-01 
5.000466e-03 1.236057e-01 
2.702663e-02 2.074052e-01 
1.859389e-02 2.163980e-01 
1.256777e-02 1.801524e-01 
6.047946e-03 1.216405e-01 
-4.421247e-02 4.241630e-02 
1.572561e-02 2.049350e-01 
1.996930e-02 2.431971e-01 
9.470142e-03 1.406347e-01 
-6.723366e-06 2.956513e-02 
-5.751364e-03 -6.918055e-02 
-6.405917e-03 -1.327759e-01 
3.996188e-01 3.982444e-01 
1.585725e-02 4.259440e-01 
2.927127e-02 3.772831e-01 
2.502556e-02 2.445129e-01 
1.220121e-02 1.489800e-01 
6.695285e-03 9.498500e-02 
4.735889e-03 1.014258e-01 
3.869141e-01 4.671379e-01 
1.239302e-01 5.976731e-01 
3.656985e-02 4.419762e-01 
5.102668e-03 1.537959e-01 
-8.622900e-03 -6.266057e-02 
-1.340943e-02 -2.015671e-01 
-1.052745e-02 -2.384288e-01 
-3.234549e-01 -7.460226e-02 
5.926356e-02 2.835798e-01 
3.826180e-02 3.832534e-01 
2.087964e-02 2.348011e-01 
8.068563e-03 1.274339e-01 
3.276231e-03 5.668745e-02 
2.076928e-03 5.971342e-02 
1.310601e-01 3.689884e-01 
3.727572e-02 4.787507e-01 
3.987718e-02 4.318809e-01 
1.669988e-02 2.344194e-01 
5.862097e-03 1.033038e-01 
1.213343e-03 2.348956e-02 
4.949723e-04 1.283038e-02 
2.208105e-01 4.447915e-01 
5.577540e-02 4.747486e-01 
1.785592e-02 3.299500e-01 
6.591784e-04 1.004787e-01 
-8.706034e-03 -8.459914e-02 
-1.325002e-02 -2.259812e-01 
-1.320139e-02 -3.205516e-01 
-2.451657e-01 -4.026132e-01 
1.290873e-02 -3.052426e-02 
3.401703e-02 1.983433e-01 
2.064139e-02 2.486917e-01 
1.267741e-02 2.333922e-01 
7.599604e-03 1.736621e-01 
2.316246e-03 7.416592e-02 
