poroelastic
-1.184224e-03 6.522640e-02 
5.397016e-03 9.329779e-02 
6.769076e-03 3.971488e-02 
-7.783327e-03 -7.436276e-02 
-6.168062e-03 -9.138291e-02 
-1.104980e-03 -4.045922e-02 
2.850187e-03 7.070951e-02 
-1.108796e+00 -5.593687e-01 
1.220226e-01 -5.475057e-01 
5.042430e-02 -5.970124e-01 
-1.001472e-01 -7.130887e-01 
-6.989121e-02 -7.133020e-01 
-4.207310e-02 -6.134094e-01 
-1.525914e-02 -4.142659e-01 
-1.126975e+00 6.383924e-01 
-1.974554e-01 7.928093e-01 
-7.060720e-03 5.782459e-01 
4.168865e-02 2.975923e-01 
2.319717e-02 2.043753e-01 
1.931837e-02 2.407631e-01 
1.374504e-02 4.118125e-01 
-1.817988e-01 4.313142e-01 
3.977615e-03 3.305239e-01 
8.596655e-03 1.777462e-01 
1.547661e-03 2.023569e-03 
-8.571933e-04 -4.017598e-02 
2.070998e-03 2.281237e-03 
4.035433e-03 1.202354e-01 
-2.509589e-01 -3.769600e-01 
5.245363e-02 -3.044677e-01 
3.050568e-03 -3.013580e-01 
-3.774637e-02 -3.102256e-01 
-2.236937e-02 -2.687318e-01 
-1.332231e-02 -2.152156e-01 
-5.892019e-03 -1.747110e-01 
-1.145799e+00 -6.114128e-01 
-1.550072e-01 -8.178605e-01 
-1.552604e-02 -7.088550e-01 
-6.124036e-02 -5.741220e-01 
-3.918933e-02 -4.715344e-01 
-2.499030e-02 -4.036924e-01 
-1.408223e-02 -3.964012e-01 
-1.029345e+00 5.755000e-01 
-1.365109e-01 6.343610e-01 
3.792356e-03 5.621088e-01 
6.423560e-02 5.028251e-01 
4.019813e-02 4.919956e-01 
2.953973e-02 5.035381e-01 
1.490415e-02 5.308760e-01 
3.204485e-02 8.869229e-02 
3.412864e-03 -1.887962e-02 
-1.625192e-03 -1.049862e-01 
-1.619925e-02 -1.833837e-01 
-8.618315e-03 -1.600263e-01 
-1.873550e-03 -7.269102e-02 
2.087110e-03 7.782210e-02 
-1.057170e+00 -5.702461e-01 
7.851718e-03 -6.848804e-01 
-1.165674e-03 -7.602525e-01 
-8.251152e-02 -8.379037e-01 
-5.958163e-02 -8.006662e-01 
-3.603835e-02 -6.755325e-01 
-1.388696e-02 -4.624081e-01 
-1.076412e+00 6.936779e-01 
-2.118457e-01 8.583222e-01 
5.592047e-03 5.968951e-01 
3.500494e-02 3.130866e-01 
1.916580e-02 2.163424e-01 
1.512303e-02 2.434287e-01 
8.981563e-03 3.922699e-01 
-2.896930e-01 5.212736e-01 
1.848671e-02 2.735278e-01 
4.791927e-03 1.099189e-01 
8.638108e-03 1.658104e-02 
6.482763e-03 4.452776e-02 
7.443377e-03 1.293087e-01 
4.916600e-03 2.502427e-01 
-1.666361e-01 -3.961739e-01 
-1.929596e-04 -4.314836e-01 
-2.151468e-02 -4.143297e-01 
-2.450780e-02 -3.173527e-01 
-1.021202e-02 -2.011736e-01 
-3.350156e-03 -9.467632e-02 
-3.937413e-04 -2.036024e-02 
-1.198544e+00 -6.478138e-01 
-2.328846e-01 -9.427946e-01 
-6.141927e-02 -8.773495e-01 
-6.552298e-02 -7.221840e-01 
-3.679709e-02 -5.748194e-01 
-1.895266e-02 -4.500493e-01 
-5.773880e-03 -3.715055e-01 
-1.109105e+00 7.085342e-01 
-8.243979e-02 6.877640e-01 
3.139941e-02 5.517717e-01 
5.033276e-02 4.673899e-01 
2.585768e-02 4.401707e-01 
1.658586e-02 4.291405e-01 
5.152420e-03 4.264157e-01 
-5.092454e-02 2.228545e-01 
8.011954e-03 1.151770e-01 
5.157438e-03 6.265616e-02 
6.829957e-03 6.067312e-02 
4.454581e-03 7.877998e-02 
2.689206e-03 8.357095e-02 
4.867753e-04 5.228563e-02 
-5.679166e-01 -6.740271e-01 
-1.583249e-02 -6.203449e-01 
-3.172958e-02 -4.855522e-01 
-2.051651e-02 -2.712012e-01 
-7.680746e-03 -1.353682e-01 
-4.309129e-03 -9.140462e-02 
-1.435274e-03 -1.737056e-01 
-1.348420e+00 -7.428443e-01 
-4.405585e-01 -1.197231e+00 
-1.071557e-01 -9.865504e-01 
-4.193252e-02 -5.776552e-01 
-1.762444e-02 -3.369595e-01 
-9.138320e-03 -2.560672e-01 
-2.712670e-03 -3.726212e-01 
-1.014275e+00 6.645687e-01 
9.060739e-02 4.277978e-01 
7.812638e-02 4.747751e-01 
6.321932e-02 6.590937e-01 
2.738381e-02 7.286392e-01 
1.329484e-02 6.779868e-01 
-9.390666e-04 4.730677e-01 
-7.530690e-02 -3.595294e-01 
-2.137460e-02 -3.645729e-01 
-1.112079e-02 -2.541181e-01 
1.613752e-03 -1.157130e-02 
2.564201e-03 1.020513e-01 
6.492323e-04 9.932746e-02 
-7.870859e-05 -5.204361e-02 
-1.283016e+00 -7.856131e-01 
-3.060918e-01 -1.108572e+00 
-1.022079e-01 -9.924113e-01 
-4.287623e-02 -7.241350e-01 
-2.175809e-02 -5.453593e-01 
-1.072727e-02 -4.500586e-01 
-1.842118e-03 -4.618864e-01 
-1.357380e+00 9.354501e-01 
4.477188e-02 5.833685e-01 
7.007907e-02 3.747627e-01 
3.441400e-02 3.632694e-01 
1.509471e-02 4.117030e-01 
8.801134e-03 4.782959e-01 
-2.968852e-03 5.573116e-01 
