poroelastic
-2.564472e-02 -9.481067e-02 
-4.198641e-02 -1.079386e-01 
-4.228217e-02 -2.029543e-02 
2.281209e-02 1.271181e-01 
2.953501e-02 1.948959e-01 
2.708329e-02 1.987067e-01 
1.704426e-02 1.449796e-01 
5.335325e-01 3.925318e-01 
-7.242875e-02 3.392334e-01 
-4.349625e-02 3.329908e-01 
6.392099e-02 3.768705e-01 
5.599574e-02 3.608772e-01 
3.893775e-02 2.909413e-01 
1.926977e-02 1.733246e-01 
7.829905e-01 -5.281806e-01 
1.198870e-01 -5.883590e-01 
-4.420853e-03 -4.097182e-01 
-3.201927e-02 -1.949391e-01 
-1.544978e-02 -1.021231e-01 
-1.149686e-02 -8.251836e-02 
-1.442063e-02 -1.354259e-01 
1.421531e-01 -3.821868e-01 
-9.538072e-03 -3.067171e-01 
-2.108537e-02 -1.770529e-01 
-1.488503e-03 -1.919778e-02 
6.671003e-03 4.579831e-02 
6.887397e-03 5.527355e-02 
2.411370e-03 2.232156e-02 
1.764573e-01 2.543866e-01 
-7.220219e-02 1.917306e-01 
-2.581363e-02 2.127222e-01 
4.546254e-02 2.501595e-01 
3.707304e-02 2.467522e-01 
2.999585e-02 2.289538e-01 
2.355763e-02 2.217450e-01 
6.643437e-01 4.942344e-01 
8.996290e-02 6.045982e-01 
1.314914e-02 5.042675e-01 
5.548714e-02 3.760269e-01 
3.682137e-02 2.646229e-01 
2.120621e-02 1.701974e-01 
1.245581e-02 1.166161e-01 
6.268113e-01 -4.574280e-01 
7.519358e-02 -3.761097e-01 
1.192038e-02 -2.671005e-01 
-4.110576e-02 -2.140147e-01 
-3.163654e-02 -2.179199e-01 
-3.130645e-02 -2.494441e-01 
-2.958011e-02 -3.025256e-01 
-7.790279e-02 -7.305741e-02 
-2.309983e-02 2.740975e-02 
-1.664793e-02 1.114913e-01 
3.505519e-02 1.974121e-01 
2.948241e-02 2.190832e-01 
2.198698e-02 1.891940e-01 
9.654449e-03 1.008228e-01 
5.206472e-01 4.242289e-01 
-1.000707e-02 4.536173e-01 
-1.318945e-02 4.621314e-01 
7.282913e-02 4.897300e-01 
6.174874e-02 4.447851e-01 
4.075590e-02 3.416581e-01 
1.813698e-02 1.847598e-01 
7.016123e-01 -6.097691e-01 
1.019112e-01 -6.039870e-01 
-1.089540e-02 -3.272168e-01 
-1.863214e-02 -9.587702e-02 
-8.605782e-03 -3.929894e-02 
-1.237462e-02 -8.635737e-02 
-1.905568e-02 -2.163208e-01 
1.203475e-01 -4.273383e-01 
-1.193465e-02 -1.412489e-01 
5.019274e-03 3.502609e-02 
1.069041e-02 1.073695e-01 
3.700558e-03 5.725501e-02 
-6.745940e-03 -4.697291e-02 
-1.468273e-02 -1.728185e-01 
1.404691e-01 3.605961e-01 
-2.015593e-02 4.224315e-01 
2.298199e-02 4.352820e-01 
5.210351e-02 3.569131e-01 
2.853977e-02 2.415571e-01 
1.250657e-02 1.229148e-01 
2.887939e-03 3.454917e-02 
7.435239e-01 5.966411e-01 
1.620379e-01 7.961160e-01 
5.701438e-02 6.976428e-01 
7.211533e-02 4.959962e-01 
3.903316e-02 3.137291e-01 
1.757794e-02 1.694696e-01 
7.520091e-03 9.769631e-02 
5.841591e-01 -6.036676e-01 
1.896620e-02 -3.660446e-01 
-7.086169e-03 -1.861647e-01 
-2.825677e-02 -1.452035e-01 
-1.944429e-02 -1.557527e-01 
-1.674646e-02 -1.667577e-01 
-1.054220e-02 -1.455902e-01 
-3.579546e-03 -4.769871e-02 
1.320035e-02 1.341770e-01 
2.036702e-02 1.614882e-01 
-3.800975e-04 4.286795e-02 
-9.811435e-03 -6.719617e-02 
-1.283172e-02 -1.314456e-01 
-6.822914e-03 -9.727618e-02 
6.247488e-01 6.985232e-01 
5.747215e-03 7.234178e-01 
5.110128e-02 6.006351e-01 
4.795486e-02 3.350722e-01 
1.971530e-02 1.607589e-01 
1.099616e-02 9.489983e-02 
1.314161e-02 1.944748e-01 
9.583652e-01 7.762969e-01 
3.529355e-01 1.149958e+00 
1.141110e-01 9.116150e-01 
4.794103e-02 4.133050e-01 
9.124490e-03 9.309661e-02 
-2.407293e-03 -4.212848e-02 
4.452151e-03 6.779315e-02 
4.450552e-01 -4.456308e-01 
-2.466715e-02 2.336845e-02 
-3.785842e-03 8.065479e-03 
-4.973268e-02 -2.705944e-01 
-3.842538e-02 -4.019260e-01 
-2.831477e-02 -3.801745e-01 
-7.759989e-03 -1.433149e-01 
1.427530e-01 5.383788e-01 
4.697447e-02 6.317251e-01 
4.979687e-02 4.854501e-01 
1.100206e-02 1.193045e-01 
-4.406672e-03 -5.910933e-02 
-4.167778e-03 -7.807034e-02 
6.569329e-03 1.122082e-01 
8.146750e-01 8.400303e-01 
2.475194e-01 1.103882e+00 
9.931358e-02 8.942660e-01 
4.691035e-02 4.647418e-01 
1.406780e-02 1.714713e-01 
-4.722077e-04 -2.314109e-03 
-1.492824e-03 -2.508714e-02 
5.379442e-01 -8.819565e-01 
-3.333820e-02 -2.459912e-01 
-3.174514e-04 5.236384e-02 
-3.977564e-03 5.898286e-02 
-6.195926e-03 -1.714024e-02 
-1.273768e-02 -1.396741e-01 
-1.378685e-02 -3.006789e-01 
