poroelastic
1.476603e-02 2.915303e-02 
1.803199e-02 -1.283357e-02 
9.799550e-03 -7.518499e-02 
-1.016033e-02 -8.305471e-02 
-7.861487e-03 -7.128037e-02 
-5.673359e-03 -5.705706e-02 
-2.971901e-03 -3.529179e-02 
6.385312e-01 3.905636e-01 
-1.047940e-01 3.688300e-01 
-6.694323e-02 3.168150e-01 
4.860186e-02 3.417433e-01 
4.827428e-02 3.867082e-01 
4.128120e-02 4.038513e-01 
2.978564e-02 3.768531e-01 
8.052410e-01 -2.223326e-01 
2.029488e-01 -4.310779e-01 
4.103315e-02 -4.214400e-01 
-3.990684e-02 -3.087971e-01 
-2.892985e-02 -2.605276e-01 
-2.504556e-02 -2.580899e-01 
-2.359993e-02 -3.149143e-01 
1.489139e-01 -1.785752e-01 
1.522014e-02 -1.778804e-01 
9.032792e-04 -1.644198e-01 
-1.015969e-02 -9.295052e-02 
-5.574247e-03 -5.331779e-02 
-3.772128e-03 -3.900271e-02 
-3.703380e-03 -4.838087e-02 
1.200926e-01 2.649903e-01 
-3.828279e-02 2.042117e-01 
-1.078296e-02 1.450840e-01 
1.561561e-02 1.169575e-01 
1.104357e-02 9.880912e-02 
9.549285e-03 9.834984e-02 
1.007396e-02 1.330279e-01 
7.012166e-01 3.983365e-01 
6.332021e-02 5.198045e-01 
-2.100039e-02 4.006528e-01 
3.193365e-02 2.874274e-01 
2.911741e-02 2.646063e-01 
2.825953e-02 3.032888e-01 
3.245358e-02 4.198514e-01 
9.981695e-01 -2.833495e-01 
1.948705e-01 -4.921178e-01 
3.864439e-02 -5.933041e-01 
-7.159972e-02 -6.077964e-01 
-5.460831e-02 -5.817820e-01 
-4.337492e-02 -5.144195e-01 
-2.846900e-02 -4.101169e-01 
1.850260e-02 -4.116475e-02 
3.479895e-03 -1.693194e-02 
2.364200e-03 -3.601947e-02 
-2.496042e-03 -1.310669e-02 
-1.947248e-03 -1.515557e-02 
-3.116673e-03 -3.327572e-02 
-4.371022e-03 -6.419949e-02 
7.276047e-01 4.326811e-01 
-5.014888e-02 5.394960e-01 
-4.954226e-02 5.431021e-01 
5.662871e-02 5.514201e-01 
5.781920e-02 5.624331e-01 
4.828510e-02 5.510488e-01 
3.654146e-02 5.168415e-01 
9.689495e-01 -3.319068e-01 
2.649327e-01 -5.993172e-01 
2.924520e-02 -5.658468e-01 
-4.930454e-02 -4.416859e-01 
-3.414844e-02 -3.637870e-01 
-2.517010e-02 -3.108849e-01 
-1.734088e-02 -2.836360e-01 
3.760253e-01 -2.949858e-01 
1.135243e-03 -2.178053e-01 
5.792652e-03 -2.178051e-01 
-2.441451e-02 -2.109237e-01 
-1.805638e-02 -2.177030e-01 
-1.462593e-02 -2.075248e-01 
-8.948741e-03 -1.528189e-01 
4.327926e-02 2.583938e-01 
3.055678e-03 2.242029e-01 
7.617576e-03 1.125365e-01 
-1.314597e-03 -1.234787e-02 
-4.239702e-03 -6.132043e-02 
-2.068616e-03 -4.024284e-02 
4.245712e-03 7.325305e-02 
8.901788e-01 4.664820e-01 
1.336304e-01 6.878212e-01 
7.494482e-03 6.096483e-01 
5.312414e-02 4.888703e-01 
4.309602e-02 4.478573e-01 
3.431187e-02 4.584113e-01 
2.828979e-02 5.376202e-01 
1.255745e+00 -4.207662e-01 
1.479776e-01 -5.893435e-01 
2.350780e-03 -6.524492e-01 
-7.116673e-02 -6.547779e-01 
-4.560297e-02 -6.215566e-01 
-3.393755e-02 -5.357604e-01 
-1.977616e-02 -4.009884e-01 
1.415401e-01 -2.580925e-01 
-3.203494e-03 -2.917063e-01 
-1.220583e-02 -3.214702e-01 
-2.342404e-02 -2.852668e-01 
-1.389958e-02 -2.143263e-01 
-5.187026e-03 -1.024982e-01 
3.141684e-03 6.610903e-02 
2.506210e-01 4.462691e-01 
-2.820000e-03 3.262556e-01 
8.928948e-03 1.818248e-01 
3.646041e-03 3.260618e-02 
-7.229564e-04 -2.920359e-02 
1.206122e-03 -7.531157e-04 
6.768267e-03 1.477413e-01 
9.704816e-01 5.066430e-01 
2.947961e-01 8.080086e-01 
5.623343e-02 6.384137e-01 
3.371090e-02 3.756127e-01 
2.265557e-02 2.797409e-01 
2.007444e-02 3.240967e-01 
2.402106e-02 5.334379e-01 
1.370951e+00 -6.272286e-01 
-9.269561e-02 -6.230019e-01 
-5.659120e-02 -7.879641e-01 
-8.031063e-02 -8.941012e-01 
-4.669608e-02 -8.691324e-01 
-3.348776e-02 -7.136867e-01 
-1.528973e-02 -4.225127e-01 
-2.708521e-02 9.724804e-02 
7.332094e-03 -2.438551e-02 
-9.925149e-03 -1.542331e-01 
-1.566646e-02 -2.715429e-01 
-1.200257e-02 -2.510986e-01 
-4.522418e-03 -1.128190e-01 
6.624466e-03 1.590418e-01 
9.501587e-01 5.476245e-01 
2.037110e-01 7.695209e-01 
4.554361e-02 6.663089e-01 
3.290614e-02 5.032993e-01 
3.043691e-02 4.647495e-01 
2.758005e-02 5.210424e-01 
2.988456e-02 6.922626e-01 
1.668097e+00 -6.714725e-01 
-2.275323e-02 -5.396661e-01 
-5.598944e-02 -5.273861e-01 
-4.845633e-02 -5.865101e-01 
-3.018805e-02 -6.209104e-01 
-2.658560e-02 -6.215140e-01 
-1.843488e-02 -5.905934e-01 
