poroelastic
-1.069059e-03 -6.414096e-02 
-5.561236e-03 -7.003627e-02 
-6.843309e-03 -4.266500e-02 
1.443381e-03 -9.457625e-03 
3.292943e-03 2.453568e-02 
4.723008e-03 6.286855e-02 
4.088369e-03 8.982446e-02 
-1.122603e+00 -4.329437e-01 
9.138304e-02 -5.883847e-01 
3.375362e-02 -6.387048e-01 
-8.142501e-02 -6.599383e-01 
-5.770320e-02 -6.561060e-01 
-4.060905e-02 -6.099634e-01 
-2.161977e-02 -5.183905e-01 
-8.949034e-01 2.698508e-01 
-1.823226e-01 4.368950e-01 
-1.863214e-02 4.012119e-01 
4.092619e-02 3.325000e-01 
2.970893e-02 3.224134e-01 
2.450636e-02 3.641703e-01 
1.739763e-02 4.685075e-01 
-1.019767e-01 1.856691e-01 
1.782601e-04 1.242652e-01 
1.226296e-03 7.710091e-02 
4.054281e-03 2.785765e-02 
2.666092e-03 2.042108e-02 
3.271641e-03 4.384519e-02 
3.487568e-03 9.531680e-02 
-2.294610e-01 -3.154611e-01 
3.071893e-02 -3.311595e-01 
-4.223071e-03 -3.034496e-01 
-2.437395e-02 -2.430374e-01 
-1.460887e-02 -1.961163e-01 
-9.936919e-03 -1.677949e-01 
-6.407226e-03 -1.733479e-01 
-1.021760e+00 -3.856246e-01 
-1.688123e-01 -6.682057e-01 
-1.979108e-02 -6.251861e-01 
-4.914113e-02 -5.059931e-01 
-3.422692e-02 -4.510669e-01 
-2.588117e-02 -4.442146e-01 
-1.817810e-02 -4.998833e-01 
-1.031499e+00 3.174045e-01 
-1.227976e-01 4.616694e-01 
6.347467e-03 5.359576e-01 
6.308379e-02 5.958841e-01 
4.430566e-02 6.199310e-01 
3.249967e-02 6.161861e-01 
1.757666e-02 5.819149e-01 
2.556228e-02 -2.665234e-02 
-4.757760e-03 -1.156887e-01 
-7.048240e-03 -1.441718e-01 
-8.129584e-03 -1.299872e-01 
-3.167844e-03 -7.952426e-02 
7.466581e-04 -4.328504e-03 
2.584536e-03 8.715359e-02 
-1.085662e+00 -4.402151e-01 
-2.860327e-02 -7.044863e-01 
-2.164240e-02 -8.097904e-01 
-6.871521e-02 -8.302079e-01 
-4.940327e-02 -7.874602e-01 
-3.368964e-02 -6.926531e-01 
-1.763998e-02 -5.524391e-01 
-9.236543e-01 3.698070e-01 
-1.939381e-01 5.511907e-01 
1.156817e-03 4.594184e-01 
3.357320e-02 3.557316e-01 
2.293334e-02 3.302447e-01 
1.808097e-02 3.606207e-01 
1.152903e-02 4.430722e-01 
-2.202382e-01 2.782287e-01 
1.219151e-02 1.359267e-01 
4.398662e-03 7.281444e-02 
1.028753e-02 7.071802e-02 
8.063181e-03 1.100923e-01 
7.498198e-03 1.632288e-01 
4.655886e-03 2.073409e-01 
-1.322894e-01 -3.362864e-01 
-1.093935e-02 -3.945284e-01 
-1.857188e-02 -3.412847e-01 
-1.093533e-02 -1.913061e-01 
-3.217158e-03 -7.945621e-02 
-1.420299e-04 -5.939739e-03 
1.133203e-04 5.042710e-03 
-1.105927e+00 -4.354981e-01 
-2.535533e-01 -7.911102e-01 
-6.657332e-02 -7.942094e-01 
-5.453346e-02 -6.778944e-01 
-3.268986e-02 -5.862684e-01 
-2.015605e-02 -5.165022e-01 
-8.931082e-03 -4.849547e-01 
-1.091716e+00 4.485770e-01 
-8.210030e-02 5.292219e-01 
3.747236e-02 5.207137e-01 
4.949380e-02 5.258679e-01 
2.951878e-02 5.372125e-01 
2.008610e-02 5.505027e-01 
7.995086e-03 5.679784e-01 
-4.634441e-02 1.735772e-01 
1.047492e-02 1.167573e-01 
6.651705e-03 8.395834e-02 
5.466668e-03 6.577881e-02 
3.137156e-03 6.198328e-02 
1.997712e-03 6.035648e-02 
6.553741e-04 5.493816e-02 
-3.899563e-01 -4.425284e-01 
-2.444435e-02 -4.502845e-01 
-2.330988e-02 -3.605698e-01 
-1.166161e-02 -1.987165e-01 
-4.320457e-03 -9.912268e-02 
-2.172469e-03 -5.883865e-02 
-1.062622e-03 -9.223729e-02 
-1.132366e+00 -4.509014e-01 
-3.992267e-01 -8.709021e-01 
-1.001866e-01 -7.770775e-01 
-3.671786e-02 -5.186914e-01 
-1.726752e-02 -3.781910e-01 
-1.030465e-02 -3.454520e-01 
-3.884866e-03 -4.364847e-01 
-1.139936e+00 5.748478e-01 
1.417227e-01 5.008357e-01 
9.263426e-02 6.196244e-01 
5.580015e-02 7.546934e-01 
2.722083e-02 7.797390e-01 
1.375058e-02 7.081833e-01 
4.090300e-04 5.281428e-01 
-3.009703e-02 -1.995721e-01 
-1.085161e-02 -1.945396e-01 
-4.255691e-04 -1.123123e-01 
3.561620e-03 5.184109e-02 
2.770615e-03 1.175994e-01 
9.508004e-04 9.788957e-02 
-9.360588e-05 -2.638939e-02 
-1.198694e+00 -5.326608e-01 
-3.081176e-01 -9.002995e-01 
-1.079108e-01 -8.819129e-01 
-3.522912e-02 -7.047081e-01 
-1.752700e-02 -5.838154e-01 
-1.018107e-02 -5.179132e-01 
-3.772023e-03 -5.219767e-01 
-1.333204e+00 6.918730e-01 
6.459955e-02 5.025238e-01 
8.421636e-02 4.037291e-01 
2.552888e-02 4.204444e-01 
1.283015e-02 4.670549e-01 
8.024783e-03 5.264268e-01 
1.151509e-04 5.981542e-01 
