poroelastic
-1.393013e-02 1.746077e-01 
-1.364542e-04 2.342008e-01 
1.061325e-02 1.460679e-01 
-4.330465e-03 -3.820408e-02 
-5.662019e-03 -9.676725e-02 
-2.486940e-03 -7.051083e-02 
1.274614e-03 4.273087e-02 
-7.094912e-01 -5.000067e-01 
8.719362e-02 -2.797719e-01 
4.140659e-02 -3.007915e-01 
-4.971963e-02 -4.589627e-01 
-3.415427e-02 -4.668056e-01 
-1.893112e-02 -3.806909e-01 
-5.331819e-03 -2.027022e-01 
-1.002764e+00 7.690662e-01 
-1.713267e-01 9.001389e-01 
7.335650e-06 6.022276e-01 
1.893420e-02 2.275832e-01 
6.364026e-03 7.059945e-02 
4.808149e-03 5.976996e-02 
4.396102e-03 1.941009e-01 
-2.353594e-01 5.429743e-01 
-1.875124e-03 4.540267e-01 
8.967574e-03 2.615776e-01 
1.712238e-03 2.926158e-02 
-1.710607e-03 -4.862961e-02 
-7.449893e-05 -3.011460e-02 
1.812592e-03 7.934318e-02 
-1.581544e-01 -2.873124e-01 
3.664753e-02 -1.331871e-01 
8.975976e-03 -1.421215e-01 
-1.880325e-02 -2.030011e-01 
-1.156958e-02 -1.932767e-01 
-6.848949e-03 -1.584833e-01 
-2.661437e-03 -1.148660e-01 
-8.162982e-01 -6.245589e-01 
-8.543550e-02 -6.371707e-01 
-3.349570e-03 -4.829282e-01 
-2.548175e-02 -3.689083e-01 
-1.473854e-02 -2.659336e-01 
-7.964917e-03 -1.889246e-01 
-3.914708e-03 -1.561424e-01 
-7.140039e-01 6.194924e-01 
-9.210481e-02 6.075391e-01 
8.944871e-04 4.417458e-01 
2.431630e-02 3.021552e-01 
1.321493e-02 2.388236e-01 
9.112965e-03 2.231906e-01 
4.452385e-03 2.459852e-01 
-1.324915e-03 1.963521e-01 
5.526398e-03 1.302384e-01 
5.055329e-03 3.672453e-02 
-6.796040e-03 -8.597989e-02 
-4.723422e-03 -1.117869e-01 
-2.128414e-03 -8.090267e-02 
1.869152e-04 1.088018e-02 
-6.302620e-01 -4.740771e-01 
1.884589e-02 -3.652280e-01 
1.119577e-02 -3.707607e-01 
-3.034089e-02 -4.654758e-01 
-2.312877e-02 -4.570394e-01 
-1.368453e-02 -3.835685e-01 
-4.815479e-03 -2.383184e-01 
-8.846784e-01 7.356323e-01 
-1.736683e-01 8.630557e-01 
1.982116e-03 5.638741e-01 
1.387908e-02 2.338070e-01 
5.085192e-03 8.912098e-02 
3.468617e-03 6.913003e-02 
2.188944e-03 1.715038e-01 
-3.154564e-01 5.693821e-01 
1.564567e-02 3.538679e-01 
5.243913e-03 1.807683e-01 
5.510621e-03 4.687048e-02 
2.867881e-03 3.029330e-02 
2.951072e-03 7.742459e-02 
1.749774e-03 1.815684e-01 
-1.242931e-01 -2.873992e-01 
8.235470e-03 -2.594554e-01 
-6.767156e-03 -2.607940e-01 
-1.311028e-02 -2.390486e-01 
-6.191130e-03 -1.847466e-01 
-2.811144e-03 -1.237130e-01 
-6.185339e-04 -6.479586e-02 
-7.862696e-01 -6.267543e-01 
-1.221154e-01 -7.020319e-01 
-2.396045e-02 -5.611332e-01 
-2.058779e-02 -4.045528e-01 
-9.853262e-03 -2.700279e-01 
-3.997672e-03 -1.726255e-01 
-7.566918e-04 -1.266693e-01 
-7.466850e-01 6.734685e-01 
-5.923635e-02 6.079833e-01 
1.348103e-02 4.310240e-01 
1.659462e-02 3.127094e-01 
6.371347e-03 2.348022e-01 
2.872191e-03 1.697784e-01 
3.041378e-04 1.074306e-01 
-6.232329e-02 2.072849e-01 
6.419824e-03 1.112794e-01 
4.811295e-03 8.724741e-02 
5.994141e-03 1.137371e-01 
3.075103e-03 1.227271e-01 
1.094272e-03 9.730516e-02 
3.437626e-06 1.825409e-02 
-4.589322e-01 -6.325502e-01 
-1.124991e-03 -5.092506e-01 
-1.459575e-02 -3.566419e-01 
-7.923528e-03 -1.600386e-01 
-2.937325e-03 -6.418191e-02 
-2.162932e-03 -6.589853e-02 
1.379390e-04 -1.897668e-01 
-1.000280e+00 -7.462557e-01 
-2.702790e-01 -1.003474e+00 
-4.811347e-02 -7.306459e-01 
-1.065414e-02 -3.299106e-01 
-3.034580e-03 -1.107015e-01 
-1.456318e-03 -5.022495e-02 
2.558897e-04 -1.741865e-01 
-5.538141e-01 4.902818e-01 
3.677848e-02 2.314846e-01 
3.294408e-02 2.240352e-01 
1.998632e-02 3.839313e-01 
5.204022e-03 4.295891e-01 
7.177129e-04 3.725217e-01 
-1.759777e-03 1.822711e-01 
-6.200267e-02 -3.293141e-01 
-1.131083e-02 -3.179760e-01 
-4.601766e-03 -2.029894e-01 
6.908399e-04 1.288958e-02 
3.141423e-04 9.615986e-02 
-5.209569e-04 6.866925e-02 
5.236285e-04 -9.279112e-02 
-8.375405e-01 -7.021189e-01 
-1.582951e-01 -8.004161e-01 
-3.922376e-02 -6.127876e-01 
-8.438712e-03 -3.646979e-01 
-4.023722e-03 -2.291440e-01 
-1.609201e-03 -1.922923e-01 
8.377625e-04 -2.682186e-01 
-8.972643e-01 7.440495e-01 
1.257384e-02 4.439944e-01 
3.423551e-02 2.550915e-01 
9.988988e-03 2.501148e-01 
1.827082e-03 2.611091e-01 
-1.057218e-04 2.684551e-01 
-3.176771e-03 2.638585e-01 
