poroelastic
1.404471e-02 5.256845e-02 
1.996659e-02 2.283990e-02 
1.861007e-02 -5.752058e-02 
-5.959582e-03 -1.356747e-01 
-7.028907e-03 -1.557198e-01 
-5.884492e-03 -1.387085e-01 
-3.131074e-03 -8.063806e-02 
6.386145e-01 1.696564e-01 
-9.694723e-02 2.854996e-01 
-5.403714e-02 3.287286e-01 
1.950087e-02 3.379926e-01 
1.866016e-02 3.680078e-01 
1.656162e-02 3.914987e-01 
1.352106e-02 3.981379e-01 
3.569010e-01 4.965587e-02 
1.148589e-01 -1.007302e-01 
3.204317e-02 -1.687514e-01 
-7.823495e-03 -1.909880e-01 
-8.455690e-03 -2.073121e-01 
-8.183566e-03 -2.281763e-01 
-7.643467e-03 -2.666227e-01 
4.376126e-02 4.195069e-02 
6.831998e-03 2.161102e-02 
7.143713e-03 -1.320999e-02 
-1.446185e-03 -4.497565e-02 
-2.339955e-03 -6.538545e-02 
-2.700258e-03 -8.217062e-02 
-2.857029e-03 -9.853698e-02 
8.106322e-02 1.080902e-01 
-2.098687e-02 1.392455e-01 
-6.000613e-03 1.135986e-01 
2.664152e-03 7.058020e-02 
1.887883e-03 5.550784e-02 
1.948665e-03 6.154003e-02 
2.709874e-03 9.307076e-02 
5.007181e-01 4.882649e-02 
4.970323e-02 2.012923e-01 
-2.049594e-02 2.276984e-01 
3.988721e-03 2.255204e-01 
7.818530e-03 2.621961e-01 
9.313537e-03 3.259820e-01 
1.244403e-02 4.233601e-01 
6.310004e-01 -1.714219e-02 
1.301993e-01 -2.577739e-01 
3.005305e-02 -4.061199e-01 
-1.188144e-02 -4.717139e-01 
-1.179756e-02 -4.781295e-01 
-1.087360e-02 -4.373707e-01 
-8.413868e-03 -3.561389e-01 
1.882187e-05 1.892406e-02 
2.167155e-04 1.360210e-02 
4.683007e-04 -4.276961e-03 
-2.199752e-04 -8.530680e-03 
-2.092139e-04 -9.156504e-03 
-1.707942e-04 -7.320261e-03 
-8.334255e-05 -3.536888e-03 
6.116333e-01 1.502041e-01 
-3.182340e-02 3.323358e-01 
-2.935149e-02 4.257585e-01 
4.072955e-03 4.491293e-01 
1.031298e-02 4.543990e-01 
1.026314e-02 4.367450e-01 
1.019049e-02 3.996759e-01 
4.584685e-01 2.915596e-02 
1.559707e-01 -1.759011e-01 
2.816725e-02 -2.628275e-01 
-3.707206e-03 -2.863642e-01 
-5.406627e-03 -2.908921e-01 
-5.361822e-03 -2.849354e-01 
-4.851775e-03 -2.774097e-01 
1.167285e-01 -2.912044e-02 
-1.439825e-03 -8.325480e-02 
1.221785e-03 -1.168702e-01 
-1.654881e-03 -1.185508e-01 
-1.260091e-03 -1.003429e-01 
-8.460798e-04 -6.292320e-02 
-6.051973e-05 -4.148920e-03 
-1.254038e-02 5.737747e-02 
2.931241e-03 6.239585e-02 
1.874813e-03 9.921609e-03 
-4.820217e-04 -6.660605e-02 
-9.642297e-04 -9.440151e-02 
-1.051094e-03 -8.163251e-02 
-3.452873e-04 -2.283722e-02 
5.563309e-01 1.409078e-02 
9.251388e-02 2.060782e-01 
1.291289e-03 2.906465e-01 
1.136757e-03 3.359605e-01 
4.615818e-03 3.830825e-01 
4.423303e-03 4.267130e-01 
5.119048e-03 4.686482e-01 
6.764242e-01 -5.385089e-02 
9.857872e-02 -2.966038e-01 
5.411375e-03 -3.946414e-01 
-3.336189e-03 -4.012974e-01 
-1.336044e-03 -4.046291e-01 
-2.339391e-03 -4.006264e-01 
-3.102664e-03 -4.046817e-01 
6.296856e-02 -1.581291e-01 
-4.397997e-03 -2.399660e-01 
-9.655493e-04 -2.168617e-01 
-4.029010e-04 -1.076240e-01 
-1.837158e-04 -3.145186e-02 
7.641516e-05 1.981964e-02 
1.867357e-04 2.974875e-02 
9.803688e-03 -5.353248e-02 
-1.196341e-03 -6.365475e-02 
2.470242e-04 -3.916016e-02 
-2.292478e-04 1.798553e-02 
-7.425738e-05 5.065169e-02 
1.623864e-04 6.760156e-02 
3.453731e-04 6.130123e-02 
3.869855e-01 -5.995213e-02 
1.286901e-01 9.376110e-02 
2.256089e-02 1.709581e-01 
-2.713415e-03 2.351663e-01 
-1.245325e-03 2.751978e-01 
-5.295331e-04 3.011755e-01 
1.304353e-03 3.138183e-01 
8.090957e-01 -2.510043e-01 
-5.256999e-02 -4.895361e-01 
-2.713064e-02 -5.791415e-01 
3.116278e-03 -5.296518e-01 
5.713049e-03 -4.963331e-01 
2.921137e-03 -4.610824e-01 
7.663317e-04 -4.420451e-01 
-3.939356e-02 -1.692995e-01 
-2.115316e-03 -2.411796e-01 
2.226361e-04 -1.990911e-01 
3.350135e-04 -7.860506e-02 
-5.089237e-04 -1.217643e-05 
-3.876539e-04 5.106781e-02 
1.900384e-04 5.937865e-02 
5.292702e-01 -3.541074e-02 
1.101079e-01 1.333702e-01 
2.420715e-02 2.628536e-01 
-1.457151e-02 3.771361e-01 
-6.575553e-03 4.398171e-01 
-2.820343e-03 4.631724e-01 
2.784752e-03 4.462652e-01 
8.885260e-01 -9.248048e-02 
5.971915e-03 -3.089003e-01 
-3.409499e-02 -3.879272e-01 
1.156658e-02 -3.899930e-01 
9.471721e-03 -4.063900e-01 
5.088440e-03 -4.176433e-01 
6.964143e-04 -4.287372e-01 
