poroelastic
-3.679936e-02 1.871105e-01 
-3.008391e-02 2.834984e-01 
-1.206377e-02 2.776957e-01 
3.088745e-03 1.738257e-01 
1.872126e-03 9.790597e-02 
4.094127e-04 2.094051e-02 
-1.091471e-03 -5.484220e-02 
-1.094928e-03 -6.390817e-02 
4.787669e-04 2.998356e-02 
-8.024865e-02 1.498863e-01 
-7.417261e-03 1.389325e-01 
2.896358e-03 1.091969e-01 
1.430425e-03 5.765520e-02 
6.666130e-04 2.481456e-02 
1.922006e-04 -1.039295e-02 
-9.572142e-04 -5.797924e-02 
-1.865173e-03 -9.303252e-02 
-1.342815e-03 -7.902872e-02 
2.129846e-01 -1.442268e-01 
1.150168e-02 -7.755869e-04 
-1.721540e-02 8.702681e-02 
-3.006040e-04 8.972176e-02 
6.454962e-04 9.221860e-02 
7.631968e-04 9.659583e-02 
1.133524e-03 1.098936e-01 
1.763649e-03 1.405841e-01 
1.999015e-03 1.645841e-01 
-1.101649e-01 3.922647e-02 
2.433011e-02 9.582027e-02 
2.318198e-02 4.983695e-02 
2.875143e-03 -7.452409e-02 
2.771273e-04 -1.639348e-01 
-8.175728e-04 -2.210919e-01 
-2.373503e-03 -2.447697e-01 
-3.819829e-03 -2.251684e-01 
-2.767130e-03 -1.940979e-01 
-3.196365e-01 1.715196e-01 
-2.588269e-02 2.266309e-01 
-2.525603e-02 2.496542e-01 
-4.843223e-03 2.141960e-01 
-7.859681e-04 1.849037e-01 
1.382911e-04 1.577860e-01 
1.297031e-03 1.240201e-01 
3.049822e-03 1.095292e-01 
2.728335e-03 1.428945e-01 
-2.927233e-01 2.471565e-01 
-5.270622e-02 3.006467e-01 
-5.561562e-03 2.353848e-01 
4.590385e-04 1.173222e-01 
8.024862e-04 3.262640e-02 
3.827207e-04 -3.097805e-02 
-7.406014e-04 -7.780581e-02 
-1.164575e-03 -7.057835e-02 
2.968169e-04 1.948953e-02 
2.626189e-02 3.466130e-02 
-3.539972e-03 2.083846e-01 
-1.492712e-04 2.050945e-01 
1.518393e-03 6.097623e-02 
1.362490e-03 -5.116388e-02 
5.896710e-04 -1.348891e-01 
-9.332117e-04 -1.685920e-01 
-1.119969e-03 -9.844336e-02 
5.921778e-04 5.255927e-02 
-5.257744e-02 9.583815e-02 
-6.589221e-03 1.283229e-01 
-7.025570e-03 1.394841e-01 
-4.835912e-03 1.269751e-01 
-1.862781e-03 1.064229e-01 
-1.022476e-03 8.347591e-02 
-1.878214e-04 6.069165e-02 
1.445446e-03 5.803735e-02 
1.737471e-03 9.681803e-02 
-1.255594e-01 1.673762e-01 
-9.682347e-03 1.224589e-01 
-1.645857e-03 9.184790e-02 
-1.411960e-04 8.922140e-02 
9.376137e-04 6.634796e-02 
1.614833e-03 3.640671e-02 
1.181225e-03 -1.003019e-02 
-1.727682e-03 -7.319674e-02 
-1.904162e-03 -1.047776e-01 
3.129950e-02 -1.677558e-01 
1.118309e-02 -4.566529e-02 
-6.253095e-05 4.254464e-02 
-2.273022e-03 7.178355e-02 
-1.123919e-03 6.707926e-02 
-5.835332e-04 5.409026e-02 
-2.114950e-04 3.901897e-02 
3.132164e-04 2.704547e-02 
3.964006e-04 3.013534e-02 
-2.284015e-02 -8.343738e-02 
4.191829e-04 -7.398787e-02 
5.454433e-04 -4.410287e-02 
1.059708e-03 -7.807230e-03 
7.257087e-04 -1.964383e-03 
7.989712e-04 -2.854336e-03 
7.016311e-04 -9.054078e-03 
-4.964573e-04 -3.247362e-02 
-1.050781e-03 -7.077798e-02 
1.836194e-03 7.035137e-03 
1.744241e-03 -1.149688e-01 
1.624489e-03 -9.699815e-02 
-2.226687e-03 2.532182e-02 
-1.193945e-03 9.114890e-02 
7.043740e-04 1.185798e-01 
2.501858e-03 9.818213e-02 
-2.257382e-04 2.632995e-03 
-2.753759e-03 -1.392822e-01 
-9.888965e-02 -3.097203e-01 
1.025112e-02 -2.886608e-01 
9.065314e-03 -1.618903e-01 
-5.455451e-03 2.445174e-03 
-4.676471e-03 9.931433e-02 
-3.153164e-03 1.513655e-01 
-5.507250e-04 1.672265e-01 
2.166893e-03 1.270094e-01 
1.119548e-04 6.655236e-03 
-3.791320e-01 -1.972802e-01 
-9.799196e-03 -2.276599e-01 
-1.305195e-02 -2.155609e-01 
1.331554e-02 -1.719859e-01 
8.705593e-03 -1.576721e-01 
6.558927e-03 -1.477134e-01 
4.338985e-03 -1.358416e-01 
-2.128412e-03 -1.587809e-01 
-3.672671e-03 -2.690411e-01 
-1.127242e-01 3.007398e-02 
2.550532e-02 1.977505e-02 
1.297885e-02 7.969076e-02 
-1.877752e-02 1.599847e-01 
-1.153168e-02 2.077198e-01 
-7.196257e-03 2.327773e-01 
-6.247724e-04 2.265346e-01 
4.265151e-03 1.735422e-01 
1.446470e-03 7.421912e-02 
-1.721176e-01 2.684933e-01 
-7.939796e-03 2.524993e-01 
-6.669236e-03 2.028053e-01 
1.078193e-03 1.179030e-01 
3.638330e-03 4.504983e-02 
4.705066e-03 -2.319463e-02 
2.909190e-03 -9.011906e-02 
-3.030085e-03 -1.279397e-01 
-2.492652e-03 -1.338058e-01 
