poroelastic
-2.161638e-02 2.698760e-02 
-2.279455e-02 4.765184e-02 
-1.947350e-02 9.094937e-02 
4.226747e-03 1.607716e-01 
5.189224e-03 1.824016e-01 
4.247322e-03 1.544719e-01 
1.526566e-03 6.420578e-02 
-1.224845e-03 -4.272386e-02 
-1.225520e-03 -5.563538e-02 
5.243767e-01 -3.113226e-01 
8.247513e-02 -4.554740e-01 
2.628345e-02 -4.118998e-01 
-4.147405e-03 -2.483505e-01 
-2.836053e-03 -1.237316e-01 
-8.283387e-04 -3.936866e-02 
-2.800144e-04 -1.000693e-02 
-1.309472e-03 -4.239206e-02 
-1.653703e-03 -6.937875e-02 
5.304099e-01 2.825147e-01 
9.573144e-03 3.148834e-01 
-2.244917e-02 2.533422e-01 
2.115863e-03 1.810351e-01 
2.237136e-03 1.277980e-01 
1.574421e-03 9.045125e-02 
1.540298e-03 7.791346e-02 
2.405703e-03 1.060767e-01 
2.926467e-03 1.497056e-01 
-6.541151e-02 1.950933e-01 
1.995171e-02 1.472436e-01 
2.213730e-02 5.013656e-02 
1.550024e-03 -5.696133e-02 
-9.922462e-04 -1.285134e-01 
-2.285298e-03 -1.768584e-01 
-3.927210e-03 -2.047867e-01 
-4.878693e-03 -1.923547e-01 
-3.034295e-03 -1.426092e-01 
-1.643035e-02 -2.675458e-01 
-3.636146e-03 -2.537385e-01 
-1.792596e-02 -1.498153e-01 
-5.711644e-03 2.945779e-02 
-2.261345e-04 1.470111e-01 
2.572076e-03 2.110974e-01 
4.926289e-03 2.035533e-01 
4.347953e-03 1.253942e-01 
2.175065e-03 8.224931e-02 
4.737088e-01 -2.271790e-01 
1.005866e-01 -3.801436e-01 
1.519582e-02 -3.082362e-01 
7.879348e-04 -1.573657e-01 
-2.951255e-05 -5.804896e-02 
6.586492e-04 -4.557194e-03 
3.755837e-04 -9.082427e-03 
-1.951695e-03 -6.653436e-02 
-1.646955e-03 -7.110951e-02 
3.034517e-01 3.693958e-01 
-1.512612e-02 4.341381e-01 
-4.383569e-03 3.718527e-01 
1.189597e-03 2.082740e-01 
1.318530e-03 7.257003e-02 
3.198384e-04 -3.390729e-02 
-1.368862e-03 -1.010233e-01 
-1.704669e-03 -8.383029e-02 
4.913608e-04 2.530193e-02 
4.387831e-03 -9.849897e-02 
9.682180e-04 -1.158134e-01 
-2.013391e-03 -9.766492e-02 
-3.045696e-03 -3.974511e-02 
-1.994458e-03 5.956375e-03 
-1.262093e-03 4.698898e-02 
6.229135e-04 7.759603e-02 
2.955026e-03 8.561363e-02 
2.538652e-03 9.599481e-02 
5.690287e-01 -2.545472e-01 
5.976709e-02 -4.080471e-01 
1.351201e-02 -3.927754e-01 
5.261737e-03 -2.732362e-01 
8.164233e-04 -1.770699e-01 
1.224440e-04 -9.777743e-02 
6.179535e-06 -4.680623e-02 
-2.052570e-03 -5.382692e-02 
-2.536078e-03 -9.114146e-02 
4.551019e-01 2.441603e-01 
4.028925e-02 3.381998e-01 
-3.163181e-03 3.016165e-01 
-3.934242e-03 2.191968e-01 
-8.861849e-04 1.455893e-01 
-2.036737e-04 8.704719e-02 
6.758941e-05 5.268531e-02 
1.180883e-03 4.789626e-02 
1.167402e-03 5.040589e-02 
-3.064928e-02 -6.850121e-04 
4.065825e-04 -5.682859e-02 
1.476336e-03 -8.678321e-02 
2.520136e-03 -8.738686e-02 
6.433160e-04 -8.062285e-02 
-7.194273e-05 -5.790875e-02 
-2.237631e-05 -1.970402e-02 
-1.063535e-04 -1.236461e-03 
-1.031845e-03 -4.091537e-02 
5.172222e-01 -4.142330e-01 
-4.284499e-03 -5.576978e-01 
7.808096e-03 -5.201812e-01 
7.568569e-03 -3.212382e-01 
1.368848e-03 -1.636658e-01 
1.211475e-03 -3.696712e-02 
3.030505e-03 4.214502e-02 
-9.263926e-04 -4.028885e-03 
-5.762396e-03 -1.861592e-01 
5.136197e-01 1.241487e-01 
1.006731e-01 2.172065e-01 
1.029000e-02 1.763004e-01 
-1.121171e-02 1.432475e-01 
-6.163812e-03 1.290348e-01 
-4.077279e-03 1.353570e-01 
-7.167566e-04 1.695321e-01 
6.343117e-03 1.931785e-01 
2.795039e-03 9.626104e-02 
-2.630046e-01 2.356775e-01 
-7.822649e-03 1.115632e-01 
-1.915847e-02 -3.055842e-02 
2.025765e-02 -1.951692e-01 
1.285294e-02 -2.913608e-01 
6.969734e-03 -3.189234e-01 
8.605223e-04 -2.658401e-01 
-5.548387e-03 -1.786077e-01 
-5.329064e-03 -2.061891e-01 
-7.409503e-03 -2.581786e-01 
1.048133e-02 -2.676675e-01 
1.121459e-02 -1.828870e-01 
-1.390570e-02 -4.838207e-02 
-1.122237e-02 6.331271e-02 
-8.474573e-03 1.622534e-01 
9.546685e-04 2.398663e-01 
9.715593e-03 2.334960e-01 
3.698954e-03 1.160195e-01 
3.645848e-01 -2.608167e-01 
1.658217e-02 -2.651199e-01 
-4.554901e-03 -1.538221e-01 
8.245972e-03 -5.262707e-02 
5.391524e-03 9.036191e-03 
6.569702e-03 2.536571e-02 
5.419579e-03 -2.163596e-02 
-6.352069e-03 -1.349002e-01 
-7.830861e-03 -2.501375e-01 
