poroelastic
2.899679e-02 2.113536e-01 
5.278490e-02 2.626487e-01 
5.872042e-02 8.817525e-02 
-3.145889e-02 -2.566871e-01 
-3.143551e-02 -4.185168e-01 
-2.436454e-02 -4.473699e-01 
-1.078425e-02 -3.272660e-01 
-2.796293e-04 -7.774446e-02 
9.931357e-04 1.175938e-01 
-8.441645e-01 7.232958e-01 
-9.025781e-02 8.034653e-01 
-5.126402e-03 6.352943e-01 
2.140511e-02 3.217422e-01 
7.638255e-03 1.308637e-01 
1.582928e-03 2.183792e-02 
6.929707e-04 -1.242644e-02 
1.178917e-03 2.418241e-02 
8.013957e-04 5.980992e-02 
-8.740390e-01 -7.334099e-01 
-3.236234e-02 -7.018574e-01 
1.765544e-03 -5.105006e-01 
-2.253137e-02 -3.404024e-01 
-9.733737e-03 -1.876756e-01 
-2.611393e-03 -6.070495e-02 
1.510355e-04 2.284125e-02 
-2.064976e-04 1.646506e-02 
-5.689394e-04 -5.965365e-02 
-1.344305e-01 -3.413556e-01 
2.465446e-02 -2.244306e-01 
8.769015e-03 -1.618344e-01 
-1.332706e-02 -1.648262e-01 
-9.134745e-03 -1.570437e-01 
-6.109271e-03 -1.323889e-01 
-2.781755e-03 -7.756956e-02 
-5.218885e-04 -2.115915e-02 
-1.682338e-04 -1.742137e-02 
-2.635675e-01 6.793600e-01 
3.035510e-03 6.314788e-01 
2.215978e-02 4.312079e-01 
2.534199e-03 8.259342e-02 
-7.854208e-03 -1.316650e-01 
-1.104712e-02 -2.398752e-01 
-7.895706e-03 -2.202649e-01 
-2.669974e-04 -5.417796e-02 
1.707348e-03 1.056023e-01 
-1.069568e+00 7.898935e-01 
-1.403858e-01 9.400657e-01 
5.962880e-03 6.499985e-01 
1.169421e-02 2.446356e-01 
7.084113e-04 9.526634e-03 
-3.041667e-03 -1.004283e-01 
-2.628578e-04 -8.157061e-02 
3.561475e-03 6.673912e-02 
2.768049e-03 1.944921e-01 
-7.267620e-01 -6.170014e-01 
1.196572e-02 -5.995026e-01 
-1.930348e-03 -5.525564e-01 
-2.646256e-02 -4.829755e-01 
-1.621351e-02 -3.827181e-01 
-9.422486e-03 -2.650423e-01 
-3.701085e-03 -1.280953e-01 
-4.336259e-04 -1.954411e-02 
-9.457596e-05 -8.679418e-03 
-1.907862e-02 2.026652e-01 
3.495813e-03 1.919215e-01 
5.431190e-03 1.294090e-01 
8.144846e-04 2.434241e-02 
-1.754539e-03 -4.096711e-02 
-2.853502e-03 -7.535568e-02 
-2.500388e-03 -6.963284e-02 
-5.074076e-04 -2.128687e-02 
1.946239e-04 1.053989e-02 
-8.597355e-01 7.393098e-01 
-4.297985e-02 7.240645e-01 
7.975476e-03 5.512394e-01 
1.242486e-02 3.281974e-01 
6.322611e-03 1.723882e-01 
2.340178e-03 6.360902e-02 
4.748195e-04 5.456968e-03 
8.585939e-04 1.290348e-02 
8.543534e-04 4.205566e-02 
-1.008737e+00 -6.727683e-01 
-1.141846e-01 -8.019145e-01 
-2.166439e-02 -6.769520e-01 
-1.972703e-02 -4.898220e-01 
-1.122472e-02 -3.247658e-01 
-5.792009e-03 -1.846919e-01 
-2.248220e-03 -7.458024e-02 
-7.871178e-04 -2.454861e-02 
-5.358551e-04 -3.415102e-02 
-5.788581e-02 -2.485948e-01 
-6.042075e-03 -2.223907e-01 
-4.982314e-03 -1.603756e-01 
-2.490092e-03 -7.601037e-02 
-7.779555e-04 -2.491463e-02 
-8.062616e-05 -1.801614e-03 
-2.176993e-04 -2.441053e-03 
-5.873415e-04 -1.632466e-02 
-3.965237e-04 -2.291865e-02 
-5.964094e-01 6.690049e-01 
3.435891e-02 5.227257e-01 
1.225637e-02 4.432828e-01 
9.227068e-03 3.544842e-01 
7.466966e-03 2.638650e-01 
5.308314e-03 1.666939e-01 
2.117537e-03 6.225896e-02 
-5.332761e-04 -1.199212e-02 
-3.036939e-04 -1.358895e-02 
-1.255439e+00 -7.318666e-01 
-2.640181e-01 -1.035735e+00 
-4.471891e-02 -7.939958e-01 
-8.954133e-03 -4.076094e-01 
-3.451916e-03 -1.541324e-01 
2.109958e-04 -8.138588e-03 
9.953802e-04 2.067834e-02 
-3.783289e-03 -8.008698e-02 
-3.858896e-03 -1.826793e-01 
-4.251113e-01 -8.200016e-01 
-3.454755e-02 -7.875647e-01 
-1.306590e-02 -5.604798e-01 
-2.192748e-03 -1.478095e-01 
8.507536e-04 1.061878e-01 
4.078811e-03 2.332464e-01 
4.952924e-03 2.266371e-01 
8.592973e-04 6.808284e-02 
-1.713897e-03 -1.054413e-01 
-4.917523e-02 2.995364e-01 
1.198506e-02 1.659496e-01 
4.176692e-03 1.032839e-01 
1.360768e-03 1.031190e-01 
1.777673e-03 7.063182e-02 
1.111441e-03 1.993889e-02 
-9.691254e-04 -3.453400e-02 
-1.738765e-03 -4.783985e-02 
-4.814720e-04 -2.396720e-02 
-6.196428e-01 9.351027e-01 
8.225723e-03 7.154721e-01 
8.637699e-03 3.695072e-01 
2.098262e-03 7.856470e-02 
-1.264262e-03 -9.876499e-02 
-4.644828e-03 -1.850295e-01 
-4.534915e-03 -1.533254e-01 
2.705607e-03 2.611052e-02 
4.147725e-03 2.104968e-01 
