poroelastic
5.792578e-02 2.899958e-03 
6.430553e-02 -3.706329e-02 
4.555952e-02 -1.732847e-01 
-3.983041e-02 -3.780303e-01 
-3.444879e-02 -4.532678e-01 
-2.444640e-02 -4.171605e-01 
-9.785234e-03 -2.527569e-01 
8.361948e-05 -1.791592e-02 
1.888092e-03 8.835814e-02 
-7.372968e-01 5.443082e-01 
-6.790032e-02 6.226212e-01 
-4.812657e-03 5.277576e-01 
2.400345e-02 3.048456e-01 
1.104945e-02 1.598519e-01 
4.684531e-03 7.138596e-02 
2.566625e-03 3.667400e-02 
1.648387e-03 4.604394e-02 
6.767513e-04 2.777925e-02 
-8.329742e-01 -5.775621e-01 
-5.184804e-02 -6.572860e-01 
-7.410446e-04 -5.051368e-01 
-2.516516e-02 -3.186834e-01 
-1.149267e-02 -1.661835e-01 
-4.408831e-03 -4.976873e-02 
-2.648625e-03 4.621750e-03 
-2.263027e-03 -5.159142e-02 
-3.476300e-03 -1.755020e-01 
-1.008464e-01 -3.673149e-01 
4.323398e-03 -3.075008e-01 
-8.291040e-03 -2.183060e-01 
-7.814576e-03 -1.429888e-01 
-2.949064e-03 -8.462464e-02 
9.080706e-04 -2.258252e-02 
3.930371e-03 5.410371e-02 
3.057860e-03 1.034197e-01 
1.368837e-03 6.868432e-02 
-3.360443e-02 5.133127e-01 
2.003721e-02 4.204051e-01 
2.991694e-02 2.323318e-01 
-7.467181e-03 -5.376953e-02 
-1.526598e-02 -2.277251e-01 
-1.676376e-02 -3.054561e-01 
-1.251045e-02 -2.634547e-01 
-3.704376e-03 -1.070945e-01 
-9.428220e-05 -3.693407e-03 
-8.593288e-01 5.948300e-01 
-1.101674e-01 7.018484e-01 
5.041580e-03 4.719702e-01 
1.084825e-02 1.802490e-01 
1.961079e-03 1.900146e-02 
-5.832029e-04 -4.242533e-02 
2.402623e-03 -2.528409e-03 
5.104672e-03 1.170789e-01 
4.270772e-03 1.772499e-01 
-7.158024e-01 -6.318215e-01 
-1.009367e-02 -7.338021e-01 
-1.761023e-02 -6.687293e-01 
-2.800148e-02 -4.887134e-01 
-1.493313e-02 -3.188453e-01 
-6.363242e-03 -1.603399e-01 
-5.739442e-04 -1.957161e-02 
8.348110e-04 3.852076e-02 
-5.445783e-04 -2.729778e-02 
1.723048e-02 1.014724e-01 
5.929572e-03 6.192794e-02 
4.186989e-03 9.424556e-03 
-3.354213e-03 -5.529978e-02 
-4.858665e-03 -9.497384e-02 
-5.122875e-03 -1.110041e-01 
-3.988294e-03 -9.046299e-02 
-1.429381e-03 -3.817963e-02 
-3.645804e-04 -1.389444e-02 
-7.983241e-01 6.005184e-01 
-3.336474e-02 6.012001e-01 
1.034940e-02 4.708193e-01 
1.440199e-02 2.922109e-01 
7.805876e-03 1.676786e-01 
3.924678e-03 8.393339e-02 
2.910115e-03 4.742864e-02 
3.572249e-03 7.007989e-02 
3.254135e-03 1.138244e-01 
-9.699575e-01 -6.020169e-01 
-1.396574e-01 -8.263301e-01 
-3.285676e-02 -7.279346e-01 
-2.480544e-02 -5.069238e-01 
-1.352783e-02 -3.173864e-01 
-6.273668e-03 -1.603166e-01 
-1.877541e-03 -4.733664e-02 
-6.852183e-04 -1.643993e-02 
-9.353129e-04 -3.962258e-02 
-5.681234e-02 -2.331408e-01 
-8.098395e-03 -2.146476e-01 
-6.536902e-03 -1.548363e-01 
-3.175918e-03 -7.452821e-02 
-1.184364e-03 -3.055678e-02 
-3.693519e-04 -1.062436e-02 
-1.410911e-04 -6.453404e-03 
2.596581e-05 -3.161689e-03 
5.104790e-04 2.094279e-02 
-6.207970e-01 6.364763e-01 
4.050598e-02 5.544005e-01 
1.893223e-02 4.773194e-01 
1.323342e-02 3.467464e-01 
8.839088e-03 2.340607e-01 
5.223909e-03 1.362463e-01 
2.717340e-03 5.608727e-02 
2.460073e-03 3.864420e-02 
3.680760e-03 1.226143e-01 
-1.235520e+00 -5.655494e-01 
-2.914742e-01 -9.018800e-01 
-5.612248e-02 -7.289975e-01 
-1.454113e-02 -4.220073e-01 
-6.986483e-03 -2.142764e-01 
-2.837108e-03 -9.245228e-02 
-2.678431e-03 -7.622201e-02 
-7.334035e-03 -1.711837e-01 
-6.121774e-03 -2.168786e-01 
-2.147158e-01 -7.403087e-01 
-3.175211e-02 -6.856708e-01 
-1.662173e-03 -4.396735e-01 
7.942651e-04 -2.196719e-02 
5.569091e-03 2.311428e-01 
9.449617e-03 3.544719e-01 
9.504250e-03 3.320034e-01 
4.365165e-03 1.576378e-01 
1.816098e-04 8.064821e-03 
1.952154e-02 2.599263e-01 
-1.899379e-03 1.157571e-01 
-6.107952e-03 2.834217e-02 
2.226727e-03 8.370008e-03 
6.571578e-04 -3.150481e-02 
-9.971429e-04 -7.888138e-02 
-4.253675e-03 -1.216010e-01 
-5.231498e-03 -1.249804e-01 
-2.537072e-03 -9.266706e-02 
-5.618306e-01 8.503877e-01 
1.531025e-02 6.170492e-01 
1.121824e-02 2.792055e-01 
6.599142e-04 2.505669e-02 
-3.366536e-03 -1.153115e-01 
-5.984190e-03 -1.626813e-01 
-3.901284e-03 -9.613457e-02 
5.321049e-03 9.165556e-02 
7.239125e-03 2.559427e-01 
