poroelastic
-4.359222e-02 2.458161e-02 
-4.714568e-02 3.544631e-02 
-3.922581e-02 8.646006e-02 
2.602631e-02 2.114074e-01 
2.674387e-02 2.590591e-01 
2.061743e-02 2.347899e-01 
7.860094e-03 1.305503e-01 
-3.101627e-03 -2.103262e-02 
-2.146562e-03 -7.548557e-02 
7.172010e-01 -4.045036e-01 
1.083433e-01 -5.379543e-01 
2.315960e-02 -5.153935e-01 
-3.374341e-02 -3.486746e-01 
-2.124033e-02 -2.258816e-01 
-1.158514e-02 -1.308955e-01 
-5.371107e-03 -6.064090e-02 
-1.888491e-03 -2.828734e-02 
-1.501206e-04 -4.181198e-03 
5.800904e-01 4.870883e-01 
9.817813e-03 4.731807e-01 
-6.770878e-03 3.202576e-01 
1.875885e-02 1.879825e-01 
8.540148e-03 8.666801e-02 
2.306736e-03 1.429971e-02 
2.091588e-03 -9.825171e-03 
6.099855e-03 4.529681e-02 
4.541635e-03 1.392180e-01 
3.674682e-02 3.170639e-01 
8.221932e-03 2.359476e-01 
1.862225e-02 1.279474e-01 
3.022100e-03 6.729959e-02 
-5.174837e-04 2.169349e-02 
-4.446233e-03 -2.439346e-02 
-1.050230e-02 -8.478980e-02 
-1.044497e-02 -1.375381e-01 
-3.909760e-03 -1.320613e-01 
1.425273e-01 -3.855644e-01 
-3.856841e-03 -3.810996e-01 
-2.902460e-02 -3.093815e-01 
-1.202410e-02 -1.339670e-01 
2.116965e-03 9.112733e-03 
1.089039e-02 1.160014e-01 
1.689698e-02 1.681891e-01 
1.107033e-02 1.335674e-01 
3.300006e-03 9.201560e-02 
8.817649e-01 -4.361855e-01 
1.417847e-01 -5.707500e-01 
1.390903e-02 -4.302865e-01 
-1.935006e-02 -2.157739e-01 
-9.401924e-03 -1.009951e-01 
-5.769775e-03 -5.739056e-02 
-9.407339e-03 -7.437663e-02 
-1.095899e-02 -1.283021e-01 
-4.518218e-03 -1.340377e-01 
4.928203e-01 5.929935e-01 
-1.208297e-02 6.251369e-01 
1.153152e-02 5.036774e-01 
2.671868e-02 3.080617e-01 
1.155973e-02 1.501408e-01 
1.923544e-03 2.727114e-02 
-2.431647e-03 -4.788729e-02 
2.225519e-04 -2.798477e-02 
2.127923e-03 7.461817e-02 
1.940003e-02 -7.034476e-02 
2.372993e-03 -6.644718e-02 
-2.970151e-03 -8.814664e-02 
-6.397198e-03 -8.419395e-02 
-4.464764e-03 -6.113041e-02 
-1.837443e-03 -2.798331e-02 
2.226947e-03 1.171343e-02 
4.288613e-03 4.412401e-02 
2.336595e-03 6.691427e-02 
8.943881e-01 -4.984117e-01 
6.798473e-02 -5.473099e-01 
5.759105e-03 -5.023416e-01 
-2.992816e-02 -3.931906e-01 
-2.250914e-02 -2.984683e-01 
-1.567270e-02 -2.076530e-01 
-8.795841e-03 -1.134524e-01 
-2.040762e-03 -3.300814e-02 
5.239994e-05 1.406565e-03 
7.967580e-01 6.568672e-01 
7.720618e-02 8.056954e-01 
2.639648e-02 6.502710e-01 
2.950656e-02 3.838045e-01 
1.186710e-02 1.695618e-01 
6.451963e-04 1.111240e-02 
-3.614659e-03 -6.460902e-02 
2.384802e-04 -1.912092e-02 
1.921765e-03 6.043981e-02 
2.313410e-02 2.210515e-01 
7.968895e-03 1.630198e-01 
3.832203e-03 3.479360e-02 
-5.909805e-03 -8.341184e-02 
-7.939807e-03 -1.198771e-01 
-5.990247e-03 -9.568558e-02 
9.952485e-04 -1.371421e-02 
6.468604e-03 8.167181e-02 
3.082798e-03 9.722652e-02 
8.532866e-01 -6.102038e-01 
-4.886236e-02 -5.206483e-01 
-5.066104e-03 -5.341341e-01 
-3.032887e-02 -4.815570e-01 
-2.581828e-02 -4.083004e-01 
-2.051268e-02 -3.056075e-01 
-1.219472e-02 -1.607500e-01 
-3.071234e-03 -3.213552e-02 
-1.513778e-03 -4.028372e-02 
1.096506e+00 6.629011e-01 
2.372242e-01 9.523255e-01 
4.799390e-02 7.191715e-01 
1.895145e-02 3.397966e-01 
5.203450e-03 9.113822e-02 
-3.312740e-03 -4.287263e-02 
-9.327986e-04 -2.727451e-02 
1.482709e-02 1.468034e-01 
9.487445e-03 2.448595e-01 
1.997081e-01 8.026450e-01 
4.126704e-02 6.772576e-01 
1.538076e-02 3.818934e-01 
-5.406637e-03 -7.482096e-02 
-1.509015e-02 -3.380919e-01 
-2.255319e-02 -4.280624e-01 
-1.905169e-02 -3.299024e-01 
-1.652174e-03 -7.072689e-02 
3.228006e-03 9.937746e-02 
8.305713e-02 -3.039494e-01 
-1.773979e-02 -2.244423e-01 
-1.180965e-02 -2.148164e-01 
-1.064635e-02 -2.343802e-01 
-1.119781e-02 -1.848377e-01 
-7.317508e-03 -8.918698e-02 
3.779558e-03 3.916486e-02 
1.049213e-02 1.205385e-01 
3.640858e-03 1.033303e-01 
7.114616e-01 -8.691995e-01 
-7.167847e-03 -6.495762e-01 
-1.877658e-02 -3.497197e-01 
-4.616619e-03 -1.145639e-01 
2.654780e-03 3.217993e-02 
7.233956e-03 9.787118e-02 
1.962290e-03 6.022446e-02 
-1.136037e-02 -9.271734e-02 
-7.645536e-03 -2.269969e-01 
