poroelastic
2.405519e-02 2.209516e-01 
4.698169e-02 2.766934e-01 
5.449909e-02 1.018363e-01 
-2.753502e-02 -2.449177e-01 
-2.764981e-02 -4.104770e-01 
-2.140388e-02 -4.432475e-01 
-9.269253e-03 -3.252040e-01 
-3.343751e-04 -7.524602e-02 
1.151357e-03 1.262985e-01 
-8.567355e-01 7.368037e-01 
-9.153410e-02 8.196507e-01 
-7.142275e-03 6.460574e-01 
1.939349e-02 3.270039e-01 
6.728267e-03 1.294231e-01 
1.210745e-03 1.598868e-02 
5.248099e-04 -1.805144e-02 
1.019074e-03 2.402491e-02 
9.270672e-04 6.950560e-02 
-8.753284e-01 -7.438676e-01 
-3.286326e-02 -7.076359e-01 
2.706781e-03 -5.126190e-01 
-1.971784e-02 -3.378138e-01 
-8.356146e-03 -1.849815e-01 
-2.150383e-03 -5.928273e-02 
2.241153e-04 2.343571e-02 
-3.493593e-05 1.801250e-02 
-4.944128e-04 -5.311500e-02 
-1.322359e-01 -3.416036e-01 
2.296525e-02 -2.227780e-01 
8.095674e-03 -1.588763e-01 
-1.100222e-02 -1.563691e-01 
-7.481283e-03 -1.466121e-01 
-4.978421e-03 -1.229239e-01 
-2.266804e-03 -7.157429e-02 
-4.557116e-04 -2.106179e-02 
-2.064663e-04 -2.086172e-02 
-2.735160e-01 6.916455e-01 
1.117751e-03 6.441966e-01 
1.927884e-02 4.401196e-01 
2.402672e-03 8.575502e-02 
-6.714589e-03 -1.310154e-01 
-9.609342e-03 -2.405526e-01 
-6.982987e-03 -2.208492e-01 
-3.651125e-04 -5.351508e-02 
1.746329e-03 1.077385e-01 
-1.079353e+00 7.924370e-01 
-1.475936e-01 9.564568e-01 
3.081123e-03 6.672540e-01 
1.033287e-02 2.574859e-01 
8.164254e-04 1.631586e-02 
-2.654937e-03 -9.991452e-02 
-5.528890e-04 -8.556714e-02 
2.870451e-03 6.411152e-02 
2.781016e-03 1.961181e-01 
-7.250945e-01 -6.142051e-01 
1.136231e-02 -5.891251e-01 
-1.111155e-03 -5.414638e-01 
-2.155439e-02 -4.745451e-01 
-1.327050e-02 -3.774409e-01 
-7.821761e-03 -2.635523e-01 
-3.155836e-03 -1.297662e-01 
-3.936302e-04 -2.071135e-02 
-1.030316e-04 -9.438236e-03 
-2.227267e-02 2.127473e-01 
2.611866e-03 2.047294e-01 
4.582926e-03 1.416705e-01 
1.081424e-03 3.254927e-02 
-1.195698e-03 -3.513135e-02 
-2.287237e-03 -7.217795e-02 
-2.166668e-03 -6.902948e-02 
-4.968497e-04 -2.126094e-02 
1.590226e-04 8.624382e-03 
-8.667940e-01 7.422399e-01 
-4.538899e-02 7.339571e-01 
6.234367e-03 5.621195e-01 
1.008799e-02 3.369213e-01 
5.355739e-03 1.779596e-01 
1.998409e-03 6.521386e-02 
2.733954e-04 3.592285e-03 
6.669139e-04 1.119327e-02 
8.324339e-04 4.114457e-02 
-9.944827e-01 -6.697973e-01 
-1.127246e-01 -7.870191e-01 
-1.919759e-02 -6.585093e-01 
-1.490122e-02 -4.742557e-01 
-8.704363e-03 -3.149856e-01 
-4.658258e-03 -1.820060e-01 
-1.931219e-03 -7.805839e-02 
-7.405854e-04 -2.839317e-02 
-5.453233e-04 -3.477561e-02 
-5.537320e-02 -2.436882e-01 
-5.369325e-03 -2.144611e-01 
-4.040083e-03 -1.535822e-01 
-1.739561e-03 -7.009741e-02 
-4.649014e-04 -1.929320e-02 
7.516473e-05 2.699030e-03 
-3.584401e-05 1.031553e-03 
-4.088183e-04 -1.306134e-02 
-3.408401e-04 -1.956201e-02 
-5.961759e-01 6.666457e-01 
3.194010e-02 5.348942e-01 
1.113466e-02 4.561813e-01 
6.548083e-03 3.640401e-01 
5.933598e-03 2.670453e-01 
4.393316e-03 1.640067e-01 
1.730720e-03 5.643387e-02 
-5.419401e-04 -1.524468e-02 
-2.153646e-04 -9.543390e-03 
-1.236687e+00 -7.256249e-01 
-2.531079e-01 -1.011535e+00 
-3.940171e-02 -7.682794e-01 
-5.518169e-03 -3.891209e-01 
-2.191950e-03 -1.458935e-01 
4.623441e-04 -9.174046e-03 
1.157146e-03 1.434955e-02 
-3.233194e-03 -8.325290e-02 
-3.699034e-03 -1.757334e-01 
-4.059546e-01 -8.058855e-01 
-3.043856e-02 -7.685388e-01 
-8.477323e-03 -5.430807e-01 
-1.878085e-03 -1.362061e-01 
-1.069948e-05 1.099503e-01 
2.815235e-03 2.321386e-01 
4.124916e-03 2.244053e-01 
1.048563e-03 7.034411e-02 
-1.537297e-03 -9.375500e-02 
-5.102251e-02 3.051667e-01 
1.202283e-02 1.773906e-01 
3.676775e-03 1.133927e-01 
8.861539e-04 1.084401e-01 
1.584962e-03 7.141944e-02 
1.173207e-03 1.694303e-02 
-8.278331e-04 -4.072600e-02 
-1.845917e-03 -5.547966e-02 
-5.489088e-04 -2.649474e-02 
-6.258251e-01 9.097766e-01 
4.518434e-03 7.080357e-01 
7.298529e-03 3.735394e-01 
1.646735e-03 9.201436e-02 
-5.181919e-04 -8.415784e-02 
-3.670372e-03 -1.732123e-01 
-4.407315e-03 -1.477103e-01 
2.203070e-03 2.501541e-02 
4.342806e-03 2.110243e-01 
