poroelastic
-2.905363e-02 1.712988e-01 
-1.728000e-02 2.445484e-01 
2.331983e-03 2.135223e-01 
4.168998e-03 1.042742e-01 
4.842196e-04 3.541638e-02 
-1.760411e-03 -2.019685e-02 
-3.042161e-03 -6.912521e-02 
-1.432510e-03 -7.692369e-02 
-6.093519e-05 -7.752311e-03 
-1.096492e-01 1.647036e-01 
-1.065413e-02 1.285809e-01 
1.026664e-03 7.457759e-02 
1.188251e-03 3.303491e-02 
3.445733e-04 1.520769e-02 
-6.506270e-05 5.556578e-03 
-9.098759e-04 -1.055628e-02 
-1.196478e-03 -3.554891e-02 
-4.718229e-04 -3.665329e-02 
2.392863e-02 -2.032050e-01 
-1.239479e-04 -8.649511e-02 
-1.176320e-02 -1.100388e-02 
1.852844e-03 1.301811e-02 
2.232624e-03 3.143521e-02 
2.520060e-03 4.801782e-02 
3.146892e-03 6.935564e-02 
2.727143e-03 9.611435e-02 
1.092960e-03 1.167984e-01 
-9.298547e-02 -8.445449e-03 
3.110534e-02 4.026179e-02 
2.591786e-02 5.502091e-03 
-5.999349e-03 -7.338996e-02 
-5.976622e-03 -1.288734e-01 
-6.464057e-03 -1.683321e-01 
-6.972414e-03 -1.918434e-01 
-4.941637e-03 -1.905906e-01 
-1.671096e-03 -1.676218e-01 
-2.582500e-01 1.653570e-01 
-2.787588e-02 1.867693e-01 
-2.094058e-02 1.838268e-01 
1.913564e-03 1.572647e-01 
4.230597e-03 1.430063e-01 
3.921713e-03 1.282411e-01 
4.363983e-03 1.040667e-01 
3.858445e-03 8.814897e-02 
1.817885e-03 1.104681e-01 
-2.803709e-01 2.402807e-01 
-4.230309e-02 2.662374e-01 
-9.710587e-04 1.916758e-01 
2.383304e-03 9.179865e-02 
7.611623e-04 2.685080e-02 
-4.521752e-04 -1.831619e-02 
-1.514052e-03 -4.941635e-02 
-1.070654e-03 -4.752917e-02 
3.278172e-05 2.430194e-03 
-7.104458e-02 -2.367956e-02 
5.370216e-03 1.047033e-01 
7.974684e-03 9.883589e-02 
-6.523172e-04 -7.826141e-03 
-1.907178e-03 -8.224911e-02 
-2.840596e-03 -1.308878e-01 
-3.197794e-03 -1.428050e-01 
-1.800251e-03 -9.454032e-02 
-1.885723e-04 -1.818010e-02 
-3.674193e-02 5.596950e-02 
-6.323920e-03 5.491113e-02 
-5.585910e-03 5.989733e-02 
-8.369450e-04 6.870780e-02 
8.242599e-04 7.668319e-02 
1.360564e-03 8.201756e-02 
2.296264e-03 7.900716e-02 
2.216977e-03 6.354321e-02 
6.929325e-04 3.747603e-02 
-7.619759e-02 1.774093e-01 
-1.521942e-03 8.532661e-02 
1.046226e-03 3.194143e-02 
1.052226e-03 3.147356e-02 
1.156194e-03 2.766146e-02 
1.205403e-03 1.957195e-02 
6.868347e-05 -1.004891e-03 
-2.477530e-03 -4.533820e-02 
-2.098828e-03 -1.060884e-01 
-1.033310e-01 -1.909054e-01 
-4.498992e-03 -1.107422e-01 
-4.641136e-04 -3.996952e-02 
-9.429218e-05 -2.416295e-03 
1.644829e-04 1.213733e-02 
2.391647e-04 1.372596e-02 
2.540039e-04 1.184147e-02 
4.864150e-05 7.678894e-03 
-2.883495e-04 -1.879973e-02 
-2.807143e-02 -1.298056e-01 
-3.058441e-04 -1.453747e-01 
-5.410036e-04 -1.117323e-01 
-3.269417e-04 -3.655672e-02 
1.623368e-04 9.003261e-03 
8.835734e-04 3.673852e-02 
1.183746e-03 4.284493e-02 
-6.371454e-04 1.741849e-03 
-1.591636e-03 -9.026574e-02 
7.708418e-02 -1.141211e-02 
-3.165356e-03 -1.771707e-01 
-5.210278e-04 -1.599771e-01 
-4.358322e-04 -7.300021e-03 
1.341656e-03 8.011933e-02 
3.768197e-03 1.197849e-01 
3.836931e-03 9.843738e-02 
-3.202935e-03 -2.583337e-02 
-5.085082e-03 -2.247460e-01 
-1.703204e-01 -3.498837e-01 
-8.004510e-03 -3.731304e-01 
4.482758e-03 -2.392159e-01 
-4.861641e-03 -2.885046e-02 
-2.309495e-03 9.845952e-02 
4.539431e-05 1.714359e-01 
3.099292e-03 1.981238e-01 
4.239207e-03 1.465931e-01 
-2.575786e-04 -1.186994e-02 
-4.353027e-01 -2.471460e-01 
-6.811081e-03 -3.104293e-01 
-1.702529e-02 -2.973467e-01 
6.377350e-03 -2.062247e-01 
5.166514e-03 -1.623020e-01 
3.481580e-03 -1.355425e-01 
1.448317e-03 -1.171526e-01 
-5.853901e-03 -1.490372e-01 
-5.109165e-03 -2.809351e-01 
-8.626918e-02 -3.848478e-02 
1.816631e-02 -8.554725e-02 
1.210238e-02 -1.840918e-02 
-1.487043e-02 1.149802e-01 
-7.242287e-03 1.927725e-01 
-2.903627e-03 2.349286e-01 
4.507497e-03 2.390735e-01 
7.332997e-03 1.857794e-01 
1.750378e-03 7.880349e-02 
-8.835991e-02 2.329678e-01 
3.508806e-05 1.792405e-01 
-3.330255e-03 1.249117e-01 
3.798557e-03 7.366644e-02 
3.868983e-03 1.913877e-02 
3.130060e-03 -3.723809e-02 
-4.451995e-04 -9.122374e-02 
-4.887148e-03 -1.198168e-01 
-2.537969e-03 -1.228416e-01 
