poroelastic
8.936673e-03 2.378812e-01 
3.898299e-02 3.136876e-01 
5.764482e-02 1.784892e-01 
-2.283006e-02 -1.129803e-01 
-2.756848e-02 -2.535664e-01 
-2.433497e-02 -2.995783e-01 
-1.468879e-02 -2.523563e-01 
-1.730304e-03 -1.074472e-01 
1.106304e-04 4.437786e-02 
-5.852162e-01 5.310754e-01 
-6.950907e-02 5.679244e-01 
-7.177200e-04 4.298194e-01 
1.785373e-02 2.042434e-01 
6.404065e-03 8.181917e-02 
1.489330e-03 1.888902e-02 
4.908024e-04 -2.200831e-03 
8.054459e-04 8.273119e-03 
2.259791e-04 2.151961e-02 
-5.486192e-01 -5.442632e-01 
-1.186700e-02 -4.518459e-01 
-1.053095e-03 -3.077498e-01 
-1.904361e-02 -2.231989e-01 
-8.665218e-03 -1.326825e-01 
-1.682752e-03 -4.718306e-02 
2.631824e-03 2.468466e-02 
2.037865e-03 5.126104e-02 
1.696889e-04 2.443716e-02 
-1.243842e-01 -1.961720e-01 
4.520306e-02 -9.072947e-02 
2.881257e-02 -8.133912e-02 
-2.300075e-02 -1.545640e-01 
-1.854291e-02 -1.904821e-01 
-1.589744e-02 -1.996223e-01 
-1.250042e-02 -1.748477e-01 
-5.420612e-03 -1.272911e-01 
-5.489551e-04 -9.789548e-02 
-3.196529e-01 5.123747e-01 
-1.730702e-02 5.086659e-01 
9.133569e-03 3.816665e-01 
1.010503e-02 1.399220e-01 
-1.559025e-04 -3.067652e-03 
-4.256030e-03 -7.693034e-02 
-1.257983e-03 -7.569525e-02 
4.387966e-03 2.310773e-02 
1.724045e-03 1.390109e-01 
-8.065795e-01 6.527918e-01 
-9.433262e-02 7.445693e-01 
1.553607e-02 5.060924e-01 
1.133502e-02 1.707580e-01 
-1.678238e-03 -1.695640e-02 
-6.051153e-03 -1.058979e-01 
-3.132667e-03 -1.003306e-01 
2.531693e-03 3.220796e-03 
1.096224e-03 1.068955e-01 
-4.760990e-01 -3.855232e-01 
2.556375e-02 -3.039420e-01 
1.192020e-02 -2.901256e-01 
-3.093403e-02 -3.283851e-01 
-2.181519e-02 -3.080102e-01 
-1.493861e-02 -2.532438e-01 
-7.938035e-03 -1.619456e-01 
-1.685825e-03 -5.801312e-02 
-5.561893e-05 -8.875649e-03 
-3.072760e-02 1.657250e-01 
-2.269897e-04 1.584261e-01 
3.881148e-03 1.115791e-01 
2.184916e-03 3.520598e-02 
-5.370621e-05 -1.179778e-03 
-7.526705e-04 -1.513627e-02 
-5.243003e-05 -8.718092e-03 
8.314211e-04 1.342913e-02 
2.031281e-04 1.460289e-02 
-5.841720e-01 5.777374e-01 
-2.869176e-02 5.062119e-01 
8.017482e-03 3.556103e-01 
1.251091e-02 1.974978e-01 
5.798938e-03 1.000167e-01 
1.989492e-03 3.759897e-02 
-1.995433e-04 4.114370e-03 
-8.138627e-04 -5.852683e-03 
-3.808814e-04 -2.508396e-02 
-7.340248e-01 -5.217241e-01 
-6.641657e-02 -5.647133e-01 
-1.321061e-02 -4.668050e-01 
-2.539584e-02 -3.543447e-01 
-1.429840e-02 -2.433566e-01 
-7.458539e-03 -1.440182e-01 
-3.076082e-03 -5.884729e-02 
-1.259657e-03 -1.720028e-02 
-4.307592e-04 -4.139546e-02 
-4.635094e-02 -2.229668e-01 
-5.131271e-03 -2.175389e-01 
-7.150162e-03 -1.679897e-01 
-4.433302e-03 -8.027019e-02 
-6.390092e-04 -1.297702e-02 
1.239841e-03 2.902169e-02 
8.735292e-04 3.890043e-02 
-1.298597e-03 1.270366e-03 
-7.446664e-04 -6.767729e-02 
-3.025465e-01 4.300275e-01 
1.478720e-02 2.093878e-01 
3.316597e-03 1.548809e-01 
9.477146e-03 1.780689e-01 
8.852495e-03 1.809565e-01 
7.688103e-03 1.558718e-01 
2.281613e-03 8.960214e-02 
-5.213430e-03 -3.238755e-02 
-2.699996e-03 -1.713683e-01 
-9.045628e-01 -6.711759e-01 
-1.853184e-01 -9.034343e-01 
-3.985915e-02 -6.896040e-01 
-1.433453e-02 -3.222391e-01 
-2.616884e-03 -6.805002e-02 
4.048739e-03 9.324224e-02 
6.032169e-03 1.536772e-01 
2.346260e-04 6.862033e-02 
-1.734237e-03 -1.103151e-01 
-5.635101e-01 -6.688183e-01 
-2.719441e-02 -6.951529e-01 
-3.398240e-02 -5.571208e-01 
-1.154837e-02 -2.513023e-01 
-1.852529e-03 -5.552789e-02 
1.679473e-03 5.024995e-02 
4.804988e-04 6.342186e-02 
-6.901811e-03 -6.197839e-02 
-2.718578e-03 -2.676817e-01 
-8.922006e-02 1.597246e-01 
1.167847e-02 4.542577e-02 
8.358400e-03 4.326880e-02 
1.340491e-03 1.221449e-01 
4.647287e-03 1.556775e-01 
5.459229e-03 1.590857e-01 
7.109431e-03 1.382929e-01 
4.758759e-03 1.019847e-01 
5.347910e-04 4.470117e-02 
-4.101218e-01 7.679368e-01 
1.516091e-02 5.797524e-01 
1.002386e-02 3.035319e-01 
2.736746e-03 5.372599e-02 
-3.062973e-03 -9.899160e-02 
-6.949740e-03 -1.812052e-01 
-6.971006e-03 -1.742477e-01 
-5.181527e-04 -5.727495e-02 
5.867514e-04 5.946935e-02 
