poroelastic
-4.968098e-02 4.116253e-02 
-5.163817e-02 5.698436e-02 
-4.077804e-02 1.012661e-01 
3.008353e-02 2.127952e-01 
3.021666e-02 2.557865e-01 
2.314988e-02 2.305782e-01 
8.969450e-03 1.302814e-01 
-3.401042e-03 -1.759603e-02 
-2.124097e-03 -7.325026e-02 
6.732006e-01 -3.532420e-01 
1.055900e-01 -4.797698e-01 
2.305575e-02 -4.733865e-01 
-3.718023e-02 -3.283136e-01 
-2.392646e-02 -2.195090e-01 
-1.361889e-02 -1.329366e-01 
-6.951998e-03 -6.590830e-02 
-2.880838e-03 -3.428157e-02 
-5.438352e-04 -1.457694e-02 
5.421904e-01 4.473979e-01 
8.494407e-03 4.407863e-01 
-6.465953e-03 2.958794e-01 
2.042740e-02 1.727221e-01 
9.513405e-03 8.121383e-02 
3.086525e-03 1.705148e-02 
3.341961e-03 -2.149304e-03 
7.499605e-03 5.094862e-02 
4.607872e-03 1.362735e-01 
3.766160e-02 3.083277e-01 
9.943106e-03 2.370100e-01 
2.137659e-02 1.343007e-01 
4.639890e-03 8.067382e-02 
4.191586e-04 3.630627e-02 
-4.636062e-03 -1.242661e-02 
-1.291556e-02 -8.028653e-02 
-1.338086e-02 -1.483537e-01 
-4.772996e-03 -1.596591e-01 
1.186525e-01 -3.477892e-01 
-8.284868e-03 -3.479392e-01 
-3.425483e-02 -2.934404e-01 
-1.362247e-02 -1.377070e-01 
2.350708e-03 4.559032e-04 
1.305467e-02 1.138902e-01 
2.123634e-02 1.806337e-01 
1.379422e-02 1.489068e-01 
3.728684e-03 1.035182e-01 
8.418306e-01 -3.976450e-01 
1.337816e-01 -5.113563e-01 
1.535530e-02 -3.822254e-01 
-2.146291e-02 -1.872221e-01 
-1.090289e-02 -9.173342e-02 
-8.112502e-03 -6.485271e-02 
-1.336202e-02 -9.242912e-02 
-1.383987e-02 -1.451630e-01 
-4.926766e-03 -1.458149e-01 
4.764851e-01 5.734619e-01 
-1.048813e-02 6.146571e-01 
1.480113e-02 4.926954e-01 
3.159822e-02 3.003146e-01 
1.349754e-02 1.466518e-01 
2.476906e-03 2.842628e-02 
-1.983793e-03 -4.146184e-02 
9.985112e-04 -1.954698e-02 
2.151457e-03 7.679303e-02 
1.418700e-02 -4.837956e-02 
2.178115e-03 -4.078688e-02 
-3.018693e-03 -6.779541e-02 
-6.444756e-03 -7.096048e-02 
-4.500477e-03 -5.419519e-02 
-1.735399e-03 -2.600981e-02 
2.640635e-03 1.103353e-02 
4.475951e-03 4.212844e-02 
2.027196e-03 5.963013e-02 
8.620795e-01 -4.782377e-01 
6.433372e-02 -5.092443e-01 
4.194211e-03 -4.686601e-01 
-3.599844e-02 -3.685075e-01 
-2.622501e-02 -2.859334e-01 
-1.826514e-02 -2.059552e-01 
-1.026528e-02 -1.176293e-01 
-2.137540e-03 -3.387704e-02 
1.511880e-04 4.192359e-03 
7.839223e-01 6.546185e-01 
8.024473e-02 8.158267e-01 
3.444085e-02 6.606971e-01 
3.639479e-02 3.870425e-01 
1.337469e-02 1.636435e-01 
-4.812700e-04 -2.100667e-03 
-5.142463e-03 -7.976649e-02 
1.791212e-05 -2.670286e-02 
1.804154e-03 5.940337e-02 
2.952567e-02 2.341773e-01 
9.435821e-03 1.822858e-01 
5.157800e-03 5.480961e-02 
-5.650180e-03 -6.478323e-02 
-8.066797e-03 -1.052307e-01 
-5.747182e-03 -8.621470e-02 
2.214941e-03 -8.566553e-03 
7.375227e-03 8.586422e-02 
2.847460e-03 9.696986e-02 
8.515290e-01 -5.967808e-01 
-5.070569e-02 -4.788620e-01 
-5.891146e-03 -5.005021e-01 
-4.029556e-02 -4.665583e-01 
-3.257859e-02 -4.133917e-01 
-2.585920e-02 -3.253828e-01 
-1.528817e-02 -1.829257e-01 
-2.779920e-03 -3.228394e-02 
-7.446467e-04 -2.115221e-02 
1.102553e+00 6.693179e-01 
2.512670e-01 9.846241e-01 
5.945597e-02 7.579498e-01 
2.750572e-02 3.646020e-01 
7.592265e-03 9.724256e-02 
-3.616198e-03 -5.480699e-02 
-1.141568e-03 -5.018451e-02 
1.547566e-02 1.321159e-01 
8.941274e-03 2.438043e-01 
2.350554e-01 8.188486e-01 
5.162435e-02 7.046384e-01 
2.482288e-02 4.087873e-01 
-9.738293e-03 -6.030907e-02 
-2.073942e-02 -3.353493e-01 
-2.760514e-02 -4.305749e-01 
-2.079543e-02 -3.300956e-01 
1.020380e-04 -5.721863e-02 
3.628511e-03 1.227984e-01 
8.234234e-02 -2.809585e-01 
-1.688450e-02 -1.900510e-01 
-1.310018e-02 -1.884569e-01 
-1.356221e-02 -2.303461e-01 
-1.347701e-02 -1.961958e-01 
-8.705689e-03 -1.109613e-01 
3.104075e-03 1.382819e-02 
1.006190e-02 1.049054e-01 
3.182586e-03 1.010361e-01 
6.875809e-01 -8.896164e-01 
-1.527782e-02 -6.351340e-01 
-2.157962e-02 -3.255237e-01 
-5.718155e-03 -9.424873e-02 
3.410009e-03 4.474674e-02 
7.572443e-03 1.021476e-01 
4.668658e-04 5.780889e-02 
-1.216880e-02 -9.289401e-02 
-6.406812e-03 -2.172777e-01 
