poroelastic
-2.448276e-02 5.129864e-02 
-2.282082e-02 7.061406e-02 
-1.564667e-02 8.953907e-02 
9.877859e-03 1.396284e-01 
9.061974e-03 1.537970e-01 
5.987420e-03 1.266551e-01 
3.587634e-04 4.576862e-02 
-2.599203e-03 -5.469602e-02 
-1.051145e-03 -6.507945e-02 
4.589351e-01 -2.510055e-01 
7.503805e-02 -3.880840e-01 
1.832180e-02 -3.755971e-01 
-1.281260e-02 -2.399121e-01 
-7.198240e-03 -1.333892e-01 
-2.754893e-03 -5.294539e-02 
-7.891072e-04 -8.571589e-03 
-9.526868e-04 -1.571316e-02 
-5.455662e-04 -2.483312e-02 
4.156503e-01 2.428160e-01 
1.849003e-03 2.702027e-01 
-1.554071e-02 2.068864e-01 
8.221205e-03 1.380626e-01 
4.906726e-03 8.147825e-02 
2.817924e-03 4.177007e-02 
3.156131e-03 3.435717e-02 
4.358122e-03 7.746583e-02 
2.636204e-03 1.408849e-01 
-4.951522e-02 1.830391e-01 
2.741857e-02 1.348238e-01 
2.697868e-02 3.860333e-02 
-5.784700e-03 -4.850321e-02 
-6.765148e-03 -1.063763e-01 
-7.925489e-03 -1.451560e-01 
-9.583023e-03 -1.745605e-01 
-7.453682e-03 -1.794924e-01 
-2.660869e-03 -1.454547e-01 
-7.006285e-03 -2.201522e-01 
-1.057113e-02 -2.194470e-01 
-2.282695e-02 -1.533266e-01 
-3.664582e-03 -1.301134e-02 
4.102888e-03 9.424032e-02 
7.592185e-03 1.640224e-01 
1.012846e-02 1.780361e-01 
6.967105e-03 1.284758e-01 
2.447222e-03 9.888616e-02 
4.675977e-01 -1.818846e-01 
9.188696e-02 -3.118001e-01 
1.356875e-02 -2.606888e-01 
-5.240445e-03 -1.459615e-01 
-2.999701e-03 -7.365487e-02 
-1.578916e-03 -3.790293e-02 
-2.720492e-03 -4.285968e-02 
-3.841698e-03 -7.846600e-02 
-1.575652e-03 -7.117118e-02 
2.578644e-01 3.595506e-01 
-8.130351e-03 4.197994e-01 
6.359678e-03 3.425541e-01 
6.359198e-03 1.724501e-01 
1.286759e-03 4.079661e-02 
-2.236271e-03 -5.673462e-02 
-4.121771e-03 -1.097675e-01 
-2.127232e-03 -7.871803e-02 
3.601302e-04 1.955088e-02 
6.751948e-03 -7.108107e-02 
-7.976501e-04 -9.293717e-02 
-4.331518e-03 -9.565433e-02 
-3.045201e-03 -5.890501e-02 
-1.201125e-03 -1.545791e-02 
5.048800e-04 2.903982e-02 
3.213686e-03 6.574230e-02 
4.034117e-03 7.600233e-02 
1.722260e-03 6.599734e-02 
5.661615e-01 -2.327427e-01 
5.539706e-02 -3.744026e-01 
9.624189e-03 -3.756223e-01 
-6.257415e-03 -2.799564e-01 
-5.923216e-03 -1.935402e-01 
-3.989813e-03 -1.150146e-01 
-2.480038e-03 -5.182243e-02 
-2.460530e-03 -3.425283e-02 
-1.858926e-03 -6.648559e-02 
4.000339e-01 2.709161e-01 
3.150688e-02 3.656743e-01 
2.792407e-03 3.126468e-01 
5.764255e-03 2.015709e-01 
3.321567e-03 1.071399e-01 
1.081988e-03 3.374708e-02 
-1.172836e-04 -3.698790e-03 
3.059945e-04 5.460375e-03 
2.723072e-04 1.170075e-02 
-1.931584e-02 6.088253e-03 
1.090850e-03 -5.870561e-02 
-6.564259e-04 -1.065161e-01 
-2.506918e-03 -1.089128e-01 
-2.648555e-03 -8.607846e-02 
-1.549822e-03 -3.806467e-02 
1.027282e-03 2.750838e-02 
1.873237e-03 5.384515e-02 
-2.347691e-04 -9.368570e-03 
6.060392e-01 -4.099003e-01 
-2.408008e-02 -5.345759e-01 
-1.635554e-04 -5.218737e-01 
-3.248621e-03 -3.491041e-01 
-3.843577e-03 -2.092859e-01 
-1.459097e-03 -9.049858e-02 
2.097893e-04 -2.906538e-03 
-4.323430e-03 -2.784807e-02 
-6.126286e-03 -2.006206e-01 
5.132084e-01 1.558634e-01 
1.041693e-01 2.537954e-01 
1.237519e-02 1.906034e-01 
-3.727682e-03 1.325733e-01 
-1.184940e-03 1.022206e-01 
-4.475417e-04 1.026249e-01 
3.161774e-03 1.505489e-01 
1.082981e-02 2.101629e-01 
4.150890e-03 1.359098e-01 
-2.364775e-01 2.753248e-01 
7.578827e-03 1.348219e-01 
-1.547735e-02 -2.605000e-02 
5.481595e-03 -2.030444e-01 
2.460310e-03 -3.060884e-01 
-2.709947e-03 -3.299294e-01 
-6.357297e-03 -2.626639e-01 
-8.323825e-03 -1.575119e-01 
-4.764559e-03 -1.800486e-01 
8.451752e-03 -2.783165e-01 
-1.751464e-03 -2.975349e-01 
2.315160e-03 -2.270492e-01 
-1.128041e-02 -9.168606e-02 
-7.155721e-03 2.726628e-02 
-3.022339e-03 1.381677e-01 
8.039633e-03 2.299199e-01 
1.269215e-02 2.267195e-01 
3.229692e-03 1.062689e-01 
4.238476e-01 -3.305589e-01 
1.361229e-02 -3.104989e-01 
-6.264607e-03 -1.860592e-01 
4.632954e-03 -6.584297e-02 
3.904178e-03 2.456818e-03 
4.862928e-03 2.146738e-02 
8.721447e-04 -2.196521e-02 
-9.513291e-03 -1.329844e-01 
-6.854658e-03 -2.369829e-01 
