poroelastic
-3.780851e-02 -7.080054e-02 
-5.035447e-02 -7.636017e-02 
-5.021983e-02 3.376645e-02 
2.207026e-02 2.425606e-01 
2.667969e-02 3.313859e-01 
2.339091e-02 3.252663e-01 
1.349045e-02 2.160378e-01 
1.459593e-03 3.961361e-02 
-2.162544e-03 -5.314882e-02 
8.286658e-01 -5.701504e-01 
9.682209e-02 -6.454898e-01 
2.131816e-02 -5.579605e-01 
-2.582674e-02 -3.564123e-01 
-1.612316e-02 -2.232901e-01 
-9.181160e-03 -1.329542e-01 
-4.998511e-03 -7.346290e-02 
-2.093296e-03 -3.841614e-02 
2.016857e-04 4.567623e-03 
7.096891e-01 6.634759e-01 
2.897405e-02 6.324503e-01 
-3.941966e-04 4.311103e-01 
1.693371e-02 2.470801e-01 
7.184949e-03 1.083518e-01 
5.460060e-04 6.122319e-03 
-1.871942e-03 -4.400835e-02 
8.091991e-04 -3.497633e-03 
3.915892e-03 9.658200e-02 
1.267314e-01 3.700788e-01 
-2.358631e-02 2.749557e-01 
-6.195149e-03 1.864343e-01 
9.929525e-03 1.365347e-01 
7.202517e-03 1.079643e-01 
4.959884e-03 7.869672e-02 
2.300030e-03 3.558620e-02 
5.615089e-04 4.682162e-03 
1.271226e-03 3.228961e-02 
2.742069e-01 -5.343789e-01 
6.776622e-03 -4.861787e-01 
-1.216785e-02 -3.602517e-01 
-8.819551e-03 -1.368586e-01 
5.593261e-04 9.108547e-03 
5.895828e-03 9.306590e-02 
6.376743e-03 1.015394e-01 
7.623756e-04 2.174332e-02 
-1.681511e-03 -3.758844e-02 
1.001088e+00 -6.619715e-01 
1.458521e-01 -7.960602e-01 
1.869463e-03 -5.683807e-01 
-1.459502e-02 -2.638591e-01 
-4.672362e-03 -7.989221e-02 
7.123979e-04 1.126304e-02 
-8.082458e-05 1.332188e-02 
-4.952532e-03 -6.489651e-02 
-5.095295e-03 -1.182207e-01 
6.530483e-01 6.506509e-01 
-1.255935e-02 6.483521e-01 
4.329341e-04 5.521734e-01 
2.312815e-02 4.030948e-01 
1.500533e-02 2.695154e-01 
8.151781e-03 1.493347e-01 
2.957219e-03 4.820976e-02 
1.383897e-03 1.406261e-02 
2.961816e-03 7.760651e-02 
2.423211e-02 -1.039440e-01 
2.439088e-03 -7.203001e-02 
2.789839e-04 -6.850710e-02 
-3.146966e-03 -6.533993e-02 
-2.985781e-03 -5.460466e-02 
-2.331322e-03 -4.057312e-02 
-1.247589e-03 -2.365701e-02 
4.287527e-04 -1.409299e-03 
1.961999e-03 4.465853e-02 
8.890098e-01 -6.444992e-01 
5.141879e-02 -6.053947e-01 
9.296829e-04 -4.938303e-01 
-1.662641e-02 -3.701724e-01 
-1.364360e-02 -2.644453e-01 
-9.664066e-03 -1.727751e-01 
-5.427990e-03 -8.940793e-02 
-9.054518e-04 -2.098065e-02 
1.327784e-03 2.809694e-02 
9.722215e-01 7.555022e-01 
1.120227e-01 9.065609e-01 
2.128977e-02 7.319309e-01 
2.152164e-02 4.507871e-01 
1.183800e-02 2.378898e-01 
4.014372e-03 8.056689e-02 
-2.538854e-04 -7.600838e-03 
1.283777e-03 1.075632e-02 
3.732096e-03 8.929160e-02 
5.063970e-02 3.340666e-01 
9.481820e-03 3.135245e-01 
8.368403e-03 1.828702e-01 
2.201384e-04 -4.964015e-03 
-4.660844e-03 -9.938362e-02 
-6.505404e-03 -1.266702e-01 
-4.208587e-03 -8.303850e-02 
2.094564e-03 2.120291e-02 
4.788141e-03 1.125147e-01 
6.450140e-01 -6.010964e-01 
-3.319272e-02 -4.095783e-01 
-4.101931e-03 -3.901270e-01 
-1.261647e-02 -4.064488e-01 
-1.595606e-02 -3.661049e-01 
-1.502383e-02 -2.852670e-01 
-9.271452e-03 -1.524659e-01 
1.241586e-03 3.455929e-03 
4.201264e-03 8.535884e-02 
1.270722e+00 8.547021e-01 
2.632949e-01 1.180287e+00 
4.438860e-02 8.813033e-01 
1.323337e-02 3.891923e-01 
3.075661e-03 7.820735e-02 
-5.491731e-03 -9.449913e-02 
-7.438907e-03 -1.120963e-01 
5.196491e-03 4.882744e-02 
1.052613e-02 2.154167e-01 
4.804043e-01 9.446800e-01 
3.601786e-02 9.009573e-01 
1.939840e-02 6.071618e-01 
5.975528e-03 8.436450e-02 
-5.132697e-03 -2.080539e-01 
-1.356270e-02 -3.301173e-01 
-1.419411e-02 -2.712304e-01 
1.354891e-03 -1.862288e-02 
1.044030e-02 2.407271e-01 
8.830178e-02 -2.231150e-01 
-1.622816e-02 -7.303067e-02 
-8.692874e-03 -8.707309e-02 
2.476861e-04 -2.059089e-01 
-6.462157e-03 -2.245189e-01 
-8.221994e-03 -1.801298e-01 
-5.333237e-03 -8.643433e-02 
1.212277e-03 5.705571e-03 
2.982934e-03 6.108571e-02 
6.798409e-01 -9.691694e-01 
-9.820720e-03 -7.074815e-01 
-1.304570e-02 -3.729542e-01 
-4.547054e-03 -1.244335e-01 
1.054031e-03 4.897467e-02 
7.444591e-03 1.448461e-01 
8.634346e-03 1.310117e-01 
-3.894465e-03 -2.410482e-02 
-8.693992e-03 -1.764004e-01 
