poroelastic
-2.262199e-02 3.357206e-02 
-2.293172e-02 5.116260e-02 
-1.817126e-02 8.328781e-02 
7.369996e-03 1.488273e-01 
7.375544e-03 1.694098e-01 
5.261387e-03 1.431543e-01 
1.073297e-03 5.755913e-02 
-1.712890e-03 -4.780135e-02 
-1.057988e-03 -5.953388e-02 
4.905205e-01 -2.864950e-01 
7.901706e-02 -4.310122e-01 
2.149318e-02 -4.016645e-01 
-8.480045e-03 -2.445902e-01 
-4.766613e-03 -1.258221e-01 
-1.581368e-03 -4.203082e-02 
-4.750197e-04 -4.525056e-03 
-1.069258e-03 -2.445437e-02 
-8.592937e-04 -3.926940e-02 
4.675022e-01 2.577730e-01 
3.956880e-03 2.833131e-01 
-1.925228e-02 2.216272e-01 
5.653590e-03 1.577733e-01 
3.957994e-03 1.043332e-01 
2.519704e-03 6.532717e-02 
2.500434e-03 5.475812e-02 
3.305441e-03 9.066621e-02 
2.742973e-03 1.494276e-01 
-5.638284e-02 1.828161e-01 
2.335720e-02 1.312309e-01 
2.377295e-02 3.659196e-02 
-2.561958e-03 -5.258195e-02 
-4.008502e-03 -1.146763e-01 
-5.140670e-03 -1.576979e-01 
-6.414420e-03 -1.852297e-01 
-5.575039e-03 -1.791420e-01 
-2.494841e-03 -1.314370e-01 
-3.004638e-03 -2.523094e-01 
-6.578313e-03 -2.470611e-01 
-1.993622e-02 -1.610740e-01 
-4.397499e-03 4.248673e-03 
2.259417e-03 1.191614e-01 
5.192272e-03 1.865132e-01 
7.297042e-03 1.888428e-01 
5.298991e-03 1.236384e-01 
2.230140e-03 8.896855e-02 
4.755405e-01 -2.126189e-01 
9.565848e-02 -3.553107e-01 
1.357079e-02 -2.913412e-01 
-2.148916e-03 -1.531976e-01 
-1.228784e-03 -6.368842e-02 
-7.228183e-05 -1.664617e-02 
-7.568491e-04 -2.059809e-02 
-2.622401e-03 -6.865891e-02 
-1.538705e-03 -6.928417e-02 
2.773293e-01 3.652609e-01 
-1.200476e-02 4.235661e-01 
8.071911e-04 3.548029e-01 
4.023510e-03 1.909555e-01 
1.572081e-03 5.877064e-02 
-6.884656e-04 -4.318902e-02 
-2.568309e-03 -1.054429e-01 
-2.020125e-03 -8.552023e-02 
2.442552e-04 1.302162e-02 
6.541527e-03 -8.871313e-02 
3.813639e-05 -1.093815e-01 
-3.116041e-03 -1.003355e-01 
-2.771988e-03 -5.109008e-02 
-1.364958e-03 -3.978422e-03 
-1.817255e-04 4.046656e-02 
2.018656e-03 7.361491e-02 
3.409192e-03 7.961832e-02 
1.938526e-03 7.341211e-02 
5.710522e-01 -2.450370e-01 
5.735978e-02 -3.936274e-01 
1.170634e-02 -3.857843e-01 
1.156166e-04 -2.776678e-01 
-2.096123e-03 -1.841448e-01 
-1.591061e-03 -1.037528e-01 
-1.126984e-03 -4.745472e-02 
-2.457754e-03 -4.557824e-02 
-2.472265e-03 -8.762763e-02 
4.265959e-01 2.552084e-01 
3.438512e-02 3.473874e-01 
-8.815948e-04 3.054631e-01 
1.064830e-03 2.110601e-01 
1.611896e-03 1.298387e-01 
9.767053e-04 6.480028e-02 
4.571987e-04 2.693399e-02 
8.101018e-04 2.478999e-02 
5.070428e-04 2.145056e-02 
-2.575592e-02 -1.878146e-03 
7.471787e-04 -6.219394e-02 
7.333780e-04 -9.793194e-02 
2.276698e-04 -9.724493e-02 
-9.212267e-04 -8.163170e-02 
-9.640095e-04 -4.766232e-02 
5.762629e-05 1.469995e-03 
5.997853e-04 2.402793e-02 
-7.181514e-04 -2.773056e-02 
5.634935e-01 -4.151898e-01 
-1.576825e-02 -5.534252e-01 
3.723604e-03 -5.261317e-01 
3.316998e-03 -3.358051e-01 
-5.001047e-04 -1.835506e-01 
4.925381e-04 -5.925229e-02 
2.193823e-03 2.326798e-02 
-2.397077e-03 -1.520008e-02 
-6.185744e-03 -1.963633e-01 
5.093202e-01 1.350518e-01 
1.020440e-01 2.276415e-01 
1.163635e-02 1.768735e-01 
-8.052110e-03 1.354846e-01 
-3.941887e-03 1.163273e-01 
-2.467400e-03 1.211331e-01 
8.486996e-04 1.622954e-01 
8.473222e-03 2.037711e-01 
3.654669e-03 1.189939e-01 
-2.528478e-01 2.488881e-01 
-1.075798e-03 1.166982e-01 
-1.809687e-02 -3.301852e-02 
1.352444e-02 -1.986269e-01 
8.495014e-03 -2.967794e-01 
2.754612e-03 -3.226839e-01 
-2.347612e-03 -2.633846e-01 
-6.897352e-03 -1.672505e-01 
-5.167848e-03 -1.895079e-01 
6.831280e-04 -2.735765e-01 
4.898207e-03 -2.906856e-01 
7.753767e-03 -2.102179e-01 
-1.282440e-02 -6.848279e-02 
-9.409139e-03 4.875576e-02 
-6.061494e-03 1.540939e-01 
4.276478e-03 2.383422e-01 
1.135615e-02 2.317114e-01 
3.669499e-03 1.139813e-01 
3.989639e-01 -3.021601e-01 
1.509839e-02 -2.982048e-01 
-4.998360e-03 -1.794400e-01 
6.643065e-03 -6.082967e-02 
4.674845e-03 7.064914e-03 
5.785546e-03 2.633197e-02 
3.401422e-03 -1.803098e-02 
-7.670182e-03 -1.316593e-01 
-7.476216e-03 -2.402583e-01 
