poroelastic
-1.216106e-02 1.741038e-01 
8.587191e-03 2.282874e-01 
2.735776e-02 1.564024e-01 
-3.581244e-03 1.441177e-02 
-8.480486e-03 -5.404080e-02 
-9.946286e-03 -9.105477e-02 
-1.002538e-02 -1.083707e-01 
-4.028056e-03 -9.330959e-02 
-1.651045e-04 -3.312286e-02 
-1.156588e-01 1.922659e-01 
-6.636595e-03 1.432668e-01 
4.234298e-03 5.984442e-02 
-7.637023e-04 -5.960798e-03 
-1.799650e-03 -2.107036e-02 
-9.159957e-04 -1.244402e-02 
8.299975e-05 2.537876e-03 
-6.472558e-05 3.227901e-03 
-9.626370e-05 -6.981953e-03 
-9.988180e-02 -1.973160e-01 
-3.499066e-03 -1.064704e-01 
-5.624156e-03 -5.540710e-02 
-3.405939e-03 -5.450241e-02 
-1.454153e-03 -3.894955e-02 
9.058864e-04 -1.418090e-02 
4.471592e-03 2.425252e-02 
4.961672e-03 6.828697e-02 
9.070126e-04 8.832717e-02 
-9.153230e-02 -1.028405e-02 
5.011053e-02 3.141282e-02 
3.882381e-02 -1.870429e-02 
-2.082785e-02 -1.074915e-01 
-1.835355e-02 -1.577245e-01 
-1.791549e-02 -1.860927e-01 
-1.813394e-02 -1.958496e-01 
-1.063579e-02 -1.867941e-01 
-1.404986e-03 -1.678530e-01 
-2.216420e-01 1.914432e-01 
-2.849274e-02 1.889866e-01 
-1.603814e-02 1.440639e-01 
6.822882e-03 7.670861e-02 
6.633387e-03 5.884785e-02 
6.760219e-03 6.437814e-02 
1.054150e-02 8.237139e-02 
9.525668e-03 1.120739e-01 
2.233622e-03 1.489351e-01 
-2.175188e-01 3.060769e-01 
-8.051917e-03 3.008407e-01 
1.864853e-02 1.820033e-01 
6.172539e-04 3.465307e-02 
-5.195719e-03 -5.035306e-02 
-7.537803e-03 -9.606285e-02 
-7.490054e-03 -1.042676e-01 
-2.766607e-03 -6.575563e-02 
-6.741054e-05 -5.305544e-03 
-1.235124e-01 -3.223115e-02 
1.800616e-02 6.359510e-02 
1.861828e-02 2.605518e-02 
-1.251155e-02 -9.261384e-02 
-1.294747e-02 -1.519333e-01 
-1.178042e-02 -1.703641e-01 
-8.200080e-03 -1.423812e-01 
-2.010475e-03 -6.587367e-02 
3.803868e-05 4.628820e-03 
-1.773621e-02 6.755473e-02 
-2.748507e-03 4.870378e-02 
-2.315616e-03 1.498494e-02 
-1.573287e-04 -7.453423e-03 
4.011116e-04 -8.583786e-04 
1.593717e-03 1.860157e-02 
3.490983e-03 4.166871e-02 
2.592194e-03 4.806044e-02 
3.034938e-04 1.942975e-02 
-4.539488e-02 2.105414e-01 
7.785911e-03 9.687242e-02 
4.899749e-03 5.039843e-03 
-2.751016e-03 -3.307121e-02 
-2.972247e-03 -4.167116e-02 
-2.301878e-03 -3.288204e-02 
-1.707898e-03 -1.373370e-02 
-1.804290e-03 -9.235567e-03 
-8.408104e-04 -5.001854e-02 
-2.235601e-01 -1.541498e-01 
-1.440476e-02 -1.133635e-01 
1.761545e-03 -8.930902e-02 
-8.802028e-03 -9.542910e-02 
-6.669940e-03 -9.215895e-02 
-5.099199e-03 -8.103957e-02 
-3.367967e-03 -5.334048e-02 
-1.679673e-03 -2.211427e-02 
-4.849656e-04 -4.056671e-02 
-2.852065e-02 -1.291187e-01 
-3.162474e-03 -1.670867e-01 
-8.017811e-03 -1.648797e-01 
-5.517021e-03 -9.618274e-02 
-9.972405e-04 -2.397791e-02 
2.406369e-03 4.044012e-02 
3.864034e-03 8.211672e-02 
2.498515e-04 5.144998e-02 
-8.070494e-04 -6.687038e-02 
2.012358e-01 1.400261e-02 
-1.270499e-02 -1.855868e-01 
-5.583462e-03 -2.170364e-01 
-6.295577e-03 -1.028768e-01 
-1.042525e-03 -2.113876e-02 
1.960842e-03 3.303390e-02 
-7.535220e-04 4.734247e-02 
-8.645857e-03 -4.112575e-02 
-4.182159e-03 -2.447894e-01 
-2.386262e-01 -3.229288e-01 
-4.219113e-02 -3.947155e-01 
-1.474509e-02 -3.008261e-01 
-5.247986e-03 -1.125892e-01 
1.865315e-03 2.283813e-02 
6.345789e-03 1.214479e-01 
1.023443e-02 1.915157e-01 
8.239436e-03 1.824323e-01 
3.079546e-04 1.731397e-02 
-4.737102e-01 -2.384586e-01 
2.754957e-03 -3.363449e-01 
-2.756182e-02 -3.482316e-01 
-1.692334e-02 -2.656824e-01 
-7.745972e-03 -2.067760e-01 
-6.225112e-03 -1.561897e-01 
-7.286979e-03 -1.110352e-01 
-1.215204e-02 -1.354536e-01 
-3.611640e-03 -3.004668e-01 
-5.721143e-02 -8.058498e-02 
-2.052447e-03 -1.616313e-01 
-2.909452e-04 -1.154560e-01 
-3.875626e-03 2.488473e-02 
3.111090e-03 1.266434e-01 
7.418272e-03 2.006420e-01 
1.499867e-02 2.416116e-01 
1.114584e-02 2.057276e-01 
1.041927e-03 7.641377e-02 
1.224656e-03 2.497014e-01 
1.348005e-02 1.679215e-01 
1.957255e-03 8.467283e-02 
1.599190e-03 6.341421e-03 
-1.204261e-03 -4.998350e-02 
-4.010626e-03 -9.511841e-02 
-8.307280e-03 -1.220463e-01 
-7.404086e-03 -1.188409e-01 
-1.220270e-03 -1.106182e-01 
