poroelastic
-2.283736e-02 -3.789555e-02 
-2.953878e-02 -4.461447e-02 
-3.139952e-02 2.689154e-02 
9.998672e-03 1.880787e-01 
1.293740e-02 2.545596e-01 
1.126256e-02 2.414960e-01 
5.435930e-03 1.367681e-01 
-1.091625e-03 -1.700945e-02 
-2.206897e-03 -7.067063e-02 
8.714729e-01 -5.688240e-01 
1.203161e-01 -7.276004e-01 
3.216145e-02 -6.523667e-01 
-1.704176e-02 -4.144226e-01 
-1.075738e-02 -2.400437e-01 
-5.071108e-03 -1.144949e-01 
-1.775360e-03 -3.830495e-02 
-8.488010e-04 -1.991878e-02 
-2.143614e-04 -6.310108e-03 
7.083438e-01 6.073349e-01 
1.620961e-02 5.686515e-01 
-1.430344e-02 3.879412e-01 
8.896160e-03 2.296256e-01 
4.653903e-03 1.125798e-01 
1.329184e-03 2.994816e-02 
4.903954e-04 -1.084908e-03 
2.511974e-03 5.019071e-02 
4.315355e-03 1.431691e-01 
2.098332e-02 3.449294e-01 
4.647360e-03 2.343620e-01 
1.277690e-02 1.062469e-01 
3.141431e-04 4.016824e-03 
-2.123415e-03 -5.658389e-02 
-3.566939e-03 -9.468611e-02 
-4.823231e-03 -1.183842e-01 
-4.096332e-03 -1.059883e-01 
-1.275621e-03 -4.159670e-02 
2.108976e-01 -5.107307e-01 
9.036549e-03 -4.920339e-01 
-1.214197e-02 -3.646823e-01 
-6.978463e-03 -1.220404e-01 
4.192247e-04 4.535126e-02 
5.080429e-03 1.479405e-01 
7.524400e-03 1.678622e-01 
4.566186e-03 9.397702e-02 
1.577620e-03 4.381570e-02 
9.889737e-01 -5.380856e-01 
1.828305e-01 -7.625336e-01 
2.020034e-02 -5.971802e-01 
-6.916174e-03 -3.221734e-01 
-4.016562e-03 -1.407338e-01 
-7.268579e-04 -3.714965e-02 
-5.105232e-04 -1.580377e-02 
-3.697596e-03 -7.460018e-02 
-3.346476e-03 -9.947668e-02 
5.438023e-01 6.382574e-01 
-1.845169e-02 6.401938e-01 
-2.793657e-03 5.219179e-01 
7.936248e-03 3.220159e-01 
4.634041e-03 1.614942e-01 
1.130966e-03 3.479088e-02 
-1.691514e-03 -5.008654e-02 
-1.134305e-03 -4.281538e-02 
2.046547e-03 6.949142e-02 
3.489888e-02 -1.449665e-01 
3.937264e-03 -1.543373e-01 
1.845224e-04 -1.582034e-01 
-3.164143e-03 -1.267490e-01 
-3.140581e-03 -8.460759e-02 
-2.146685e-03 -3.572429e-02 
1.638103e-04 1.472227e-02 
2.965775e-03 5.305579e-02 
3.446183e-03 9.560452e-02 
9.771251e-01 -5.513440e-01 
8.288448e-02 -6.620514e-01 
1.431572e-02 -6.043318e-01 
-4.020937e-03 -4.637569e-01 
-7.383229e-03 -3.319429e-01 
-6.289889e-03 -2.095936e-01 
-3.993871e-03 -1.010297e-01 
-1.791168e-03 -3.623652e-02 
-6.243908e-04 -1.619058e-02 
8.189706e-01 6.413045e-01 
7.469335e-02 7.479147e-01 
3.361348e-03 5.921205e-01 
4.724524e-03 3.575066e-01 
3.832426e-03 1.846173e-01 
1.284203e-03 6.274969e-02 
-3.338404e-04 4.009163e-03 
1.321826e-03 2.651161e-02 
2.610228e-03 7.750283e-02 
-3.359090e-03 1.841130e-01 
2.150961e-03 1.134899e-01 
2.026105e-03 -6.203425e-04 
-6.311472e-05 -1.174978e-01 
-3.239515e-03 -1.592344e-01 
-4.410479e-03 -1.401490e-01 
-2.666050e-03 -6.001031e-02 
1.915975e-03 3.841688e-02 
2.566911e-03 7.262453e-02 
8.131582e-01 -6.343114e-01 
-2.536136e-02 -6.520476e-01 
3.337365e-03 -6.368437e-01 
2.360389e-03 -5.241691e-01 
-5.499610e-03 -3.899997e-01 
-6.095926e-03 -2.443149e-01 
-3.276077e-03 -9.275137e-02 
-1.281969e-03 -1.307486e-02 
-3.336051e-03 -7.989318e-02 
1.055683e+00 6.229602e-01 
1.897517e-01 8.268223e-01 
1.764069e-02 5.902835e-01 
-3.892359e-03 2.674205e-01 
-2.249539e-03 8.222450e-02 
-4.164728e-03 1.530576e-03 
-2.739310e-03 3.882698e-02 
9.587352e-03 1.733744e-01 
8.884116e-03 2.174576e-01 
7.213696e-02 7.188901e-01 
6.644359e-03 5.748643e-01 
-1.150440e-02 2.915567e-01 
1.316366e-02 -1.220049e-01 
4.138730e-03 -3.447599e-01 
-4.452489e-03 -4.184474e-01 
-9.839300e-03 -3.306609e-01 
-4.840890e-03 -1.151517e-01 
5.997933e-04 1.629512e-02 
8.005506e-02 -3.525694e-01 
-1.277202e-02 -3.027754e-01 
-1.533680e-03 -2.636653e-01 
-2.874005e-03 -2.254553e-01 
-6.707915e-03 -1.429448e-01 
-6.721217e-03 -2.877695e-02 
1.217982e-03 1.030335e-01 
1.006509e-02 1.661555e-01 
5.057901e-03 1.180850e-01 
7.352053e-01 -7.510176e-01 
1.768363e-02 -6.485624e-01 
-7.617733e-03 -3.927211e-01 
4.936766e-03 -1.703906e-01 
2.779179e-03 -1.310251e-02 
6.116554e-03 7.172876e-02 
6.439856e-03 5.492317e-02 
-7.337296e-03 -9.306989e-02 
-1.081093e-02 -2.522004e-01 
