poroelastic
4.447124e-03 -2.496223e-01 
-2.310868e-02 -3.205415e-01 
-4.133642e-02 -2.101422e-01 
4.813718e-03 -6.741825e-03 
1.494374e-02 1.045822e-01 
1.854924e-02 1.663667e-01 
1.756533e-02 1.839985e-01 
8.441991e-03 1.338271e-01 
1.013337e-03 2.295358e-02 
7.962060e-02 -2.221133e-01 
-6.346610e-03 -1.352602e-01 
-7.228950e-03 -2.141530e-02 
6.112670e-03 5.387849e-02 
6.468797e-03 6.702655e-02 
3.861568e-03 4.675790e-02 
9.654692e-05 1.028731e-02 
-1.595836e-03 -1.700628e-02 
-1.397953e-03 -2.913511e-02 
1.692348e-01 1.944735e-01 
1.153262e-02 1.507888e-01 
5.646512e-03 1.138739e-01 
9.472304e-03 1.006081e-01 
5.786991e-03 7.545157e-02 
1.859255e-03 4.087542e-02 
-3.230429e-03 -1.050608e-02 
-5.499384e-03 -6.875424e-02 
-4.197843e-03 -9.531544e-02 
1.202594e-01 1.183223e-05 
-5.076409e-02 -3.148231e-02 
-3.766135e-02 2.839256e-02 
2.394980e-02 1.299009e-01 
2.455643e-02 1.950585e-01 
2.520914e-02 2.364957e-01 
2.439795e-02 2.512105e-01 
1.547204e-02 2.302099e-01 
7.704593e-03 1.875687e-01 
2.337211e-01 -2.271988e-01 
1.215497e-02 -2.097902e-01 
8.506470e-03 -1.434321e-01 
-6.807696e-03 -5.176518e-02 
-4.623805e-03 -2.467988e-02 
-5.325231e-03 -3.334979e-02 
-1.075806e-02 -7.066346e-02 
-1.317456e-02 -1.405409e-01 
-1.083896e-02 -2.332752e-01 
1.173519e-01 -3.649015e-01 
-2.651388e-02 -3.182237e-01 
-2.839188e-02 -1.666708e-01 
3.810812e-03 1.070085e-02 
1.228266e-02 1.185170e-01 
1.576112e-02 1.771773e-01 
1.475243e-02 1.801002e-01 
6.272242e-03 1.046468e-01 
-5.854602e-04 -1.290642e-02 
1.484766e-01 -2.768075e-03 
-1.558671e-02 -8.069683e-02 
-1.738521e-02 -1.664154e-02 
1.722215e-02 1.331374e-01 
2.013628e-02 2.122661e-01 
1.919910e-02 2.370065e-01 
1.328168e-02 1.958432e-01 
3.192729e-03 7.574472e-02 
-2.469715e-03 -6.222396e-02 
1.141904e-02 -7.854538e-02 
-1.073883e-03 -5.734876e-02 
1.036319e-03 -4.716449e-03 
2.692032e-03 3.704072e-02 
2.662699e-03 4.086858e-02 
8.888465e-04 2.249568e-02 
-2.968452e-03 -1.463802e-02 
-5.229480e-03 -6.084046e-02 
-4.446133e-03 -9.986575e-02 
-9.133497e-02 -2.233509e-01 
-2.119554e-02 -8.207281e-02 
-7.128306e-03 3.733815e-02 
9.823651e-03 9.789592e-02 
1.071671e-02 1.232691e-01 
1.004954e-02 1.220776e-01 
7.797029e-03 9.366846e-02 
3.632480e-03 5.025870e-02 
1.126187e-03 2.346736e-02 
1.954630e-01 8.923743e-02 
2.465134e-02 6.516469e-02 
1.399535e-03 7.183026e-02 
1.200537e-02 1.151200e-01 
1.174318e-02 1.373252e-01 
1.019997e-02 1.370053e-01 
6.139748e-03 9.809735e-02 
5.405069e-04 1.916578e-02 
-1.673927e-03 -4.005143e-02 
4.309832e-02 1.136029e-01 
7.318986e-03 1.659683e-01 
1.303122e-02 1.903500e-01 
1.192655e-02 1.488150e-01 
6.217377e-03 8.954024e-02 
1.105397e-03 2.439479e-02 
-3.253171e-03 -3.736016e-02 
-3.391532e-03 -5.843752e-02 
-8.317408e-04 -2.021247e-02 
-3.206529e-01 1.450897e-02 
2.680959e-02 1.948765e-01 
1.289787e-02 2.544061e-01 
1.499465e-02 1.763764e-01 
9.081434e-03 1.155511e-01 
5.605291e-03 7.030039e-02 
5.820496e-03 4.531036e-02 
8.709266e-03 8.550011e-02 
1.019613e-02 2.157045e-01 
1.468023e-01 2.392289e-01 
3.268890e-02 2.961190e-01 
1.467169e-02 2.371298e-01 
6.109578e-03 1.059932e-01 
-7.493608e-04 4.548581e-03 
-6.139399e-03 -7.876237e-02 
-1.194163e-02 -1.595093e-01 
-1.369089e-02 -2.014172e-01 
-5.121535e-03 -1.103662e-01 
4.804617e-01 1.473318e-01 
2.765055e-02 2.844943e-01 
4.591772e-02 3.402398e-01 
2.688847e-02 3.248666e-01 
1.913907e-02 2.981364e-01 
1.585010e-02 2.519598e-01 
1.224512e-02 1.793838e-01 
9.379754e-03 1.355227e-01 
8.279851e-03 2.129812e-01 
3.363720e-02 6.459143e-02 
3.743333e-03 1.305058e-01 
4.216022e-04 1.118674e-01 
2.926704e-03 3.082874e-02 
-1.613960e-03 -3.894856e-02 
-5.545315e-03 -1.018739e-01 
-1.200643e-02 -1.596340e-01 
-1.257365e-02 -1.804389e-01 
-5.730116e-03 -1.341733e-01 
-8.319087e-02 -1.966135e-01 
-1.344844e-02 -1.225292e-01 
4.413081e-03 -4.900781e-02 
1.401517e-03 3.559959e-02 
4.826547e-03 9.081810e-02 
7.715634e-03 1.306010e-01 
1.008399e-02 1.455653e-01 
7.390748e-03 1.126057e-01 
2.458808e-03 5.695494e-02 
