poroelastic
8.300261e-02 -5.959434e-02 
8.562571e-02 -1.079364e-01 
5.621492e-02 -2.072078e-01 
-6.058690e-02 -3.676396e-01 
-5.387020e-02 -4.300348e-01 
-3.931079e-02 -3.942354e-01 
-1.726393e-02 -2.488575e-01 
4.950101e-04 -3.021412e-02 
1.541560e-03 7.504166e-02 
-6.425487e-01 4.021418e-01 
-7.101006e-02 4.904275e-01 
-2.147505e-03 4.592095e-01 
3.805539e-02 2.970024e-01 
2.045692e-02 1.828290e-01 
1.011287e-02 1.011256e-01 
4.554799e-03 4.750389e-02 
1.717813e-03 2.916882e-02 
1.665701e-04 6.042149e-03 
-7.134401e-01 -4.968654e-01 
-3.917390e-02 -5.849675e-01 
-6.232259e-03 -4.385678e-01 
-3.501473e-02 -2.670635e-01 
-1.587266e-02 -1.337946e-01 
-5.671631e-03 -3.436257e-02 
-4.274235e-03 7.035837e-03 
-6.099911e-03 -4.937699e-02 
-3.730905e-03 -1.577715e-01 
-1.031043e-01 -3.582818e-01 
4.124222e-03 -3.206237e-01 
-1.468900e-02 -2.338672e-01 
-1.829177e-02 -1.775532e-01 
-9.494224e-03 -1.298045e-01 
-1.443807e-03 -6.866955e-02 
7.928360e-03 2.510896e-02 
8.205346e-03 1.212511e-01 
2.783665e-03 1.367901e-01 
8.707138e-03 3.942174e-01 
3.619064e-02 3.400829e-01 
4.691904e-02 2.190176e-01 
-7.646452e-03 -2.991685e-03 
-2.294907e-02 -1.686799e-01 
-2.859855e-02 -2.725721e-01 
-2.582203e-02 -2.762662e-01 
-9.667193e-03 -1.540935e-01 
-1.454017e-03 -5.439173e-02 
-7.837392e-01 4.932215e-01 
-8.847175e-02 5.463336e-01 
5.104000e-03 3.537613e-01 
1.632059e-02 1.157222e-01 
4.300027e-03 7.766458e-03 
3.602450e-03 -6.757575e-03 
1.177298e-02 5.814736e-02 
1.248347e-02 1.591235e-01 
4.618534e-03 1.822526e-01 
-6.725897e-01 -6.131965e-01 
-1.166255e-02 -7.499531e-01 
-2.944324e-02 -6.704737e-01 
-5.597934e-02 -4.809514e-01 
-2.906534e-02 -3.075760e-01 
-1.203097e-02 -1.493076e-01 
-1.968922e-03 -1.898967e-02 
-3.620063e-04 2.006558e-02 
-1.124646e-03 -5.568765e-02 
3.429947e-02 3.784293e-02 
1.140806e-02 -3.268235e-03 
6.647809e-03 -2.982243e-02 
-9.876029e-03 -6.995624e-02 
-1.057853e-02 -9.711014e-02 
-9.894943e-03 -1.065252e-01 
-7.897945e-03 -9.023050e-02 
-3.246944e-03 -4.972549e-02 
-8.007582e-04 -3.055713e-02 
-7.492195e-01 5.686866e-01 
-2.465874e-02 5.303678e-01 
1.595122e-02 4.157188e-01 
2.838118e-02 2.569650e-01 
1.551261e-02 1.589383e-01 
9.179476e-03 9.716091e-02 
6.993857e-03 6.390776e-02 
4.822863e-03 5.865979e-02 
1.920946e-03 6.748807e-02 
-9.866363e-01 -6.381550e-01 
-1.471888e-01 -9.162563e-01 
-5.682020e-02 -8.138050e-01 
-5.852228e-02 -5.568463e-01 
-2.764048e-02 -3.219130e-01 
-8.899677e-03 -1.224415e-01 
2.980490e-04 1.215831e-02 
-3.089380e-05 2.026251e-02 
-1.012806e-03 -4.471508e-02 
-7.409958e-02 -2.744019e-01 
-1.231495e-02 -2.691203e-01 
-1.377827e-02 -1.967318e-01 
-1.197935e-02 -1.080985e-01 
-5.686265e-03 -5.716199e-02 
-3.423878e-03 -3.377436e-02 
-3.583561e-03 -3.537724e-02 
-2.667862e-03 -4.792671e-02 
-6.700623e-04 -3.073421e-02 
-6.828453e-01 6.432573e-01 
5.590552e-02 4.686567e-01 
2.348662e-02 4.139934e-01 
3.510034e-02 3.320657e-01 
2.358964e-02 2.731696e-01 
1.726536e-02 2.145880e-01 
1.184151e-02 1.359756e-01 
5.533736e-03 6.533777e-02 
2.502163e-03 9.350826e-02 
-1.319949e+00 -6.303794e-01 
-3.615800e-01 -1.075292e+00 
-9.754957e-02 -9.034753e-01 
-4.834723e-02 -5.219050e-01 
-2.030011e-02 -2.357773e-01 
-6.235385e-03 -5.045537e-02 
-5.438233e-03 -9.303080e-03 
-1.291619e-02 -1.532973e-01 
-6.942541e-03 -2.644254e-01 
-3.289087e-01 -8.502732e-01 
-7.267595e-02 -8.287949e-01 
-3.664344e-02 -5.616365e-01 
8.568507e-03 -7.537869e-02 
1.982427e-02 2.400125e-01 
2.562545e-02 3.949725e-01 
1.976518e-02 3.702995e-01 
4.464517e-03 1.466278e-01 
-1.001589e-03 -5.413234e-02 
2.298291e-02 2.008097e-01 
-1.363384e-03 2.003267e-02 
-6.300160e-03 -4.550729e-02 
-7.813502e-04 3.521717e-04 
-6.104907e-04 1.808719e-03 
-1.902135e-03 -1.947239e-02 
-5.137378e-03 -5.152152e-02 
-4.906090e-03 -7.176807e-02 
-1.537846e-03 -7.747526e-02 
-5.094353e-01 9.639170e-01 
3.837199e-02 6.092819e-01 
1.595188e-02 2.159600e-01 
-4.214296e-03 -5.177781e-02 
-1.131079e-02 -1.797038e-01 
-1.075678e-02 -2.009644e-01 
5.670579e-04 -9.598067e-02 
1.031770e-02 1.178144e-01 
4.863265e-03 2.611218e-01 
