poroelastic
2.151974e-02 -4.686809e-01 
1.566564e-02 -6.427654e-01 
4.241458e-04 -5.028867e-01 
-5.393602e-03 -1.566878e-01 
-3.194723e-03 1.177093e-02 
2.181877e-03 2.264463e-01 
1.103599e-02 3.988489e-01 
3.401545e-03 1.939564e-01 
-6.841282e-03 -3.069517e-01 
1.519246e+00 -3.280392e+00 
1.157569e-01 -4.224110e+00 
-4.620084e-02 -3.331336e+00 
-5.976762e-02 -1.045330e+00 
-2.829607e-02 5.125307e-01 
-1.707832e-04 1.589721e+00 
4.292931e-02 2.099341e+00 
5.132002e-02 1.644053e+00 
1.530101e-02 7.643156e-01 
-6.338721e-01 -5.597174e-01 
-5.742908e-02 -1.492260e+00 
-5.832668e-03 -1.313444e+00 
-9.704890e-03 -1.368865e-01 
2.566910e-03 6.400856e-01 
1.390673e-02 9.924188e-01 
1.571040e-02 7.661087e-01 
-5.925506e-03 -8.170474e-02 
-1.106664e-02 -7.552266e-01 
1.172966e+00 6.623667e-01 
-5.636561e-02 1.146920e+00 
-6.270818e-02 1.732507e+00 
-1.549491e-02 2.084587e+00 
9.938779e-03 2.204249e+00 
2.025502e-02 1.914106e+00 
1.703048e-02 1.035355e+00 
-3.953185e-03 -8.878477e-02 
-6.690959e-03 -5.281054e-01 
-8.470597e-01 -8.192706e-01 
-4.848270e-02 -5.495621e-01 
-4.448437e-02 1.767925e-01 
-2.316463e-02 1.022063e+00 
-1.128604e-03 1.523185e+00 
1.023446e-02 1.644795e+00 
1.721119e-02 1.262719e+00 
1.006480e-02 5.318436e-01 
2.702124e-03 2.104830e-01 
3.690690e+00 -2.042055e+00 
6.744291e-01 -3.915207e+00 
4.167567e-02 -3.686610e+00 
-7.166305e-03 -1.825642e+00 
-6.374230e-03 -5.217145e-01 
3.688659e-04 3.771044e-01 
8.129861e-03 7.911210e-01 
4.594035e-03 4.138157e-01 
-1.508343e-03 -1.631342e-01 
2.733760e-01 -1.953532e+00 
4.362081e-02 -2.473921e+00 
-8.739565e-03 -1.600387e+00 
-6.811975e-03 3.542669e-01 
1.288339e-03 1.513765e+00 
6.797732e-03 2.190946e+00 
1.133979e-02 2.203981e+00 
6.681099e-03 1.183343e+00 
-1.278787e-06 -3.003453e-04 
-1.960582e-01 -1.287708e+00 
-1.211787e-02 -1.653088e+00 
-1.161799e-02 -8.131891e-01 
-2.439076e-03 8.120640e-01 
4.818848e-03 1.714497e+00 
9.284086e-03 2.217553e+00 
1.157118e-02 2.065814e+00 
4.831854e-03 9.323251e-01 
-1.153349e-03 -2.755441e-01 
1.838356e+00 -2.354050e+00 
1.461588e-01 -3.974118e+00 
-1.765604e-02 -3.570453e+00 
-5.502060e-03 -1.320981e+00 
1.990993e-03 1.817342e-01 
6.631545e-03 1.265489e+00 
8.783374e-03 1.796324e+00 
4.849050e-03 1.293689e+00 
9.691668e-04 3.878165e-01 
-2.761039e+00 -2.894195e+00 
-3.239837e-01 -4.400275e+00 
-3.226254e-02 -3.778976e+00 
4.837176e-05 -1.475059e+00 
6.725026e-03 3.134472e-02 
6.505832e-03 1.111795e+00 
-4.195150e-05 1.559852e+00 
-2.394744e-03 8.435426e-01 
6.459896e-04 -2.647908e-01 
2.904359e-01 -1.426843e+00 
-7.259647e-03 -1.609766e+00 
1.355119e-02 -6.040861e-01 
3.604925e-02 1.105260e+00 
2.137661e-02 2.037812e+00 
9.928165e-03 2.526396e+00 
-4.810331e-03 2.259421e+00 
-4.238408e-03 8.896927e-01 
2.151058e-03 -5.050727e-01 
-9.718292e-01 -9.576012e-01 
-7.684725e-02 -1.380719e+00 
9.887531e-03 -6.552554e-01 
3.556340e-02 9.458909e-01 
2.181391e-02 1.868991e+00 
1.071453e-02 2.300927e+00 
-3.463902e-03 2.024131e+00 
-4.250710e-03 8.215210e-01 
1.253936e-03 -2.870469e-01 
-4.444906e+00 -2.523897e+00 
-8.850846e-01 -4.352619e+00 
-1.016615e-01 -3.805965e+00 
-1.445356e-02 -1.799778e+00 
1.344665e-03 -3.919498e-01 
-1.021762e-03 4.294643e-01 
-6.732408e-03 5.846276e-01 
1.684305e-03 -1.252465e-02 
4.837797e-03 -5.443501e-01 
7.237193e-01 -1.578628e+00 
4.323640e-02 -1.092059e+00 
6.402927e-02 -4.237826e-02 
5.367596e-02 1.155059e+00 
1.924013e-02 1.856373e+00 
-2.189158e-03 2.012402e+00 
-1.768229e-02 1.467778e+00 
-7.500058e-03 4.336216e-01 
8.665184e-04 -6.492325e-02 
-1.084346e+00 7.765894e-01 
8.850091e-02 1.008987e+00 
1.050031e-01 1.519359e+00 
5.546496e-02 1.987656e+00 
1.413326e-02 2.187964e+00 
-7.048325e-03 2.017145e+00 
-1.815866e-02 1.301934e+00 
-2.543203e-03 2.342169e-01 
4.432380e-03 -3.389228e-01 
8.459387e-01 5.243782e-01 
1.193546e-01 -8.665280e-01 
-3.250068e-02 -1.492621e+00 
-5.775997e-03 -9.640940e-01 
4.779445e-03 -4.900043e-01 
4.811175e-03 -7.738135e-02 
-3.032726e-03 2.633047e-01 
-6.192795e-03 2.750669e-01 
-3.391864e-04 2.133229e-02 
