poroelastic
1.648136e-02 2.414485e-01 
3.832301e-02 3.062635e-01 
4.872902e-02 1.327881e-01 
-2.141665e-02 -2.218688e-01 
-2.217250e-02 -3.939334e-01 
-1.756788e-02 -4.341276e-01 
-7.976330e-03 -3.237355e-01 
-7.480749e-04 -7.733156e-02 
1.394774e-03 1.201961e-01 
-8.689744e-01 7.588392e-01 
-9.089969e-02 8.522012e-01 
-8.365702e-03 6.735573e-01 
1.601811e-02 3.335456e-01 
5.124737e-03 1.247668e-01 
3.993312e-04 4.721109e-03 
-2.273691e-04 -3.180016e-02 
4.814605e-04 1.493990e-02 
8.061432e-04 5.597338e-02 
-8.605195e-01 -7.385025e-01 
-3.469603e-02 -6.960395e-01 
5.063553e-03 -4.943928e-01 
-1.575259e-02 -3.301464e-01 
-6.679146e-03 -1.800392e-01 
-1.791302e-03 -5.716536e-02 
3.850027e-06 2.137765e-02 
4.305280e-05 1.559732e-02 
-6.584273e-04 -6.654639e-02 
-1.291343e-01 -3.330449e-01 
2.112717e-02 -2.034379e-01 
8.379054e-03 -1.384697e-01 
-8.024044e-03 -1.440550e-01 
-5.606783e-03 -1.335692e-01 
-3.840702e-03 -1.116026e-01 
-1.983469e-03 -6.873454e-02 
-5.434464e-04 -2.861203e-02 
-5.414952e-04 -4.827216e-02 
-2.948176e-01 7.296827e-01 
-1.297240e-03 6.717754e-01 
1.541884e-02 4.619667e-01 
2.197287e-03 9.110122e-02 
-5.078125e-03 -1.299820e-01 
-7.647805e-03 -2.415026e-01 
-5.923343e-03 -2.227674e-01 
-6.189302e-04 -5.382129e-02 
1.774741e-03 1.046352e-01 
-1.101300e+00 8.123612e-01 
-1.600560e-01 9.852908e-01 
-1.421025e-03 6.921144e-01 
8.087627e-03 2.759246e-01 
8.224300e-04 2.488783e-02 
-2.196619e-03 -1.007844e-01 
-9.648920e-04 -9.150913e-02 
2.101102e-03 6.298403e-02 
3.058061e-03 2.080650e-01 
-7.162501e-01 -6.257658e-01 
9.496227e-03 -5.748261e-01 
-4.162676e-04 -5.254367e-01 
-1.430083e-02 -4.555413e-01 
-9.093171e-03 -3.660809e-01 
-5.566378e-03 -2.600800e-01 
-2.315102e-03 -1.300045e-01 
-2.263207e-04 -1.803662e-02 
1.077892e-04 9.571111e-03 
-2.850860e-02 2.214530e-01 
1.076363e-03 2.178358e-01 
2.914301e-03 1.556411e-01 
1.374699e-03 5.225197e-02 
-4.426546e-04 -2.211750e-02 
-1.529850e-03 -6.520566e-02 
-1.599950e-03 -6.445808e-02 
-2.763349e-04 -1.777517e-02 
5.044395e-04 2.739215e-02 
-8.766832e-01 7.254589e-01 
-5.041004e-02 7.402209e-01 
3.400550e-03 5.733251e-01 
6.864916e-03 3.569701e-01 
4.026806e-03 1.898605e-01 
1.529061e-03 6.922386e-02 
1.200017e-04 3.688185e-03 
5.737253e-04 1.048068e-02 
1.166820e-03 5.852695e-02 
-9.558615e-01 -6.522589e-01 
-1.103440e-01 -7.598049e-01 
-1.579641e-02 -6.309907e-01 
-8.512607e-03 -4.445596e-01 
-5.382472e-03 -2.976788e-01 
-3.140259e-03 -1.774830e-01 
-1.458639e-03 -8.250832e-02 
-6.547764e-04 -3.459556e-02 
-3.637137e-04 -2.365207e-02 
-4.937873e-02 -2.267012e-01 
-4.002316e-03 -1.924539e-01 
-2.594216e-03 -1.346976e-01 
-8.380967e-04 -5.581960e-02 
-1.933514e-04 -1.251858e-02 
1.467932e-04 6.381620e-03 
8.172761e-05 3.769691e-03 
-2.761274e-04 -1.192689e-02 
-2.262474e-04 -1.330510e-02 
-5.976850e-01 6.575360e-01 
2.661412e-02 5.693501e-01 
9.362055e-03 4.889583e-01 
3.098307e-03 3.824837e-01 
4.000185e-03 2.724993e-01 
3.281217e-03 1.600444e-01 
1.261967e-03 4.722356e-02 
-6.912939e-04 -2.310096e-02 
-2.709602e-04 -1.216297e-02 
-1.198851e+00 -7.019607e-01 
-2.358367e-01 -9.636163e-01 
-3.198529e-02 -7.189732e-01 
-1.475516e-03 -3.625621e-01 
-6.665060e-04 -1.359651e-01 
8.189191e-04 -1.206032e-02 
1.338255e-03 4.057805e-03 
-2.623136e-03 -8.921667e-02 
-3.574694e-03 -1.775338e-01 
-3.729891e-01 -7.708478e-01 
-2.427082e-02 -7.275710e-01 
-2.832175e-03 -5.032924e-01 
-1.807640e-03 -1.200008e-01 
-1.035886e-03 1.125642e-01 
1.267938e-03 2.275517e-01 
2.999247e-03 2.176061e-01 
1.082328e-03 7.168082e-02 
-1.422272e-03 -9.089156e-02 
-5.602343e-02 3.265956e-01 
1.230544e-02 2.095444e-01 
2.677024e-03 1.429053e-01 
4.212206e-04 1.148846e-01 
1.465146e-03 7.026074e-02 
1.415544e-03 1.102459e-02 
-5.019872e-04 -5.115239e-02 
-1.989059e-03 -6.605810e-02 
-8.951582e-04 -4.312478e-02 
-6.399756e-01 8.926405e-01 
-7.775883e-04 7.100075e-01 
5.459663e-03 3.901728e-01 
7.985500e-04 1.087536e-01 
2.499856e-04 -6.731799e-02 
-2.472794e-03 -1.599705e-01 
-4.231841e-03 -1.429828e-01 
1.548482e-03 2.253269e-02 
4.249016e-03 2.019506e-01 
