poroelastic
-2.695720e-02 5.801818e-03 
-3.053486e-02 2.581186e-02 
-2.871217e-02 9.012922e-02 
6.895668e-03 2.036632e-01 
1.031795e-02 2.435835e-01 
9.638488e-03 2.191182e-01 
5.333953e-03 1.195808e-01 
-6.346094e-04 -9.948721e-03 
-1.089778e-03 -3.008089e-02 
8.840648e-01 -5.831409e-01 
1.120925e-01 -6.973340e-01 
3.520150e-02 -6.149706e-01 
-1.275936e-02 -4.158687e-01 
-1.036278e-02 -2.682129e-01 
-6.199835e-03 -1.525408e-01 
-3.163630e-03 -7.062664e-02 
-1.525607e-03 -3.536594e-02 
1.500528e-04 4.016243e-03 
8.696958e-01 7.015508e-01 
3.621163e-02 7.332938e-01 
-1.615541e-02 5.337750e-01 
8.450365e-03 3.013658e-01 
4.321722e-03 1.312429e-01 
6.254438e-04 2.673784e-02 
1.743870e-04 5.522306e-04 
3.405615e-03 6.665579e-02 
5.668915e-03 1.729274e-01 
2.250738e-02 4.452602e-01 
6.183280e-03 3.473181e-01 
1.831864e-02 1.831330e-01 
2.126788e-03 -8.999591e-03 
-3.086128e-03 -1.261521e-01 
-5.582956e-03 -1.804498e-01 
-7.111627e-03 -1.830011e-01 
-5.541274e-03 -1.334573e-01 
-1.499477e-03 -4.486878e-02 
1.425896e-01 -4.878808e-01 
3.143755e-03 -4.100199e-01 
-1.339421e-02 -2.793212e-01 
-6.793813e-03 -8.810520e-02 
-9.552877e-04 4.506446e-02 
3.159897e-03 1.374519e-01 
6.980168e-03 1.701874e-01 
6.907211e-03 1.293722e-01 
4.344601e-03 1.149599e-01 
9.838575e-01 -5.110983e-01 
1.909383e-01 -6.919080e-01 
2.598351e-02 -5.327612e-01 
-2.979646e-03 -3.274157e-01 
-3.863147e-03 -1.887127e-01 
-2.316865e-03 -1.088791e-01 
-2.982852e-03 -9.023492e-02 
-5.294724e-03 -1.142435e-01 
-2.735701e-03 -7.816032e-02 
6.436988e-01 7.494437e-01 
-1.562066e-02 7.929584e-01 
-3.119909e-03 6.487483e-01 
6.626201e-03 3.571674e-01 
3.567930e-03 1.457656e-01 
-4.224039e-04 -8.992794e-03 
-3.307467e-03 -9.362117e-02 
-3.042109e-04 -3.212146e-02 
5.034344e-03 1.698028e-01 
2.248234e-02 -7.555673e-02 
2.988387e-03 -5.333097e-02 
1.835199e-03 -7.644835e-02 
-1.790959e-03 -1.127108e-01 
-3.232364e-03 -1.080219e-01 
-3.528689e-03 -8.236019e-02 
-2.115407e-03 -3.860887e-02 
2.468386e-03 3.559142e-02 
5.309833e-03 1.522409e-01 
8.945312e-01 -5.094995e-01 
8.085656e-02 -5.808356e-01 
1.463429e-02 -5.158643e-01 
-1.531329e-03 -4.222228e-01 
-5.860799e-03 -3.220420e-01 
-5.904708e-03 -2.256234e-01 
-5.032296e-03 -1.369893e-01 
-2.592078e-03 -6.199976e-02 
4.442353e-04 1.218892e-02 
8.825461e-01 6.793588e-01 
8.896576e-02 8.423899e-01 
3.628308e-03 6.837894e-01 
4.211454e-03 3.934595e-01 
3.175391e-03 1.819272e-01 
2.946992e-04 3.759883e-02 
-1.461712e-03 -2.519291e-02 
1.423994e-03 2.646467e-02 
4.357445e-03 1.418059e-01 
4.691633e-03 2.351860e-01 
2.362676e-03 1.815824e-01 
2.744107e-03 4.838816e-02 
2.332010e-04 -1.185562e-01 
-3.569993e-03 -1.928072e-01 
-5.409532e-03 -1.894382e-01 
-3.985707e-03 -1.023561e-01 
2.111149e-03 4.206991e-02 
4.686497e-03 1.494985e-01 
7.614539e-01 -5.864853e-01 
-9.748912e-03 -6.027403e-01 
4.908029e-03 -5.989112e-01 
1.682583e-03 -5.308178e-01 
-6.165104e-03 -4.252001e-01 
-7.536152e-03 -2.913864e-01 
-4.849323e-03 -1.259887e-01 
3.401226e-04 5.848376e-03 
4.796802e-04 1.282418e-02 
1.099637e+00 6.761336e-01 
1.926311e-01 9.127248e-01 
1.564240e-02 6.500742e-01 
-2.267057e-03 2.701988e-01 
-2.105584e-03 4.754452e-02 
-4.900873e-03 -5.192588e-02 
-4.156328e-03 -8.062647e-03 
8.385278e-03 1.689519e-01 
9.883632e-03 2.781108e-01 
1.170476e-01 7.523872e-01 
6.734873e-03 6.444309e-01 
-8.545595e-03 3.435939e-01 
1.140938e-02 -1.074850e-01 
2.557607e-03 -3.526376e-01 
-5.031771e-03 -4.353326e-01 
-9.387620e-03 -3.402130e-01 
-3.251980e-03 -1.000105e-01 
2.327464e-03 7.443667e-02 
7.225559e-02 -3.060681e-01 
-9.445479e-03 -2.332716e-01 
-1.498428e-03 -2.039825e-01 
-1.417424e-03 -1.976672e-01 
-4.945678e-03 -1.444217e-01 
-5.401630e-03 -4.623603e-02 
5.271657e-04 7.848313e-02 
7.350874e-03 1.387182e-01 
4.068011e-03 1.076969e-01 
6.673203e-01 -7.179055e-01 
2.206689e-02 -5.806783e-01 
-6.070459e-03 -3.226045e-01 
4.339797e-03 -1.272957e-01 
2.976445e-03 5.032762e-03 
5.978545e-03 7.852375e-02 
6.225669e-03 5.379092e-02 
-7.340247e-03 -1.106808e-01 
-1.033623e-02 -2.722000e-01 
