poroelastic
-3.502391e-02 1.774176e-01 
-2.733769e-02 2.639336e-01 
-8.991541e-03 2.533765e-01 
3.440523e-03 1.569910e-01 
1.603609e-03 8.434510e-02 
9.534030e-05 1.642435e-02 
-1.109660e-03 -5.145973e-02 
-1.063079e-03 -7.206460e-02 
7.933841e-06 6.029391e-04 
-9.777525e-02 1.643126e-01 
-9.611594e-03 1.351320e-01 
1.515246e-03 9.317683e-02 
1.127116e-03 5.457953e-02 
4.647072e-04 2.746134e-02 
8.135926e-05 2.502542e-03 
-7.213337e-04 -3.467284e-02 
-1.329173e-03 -7.556018e-02 
-1.066419e-03 -7.113121e-02 
1.104251e-01 -1.991338e-01 
6.005158e-03 -6.479439e-02 
-1.437156e-02 2.270377e-02 
5.495606e-04 5.476527e-02 
1.095571e-03 7.208549e-02 
1.159909e-03 8.483392e-02 
1.203880e-03 9.838464e-02 
1.196665e-03 1.159536e-01 
1.458489e-03 1.381571e-01 
-9.901464e-02 -2.547909e-03 
2.392277e-02 5.271299e-02 
2.113277e-02 2.291687e-02 
8.598673e-04 -5.720600e-02 
-6.448787e-04 -1.237383e-01 
-1.320205e-03 -1.741499e-01 
-2.126092e-03 -2.061476e-01 
-3.020305e-03 -2.077275e-01 
-2.274425e-03 -1.793498e-01 
-2.950399e-01 1.580601e-01 
-2.491823e-02 1.977439e-01 
-2.419559e-02 2.147532e-01 
-3.515174e-03 2.057731e-01 
2.148074e-04 1.901177e-01 
9.827113e-04 1.645675e-01 
1.662970e-03 1.214485e-01 
2.261649e-03 8.630282e-02 
1.914894e-03 1.061016e-01 
-2.950085e-01 2.180028e-01 
-5.463745e-02 2.626850e-01 
-6.820008e-03 2.052249e-01 
-2.327736e-06 1.199929e-01 
5.707556e-04 5.676894e-02 
4.057368e-04 5.772510e-03 
-3.045349e-04 -3.903572e-02 
-8.190180e-04 -5.146744e-02 
2.327620e-05 1.611967e-03 
-2.989882e-02 -1.347931e-02 
-4.053429e-04 1.255167e-01 
1.531756e-03 1.343287e-01 
1.422549e-03 3.112898e-02 
1.100703e-03 -5.071868e-02 
5.091673e-04 -1.122989e-01 
-5.357257e-04 -1.384787e-01 
-1.042429e-03 -9.365050e-02 
-3.522805e-05 -3.161983e-03 
-4.401915e-02 5.886566e-02 
-5.236430e-03 7.173728e-02 
-6.310979e-03 9.252153e-02 
-4.600099e-03 1.058657e-01 
-1.763490e-03 1.089793e-01 
-7.017408e-04 1.033174e-01 
4.892582e-04 8.712709e-02 
1.582546e-03 6.816397e-02 
9.609770e-04 5.170020e-02 
-9.348020e-02 1.656924e-01 
-5.367066e-03 9.166900e-02 
-6.838358e-04 5.687421e-02 
3.020818e-04 6.407527e-02 
1.080280e-03 5.893410e-02 
1.801148e-03 4.062141e-02 
1.478564e-03 2.152156e-05 
-1.735167e-03 -6.495059e-02 
-2.603537e-03 -1.344125e-01 
-3.263447e-02 -1.992210e-01 
4.953321e-03 -1.021445e-01 
3.613077e-04 -1.145495e-02 
-1.658986e-03 3.717603e-02 
-9.241100e-04 5.667201e-02 
-4.019624e-04 5.637785e-02 
6.930584e-05 4.437437e-02 
4.104657e-04 2.907497e-02 
-1.224722e-05 -8.248252e-04 
-2.842013e-02 -1.208905e-01 
7.719026e-04 -1.209067e-01 
9.645906e-04 -7.741107e-02 
8.272886e-04 -1.147933e-02 
5.466809e-04 1.827158e-02 
9.927860e-04 2.731190e-02 
1.275758e-03 1.580662e-02 
-5.422631e-04 -2.888836e-02 
-1.876084e-03 -1.094483e-01 
1.196950e-02 -7.054366e-03 
2.077912e-03 -1.530956e-01 
2.068299e-03 -1.182217e-01 
-2.813001e-03 3.922086e-02 
-1.235894e-03 1.232988e-01 
1.598969e-03 1.553966e-01 
3.931778e-03 1.216913e-01 
-7.703096e-04 -1.081664e-02 
-4.490664e-03 -2.014833e-01 
-1.417670e-01 -3.688885e-01 
7.106743e-03 -3.583550e-01 
1.099151e-02 -2.058102e-01 
-6.901290e-03 8.250911e-03 
-5.634483e-03 1.279393e-01 
-3.331889e-03 1.889157e-01 
2.589863e-04 1.979477e-01 
2.584542e-03 1.276621e-01 
-5.316842e-04 -2.679128e-02 
-4.127354e-01 -2.521718e-01 
-1.050331e-02 -2.949955e-01 
-1.277930e-02 -2.736024e-01 
1.376702e-02 -1.822387e-01 
8.802717e-03 -1.470222e-01 
6.611205e-03 -1.286592e-01 
4.589448e-03 -1.172516e-01 
-2.624853e-03 -1.503703e-01 
-4.433068e-03 -2.636242e-01 
-1.005680e-01 -1.268548e-02 
2.686115e-02 -4.000182e-02 
1.539889e-02 3.001804e-02 
-2.088303e-02 1.510163e-01 
-1.283926e-02 2.128003e-01 
-7.988869e-03 2.407489e-01 
-5.447851e-04 2.337930e-01 
5.163160e-03 1.795366e-01 
2.049493e-03 9.142868e-02 
-1.320438e-01 2.285748e-01 
-5.373477e-03 2.004819e-01 
-5.884153e-03 1.561843e-01 
1.328756e-03 1.061997e-01 
3.685920e-03 4.546153e-02 
4.707019e-03 -1.894067e-02 
2.687131e-03 -8.397378e-02 
-3.331296e-03 -1.217778e-01 
-2.612289e-03 -1.214492e-01 
