poroelastic
5.427080e-02 -2.381607e-01 
2.795774e-02 -3.110107e-01 
-3.724500e-03 -2.594574e-01 
-2.960221e-02 -1.838480e-01 
-1.954972e-02 -1.430857e-01 
-9.936399e-03 -9.304994e-02 
1.422253e-03 -2.222369e-02 
6.212059e-03 5.790313e-02 
2.180031e-03 5.637607e-02 
-2.896495e-01 -6.565444e-03 
-5.244787e-02 1.091889e-01 
-1.313045e-02 2.191123e-01 
3.538655e-02 2.199030e-01 
2.530987e-02 1.794317e-01 
1.473414e-02 1.177079e-01 
4.864952e-03 4.633551e-02 
-8.802322e-05 3.594805e-03 
-4.872227e-04 -1.065866e-02 
-2.040512e-01 -1.248006e-01 
-1.429884e-02 -1.939162e-01 
-1.107182e-03 -1.172971e-01 
-6.039331e-03 -2.588119e-02 
-1.077747e-05 1.890030e-02 
5.540799e-04 3.230943e-02 
-5.923383e-03 8.705793e-04 
-1.080366e-02 -7.820024e-02 
-6.145154e-03 -1.482710e-01 
4.506433e-03 -2.180098e-01 
-4.337746e-02 -2.266355e-01 
-4.530896e-02 -1.278595e-01 
1.018307e-02 -2.500472e-02 
1.563176e-02 4.459609e-02 
2.174125e-02 1.056218e-01 
2.975901e-02 1.706178e-01 
2.235695e-02 2.283641e-01 
8.085771e-03 2.278445e-01 
1.680159e-01 1.360135e-02 
3.487561e-02 1.106246e-02 
3.833389e-02 3.704939e-02 
-5.173030e-03 1.496381e-02 
-1.643756e-02 -6.703200e-02 
-2.489160e-02 -1.494480e-01 
-3.347553e-02 -2.028254e-01 
-2.390399e-02 -2.077729e-01 
-9.111897e-03 -2.216908e-01 
-3.895722e-01 -3.839840e-02 
-8.821797e-02 1.603972e-02 
-3.653985e-02 4.512277e-02 
2.070848e-02 7.302215e-02 
2.206229e-02 1.163875e-01 
2.605391e-02 1.712245e-01 
3.105118e-02 2.183744e-01 
1.909549e-02 2.064834e-01 
4.644870e-03 1.178939e-01 
-2.858479e-01 -3.631530e-01 
-2.821830e-02 -4.939389e-01 
-3.717904e-02 -3.788611e-01 
-1.988692e-02 -1.560083e-01 
-2.745828e-04 -1.315351e-02 
8.249498e-03 7.496576e-02 
6.670011e-03 9.813283e-02 
-1.513996e-03 2.540575e-02 
-3.360798e-03 -1.036551e-01 
2.499220e-02 -8.667443e-02 
-3.149195e-04 -9.881352e-02 
-2.359233e-04 -4.359863e-02 
-1.561157e-03 2.717493e-03 
-1.039978e-03 6.260791e-03 
-2.751007e-03 -7.713436e-03 
-6.421462e-03 -3.203743e-02 
-6.034850e-03 -5.404314e-02 
-2.634206e-03 -7.178344e-02 
-5.005331e-01 1.487306e-01 
-3.420061e-02 1.969396e-01 
3.578450e-04 2.371108e-01 
3.689637e-02 2.230572e-01 
2.793645e-02 2.049674e-01 
2.173134e-02 1.774510e-01 
1.496896e-02 1.291119e-01 
5.423361e-03 6.342394e-02 
9.962116e-04 2.562827e-02 
-4.345375e-01 -3.706704e-01 
-8.827503e-02 -5.692808e-01 
-5.147379e-02 -4.705180e-01 
-2.838701e-02 -2.346104e-01 
-3.015118e-03 -4.972184e-02 
9.806264e-03 8.130363e-02 
1.029380e-02 1.263674e-01 
9.193246e-04 4.380538e-02 
-1.939193e-03 -6.095000e-02 
-3.091059e-02 -1.441705e-01 
-8.205961e-03 -1.165148e-01 
-2.266892e-03 -3.179694e-02 
1.415451e-03 2.834181e-02 
1.685318e-03 3.413546e-02 
-1.518315e-03 9.745213e-03 
-6.844200e-03 -3.972201e-02 
-6.067998e-03 -8.119367e-02 
-1.524687e-03 -5.304707e-02 
-6.865890e-01 3.788579e-01 
5.678165e-02 3.475933e-01 
2.518916e-02 3.966110e-01 
5.759042e-02 3.561152e-01 
4.043085e-02 3.210474e-01 
3.028370e-02 2.644515e-01 
2.062443e-02 1.677204e-01 
9.760737e-03 8.278257e-02 
4.725321e-03 1.401249e-01 
-7.282366e-01 -2.886087e-01 
-2.291960e-01 -5.705748e-01 
-6.828070e-02 -4.871421e-01 
-4.143086e-02 -2.766255e-01 
-1.808758e-02 -1.176383e-01 
-7.917601e-03 -2.233879e-02 
-1.225002e-02 -4.172232e-02 
-1.977684e-02 -2.013972e-01 
-8.442801e-03 -2.547993e-01 
3.976635e-02 -4.952948e-01 
-5.547165e-02 -4.048488e-01 
-6.183807e-03 -1.762865e-01 
4.701843e-02 1.726422e-01 
4.565724e-02 3.836963e-01 
4.378380e-02 4.547397e-01 
2.926837e-02 3.681317e-01 
7.771107e-03 1.453210e-01 
6.197375e-04 2.678734e-02 
2.787436e-02 1.160597e-01 
3.883037e-04 1.973896e-02 
-2.927117e-03 -5.101313e-04 
1.858584e-03 4.857033e-02 
1.177994e-03 4.414200e-02 
-2.741532e-03 7.015592e-03 
-1.173341e-02 -6.196325e-02 
-1.213907e-02 -1.360830e-01 
-3.816514e-03 -1.661540e-01 
-3.548670e-01 5.140424e-01 
1.935335e-02 2.632188e-01 
9.333713e-03 5.756218e-02 
2.198805e-03 -1.706435e-02 
-4.463421e-04 -3.902886e-02 
2.994512e-03 -1.394348e-02 
1.229487e-02 6.183343e-02 
1.171711e-02 1.505145e-01 
3.290062e-03 1.577957e-01 
