poroelastic
-3.836904e-02 9.766083e-03 
-4.306793e-02 1.633230e-02 
-3.766772e-02 7.275793e-02 
2.232176e-02 2.084081e-01 
2.357430e-02 2.604025e-01 
1.838642e-02 2.378255e-01 
7.064805e-03 1.314449e-01 
-2.745967e-03 -2.282043e-02 
-2.182775e-03 -7.719598e-02 
7.547830e-01 -4.468587e-01 
1.112190e-01 -5.864885e-01 
2.424255e-02 -5.505462e-01 
-3.030071e-02 -3.654715e-01 
-1.880474e-02 -2.304769e-01 
-9.883411e-03 -1.280999e-01 
-4.260356e-03 -5.562136e-02 
-1.408848e-03 -2.481373e-02 
1.002134e-07 2.871571e-06 
6.120746e-01 5.197423e-01 
1.080593e-02 4.990289e-01 
-7.733549e-03 3.393341e-01 
1.691324e-02 1.999969e-01 
7.688563e-03 9.191212e-02 
1.889157e-03 1.423410e-02 
1.367214e-03 -1.321212e-02 
5.006979e-03 4.217215e-02 
4.442749e-03 1.400927e-01 
3.492188e-02 3.240796e-01 
7.033677e-03 2.348790e-01 
1.665805e-02 1.222494e-01 
1.752359e-03 5.349579e-02 
-1.254765e-03 6.523507e-03 
-4.300845e-03 -3.679475e-02 
-8.687748e-03 -8.950903e-02 
-8.298691e-03 -1.281281e-01 
-3.203836e-03 -1.086922e-01 
1.618779e-01 -4.171841e-01 
-2.491243e-04 -4.090625e-01 
-2.464670e-02 -3.231294e-01 
-1.068044e-02 -1.307857e-01 
1.935610e-03 1.789782e-02 
9.431384e-03 1.219708e-01 
1.388627e-02 1.629388e-01 
8.749951e-03 1.175732e-01 
2.831415e-03 7.920429e-02 
9.128187e-01 -4.664951e-01 
1.497229e-01 -6.206600e-01 
1.374066e-02 -4.720286e-01 
-1.710281e-02 -2.414489e-01 
-8.134766e-03 -1.096790e-01 
-4.069433e-03 -5.102643e-02 
-6.457944e-03 -5.834057e-02 
-8.706397e-03 -1.131494e-01 
-4.163610e-03 -1.238190e-01 
5.062001e-01 6.072895e-01 
-1.371031e-02 6.312663e-01 
8.280595e-03 5.107203e-01 
2.235097e-02 3.133245e-01 
9.930300e-03 1.533787e-01 
1.654376e-03 2.795529e-02 
-2.492067e-03 -5.095091e-02 
-2.892379e-04 -3.361046e-02 
2.089463e-03 7.240539e-02 
2.364456e-02 -8.928055e-02 
2.621559e-03 -8.886453e-02 
-2.640207e-03 -1.059500e-01 
-6.046254e-03 -9.562888e-02 
-4.309899e-03 -6.705360e-02 
-1.904340e-03 -2.948510e-02 
1.838776e-03 1.278184e-02 
4.076231e-03 4.636005e-02 
2.595476e-03 7.306062e-02 
9.187779e-01 -5.139585e-01 
7.122144e-02 -5.786048e-01 
7.444167e-03 -5.298566e-01 
-2.412943e-02 -4.128025e-01 
-1.903406e-02 -3.078390e-01 
-1.337483e-02 -2.081489e-01 
-7.555599e-03 -1.095423e-01 
-1.979734e-03 -3.262969e-02 
-8.386374e-05 -2.204595e-03 
8.057551e-01 6.555017e-01 
7.514040e-02 7.936682e-01 
1.985815e-02 6.384620e-01 
2.347733e-02 3.794243e-01 
1.032327e-02 1.745253e-01 
1.359937e-03 2.372776e-02 
-2.405448e-03 -4.934637e-02 
5.097493e-04 -1.038171e-02 
2.044378e-03 6.241235e-02 
1.716524e-02 2.101560e-01 
6.667924e-03 1.480442e-01 
3.144282e-03 2.105867e-02 
-5.400605e-03 -9.731271e-02 
-7.413690e-03 -1.316960e-01 
-6.015135e-03 -1.047156e-01 
-9.667204e-05 -2.052652e-02 
5.482919e-03 7.525285e-02 
3.157864e-03 9.468718e-02 
8.502016e-01 -6.196767e-01 
-4.595336e-02 -5.553295e-01 
-3.863583e-03 -5.617848e-01 
-2.187071e-02 -4.936178e-01 
-2.034190e-02 -4.041053e-01 
-1.637429e-02 -2.896849e-01 
-9.654670e-03 -1.425793e-01 
-2.850218e-03 -2.813730e-02 
-2.102620e-03 -5.353096e-02 
1.089142e+00 6.554797e-01 
2.254307e-01 9.231700e-01 
3.927816e-02 6.863837e-01 
1.231605e-02 3.200880e-01 
3.227255e-03 8.732670e-02 
-3.297462e-03 -3.222200e-02 
-1.120667e-03 -9.047630e-03 
1.388420e-02 1.565348e-01 
9.720442e-03 2.423047e-01 
1.687270e-01 7.859115e-01 
3.254762e-02 6.529169e-01 
7.827953e-03 3.590298e-01 
-1.303874e-03 -8.682258e-02 
-1.021186e-02 -3.401993e-01 
-1.810998e-02 -4.258816e-01 
-1.720112e-02 -3.299265e-01 
-2.901421e-03 -8.222950e-02 
2.723242e-03 7.886044e-02 
8.291064e-02 -3.201695e-01 
-1.753512e-02 -2.491634e-01 
-9.936933e-03 -2.325640e-01 
-8.357812e-03 -2.352540e-01 
-9.636719e-03 -1.747617e-01 
-6.634051e-03 -7.196073e-02 
3.822954e-03 5.859830e-02 
1.068760e-02 1.330260e-01 
4.017057e-03 1.057120e-01 
7.261405e-01 -8.465434e-01 
-4.745295e-04 -6.562100e-01 
-1.604163e-02 -3.661076e-01 
-2.985547e-03 -1.306103e-01 
2.284569e-03 2.104792e-02 
6.922894e-03 9.292113e-02 
3.148579e-03 6.073576e-02 
-1.056593e-02 -9.317733e-02 
-8.663673e-03 -2.353787e-01 
