poroelastic
-4.015315e-02 -1.558631e-01 
-6.377394e-02 -1.779191e-01 
-6.680373e-02 -3.512642e-02 
2.956362e-02 2.040922e-01 
3.760603e-02 3.163061e-01 
3.508982e-02 3.375166e-01 
2.504598e-02 2.683909e-01 
8.247806e-03 1.234564e-01 
3.763346e-04 8.054676e-03 
5.046547e-01 -4.272451e-01 
4.645630e-02 -4.016924e-01 
5.588790e-03 -2.962936e-01 
-1.744977e-02 -1.582624e-01 
-9.819318e-03 -9.139618e-02 
-6.527515e-03 -6.370126e-02 
-5.804858e-03 -5.682239e-02 
-3.645652e-03 -4.734539e-02 
-7.522837e-04 -1.467316e-02 
5.382784e-01 4.877681e-01 
3.001485e-02 4.735716e-01 
7.018155e-03 3.408054e-01 
2.206999e-02 2.180199e-01 
1.086349e-02 1.184194e-01 
2.726842e-03 3.550853e-02 
-2.358516e-03 -2.593342e-02 
-2.058058e-03 -3.484736e-02 
6.051679e-04 1.268545e-02 
1.695381e-01 2.310420e-01 
-5.251118e-02 1.796255e-01 
-2.943300e-02 1.750649e-01 
2.853549e-02 2.107589e-01 
2.536767e-02 2.316706e-01 
2.272333e-02 2.307745e-01 
1.856012e-02 1.949459e-01 
1.031818e-02 1.376632e-01 
4.897354e-03 1.105397e-01 
2.479743e-01 -4.185806e-01 
4.583379e-03 -3.697728e-01 
-8.388325e-03 -2.562118e-01 
-7.500711e-03 -7.983016e-02 
1.248453e-03 1.825298e-02 
4.576705e-03 6.030947e-02 
3.811654e-04 3.947345e-02 
-7.480287e-03 -6.001170e-02 
-7.893541e-03 -1.584942e-01 
6.010431e-01 -6.074588e-01 
4.292691e-02 -6.123930e-01 
-2.522481e-02 -3.751835e-01 
-7.943545e-03 -9.553727e-02 
6.137540e-03 6.350839e-02 
1.128683e-02 1.325644e-01 
8.086751e-03 1.132994e-01 
-9.816331e-04 1.043823e-02 
-4.283908e-03 -8.849913e-02 
5.235368e-01 3.885480e-01 
-1.161167e-02 3.873462e-01 
-4.814266e-03 3.800094e-01 
3.907310e-02 3.746160e-01 
3.019592e-02 3.310076e-01 
2.155954e-02 2.589465e-01 
1.225700e-02 1.584280e-01 
3.666971e-03 5.813789e-02 
7.061536e-04 1.657274e-02 
-1.497379e-04 -7.387014e-02 
-2.221944e-03 -2.248601e-02 
4.707221e-04 1.987619e-02 
3.579512e-03 4.204750e-02 
3.180133e-03 3.988902e-02 
1.558997e-03 2.226360e-02 
-1.220963e-03 -7.038868e-03 
-2.641346e-03 -3.278466e-02 
-1.309466e-03 -2.753312e-02 
4.156618e-01 -5.290048e-01 
2.693524e-03 -3.700983e-01 
-1.066301e-02 -2.137944e-01 
-8.682200e-03 -1.024707e-01 
-3.086807e-03 -3.774300e-02 
-3.157018e-04 -4.482638e-03 
6.389893e-04 4.823500e-03 
7.676940e-04 5.457157e-03 
1.040615e-03 2.038800e-02 
7.813549e-01 5.157752e-01 
1.074190e-01 6.523894e-01 
2.845697e-02 5.688738e-01 
3.748080e-02 4.140079e-01 
2.296026e-02 2.769630e-01 
1.211214e-02 1.563954e-01 
4.473730e-03 5.690656e-02 
1.504221e-03 1.533293e-02 
1.840852e-03 4.110342e-02 
7.863253e-02 3.140697e-01 
1.608373e-02 3.619208e-01 
2.051914e-02 3.063958e-01 
1.213989e-02 1.547646e-01 
2.706121e-03 3.973657e-02 
-3.181231e-03 -4.132805e-02 
-4.995954e-03 -7.583456e-02 
-1.123999e-03 -3.309437e-02 
2.481247e-03 5.611129e-02 
1.224311e-01 -3.502729e-01 
-5.540685e-03 -5.125316e-02 
2.039187e-03 9.226088e-03 
-5.440610e-03 -7.067863e-02 
-8.546904e-03 -1.129587e-01 
-9.307304e-03 -1.216455e-01 
-4.186509e-03 -7.979487e-02 
6.688242e-03 4.442019e-02 
1.016358e-02 2.012639e-01 
9.503759e-01 6.842690e-01 
2.393554e-01 1.001554e+00 
6.481933e-02 8.025922e-01 
2.735234e-02 3.882568e-01 
6.541613e-03 9.461897e-02 
-7.144909e-03 -1.018923e-01 
-1.365404e-02 -1.927836e-01 
-6.758020e-03 -1.182308e-01 
3.457056e-03 6.872954e-02 
6.862135e-01 7.196037e-01 
5.727375e-02 8.298370e-01 
5.894994e-02 6.866585e-01 
2.124461e-02 3.144346e-01 
4.777051e-03 7.992404e-02 
-3.320747e-03 -5.299467e-02 
-3.160299e-03 -7.807952e-02 
8.523054e-03 6.785556e-02 
1.362101e-02 3.169481e-01 
4.571019e-02 -1.642451e-02 
4.577228e-03 1.650214e-01 
1.907937e-03 1.407245e-01 
1.238292e-03 -3.828482e-02 
-6.533164e-03 -1.360528e-01 
-1.062332e-02 -1.853737e-01 
-1.450813e-02 -1.938235e-01 
-1.071135e-02 -1.485379e-01 
-2.443594e-03 -5.227051e-02 
2.695427e-01 -7.588391e-01 
-3.089938e-02 -4.730050e-01 
-7.370221e-03 -1.882144e-01 
-1.111438e-03 1.709677e-02 
7.861896e-03 1.459545e-01 
1.336760e-02 2.104173e-01 
1.263463e-02 1.844712e-01 
1.756657e-03 4.866416e-02 
-3.634251e-03 -7.766513e-02 
