poroelastic
-7.942595e-03 2.659249e-01 
1.838304e-02 3.602928e-01 
4.201746e-02 2.359890e-01 
-1.230644e-02 -5.960320e-02 
-1.715439e-02 -2.104141e-01 
-1.579752e-02 -2.711949e-01 
-9.252429e-03 -2.386990e-01 
-8.922721e-04 -9.961397e-02 
2.102567e-04 6.029977e-02 
-6.188655e-01 5.674653e-01 
-7.616634e-02 6.187617e-01 
-5.470826e-03 4.757115e-01 
1.397591e-02 2.335920e-01 
4.754931e-03 9.238014e-02 
4.432514e-04 1.197509e-02 
-7.236468e-04 -2.153955e-02 
9.410146e-06 -9.990375e-03 
1.674976e-04 1.727163e-02 
-5.245977e-01 -5.773508e-01 
-1.028755e-02 -4.567778e-01 
-6.737723e-04 -2.963392e-01 
-1.113496e-02 -2.013676e-01 
-4.233482e-03 -1.082989e-01 
1.563377e-04 -2.543507e-02 
2.594584e-03 4.084462e-02 
1.712895e-03 6.373969e-02 
2.414269e-04 3.916833e-02 
-1.199557e-01 -1.962440e-01 
3.555508e-02 -7.828349e-02 
2.329045e-02 -6.109302e-02 
-1.363178e-02 -1.247630e-01 
-1.108365e-02 -1.596561e-01 
-9.850827e-03 -1.750902e-01 
-8.080888e-03 -1.632311e-01 
-3.819642e-03 -1.321895e-01 
-6.912172e-04 -1.134112e-01 
-3.586992e-01 5.388376e-01 
-2.258514e-02 5.435792e-01 
7.404741e-04 4.207977e-01 
8.306170e-03 1.771323e-01 
1.334168e-03 2.712500e-02 
-2.200424e-03 -5.721883e-02 
-1.100689e-03 -6.892762e-02 
2.713763e-03 1.892330e-02 
1.714131e-03 1.331816e-01 
-8.663784e-01 6.468969e-01 
-1.222764e-01 7.764555e-01 
2.511398e-03 5.517074e-01 
9.720228e-03 2.221274e-01 
8.731081e-04 2.522664e-02 
-2.932215e-03 -7.951378e-02 
-1.968643e-03 -9.226980e-02 
1.652447e-03 2.316323e-03 
1.208018e-03 1.158616e-01 
-4.601799e-01 -3.889470e-01 
2.062719e-02 -2.768660e-01 
1.049247e-02 -2.512487e-01 
-1.649166e-02 -2.864377e-01 
-1.195575e-02 -2.765825e-01 
-8.728024e-03 -2.380929e-01 
-5.103283e-03 -1.632063e-01 
-1.324054e-03 -6.602199e-02 
-6.496360e-05 -9.070721e-03 
-4.547339e-02 1.816859e-01 
-4.013125e-03 1.873923e-01 
3.978423e-04 1.531924e-01 
2.877371e-03 8.441279e-02 
1.531659e-03 4.146128e-02 
5.574866e-04 1.515221e-02 
5.090684e-04 6.852267e-03 
9.078090e-04 1.940961e-02 
3.491259e-04 2.294964e-02 
-6.140125e-01 5.664634e-01 
-3.817709e-02 5.252725e-01 
2.108407e-03 3.912278e-01 
8.329662e-03 2.450193e-01 
4.904688e-03 1.394123e-01 
2.202512e-03 5.993345e-02 
-1.677577e-04 4.650158e-03 
-1.249253e-03 -2.129281e-02 
-6.589035e-04 -3.978482e-02 
-6.727420e-01 -5.250653e-01 
-5.878461e-02 -5.326669e-01 
-7.880110e-03 -4.148594e-01 
-1.080685e-02 -2.928148e-01 
-6.222378e-03 -1.917429e-01 
-3.327046e-03 -1.106732e-01 
-1.445698e-03 -4.662614e-02 
-6.914400e-04 -1.591642e-02 
-3.984686e-04 -3.310443e-02 
-3.969995e-02 -2.080160e-01 
-3.278592e-03 -1.911023e-01 
-3.176099e-03 -1.328256e-01 
-1.209388e-03 -4.300275e-02 
3.751787e-04 1.320644e-02 
1.147769e-03 3.930434e-02 
6.536510e-04 3.335090e-02 
-1.083154e-03 -1.014185e-02 
-9.936146e-04 -7.216909e-02 
-3.488323e-01 4.193762e-01 
1.473525e-02 2.455305e-01 
2.679591e-03 2.088535e-01 
4.847435e-03 2.338804e-01 
5.920950e-03 2.224292e-01 
6.004208e-03 1.777246e-01 
2.745640e-03 9.117814e-02 
-3.458077e-03 -3.560456e-02 
-2.941342e-03 -1.586591e-01 
-8.447126e-01 -6.598378e-01 
-1.530691e-01 -8.419842e-01 
-2.167009e-02 -6.116229e-01 
-5.318572e-03 -2.552260e-01 
-9.557488e-04 -2.658541e-02 
2.364785e-03 1.048087e-01 
3.886663e-03 1.370770e-01 
-6.702248e-05 4.382851e-02 
-2.077139e-03 -1.166073e-01 
-5.077904e-01 -6.384118e-01 
-2.148714e-02 -6.434788e-01 
-2.007269e-02 -5.001591e-01 
-2.879151e-03 -2.072606e-01 
2.582609e-04 -3.120916e-02 
1.993151e-03 5.740502e-02 
1.908148e-03 5.883365e-02 
-4.020444e-03 -5.991945e-02 
-3.248041e-03 -2.425814e-01 
-1.020894e-01 1.907873e-01 
1.856763e-02 1.005681e-01 
1.095538e-02 1.026466e-01 
-3.879810e-03 1.642317e-01 
5.466574e-04 1.784073e-01 
2.072317e-03 1.612236e-01 
3.630892e-03 1.189918e-01 
2.914429e-03 7.532048e-02 
5.439482e-04 3.299434e-02 
-4.551799e-01 7.151062e-01 
1.255483e-03 5.707875e-01 
4.118455e-03 3.290401e-01 
3.430887e-03 1.048292e-01 
1.030674e-03 -4.615079e-02 
-2.160712e-03 -1.392699e-01 
-4.342720e-03 -1.549984e-01 
-9.724429e-04 -6.003359e-02 
8.191849e-04 5.458405e-02 
