poroelastic
7.254346e-02 -3.453924e-02 
7.702738e-02 -8.116719e-02 
5.163718e-02 -1.988252e-01 
-5.268303e-02 -3.798737e-01 
-4.589061e-02 -4.470202e-01 
-3.265335e-02 -4.084467e-01 
-1.314241e-02 -2.496565e-01 
7.107655e-04 -1.977499e-02 
1.681400e-03 8.686912e-02 
-6.886098e-01 4.704949e-01 
-7.032606e-02 5.530861e-01 
-3.098985e-03 4.905111e-01 
3.194190e-02 3.016932e-01 
1.610765e-02 1.741499e-01 
7.562064e-03 8.975048e-02 
3.835216e-03 4.495051e-02 
1.904689e-03 3.823010e-02 
4.163294e-04 1.663122e-02 
-7.796886e-01 -5.439299e-01 
-4.402463e-02 -6.307387e-01 
-4.972390e-03 -4.810562e-01 
-3.162700e-02 -2.971868e-01 
-1.411638e-02 -1.499562e-01 
-4.867771e-03 -3.834469e-02 
-3.062451e-03 1.239311e-02 
-4.075530e-03 -4.407736e-02 
-3.411165e-03 -1.612734e-01 
-1.043311e-01 -3.672554e-01 
4.125544e-03 -3.215119e-01 
-1.219616e-02 -2.328964e-01 
-1.339997e-02 -1.666442e-01 
-6.122078e-03 -1.121264e-01 
7.064659e-05 -4.893926e-02 
6.193968e-03 3.951072e-02 
5.461692e-03 1.156584e-01 
2.092334e-03 1.084581e-01 
-1.222528e-02 4.449726e-01 
2.872910e-02 3.732636e-01 
3.843415e-02 2.215740e-01 
-7.955982e-03 -2.744318e-02 
-1.972726e-02 -1.939305e-01 
-2.272089e-02 -2.806054e-01 
-1.866061e-02 -2.624804e-01 
-6.250592e-03 -1.289756e-01 
-8.020294e-04 -3.122793e-02 
-8.201038e-01 5.425102e-01 
-9.556345e-02 6.178948e-01 
6.723547e-03 4.082243e-01 
1.431793e-02 1.455904e-01 
3.137922e-03 1.342041e-02 
1.147726e-03 -2.293018e-02 
6.642674e-03 2.933083e-02 
8.506202e-03 1.364343e-01 
4.206850e-03 1.724168e-01 
-6.978702e-01 -6.248538e-01 
-1.061874e-02 -7.486993e-01 
-2.431770e-02 -6.769572e-01 
-4.378286e-02 -4.909504e-01 
-2.273418e-02 -3.155142e-01 
-9.292857e-03 -1.530094e-01 
-9.780590e-04 -1.490846e-02 
4.027664e-04 3.123879e-02 
-9.412356e-04 -4.704228e-02 
2.704396e-02 6.801078e-02 
9.161006e-03 2.683027e-02 
5.859979e-03 -1.233552e-02 
-6.726192e-03 -6.465641e-02 
-7.971733e-03 -9.724399e-02 
-7.725002e-03 -1.087991e-01 
-6.111649e-03 -9.030249e-02 
-2.519889e-03 -4.643422e-02 
-8.209795e-04 -3.099789e-02 
-7.715175e-01 5.905481e-01 
-2.730203e-02 5.678861e-01 
1.401274e-02 4.442384e-01 
2.211625e-02 2.740642e-01 
1.187806e-02 1.628343e-01 
6.512089e-03 9.024738e-02 
4.832619e-03 5.396869e-02 
4.072283e-03 5.881787e-02 
2.265701e-03 7.810899e-02 
-9.921894e-01 -6.244039e-01 
-1.425603e-01 -8.775861e-01 
-4.475609e-02 -7.780322e-01 
-4.281378e-02 -5.387602e-01 
-2.151074e-02 -3.236892e-01 
-8.307078e-03 -1.416284e-01 
-1.288357e-03 -1.543545e-02 
-5.591640e-04 2.000232e-03 
-1.158973e-03 -4.899903e-02 
-6.788116e-02 -2.563337e-01 
-1.085202e-02 -2.454960e-01 
-1.040658e-02 -1.782773e-01 
-7.148157e-03 -9.278179e-02 
-3.129851e-03 -4.486628e-02 
-1.673854e-03 -2.361624e-02 
-1.683878e-03 -2.390653e-02 
-1.347296e-03 -3.100083e-02 
-3.307721e-04 -1.382151e-02 
-6.575884e-01 6.444713e-01 
5.181131e-02 5.054691e-01 
2.220850e-02 4.399964e-01 
2.412485e-02 3.384637e-01 
1.591966e-02 2.549312e-01 
1.075815e-02 1.770669e-01 
7.095503e-03 9.823756e-02 
4.357013e-03 5.575662e-02 
3.228401e-03 1.108356e-01 
-1.291621e+00 -6.069548e-01 
-3.312134e-01 -1.004935e+00 
-7.750118e-02 -8.288985e-01 
-3.095284e-02 -4.760730e-01 
-1.377270e-02 -2.249910e-01 
-4.922499e-03 -7.015016e-02 
-4.331914e-03 -4.237291e-02 
-1.038393e-02 -1.639448e-01 
-6.883821e-03 -2.431754e-01 
-2.789462e-01 -8.078635e-01 
-5.336172e-02 -7.715042e-01 
-1.888533e-02 -5.125787e-01 
5.433199e-03 -5.319391e-02 
1.268113e-02 2.361232e-01 
1.770445e-02 3.775775e-01 
1.517394e-02 3.550715e-01 
5.081394e-03 1.566015e-01 
-3.779060e-04 -1.741806e-02 
2.178760e-02 2.252114e-01 
-9.020351e-04 6.005049e-02 
-5.334195e-03 -1.412338e-02 
4.529203e-04 4.484854e-03 
-5.522376e-04 -1.359990e-02 
-2.160401e-03 -4.858670e-02 
-5.351789e-03 -8.613461e-02 
-5.090856e-03 -9.463235e-02 
-1.865766e-03 -7.604276e-02 
-5.376066e-01 9.093641e-01 
2.707006e-02 6.101691e-01 
1.403235e-02 2.439315e-01 
-7.679384e-04 -1.557985e-02 
-6.984907e-03 -1.492756e-01 
-8.462089e-03 -1.833794e-01 
-1.706944e-03 -9.608712e-02 
8.178968e-03 1.086773e-01 
6.443493e-03 2.658214e-01 
