poroelastic
-2.348831e-02 4.258069e-02 
-2.285878e-02 6.128726e-02 
-1.687445e-02 8.700916e-02 
8.599978e-03 1.448734e-01 
8.199669e-03 1.621320e-01 
5.612850e-03 1.352891e-01 
7.116184e-04 5.147903e-02 
-2.161509e-03 -5.239309e-02 
-1.094010e-03 -6.474374e-02 
4.764700e-01 -2.697949e-01 
7.733128e-02 -4.097745e-01 
2.019594e-02 -3.884196e-01 
-1.047415e-02 -2.424474e-01 
-5.876574e-03 -1.296951e-01 
-2.114719e-03 -4.741780e-02 
-6.852867e-04 -6.907893e-03 
-1.122510e-03 -2.154874e-02 
-7.782306e-04 -3.563024e-02 
4.431947e-01 2.535738e-01 
2.785863e-03 2.794970e-01 
-1.729240e-02 2.170216e-01 
6.957528e-03 1.490142e-01 
4.463615e-03 9.334799e-02 
2.697795e-03 5.360441e-02 
2.783398e-03 4.387512e-02 
3.711824e-03 8.237351e-02 
2.607867e-03 1.411235e-01 
-5.300467e-02 1.839862e-01 
2.521342e-02 1.345180e-01 
2.533441e-02 3.915702e-02 
-4.107047e-03 -5.072339e-02 
-5.325746e-03 -1.111519e-01 
-6.466600e-03 -1.522069e-01 
-7.860130e-03 -1.799819e-01 
-6.414437e-03 -1.791828e-01 
-2.607606e-03 -1.401176e-01 
-4.811792e-03 -2.354938e-01 
-8.455816e-03 -2.332905e-01 
-2.118754e-02 -1.567072e-01 
-3.981198e-03 -3.914419e-03 
3.200711e-03 1.075189e-01 
6.355385e-03 1.759897e-01 
8.564836e-03 1.833303e-01 
5.970031e-03 1.248877e-01 
2.271298e-03 9.119552e-02 
4.702982e-01 -1.975649e-01 
9.341214e-02 -3.355017e-01 
1.327092e-02 -2.776817e-01 
-3.565781e-03 -1.502294e-01 
-1.967657e-03 -6.806411e-02 
-6.507677e-04 -2.574889e-02 
-1.532597e-03 -2.976732e-02 
-3.100506e-03 -7.173069e-02 
-1.527612e-03 -6.889241e-02 
2.683427e-01 3.607047e-01 
-1.034726e-02 4.209406e-01 
3.267456e-03 3.487661e-01 
5.196466e-03 1.826629e-01 
1.522070e-03 5.086446e-02 
-1.350929e-03 -4.915455e-02 
-3.267773e-03 -1.071275e-01 
-2.056269e-03 -8.169870e-02 
3.265728e-04 1.752956e-02 
6.506945e-03 -8.207493e-02 
-4.823602e-04 -1.038401e-01 
-3.839556e-03 -9.966548e-02 
-2.886484e-03 -5.474409e-02 
-1.245973e-03 -8.802314e-03 
1.743371e-04 3.595492e-02 
2.637524e-03 7.114398e-02 
3.799978e-03 7.947601e-02 
1.911870e-03 7.262189e-02 
5.694121e-01 -2.420606e-01 
5.634693e-02 -3.873544e-01 
1.065709e-02 -3.827948e-01 
-2.781694e-03 -2.787568e-01 
-3.814697e-03 -1.880675e-01 
-2.665445e-03 -1.083277e-01 
-1.742369e-03 -4.853983e-02 
-2.438414e-03 -3.925424e-02 
-2.132147e-03 -7.565990e-02 
4.155733e-01 2.629791e-01 
3.285521e-02 3.557438e-01 
6.015831e-04 3.084877e-01 
3.336673e-03 2.075101e-01 
2.544365e-03 1.202463e-01 
1.173923e-03 5.115842e-02 
3.118463e-04 1.325032e-02 
6.206346e-04 1.588016e-02 
4.137251e-04 1.756187e-02 
-2.267634e-02 1.754313e-03 
9.320699e-04 -6.084555e-02 
1.759919e-04 -1.021071e-01 
-1.018923e-03 -1.023876e-01 
-1.747422e-03 -8.391343e-02 
-1.341609e-03 -4.407081e-02 
3.468919e-04 1.264050e-02 
1.179035e-03 3.883139e-02 
-4.531043e-04 -1.766943e-02 
5.837777e-01 -4.141127e-01 
-1.983003e-02 -5.450073e-01 
1.878886e-03 -5.242242e-01 
5.403590e-04 -3.416606e-01 
-1.854858e-03 -1.950477e-01 
-2.371148e-04 -7.326142e-02 
1.398649e-03 1.131533e-02 
-3.313011e-03 -2.186333e-02 
-6.231596e-03 -1.998717e-01 
5.119839e-01 1.462661e-01 
1.030223e-01 2.407491e-01 
1.192984e-02 1.837023e-01 
-6.098703e-03 1.342256e-01 
-2.651589e-03 1.098620e-01 
-1.510500e-03 1.127231e-01 
1.901071e-03 1.569365e-01 
9.516637e-03 2.063617e-01 
3.872687e-03 1.258158e-01 
-2.456072e-01 2.622539e-01 
2.834335e-03 1.259675e-01 
-1.698585e-02 -2.914127e-02 
9.957330e-03 -2.006910e-01 
5.861336e-03 -3.013102e-01 
3.318624e-04 -3.263459e-01 
-4.174356e-03 -2.635982e-01 
-7.637623e-03 -1.636706e-01 
-5.054819e-03 -1.867258e-01 
4.335302e-03 -2.752754e-01 
1.797566e-03 -2.934197e-01 
5.283005e-03 -2.176729e-01 
-1.200850e-02 -7.923784e-02 
-8.297900e-03 3.888348e-02 
-4.612110e-03 1.469106e-01 
6.048865e-03 2.344559e-01 
1.196592e-02 2.288142e-01 
3.431395e-03 1.088503e-01 
4.108190e-01 -3.142210e-01 
1.450242e-02 -3.038264e-01 
-5.554202e-03 -1.827052e-01 
5.815946e-03 -6.337357e-02 
4.381661e-03 4.890657e-03 
5.424692e-03 2.418207e-02 
2.274988e-03 -1.986993e-02 
-8.563368e-03 -1.328148e-01 
-7.262831e-03 -2.400107e-01 
