poroelastic
-2.452582e-02 -3.216124e-02 
-3.113031e-02 -3.738247e-02 
-3.215564e-02 3.201859e-02 
1.173476e-02 1.916099e-01 
1.438237e-02 2.562852e-01 
1.215350e-02 2.418085e-01 
5.491531e-03 1.358253e-01 
-1.426224e-03 -2.091410e-02 
-2.304352e-03 -7.670181e-02 
8.566606e-01 -5.526497e-01 
1.198135e-01 -7.090632e-01 
3.106617e-02 -6.394635e-01 
-1.896813e-02 -4.074205e-01 
-1.181698e-02 -2.389480e-01 
-5.634680e-03 -1.165441e-01 
-2.078077e-03 -4.097259e-02 
-1.021495e-03 -2.264600e-02 
-2.745921e-04 -8.193148e-03 
6.941158e-01 5.994969e-01 
1.465008e-02 5.607550e-01 
-1.288649e-02 3.822290e-01 
1.018253e-02 2.267125e-01 
5.085542e-03 1.089870e-01 
1.367554e-03 2.574572e-02 
4.783221e-04 -6.002532e-03 
2.591534e-03 4.395379e-02 
4.102032e-03 1.370644e-01 
2.352638e-02 3.435137e-01 
4.994008e-03 2.348093e-01 
1.327555e-02 1.092790e-01 
1.799721e-04 1.217282e-02 
-2.229226e-03 -4.678125e-02 
-3.716172e-03 -8.423716e-02 
-5.180112e-03 -1.126793e-01 
-4.503433e-03 -1.098913e-01 
-1.635885e-03 -5.446095e-02 
2.065870e-01 -4.982544e-01 
8.201536e-03 -4.794876e-01 
-1.339010e-02 -3.582331e-01 
-7.334796e-03 -1.232007e-01 
7.735037e-04 4.178727e-02 
5.729714e-03 1.443411e-01 
8.145985e-03 1.654752e-01 
4.674656e-03 9.248556e-02 
1.419479e-03 3.979885e-02 
9.808319e-01 -5.305110e-01 
1.773684e-01 -7.432153e-01 
1.886630e-02 -5.793895e-01 
-8.552811e-03 -3.116034e-01 
-4.578375e-03 -1.359878e-01 
-9.889881e-04 -3.739561e-02 
-1.014618e-03 -1.961648e-02 
-4.192785e-03 -7.863480e-02 
-3.533865e-03 -1.058206e-01 
5.389396e-01 6.354173e-01 
-1.804829e-02 6.383914e-01 
-1.312280e-03 5.218088e-01 
9.882687e-03 3.214527e-01 
5.371618e-03 1.616890e-01 
1.257246e-03 3.519677e-02 
-1.789296e-03 -4.998744e-02 
-1.101411e-03 -4.237655e-02 
1.894938e-03 6.473238e-02 
3.347294e-02 -1.380238e-01 
3.684574e-03 -1.470076e-01 
-3.445339e-04 -1.512718e-01 
-3.673208e-03 -1.233687e-01 
-3.298896e-03 -8.130069e-02 
-2.032784e-03 -3.294785e-02 
4.795283e-04 1.607026e-02 
3.144542e-03 5.307895e-02 
3.214806e-03 8.919958e-02 
9.688243e-01 -5.459666e-01 
8.073037e-02 -6.538956e-01 
1.318393e-02 -5.958023e-01 
-6.746806e-03 -4.579252e-01 
-8.878529e-03 -3.277800e-01 
-7.113871e-03 -2.071871e-01 
-4.334043e-03 -9.958381e-02 
-1.732048e-03 -3.342111e-02 
-5.663665e-04 -1.464873e-02 
8.182936e-01 6.379186e-01 
7.396543e-02 7.503828e-01 
5.063604e-03 5.967643e-01 
7.041538e-03 3.606554e-01 
4.788670e-03 1.848870e-01 
1.525971e-03 5.958030e-02 
-3.727449e-04 -1.294564e-03 
1.324519e-03 2.307426e-02 
2.589801e-03 7.670055e-02 
-5.068424e-04 1.831073e-01 
2.673997e-03 1.139655e-01 
2.049745e-03 -1.184103e-03 
-1.013997e-03 -1.163591e-01 
-3.989170e-03 -1.566094e-01 
-4.815293e-03 -1.347489e-01 
-2.419331e-03 -5.122575e-02 
2.468295e-03 4.656095e-02 
2.864309e-03 8.074890e-02 
8.201975e-01 -6.359077e-01 
-2.995757e-02 -6.444627e-01 
1.879848e-03 -6.307625e-01 
-5.176234e-04 -5.198898e-01 
-7.185228e-03 -3.906432e-01 
-7.205749e-03 -2.485494e-01 
-3.906982e-03 -9.705673e-02 
-1.377849e-03 -1.356094e-02 
-3.005852e-03 -7.190908e-02 
1.061062e+00 6.243581e-01 
1.949152e-01 8.369273e-01 
2.022955e-02 5.994503e-01 
-2.329719e-03 2.744948e-01 
-1.668384e-03 8.363508e-02 
-4.041096e-03 -1.660746e-03 
-2.557153e-03 3.465154e-02 
1.025425e-02 1.731301e-01 
9.346650e-03 2.266189e-01 
8.526690e-02 7.282239e-01 
9.798248e-03 5.838056e-01 
-9.594548e-03 2.984401e-01 
1.112460e-02 -1.160440e-01 
2.501679e-03 -3.433875e-01 
-6.079166e-03 -4.190142e-01 
-1.083305e-02 -3.302035e-01 
-4.759684e-03 -1.115188e-01 
1.011302e-03 2.726403e-02 
8.038633e-02 -3.514419e-01 
-1.371449e-02 -2.976002e-01 
-2.708116e-03 -2.615943e-01 
-3.395654e-03 -2.265642e-01 
-6.927517e-03 -1.467612e-01 
-6.588096e-03 -3.358807e-02 
1.696831e-03 9.845951e-02 
1.020105e-02 1.613170e-01 
5.002142e-03 1.170737e-01 
7.397278e-01 -7.689774e-01 
1.534768e-02 -6.510266e-01 
-8.677855e-03 -3.908229e-01 
3.889949e-03 -1.658315e-01 
2.660233e-03 -9.161029e-03 
6.245324e-03 7.434991e-02 
6.073327e-03 5.543965e-02 
-7.877535e-03 -9.531510e-02 
-1.077122e-02 -2.530981e-01 
