poroelastic
-3.530855e-02 -7.644207e-02 
-4.771414e-02 -8.362958e-02 
-4.858449e-02 2.609163e-02 
1.980484e-02 2.381902e-01 
2.455736e-02 3.269617e-01 
2.186062e-02 3.217624e-01 
1.296829e-02 2.148361e-01 
1.669289e-03 4.079530e-02 
-1.828934e-03 -4.391882e-02 
8.427414e-01 -5.881772e-01 
9.629267e-02 -6.633331e-01 
2.133385e-02 -5.723817e-01 
-2.431165e-02 -3.619124e-01 
-1.523930e-02 -2.257654e-01 
-8.624673e-03 -1.331691e-01 
-4.497071e-03 -7.121408e-02 
-1.766278e-03 -3.524472e-02 
6.568398e-04 1.478474e-02 
7.194331e-01 6.743855e-01 
3.064266e-02 6.427393e-01 
-1.408207e-03 4.354491e-01 
1.588029e-02 2.507620e-01 
6.738094e-03 1.085653e-01 
4.362770e-04 4.730630e-03 
-1.818185e-03 -4.443403e-02 
7.387559e-04 -2.730618e-03 
4.235396e-03 1.043539e-01 
1.270520e-01 3.767670e-01 
-2.268084e-02 2.769745e-01 
-5.985988e-03 1.840182e-01 
8.510244e-03 1.301757e-01 
6.090518e-03 9.842403e-02 
4.136235e-03 6.961382e-02 
1.997597e-03 3.120120e-02 
7.056920e-04 6.697316e-03 
1.756580e-03 4.407383e-02 
2.807149e-01 -5.481673e-01 
7.044183e-03 -4.913536e-01 
-1.079244e-02 -3.626483e-01 
-8.140846e-03 -1.353829e-01 
4.933713e-04 1.022022e-02 
5.518698e-03 9.344218e-02 
5.995447e-03 1.005627e-01 
5.556197e-04 1.827146e-02 
-1.861337e-03 -4.141246e-02 
1.014351e+00 -6.710650e-01 
1.519370e-01 -8.081500e-01 
3.770870e-03 -5.787432e-01 
-1.356270e-02 -2.743941e-01 
-4.643104e-03 -8.749346e-02 
6.080403e-04 7.903448e-03 
1.620228e-04 1.351315e-02 
-4.689535e-03 -6.461390e-02 
-5.283208e-03 -1.221040e-01 
6.594970e-01 6.661456e-01 
-1.176524e-02 6.565905e-01 
2.228389e-04 5.579557e-01 
2.034718e-02 4.015000e-01 
1.348801e-02 2.668395e-01 
7.395923e-03 1.473864e-01 
2.585127e-03 4.662377e-02 
1.078488e-03 1.163420e-02 
2.654740e-03 6.935397e-02 
2.615942e-02 -1.029491e-01 
2.916924e-03 -6.994608e-02 
1.027329e-03 -6.772380e-02 
-2.965733e-03 -7.146898e-02 
-3.006843e-03 -6.055094e-02 
-2.393911e-03 -4.503838e-02 
-1.474007e-03 -2.746374e-02 
5.091216e-05 -5.181988e-03 
1.470355e-03 3.349756e-02 
8.969505e-01 -6.395334e-01 
5.375204e-02 -6.064079e-01 
2.283804e-03 -4.957356e-01 
-1.479209e-02 -3.794824e-01 
-1.274252e-02 -2.718179e-01 
-9.141852e-03 -1.768025e-01 
-5.285898e-03 -9.147408e-02 
-1.170049e-03 -2.326554e-02 
7.684397e-04 1.630014e-02 
9.669849e-01 7.593027e-01 
1.123334e-01 9.095627e-01 
1.960547e-02 7.325151e-01 
1.860459e-02 4.437620e-01 
1.050829e-02 2.326701e-01 
3.612556e-03 7.907821e-02 
-3.073301e-04 -6.623131e-03 
1.094615e-03 1.087214e-02 
3.327621e-03 7.976278e-02 
4.869643e-02 3.338562e-01 
8.672097e-03 3.123812e-01 
7.657712e-03 1.807559e-01 
1.698754e-04 -1.195219e-02 
-4.460295e-03 -1.050163e-01 
-6.273213e-03 -1.302876e-01 
-4.271601e-03 -8.543664e-02 
1.757667e-03 1.898969e-02 
4.498404e-03 1.059562e-01 
6.456781e-01 -5.928941e-01 
-3.048575e-02 -4.230723e-01 
-3.663500e-03 -4.034434e-01 
-1.063451e-02 -4.161326e-01 
-1.465941e-02 -3.703098e-01 
-1.405648e-02 -2.849528e-01 
-8.797622e-03 -1.496007e-01 
1.159390e-03 4.824629e-03 
4.046615e-03 8.221661e-02 
1.263424e+00 8.446664e-01 
2.563298e-01 1.162480e+00 
4.010806e-02 8.630254e-01 
1.097586e-02 3.788478e-01 
2.481564e-03 7.481473e-02 
-5.313574e-03 -9.171543e-02 
-7.076742e-03 -1.045400e-01 
5.328497e-03 5.614912e-02 
1.076174e-02 2.216228e-01 
4.657652e-01 9.311658e-01 
3.267599e-02 8.847804e-01 
1.607471e-02 5.901949e-01 
6.088850e-03 7.666327e-02 
-4.387930e-03 -2.097774e-01 
-1.260219e-02 -3.285964e-01 
-1.364065e-02 -2.680506e-01 
1.116349e-03 -1.834330e-02 
1.041773e-02 2.412558e-01 
8.984766e-02 -2.366465e-01 
-1.705734e-02 -9.157199e-02 
-8.662991e-03 -1.026569e-01 
8.049155e-04 -2.089698e-01 
-5.835878e-03 -2.229961e-01 
-7.781022e-03 -1.753142e-01 
-4.879604e-03 -7.838707e-02 
1.753976e-03 1.367115e-02 
3.546741e-03 7.229550e-02 
6.904369e-01 -9.679017e-01 
-6.969682e-03 -7.146087e-01 
-1.207522e-02 -3.831102e-01 
-4.154497e-03 -1.324895e-01 
5.462610e-04 4.116412e-02 
6.699837e-03 1.388274e-01 
8.490503e-03 1.292064e-01 
-3.474294e-03 -2.238077e-02 
-8.380734e-03 -1.684434e-01 
