poroelastic
-5.116490e-02 -5.225334e-02 
-6.471486e-02 -4.886501e-02 
-6.060123e-02 6.094356e-02 
3.198618e-02 2.628272e-01 
3.633684e-02 3.463204e-01 
3.092869e-02 3.347319e-01 
1.781146e-02 2.238159e-01 
2.243067e-03 4.918460e-02 
-1.464537e-03 -3.629079e-02 
7.680534e-01 -5.092593e-01 
9.512477e-02 -5.794211e-01 
1.905174e-02 -5.083057e-01 
-3.142915e-02 -3.272813e-01 
-1.988705e-02 -2.118351e-01 
-1.193592e-02 -1.340039e-01 
-7.077721e-03 -8.058075e-02 
-2.951086e-03 -4.505821e-02 
1.278794e-04 2.785282e-03 
6.770089e-01 6.076857e-01 
2.480611e-02 5.846459e-01 
5.780065e-04 4.017225e-01 
2.220876e-02 2.388872e-01 
1.003927e-02 1.131032e-01 
1.841990e-03 1.795905e-02 
-9.935821e-04 -3.083586e-02 
2.206210e-03 4.862477e-03 
4.247884e-03 9.965113e-02 
1.265895e-01 3.518847e-01 
-2.801195e-02 2.707169e-01 
-7.395938e-03 1.959134e-01 
1.720577e-02 1.678927e-01 
1.275258e-02 1.447050e-01 
8.834698e-03 1.109870e-01 
3.480966e-03 5.156787e-02 
-5.968765e-04 -8.160786e-03 
-2.725771e-04 -6.876136e-03 
2.382715e-01 -4.860746e-01 
3.373503e-03 -4.470547e-01 
-1.910519e-02 -3.371936e-01 
-1.132424e-02 -1.331161e-01 
1.030711e-03 6.906595e-03 
7.984493e-03 9.351098e-02 
9.308856e-03 1.137011e-01 
2.401033e-03 4.287925e-02 
-1.018463e-03 -2.238269e-02 
9.357319e-01 -6.306826e-01 
1.218817e-01 -7.229375e-01 
-3.982389e-03 -4.982545e-01 
-1.717453e-02 -2.081940e-01 
-4.011667e-03 -4.538927e-02 
1.257488e-03 2.307486e-02 
-2.036170e-03 5.043876e-03 
-7.749485e-03 -8.043422e-02 
-5.736042e-03 -1.310857e-01 
6.339075e-01 6.280632e-01 
-1.397661e-02 6.462311e-01 
3.678802e-03 5.566377e-01 
3.607204e-02 4.129293e-01 
2.218397e-02 2.787038e-01 
1.167904e-02 1.549885e-01 
4.286148e-03 4.999285e-02 
1.964963e-03 1.376272e-02 
2.753769e-03 7.173917e-02 
1.228387e-02 -7.679051e-02 
9.481201e-04 -3.759819e-02 
-5.000310e-04 -3.285905e-02 
-2.502006e-03 -3.337131e-02 
-2.118427e-03 -2.829999e-02 
-1.549163e-03 -2.146870e-02 
-4.718505e-04 -1.233311e-02 
1.017910e-03 3.675154e-03 
1.806957e-03 4.097580e-02 
8.397795e-01 -6.251215e-01 
4.434037e-02 -5.575753e-01 
-1.926061e-03 -4.434939e-01 
-2.380178e-02 -3.246600e-01 
-1.728630e-02 -2.331680e-01 
-1.188011e-02 -1.582431e-01 
-6.935642e-03 -9.055892e-02 
-1.586355e-03 -2.893910e-02 
8.549581e-04 1.808958e-02 
9.883600e-01 7.482530e-01 
1.143745e-01 9.263670e-01 
3.158623e-02 7.663894e-01 
3.674154e-02 4.840973e-01 
1.857073e-02 2.581635e-01 
5.879462e-03 8.424890e-02 
-5.242794e-04 -1.813869e-02 
1.297672e-03 -3.031213e-04 
3.522048e-03 8.502528e-02 
5.991913e-02 3.471363e-01 
1.360933e-02 3.409287e-01 
1.341952e-02 2.149500e-01 
1.678292e-03 2.701164e-02 
-5.144553e-03 -7.557184e-02 
-7.398406e-03 -1.124660e-01 
-3.898096e-03 -7.681401e-02 
3.441469e-03 2.657424e-02 
4.898744e-03 1.182101e-01 
6.200068e-01 -5.917935e-01 
-3.792079e-02 -3.468554e-01 
-4.287478e-03 -3.278973e-01 
-2.202232e-02 -3.617987e-01 
-2.241691e-02 -3.473267e-01 
-2.009537e-02 -2.893529e-01 
-1.179745e-02 -1.694429e-01 
2.079996e-03 -1.188188e-03 
5.187690e-03 1.087779e-01 
1.291416e+00 8.572358e-01 
2.951549e-01 1.235583e+00 
6.588586e-02 9.542082e-01 
2.582460e-02 4.434485e-01 
6.281932e-03 1.012856e-01 
-6.825537e-03 -1.028288e-01 
-9.375213e-03 -1.424808e-01 
5.527763e-03 2.461617e-02 
1.050365e-02 2.180447e-01 
5.475894e-01 9.694215e-01 
5.050001e-02 9.523628e-01 
3.757341e-02 6.637893e-01 
6.678110e-03 1.247653e-01 
-9.104315e-03 -1.916376e-01 
-1.858286e-02 -3.291649e-01 
-1.595803e-02 -2.736769e-01 
4.691909e-03 -1.761306e-03 
1.198307e-02 2.874542e-01 
8.108724e-02 -1.831335e-01 
-1.046882e-02 -1.211015e-02 
-6.831603e-03 -3.437944e-02 
-3.941226e-03 -1.837063e-01 
-1.068586e-02 -2.262035e-01 
-1.174909e-02 -2.008082e-01 
-8.154793e-03 -1.191883e-01 
-1.816896e-04 -2.105437e-02 
2.599670e-03 5.717359e-02 
6.279819e-01 -1.012801e+00 
-2.338585e-02 -6.935979e-01 
-1.743622e-02 -3.364080e-01 
-5.387836e-03 -7.869716e-02 
4.179532e-03 8.899980e-02 
1.094774e-02 1.728023e-01 
9.132770e-03 1.419483e-01 
-5.032225e-03 -2.429711e-02 
-7.666834e-03 -1.703756e-01 
