poroelastic
5.377836e-02 -2.137498e-01 
3.671287e-02 -3.065076e-01 
6.304350e-03 -3.065581e-01 
-3.057266e-02 -2.658916e-01 
-2.078836e-02 -2.209615e-01 
-1.073547e-02 -1.459683e-01 
-2.305034e-05 -3.116454e-02 
3.739485e-03 6.851339e-02 
1.185600e-03 3.548207e-02 
-3.671369e-01 1.208097e-01 
-4.384451e-02 2.164726e-01 
-8.418494e-03 2.644390e-01 
2.445263e-02 2.208892e-01 
1.586681e-02 1.667542e-01 
9.114641e-03 1.102813e-01 
3.840702e-03 5.795050e-02 
6.050667e-04 2.008156e-02 
-1.128453e-03 -3.010173e-02 
-3.652043e-01 -1.992942e-01 
-2.583149e-02 -2.953069e-01 
-6.867143e-04 -2.257252e-01 
-1.353663e-02 -1.123081e-01 
-5.309950e-03 -3.531662e-02 
-2.052881e-03 9.717430e-03 
-4.146274e-03 1.955686e-03 
-6.094690e-03 -8.046446e-02 
-6.161316e-03 -1.845721e-01 
8.767956e-04 -2.391182e-01 
-2.692294e-02 -2.437240e-01 
-2.966991e-02 -1.510890e-01 
5.764008e-03 -3.313295e-02 
1.041745e-02 4.899671e-02 
1.452980e-02 1.188132e-01 
1.732437e-02 1.843231e-01 
1.149224e-02 2.150760e-01 
5.409199e-03 1.731200e-01 
1.595606e-01 1.057956e-01 
2.373380e-02 5.710184e-02 
2.596756e-02 9.454395e-03 
-1.057240e-02 -6.571852e-02 
-1.528281e-02 -1.352611e-01 
-1.720580e-02 -1.827400e-01 
-1.763575e-02 -1.910177e-01 
-1.104700e-02 -1.581361e-01 
-6.380720e-03 -1.726228e-01 
-3.959423e-01 9.274147e-02 
-6.836178e-02 1.491093e-01 
-1.214249e-02 1.170821e-01 
1.091649e-02 8.652824e-02 
9.159758e-03 8.281230e-02 
9.739691e-03 1.025852e-01 
1.210444e-02 1.375657e-01 
8.834114e-03 1.491291e-01 
3.183739e-03 8.858584e-02 
-3.532348e-01 -4.032319e-01 
-2.199428e-02 -5.489560e-01 
-2.815411e-02 -4.622635e-01 
-1.769319e-02 -2.312079e-01 
-3.049604e-03 -6.111311e-02 
5.059066e-03 6.232563e-02 
6.997428e-03 1.242268e-01 
2.181461e-03 7.119505e-02 
-2.249797e-03 -7.278671e-02 
3.024300e-02 -4.110382e-02 
3.237906e-03 -6.889663e-02 
1.091890e-03 -5.515507e-02 
-4.107788e-03 -3.524200e-02 
-3.811240e-03 -3.703537e-02 
-4.041085e-03 -4.460100e-02 
-4.802575e-03 -5.056596e-02 
-4.077760e-03 -5.772745e-02 
-2.985809e-03 -8.207034e-02 
-5.076161e-01 2.036549e-01 
-2.641815e-02 2.568224e-01 
3.889444e-03 2.582885e-01 
1.915497e-02 2.150161e-01 
1.391799e-02 1.755537e-01 
1.055087e-02 1.396432e-01 
8.424252e-03 1.057332e-01 
5.326182e-03 7.895203e-02 
2.747103e-03 6.951849e-02 
-5.108955e-01 -3.408234e-01 
-8.692513e-02 -5.407035e-01 
-3.141337e-02 -4.758519e-01 
-2.181107e-02 -2.778756e-01 
-8.013248e-03 -1.189032e-01 
1.000080e-04 8.442550e-04 
2.642810e-03 5.745104e-02 
-1.060946e-04 1.307262e-02 
-2.135477e-03 -6.324734e-02 
-2.290043e-02 -1.202509e-01 
-5.655321e-03 -9.714704e-02 
-2.311666e-03 -3.419371e-02 
1.354092e-03 2.136284e-02 
1.858926e-03 3.287091e-02 
7.200680e-04 1.901310e-02 
-1.445203e-03 -1.363931e-02 
-2.108220e-03 -4.086812e-02 
-8.471098e-04 -2.522423e-02 
-5.619782e-01 3.773202e-01 
4.546945e-02 3.879976e-01 
2.094215e-02 3.866048e-01 
2.309696e-02 2.985280e-01 
1.556616e-02 2.237929e-01 
1.084751e-02 1.586265e-01 
8.540818e-03 1.004398e-01 
7.372213e-03 9.023088e-02 
7.282543e-03 1.850410e-01 
-7.334538e-01 -2.365629e-01 
-2.023647e-01 -4.758317e-01 
-4.589387e-02 -4.046138e-01 
-1.876138e-02 -2.478436e-01 
-9.978137e-03 -1.388814e-01 
-6.108532e-03 -8.221139e-02 
-8.288459e-03 -1.088986e-01 
-1.375341e-02 -2.172503e-01 
-8.829726e-03 -2.308668e-01 
8.923415e-02 -4.305665e-01 
-1.963025e-02 -3.458509e-01 
1.247199e-02 -1.437625e-01 
1.730171e-02 1.569166e-01 
1.951259e-02 3.350562e-01 
2.169101e-02 4.035491e-01 
1.776096e-02 3.441750e-01 
8.078181e-03 1.761730e-01 
2.564904e-03 8.234890e-02 
4.313962e-02 1.363923e-01 
-4.597985e-03 5.318904e-02 
-7.194413e-03 6.191349e-03 
5.435172e-04 2.050536e-03 
-1.113939e-03 -2.690988e-02 
-3.349126e-03 -6.977308e-02 
-8.286882e-03 -1.215185e-01 
-9.339412e-03 -1.521732e-01 
-5.007748e-03 -1.435835e-01 
-3.532190e-01 4.545285e-01 
1.220024e-02 2.847534e-01 
1.068507e-02 9.651535e-02 
-2.710805e-04 -3.805198e-03 
-2.714942e-03 -4.701308e-02 
-2.253254e-03 -3.925482e-02 
3.154050e-03 2.777129e-02 
9.003585e-03 1.352159e-01 
6.737759e-03 1.903960e-01 
