poroelastic
-3.423483e-02 -7.012130e-02 
-4.556230e-02 -7.398038e-02 
-4.626274e-02 3.188686e-02 
1.763554e-02 2.350634e-01 
2.253396e-02 3.190202e-01 
2.039745e-02 3.123274e-01 
1.247863e-02 2.080271e-01 
1.897513e-03 4.185806e-02 
-1.393725e-03 -3.215120e-02 
8.570449e-01 -6.010342e-01 
9.575958e-02 -6.651798e-01 
2.290094e-02 -5.723475e-01 
-2.306321e-02 -3.669170e-01 
-1.494774e-02 -2.325621e-01 
-8.733831e-03 -1.403095e-01 
-4.760474e-03 -7.726939e-02 
-1.951832e-03 -3.825677e-02 
6.213158e-04 1.367694e-02 
7.448703e-01 7.072063e-01 
3.445769e-02 6.766662e-01 
-1.073042e-03 4.602243e-01 
1.529396e-02 2.587371e-01 
6.404733e-03 1.089870e-01 
2.211334e-04 2.151035e-03 
-2.039187e-03 -4.717900e-02 
5.423818e-04 -3.811353e-03 
4.099307e-03 9.927366e-02 
1.273954e-01 4.019426e-01 
-2.045268e-02 3.014316e-01 
-3.487524e-03 1.999175e-01 
7.212585e-03 1.230253e-01 
4.763263e-03 8.273259e-02 
2.968915e-03 5.299046e-02 
1.098514e-03 1.796303e-02 
1.707357e-04 -1.488497e-03 
1.259167e-03 3.081719e-02 
2.722296e-01 -5.392940e-01 
6.616612e-03 -4.720246e-01 
-9.292726e-03 -3.428496e-01 
-7.377054e-03 -1.287059e-01 
4.864045e-04 1.209416e-02 
5.341500e-03 9.456751e-02 
5.838627e-03 1.008695e-01 
3.302548e-04 1.614890e-02 
-2.501419e-03 -5.486264e-02 
1.006881e+00 -6.581572e-01 
1.556684e-01 -7.973792e-01 
6.006235e-03 -5.698221e-01 
-1.243605e-02 -2.781929e-01 
-4.615817e-03 -9.433246e-02 
4.331691e-04 2.007718e-03 
9.194735e-05 9.077369e-03 
-4.956230e-03 -6.965779e-02 
-5.892389e-03 -1.345201e-01 
6.681304e-01 6.718408e-01 
-1.057903e-02 6.732620e-01 
2.741184e-04 5.728297e-01 
1.837878e-02 4.017255e-01 
1.229162e-02 2.609926e-01 
6.642294e-03 1.401622e-01 
2.249767e-03 4.199582e-02 
1.185332e-03 1.373453e-02 
2.988705e-03 7.748406e-02 
2.535921e-02 -9.828450e-02 
2.834423e-03 -6.648735e-02 
1.070399e-03 -6.714183e-02 
-2.962679e-03 -7.669058e-02 
-3.272529e-03 -6.882247e-02 
-2.802871e-03 -5.353025e-02 
-1.646255e-03 -3.154477e-02 
5.717101e-04 1.343679e-03 
2.414249e-03 5.505560e-02 
8.961081e-01 -6.385827e-01 
5.523799e-02 -6.128756e-01 
2.500376e-03 -5.038872e-01 
-1.383049e-02 -3.875448e-01 
-1.247317e-02 -2.801965e-01 
-9.250511e-03 -1.847191e-01 
-5.319880e-03 -9.479267e-02 
-4.933715e-04 -1.594635e-02 
1.973459e-03 4.208817e-02 
9.710317e-01 7.576377e-01 
1.146714e-01 9.100625e-01 
1.797539e-02 7.294913e-01 
1.676311e-02 4.408606e-01 
9.621277e-03 2.290533e-01 
3.183616e-03 7.609381e-02 
-2.701827e-04 -4.612321e-03 
1.804457e-03 2.260590e-02 
4.523215e-03 1.093710e-01 
4.928177e-02 3.351849e-01 
7.877231e-03 3.112785e-01 
7.012602e-03 1.780094e-01 
1.648708e-04 -1.380378e-02 
-4.402642e-03 -1.082705e-01 
-6.251753e-03 -1.333761e-01 
-4.191379e-03 -8.532439e-02 
2.020314e-03 2.366067e-02 
5.102050e-03 1.218875e-01 
6.388090e-01 -5.968188e-01 
-2.633134e-02 -4.293092e-01 
-3.012517e-03 -4.050929e-01 
-9.449916e-03 -4.146281e-01 
-1.384720e-02 -3.689455e-01 
-1.339581e-02 -2.824174e-01 
-8.354606e-03 -1.457101e-01 
1.125677e-03 5.404047e-03 
3.983674e-03 8.192307e-02 
1.276127e+00 8.550837e-01 
2.544163e-01 1.172805e+00 
3.779977e-02 8.675404e-01 
1.022834e-02 3.818460e-01 
2.407825e-03 7.645310e-02 
-5.007385e-03 -8.876900e-02 
-6.685082e-03 -1.008192e-01 
4.918867e-03 5.373375e-02 
1.011278e-02 2.123536e-01 
4.591835e-01 9.414139e-01 
3.101903e-02 8.930204e-01 
1.444282e-02 5.934687e-01 
6.545777e-03 7.480105e-02 
-3.930978e-03 -2.131347e-01 
-1.199632e-02 -3.314145e-01 
-1.327928e-02 -2.712237e-01 
4.292785e-04 -2.759489e-02 
9.453931e-03 2.238460e-01 
9.247354e-02 -2.330277e-01 
-1.689242e-02 -8.651551e-02 
-8.410917e-03 -1.002954e-01 
1.468986e-03 -2.109664e-01 
-5.310636e-03 -2.267524e-01 
-7.385792e-03 -1.781358e-01 
-4.793604e-03 -8.045375e-02 
1.274611e-03 8.965964e-03 
2.973930e-03 6.137800e-02 
6.873690e-01 -9.409676e-01 
-3.719312e-03 -6.986329e-01 
-1.145968e-02 -3.756200e-01 
-3.400825e-03 -1.345060e-01 
5.973142e-04 3.527398e-02 
6.463893e-03 1.321035e-01 
8.219073e-03 1.224475e-01 
-3.978822e-03 -3.010055e-02 
-8.808111e-03 -1.785336e-01 
