poroelastic
-2.977500e-02 -1.590894e-01 
-5.010474e-02 -1.870429e-01 
-5.479849e-02 -5.224045e-02 
2.183031e-02 1.846053e-01 
2.912808e-02 2.976668e-01 
2.790121e-02 3.235199e-01 
1.983133e-02 2.581720e-01 
6.314127e-03 1.098144e-01 
-7.881494e-04 -1.660508e-02 
5.301378e-01 -4.507581e-01 
4.629566e-02 -4.182156e-01 
7.200812e-03 -3.098478e-01 
-1.559550e-02 -1.701254e-01 
-8.806942e-03 -9.820748e-02 
-5.564548e-03 -6.466600e-02 
-4.685376e-03 -5.391170e-02 
-3.224810e-03 -4.681477e-02 
-1.253220e-03 -2.501582e-02 
5.396895e-01 5.251894e-01 
3.396971e-02 5.065797e-01 
8.608508e-03 3.587426e-01 
1.758848e-02 2.156423e-01 
7.693309e-03 1.051937e-01 
7.756080e-04 1.787014e-02 
-3.430191e-03 -4.360534e-02 
-2.844277e-03 -4.948157e-02 
-1.576008e-04 -3.422307e-03 
1.750866e-01 2.512306e-01 
-4.392585e-02 1.936611e-01 
-2.360902e-02 1.775529e-01 
2.012661e-02 1.946275e-01 
1.853472e-02 2.092444e-01 
1.691835e-02 2.093335e-01 
1.422979e-02 1.807159e-01 
8.714400e-03 1.358606e-01 
5.121499e-03 1.156272e-01 
2.695106e-01 -4.300087e-01 
5.154740e-03 -3.747561e-01 
-4.336148e-03 -2.630675e-01 
-6.976242e-03 -9.156553e-02 
7.217756e-05 5.154742e-03 
3.005715e-03 4.712168e-02 
-5.843862e-05 2.644152e-02 
-6.573870e-03 -6.847218e-02 
-8.253346e-03 -1.677948e-01 
6.421714e-01 -6.010422e-01 
6.142597e-02 -6.301137e-01 
-1.724908e-02 -4.005031e-01 
-9.098549e-03 -1.281742e-01 
2.588333e-03 3.360464e-02 
7.702438e-03 1.104217e-01 
6.269278e-03 1.019952e-01 
-7.821162e-04 6.798246e-03 
-4.547161e-03 -9.491959e-02 
5.314423e-01 4.003205e-01 
-7.005643e-03 3.864699e-01 
-3.504007e-03 3.700774e-01 
2.797772e-02 3.574405e-01 
2.255601e-02 3.160019e-01 
1.679751e-02 2.509782e-01 
1.022706e-02 1.590073e-01 
3.561493e-03 6.381406e-02 
9.088002e-04 2.148288e-02 
8.793757e-03 -7.940514e-02 
-7.214629e-05 -3.265671e-02 
1.136902e-03 2.670725e-03 
1.290637e-03 1.921635e-02 
1.057242e-03 1.707276e-02 
1.071061e-04 3.144933e-03 
-1.807391e-03 -2.027340e-02 
-2.872184e-03 -4.171017e-02 
-1.634844e-03 -3.470164e-02 
4.452065e-01 -5.319694e-01 
7.916033e-03 -3.892167e-01 
-8.693557e-03 -2.405634e-01 
-8.815807e-03 -1.335502e-01 
-4.324547e-03 -6.441603e-02 
-1.455305e-03 -2.110105e-02 
4.585747e-04 3.023600e-03 
1.519598e-03 1.644277e-02 
1.915243e-03 3.782869e-02 
7.545913e-01 5.244328e-01 
1.062258e-01 6.432673e-01 
2.366213e-02 5.430562e-01 
2.549671e-02 3.806421e-01 
1.589459e-02 2.462900e-01 
8.445402e-03 1.352127e-01 
3.261982e-03 4.977379e-02 
1.440813e-03 1.854667e-02 
2.153928e-03 4.818359e-02 
7.674565e-02 3.076036e-01 
1.288952e-02 3.422925e-01 
1.482079e-02 2.790482e-01 
8.033175e-03 1.304024e-01 
1.394087e-03 2.399296e-02 
-2.823195e-03 -4.657694e-02 
-3.939041e-03 -7.033196e-02 
-6.656338e-04 -2.362397e-02 
2.892033e-03 6.494635e-02 
1.681115e-01 -3.561043e-01 
-8.022677e-03 -8.897179e-02 
-2.393439e-04 -3.714878e-02 
-6.277351e-03 -1.116864e-01 
-8.785574e-03 -1.427410e-01 
-9.186815e-03 -1.380734e-01 
-4.733669e-03 -8.141197e-02 
5.451480e-03 4.783566e-02 
1.015640e-02 1.982718e-01 
9.406331e-01 6.913981e-01 
2.170376e-01 9.742842e-01 
4.885105e-02 7.548915e-01 
1.911071e-02 3.475371e-01 
4.627369e-03 7.093141e-02 
-5.622474e-03 -1.054834e-01 
-1.072324e-02 -1.765820e-01 
-4.964484e-03 -9.529276e-02 
4.020883e-03 7.992531e-02 
6.469588e-01 7.184503e-01 
5.053781e-02 7.997454e-01 
4.489996e-02 6.459159e-01 
1.260460e-02 2.799083e-01 
2.336101e-03 6.023475e-02 
-3.806216e-03 -5.955178e-02 
-3.943805e-03 -7.610598e-02 
6.175748e-03 6.302028e-02 
1.275444e-02 2.919113e-01 
5.509175e-02 -4.910443e-02 
-3.107108e-03 1.218084e-01 
-3.319344e-03 9.782436e-02 
2.460205e-03 -6.638910e-02 
-4.048261e-03 -1.482679e-01 
-7.485453e-03 -1.818665e-01 
-1.076924e-02 -1.768544e-01 
-8.895007e-03 -1.317169e-01 
-2.543360e-03 -5.188687e-02 
3.229057e-01 -7.444436e-01 
-2.238774e-02 -4.812385e-01 
-5.813880e-03 -2.100914e-01 
-4.138976e-03 -1.937282e-02 
3.268352e-03 1.097275e-01 
8.933415e-03 1.816383e-01 
1.043187e-02 1.695289e-01 
1.905075e-03 4.659188e-02 
-3.937422e-03 -7.871324e-02 
