poroelastic
-3.005329e-02 -1.494621e-01 
-4.877473e-02 -1.728012e-01 
-5.255236e-02 -4.005639e-02 
2.042580e-02 1.891414e-01 
2.745824e-02 2.955355e-01 
2.660823e-02 3.194450e-01 
1.941296e-02 2.559203e-01 
6.556942e-03 1.108459e-01 
-5.002824e-04 -1.017781e-02 
5.399747e-01 -4.649245e-01 
4.579902e-02 -4.172221e-01 
8.098800e-03 -3.087282e-01 
-1.539281e-02 -1.765902e-01 
-9.273921e-03 -1.087040e-01 
-6.116693e-03 -7.532642e-02 
-4.812221e-03 -5.984240e-02 
-2.819627e-03 -4.281117e-02 
-6.819957e-04 -1.334743e-02 
5.603390e-01 5.525769e-01 
3.740983e-02 5.300511e-01 
8.649191e-03 3.729281e-01 
1.667732e-02 2.132919e-01 
6.931428e-03 9.688226e-02 
2.489058e-04 8.081850e-03 
-3.371744e-03 -4.853992e-02 
-2.046170e-03 -3.931658e-02 
8.422761e-04 1.801654e-02 
1.769622e-01 2.680211e-01 
-4.086226e-02 2.096115e-01 
-2.121068e-02 1.846143e-01 
1.739718e-02 1.838426e-01 
1.633215e-02 1.941001e-01 
1.502117e-02 1.931243e-01 
1.304085e-02 1.678550e-01 
8.724947e-03 1.350405e-01 
5.613741e-03 1.239887e-01 
2.548991e-01 -4.199529e-01 
3.838298e-03 -3.596471e-01 
-4.179425e-03 -2.468137e-01 
-6.122761e-03 -8.440434e-02 
5.227389e-04 9.978461e-03 
3.258503e-03 4.982173e-02 
3.400557e-04 2.744808e-02 
-6.031790e-03 -6.431668e-02 
-7.909411e-03 -1.587996e-01 
6.313315e-01 -5.848768e-01 
6.348004e-02 -6.201642e-01 
-1.528922e-02 -3.916446e-01 
-8.700645e-03 -1.269562e-01 
2.189063e-03 3.037490e-02 
6.988541e-03 1.035330e-01 
5.625188e-03 9.323348e-02 
-1.077459e-03 3.636363e-04 
-4.488263e-03 -9.270136e-02 
5.390430e-01 4.039709e-01 
-4.916631e-03 4.034337e-01 
-2.686426e-03 3.800217e-01 
2.599584e-02 3.570132e-01 
2.092773e-02 3.080410e-01 
1.549706e-02 2.399416e-01 
9.659740e-03 1.509254e-01 
3.839680e-03 6.553164e-02 
1.883813e-03 4.426766e-02 
8.466401e-03 -7.394466e-02 
1.858570e-04 -2.673653e-02 
1.120138e-03 1.903341e-03 
9.897881e-04 1.488219e-02 
3.650584e-04 6.330237e-03 
-6.924675e-04 -1.009016e-02 
-2.096107e-03 -2.907133e-02 
-2.299905e-03 -3.872797e-02 
-1.869884e-04 -3.977897e-03 
4.463065e-01 -5.315696e-01 
9.076372e-03 -3.878407e-01 
-8.383901e-03 -2.443826e-01 
-8.677769e-03 -1.372608e-01 
-4.773634e-03 -7.343017e-02 
-2.236744e-03 -3.317330e-02 
-8.236845e-05 -6.213924e-03 
1.869958e-03 1.736356e-02 
3.314854e-03 6.590080e-02 
7.584322e-01 5.348731e-01 
1.084744e-01 6.524330e-01 
2.302370e-02 5.446354e-01 
2.410689e-02 3.800404e-01 
1.485853e-02 2.401140e-01 
7.641972e-03 1.262713e-01 
2.901529e-03 4.330585e-02 
1.701498e-03 2.040527e-02 
3.124868e-03 7.061036e-02 
7.803891e-02 3.184260e-01 
1.263515e-02 3.498959e-01 
1.445413e-02 2.820148e-01 
7.614132e-03 1.282412e-01 
9.946300e-04 1.778046e-02 
-3.172188e-03 -5.406441e-02 
-4.125374e-03 -7.579329e-02 
-6.118652e-04 -2.395013e-02 
3.207687e-03 7.317483e-02 
1.703108e-01 -3.563109e-01 
-6.719267e-03 -7.756926e-02 
4.538659e-04 -2.919829e-02 
-6.120333e-03 -1.148375e-01 
-8.847289e-03 -1.490739e-01 
-9.346234e-03 -1.452045e-01 
-5.135388e-03 -8.794819e-02 
4.986952e-03 4.442452e-02 
9.726552e-03 1.924933e-01 
9.507513e-01 7.140992e-01 
2.146225e-01 9.918361e-01 
4.725930e-02 7.655559e-01 
1.834593e-02 3.431753e-01 
4.261947e-03 6.441421e-02 
-5.733443e-03 -1.117949e-01 
-1.081711e-02 -1.825113e-01 
-5.123665e-03 -9.795685e-02 
3.465737e-03 7.031479e-02 
6.387991e-01 7.285441e-01 
4.965484e-02 8.110139e-01 
4.278390e-02 6.525786e-01 
1.162943e-02 2.717338e-01 
1.927791e-03 5.130935e-02 
-4.085726e-03 -6.795642e-02 
-4.240938e-03 -8.417082e-02 
5.608313e-03 5.801496e-02 
1.189376e-02 2.787869e-01 
5.765634e-02 -4.011135e-02 
-3.388434e-03 1.257003e-01 
-3.420674e-03 9.897577e-02 
2.400473e-03 -7.329493e-02 
-4.010073e-03 -1.552145e-01 
-7.410212e-03 -1.873348e-01 
-1.066781e-02 -1.805419e-01 
-8.804353e-03 -1.321608e-01 
-2.791480e-03 -5.775599e-02 
3.153919e-01 -7.148239e-01 
-2.058602e-02 -4.715672e-01 
-5.366517e-03 -2.051514e-01 
-4.098034e-03 -2.046748e-02 
2.948454e-03 1.063870e-01 
8.436803e-03 1.777029e-01 
1.000807e-02 1.660396e-01 
1.738158e-03 4.448619e-02 
-3.986033e-03 -8.047153e-02 
