poroelastic
-2.281806e-02 -3.802636e-02 
-2.936840e-02 -4.294726e-02 
-3.144194e-02 2.967299e-02 
8.583265e-03 1.887517e-01 
1.181569e-02 2.529922e-01 
1.063417e-02 2.392357e-01 
5.586641e-03 1.371118e-01 
-6.648575e-04 -1.016192e-02 
-1.677808e-03 -5.081414e-02 
8.817724e-01 -5.842878e-01 
1.192771e-01 -7.437120e-01 
3.240076e-02 -6.635366e-01 
-1.540162e-02 -4.177517e-01 
-1.006421e-02 -2.423580e-01 
-4.845202e-03 -1.159924e-01 
-1.598287e-03 -3.716770e-02 
-6.121485e-04 -1.624395e-02 
2.887843e-04 8.243522e-03 
7.352674e-01 6.149652e-01 
1.939041e-02 5.828633e-01 
-1.634291e-02 3.980104e-01 
8.070669e-03 2.410785e-01 
4.470151e-03 1.203949e-01 
1.356924e-03 3.640425e-02 
6.534633e-04 7.455720e-03 
2.736567e-03 5.965172e-02 
4.967680e-03 1.607649e-01 
2.016739e-02 3.566397e-01 
4.366921e-03 2.420151e-01 
1.274765e-02 1.091643e-01 
7.919181e-04 1.757952e-03 
-2.000196e-03 -6.620411e-02 
-3.564589e-03 -1.070320e-01 
-4.814269e-03 -1.265947e-01 
-4.106527e-03 -1.077764e-01 
-1.038137e-03 -3.273548e-02 
2.072352e-01 -5.233280e-01 
8.793004e-03 -4.892307e-01 
-1.156121e-02 -3.581707e-01 
-6.649666e-03 -1.143115e-01 
1.198704e-04 4.986424e-02 
4.584453e-03 1.509780e-01 
7.186757e-03 1.708812e-01 
4.619505e-03 9.635574e-02 
1.761508e-03 4.801068e-02 
9.969724e-01 -5.489793e-01 
1.876555e-01 -7.667691e-01 
2.194662e-02 -5.972209e-01 
-5.362963e-03 -3.271763e-01 
-3.574441e-03 -1.466489e-01 
-6.030062e-04 -4.173307e-02 
-3.728480e-04 -1.927551e-02 
-3.775238e-03 -7.847778e-02 
-3.623881e-03 -1.059945e-01 
5.564185e-01 6.651618e-01 
-1.828696e-02 6.634969e-01 
-3.292008e-03 5.411726e-01 
6.688129e-03 3.254618e-01 
4.174498e-03 1.597449e-01 
1.011152e-03 3.052145e-02 
-1.819142e-03 -5.626858e-02 
-1.375856e-03 -4.806052e-02 
1.836158e-03 6.168320e-02 
3.393098e-02 -1.324752e-01 
4.090719e-03 -1.367755e-01 
1.105701e-03 -1.435379e-01 
-2.513659e-03 -1.269816e-01 
-2.929646e-03 -8.870278e-02 
-2.199422e-03 -4.152977e-02 
-2.220183e-04 7.178094e-03 
2.527471e-03 4.709130e-02 
3.088588e-03 8.570297e-02 
9.754926e-01 -5.323576e-01 
8.537359e-02 -6.504180e-01 
1.573925e-02 -5.959711e-01 
-1.892323e-03 -4.680909e-01 
-6.306364e-03 -3.385943e-01 
-5.723421e-03 -2.164265e-01 
-3.941672e-03 -1.090104e-01 
-2.231788e-03 -4.502501e-02 
-1.196539e-03 -3.119979e-02 
8.184912e-01 6.402696e-01 
7.622779e-02 7.574303e-01 
2.395323e-03 6.011446e-01 
3.317789e-03 3.562378e-01 
3.190525e-03 1.812234e-01 
1.033385e-03 6.050944e-02 
-4.216704e-04 3.536583e-03 
1.286572e-03 2.755263e-02 
2.542611e-03 7.620313e-02 
-4.801438e-03 1.877019e-01 
1.897317e-03 1.201705e-01 
2.145895e-03 4.361050e-03 
5.900783e-04 -1.191312e-01 
-2.822637e-03 -1.644558e-01 
-4.249292e-03 -1.477410e-01 
-2.892865e-03 -6.892279e-02 
1.610445e-03 3.301422e-02 
2.510158e-03 7.210767e-02 
7.989803e-01 -6.236570e-01 
-1.973012e-02 -6.549385e-01 
4.558389e-03 -6.386708e-01 
3.859625e-03 -5.239921e-01 
-4.627789e-03 -3.886402e-01 
-5.552245e-03 -2.417757e-01 
-2.948223e-03 -8.954784e-02 
-1.076054e-03 -1.098874e-02 
-3.163666e-03 -7.673244e-02 
1.056896e+00 6.110590e-01 
1.879963e-01 8.184207e-01 
1.593983e-02 5.863839e-01 
-4.885752e-03 2.701968e-01 
-2.602181e-03 8.681765e-02 
-4.221874e-03 7.335814e-03 
-2.701802e-03 4.474454e-02 
9.280533e-03 1.750295e-01 
8.758728e-03 2.191847e-01 
6.623071e-02 7.051699e-01 
4.705548e-03 5.662724e-01 
-1.183926e-02 2.842461e-01 
1.414376e-02 -1.224824e-01 
4.729716e-03 -3.431361e-01 
-3.745123e-03 -4.162601e-01 
-9.306159e-03 -3.280116e-01 
-4.626721e-03 -1.145588e-01 
7.846092e-04 2.185587e-02 
7.936389e-02 -3.572080e-01 
-1.165270e-02 -3.112362e-01 
-6.052655e-04 -2.707542e-01 
-3.036025e-03 -2.242134e-01 
-6.904742e-03 -1.412465e-01 
-7.178117e-03 -2.694248e-02 
7.376062e-04 1.071996e-01 
1.036193e-02 1.741893e-01 
5.855367e-03 1.385926e-01 
7.284796e-01 -7.446625e-01 
1.996140e-02 -6.493527e-01 
-6.613625e-03 -3.956532e-01 
5.165613e-03 -1.706582e-01 
2.589693e-03 -1.543317e-02 
5.670754e-03 6.855951e-02 
6.321555e-03 5.418952e-02 
-6.742290e-03 -8.900006e-02 
-9.962182e-03 -2.346990e-01 
