poroelastic
-4.573463e-02 -6.064303e-02 
-5.907213e-02 -6.097482e-02 
-5.669158e-02 4.928417e-02 
2.817085e-02 2.559346e-01 
3.258528e-02 3.415485e-01 
2.794120e-02 3.317563e-01 
1.599728e-02 2.210124e-01 
1.839948e-03 4.482404e-02 
-1.698012e-03 -4.231844e-02 
7.922204e-01 -5.351479e-01 
9.592304e-02 -6.069537e-01 
1.963781e-02 -5.290899e-01 
-2.934730e-02 -3.384214e-01 
-1.843281e-02 -2.162799e-01 
-1.083526e-02 -1.337573e-01 
-6.192112e-03 -7.783577e-02 
-2.549481e-03 -4.244014e-02 
2.397179e-04 5.330221e-03 
6.911378e-01 6.314191e-01 
2.628801e-02 6.036359e-01 
4.000656e-04 4.131871e-01 
2.022749e-02 2.430905e-01 
8.881919e-03 1.115374e-01 
1.232551e-03 1.293229e-02 
-1.464434e-03 -3.683820e-02 
1.559408e-03 4.209550e-04 
4.098027e-03 9.840304e-02 
1.269891e-01 3.597837e-01 
-2.621702e-02 2.722546e-01 
-6.912493e-03 1.923499e-01 
1.430333e-02 1.571235e-01 
1.049402e-02 1.316475e-01 
7.258727e-03 9.940072e-02 
3.031230e-03 4.573043e-02 
-1.053492e-04 -3.831034e-03 
2.697785e-04 6.858700e-03 
2.530262e-01 -5.054912e-01 
5.036948e-03 -4.615059e-01 
-1.611305e-02 -3.452524e-01 
-1.032044e-02 -1.341197e-01 
8.324645e-04 7.847724e-03 
7.064014e-03 9.262157e-02 
7.830423e-03 1.064978e-01 
1.539955e-03 3.305215e-02 
-1.369095e-03 -3.036592e-02 
9.633343e-01 -6.442045e-01 
1.309503e-01 -7.506458e-01 
-1.716221e-03 -5.241938e-01 
-1.643028e-02 -2.295838e-01 
-4.404345e-03 -5.863267e-02 
1.032970e-03 1.879376e-02 
-1.222532e-03 8.414240e-03 
-6.659871e-03 -7.485216e-02 
-5.607593e-03 -1.291546e-01 
6.421297e-01 6.391260e-01 
-1.339527e-02 6.485455e-01 
2.571437e-03 5.569440e-01 
3.095695e-02 4.098033e-01 
1.931648e-02 2.756304e-01 
1.025970e-02 1.530527e-01 
3.689113e-03 4.883955e-02 
1.633260e-03 1.281889e-02 
2.689003e-03 7.023844e-02 
1.721813e-02 -8.622526e-02 
1.731285e-03 -4.984551e-02 
-6.816013e-05 -4.541944e-02 
-2.979438e-03 -4.627491e-02 
-2.607366e-03 -3.871987e-02 
-1.936054e-03 -2.886035e-02 
-8.660438e-04 -1.703927e-02 
6.838298e-04 9.976236e-04 
1.715239e-03 3.889925e-02 
8.589604e-01 -6.310057e-01 
4.700198e-02 -5.759084e-01 
-8.141083e-04 -4.625456e-01 
-2.118720e-02 -3.431163e-01 
-1.595888e-02 -2.455769e-01 
-1.101184e-02 -1.635662e-01 
-6.286945e-03 -8.962638e-02 
-1.305510e-03 -2.557528e-02 
9.491306e-04 2.003429e-02 
9.831961e-01 7.498736e-01 
1.131758e-01 9.185820e-01 
2.741716e-02 7.537065e-01 
3.049091e-02 4.713321e-01 
1.584235e-02 2.506812e-01 
5.176235e-03 8.334013e-02 
-3.581019e-04 -1.368556e-02 
1.291060e-03 3.974021e-03 
3.566288e-03 8.553389e-02 
5.630842e-02 3.406338e-01 
1.200676e-02 3.293231e-01 
1.125266e-02 2.012645e-01 
8.549631e-04 1.401925e-02 
-5.075178e-03 -8.507341e-02 
-7.094111e-03 -1.177744e-01 
-4.027440e-03 -7.857277e-02 
2.927615e-03 2.502019e-02 
4.910144e-03 1.166382e-01 
6.303587e-01 -5.958125e-01 
-3.692760e-02 -3.731338e-01 
-4.580079e-03 -3.536024e-01 
-1.840280e-02 -3.791758e-01 
-1.986335e-02 -3.541555e-01 
-1.801342e-02 -2.866499e-01 
-1.066461e-02 -1.609012e-01 
1.797577e-03 1.610748e-03 
4.900510e-03 1.010709e-01 
1.283231e+00 8.544900e-01 
2.826829e-01 1.212879e+00 
5.698120e-02 9.241048e-01 
2.046379e-02 4.221090e-01 
4.929997e-03 9.217530e-02 
-6.235966e-03 -9.937728e-02 
-8.494218e-03 -1.296652e-01 
5.514675e-03 3.504273e-02 
1.069994e-02 2.197094e-01 
5.219373e-01 9.601106e-01 
4.471593e-02 9.313504e-01 
3.003884e-02 6.403397e-01 
6.086192e-03 1.093622e-01 
-7.579773e-03 -1.978310e-01 
-1.662599e-02 -3.292611e-01 
-1.536199e-02 -2.720709e-01 
3.299523e-03 -8.051738e-03 
1.156592e-02 2.711609e-01 
8.386973e-02 -2.011020e-01 
-1.308844e-02 -3.749980e-02 
-7.903499e-03 -5.675732e-02 
-2.255540e-03 -1.929374e-01 
-8.931620e-03 -2.256308e-01 
-1.022092e-02 -1.922063e-01 
-6.853504e-03 -1.052180e-01 
4.499257e-04 -9.977072e-03 
2.813108e-03 5.976523e-02 
6.518582e-01 -1.000135e+00 
-1.793776e-02 -7.002602e-01 
-1.574725e-02 -3.517245e-01 
-5.415245e-03 -9.724098e-02 
2.710882e-03 7.291347e-02 
9.461820e-03 1.617216e-01 
8.927613e-03 1.377035e-01 
-4.623044e-03 -2.466906e-02 
-8.144102e-03 -1.734918e-01 
