poroelastic
4.909763e-03 -2.337963e-01 
-1.794314e-02 -3.023133e-01 
-3.412704e-02 -2.048410e-01 
2.374290e-03 -1.647936e-02 
1.091995e-02 8.728404e-02 
1.472662e-02 1.505844e-01 
1.499724e-02 1.765149e-01 
8.073738e-03 1.325211e-01 
1.413557e-03 3.016863e-02 
8.555048e-02 -2.235814e-01 
-4.131172e-03 -1.261123e-01 
-5.579254e-03 -2.280418e-02 
3.993216e-03 3.984938e-02 
4.134240e-03 4.770052e-02 
2.305543e-03 3.003508e-02 
1.911672e-04 4.993671e-03 
-5.196791e-04 -7.228797e-03 
-3.400704e-04 -6.976093e-03 
1.778190e-01 2.187061e-01 
1.364053e-02 1.712416e-01 
6.030816e-03 1.211407e-01 
7.406610e-03 9.186155e-02 
3.881973e-03 5.939844e-02 
6.992534e-04 2.451574e-02 
-2.889181e-03 -1.890779e-02 
-4.135348e-03 -6.192609e-02 
-3.364062e-03 -7.627789e-02 
1.281062e-01 2.626714e-02 
-4.256300e-02 -7.615857e-03 
-3.043424e-02 4.235965e-02 
1.795433e-02 1.270626e-01 
1.933079e-02 1.837998e-01 
2.014294e-02 2.222837e-01 
1.996292e-02 2.382618e-01 
1.349838e-02 2.209009e-01 
7.588071e-03 1.790264e-01 
2.233629e-01 -2.107964e-01 
9.388771e-03 -1.817993e-01 
8.911738e-03 -1.247870e-01 
-6.210304e-03 -5.703653e-02 
-4.469355e-03 -3.631376e-02 
-4.704672e-03 -4.143294e-02 
-8.404282e-03 -7.023722e-02 
-1.083749e-02 -1.321003e-01 
-1.056335e-02 -2.250255e-01 
1.207799e-01 -3.241286e-01 
-1.687621e-02 -2.803179e-01 
-1.987333e-02 -1.426883e-01 
1.627349e-03 4.553707e-03 
8.219461e-03 9.612544e-02 
1.107098e-02 1.465568e-01 
1.063186e-02 1.498891e-01 
4.726695e-03 8.578161e-02 
-9.546034e-04 -2.086699e-02 
1.539329e-01 1.109336e-02 
-1.046612e-02 -5.803940e-02 
-1.288528e-02 -9.324813e-03 
1.233055e-02 1.186209e-01 
1.523305e-02 1.911215e-01 
1.521259e-02 2.172980e-01 
1.143688e-02 1.848093e-01 
3.667087e-03 8.128667e-02 
-1.540306e-03 -3.869246e-02 
1.167602e-02 -5.571335e-02 
7.346928e-04 -3.149791e-02 
2.361434e-03 7.168489e-03 
1.783525e-03 3.015829e-02 
1.209446e-03 2.435751e-02 
-3.905930e-04 2.614747e-03 
-3.298380e-03 -3.099136e-02 
-4.741526e-03 -6.656811e-02 
-3.851431e-03 -8.740178e-02 
-8.988330e-02 -2.121792e-01 
-1.844790e-02 -6.187777e-02 
-4.618309e-03 4.927706e-02 
7.480607e-03 9.383825e-02 
7.909631e-03 1.076365e-01 
7.271391e-03 1.026048e-01 
5.909106e-03 7.934089e-02 
3.424223e-03 4.876105e-02 
1.954492e-03 4.139502e-02 
1.953202e-01 1.237046e-01 
2.724928e-02 9.864540e-02 
3.555176e-03 8.681069e-02 
8.608771e-03 1.060285e-01 
8.006337e-03 1.134451e-01 
6.913373e-03 1.088181e-01 
4.100244e-03 7.481564e-02 
3.095466e-05 7.669666e-03 
-1.571855e-03 -3.828536e-02 
4.932059e-02 1.389715e-01 
7.889746e-03 1.908648e-01 
1.226075e-02 2.053636e-01 
9.890197e-03 1.461117e-01 
4.885591e-03 8.091444e-02 
6.885097e-04 1.790217e-02 
-2.790106e-03 -3.795917e-02 
-2.910813e-03 -5.474616e-02 
-8.759298e-04 -2.176029e-02 
-2.964012e-01 3.154773e-02 
2.198064e-02 2.242920e-01 
1.278882e-02 2.694839e-01 
1.122596e-02 1.662256e-01 
6.188685e-03 9.458644e-02 
3.124599e-03 4.760559e-02 
3.340026e-03 2.882950e-02 
6.838373e-03 7.763476e-02 
9.203781e-03 1.974789e-01 
1.560607e-01 2.517894e-01 
3.157505e-02 3.153366e-01 
1.288533e-02 2.528765e-01 
5.572420e-03 1.022214e-01 
-6.081302e-04 -6.523052e-03 
-5.352167e-03 -8.871211e-02 
-1.039596e-02 -1.613002e-01 
-1.205504e-02 -1.938960e-01 
-5.215678e-03 -1.160055e-01 
4.702965e-01 1.587747e-01 
2.920489e-02 2.920377e-01 
4.077461e-02 3.394124e-01 
1.853358e-02 3.063558e-01 
1.457964e-02 2.744911e-01 
1.228540e-02 2.317757e-01 
1.016278e-02 1.703746e-01 
8.502819e-03 1.409110e-01 
8.103833e-03 2.145518e-01 
4.124038e-02 6.282911e-02 
-7.091023e-05 1.197592e-01 
-2.511327e-03 9.244740e-02 
2.016155e-03 1.365893e-03 
-2.055944e-03 -6.886744e-02 
-5.481478e-03 -1.259618e-01 
-1.045802e-02 -1.685870e-01 
-1.044389e-02 -1.668929e-01 
-4.539133e-03 -1.057985e-01 
-6.785810e-02 -1.861183e-01 
-1.185502e-02 -1.221256e-01 
4.646619e-03 -5.479332e-02 
-9.147952e-04 1.834838e-02 
2.063505e-03 6.812962e-02 
4.582997e-03 1.062778e-01 
7.562624e-03 1.285528e-01 
7.763924e-03 1.170868e-01 
4.173436e-03 9.445258e-02 
