poroelastic
-8.620034e-03 7.017186e-01 
2.708227e-02 1.121598e+00 
8.511727e-02 1.176199e+00 
3.719153e-02 7.299900e-01 
1.706067e-02 2.938060e-01 
-2.970646e-03 -2.122130e-01 
-5.043995e-02 -8.406997e-01 
-7.170577e-02 -1.347577e+00 
-3.595494e-02 -1.508175e+00 
-2.591309e+00 1.213552e+00 
-2.785447e-01 2.089180e+00 
-4.979243e-02 2.367914e+00 
6.858609e-02 2.013528e+00 
6.005382e-02 1.589987e+00 
3.783468e-02 9.555189e-01 
-2.311011e-03 1.016312e-01 
-2.989556e-02 -6.004128e-01 
-1.642078e-02 -7.379914e-01 
7.430051e-02 5.851856e-02 
2.144019e-02 7.710749e-01 
4.337131e-02 1.072205e+00 
2.171464e-02 6.844892e-01 
5.277819e-03 2.419557e-01 
-1.105916e-02 -2.628527e-01 
-3.054837e-02 -7.131338e-01 
-2.895323e-02 -8.793326e-01 
-1.175629e-02 -7.457663e-01 
1.403405e-01 8.971625e-01 
2.327265e-02 1.612891e+00 
6.198234e-02 1.442801e+00 
1.488175e-02 5.075865e-01 
-8.745009e-03 -2.365596e-01 
-2.494612e-02 -7.962335e-01 
-3.622138e-02 -1.042889e+00 
-2.394930e-02 -8.144883e-01 
-6.166093e-03 -3.846379e-01 
-9.814649e-01 1.378392e+00 
-9.116407e-03 1.833338e+00 
2.206732e-02 1.732054e+00 
3.206864e-02 1.074227e+00 
1.869825e-02 5.612005e-01 
4.889459e-03 8.575962e-02 
-1.560732e-02 -3.720172e-01 
-2.352896e-02 -6.032862e-01 
-1.054599e-02 -5.333362e-01 
-2.276674e+00 7.369983e-01 
-4.568111e-01 1.553825e+00 
-1.783182e-02 1.870881e+00 
4.748581e-02 1.844639e+00 
4.347046e-02 1.620728e+00 
2.908340e-02 1.089547e+00 
-3.390360e-03 1.760862e-01 
-3.216567e-02 -8.726413e-01 
-2.233191e-02 -1.467288e+00 
6.298009e-01 4.814750e-01 
4.573090e-02 1.402528e+00 
4.103904e-02 1.720363e+00 
2.685602e-02 1.302266e+00 
1.169961e-02 8.211813e-01 
-4.794849e-03 1.586961e-01 
-2.324330e-02 -6.312554e-01 
-2.153245e-02 -1.190683e+00 
-1.040962e-02 -1.300626e+00 
-9.974445e-02 1.551714e+00 
4.060912e-02 2.227231e+00 
5.326798e-02 2.016545e+00 
1.874197e-02 1.002861e+00 
-1.296281e-04 1.673965e-01 
-1.758033e-02 -6.494447e-01 
-3.679460e-02 -1.350836e+00 
-3.334988e-02 -1.558544e+00 
-1.607707e-02 -1.304528e+00 
-2.029556e+00 4.554471e-01 
-2.359671e-01 9.094875e-01 
5.388591e-04 1.203876e+00 
3.512881e-02 1.353750e+00 
3.118287e-02 1.376774e+00 
2.401868e-02 1.168071e+00 
1.206711e-02 6.809578e-01 
1.340018e-04 7.814991e-02 
-3.257931e-03 -2.793669e-01 
1.208077e-02 -2.776964e-01 
1.996133e-02 7.136292e-02 
1.287195e-02 4.745000e-01 
1.053858e-02 6.394468e-01 
5.026228e-03 6.300861e-01 
-3.710401e-03 3.790011e-01 
-1.002607e-02 -1.254648e-01 
-2.597435e-03 -6.876954e-01 
-2.849511e-03 -9.857950e-01 
2.123643e-01 1.292192e+00 
5.286649e-02 2.114948e+00 
4.388157e-02 2.114114e+00 
2.104611e-03 1.285629e+00 
-1.273483e-02 5.055402e-01 
-2.582043e-02 -3.303800e-01 
-2.351382e-02 -1.178559e+00 
-1.461003e-03 -1.648324e+00 
-3.968561e-03 -1.589363e+00 
-1.563590e+00 1.332682e+00 
3.112640e-02 2.070915e+00 
5.514846e-02 2.261232e+00 
3.364563e-02 1.786970e+00 
1.488404e-02 1.268038e+00 
2.072175e-04 6.058124e-01 
-8.586851e-03 -2.385847e-01 
-4.944711e-03 -9.341864e-01 
-7.330610e-03 -1.073661e+00 
4.190721e-01 -5.558118e-01 
1.685524e-01 -3.241168e-01 
4.223115e-02 1.592758e-01 
2.420254e-02 6.135992e-01 
1.386930e-02 8.276778e-01 
5.578945e-03 7.809494e-01 
-1.169211e-03 4.374070e-01 
1.378702e-03 -9.382442e-02 
-2.351671e-04 -3.575064e-01 
5.111277e-01 5.619600e-01 
5.870483e-02 1.284880e+00 
2.998936e-02 1.301304e+00 
-2.056156e-03 6.821643e-01 
-8.878535e-03 1.339136e-01 
-8.841983e-03 -3.578861e-01 
1.421439e-03 -6.533955e-01 
6.176381e-03 -5.034324e-01 
2.012601e-04 -3.161996e-02 
-1.092524e-01 2.009873e+00 
6.949473e-02 2.814954e+00 
-1.641887e-02 2.529535e+00 
-2.215563e-02 1.216515e+00 
-2.312534e-02 6.921022e-02 
-2.537872e-02 -9.812289e-01 
-6.397960e-03 -1.840630e+00 
1.691313e-02 -2.129713e+00 
-5.251248e-04 -1.855706e+00 
-2.392512e+00 1.883523e-01 
-2.123756e-01 6.797697e-01 
1.159243e-01 1.189844e+00 
3.902095e-02 1.652024e+00 
1.445514e-02 1.827007e+00 
1.943093e-03 1.654486e+00 
-5.055445e-03 1.022143e+00 
3.257486e-03 6.471047e-02 
-1.455810e-04 -6.180299e-01 
