poroelastic
5.497136e-02 -2.272692e-01 
3.329596e-02 -3.106750e-01 
1.486183e-03 -2.849823e-01 
-3.154334e-02 -2.269956e-01 
-2.126304e-02 -1.837248e-01 
-1.083324e-02 -1.201135e-01 
8.855178e-04 -2.535191e-02 
5.086141e-03 6.620845e-02 
1.674851e-03 4.770328e-02 
-3.284038e-01 6.065278e-02 
-4.758804e-02 1.658148e-01 
-9.738425e-03 2.438213e-01 
3.007058e-02 2.218163e-01 
2.046557e-02 1.740766e-01 
1.175696e-02 1.142651e-01 
4.158482e-03 5.111901e-02 
-7.102185e-05 8.744266e-03 
-1.057101e-03 -2.576855e-02 
-2.838250e-01 -1.666267e-01 
-1.952008e-02 -2.500358e-01 
-2.102766e-03 -1.759344e-01 
-1.087430e-02 -7.032471e-02 
-2.939951e-03 -6.156404e-03 
-4.455232e-04 2.580970e-02 
-4.484040e-03 7.666500e-03 
-8.293098e-03 -7.455595e-02 
-6.107943e-03 -1.647500e-01 
9.016439e-04 -2.310019e-01 
-3.451293e-02 -2.384513e-01 
-3.742224e-02 -1.433854e-01 
7.502210e-03 -3.309203e-02 
1.270806e-02 4.285578e-02 
1.799966e-02 1.090175e-01 
2.334325e-02 1.762571e-01 
1.646810e-02 2.221939e-01 
6.627689e-03 2.013018e-01 
1.617147e-01 6.015932e-02 
2.994758e-02 3.465570e-02 
3.190276e-02 2.431034e-02 
-8.372589e-03 -2.217570e-02 
-1.607678e-02 -9.589634e-02 
-2.131937e-02 -1.664791e-01 
-2.527842e-02 -1.986575e-01 
-1.694845e-02 -1.837778e-01 
-7.652349e-03 -1.968755e-01 
-3.933952e-01 3.000185e-02 
-7.618794e-02 8.241493e-02 
-2.264774e-02 7.882674e-02 
1.538115e-02 7.814485e-02 
1.482195e-02 9.850548e-02 
1.689945e-02 1.363714e-01 
2.056314e-02 1.773240e-01 
1.354796e-02 1.777841e-01 
4.000694e-03 1.064779e-01 
-3.207172e-01 -3.872149e-01 
-2.557989e-02 -5.273960e-01 
-3.400501e-02 -4.260569e-01 
-1.985929e-02 -1.957192e-01 
-1.909873e-03 -3.612724e-02 
7.052053e-03 7.210371e-02 
7.631105e-03 1.154368e-01 
7.491277e-04 4.994998e-02 
-2.861112e-03 -9.010740e-02 
2.877174e-02 -6.381761e-02 
2.434625e-03 -8.431660e-02 
8.160244e-04 -5.056694e-02 
-3.627527e-03 -1.707994e-02 
-3.159830e-03 -1.657065e-02 
-3.938985e-03 -2.734506e-02 
-5.941166e-03 -4.220224e-02 
-5.261290e-03 -5.718941e-02 
-2.915851e-03 -7.914367e-02 
-5.047577e-01 1.789966e-01 
-2.934869e-02 2.294431e-01 
2.663616e-03 2.491623e-01 
2.772613e-02 2.206484e-01 
2.051112e-02 1.912298e-01 
1.574901e-02 1.587409e-01 
1.156429e-02 1.164549e-01 
5.445910e-03 6.886112e-02 
1.741793e-03 4.392509e-02 
-4.767411e-01 -3.589840e-01 
-8.669811e-02 -5.611051e-01 
-4.106164e-02 -4.796318e-01 
-2.658443e-02 -2.603846e-01 
-6.735260e-03 -8.587612e-02 
4.128193e-03 4.230996e-02 
6.150714e-03 9.517149e-02 
4.783844e-04 3.158958e-02 
-2.043411e-03 -6.141162e-02 
-2.807798e-02 -1.318568e-01 
-6.820200e-03 -1.064442e-01 
-2.275163e-03 -3.199602e-02 
1.374306e-03 2.537932e-02 
1.758888e-03 3.283429e-02 
-4.205934e-04 1.197374e-02 
-4.201474e-03 -3.106020e-02 
-4.325855e-03 -6.665532e-02 
-1.480964e-03 -4.640408e-02 
-6.301363e-01 3.795311e-01 
5.323852e-02 3.673929e-01 
2.317663e-02 3.898311e-01 
3.839713e-02 3.252072e-01 
2.655293e-02 2.712058e-01 
1.988607e-02 2.151264e-01 
1.503676e-02 1.402708e-01 
9.485721e-03 9.435615e-02 
6.301901e-03 1.693579e-01 
-7.392578e-01 -2.640436e-01 
-2.175861e-01 -5.266279e-01 
-5.635704e-02 -4.469679e-01 
-2.978238e-02 -2.616814e-01 
-1.445240e-02 -1.279140e-01 
-7.810666e-03 -5.433919e-02 
-1.110422e-02 -8.151378e-02 
-1.750694e-02 -2.176716e-01 
-9.155153e-03 -2.504501e-01 
6.497309e-02 -4.689627e-01 
-3.737382e-02 -3.810013e-01 
3.609277e-03 -1.640468e-01 
3.148919e-02 1.631657e-01 
3.178576e-02 3.598223e-01 
3.255836e-02 4.315861e-01 
2.416153e-02 3.605663e-01 
8.733708e-03 1.669658e-01 
1.686943e-03 5.994692e-02 
3.608298e-02 1.269633e-01 
-1.195107e-03 3.677009e-02 
-4.639111e-03 3.688118e-03 
2.609274e-04 2.541784e-02 
-9.554550e-04 7.102187e-03 
-3.848166e-03 -3.431041e-02 
-1.041948e-02 -9.468577e-02 
-1.073847e-02 -1.437739e-01 
-4.518249e-03 -1.513893e-01 
-3.590088e-01 4.871960e-01 
1.589858e-02 2.763717e-01 
1.062246e-02 7.925741e-02 
9.500849e-04 -9.466441e-03 
-1.902704e-03 -4.343595e-02 
-9.147228e-05 -2.806457e-02 
7.623612e-03 4.342472e-02 
1.079099e-02 1.443444e-01 
5.199028e-03 1.789353e-01 
