poroelastic
-3.023251e-02 -1.501177e-02 
-3.633623e-02 -1.577972e-02 
-3.485813e-02 4.894979e-02 
1.619167e-02 1.996020e-01 
1.831734e-02 2.596699e-01 
1.480345e-02 2.415972e-01 
6.101823e-03 1.344208e-01 
-1.954352e-03 -2.176753e-02 
-2.223756e-03 -7.747435e-02 
8.131955e-01 -5.098529e-01 
1.161954e-01 -6.613203e-01 
2.740527e-02 -6.047879e-01 
-2.404999e-02 -3.912806e-01 
-1.474124e-02 -2.358847e-01 
-7.277018e-03 -1.214015e-01 
-2.792936e-03 -4.635204e-02 
-9.835966e-04 -2.071869e-02 
1.313039e-05 3.896719e-04 
6.605510e-01 5.648565e-01 
1.249733e-02 5.344005e-01 
-1.058279e-02 3.644427e-01 
1.324513e-02 2.159536e-01 
6.263400e-03 1.014003e-01 
1.570366e-03 1.910866e-02 
7.844207e-04 -1.141281e-02 
3.601828e-03 4.277940e-02 
4.323234e-03 1.420374e-01 
2.962708e-02 3.329975e-01 
5.537559e-03 2.321147e-01 
1.411936e-02 1.121221e-01 
3.562068e-04 2.882861e-02 
-2.090055e-03 -2.272732e-02 
-4.004600e-03 -6.121764e-02 
-6.315157e-03 -9.979496e-02 
-5.587262e-03 -1.137562e-01 
-2.089919e-03 -7.083643e-02 
1.902006e-01 -4.670227e-01 
4.973660e-03 -4.537907e-01 
-1.807544e-02 -3.462464e-01 
-8.702226e-03 -1.267510e-01 
1.405981e-03 3.192705e-02 
7.306186e-03 1.345451e-01 
1.026695e-02 1.628877e-01 
6.032086e-03 1.005549e-01 
2.004171e-03 5.635482e-02 
9.575880e-01 -5.093019e-01 
1.648655e-01 -6.968569e-01 
1.571672e-02 -5.379600e-01 
-1.260467e-02 -2.830843e-01 
-6.134990e-03 -1.250440e-01 
-2.049322e-03 -4.260438e-02 
-2.836457e-03 -3.448795e-02 
-5.728594e-03 -9.090991e-02 
-3.633553e-03 -1.087510e-01 
5.255794e-01 6.267522e-01 
-1.631545e-02 6.371377e-01 
2.774419e-03 5.178777e-01 
1.515932e-02 3.192340e-01 
7.289106e-03 1.581964e-01 
1.382375e-03 3.093412e-02 
-2.219807e-03 -5.257756e-02 
-9.088892e-04 -4.106337e-02 
1.973605e-03 6.771680e-02 
2.997991e-02 -1.182969e-01 
3.262249e-03 -1.229568e-01 
-1.432825e-03 -1.331321e-01 
-4.857011e-03 -1.125763e-01 
-3.820436e-03 -7.619643e-02 
-2.005542e-03 -3.225600e-02 
1.043565e-03 1.380051e-02 
3.495949e-03 4.868217e-02 
2.920412e-03 8.108240e-02 
9.515254e-01 -5.341056e-01 
7.667242e-02 -6.229194e-01 
1.073461e-02 -5.694646e-01 
-1.412716e-02 -4.406806e-01 
-1.316660e-02 -3.208153e-01 
-9.704249e-03 -2.084003e-01 
-5.688171e-03 -1.042436e-01 
-1.946820e-03 -3.399124e-02 
-4.171547e-04 -1.078126e-02 
8.147019e-01 6.486428e-01 
7.333834e-02 7.697114e-01 
1.066100e-02 6.154605e-01 
1.382237e-02 3.692038e-01 
7.307156e-03 1.808729e-01 
1.791023e-03 4.427845e-02 
-9.651126e-04 -2.278705e-02 
9.502891e-04 6.625971e-03 
2.264687e-03 6.729602e-02 
6.906872e-03 1.942541e-01 
4.433013e-03 1.275439e-01 
2.512159e-03 6.339929e-03 
-3.276334e-03 -1.129975e-01 
-5.784750e-03 -1.492297e-01 
-5.553403e-03 -1.211504e-01 
-1.649931e-03 -3.647993e-02 
3.689107e-03 5.988097e-02 
3.014640e-03 8.594808e-02 
8.363892e-01 -6.299608e-01 
-3.843245e-02 -6.076842e-01 
-9.911211e-04 -6.028476e-01 
-8.978722e-03 -5.105887e-01 
-1.229716e-02 -3.967844e-01 
-1.063313e-02 -2.653393e-01 
-6.057551e-03 -1.155066e-01 
-2.073813e-03 -2.002355e-02 
-2.755936e-03 -6.690910e-02 
1.073035e+00 6.377095e-01 
2.072962e-01 8.724032e-01 
2.742792e-02 6.347260e-01 
3.121425e-03 2.915974e-01 
2.688575e-04 8.414467e-02 
-3.616740e-03 -1.431166e-02 
-1.861271e-03 1.775075e-02 
1.193250e-02 1.684339e-01 
9.693736e-03 2.345506e-01 
1.194657e-01 7.522775e-01 
1.900925e-02 6.118668e-01 
-3.005670e-03 3.227561e-01 
5.747976e-03 -1.047614e-01 
-2.604534e-03 -3.424074e-01 
-1.100209e-02 -4.218285e-01 
-1.365274e-02 -3.297315e-01 
-4.204272e-03 -9.869038e-02 
1.801365e-03 4.911193e-02 
8.143396e-02 -3.406935e-01 
-1.579677e-02 -2.816364e-01 
-5.953322e-03 -2.533247e-01 
-5.273001e-03 -2.321020e-01 
-7.849438e-03 -1.582595e-01 
-6.386954e-03 -4.770267e-02 
2.938892e-03 8.479708e-02 
1.070050e-02 1.518145e-01 
4.687236e-03 1.133416e-01 
7.381901e-01 -8.042014e-01 
9.098665e-03 -6.584113e-01 
-1.158521e-02 -3.848870e-01 
6.421919e-04 -1.526814e-01 
2.234886e-03 3.589071e-03 
6.454301e-03 8.331323e-02 
4.922095e-03 5.941666e-02 
-8.983604e-03 -9.345527e-02 
-9.987434e-03 -2.452361e-01 
