poroelastic
-4.645389e-04 -1.991524e-01 
-2.448222e-02 -2.259955e-01 
-3.172580e-02 -8.594531e-02 
1.787041e-02 1.108928e-01 
2.148745e-02 1.731357e-01 
1.554953e-02 1.487361e-01 
3.263098e-03 3.699442e-02 
2.319574e-01 2.623663e-01 
-9.976611e-04 1.796220e-01 
1.324467e-03 1.914875e-01 
2.904776e-02 2.318244e-01 
1.505342e-02 1.526348e-01 
-8.724141e-04 1.648023e-02 
-1.269697e-02 -1.558777e-01 
1.174795e-01 -4.939314e-01 
-3.423507e-02 -3.497566e-01 
-3.484115e-02 -1.035709e-01 
2.132301e-02 1.025078e-01 
2.219897e-02 1.811837e-01 
1.781703e-02 1.782565e-01 
8.274819e-03 1.085961e-01 
4.755063e-04 -3.554130e-02 
-1.256164e-02 -6.637614e-02 
-7.314387e-03 1.610010e-02 
1.340110e-02 1.026335e-01 
9.939212e-03 9.592936e-02 
3.189363e-03 4.135286e-02 
-3.799895e-03 -4.793576e-02 
1.818462e-01 3.002611e-01 
2.050150e-02 2.205834e-01 
1.401384e-02 1.583153e-01 
1.369109e-02 1.326241e-01 
1.933663e-03 4.603743e-02 
-7.689121e-03 -5.785125e-02 
-1.287775e-02 -1.634296e-01 
-8.263465e-02 -4.383435e-01 
-4.928465e-02 -2.243800e-01 
-3.123058e-02 3.098095e-02 
3.586847e-02 2.106837e-01 
3.053144e-02 2.696615e-01 
2.312412e-02 2.412748e-01 
1.091682e-02 1.441862e-01 
7.108895e-02 1.852940e-01 
-2.211381e-02 1.775886e-01 
8.327102e-03 2.159989e-01 
2.287841e-02 1.931118e-01 
1.107897e-02 1.184435e-01 
1.277622e-03 2.489947e-02 
-5.300072e-03 -7.116466e-02 
2.621002e-01 3.680403e-01 
4.644771e-02 3.368957e-01 
2.014560e-02 2.204750e-01 
1.027520e-02 1.085617e-01 
-1.884757e-03 1.352277e-03 
-7.794205e-03 -7.459524e-02 
-7.830698e-03 -1.024426e-01 
-1.522777e-01 -3.413931e-01 
-2.279745e-02 -8.935328e-02 
-1.450324e-02 1.060418e-01 
2.922964e-02 1.899771e-01 
2.345669e-02 2.148636e-01 
1.939984e-02 2.015220e-01 
1.412653e-02 1.880654e-01 
1.499371e-01 3.621910e-01 
-1.143871e-03 3.431202e-01 
2.675149e-02 3.032312e-01 
1.313660e-02 1.548441e-01 
-3.750261e-04 1.936863e-02 
-9.312844e-03 -9.398590e-02 
-1.232333e-02 -1.666251e-01 
4.669362e-01 4.487592e-01 
1.176513e-01 5.447235e-01 
3.780250e-02 4.214488e-01 
2.089813e-02 2.279979e-01 
4.279879e-03 6.593736e-02 
-6.464231e-03 -6.480545e-02 
-1.248015e-02 -1.644361e-01 
-4.047426e-01 -2.706224e-01 
3.979602e-02 3.037420e-02 
-3.295834e-03 2.419717e-01 
4.598608e-02 3.416272e-01 
3.571324e-02 3.780584e-01 
3.132342e-02 3.610207e-01 
2.139997e-02 2.975593e-01 
-4.177445e-02 3.127717e-01 
3.019343e-02 1.930906e-01 
1.730131e-02 1.146618e-01 
-4.145979e-03 3.230217e-04 
-1.797482e-02 -1.476531e-01 
-2.742919e-02 -3.082681e-01 
-3.536905e-02 -4.875418e-01 
1.232824e-02 -5.101422e-01 
-5.644488e-02 -2.785214e-01 
-9.898178e-03 2.021060e-02 
2.113989e-02 2.104583e-01 
2.198355e-02 2.640441e-01 
1.701661e-02 2.134910e-01 
3.905396e-03 5.211111e-02 
-1.646220e-01 -2.231152e-01 
2.279919e-02 -1.762202e-02 
7.247512e-03 1.432283e-01 
2.411065e-02 2.488767e-01 
2.267380e-02 2.619406e-01 
1.683577e-02 2.096704e-01 
5.979295e-03 8.176972e-02 
1.028697e-01 3.103042e-01 
2.157602e-02 2.521355e-01 
1.576240e-02 1.944036e-01 
7.794559e-03 1.090045e-01 
-3.135061e-03 -1.613190e-02 
-1.301526e-02 -1.579600e-01 
-2.292773e-02 -3.155891e-01 
-9.894051e-02 -3.453385e-01 
-3.222849e-02 -4.357454e-02 
1.466299e-02 1.789081e-01 
1.765615e-02 2.086109e-01 
1.288403e-02 1.761548e-01 
7.124970e-03 9.774626e-02 
-8.388989e-04 -1.166148e-02 
-1.367982e-01 5.136952e-02 
5.235797e-02 2.537607e-01 
2.858446e-02 3.019160e-01 
1.617140e-02 2.244289e-01 
1.147244e-02 1.576600e-01 
6.739747e-03 9.199554e-02 
1.778725e-03 2.425241e-02 
2.024755e-01 3.945063e-01 
4.915580e-02 4.025283e-01 
2.135997e-02 2.945563e-01 
8.739366e-03 1.233651e-01 
-2.260536e-03 -2.378442e-02 
-1.110547e-02 -1.521875e-01 
-1.918635e-02 -2.707386e-01 
-2.095425e-01 -3.839341e-01 
4.280872e-04 -3.094103e-02 
2.874606e-02 1.861953e-01 
1.617482e-02 2.299423e-01 
1.403116e-02 2.212726e-01 
1.095189e-02 1.687733e-01 
4.431852e-03 6.893626e-02 
