poroelastic
1.320257e-02 -8.510887e-03 
1.521017e-02 6.171971e-03 
1.269454e-02 -5.883563e-03 
-1.143659e-02 -7.122782e-02 
-9.891569e-03 -9.548651e-02 
-6.800312e-03 -8.807969e-02 
-3.135235e-03 -6.856046e-02 
-1.007074e+00 -4.233768e-01 
2.013437e-02 -6.004160e-01 
4.580037e-02 -5.856831e-01 
-8.366404e-02 -5.615303e-01 
-6.051621e-02 -5.475480e-01 
-4.000945e-02 -5.114902e-01 
-1.898081e-02 -4.653080e-01 
-9.683586e-01 2.275800e-01 
-1.694345e-01 3.792996e-01 
-4.546446e-02 4.633320e-01 
8.267417e-02 4.872844e-01 
5.547161e-02 5.253218e-01 
4.198171e-02 5.621807e-01 
2.196831e-02 6.015930e-01 
-2.016039e-02 -1.420402e-01 
2.436224e-02 -1.193255e-01 
9.843972e-03 -9.487645e-02 
-1.807622e-02 -1.185508e-01 
-1.300513e-02 -1.301605e-01 
-9.411906e-03 -1.300199e-01 
-4.905676e-03 -1.264175e-01 
-1.169740e+00 -3.476263e-01 
-1.011619e-01 -6.268553e-01 
2.699788e-02 -6.566229e-01 
-8.875383e-02 -6.665778e-01 
-7.002219e-02 -6.786743e-01 
-4.906731e-02 -6.723280e-01 
-2.617632e-02 -6.645324e-01 
-9.528865e-01 2.965468e-01 
-1.097614e-01 4.050182e-01 
-2.788560e-02 4.895859e-01 
7.909196e-02 5.235815e-01 
5.240525e-02 5.634166e-01 
4.036547e-02 5.913505e-01 
2.255222e-02 6.059503e-01 
-4.749464e-02 -2.284726e-01 
1.736216e-03 -1.608189e-01 
-6.483580e-03 -1.044845e-01 
-4.293023e-03 -6.685677e-02 
-1.350084e-04 -1.981520e-02 
2.235288e-03 2.617970e-02 
2.142630e-03 5.988613e-02 
-1.243311e+00 -3.511728e-01 
-2.224621e-01 -7.001810e-01 
-1.583698e-02 -7.242667e-01 
-7.940788e-02 -7.033193e-01 
-6.118146e-02 -6.808042e-01 
-4.199254e-02 -6.437647e-01 
-2.305238e-02 -6.050677e-01 
-8.822903e-01 4.285623e-01 
-1.670746e-02 4.750911e-01 
7.880606e-04 5.419567e-01 
6.554623e-02 5.386596e-01 
4.206573e-02 5.314263e-01 
3.124101e-02 5.048422e-01 
1.720336e-02 4.615883e-01 
-9.793423e-02 -2.911517e-01 
2.491341e-03 -1.525387e-01 
-3.778124e-03 -6.904316e-02 
-1.153655e-03 -3.677468e-03 
4.453457e-04 2.248549e-02 
-8.623928e-04 2.224335e-03 
-3.137336e-03 -8.663244e-02 
-1.144728e+00 -4.729204e-01 
-3.050877e-01 -8.624524e-01 
-6.328841e-02 -7.707208e-01 
-4.755895e-02 -5.373253e-01 
-2.936853e-02 -4.021699e-01 
-2.004532e-02 -3.486677e-01 
-1.546690e-02 -4.032210e-01 
-8.074960e-01 4.031308e-01 
8.502073e-02 2.705060e-01 
1.398947e-02 3.864791e-01 
5.848618e-02 5.261591e-01 
3.943540e-02 6.013096e-01 
3.319517e-02 6.167762e-01 
2.078081e-02 5.796405e-01 
-9.231563e-01 -4.908456e-01 
4.535296e-02 -6.010076e-01 
-4.741708e-02 -6.748708e-01 
-5.360812e-02 -6.857210e-01 
-4.444823e-02 -6.749257e-01 
-3.291785e-02 -6.406405e-01 
-2.187545e-02 -5.916672e-01 
-1.210193e+00 4.866395e-01 
-1.971701e-01 6.295407e-01 
1.474748e-02 5.220927e-01 
3.674267e-02 4.594838e-01 
2.633223e-02 4.628422e-01 
2.558921e-02 5.081797e-01 
2.340267e-02 5.975141e-01 
6.240152e-02 1.728965e-01 
-2.177046e-02 -1.240329e-01 
-1.351750e-02 -2.198405e-01 
-8.725133e-03 -1.719004e-01 
-3.235222e-03 -8.378972e-02 
2.149911e-03 2.966319e-02 
5.866352e-03 1.531877e-01 
-1.057280e+00 -5.995683e-01 
-1.005591e-01 -8.553962e-01 
-7.882100e-02 -8.682161e-01 
-4.127332e-02 -7.192599e-01 
-3.189646e-02 -6.040013e-01 
-2.369307e-02 -5.214311e-01 
-1.913193e-02 -4.936133e-01 
-1.381345e+00 5.611412e-01 
-1.401060e-01 6.812431e-01 
5.955640e-02 6.560228e-01 
4.231140e-02 6.898352e-01 
2.866880e-02 6.859439e-01 
2.613491e-02 6.350389e-01 
2.029310e-02 5.289548e-01 
-3.587830e-02 1.200526e-01 
5.076905e-03 -8.698541e-02 
2.885393e-03 -8.666502e-02 
2.266100e-03 4.703406e-02 
5.162584e-03 1.251356e-01 
6.399688e-03 1.579879e-01 
4.879228e-03 1.240808e-01 
-1.093020e+00 -6.260900e-01 
-2.373472e-01 -9.666082e-01 
-1.021173e-01 -9.426615e-01 
-3.261452e-02 -7.229471e-01 
-2.380796e-02 -5.660245e-01 
-1.820491e-02 -4.620528e-01 
-1.602571e-02 -4.253728e-01 
-1.246597e+00 7.210323e-01 
3.869631e-02 5.535138e-01 
7.634203e-02 4.427029e-01 
1.897509e-02 4.555801e-01 
1.450155e-02 4.711492e-01 
1.589069e-02 4.816697e-01 
1.635530e-02 4.998003e-01 
