poroelastic
-4.725546e-02 3.143126e-01 
-3.081079e-02 4.496414e-01 
-2.456933e-03 3.710385e-01 
3.799718e-03 1.250590e-01 
-3.511925e-04 -2.097750e-03 
-9.681843e-04 -4.663487e-02 
-3.006190e-05 -2.221068e-03 
-8.015671e-01 -5.946684e-01 
4.117165e-02 -3.381037e-01 
4.626012e-02 -2.824186e-01 
-2.322399e-02 -4.103339e-01 
-1.472375e-02 -4.194218e-01 
-8.092886e-03 -3.614933e-01 
-2.085990e-03 -2.370677e-01 
-8.494212e-01 7.757941e-01 
-1.433101e-01 8.711130e-01 
-2.108933e-02 6.356934e-01 
1.085647e-02 3.064990e-01 
4.812728e-03 1.458614e-01 
2.836492e-03 1.096518e-01 
9.367840e-04 1.952358e-01 
5.018617e-03 7.005146e-02 
-5.019518e-03 2.104362e-01 
5.030385e-03 1.512737e-01 
-2.065116e-03 -2.729780e-02 
-1.966433e-03 -8.830889e-02 
-9.836947e-04 -8.073003e-02 
-4.963307e-05 -9.072308e-03 
-8.066593e-01 -6.294153e-01 
-3.456547e-02 -4.933929e-01 
2.198084e-02 -3.571006e-01 
-1.150306e-02 -3.628873e-01 
-7.679900e-03 -3.214288e-01 
-4.110017e-03 -2.690940e-01 
-1.089062e-03 -2.199359e-01 
-6.993786e-01 7.351993e-01 
-8.191757e-02 7.588121e-01 
-1.276604e-02 5.839522e-01 
7.408568e-03 3.402205e-01 
2.820081e-03 1.841401e-01 
9.201009e-04 8.918550e-02 
1.270482e-04 4.243813e-02 
-1.949343e-03 -1.823250e-01 
-3.481052e-03 1.808721e-02 
-3.423863e-04 5.604379e-02 
3.455846e-04 1.660534e-02 
9.192565e-05 7.997853e-03 
2.415593e-05 5.522046e-03 
-2.446897e-06 -1.760618e-03 
-9.013878e-01 -6.928761e-01 
-9.897257e-02 -6.445538e-01 
5.896879e-03 -4.339843e-01 
-5.187117e-03 -3.258980e-01 
-3.720646e-03 -2.561384e-01 
-2.022191e-03 -2.294211e-01 
-4.971192e-04 -2.547804e-01 
-5.976380e-01 7.031491e-01 
-2.497768e-02 6.466917e-01 
-6.911198e-03 5.408539e-01 
3.885965e-03 3.891824e-01 
1.295031e-03 2.343970e-01 
1.249760e-04 8.201350e-02 
-8.896855e-05 -7.203957e-02 
-1.768968e-02 -4.306092e-01 
-8.323397e-03 -1.507034e-01 
-1.784367e-03 6.994036e-03 
1.464171e-03 1.281461e-01 
5.625990e-04 1.560818e-01 
1.551724e-04 1.116500e-01 
-1.452785e-06 -9.820710e-03 
-1.001656e+00 -8.188120e-01 
-1.654942e-01 -8.945140e-01 
-9.540568e-03 -5.908303e-01 
1.520366e-04 -2.835935e-01 
-1.004019e-04 -1.325733e-01 
-3.114060e-06 -9.450572e-02 
-2.656997e-04 -1.617907e-01 
-3.856719e-01 6.060598e-01 
2.559747e-02 3.883051e-01 
-8.315255e-04 3.135340e-01 
-8.426210e-04 2.584857e-01 
-3.437948e-04 1.640858e-01 
6.841444e-05 6.225095e-02 
-5.305731e-05 -2.300982e-02 
-3.396469e-01 -5.698981e-01 
2.321003e-02 -3.069071e-01 
-2.627185e-03 -2.264514e-01 
2.364789e-03 -1.716043e-01 
7.184977e-04 -1.295242e-01 
1.072188e-04 -9.103153e-02 
-6.496724e-05 -2.039290e-02 
-1.001683e+00 8.030508e-01 
-1.829831e-01 9.374752e-01 
-1.153062e-02 6.596506e-01 
-6.548466e-03 3.576922e-01 
-2.075664e-03 1.618526e-01 
-8.152673e-04 7.109818e-02 
5.036930e-04 1.318328e-01 
-7.562259e-02 4.846604e-01 
7.104374e-04 2.382383e-01 
-3.508883e-03 9.299224e-02 
2.513271e-03 -4.111867e-02 
1.696305e-03 -1.128119e-01 
3.560867e-04 -1.187185e-01 
-6.291673e-05 -1.432634e-02 
-6.045625e-01 -6.106057e-01 
-1.899864e-02 -5.172922e-01 
-1.255376e-02 -4.278456e-01 
1.174232e-02 -3.267771e-01 
4.704414e-03 -2.525586e-01 
1.598283e-03 -1.880695e-01 
-4.483259e-04 -1.063949e-01 
-9.234090e-01 6.686067e-01 
-1.222714e-01 7.107200e-01 
7.649201e-03 5.399484e-01 
-1.569499e-02 4.260919e-01 
-8.233804e-03 3.233656e-01 
-3.283918e-03 2.451933e-01 
6.724898e-04 2.038761e-01 
-4.293199e-02 2.424421e-01 
1.029694e-02 7.016598e-02 
2.380406e-03 5.042920e-02 
-2.700048e-03 8.272403e-02 
-7.796302e-04 6.556838e-02 
3.036370e-04 2.230851e-02 
-1.843704e-04 -4.291291e-02 
-7.608613e-01 -6.262400e-01 
-9.485100e-02 -6.231486e-01 
-2.678013e-02 -4.786367e-01 
1.922151e-02 -3.197217e-01 
1.005739e-02 -2.598927e-01 
5.711941e-03 -2.688944e-01 
-1.182390e-03 -3.440539e-01 
-9.715286e-01 6.850871e-01 
-1.231552e-02 5.645664e-01 
3.364190e-02 4.493273e-01 
-2.513065e-02 4.424540e-01 
-1.360264e-02 3.837535e-01 
-5.511102e-03 2.965817e-01 
2.784930e-05 1.792030e-01 
