poroelastic
1.760361e-02 -4.177347e-02 
1.310959e-02 -1.166887e-01 
-4.041585e-03 -1.573456e-01 
-7.942471e-03 -9.119279e-02 
-1.653362e-03 -2.743683e-02 
2.673713e-03 2.546307e-02 
5.442613e-03 7.709610e-02 
6.976126e-01 4.257063e-01 
-5.929137e-02 4.130114e-01 
-7.259716e-02 3.272905e-01 
3.893161e-02 3.290354e-01 
3.933840e-02 3.608963e-01 
3.351234e-02 3.864181e-01 
2.614439e-02 4.064456e-01 
9.338482e-01 -2.688272e-01 
2.010488e-01 -4.736251e-01 
7.324283e-02 -5.341274e-01 
-5.642093e-02 -4.751157e-01 
-3.981269e-02 -4.478858e-01 
-3.328646e-02 -4.275522e-01 
-2.548245e-02 -4.224054e-01 
6.602223e-04 6.931841e-02 
-8.004458e-03 -9.764001e-03 
-1.225837e-02 -5.763366e-02 
3.665444e-04 -1.196496e-02 
3.752691e-03 3.325135e-02 
6.161284e-03 7.362982e-02 
7.227016e-03 1.105952e-01 
9.354224e-01 4.001000e-01 
1.293236e-02 5.120298e-01 
-7.729808e-02 4.657205e-01 
4.382748e-02 4.690069e-01 
5.051718e-02 5.056324e-01 
4.468415e-02 5.455903e-01 
3.904631e-02 6.013157e-01 
1.017713e+00 -3.042452e-01 
1.672119e-01 -4.944640e-01 
7.200754e-02 -6.050152e-01 
-6.321181e-02 -6.052183e-01 
-4.650029e-02 -5.886798e-01 
-3.914771e-02 -5.356710e-01 
-2.810288e-02 -4.462172e-01 
-2.604012e-02 1.244140e-01 
2.355805e-02 -3.202349e-02 
5.239002e-03 -1.309176e-01 
-1.151352e-02 -1.347843e-01 
-8.114273e-03 -1.099926e-01 
-3.734622e-03 -5.680820e-02 
1.926263e-03 3.039789e-02 
1.032051e+00 3.992960e-01 
1.036386e-01 5.735204e-01 
-4.951128e-02 5.149912e-01 
3.489267e-02 4.922139e-01 
4.468621e-02 5.149577e-01 
4.176333e-02 5.528487e-01 
4.067797e-02 6.141816e-01 
9.880080e-01 -4.279400e-01 
7.894142e-02 -5.730684e-01 
4.516304e-02 -6.828558e-01 
-5.547653e-02 -6.610801e-01 
-4.290349e-02 -5.955156e-01 
-3.426555e-02 -4.772552e-01 
-2.066651e-02 -3.119957e-01 
-2.901797e-02 2.038909e-01 
2.017875e-02 -3.149639e-02 
-2.013941e-03 -1.629173e-01 
-1.364560e-02 -1.964554e-01 
-9.927593e-03 -1.487104e-01 
-1.650758e-03 -2.710468e-02 
1.240120e-02 1.879341e-01 
9.158077e-01 5.072887e-01 
1.655059e-01 7.002512e-01 
3.786462e-03 5.210437e-01 
1.552380e-02 3.080120e-01 
1.580881e-02 2.394789e-01 
1.807430e-02 2.804004e-01 
3.116043e-02 4.535114e-01 
9.863724e-01 -4.397564e-01 
-5.303444e-02 -4.159774e-01 
3.559153e-02 -5.848655e-01 
-4.981404e-02 -6.836283e-01 
-4.115843e-02 -6.774417e-01 
-3.833153e-02 -5.781072e-01 
-2.663022e-02 -4.047817e-01 
6.733529e-01 4.423981e-01 
-8.697415e-02 4.107489e-01 
-2.346221e-02 4.155743e-01 
1.454394e-02 4.479896e-01 
3.322598e-02 5.158967e-01 
3.743041e-02 5.923069e-01 
4.555068e-02 6.770109e-01 
1.403691e+00 -4.811012e-01 
3.121102e-01 -7.998682e-01 
3.673024e-02 -7.608692e-01 
-2.799889e-02 -6.517120e-01 
-2.808866e-02 -5.622432e-01 
-2.914602e-02 -4.828984e-01 
-2.908784e-02 -4.252634e-01 
1.259421e-01 -3.114724e-01 
-1.309931e-02 -1.074607e-01 
1.099460e-03 -6.090741e-02 
-1.665764e-03 -4.507289e-02 
-2.205352e-03 -4.287537e-02 
-3.248978e-03 -5.426110e-02 
-4.950506e-03 -7.470603e-02 
8.518573e-01 5.685495e-01 
1.277566e-02 6.836201e-01 
8.010143e-03 6.507103e-01 
1.277437e-02 5.441816e-01 
2.533826e-02 5.000761e-01 
2.771512e-02 5.002569e-01 
3.729777e-02 5.571548e-01 
1.555021e+00 -5.535718e-01 
2.472277e-01 -8.388750e-01 
-2.151530e-03 -8.623507e-01 
-2.691676e-02 -8.392365e-01 
-2.908993e-02 -7.570511e-01 
-3.257153e-02 -6.164145e-01 
-2.881573e-02 -4.303249e-01 
1.555569e-01 -2.932889e-01 
-3.341309e-02 -1.908581e-01 
-6.907491e-03 -2.207883e-01 
-6.105665e-03 -2.544111e-01 
-9.918199e-03 -2.131630e-01 
-7.600111e-03 -1.242034e-01 
8.731414e-04 1.247619e-02 
8.645729e-01 5.609458e-01 
1.216159e-01 7.274571e-01 
2.539177e-02 6.456340e-01 
1.861560e-03 4.936561e-01 
1.615433e-02 4.503999e-01 
2.355099e-02 4.867686e-01 
4.104721e-02 6.104932e-01 
1.574252e+00 -6.384572e-01 
2.730891e-02 -6.539632e-01 
-4.338692e-02 -6.582026e-01 
-8.791037e-03 -7.016837e-01 
-1.884022e-02 -6.723614e-01 
-2.622061e-02 -5.842396e-01 
-2.760806e-02 -4.520325e-01 
