poroelastic
3.195851e-02 -1.009440e-01 
2.769183e-02 -2.013255e-01 
9.447032e-03 -2.403345e-01 
-7.316862e-03 -1.611033e-01 
-3.920550e-03 -8.038725e-02 
-4.237191e-04 -8.474270e-03 
2.761979e-03 5.631236e-02 
9.462759e-01 4.932042e-01 
-6.577199e-02 4.620811e-01 
-8.906012e-02 4.106190e-01 
2.019045e-02 4.466703e-01 
2.480035e-02 4.841141e-01 
2.389257e-02 5.122036e-01 
2.263110e-02 5.305211e-01 
1.056082e+00 -3.622569e-01 
2.315367e-01 -6.200964e-01 
8.324757e-02 -6.577743e-01 
-2.257271e-02 -5.794564e-01 
-2.166341e-02 -5.228989e-01 
-1.958264e-02 -4.845969e-01 
-1.788117e-02 -4.712078e-01 
6.266948e-04 4.591614e-02 
-2.614204e-03 -4.328497e-02 
-6.919375e-03 -7.589381e-02 
-8.633201e-04 -1.824892e-02 
1.082786e-03 2.928139e-02 
2.688185e-03 6.913343e-02 
4.056517e-03 1.013255e-01 
1.105212e+00 4.399824e-01 
4.115884e-02 5.433953e-01 
-7.645060e-02 5.107197e-01 
1.073651e-02 5.351220e-01 
2.276093e-02 5.786736e-01 
2.410728e-02 6.285896e-01 
2.681306e-02 6.932820e-01 
1.092027e+00 -3.788233e-01 
1.713306e-01 -6.158774e-01 
7.623995e-02 -7.097445e-01 
-1.946018e-02 -6.936411e-01 
-2.044340e-02 -6.460865e-01 
-1.966699e-02 -5.728112e-01 
-1.729868e-02 -4.737977e-01 
-3.823510e-02 1.066934e-01 
2.077782e-02 -6.338623e-02 
7.085597e-03 -1.538611e-01 
-4.348112e-03 -1.474470e-01 
-3.609269e-03 -1.119618e-01 
-1.760387e-03 -4.891577e-02 
1.657847e-03 4.590444e-02 
1.156837e+00 4.092558e-01 
1.370332e-01 5.769788e-01 
-4.561574e-02 5.326683e-01 
4.078473e-04 5.363634e-01 
1.535014e-02 5.725071e-01 
1.914444e-02 6.244375e-01 
2.565288e-02 6.963396e-01 
1.049137e+00 -4.703283e-01 
6.747901e-02 -6.529412e-01 
5.408352e-02 -7.497554e-01 
-9.938909e-03 -7.196440e-01 
-1.465697e-02 -6.419348e-01 
-1.582941e-02 -5.288611e-01 
-1.425714e-02 -3.878558e-01 
-5.024707e-02 1.763083e-01 
1.906300e-02 -7.441337e-02 
2.472599e-03 -2.007392e-01 
-4.740480e-03 -2.143519e-01 
-4.762570e-03 -1.457812e-01 
-1.404944e-03 -9.887825e-03 
7.356749e-03 2.003932e-01 
1.003902e+00 4.876117e-01 
1.804474e-01 6.682646e-01 
-4.433164e-03 5.070039e-01 
-7.382584e-03 3.362865e-01 
1.641384e-03 2.997622e-01 
7.067908e-03 3.631387e-01 
2.085811e-02 5.378058e-01 
1.010787e+00 -4.430638e-01 
-7.701630e-02 -4.703832e-01 
3.900011e-02 -6.297250e-01 
6.642158e-03 -7.365603e-01 
-6.965428e-03 -7.293299e-01 
-1.559270e-02 -6.390112e-01 
-1.900707e-02 -4.786331e-01 
7.333215e-01 4.142132e-01 
-8.013623e-02 3.555668e-01 
-1.831736e-02 3.983608e-01 
-2.115609e-02 4.651999e-01 
7.247275e-04 5.458569e-01 
1.191288e-02 6.285719e-01 
2.854298e-02 7.026460e-01 
1.348062e+00 -4.420695e-01 
3.134938e-01 -8.040575e-01 
4.468919e-02 -7.700437e-01 
2.074730e-02 -6.569331e-01 
1.081321e-03 -5.597666e-01 
-8.604959e-03 -4.873432e-01 
-1.928648e-02 -4.615896e-01 
1.077895e-01 -2.966654e-01 
-1.069140e-02 -1.260816e-01 
7.437789e-04 -7.252421e-02 
1.210420e-03 -4.857965e-02 
1.540189e-04 -2.633795e-02 
-5.555219e-05 -1.745105e-02 
-1.472623e-03 -3.460091e-02 
8.816738e-01 5.133197e-01 
1.857227e-02 6.106436e-01 
3.057655e-03 6.163055e-01 
-2.938114e-02 5.419826e-01 
-5.260385e-03 5.109748e-01 
6.072118e-03 5.076368e-01 
2.230309e-02 5.314686e-01 
1.469960e+00 -4.641143e-01 
2.376364e-01 -7.975466e-01 
1.055314e-02 -8.317249e-01 
3.757673e-02 -8.167312e-01 
9.034171e-03 -7.478123e-01 
-8.024455e-03 -6.385495e-01 
-2.119158e-02 -5.065823e-01 
1.202041e-01 -2.825130e-01 
-2.805257e-02 -2.165110e-01 
-1.739648e-03 -2.182947e-01 
5.879939e-03 -2.143153e-01 
-1.348687e-03 -1.532235e-01 
-2.396472e-03 -6.241815e-02 
1.822193e-03 4.089587e-02 
8.875847e-01 4.670237e-01 
1.146020e-01 6.130625e-01 
1.862299e-02 5.861747e-01 
-3.802757e-02 4.925999e-01 
-1.237902e-02 4.701121e-01 
2.165930e-03 4.986293e-01 
2.502311e-02 5.756110e-01 
1.462083e+00 -5.240661e-01 
3.258271e-02 -6.591409e-01 
-3.455740e-02 -6.782347e-01 
4.856264e-02 -7.100468e-01 
1.537499e-02 -6.732103e-01 
-3.716928e-03 -5.833353e-01 
-1.798616e-02 -4.511640e-01 
