poroelastic
-3.757150e-02 2.829462e-01 
-1.383913e-02 3.944336e-01 
1.433380e-02 2.906248e-01 
-9.153927e-04 2.963312e-02 
-5.673788e-03 -7.947741e-02 
-4.107674e-03 -9.442479e-02 
-5.910950e-04 -2.389614e-02 
-7.473311e-01 -5.640275e-01 
4.310602e-02 -3.710351e-01 
4.662459e-02 -3.257958e-01 
-4.470029e-02 -4.336413e-01 
-2.960217e-02 -4.154470e-01 
-1.507234e-02 -3.271986e-01 
-3.734018e-03 -1.864926e-01 
-8.251995e-01 7.363000e-01 
-1.207018e-01 7.868007e-01 
-1.023571e-02 5.571543e-01 
2.371483e-02 2.545144e-01 
9.804524e-03 1.310047e-01 
6.853403e-03 1.194501e-01 
3.527306e-03 2.122720e-01 
-7.125408e-04 3.935597e-02 
5.996480e-03 1.560901e-01 
1.181652e-02 9.173596e-02 
-7.391381e-03 -7.234989e-02 
-6.337210e-03 -1.163231e-01 
-3.200094e-03 -9.242732e-02 
-1.881592e-04 -9.288987e-03 
-8.015454e-01 -6.042646e-01 
-2.867486e-02 -5.105453e-01 
2.371826e-02 -3.958351e-01 
-3.177927e-02 -3.983097e-01 
-2.201532e-02 -3.463115e-01 
-1.192678e-02 -2.748164e-01 
-4.233954e-03 -2.019955e-01 
-6.650651e-01 6.956764e-01 
-6.755804e-02 6.774984e-01 
-3.098663e-03 4.969403e-01 
1.941291e-02 2.738731e-01 
7.759961e-03 1.561375e-01 
3.977677e-03 9.901762e-02 
1.800346e-03 9.209688e-02 
-2.263986e-02 -2.085366e-01 
2.307571e-03 -4.283158e-02 
-4.847434e-05 -1.754110e-02 
-1.788370e-03 -3.963032e-02 
-4.439480e-04 -2.075710e-02 
5.348154e-04 6.887203e-03 
6.182084e-04 3.241797e-02 
-9.177993e-01 -6.615680e-01 
-9.955444e-02 -6.576694e-01 
4.803192e-03 -4.734202e-01 
-2.256555e-02 -3.659519e-01 
-1.628908e-02 -2.890918e-01 
-1.014880e-02 -2.500412e-01 
-5.767564e-03 -2.620095e-01 
-5.486877e-01 6.696607e-01 
-1.921754e-02 5.840832e-01 
3.071637e-03 4.678087e-01 
1.676357e-02 3.269338e-01 
7.186553e-03 2.019529e-01 
1.757319e-03 7.577122e-02 
-1.420128e-03 -6.445408e-02 
-5.847382e-02 -4.452620e-01 
-7.894165e-03 -2.045350e-01 
-5.270558e-03 -6.440322e-02 
4.751953e-03 7.001885e-02 
4.767745e-03 1.285706e-01 
3.063995e-03 1.127243e-01 
1.172237e-05 5.476791e-04 
-1.029440e+00 -7.892304e-01 
-1.847972e-01 -9.210044e-01 
-2.257701e-02 -6.458119e-01 
-1.325720e-02 -3.367797e-01 
-6.382004e-03 -1.656718e-01 
-3.495577e-03 -1.065385e-01 
-4.139191e-03 -1.724967e-01 
-3.257914e-01 6.021887e-01 
2.273757e-02 3.480040e-01 
5.072757e-03 2.526897e-01 
7.277081e-03 1.881996e-01 
3.159776e-03 1.140454e-01 
5.456957e-04 3.026046e-02 
-1.330417e-03 -6.011071e-02 
-3.653767e-01 -5.721574e-01 
2.351092e-02 -3.460692e-01 
-6.637809e-03 -2.696095e-01 
-5.979491e-03 -2.127528e-01 
-4.869470e-03 -1.540809e-01 
-2.571411e-03 -9.654034e-02 
-8.207461e-04 -3.433168e-02 
-9.787471e-01 8.290617e-01 
-1.620877e-01 9.120961e-01 
7.588811e-04 6.088206e-01 
7.591043e-03 3.061476e-01 
2.938169e-03 1.372845e-01 
1.750044e-03 7.173446e-02 
3.185793e-03 1.285630e-01 
-2.628038e-02 4.947452e-01 
-2.226296e-03 1.968499e-01 
1.480124e-04 2.898114e-02 
-2.455468e-03 -1.071785e-01 
-3.687092e-03 -1.543088e-01 
-3.260684e-03 -1.351002e-01 
-7.983519e-04 -3.403268e-02 
-6.298792e-01 -6.417598e-01 
-2.096844e-02 -5.708842e-01 
-1.944730e-02 -4.856752e-01 
-4.150021e-03 -3.729385e-01 
-5.705936e-03 -2.751550e-01 
-3.976987e-03 -1.880702e-01 
-2.580463e-03 -1.041578e-01 
-9.029595e-01 6.965795e-01 
-1.165773e-01 6.812194e-01 
1.340550e-02 4.840772e-01 
4.466184e-03 3.865842e-01 
2.275006e-03 3.094047e-01 
3.943132e-03 2.504491e-01 
5.357903e-03 2.193668e-01 
-1.901171e-02 2.202088e-01 
1.680410e-03 -3.481319e-03 
4.973696e-04 -2.513842e-02 
1.169160e-04 4.082555e-02 
7.746678e-04 4.690828e-02 
5.726990e-04 1.944482e-02 
-8.036293e-04 -3.070487e-02 
-7.454447e-01 -6.789339e-01 
-1.032703e-01 -7.119414e-01 
-3.092106e-02 -5.568138e-01 
1.795463e-03 -3.534294e-01 
-2.093500e-03 -2.554511e-01 
-3.066651e-03 -2.297373e-01 
-6.398839e-03 -2.648344e-01 
-9.047450e-01 7.349554e-01 
-7.193577e-03 5.259513e-01 
3.181833e-02 3.648563e-01 
-2.383605e-03 3.563889e-01 
-6.464031e-04 3.128529e-01 
2.199413e-03 2.492108e-01 
3.424595e-03 1.776694e-01 
