poroelastic
1.753724e-02 -1.344294e-01 
6.554761e-03 -1.854503e-01 
-5.537309e-03 -1.346982e-01 
-1.697820e-03 -1.869812e-02 
2.525120e-03 2.909408e-02 
2.866151e-03 3.174508e-02 
-2.339348e-03 -2.581017e-02 
8.670297e-01 6.554926e-01 
-7.514545e-03 6.378978e-01 
-4.191121e-02 5.278116e-01 
3.419277e-02 4.377578e-01 
3.122085e-02 3.660359e-01 
2.588517e-02 3.053311e-01 
2.237328e-02 2.668531e-01 
9.409266e-01 -5.582790e-01 
1.430881e-01 -5.547905e-01 
4.529517e-02 -4.906805e-01 
-3.427821e-02 -4.539246e-01 
-3.312155e-02 -4.059836e-01 
-2.896855e-02 -3.620485e-01 
-2.392276e-02 -3.049210e-01 
1.347406e-02 1.569581e-01 
-1.734859e-02 1.049690e-01 
-1.059125e-02 6.293886e-02 
2.676382e-03 3.550939e-02 
4.402772e-03 5.696735e-02 
7.135859e-03 9.188374e-02 
1.147083e-02 1.467430e-01 
7.745146e-01 6.753522e-01 
7.431518e-02 7.029481e-01 
-8.534572e-03 5.234890e-01 
2.193120e-02 3.279082e-01 
1.801027e-02 2.353577e-01 
1.506049e-02 1.970882e-01 
1.589396e-02 2.099376e-01 
6.444370e-01 -4.355758e-01 
6.209674e-02 -3.816399e-01 
2.586440e-02 -3.409666e-01 
-2.553377e-02 -3.548152e-01 
-2.359485e-02 -3.172265e-01 
-1.946113e-02 -2.652851e-01 
-1.432120e-02 -1.980832e-01 
1.219617e-01 4.191684e-01 
-3.023214e-02 3.731125e-01 
5.860289e-04 2.777793e-01 
8.914941e-03 1.212814e-01 
3.554147e-03 4.951592e-02 
3.429668e-03 4.825523e-02 
9.088357e-03 1.303563e-01 
8.562002e-01 7.577637e-01 
1.419146e-01 8.809071e-01 
1.419766e-02 6.129486e-01 
1.818664e-02 2.966895e-01 
9.027862e-03 1.324901e-01 
7.049396e-03 1.034960e-01 
1.451535e-02 2.129624e-01 
5.003442e-01 -4.871880e-01 
8.951485e-03 -2.706956e-01 
1.341030e-02 -2.551433e-01 
-2.162276e-02 -3.386072e-01 
-2.106643e-02 -3.215364e-01 
-1.426898e-02 -2.166006e-01 
-1.476622e-03 -2.233149e-02 
2.655666e-01 6.681932e-01 
-2.319052e-02 5.879566e-01 
1.440426e-02 3.890154e-01 
3.519648e-03 5.677818e-02 
-4.958238e-03 -7.806389e-02 
-3.081394e-03 -4.692761e-02 
9.969202e-03 1.557956e-01 
8.859472e-01 8.624341e-01 
1.901288e-01 1.102435e+00 
3.693477e-02 7.424766e-01 
1.120158e-02 1.934065e-01 
-4.932783e-03 -8.334309e-02 
-7.554066e-03 -1.195304e-01 
6.358437e-03 1.000571e-01 
1.951026e-01 -3.924491e-01 
-1.235194e-02 -4.077879e-02 
3.001655e-03 -7.044798e-02 
-1.209104e-02 -2.354899e-01 
-1.344990e-02 -2.315851e-01 
-6.165479e-03 -9.254561e-02 
1.337308e-02 2.138108e-01 
5.226256e-01 7.612452e-01 
-1.206305e-02 7.039694e-01 
1.576103e-02 5.216202e-01 
9.505769e-03 2.328442e-01 
3.673718e-03 8.693778e-02 
3.045137e-03 6.818352e-02 
1.318354e-02 2.156914e-01 
1.057205e+00 -5.874999e-01 
1.761945e-01 -5.858081e-01 
8.524397e-03 -4.443305e-01 
-1.203494e-02 -4.432753e-01 
-1.832140e-02 -4.119076e-01 
-1.872558e-02 -3.551257e-01 
-1.438890e-02 -2.324220e-01 
-1.542603e-01 -2.328591e-01 
2.987989e-02 1.113013e-01 
4.163639e-03 1.921040e-01 
1.431103e-03 1.410660e-01 
4.135639e-03 1.316231e-01 
6.966957e-03 1.558619e-01 
1.571698e-02 2.552665e-01 
6.380495e-01 7.421065e-01 
4.688136e-02 7.617213e-01 
2.367207e-02 5.927779e-01 
8.948162e-03 3.190763e-01 
5.811737e-03 1.599940e-01 
4.079722e-03 1.001761e-01 
1.032295e-02 1.749612e-01 
1.000174e+00 -6.261175e-01 
1.034581e-01 -4.845347e-01 
-9.481415e-03 -3.565619e-01 
-6.825024e-03 -4.397258e-01 
-1.545400e-02 -4.430646e-01 
-1.784267e-02 -3.915797e-01 
-1.551177e-02 -2.689348e-01 
-1.003053e-01 -1.543540e-02 
3.357463e-02 2.894911e-01 
1.170344e-02 2.691295e-01 
-2.941029e-04 6.393917e-02 
-1.058588e-03 1.284323e-02 
1.338654e-03 5.422588e-02 
9.772441e-03 1.684879e-01 
6.385658e-01 8.061851e-01 
9.750653e-02 8.915457e-01 
2.814305e-02 6.574466e-01 
8.165273e-03 2.614612e-01 
2.611375e-03 5.202224e-02 
-1.169295e-03 -3.124439e-02 
-2.071760e-03 -3.653831e-02 
6.261068e-01 -6.244647e-01 
-2.489295e-03 -2.912821e-01 
-1.485307e-02 -1.158973e-01 
2.290563e-03 -1.751816e-01 
-3.065739e-03 -1.811777e-01 
-5.799512e-03 -1.808824e-01 
-1.201424e-02 -2.277460e-01 
