poroelastic
-4.062303e-02 2.904501e-01 
-1.860866e-02 4.074045e-01 
1.003870e-02 3.086971e-01 
8.809976e-04 5.045589e-02 
-3.893734e-03 -6.153539e-02 
-2.944769e-03 -8.122801e-02 
-2.897258e-04 -1.421916e-02 
-7.630332e-01 -5.761787e-01 
4.260171e-02 -3.671872e-01 
4.657702e-02 -3.193678e-01 
-3.997806e-02 -4.314204e-01 
-2.618214e-02 -4.180037e-01 
-1.322770e-02 -3.347489e-01 
-3.050502e-03 -1.952222e-01 
-8.347882e-01 7.478309e-01 
-1.255037e-01 8.060821e-01 
-1.254767e-02 5.733203e-01 
2.126539e-02 2.654303e-01 
8.731143e-03 1.348916e-01 
5.910487e-03 1.193898e-01 
2.583493e-03 2.138326e-01 
3.263232e-04 4.401361e-02 
3.083858e-03 1.655278e-01 
9.940101e-03 1.026252e-01 
-5.756860e-03 -6.236894e-02 
-4.965034e-03 -1.087449e-01 
-2.388284e-03 -8.705942e-02 
-4.973973e-05 -3.262686e-03 
-8.057440e-01 -6.150666e-01 
-2.994691e-02 -5.107977e-01 
2.303211e-02 -3.901891e-01 
-2.677480e-02 -3.907715e-01 
-1.837643e-02 -3.399331e-01 
-9.763918e-03 -2.716749e-01 
-3.179573e-03 -2.014965e-01 
-6.751653e-01 7.042982e-01 
-7.056773e-02 6.949166e-01 
-5.112125e-03 5.157790e-01 
1.709312e-02 2.900257e-01 
6.644331e-03 1.642466e-01 
3.156052e-03 9.854462e-02 
1.200734e-03 8.380235e-02 
-1.835261e-02 -2.043767e-01 
9.070634e-04 -3.196172e-02 
1.328560e-05 -3.185262e-03 
-8.657520e-04 -2.661030e-02 
-1.179718e-04 -1.291020e-02 
4.330992e-04 8.243629e-03 
3.712497e-04 2.704117e-02 
-9.163243e-01 -6.700687e-01 
-9.919732e-02 -6.563710e-01 
4.934744e-03 -4.656264e-01 
-1.795364e-02 -3.559775e-01 
-1.298590e-02 -2.799099e-01 
-7.936899e-03 -2.437900e-01 
-4.243848e-03 -2.598163e-01 
-5.600556e-01 6.762405e-01 
-2.033757e-02 5.985351e-01 
9.826925e-04 4.855357e-01 
1.406891e-02 3.429045e-01 
5.838999e-03 2.111418e-01 
1.311348e-03 7.738117e-02 
-1.145308e-03 -7.012576e-02 
-5.004759e-02 -4.411316e-01 
-7.741484e-03 -1.926270e-01 
-3.982525e-03 -4.765549e-02 
4.281471e-03 8.454582e-02 
3.823305e-03 1.363074e-01 
2.251376e-03 1.121468e-01 
-1.346599e-04 -8.556987e-03 
-1.025454e+00 -7.946162e-01 
-1.804412e-01 -9.142088e-01 
-1.931492e-02 -6.318570e-01 
-9.404655e-03 -3.229364e-01 
-4.581911e-03 -1.561734e-01 
-2.547121e-03 -1.037149e-01 
-3.252026e-03 -1.781576e-01 
-3.395105e-01 6.045858e-01 
2.326006e-02 3.589295e-01 
3.859352e-03 2.685997e-01 
5.893252e-03 2.055993e-01 
2.588994e-03 1.271526e-01 
5.727751e-04 3.732139e-02 
-1.037894e-03 -6.097405e-02 
-3.604775e-01 -5.725182e-01 
2.344150e-02 -3.357902e-01 
-5.534902e-03 -2.568222e-01 
-3.462551e-03 -2.005702e-01 
-3.306267e-03 -1.460371e-01 
-1.861817e-03 -9.494200e-02 
-7.462071e-04 -3.988226e-02 
-9.847421e-01 8.261939e-01 
-1.670158e-01 9.205668e-01 
-2.169326e-03 6.231741e-01 
4.446063e-03 3.203054e-01 
1.819931e-03 1.448290e-01 
1.111630e-03 7.150790e-02 
2.388491e-03 1.218394e-01 
-3.910413e-02 4.949430e-01 
-1.812878e-03 2.056678e-01 
-6.572963e-04 4.441042e-02 
-6.015469e-04 -8.996952e-02 
-2.040444e-03 -1.427045e-01 
-2.249734e-03 -1.302874e-01 
-6.110276e-04 -3.253576e-02 
-6.266150e-01 -6.405926e-01 
-2.030203e-02 -5.608739e-01 
-1.750059e-02 -4.726938e-01 
3.155687e-04 -3.601671e-01 
-3.002536e-03 -2.679963e-01 
-2.590402e-03 -1.866663e-01 
-2.065165e-03 -1.037772e-01 
-9.055662e-01 6.889814e-01 
-1.179922e-01 6.849765e-01 
1.225276e-02 4.944567e-01 
-4.206205e-04 3.967489e-01 
-4.714512e-04 3.140073e-01 
2.078715e-03 2.504860e-01 
4.293176e-03 2.200556e-01 
-2.565306e-02 2.226440e-01 
4.048105e-03 8.568569e-03 
1.461320e-03 -1.031759e-02 
-4.257411e-04 5.280072e-02 
4.428137e-04 5.365622e-02 
5.025869e-04 2.250245e-02 
-5.524625e-04 -2.601142e-02 
-7.482407e-01 -6.696323e-01 
-1.011164e-01 -6.943851e-01 
-2.901719e-02 -5.400193e-01 
6.488088e-03 -3.426767e-01 
7.686465e-04 -2.544209e-01 
-1.211198e-03 -2.380006e-01 
-5.430691e-03 -2.778814e-01 
-9.198795e-01 7.158483e-01 
-8.180406e-03 5.288695e-01 
3.274994e-02 3.816507e-01 
-7.589419e-03 3.792849e-01 
-3.625254e-03 3.324555e-01 
4.961394e-04 2.623475e-01 
2.760819e-03 1.835949e-01 
