poroelastic
1.769272e-02 -1.988886e-02 
1.934633e-02 -5.347151e-03 
1.595993e-02 -1.095561e-02 
-1.414860e-02 -7.433356e-02 
-1.266607e-02 -1.024355e-01 
-9.332965e-03 -1.004404e-01 
-4.925279e-03 -8.871784e-02 
-9.083745e-01 -3.992813e-01 
2.375756e-02 -5.677548e-01 
4.600530e-02 -5.361194e-01 
-8.636656e-02 -5.048577e-01 
-6.499290e-02 -5.005880e-01 
-4.423030e-02 -4.769853e-01 
-2.232702e-02 -4.429091e-01 
-9.352121e-01 1.907618e-01 
-1.684002e-01 3.424401e-01 
-4.857940e-02 4.439645e-01 
9.201042e-02 4.691155e-01 
6.143002e-02 5.063454e-01 
4.721723e-02 5.358474e-01 
2.618656e-02 5.668873e-01 
-1.622834e-02 -1.418300e-01 
2.571275e-02 -1.143053e-01 
1.214861e-02 -7.868842e-02 
-1.914440e-02 -1.028884e-01 
-1.499568e-02 -1.233354e-01 
-1.179983e-02 -1.335600e-01 
-6.894702e-03 -1.396073e-01 
-1.102761e+00 -3.319115e-01 
-8.593528e-02 -6.060987e-01 
3.248348e-02 -6.275247e-01 
-9.847196e-02 -6.340008e-01 
-8.040092e-02 -6.527199e-01 
-5.765909e-02 -6.527743e-01 
-3.268724e-02 -6.515902e-01 
-9.345026e-01 2.686801e-01 
-1.149412e-01 3.764515e-01 
-3.178736e-02 4.735267e-01 
9.022803e-02 5.079150e-01 
6.022679e-02 5.504172e-01 
4.732325e-02 5.749519e-01 
2.779300e-02 5.802374e-01 
-4.393276e-02 -2.261169e-01 
-1.330730e-04 -1.572484e-01 
-7.224864e-03 -9.250963e-02 
-4.057598e-03 -5.523917e-02 
2.683872e-04 -1.183745e-02 
2.696470e-03 2.828941e-02 
2.442704e-03 5.238748e-02 
-1.196174e+00 -3.451324e-01 
-2.074500e-01 -6.914527e-01 
-1.136677e-02 -7.074452e-01 
-9.132944e-02 -6.808911e-01 
-7.252491e-02 -6.618354e-01 
-5.095601e-02 -6.298496e-01 
-2.974198e-02 -6.007580e-01 
-8.689329e-01 4.150360e-01 
-2.454412e-02 4.611958e-01 
-4.436679e-05 5.374993e-01 
7.698974e-02 5.323137e-01 
5.002511e-02 5.229693e-01 
3.713675e-02 4.855963e-01 
2.044700e-02 4.210763e-01 
-9.676846e-02 -2.932945e-01 
1.112946e-03 -1.564065e-01 
-4.545991e-03 -6.839105e-02 
-8.701808e-04 1.125478e-04 
1.130273e-03 2.908127e-02 
-6.819885e-04 8.275712e-03 
-4.291734e-03 -9.069089e-02 
-1.112022e+00 -4.796557e-01 
-2.988270e-01 -8.711158e-01 
-6.636805e-02 -7.717280e-01 
-5.687856e-02 -5.247198e-01 
-3.499044e-02 -3.823086e-01 
-2.381643e-02 -3.259708e-01 
-1.915139e-02 -3.865745e-01 
-8.077808e-01 4.009220e-01 
7.411611e-02 2.594593e-01 
1.057099e-02 3.835495e-01 
7.344746e-02 5.214593e-01 
4.980898e-02 5.945472e-01 
4.149968e-02 6.012288e-01 
2.544369e-02 5.578581e-01 
-9.063048e-01 -5.024824e-01 
4.720948e-02 -6.238681e-01 
-4.709393e-02 -6.851743e-01 
-6.958988e-02 -6.854319e-01 
-5.793807e-02 -6.739901e-01 
-4.260705e-02 -6.411914e-01 
-2.800979e-02 -5.982630e-01 
-1.230889e+00 4.958431e-01 
-2.013575e-01 6.286231e-01 
1.349873e-02 5.235403e-01 
5.034830e-02 4.636614e-01 
3.562322e-02 4.699120e-01 
3.361859e-02 5.120935e-01 
2.883897e-02 5.907973e-01 
6.010508e-02 1.695819e-01 
-2.188801e-02 -1.383876e-01 
-1.717032e-02 -2.309748e-01 
-1.109979e-02 -1.727181e-01 
-2.785298e-03 -7.035799e-02 
4.488142e-03 5.202028e-02 
8.135082e-03 1.737391e-01 
-1.057212e+00 -6.230241e-01 
-1.020187e-01 -8.927034e-01 
-8.461457e-02 -8.935700e-01 
-6.003538e-02 -7.295457e-01 
-4.455651e-02 -6.090861e-01 
-3.197963e-02 -5.285202e-01 
-2.439618e-02 -5.131398e-01 
-1.412700e+00 5.871441e-01 
-1.465482e-01 6.926529e-01 
6.172020e-02 6.659044e-01 
6.266013e-02 7.017370e-01 
4.127177e-02 6.982462e-01 
3.503007e-02 6.391656e-01 
2.421158e-02 5.155374e-01 
-4.408362e-02 1.157853e-01 
3.420949e-03 -1.061705e-01 
8.501852e-04 -9.706000e-02 
5.500380e-03 6.017210e-02 
9.225841e-03 1.532681e-01 
1.019433e-02 1.886216e-01 
6.707540e-03 1.401462e-01 
-1.098649e+00 -6.614003e-01 
-2.486665e-01 -1.021173e+00 
-1.127761e-01 -9.846550e-01 
-5.170716e-02 -7.422814e-01 
-3.545290e-02 -5.739584e-01 
-2.518448e-02 -4.663230e-01 
-1.986723e-02 -4.369874e-01 
-1.272555e+00 7.572915e-01 
3.820926e-02 5.501371e-01 
7.743442e-02 4.323850e-01 
3.373339e-02 4.494520e-01 
2.366047e-02 4.722800e-01 
2.300525e-02 4.889718e-01 
2.030701e-02 5.148083e-01 
