poroelastic
3.909723e-03 -1.735565e-01 
-1.620525e-02 -2.273829e-01 
-3.074916e-02 -1.306580e-01 
9.153574e-03 7.043644e-02 
1.611658e-02 1.547789e-01 
1.447879e-02 1.563920e-01 
6.685949e-03 8.199165e-02 
6.460446e-01 5.261689e-01 
-1.847709e-02 4.558130e-01 
-3.336901e-02 3.903202e-01 
4.435848e-02 3.972088e-01 
3.450501e-02 3.353279e-01 
2.041958e-02 2.299162e-01 
7.357874e-03 9.847780e-02 
7.302090e-01 -5.992740e-01 
8.975167e-02 -5.917918e-01 
1.070495e-02 -4.325449e-01 
-2.824809e-02 -2.382589e-01 
-1.574081e-02 -1.551664e-01 
-1.258887e-02 -1.390781e-01 
-1.272698e-02 -1.829422e-01 
4.439535e-03 2.318180e-02 
-1.638435e-02 -5.695774e-02 
-1.618655e-02 -2.295970e-02 
9.554005e-03 7.945172e-02 
1.054101e-02 1.100849e-01 
8.387156e-03 9.961214e-02 
4.281735e-03 5.938239e-02 
7.418923e-01 5.411375e-01 
5.655209e-02 5.614444e-01 
-1.939451e-02 4.609599e-01 
4.063021e-02 4.134072e-01 
3.378710e-02 3.448688e-01 
2.306340e-02 2.694661e-01 
1.476326e-02 2.077638e-01 
5.757914e-01 -5.805049e-01 
3.988502e-02 -4.725582e-01 
6.017409e-03 -3.258525e-01 
-2.140739e-02 -1.908421e-01 
-1.274836e-02 -1.379919e-01 
-1.112127e-02 -1.332634e-01 
-1.074495e-02 -1.574392e-01 
5.405086e-02 2.999433e-01 
-6.689114e-03 1.997044e-01 
8.716860e-03 1.516554e-01 
7.114068e-03 9.081473e-02 
7.834830e-04 1.842550e-02 
-3.798273e-03 -4.479294e-02 
-5.145132e-03 -7.638607e-02 
8.862471e-01 6.285909e-01 
1.400101e-01 7.350497e-01 
5.492888e-03 5.656263e-01 
3.452082e-02 4.021090e-01 
2.691625e-02 2.983431e-01 
2.013864e-02 2.494585e-01 
1.895585e-02 2.761556e-01 
4.849115e-01 -5.933769e-01 
-8.595065e-04 -4.077984e-01 
-2.146353e-03 -3.151273e-01 
-2.222316e-02 -2.481438e-01 
-1.413790e-02 -1.825210e-01 
-7.575232e-03 -1.050950e-01 
8.479136e-04 1.249854e-02 
1.266761e-01 5.266449e-01 
6.975286e-03 3.632490e-01 
1.884652e-02 2.186274e-01 
-3.587408e-04 1.339629e-02 
-8.370200e-03 -1.058217e-01 
-1.047934e-02 -1.459302e-01 
-4.893744e-03 -7.278929e-02 
1.037057e+00 7.959983e-01 
2.359879e-01 1.037565e+00 
4.500321e-02 7.799462e-01 
2.823164e-02 4.024221e-01 
1.286019e-02 1.772839e-01 
5.004104e-03 7.077948e-02 
6.829818e-03 9.865733e-02 
2.403080e-01 -5.435984e-01 
-2.229089e-02 -1.789749e-01 
-2.189433e-03 -1.116906e-01 
-8.903375e-03 -1.217811e-01 
-6.238659e-03 -9.210673e-02 
-2.592933e-03 -3.842452e-02 
2.540101e-03 3.765136e-02 
4.099578e-01 6.194467e-01 
-3.763154e-03 5.129098e-01 
1.851992e-02 4.167580e-01 
1.755132e-02 2.810094e-01 
1.109620e-02 1.642248e-01 
4.145647e-03 6.124112e-02 
-2.173984e-03 -3.196326e-02 
9.450560e-01 -7.936287e-01 
1.128686e-01 -7.333135e-01 
-7.367652e-03 -4.338992e-01 
-1.195439e-02 -2.282051e-01 
-7.202099e-03 -1.346412e-01 
-8.147191e-03 -1.324264e-01 
-1.627011e-02 -2.309283e-01 
-7.893226e-02 -3.745057e-01 
1.708763e-02 -1.559779e-02 
4.500617e-03 1.432668e-01 
1.021260e-02 1.953438e-01 
1.130469e-02 1.819725e-01 
7.841602e-03 1.168009e-01 
-1.190666e-04 -1.699985e-03 
6.735279e-01 7.070548e-01 
6.117253e-02 7.483550e-01 
3.541669e-02 6.383114e-01 
2.098985e-02 4.373935e-01 
1.638331e-02 2.786878e-01 
9.891285e-03 1.584088e-01 
5.749603e-03 8.306195e-02 
9.600512e-01 -7.141474e-01 
7.629584e-02 -5.573908e-01 
-1.819419e-02 -3.782876e-01 
-1.497427e-02 -3.740508e-01 
-1.612423e-02 -3.455946e-01 
-1.741437e-02 -3.018107e-01 
-1.601393e-02 -2.319053e-01 
-3.250858e-02 -1.003604e-01 
1.904406e-02 1.866156e-01 
8.709058e-03 1.731071e-01 
9.046215e-04 4.383663e-03 
-3.091776e-03 -5.678696e-02 
-3.407904e-03 -4.957295e-02 
2.420468e-03 3.398781e-02 
7.986657e-01 8.171612e-01 
1.550944e-01 9.626640e-01 
5.120409e-02 7.646452e-01 
1.584041e-02 4.251839e-01 
1.096088e-02 2.251855e-01 
6.748735e-03 1.234643e-01 
8.106305e-03 1.165446e-01 
7.899971e-01 -8.164667e-01 
-2.428202e-02 -3.864974e-01 
-2.380329e-02 -1.797076e-01 
-2.464594e-03 -2.070187e-01 
-6.565461e-03 -2.077095e-01 
-9.966138e-03 -2.101150e-01 
-1.480739e-02 -2.297721e-01 
