poroelastic
2.376699e-02 -1.271124e-01 
1.494444e-02 -2.157487e-01 
-3.169056e-03 -2.185118e-01 
-7.496151e-03 -1.080839e-01 
-1.947014e-03 -2.048871e-02 
2.624144e-03 4.138772e-02 
6.876502e-03 8.811471e-02 
1.087167e+00 6.678375e-01 
-4.088489e-02 6.609809e-01 
-8.321873e-02 5.575567e-01 
2.405564e-02 5.150079e-01 
3.075138e-02 4.951040e-01 
3.265329e-02 4.929605e-01 
3.820383e-02 5.355030e-01 
1.217709e+00 -5.612374e-01 
2.272224e-01 -7.305961e-01 
7.871360e-02 -7.178712e-01 
-2.812403e-02 -6.459747e-01 
-3.417538e-02 -5.806573e-01 
-3.212820e-02 -5.174713e-01 
-2.758260e-02 -4.164123e-01 
9.922888e-03 1.226788e-01 
-1.729826e-02 3.581024e-02 
-1.661374e-02 -1.788436e-02 
-1.339836e-03 5.705250e-03 
1.795995e-03 4.845292e-02 
6.325574e-03 1.145595e-01 
1.636655e-02 2.464409e-01 
1.108752e+00 6.872645e-01 
7.608969e-02 7.638942e-01 
-5.294303e-02 6.023605e-01 
1.426900e-02 4.844324e-01 
2.285494e-02 4.464184e-01 
2.715947e-02 4.769550e-01 
3.948817e-02 6.179255e-01 
1.139201e+00 -5.327341e-01 
1.469483e-01 -6.328571e-01 
6.672505e-02 -6.977484e-01 
-2.828431e-02 -7.181858e-01 
-3.445018e-02 -6.647250e-01 
-3.096026e-02 -5.528160e-01 
-2.163767e-02 -3.553029e-01 
3.328931e-02 3.425306e-01 
-2.497065e-03 1.739251e-01 
2.559433e-03 2.362338e-02 
-4.576422e-03 -9.148073e-02 
-5.874799e-03 -1.045381e-01 
-2.060868e-03 -2.736443e-02 
9.121419e-03 1.544639e-01 
1.204950e+00 7.361692e-01 
1.710075e-01 8.937132e-01 
-2.332330e-02 6.754013e-01 
9.147116e-03 4.605200e-01 
1.614932e-02 3.960723e-01 
2.184177e-02 4.521325e-01 
3.611341e-02 6.260335e-01 
9.622821e-01 -5.779561e-01 
4.090945e-02 -5.670939e-01 
3.952261e-02 -6.464194e-01 
-2.270488e-02 -6.987480e-01 
-2.743240e-02 -6.177267e-01 
-2.201486e-02 -4.374659e-01 
-9.222292e-03 -1.640445e-01 
1.123348e-01 5.497812e-01 
-5.296891e-03 3.147224e-01 
4.869508e-03 8.951774e-02 
-5.934574e-03 -1.482399e-01 
-9.062222e-03 -1.823827e-01 
-3.953136e-03 -5.594466e-02 
1.292745e-02 2.363919e-01 
1.197565e+00 9.276484e-01 
2.258055e-01 1.165354e+00 
1.445508e-02 7.989865e-01 
4.691682e-03 3.061202e-01 
1.707062e-03 1.110765e-01 
4.255027e-03 1.407499e-01 
2.121350e-02 3.875972e-01 
7.482957e-01 -4.890304e-01 
-5.906214e-02 -2.734113e-01 
2.600682e-02 -4.212508e-01 
-8.687163e-03 -6.370812e-01 
-2.058722e-02 -6.170065e-01 
-1.981801e-02 -4.463810e-01 
-8.498773e-03 -1.548147e-01 
7.098287e-01 7.349539e-01 
-5.779816e-02 6.496825e-01 
-6.796960e-03 5.277951e-01 
-4.038440e-03 3.450845e-01 
4.704070e-03 3.179175e-01 
1.317567e-02 3.968099e-01 
2.942672e-02 5.456510e-01 
1.499252e+00 -6.031839e-01 
3.117741e-01 -8.633648e-01 
3.416113e-02 -7.814516e-01 
4.095979e-03 -7.364206e-01 
-1.387412e-02 -6.282199e-01 
-1.801853e-02 -4.962115e-01 
-2.038475e-02 -3.743319e-01 
2.186483e-03 -3.239313e-01 
6.416812e-03 -2.204778e-02 
-7.745750e-04 3.662567e-02 
-3.416222e-03 -7.832523e-03 
-1.716526e-03 1.502708e-02 
1.458572e-03 7.229853e-02 
7.952404e-03 1.454747e-01 
8.788865e-01 7.863353e-01 
3.160774e-02 8.469967e-01 
1.024227e-02 7.154185e-01 
-7.998736e-03 4.679920e-01 
2.735101e-03 3.526766e-01 
8.681355e-03 3.362570e-01 
2.182092e-02 4.167404e-01 
1.502267e+00 -6.035601e-01 
2.112621e-01 -7.620952e-01 
2.267352e-03 -7.427602e-01 
1.470558e-02 -8.030870e-01 
-9.425779e-03 -7.450082e-01 
-1.861143e-02 -6.100604e-01 
-2.057421e-02 -4.010561e-01 
1.864497e-02 -1.850516e-01 
-1.039799e-03 7.581330e-03 
-4.365128e-04 -2.570187e-02 
-3.453136e-03 -1.436411e-01 
-5.955809e-03 -1.162329e-01 
-2.817838e-03 8.153267e-03 
1.199894e-02 2.291107e-01 
9.111853e-01 7.699156e-01 
1.132756e-01 8.876059e-01 
2.113207e-02 6.978786e-01 
-1.335298e-02 4.032967e-01 
-2.824140e-03 2.825538e-01 
4.427502e-03 2.990867e-01 
2.328803e-02 4.550099e-01 
1.318811e+00 -7.201489e-01 
2.560735e-02 -5.997301e-01 
-3.021372e-02 -5.180960e-01 
2.300922e-02 -5.806015e-01 
3.245129e-06 -5.532573e-01 
-1.040529e-02 -4.723359e-01 
-1.642575e-02 -3.445130e-01 
