poroelastic
4.733570e-03 2.368792e-02 
8.086685e-03 -1.103115e-02 
6.619466e-03 -6.074547e-02 
-1.993230e-03 -8.256657e-02 
-1.848314e-03 -6.339987e-02 
-6.875123e-04 -2.223771e-02 
1.085449e-03 3.563187e-02 
6.967040e-01 1.369641e-01 
-5.670562e-02 2.766201e-01 
-7.014424e-02 3.325685e-01 
9.219416e-03 3.538103e-01 
1.139187e-02 3.852671e-01 
1.102151e-02 4.127614e-01 
1.057014e-02 4.324621e-01 
5.168095e-01 4.164306e-02 
1.388652e-01 -1.487587e-01 
6.089971e-02 -2.728316e-01 
-4.261500e-03 -3.492724e-01 
-8.256806e-03 -3.932638e-01 
-8.629308e-03 -4.152088e-01 
-8.336999e-03 -4.210679e-01 
6.349479e-03 7.738114e-02 
-1.225694e-02 8.423094e-02 
-5.990911e-03 5.820807e-02 
5.381424e-04 3.832715e-02 
5.069671e-04 3.104677e-02 
6.242009e-04 3.411081e-02 
1.084651e-03 5.081415e-02 
7.754022e-01 4.317538e-02 
2.812597e-02 2.380922e-01 
-6.044201e-02 3.376108e-01 
-1.040240e-03 4.119850e-01 
7.933670e-03 4.792944e-01 
9.469180e-03 5.367163e-01 
1.184869e-02 5.915278e-01 
6.115510e-01 -8.336004e-03 
1.144307e-01 -2.301929e-01 
5.594981e-02 -3.729631e-01 
-2.346051e-04 -4.433758e-01 
-4.802270e-03 -4.761445e-01 
-6.698275e-03 -4.760929e-01 
-7.992326e-03 -4.466210e-01 
-1.394561e-02 -1.543220e-02 
6.144303e-03 -5.386796e-02 
1.352705e-03 -6.972136e-02 
-4.338187e-04 -3.913320e-02 
-2.783315e-04 -1.559651e-02 
3.290637e-05 8.107030e-03 
5.178577e-04 3.015136e-02 
7.396774e-01 -3.711415e-02 
9.600795e-02 1.733856e-01 
-3.497626e-02 3.080848e-01 
-9.171831e-03 4.347724e-01 
2.523832e-03 5.097149e-01 
5.570783e-03 5.403549e-01 
9.251811e-03 5.254519e-01 
6.175576e-01 -8.444435e-02 
4.941071e-02 -2.942835e-01 
4.021908e-02 -4.001594e-01 
6.934782e-03 -4.165881e-01 
7.823953e-04 -4.373412e-01 
-3.515961e-03 -4.582700e-01 
-8.597145e-03 -4.958563e-01 
-2.260153e-02 -9.467030e-02 
5.013326e-03 -1.638830e-01 
-1.232876e-03 -1.472538e-01 
-1.712646e-03 -4.668198e-02 
-1.073533e-03 3.341070e-02 
2.544084e-04 1.024147e-01 
2.534832e-03 1.490471e-01 
4.947667e-01 -5.717518e-02 
1.084323e-01 1.024459e-01 
-3.758577e-03 1.805401e-01 
-1.277420e-02 2.537848e-01 
-3.969628e-03 3.168318e-01 
6.598197e-04 3.728957e-01 
7.926639e-03 4.207317e-01 
6.767947e-01 -6.290330e-02 
-5.223170e-02 -2.318815e-01 
2.812086e-02 -3.813320e-01 
2.059638e-02 -4.897582e-01 
9.037170e-03 -5.576254e-01 
-8.848671e-04 -5.868880e-01 
-1.189879e-02 -5.906073e-01 
6.047516e-01 5.500915e-02 
-7.255890e-02 1.584240e-01 
-1.153880e-02 3.118363e-01 
-2.925866e-02 4.477013e-01 
-1.020663e-02 5.398953e-01 
-4.308335e-04 5.949411e-01 
1.278289e-02 6.054207e-01 
5.768412e-01 5.326652e-02 
1.654780e-01 -1.907337e-01 
2.679850e-02 -2.866664e-01 
2.411288e-02 -3.290763e-01 
1.085308e-02 -3.651796e-01 
2.009988e-03 -3.953509e-01 
-9.344017e-03 -4.340364e-01 
-3.921413e-03 2.553804e-02 
-9.838276e-04 4.827122e-02 
-1.132796e-03 5.308235e-02 
1.627849e-03 2.069156e-02 
1.421338e-03 -1.109086e-02 
6.411081e-04 -4.070580e-02 
-1.600060e-03 -7.164902e-02 
5.588974e-01 7.477224e-02 
1.095483e-02 2.473414e-01 
4.932355e-03 3.647950e-01 
-3.256680e-02 3.925703e-01 
-1.343607e-02 4.051652e-01 
-3.720297e-03 4.118605e-01 
9.180108e-03 4.206429e-01 
7.174745e-01 -7.724493e-03 
1.389144e-01 -2.893108e-01 
5.445050e-03 -3.952886e-01 
3.585930e-02 -4.326665e-01 
1.867344e-02 -4.633027e-01 
5.354195e-03 -4.679023e-01 
-9.571050e-03 -4.517979e-01 
4.162962e-02 -1.006417e-01 
-8.748143e-03 -1.300446e-01 
9.642974e-04 -9.080989e-02 
1.876266e-03 -3.431780e-02 
5.348329e-04 -1.134167e-02 
3.609191e-04 -4.887903e-03 
-5.040623e-04 -2.155197e-02 
4.874173e-01 -1.770228e-02 
7.106500e-02 1.586691e-01 
1.711192e-02 3.026610e-01 
-3.692450e-02 3.815648e-01 
-1.668924e-02 4.007750e-01 
-5.006723e-03 3.876299e-01 
7.871763e-03 3.527501e-01 
7.086112e-01 -8.491569e-02 
2.615050e-02 -3.194179e-01 
-1.967539e-02 -3.748690e-01 
3.572436e-02 -3.583959e-01 
1.836657e-02 -3.647580e-01 
6.319384e-03 -3.557903e-01 
-6.071796e-03 -3.226021e-01 
