poroelastic
-6.059101e-03 -1.700162e-01 
-3.032669e-02 -2.168785e-01 
-4.386103e-02 -1.098259e-01 
1.614619e-02 9.784643e-02 
2.419977e-02 1.870129e-01 
2.183486e-02 1.933283e-01 
1.246169e-02 1.306569e-01 
5.978537e-01 4.869948e-01 
-2.306436e-02 4.391896e-01 
-3.303554e-02 3.822098e-01 
5.312955e-02 3.834749e-01 
4.080346e-02 3.222274e-01 
2.356427e-02 2.191113e-01 
8.465237e-03 9.588410e-02 
7.017119e-01 -5.586076e-01 
8.441520e-02 -5.464167e-01 
8.715345e-03 -4.045408e-01 
-3.415478e-02 -2.241437e-01 
-1.879537e-02 -1.517967e-01 
-1.481648e-02 -1.346938e-01 
-1.391288e-02 -1.671014e-01 
3.225874e-03 2.127453e-02 
-2.407273e-02 -5.076387e-02 
-2.202207e-02 -1.289658e-02 
1.413905e-02 9.184033e-02 
1.536324e-02 1.262549e-01 
1.261572e-02 1.197081e-01 
7.376589e-03 8.456869e-02 
7.144488e-01 4.976922e-01 
4.673159e-02 5.324634e-01 
-2.376036e-02 4.526494e-01 
5.333042e-02 4.176874e-01 
4.485359e-02 3.581937e-01 
3.067291e-02 2.861911e-01 
1.942235e-02 2.247255e-01 
5.448428e-01 -5.484211e-01 
3.715313e-02 -4.326308e-01 
5.599145e-03 -2.874060e-01 
-2.423229e-02 -1.570000e-01 
-1.444741e-02 -1.202801e-01 
-1.401002e-02 -1.322679e-01 
-1.445008e-02 -1.731316e-01 
5.973129e-02 2.916073e-01 
-1.098878e-02 2.078441e-01 
9.908232e-03 1.696210e-01 
1.205139e-02 1.125082e-01 
3.189515e-03 3.879642e-02 
-3.028862e-03 -2.656731e-02 
-5.000534e-03 -6.036381e-02 
8.644125e-01 5.867942e-01 
1.333603e-01 7.055482e-01 
4.084352e-03 5.582793e-01 
4.739588e-02 4.101841e-01 
3.763560e-02 3.162798e-01 
2.820758e-02 2.714372e-01 
2.536046e-02 2.982954e-01 
4.493116e-01 -5.671957e-01 
-4.737174e-04 -3.757635e-01 
-3.887092e-03 -2.758277e-01 
-2.547476e-02 -2.089770e-01 
-1.609705e-02 -1.591990e-01 
-9.305167e-03 -1.009612e-01 
-1.699322e-06 -2.023136e-05 
1.446735e-01 5.151440e-01 
6.400062e-03 3.780985e-01 
2.540844e-02 2.518074e-01 
3.041163e-03 5.155451e-02 
-8.501407e-03 -7.737309e-02 
-1.234697e-02 -1.333372e-01 
-6.480181e-03 -7.802681e-02 
1.017631e+00 7.603214e-01 
2.410220e-01 1.021740e+00 
5.595090e-02 7.909370e-01 
4.146903e-02 4.256061e-01 
1.918108e-02 1.978117e-01 
7.389095e-03 7.952481e-02 
7.646863e-03 8.974003e-02 
1.851457e-01 -5.267038e-01 
-1.756740e-02 -1.539823e-01 
-3.322808e-03 -7.170342e-02 
-7.293685e-03 -7.272952e-02 
-4.426027e-03 -5.061002e-02 
-5.437824e-04 -9.108922e-03 
3.605385e-03 4.442994e-02 
4.044622e-01 6.046756e-01 
7.559426e-04 5.296984e-01 
2.654335e-02 4.435220e-01 
2.762615e-02 3.055969e-01 
1.583703e-02 1.764775e-01 
4.418163e-03 5.414226e-02 
-4.750709e-03 -5.803352e-02 
8.863742e-01 -7.831157e-01 
9.528455e-02 -6.817325e-01 
-9.820311e-03 -3.729146e-01 
-1.614643e-02 -1.754028e-01 
-8.784260e-03 -1.061056e-01 
-1.113975e-02 -1.281511e-01 
-2.032542e-02 -2.420428e-01 
-1.326942e-01 -3.565066e-01 
2.072815e-02 2.073536e-02 
7.338057e-03 1.972871e-01 
2.217127e-02 2.477266e-01 
1.887861e-02 2.160964e-01 
1.137032e-02 1.341251e-01 
1.063229e-03 1.300065e-02 
6.526744e-01 6.997763e-01 
6.726840e-02 7.684876e-01 
4.691831e-02 6.669079e-01 
3.667988e-02 4.544817e-01 
2.324115e-02 2.740291e-01 
1.108384e-02 1.347610e-01 
4.716142e-03 5.793387e-02 
9.011772e-01 -7.098324e-01 
6.843788e-02 -5.070872e-01 
-1.723783e-02 -3.159877e-01 
-2.695229e-02 -3.261168e-01 
-2.325552e-02 -3.234742e-01 
-2.306514e-02 -2.974407e-01 
-1.823603e-02 -2.255221e-01 
-6.486656e-02 -7.163826e-02 
3.182418e-02 2.431930e-01 
1.779452e-02 2.387490e-01 
3.818883e-03 5.076724e-02 
-2.551065e-03 -3.338820e-02 
-3.523236e-03 -4.253656e-02 
3.393503e-03 4.090900e-02 
7.752727e-01 8.250456e-01 
1.700027e-01 1.004109e+00 
6.832136e-02 8.150572e-01 
3.210582e-02 4.543809e-01 
1.695327e-02 2.228481e-01 
6.771040e-03 8.815857e-02 
4.486353e-03 5.595890e-02 
6.811657e-01 -8.374664e-01 
-2.608381e-02 -3.412101e-01 
-1.628020e-02 -9.946409e-02 
-7.056095e-03 -1.169120e-01 
-7.948433e-03 -1.377015e-01 
-1.158745e-02 -1.715356e-01 
-1.696079e-02 -2.315207e-01 
