poroelastic
-1.389850e-02 1.914130e-01 
3.343671e-03 2.720920e-01 
1.783650e-02 1.838754e-01 
-6.981094e-03 -3.374534e-02 
-8.771068e-03 -1.178977e-01 
-5.440851e-03 -1.147508e-01 
-9.112275e-04 -3.502216e-02 
-1.213534e+00 -6.343747e-01 
4.491903e-02 -6.412982e-01 
5.960647e-02 -6.337317e-01 
-8.196360e-02 -7.028874e-01 
-5.361387e-02 -6.712553e-01 
-2.958187e-02 -5.660995e-01 
-8.667405e-03 -4.030711e-01 
-1.094856e+00 6.401748e-01 
-1.716315e-01 7.437438e-01 
-3.036111e-02 6.171835e-01 
5.551935e-02 4.303605e-01 
3.226220e-02 3.822296e-01 
2.349451e-02 4.209428e-01 
9.682693e-03 5.442448e-01 
-1.451006e-02 -7.402306e-02 
2.106884e-02 2.624123e-03 
1.196317e-02 -3.836901e-02 
-1.580457e-02 -1.531585e-01 
-1.035992e-02 -1.692972e-01 
-5.072018e-03 -1.276805e-01 
-7.624276e-04 -3.768169e-02 
-1.312759e+00 -6.000302e-01 
-8.479166e-02 -7.293902e-01 
3.095479e-02 -6.928213e-01 
-6.959441e-02 -7.100401e-01 
-4.956520e-02 -6.770935e-01 
-2.985820e-02 -6.135885e-01 
-1.128299e-02 -5.391412e-01 
-9.755274e-01 6.510590e-01 
-1.025463e-01 6.956339e-01 
-1.511943e-02 6.064564e-01 
4.910808e-02 4.711978e-01 
2.748612e-02 4.187329e-01 
1.900713e-02 4.104904e-01 
8.494455e-03 4.408824e-01 
-5.685340e-02 -2.794624e-01 
8.197282e-03 -1.433167e-01 
-2.943877e-03 -1.119818e-01 
-6.030804e-03 -1.107291e-01 
-1.606434e-03 -6.034530e-02 
1.159156e-03 5.994032e-03 
1.399948e-03 7.713590e-02 
-1.411227e+00 -6.239190e-01 
-2.078009e-01 -8.547231e-01 
-7.132797e-03 -7.740897e-01 
-5.541464e-02 -7.091903e-01 
-3.954826e-02 -6.392039e-01 
-2.428986e-02 -5.726473e-01 
-1.078925e-02 -5.242701e-01 
-8.612034e-01 6.988395e-01 
-1.947739e-02 6.657928e-01 
2.627705e-03 6.100719e-01 
3.951656e-02 5.072328e-01 
2.156500e-02 4.301492e-01 
1.364850e-02 3.557899e-01 
5.644588e-03 2.791212e-01 
-1.202158e-01 -4.586029e-01 
1.716378e-03 -2.295133e-01 
-4.760168e-03 -1.086478e-01 
7.001517e-04 7.489959e-04 
2.009500e-03 5.601937e-02 
9.614063e-04 4.827526e-02 
-8.765065e-04 -4.522612e-02 
-1.403754e+00 -7.643350e-01 
-3.149371e-01 -1.101706e+00 
-5.178608e-02 -8.938268e-01 
-3.173534e-02 -5.818386e-01 
-1.791721e-02 -3.947424e-01 
-1.096693e-02 -3.143181e-01 
-7.863221e-03 -3.621807e-01 
-6.672713e-01 6.221260e-01 
6.377363e-02 3.856908e-01 
1.070864e-02 3.755293e-01 
2.778617e-02 4.090412e-01 
1.593028e-02 4.160504e-01 
1.262943e-02 3.952825e-01 
7.103425e-03 3.518354e-01 
-8.365318e-01 -6.569175e-01 
5.332172e-02 -5.777134e-01 
-3.049904e-02 -5.985110e-01 
-2.454096e-02 -5.871556e-01 
-2.057713e-02 -5.391372e-01 
-1.363782e-02 -4.645634e-01 
-7.821388e-03 -3.617256e-01 
-1.299418e+00 8.218015e-01 
-2.109889e-01 9.500861e-01 
9.289121e-03 6.760611e-01 
1.708687e-02 4.338406e-01 
9.620328e-03 3.328835e-01 
9.519987e-03 3.368807e-01 
1.078517e-02 4.642727e-01 
4.734766e-02 4.131031e-01 
-1.748806e-02 4.617579e-02 
-7.594118e-03 -1.320643e-01 
-6.270838e-03 -2.037365e-01 
-4.902733e-03 -1.838912e-01 
-2.266323e-03 -9.706007e-02 
1.511367e-03 6.670731e-02 
-1.067964e+00 -7.477842e-01 
-6.782587e-02 -8.583343e-01 
-5.624026e-02 -8.342588e-01 
-1.508824e-02 -6.927622e-01 
-1.430636e-02 -5.636820e-01 
-1.040781e-02 -4.467750e-01 
-8.123384e-03 -3.451597e-01 
-1.350908e+00 7.566566e-01 
-1.562419e-01 8.176484e-01 
4.129318e-02 6.668208e-01 
1.512469e-02 6.212343e-01 
8.393974e-03 5.837595e-01 
1.049037e-02 5.449365e-01 
1.183429e-02 5.100948e-01 
-1.392557e-02 2.004909e-01 
-2.911966e-04 -6.331311e-02 
5.910679e-04 -9.627008e-02 
-5.708047e-04 6.601300e-03 
6.581924e-04 5.659861e-02 
1.420152e-03 7.556077e-02 
1.674178e-03 6.849939e-02 
-1.162197e+00 -7.723412e-01 
-2.043601e-01 -1.002705e+00 
-7.694992e-02 -9.205167e-01 
-6.385238e-03 -6.902604e-01 
-8.160457e-03 -5.401599e-01 
-7.865298e-03 -4.476805e-01 
-9.367945e-03 -4.072114e-01 
-1.293940e+00 8.814029e-01 
1.695590e-02 6.802897e-01 
6.499497e-02 5.070650e-01 
1.408730e-03 4.907735e-01 
1.418847e-03 4.674332e-01 
4.871329e-03 4.356564e-01 
7.685770e-03 4.119496e-01 
