poroelastic
2.551026e-02 -1.407534e-01 
1.498125e-02 -2.336415e-01 
-5.291022e-03 -2.276634e-01 
-6.288477e-03 -9.213115e-02 
-8.861444e-07 2.011790e-03 
3.716720e-03 5.602927e-02 
4.966706e-03 7.194787e-02 
9.605672e-01 6.672660e-01 
-4.479930e-02 5.725959e-01 
-7.231075e-02 4.635454e-01 
2.770025e-02 4.632985e-01 
3.010926e-02 4.538821e-01 
2.792647e-02 4.333418e-01 
2.500672e-02 4.001021e-01 
1.139957e+00 -5.826842e-01 
2.111425e-01 -7.575317e-01 
6.471019e-02 -7.050615e-01 
-3.055418e-02 -5.602080e-01 
-2.790284e-02 -4.623823e-01 
-2.409052e-02 -4.065799e-01 
-2.324575e-02 -4.036354e-01 
2.489714e-03 5.310055e-02 
-6.212281e-03 -6.182539e-02 
-1.177643e-02 -8.261771e-02 
-4.049640e-04 -3.681538e-03 
3.004804e-03 5.432191e-02 
5.553341e-03 9.729658e-02 
6.767736e-03 1.157026e-01 
1.110739e+00 6.368330e-01 
6.732237e-02 7.043598e-01 
-5.686408e-02 5.896104e-01 
2.181543e-02 5.382058e-01 
2.905436e-02 5.208555e-01 
2.949660e-02 5.264107e-01 
3.142107e-02 5.556839e-01 
1.080235e+00 -5.697588e-01 
1.361879e-01 -6.780645e-01 
5.501824e-02 -6.807576e-01 
-2.920944e-02 -6.184987e-01 
-2.808717e-02 -5.431019e-01 
-2.428837e-02 -4.601850e-01 
-1.965112e-02 -3.647970e-01 
-5.386027e-03 2.551878e-01 
1.232392e-02 6.878902e-02 
6.975820e-03 -4.682484e-02 
-4.780214e-03 -9.919694e-02 
-5.361572e-03 -1.080643e-01 
-3.807549e-03 -7.369331e-02 
9.908374e-04 1.880727e-02 
1.236498e+00 6.714178e-01 
1.721871e-01 8.336802e-01 
-2.718395e-02 6.675998e-01 
1.451265e-02 5.374538e-01 
2.204624e-02 4.932003e-01 
2.468176e-02 5.167606e-01 
3.262814e-02 6.237913e-01 
1.005305e+00 -6.595297e-01 
3.729595e-02 -6.742979e-01 
3.359683e-02 -7.061868e-01 
-2.424704e-02 -6.647209e-01 
-2.426355e-02 -5.597274e-01 
-1.924642e-02 -4.049874e-01 
-9.398714e-03 -1.825218e-01 
9.716921e-03 4.478386e-01 
1.754391e-02 1.590348e-01 
7.507551e-03 -4.617798e-02 
-7.008971e-03 -1.988013e-01 
-9.425650e-03 -2.168828e-01 
-6.242788e-03 -1.237614e-01 
5.636348e-03 1.108508e-01 
1.230910e+00 8.516146e-01 
2.373164e-01 1.079464e+00 
1.335335e-02 7.661604e-01 
6.020158e-03 3.903388e-01 
6.223719e-03 2.293762e-01 
8.129610e-03 2.288899e-01 
2.126057e-02 4.081627e-01 
8.624226e-01 -6.196807e-01 
-7.792080e-02 -4.113477e-01 
2.323565e-02 -5.131412e-01 
-8.756996e-03 -6.190061e-01 
-1.782297e-02 -5.821929e-01 
-1.904201e-02 -4.590860e-01 
-1.357059e-02 -2.568399e-01 
6.746031e-01 6.674552e-01 
-5.267087e-02 5.363541e-01 
-5.440992e-03 4.686623e-01 
-2.482647e-03 3.999867e-01 
8.107081e-03 3.878429e-01 
1.428084e-02 4.080142e-01 
2.351133e-02 4.447750e-01 
1.502740e+00 -7.393376e-01 
2.855994e-01 -9.723160e-01 
2.515947e-02 -7.996422e-01 
4.366439e-03 -6.262341e-01 
-8.775644e-03 -4.894855e-01 
-1.355594e-02 -4.097878e-01 
-2.243318e-02 -4.116966e-01 
7.245077e-02 -4.143900e-01 
-3.822949e-03 -1.041727e-01 
-2.872428e-04 -7.932132e-03 
-7.144057e-05 1.491340e-02 
1.188222e-03 3.307543e-02 
1.412039e-03 2.354867e-02 
-1.805015e-03 -3.256759e-02 
9.374930e-01 7.713675e-01 
4.257301e-02 8.330548e-01 
1.433336e-02 7.416333e-01 
-1.018212e-02 5.558966e-01 
4.812338e-03 4.536945e-01 
1.162104e-02 4.070983e-01 
2.198045e-02 4.088261e-01 
1.596977e+00 -7.230798e-01 
2.008978e-01 -8.863978e-01 
-5.396667e-03 -8.264384e-01 
1.594697e-02 -8.152190e-01 
-7.731875e-03 -7.184846e-01 
-1.737237e-02 -5.770552e-01 
-2.150383e-02 -4.022880e-01 
9.154932e-02 -2.686821e-01 
-2.125132e-02 -8.228140e-02 
-3.971219e-03 -1.187618e-01 
1.672687e-03 -2.192348e-01 
-5.056488e-03 -1.903060e-01 
-4.732056e-03 -8.674318e-02 
4.511716e-03 8.127393e-02 
1.025428e+00 8.096632e-01 
1.440514e-01 9.455501e-01 
2.911086e-02 7.717869e-01 
-1.878845e-02 4.936986e-01 
-3.006493e-03 3.816436e-01 
6.983586e-03 3.876671e-01 
2.743604e-02 5.029199e-01 
1.509999e+00 -8.093552e-01 
4.458541e-03 -6.770601e-01 
-4.145563e-02 -6.005710e-01 
2.928527e-02 -6.640380e-01 
1.169753e-03 -6.219089e-01 
-1.178796e-02 -5.261865e-01 
-2.024510e-02 -3.957708e-01 
