poroelastic
1.294569e-02 -1.464773e-01 
1.126059e-03 -1.764104e-01 
-5.761136e-03 -8.770912e-02 
2.140283e-03 2.289110e-02 
5.014280e-03 5.388195e-02 
3.393034e-03 3.769626e-02 
-7.472515e-03 -8.163388e-02 
4.713718e-01 3.087855e-01 
2.598775e-03 2.759312e-01 
-2.511438e-02 2.582544e-01 
2.382142e-02 2.452831e-01 
2.245174e-02 2.292781e-01 
2.109177e-02 2.291236e-01 
1.825971e-02 2.148526e-01 
4.295130e-01 -4.326532e-01 
3.979720e-02 -3.802461e-01 
-1.404591e-03 -2.760968e-01 
-1.968763e-02 -2.144155e-01 
-1.199774e-02 -1.384181e-01 
-3.275528e-03 -4.258820e-02 
5.367189e-03 6.762282e-02 
1.826215e-02 9.498982e-02 
-2.347419e-02 9.464031e-02 
-1.250900e-02 9.974826e-02 
7.941116e-03 7.143672e-02 
7.751479e-03 7.961588e-02 
1.061875e-02 1.209062e-01 
1.701086e-02 2.166209e-01 
2.548395e-01 4.756435e-01 
3.203477e-02 4.089850e-01 
2.009920e-02 2.313055e-01 
3.167282e-03 4.094683e-02 
-7.095160e-03 -7.686466e-02 
-1.084193e-02 -1.314475e-01 
-6.562793e-03 -8.597766e-02 
5.278436e-02 -3.732263e-01 
-1.499515e-02 -1.602579e-01 
-1.186058e-02 -1.743374e-02 
2.184073e-03 1.037078e-02 
5.287978e-03 5.256972e-02 
8.213252e-03 9.684576e-02 
1.350675e-02 1.859019e-01 
1.720304e-01 3.265862e-01 
-5.129652e-02 3.420176e-01 
-9.437322e-03 3.136105e-01 
2.085197e-02 2.014315e-01 
1.631274e-02 1.831704e-01 
1.803395e-02 2.249862e-01 
2.437417e-02 3.513567e-01 
1.301812e-01 5.123108e-01 
1.463424e-02 4.167533e-01 
2.209831e-02 1.543107e-01 
-1.214896e-02 -1.402044e-01 
-2.140408e-02 -2.673710e-01 
-1.936380e-02 -2.639008e-01 
-8.533505e-03 -1.259824e-01 
-1.630023e-01 -2.080686e-01 
-7.054176e-03 3.932706e-02 
-6.710948e-03 1.347948e-01 
7.278327e-03 6.560975e-02 
7.620846e-03 8.469031e-02 
1.211850e-02 1.596947e-01 
1.941847e-02 2.980710e-01 
4.245928e-01 5.462332e-01 
-5.345282e-02 6.754770e-01 
1.718957e-02 5.959104e-01 
2.586007e-02 3.152424e-01 
1.376284e-02 1.809761e-01 
1.153714e-02 1.613297e-01 
1.643780e-02 2.636684e-01 
2.337595e-01 5.835894e-01 
4.320536e-02 6.896902e-01 
2.885353e-02 4.052722e-01 
-5.892774e-03 -5.690791e-02 
-2.347736e-02 -3.319386e-01 
-2.746087e-02 -4.202685e-01 
-1.937440e-02 -3.157552e-01 
-4.781682e-01 -1.011517e-01 
6.013673e-02 2.586437e-01 
1.671942e-03 3.494474e-01 
1.784157e-02 2.437423e-01 
1.591713e-02 2.390818e-01 
2.109452e-02 3.335392e-01 
3.104623e-02 5.236482e-01 
2.365236e-01 5.309999e-01 
1.509301e-02 4.793820e-01 
1.790882e-02 3.094093e-01 
1.047721e-03 2.024130e-02 
-6.541382e-03 -1.097461e-01 
-6.037804e-03 -1.035212e-01 
-2.909346e-04 -5.058830e-03 
3.544225e-01 -3.000062e-01 
4.761566e-02 -1.309446e-01 
2.965146e-03 -6.186245e-02 
-9.056436e-03 -1.711333e-01 
-1.016126e-02 -1.796637e-01 
-6.669596e-03 -1.166218e-01 
-3.181008e-03 -5.476682e-02 
-2.489981e-01 1.062781e-04 
4.476448e-02 1.908648e-01 
1.125743e-02 2.240739e-01 
6.723978e-03 1.566287e-01 
9.406451e-03 1.863382e-01 
1.464897e-02 2.698460e-01 
1.962891e-02 3.433266e-01 
7.114407e-02 3.354637e-01 
1.571583e-02 3.088965e-01 
6.622034e-03 1.638678e-01 
-2.027359e-03 -5.607658e-02 
-8.267903e-03 -1.686340e-01 
-1.024648e-02 -1.971050e-01 
-8.171201e-03 -1.495436e-01 
1.013231e-01 -1.805403e-01 
5.696757e-03 -5.400331e-03 
2.908973e-03 6.529592e-02 
-1.342093e-03 -3.333864e-02 
-4.083965e-03 -8.433025e-02 
-4.518955e-03 -8.766437e-02 
1.072997e-03 2.026486e-02 
-2.049602e-01 9.483202e-02 
6.080638e-02 2.970147e-01 
2.645954e-02 3.045621e-01 
5.585098e-03 1.973494e-01 
7.465818e-03 1.930155e-01 
1.218991e-02 2.679464e-01 
2.536026e-02 4.838114e-01 
2.203753e-03 4.103572e-01 
-5.520920e-03 2.790740e-01 
-7.773837e-03 6.695011e-02 
-5.465845e-03 -1.701848e-01 
-1.072286e-02 -2.686890e-01 
-1.290885e-02 -2.834009e-01 
-9.922259e-03 -1.946201e-01 
-3.646927e-01 -2.940995e-01 
-3.816669e-03 6.887788e-02 
2.985872e-02 2.549808e-01 
6.470375e-03 2.561480e-01 
9.516547e-03 2.687451e-01 
1.019987e-02 2.492512e-01 
8.024717e-03 1.720350e-01 
