poroelastic
7.689950e-03 -5.002176e-02 
7.019455e-03 -1.139531e-02 
1.173129e-02 6.212250e-02 
4.710079e-03 8.232407e-02 
-1.305701e-03 1.090335e-03 
-8.714629e-03 -1.153252e-01 
-1.517426e-02 -2.440106e-01 
-2.357075e-01 -3.784086e-01 
-2.006275e-02 -4.599914e-01 
-2.385228e-02 -3.199258e-01 
-7.607372e-03 -1.351512e-01 
3.366805e-03 1.495697e-02 
1.193308e-02 1.622392e-01 
1.686920e-02 2.946234e-01 
-3.940556e-01 6.344490e-02 
-6.198512e-02 1.322300e-01 
-2.144952e-02 1.638859e-01 
1.406661e-02 1.261998e-01 
1.543755e-02 1.788585e-01 
1.929488e-02 2.867031e-01 
2.077491e-02 4.005206e-01 
9.620286e-02 2.678785e-01 
-7.352762e-02 4.936856e-01 
-2.479972e-02 5.600992e-01 
3.943563e-02 4.237790e-01 
3.224099e-02 4.357799e-01 
3.147913e-02 5.045247e-01 
2.787548e-02 5.580999e-01 
-9.735859e-01 4.923234e-02 
-1.134745e-01 -1.629477e-01 
4.408373e-02 -3.383324e-01 
-5.288353e-02 -6.366492e-01 
-5.597239e-02 -7.970759e-01 
-5.153041e-02 -8.607043e-01 
-4.241467e-02 -8.788234e-01 
-6.511145e-01 3.034957e-01 
-5.354394e-02 4.337687e-01 
-7.009480e-03 4.606737e-01 
2.732683e-02 3.450644e-01 
1.992155e-02 2.947544e-01 
1.682476e-02 2.921431e-01 
1.417261e-02 3.142444e-01 
3.724276e-01 7.674298e-02 
-1.138385e-01 3.440828e-01 
-3.619902e-02 5.041478e-01 
5.544315e-02 5.627563e-01 
4.911760e-02 7.109903e-01 
4.992420e-02 9.009450e-01 
4.560021e-02 1.099499e+00 
-1.341368e+00 -2.230046e-01 
-2.629269e-01 -6.102150e-01 
-1.286462e-02 -7.689766e-01 
-6.509898e-02 -9.192077e-01 
-5.328348e-02 -9.112370e-01 
-3.785004e-02 -7.666631e-01 
-1.986358e-02 -5.042469e-01 
-1.014948e+00 4.198810e-01 
-1.445221e-02 5.270868e-01 
-9.224888e-03 5.644456e-01 
4.138993e-02 4.815491e-01 
3.370707e-02 5.240173e-01 
3.405234e-02 6.688318e-01 
3.422329e-02 9.405671e-01 
6.199921e-01 1.768205e-01 
-8.451483e-02 6.039203e-01 
8.958706e-03 7.225913e-01 
4.666616e-02 6.080328e-01 
3.356656e-02 5.831063e-01 
2.971533e-02 6.353887e-01 
2.714290e-02 8.205619e-01 
-1.580362e+00 1.513289e-01 
-4.313262e-01 -1.932546e-01 
-4.732860e-02 -4.620947e-01 
-6.806711e-02 -9.197428e-01 
-6.410171e-02 -1.235396e+00 
-5.783005e-02 -1.392307e+00 
-4.216102e-02 -1.340426e+00 
-1.391440e+00 7.112825e-01 
1.374449e-01 8.308810e-01 
2.570062e-02 8.772636e-01 
5.001135e-02 7.421450e-01 
3.864980e-02 7.800377e-01 
3.877972e-02 9.740954e-01 
3.880589e-02 1.349802e+00 
1.520411e-01 -3.166226e-01 
-2.152160e-02 -1.773452e-01 
-4.089970e-03 -1.990694e-01 
3.471644e-04 -2.201967e-01 
7.340652e-03 2.963168e-02 
2.030192e-02 4.995953e-01 
3.148612e-02 1.204025e+00 
-4.201642e-02 7.313765e-01 
6.807997e-02 5.962254e-01 
6.698139e-03 8.343066e-02 
-1.944535e-02 -4.350460e-01 
-2.035903e-02 -6.062609e-01 
-1.227455e-02 -4.417985e-01 
2.931336e-03 1.161788e-01 
-6.021221e-01 6.454033e-01 
1.082826e-01 6.590274e-01 
3.850017e-02 5.704476e-01 
1.710354e-02 3.697681e-01 
1.267360e-02 3.408432e-01 
1.432375e-02 4.628508e-01 
1.834973e-02 7.781148e-01 
-3.476431e-01 -1.585824e-01 
-1.836320e-02 -2.059101e-02 
-1.699990e-02 -4.163390e-02 
-1.046653e-02 -2.331844e-01 
-1.021765e-02 -3.356358e-01 
-9.885321e-03 -3.795752e-01 
-8.093804e-03 -3.796072e-01 
-6.575602e-01 6.768576e-01 
-3.854171e-02 6.878624e-01 
1.700671e-02 4.065672e-01 
3.367512e-03 9.863620e-02 
3.362662e-04 -2.283413e-03 
1.139717e-03 3.812541e-02 
2.417561e-03 1.276403e-01 
-3.291334e-01 1.668455e-01 
8.060624e-02 1.197882e-02 
5.038914e-02 1.306427e-02 
1.182166e-02 1.697543e-01 
1.534138e-02 5.172770e-01 
2.203644e-02 9.658726e-01 
2.427125e-02 1.391860e+00 
-1.348182e+00 -6.964587e-01 
-2.132316e-01 -1.087938e+00 
-9.555519e-02 -1.163080e+00 
-2.729483e-02 -1.040167e+00 
-1.589444e-02 -8.075245e-01 
-8.888146e-03 -4.971709e-01 
-2.899456e-03 -1.815103e-01 
-1.572040e+00 7.301800e-01 
-2.005120e-02 7.552075e-01 
8.536945e-02 7.398346e-01 
1.675450e-02 7.740530e-01 
1.106850e-02 7.051215e-01 
8.309735e-03 5.966434e-01 
5.284946e-03 4.520267e-01 
