poroelastic
2.167469e-02 -5.547800e-02 
1.695348e-02 -1.363270e-01 
-9.253911e-04 -1.761113e-01 
-8.415863e-03 -1.059024e-01 
-2.536894e-03 -3.913915e-02 
1.659150e-03 1.649805e-02 
4.501108e-03 6.968613e-02 
7.524414e-01 4.417738e-01 
-6.102690e-02 4.265452e-01 
-7.663800e-02 3.482872e-01 
3.654798e-02 3.573753e-01 
3.750663e-02 3.900455e-01 
3.206429e-02 4.153685e-01 
2.536321e-02 4.351597e-01 
9.675437e-01 -2.917433e-01 
2.071083e-01 -5.072800e-01 
7.497219e-02 -5.623749e-01 
-5.072553e-02 -4.990960e-01 
-3.625275e-02 -4.661287e-01 
-3.039562e-02 -4.419965e-01 
-2.348767e-02 -4.340034e-01 
7.009416e-04 6.386088e-02 
-6.366166e-03 -1.785383e-02 
-1.077354e-02 -6.279825e-02 
-8.360963e-05 -1.501960e-02 
2.971353e-03 3.037907e-02 
5.169519e-03 7.058632e-02 
6.299439e-03 1.073402e-01 
9.755251e-01 4.100904e-01 
1.869239e-02 5.200403e-01 
-7.743283e-02 4.766474e-01 
3.733066e-02 4.848854e-01 
4.526089e-02 5.235445e-01 
4.057672e-02 5.660937e-01 
3.633671e-02 6.246649e-01 
1.039502e+00 -3.230921e-01 
1.673055e-01 -5.226612e-01 
7.247191e-02 -6.291166e-01 
-5.471576e-02 -6.258132e-01 
-4.080416e-02 -6.028867e-01 
-3.479373e-02 -5.455586e-01 
-2.552222e-02 -4.538881e-01 
-2.895074e-02 1.205470e-01 
2.288024e-02 -3.926634e-02 
5.517139e-03 -1.365824e-01 
-1.001098e-02 -1.389539e-01 
-7.114943e-03 -1.117996e-01 
-3.227259e-03 -5.572349e-02 
1.968743e-03 3.479124e-02 
1.063441e+00 4.027176e-01 
1.104680e-01 5.748394e-01 
-4.903784e-02 5.191097e-01 
2.729796e-02 5.022026e-01 
3.866541e-02 5.286364e-01 
3.709480e-02 5.705833e-01 
3.758943e-02 6.355645e-01 
1.006267e+00 -4.394436e-01 
7.606705e-02 -5.927150e-01 
4.723632e-02 -6.996854e-01 
-4.594311e-02 -6.764543e-01 
-3.670465e-02 -6.082790e-01 
-3.044458e-02 -4.908775e-01 
-1.960371e-02 -3.306854e-01 
-3.320456e-02 1.975210e-01 
1.943279e-02 -4.192166e-02 
-1.467617e-03 -1.727926e-01 
-1.172487e-02 -2.020952e-01 
-8.687241e-03 -1.483763e-01 
-1.373876e-03 -2.113726e-02 
1.162814e-02 1.964623e-01 
9.382117e-01 5.042734e-01 
1.684087e-01 6.941112e-01 
1.403748e-03 5.179917e-01 
1.032062e-02 3.137296e-01 
1.300060e-02 2.526613e-01 
1.604762e-02 2.997454e-01 
2.945235e-02 4.758337e-01 
9.955313e-01 -4.427632e-01 
-5.879610e-02 -4.306155e-01 
3.624706e-02 -5.972498e-01 
-3.759862e-02 -6.980298e-01 
-3.350660e-02 -6.915342e-01 
-3.359926e-02 -5.933255e-01 
-2.520605e-02 -4.207843e-01 
6.895072e-01 4.364864e-01 
-8.594702e-02 3.978062e-01 
-2.288447e-02 4.109225e-01 
5.886318e-03 4.525754e-01 
2.612223e-02 5.249113e-01 
3.194920e-02 6.039888e-01 
4.217969e-02 6.878744e-01 
1.396595e+00 -4.746248e-01 
3.141462e-01 -8.054145e-01 
3.914521e-02 -7.675462e-01 
-1.656497e-02 -6.566705e-01 
-2.122583e-02 -5.647154e-01 
-2.456434e-02 -4.862504e-01 
-2.718611e-02 -4.349717e-01 
1.221280e-01 -3.108202e-01 
-1.290227e-02 -1.150268e-01 
5.766091e-04 -6.701612e-02 
-9.426394e-04 -4.771029e-02 
-1.424751e-03 -3.869018e-02 
-2.091541e-03 -4.307268e-02 
-3.689949e-03 -6.043548e-02 
8.622864e-01 5.585485e-01 
1.303305e-02 6.679135e-01 
6.262926e-03 6.433007e-01 
2.426134e-03 5.449923e-01 
1.833261e-02 5.041717e-01 
2.276157e-02 5.027879e-01 
3.388574e-02 5.505477e-01 
1.538297e+00 -5.353581e-01 
2.473122e-01 -8.347327e-01 
1.645471e-03 -8.609451e-01 
-1.147654e-02 -8.383547e-01 
-1.999540e-02 -7.576288e-01 
-2.718422e-02 -6.229948e-01 
-2.768916e-02 -4.493192e-01 
1.475733e-01 -2.924237e-01 
-3.286951e-02 -1.992659e-01 
-5.968661e-03 -2.229838e-01 
-2.606287e-03 -2.461602e-01 
-7.350771e-03 -1.981048e-01 
-5.877794e-03 -1.073064e-01 
1.175671e-03 1.816547e-02 
8.707243e-01 5.411983e-01 
1.195228e-01 7.015913e-01 
2.269327e-02 6.310687e-01 
-8.163472e-03 4.936547e-01 
9.539004e-03 4.563648e-01 
1.871531e-02 4.914637e-01 
3.766506e-02 6.037604e-01 
1.554891e+00 -6.129982e-01 
2.903849e-02 -6.596594e-01 
-4.126280e-02 -6.681385e-01 
5.143220e-03 -7.083188e-01 
-1.072309e-02 -6.756477e-01 
-2.114084e-02 -5.853078e-01 
-2.566893e-02 -4.516411e-01 
