poroelastic
1.396935e-02 -1.576448e-01 
-1.254204e-03 -1.725419e-01 
-7.715810e-03 -7.831048e-02 
3.123129e-03 2.323155e-02 
4.448468e-03 4.632334e-02 
1.466726e-03 2.602967e-02 
-3.773195e-03 -5.174898e-02 
-3.562273e-01 -7.175686e-02 
9.151119e-03 -2.299888e-01 
2.783479e-02 -1.875731e-01 
-2.785033e-02 -1.204857e-01 
-2.837545e-02 -1.675658e-01 
-2.872111e-02 -2.518266e-01 
-2.440752e-02 -3.645229e-01 
-5.091639e-01 -2.287187e-01 
-1.269668e-01 -3.611932e-02 
-5.422824e-02 2.102731e-01 
7.403030e-02 3.792180e-01 
5.586996e-02 4.514353e-01 
4.321807e-02 4.507553e-01 
2.443502e-02 3.940591e-01 
-8.950292e-03 -1.085633e-01 
8.417387e-03 -1.092496e-01 
5.734786e-03 -2.450811e-02 
-1.470873e-03 2.173914e-02 
-3.575240e-03 -4.845857e-03 
-7.706719e-03 -6.373947e-02 
-9.681108e-03 -1.494147e-01 
-5.201017e-01 -3.238057e-03 
-4.369542e-02 -2.271476e-01 
2.931359e-02 -2.752839e-01 
-4.972907e-02 -2.848199e-01 
-4.980160e-02 -3.537758e-01 
-4.392550e-02 -4.289457e-01 
-3.319674e-02 -5.111643e-01 
-6.356199e-01 -1.403016e-01 
-1.006931e-01 5.648402e-02 
-4.170791e-02 2.970507e-01 
8.149056e-02 4.537402e-01 
6.023009e-02 5.262366e-01 
4.767331e-02 5.234741e-01 
2.819059e-02 4.537407e-01 
2.128274e-02 -3.005827e-02 
-1.510710e-02 4.217799e-03 
4.766326e-04 8.144677e-02 
1.364884e-02 1.071190e-01 
8.191108e-03 8.822623e-02 
3.067648e-03 4.505242e-02 
-1.416668e-03 -2.335538e-02 
-5.362836e-01 2.168227e-02 
-1.023797e-01 -2.143059e-01 
5.189667e-03 -2.903903e-01 
-4.954414e-02 -3.301852e-01 
-4.791945e-02 -3.886774e-01 
-3.998748e-02 -4.300695e-01 
-2.864306e-02 -4.552394e-01 
-6.397488e-01 2.652828e-02 
-2.499168e-02 2.036711e-01 
-8.955983e-03 3.897950e-01 
6.936198e-02 4.567656e-01 
4.902844e-02 4.708726e-01 
3.767447e-02 4.342395e-01 
2.261900e-02 3.670650e-01 
3.897590e-02 3.743261e-02 
-1.558789e-03 1.037934e-01 
1.235536e-02 1.427360e-01 
8.473539e-03 1.090583e-01 
1.876669e-03 4.760218e-02 
-4.569300e-03 -3.768146e-02 
-9.443249e-03 -1.564465e-01 
-3.673031e-01 -2.382868e-02 
-1.111757e-01 -2.089748e-01 
-1.923354e-02 -2.172799e-01 
-2.281374e-02 -1.655540e-01 
-1.950425e-02 -1.727552e-01 
-1.913319e-02 -2.218471e-01 
-2.075927e-02 -3.330091e-01 
-7.530046e-01 7.196557e-02 
7.515598e-02 1.542129e-01 
6.435671e-03 3.797429e-01 
7.713781e-02 5.468936e-01 
5.596795e-02 6.155158e-01 
4.710823e-02 6.006769e-01 
3.019642e-02 5.171790e-01 
-5.703903e-01 -1.202074e-01 
3.659991e-02 -2.877261e-01 
-2.204342e-02 -3.613431e-01 
-4.858413e-02 -4.106155e-01 
-4.909793e-02 -4.898921e-01 
-4.521838e-02 -5.742406e-01 
-3.997576e-02 -6.750952e-01 
-7.680410e-01 -2.783389e-02 
-1.549645e-01 1.809031e-01 
3.558261e-03 3.168116e-01 
4.693501e-02 4.271153e-01 
3.872020e-02 4.753539e-01 
3.464138e-02 4.698458e-01 
2.486449e-02 4.037852e-01 
-5.968395e-02 -5.834600e-02 
-1.014895e-03 -1.291108e-01 
-6.206436e-03 -7.428010e-02 
8.250885e-03 5.495949e-02 
1.225735e-02 1.374743e-01 
1.342694e-02 1.803322e-01 
9.672398e-03 1.616568e-01 
-5.761111e-01 -2.074361e-01 
-6.214337e-02 -4.265664e-01 
-4.679986e-02 -4.482747e-01 
-3.578298e-02 -3.717714e-01 
-3.169422e-02 -3.648741e-01 
-2.958702e-02 -4.073318e-01 
-3.092585e-02 -5.170903e-01 
-9.639403e-01 1.488049e-01 
-1.004001e-01 3.787442e-01 
5.037291e-02 5.170997e-01 
5.367917e-02 5.841222e-01 
3.843161e-02 5.644027e-01 
3.020298e-02 4.655836e-01 
1.697249e-02 2.871733e-01 
-1.108240e-01 8.447658e-02 
3.353301e-02 6.530688e-02 
1.876696e-02 1.201066e-01 
1.501621e-02 2.000871e-01 
1.493316e-02 2.217550e-01 
1.216232e-02 1.904617e-01 
4.964459e-03 8.265661e-02 
-5.441588e-01 -1.935457e-01 
-1.351177e-01 -4.265293e-01 
-6.195689e-02 -4.520810e-01 
-3.011764e-02 -3.699124e-01 
-2.473236e-02 -3.393089e-01 
-2.277572e-02 -3.496478e-01 
-2.426634e-02 -4.203096e-01 
-8.952614e-01 2.332750e-01 
3.064331e-02 2.761028e-01 
6.497557e-02 3.392405e-01 
3.106854e-02 3.995847e-01 
2.484735e-02 4.211076e-01 
2.343983e-02 4.108501e-01 
1.936882e-02 3.761991e-01 
