poroelastic
-1.752756e-02 2.045311e-01 
-1.584053e-03 2.910513e-01 
1.386085e-02 2.047936e-01 
-4.080286e-03 -1.220216e-02 
-6.263100e-03 -9.937192e-02 
-3.946969e-03 -1.015207e-01 
-5.739512e-04 -2.724537e-02 
-1.274561e+00 -6.505005e-01 
4.424763e-02 -6.447206e-01 
6.039296e-02 -6.431912e-01 
-7.293439e-02 -7.225377e-01 
-4.630598e-02 -6.924928e-01 
-2.543878e-02 -5.880975e-01 
-7.051106e-03 -4.243923e-01 
-1.108950e+00 6.644107e-01 
-1.771748e-01 7.785459e-01 
-3.105535e-02 6.418398e-01 
4.717827e-02 4.469670e-01 
2.795807e-02 3.912618e-01 
1.973512e-02 4.289248e-01 
7.085765e-03 5.539244e-01 
-1.554160e-02 -6.912405e-02 
1.855465e-02 1.025092e-02 
1.057417e-02 -3.482569e-02 
-1.320682e-02 -1.531315e-01 
-8.221382e-03 -1.678627e-01 
-3.742371e-03 -1.229530e-01 
-4.298844e-04 -3.014858e-02 
-1.344573e+00 -6.154040e-01 
-9.266681e-02 -7.359561e-01 
2.868459e-02 -6.973030e-01 
-5.835822e-02 -7.163197e-01 
-4.005438e-02 -6.811444e-01 
-2.361195e-02 -6.166010e-01 
-7.927932e-03 -5.427851e-01 
-9.871790e-01 6.689439e-01 
-1.040134e-01 7.225784e-01 
-1.563736e-02 6.301089e-01 
4.098155e-02 4.908301e-01 
2.291877e-02 4.295389e-01 
1.510046e-02 4.160906e-01 
5.696553e-03 4.433898e-01 
-5.437311e-02 -2.772208e-01 
7.543607e-03 -1.338058e-01 
-2.066527e-03 -1.031928e-01 
-4.386631e-03 -1.047897e-01 
-1.000556e-03 -5.766355e-02 
1.035038e-03 7.309926e-03 
9.139690e-04 8.016516e-02 
-1.426379e+00 -6.340680e-01 
-2.142666e-01 -8.559557e-01 
-8.428410e-03 -7.735980e-01 
-4.459199e-02 -7.099868e-01 
-3.041812e-02 -6.390928e-01 
-1.797594e-02 -5.711682e-01 
-6.782502e-03 -5.171301e-01 
-8.729159e-01 7.073237e-01 
-1.743712e-02 6.813418e-01 
1.343198e-03 6.251188e-01 
3.175538e-02 5.216147e-01 
1.683193e-02 4.387338e-01 
1.018804e-02 3.633257e-01 
3.714446e-03 2.945543e-01 
-1.114456e-01 -4.543589e-01 
1.826253e-03 -2.168701e-01 
-3.246148e-03 -9.506169e-02 
1.029803e-03 1.065855e-02 
1.544412e-03 5.914453e-02 
6.182671e-04 4.759953e-02 
-4.553050e-04 -3.893514e-02 
-1.408827e+00 -7.640650e-01 
-3.130792e-01 -1.088330e+00 
-4.738529e-02 -8.794295e-01 
-2.345249e-02 -5.746834e-01 
-1.289873e-02 -3.956389e-01 
-7.764814e-03 -3.211603e-01 
-5.018062e-03 -3.651547e-01 
-6.770577e-01 6.216300e-01 
6.880146e-02 3.982573e-01 
1.126311e-02 3.897691e-01 
2.003624e-02 4.253426e-01 
1.102891e-02 4.275093e-01 
8.599945e-03 4.046632e-01 
4.800767e-03 3.648804e-01 
-8.362986e-01 -6.491307e-01 
5.223106e-02 -5.573115e-01 
-2.971937e-02 -5.828512e-01 
-1.525955e-02 -5.756132e-01 
-1.286243e-02 -5.315428e-01 
-8.696247e-03 -4.620358e-01 
-5.154711e-03 -3.582693e-01 
-1.290876e+00 8.103384e-01 
-2.121702e-01 9.535593e-01 
7.750621e-03 6.846561e-01 
9.296723e-03 4.417874e-01 
5.241455e-03 3.332440e-01 
5.582861e-03 3.311305e-01 
7.353995e-03 4.590926e-01 
3.629761e-02 4.110271e-01 
-1.743051e-02 5.922889e-02 
-6.963682e-03 -1.150634e-01 
-2.778963e-03 -1.885885e-01 
-2.729087e-03 -1.774293e-01 
-1.604701e-03 -9.983477e-02 
9.862737e-04 6.101761e-02 
-1.058987e+00 -7.276891e-01 
-6.792321e-02 -8.270916e-01 
-5.266594e-02 -8.069284e-01 
-3.583750e-03 -6.741692e-01 
-6.341195e-03 -5.540346e-01 
-5.700048e-03 -4.451888e-01 
-5.751051e-03 -3.455949e-01 
-1.339829e+00 7.383649e-01 
-1.527034e-01 8.154699e-01 
4.018135e-02 6.712468e-01 
3.324273e-03 6.226979e-01 
1.424624e-03 5.801259e-01 
4.923057e-03 5.395724e-01 
8.221338e-03 5.064391e-01 
-1.673287e-02 2.056278e-01 
1.774612e-03 -4.144701e-02 
2.016654e-03 -7.645019e-02 
-8.502248e-04 1.333445e-02 
-2.962708e-05 5.354401e-02 
5.845005e-04 6.520071e-02 
9.207692e-04 5.321986e-02 
-1.160715e+00 -7.432535e-01 
-1.983021e-01 -9.585586e-01 
-7.246273e-02 -8.842962e-01 
5.072099e-03 -6.716672e-01 
-4.647964e-04 -5.345584e-01 
-3.050634e-03 -4.527207e-01 
-6.877119e-03 -4.214555e-01 
-1.291743e+00 8.521668e-01 
1.667499e-02 6.836410e-01 
6.507656e-02 5.239036e-01 
-8.514335e-03 5.084548e-01 
-4.453435e-03 4.806018e-01 
5.657414e-04 4.423755e-01 
5.114229e-03 4.051771e-01 
