poroelastic
4.607762e-03 -1.789455e-01 
-1.223063e-02 -2.084076e-01 
-1.975563e-02 -9.122346e-02 
9.350449e-03 8.391714e-02 
1.329239e-02 1.403682e-01 
9.811026e-03 1.160140e-01 
-2.640988e-04 -3.368006e-03 
2.211658e-01 3.211995e-01 
3.811855e-03 1.965909e-01 
4.409643e-03 1.666083e-01 
1.725131e-02 1.866261e-01 
8.620788e-03 1.146828e-01 
-2.336636e-03 -8.813007e-03 
-1.367554e-02 -1.893984e-01 
1.270617e-01 -4.847652e-01 
-2.318388e-02 -3.442754e-01 
-2.635833e-02 -1.093313e-01 
1.160625e-02 8.531921e-02 
1.651933e-02 1.733897e-01 
1.438934e-02 1.797115e-01 
6.199385e-03 9.255948e-02 
-6.896246e-05 -7.970024e-03 
-3.060644e-03 -4.996833e-02 
-1.733099e-03 4.048473e-03 
5.663945e-03 6.398874e-02 
4.434388e-03 6.033352e-02 
4.918457e-04 1.510382e-02 
-5.716499e-03 -8.517925e-02 
1.742752e-01 3.525948e-01 
1.979838e-02 2.645181e-01 
1.519957e-02 1.654147e-01 
6.894135e-03 9.917158e-02 
-1.628896e-03 6.226422e-03 
-8.585150e-03 -9.467102e-02 
-1.402644e-02 -2.136168e-01 
-7.948201e-02 -4.166466e-01 
-3.875070e-02 -2.080294e-01 
-2.485481e-02 2.710932e-02 
2.173681e-02 1.888233e-01 
2.246916e-02 2.573454e-01 
1.870590e-02 2.494797e-01 
1.014324e-02 1.624186e-01 
6.947697e-02 2.133493e-01 
-1.419715e-02 1.949736e-01 
7.818991e-03 2.061698e-01 
1.300268e-02 1.577848e-01 
5.568760e-03 8.386417e-02 
-7.635918e-04 -9.972275e-04 
-5.773153e-03 -9.598317e-02 
2.436278e-01 4.131327e-01 
4.011810e-02 3.778913e-01 
1.773620e-02 2.241437e-01 
3.615596e-03 6.707487e-02 
-5.445102e-03 -5.303395e-02 
-9.196355e-03 -1.247402e-01 
-8.390384e-03 -1.403309e-01 
-1.359548e-01 -3.323660e-01 
-1.360287e-02 -9.193860e-02 
-1.317758e-02 7.187509e-02 
1.554963e-02 1.403329e-01 
1.524790e-02 1.848253e-01 
1.540327e-02 2.158455e-01 
1.505117e-02 2.593425e-01 
1.382745e-01 3.883882e-01 
-3.799730e-04 3.441508e-01 
1.818802e-02 2.718142e-01 
5.660303e-03 1.022862e-01 
-2.753461e-03 -2.504637e-02 
-7.444967e-03 -1.099512e-01 
-7.370037e-03 -1.303516e-01 
4.592495e-01 5.004611e-01 
1.062901e-01 5.789745e-01 
2.755935e-02 4.092221e-01 
1.089619e-02 1.749846e-01 
-4.136004e-04 6.642970e-03 
-6.796634e-03 -1.041258e-01 
-8.880905e-03 -1.549990e-01 
-3.606629e-01 -2.781038e-01 
4.806837e-02 3.253359e-02 
-2.397691e-03 2.145473e-01 
2.254006e-02 2.961824e-01 
2.177344e-02 3.417827e-01 
2.145670e-02 3.539989e-01 
1.868492e-02 3.327475e-01 
-4.958986e-02 3.509110e-01 
2.408533e-02 2.085100e-01 
8.054544e-03 9.897670e-02 
-3.383300e-03 -4.091083e-02 
-1.127953e-02 -1.802848e-01 
-1.806542e-02 -3.098821e-01 
-2.476821e-02 -4.436287e-01 
8.623226e-02 -5.191059e-01 
-3.602449e-02 -3.153246e-01 
-7.306076e-03 -3.740084e-02 
7.046517e-03 1.430913e-01 
1.179433e-02 2.166256e-01 
1.155814e-02 2.046098e-01 
5.348093e-03 9.190820e-02 
-1.139830e-01 -2.259824e-01 
2.219906e-02 -2.683929e-02 
6.693349e-03 1.059965e-01 
8.760422e-03 1.921227e-01 
1.099711e-02 2.100929e-01 
9.834523e-03 1.768750e-01 
4.403464e-03 7.539935e-02 
1.258760e-01 3.410168e-01 
1.731701e-02 2.701623e-01 
8.358831e-03 1.863073e-01 
5.383637e-03 8.885543e-02 
-1.893472e-04 -1.885073e-02 
-6.405331e-03 -1.304143e-01 
-1.424648e-02 -2.518716e-01 
-2.252309e-02 -3.748100e-01 
-2.280502e-02 -9.139632e-02 
8.336925e-03 1.193983e-01 
6.422419e-03 1.547398e-01 
6.743167e-03 1.434536e-01 
4.812149e-03 9.276711e-02 
7.009033e-04 1.255051e-02 
-9.147796e-02 3.394153e-02 
3.776909e-02 2.255158e-01 
1.696232e-02 2.454249e-01 
5.498822e-03 1.507350e-01 
4.032682e-03 8.937810e-02 
2.324050e-03 4.609049e-02 
8.857160e-04 1.566653e-02 
2.211964e-01 4.341527e-01 
4.043771e-02 4.150447e-01 
1.056730e-02 2.683683e-01 
4.777353e-03 7.674326e-02 
-7.740015e-04 -4.956653e-02 
-5.729754e-03 -1.346028e-01 
-1.070451e-02 -1.933439e-01 
-5.821538e-02 -3.858540e-01 
-5.028923e-04 -5.115638e-02 
1.554603e-02 1.177983e-01 
2.181930e-03 1.197653e-01 
4.083594e-03 1.220783e-01 
4.528841e-03 1.071047e-01 
3.328066e-03 6.498950e-02 
