poroelastic
1.441598e-02 -1.608747e-01 
-1.885023e-03 -1.737738e-01 
-8.086129e-03 -7.450620e-02 
3.908379e-03 2.807464e-02 
5.012454e-03 4.917323e-02 
1.467675e-03 2.565257e-02 
-4.459712e-03 -5.669381e-02 
-3.192264e-01 -6.606182e-02 
9.824611e-03 -2.127657e-01 
2.770282e-02 -1.610918e-01 
-2.508146e-02 -9.425878e-02 
-2.738304e-02 -1.463072e-01 
-2.903552e-02 -2.356418e-01 
-2.553039e-02 -3.517644e-01 
-4.911803e-01 -2.391415e-01 
-1.271689e-01 -4.689197e-02 
-5.604132e-02 2.032046e-01 
7.685263e-02 3.682364e-01 
5.785645e-02 4.384962e-01 
4.494853e-02 4.360615e-01 
2.568746e-02 3.797365e-01 
-7.739991e-03 -1.090301e-01 
7.375709e-03 -1.057964e-01 
6.095716e-03 -1.571947e-02 
-2.625066e-04 2.974493e-02 
-3.164603e-03 3.139986e-04 
-8.011028e-03 -6.098236e-02 
-1.042961e-02 -1.471541e-01 
-4.921270e-01 -4.456861e-03 
-3.780967e-02 -2.203285e-01 
3.115108e-02 -2.604044e-01 
-5.014687e-02 -2.664453e-01 
-5.134686e-02 -3.366115e-01 
-4.586968e-02 -4.131788e-01 
-3.523075e-02 -4.956687e-01 
-6.274852e-01 -1.489799e-01 
-1.043680e-01 4.857846e-02 
-4.397303e-02 2.949703e-01 
8.662531e-02 4.502581e-01 
6.390851e-02 5.204245e-01 
5.044789e-02 5.121408e-01 
2.975782e-02 4.365064e-01 
2.333569e-02 -3.068925e-02 
-1.763696e-02 7.922810e-03 
4.885640e-04 9.051571e-02 
1.609741e-02 1.161297e-01 
9.704290e-03 9.499957e-02 
3.830440e-03 4.971112e-02 
-1.238110e-03 -1.854803e-02 
-5.144859e-01 1.640364e-02 
-9.544580e-02 -2.135520e-01 
7.290729e-03 -2.814421e-01 
-5.112650e-02 -3.151442e-01 
-5.017668e-02 -3.734700e-01 
-4.220343e-02 -4.155901e-01 
-3.050154e-02 -4.403840e-01 
-6.348232e-01 2.171736e-02 
-2.953584e-02 2.008336e-01 
-9.353211e-03 3.931556e-01 
7.495420e-02 4.586135e-01 
5.270535e-02 4.669605e-01 
3.980967e-02 4.202757e-01 
2.348221e-02 3.461461e-01 
4.302792e-02 3.513662e-02 
-2.923929e-03 1.051809e-01 
1.359393e-02 1.491920e-01 
1.050101e-02 1.178586e-01 
2.913654e-03 5.580704e-02 
-4.499580e-03 -3.174849e-02 
-1.026783e-02 -1.545703e-01 
-3.503588e-01 -3.045785e-02 
-1.057270e-01 -2.103079e-01 
-1.817543e-02 -2.102287e-01 
-2.310351e-02 -1.507869e-01 
-1.980288e-02 -1.565151e-01 
-1.986522e-02 -2.077475e-01 
-2.222546e-02 -3.249051e-01 
-7.601138e-01 7.185990e-02 
6.941104e-02 1.535567e-01 
4.989626e-03 3.853682e-01 
8.621502e-02 5.504030e-01 
6.193762e-02 6.145710e-01 
5.152041e-02 5.951882e-01 
3.224193e-02 5.068110e-01 
-5.597587e-01 -1.260369e-01 
3.828795e-02 -2.928194e-01 
-1.999072e-02 -3.579977e-01 
-5.372107e-02 -4.018664e-01 
-5.445346e-02 -4.832858e-01 
-5.009937e-02 -5.730525e-01 
-4.406964e-02 -6.835049e-01 
-7.848237e-01 -2.303937e-02 
-1.594812e-01 1.876585e-01 
2.736719e-03 3.275845e-01 
5.450869e-02 4.371382e-01 
4.393252e-02 4.823562e-01 
3.829691e-02 4.700827e-01 
2.618400e-02 3.926619e-01 
-7.299717e-02 -5.606977e-02 
-1.161359e-03 -1.279406e-01 
-7.486888e-03 -6.710902e-02 
1.135443e-02 6.739949e-02 
1.538440e-02 1.526164e-01 
1.608570e-02 1.949716e-01 
1.097525e-02 1.707345e-01 
-5.761422e-01 -2.162364e-01 
-6.192083e-02 -4.355464e-01 
-4.732124e-02 -4.494135e-01 
-4.163858e-02 -3.688488e-01 
-3.652682e-02 -3.652778e-01 
-3.386816e-02 -4.156024e-01 
-3.467428e-02 -5.387634e-01 
-9.874191e-01 1.630973e-01 
-1.037832e-01 3.911185e-01 
5.272450e-02 5.313793e-01 
6.350470e-02 5.966376e-01 
4.419104e-02 5.732458e-01 
3.351918e-02 4.668859e-01 
1.753558e-02 2.762817e-01 
-1.224460e-01 8.917715e-02 
3.485940e-02 6.752596e-02 
2.028356e-02 1.304895e-01 
1.953267e-02 2.190283e-01 
1.853999e-02 2.426614e-01 
1.456020e-02 2.065733e-01 
5.444550e-03 8.461040e-02 
-5.492906e-01 -2.077360e-01 
-1.386964e-01 -4.438261e-01 
-6.463594e-02 -4.614313e-01 
-3.618086e-02 -3.709310e-01 
-2.910831e-02 -3.408561e-01 
-2.630303e-02 -3.569900e-01 
-2.709380e-02 -4.399828e-01 
-9.261382e-01 2.487687e-01 
3.027698e-02 2.792337e-01 
6.731863e-02 3.466274e-01 
3.951209e-02 4.127605e-01 
3.006336e-02 4.346909e-01 
2.702916e-02 4.209096e-01 
2.078550e-02 3.802040e-01 
