poroelastic
1.314756e-02 -1.489970e-01 
4.216064e-04 -1.686064e-01 
-6.390334e-03 -8.636671e-02 
1.405368e-03 1.128530e-02 
3.179152e-03 3.892564e-02 
1.315972e-03 2.570443e-02 
-2.831067e-03 -4.567970e-02 
-4.414591e-01 -8.545461e-02 
6.851385e-03 -2.660223e-01 
2.782272e-02 -2.448359e-01 
-3.154901e-02 -1.794709e-01 
-2.849238e-02 -2.138989e-01 
-2.684928e-02 -2.847971e-01 
-2.191726e-02 -3.890144e-01 
-5.423018e-01 -2.019436e-01 
-1.264527e-01 -1.226960e-02 
-5.001968e-02 2.230214e-01 
6.427496e-02 4.000535e-01 
5.030262e-02 4.767878e-01 
3.883606e-02 4.820394e-01 
2.201390e-02 4.283703e-01 
-1.253240e-02 -1.104579e-01 
1.038196e-02 -1.210294e-01 
4.573081e-03 -4.948762e-02 
-3.803176e-03 -6.627939e-04 
-4.150723e-03 -1.899928e-02 
-6.658324e-03 -6.890824e-02 
-7.660123e-03 -1.451963e-01 
-5.806190e-01 -5.206749e-03 
-5.825073e-02 -2.445338e-01 
2.408588e-02 -3.101202e-01 
-4.646412e-02 -3.251479e-01 
-4.399188e-02 -3.891816e-01 
-3.805672e-02 -4.580100e-01 
-2.786324e-02 -5.299509e-01 
-6.471667e-01 -1.231814e-01 
-9.317009e-02 7.085810e-02 
-3.686512e-02 2.980995e-01 
6.785400e-02 4.597894e-01 
5.154836e-02 5.361967e-01 
4.097316e-02 5.455142e-01 
2.482676e-02 4.980450e-01 
1.601671e-02 -3.069580e-02 
-1.042003e-02 -6.846992e-03 
-1.101682e-04 5.746936e-02 
8.867466e-03 8.490150e-02 
5.308571e-03 7.129935e-02 
1.867205e-03 3.519984e-02 
-1.033895e-03 -2.152897e-02 
-5.803533e-01 3.291120e-02 
-1.186544e-01 -2.156224e-01 
-2.861253e-04 -3.112434e-01 
-4.454762e-02 -3.626389e-01 
-4.114519e-02 -4.207801e-01 
-3.388141e-02 -4.592954e-01 
-2.351047e-02 -4.761999e-01 
-6.441633e-01 3.125234e-02 
-1.517964e-02 2.071228e-01 
-7.728415e-03 3.791645e-01 
5.580541e-02 4.498622e-01 
4.025026e-02 4.737539e-01 
3.178050e-02 4.584572e-01 
2.018897e-02 4.195068e-01 
3.148933e-02 4.510890e-02 
4.404042e-04 1.014447e-01 
9.485721e-03 1.285995e-01 
4.843469e-03 9.002086e-02 
2.102073e-04 3.004813e-02 
-4.271886e-03 -4.927121e-02 
-7.230627e-03 -1.538523e-01 
-4.020626e-01 -2.268075e-03 
-1.235316e-01 -1.987583e-01 
-2.147841e-02 -2.285424e-01 
-2.123816e-02 -1.976503e-01 
-1.795865e-02 -2.105570e-01 
-1.707769e-02 -2.572063e-01 
-1.733627e-02 -3.558251e-01 
-7.323585e-01 6.964247e-02 
8.738123e-02 1.586253e-01 
9.539339e-03 3.678011e-01 
5.600643e-02 5.340381e-01 
4.252446e-02 6.099545e-01 
3.673487e-02 6.092399e-01 
2.493556e-02 5.347992e-01 
-5.884128e-01 -1.010653e-01 
3.313595e-02 -2.702368e-01 
-2.598394e-02 -3.626745e-01 
-3.701891e-02 -4.266430e-01 
-3.642614e-02 -5.007820e-01 
-3.417730e-02 -5.739079e-01 
-3.119547e-02 -6.599416e-01 
-7.252773e-01 -3.649130e-02 
-1.434552e-01 1.679046e-01 
6.150917e-03 2.933566e-01 
3.044492e-02 3.998081e-01 
2.738598e-02 4.543120e-01 
2.607620e-02 4.640691e-01 
2.081584e-02 4.172282e-01 
-3.242857e-02 -5.942149e-02 
-1.196959e-03 -1.262255e-01 
-3.489754e-03 -8.543609e-02 
2.990709e-03 2.900753e-02 
6.456105e-03 1.037315e-01 
8.219698e-03 1.473598e-01 
6.600601e-03 1.331088e-01 
-5.723084e-01 -1.834437e-01 
-6.279509e-02 -4.005854e-01 
-4.520058e-02 -4.404116e-01 
-2.346509e-02 -3.780135e-01 
-2.132420e-02 -3.645452e-01 
-2.076637e-02 -3.907048e-01 
-2.352847e-02 -4.789062e-01 
-9.131452e-01 1.204003e-01 
-9.162619e-02 3.495841e-01 
4.567498e-02 4.820434e-01 
3.265792e-02 5.509133e-01 
2.625533e-02 5.417638e-01 
2.272557e-02 4.630115e-01 
1.505743e-02 3.092850e-01 
-8.614118e-02 7.755498e-02 
2.959206e-02 6.230297e-02 
1.542005e-02 9.990805e-02 
7.068007e-03 1.581052e-01 
8.242615e-03 1.748763e-01 
7.445429e-03 1.534903e-01 
3.611430e-03 7.283862e-02 
-5.310535e-01 -1.636183e-01 
-1.268295e-01 -3.884704e-01 
-5.643667e-02 -4.317730e-01 
-1.772667e-02 -3.676474e-01 
-1.541800e-02 -3.343570e-01 
-1.526533e-02 -3.296371e-01 
-1.789590e-02 -3.713340e-01 
-8.258839e-01 2.025109e-01 
3.061507e-02 2.657602e-01 
5.960079e-02 3.188921e-01 
1.413948e-02 3.676007e-01 
1.429318e-02 3.888267e-01 
1.578277e-02 3.879774e-01 
1.612014e-02 3.711448e-01 
