poroelastic
4.636315e-03 3.790128e-02 
9.149631e-03 4.687869e-03 
7.106383e-03 -5.623636e-02 
-4.342758e-03 -8.665513e-02 
-3.158142e-03 -6.996966e-02 
-1.012090e-03 -2.850763e-02 
1.362989e-03 3.692043e-02 
5.856983e-01 1.317047e-01 
-5.228740e-02 2.540729e-01 
-6.312245e-02 2.800318e-01 
1.937402e-02 2.881276e-01 
1.979881e-02 3.279544e-01 
1.665813e-02 3.681346e-01 
1.246189e-02 4.021952e-01 
5.002749e-01 5.991094e-02 
1.334510e-01 -1.206481e-01 
5.993774e-02 -2.546836e-01 
-2.061980e-02 -3.344568e-01 
-1.679119e-02 -3.760525e-01 
-1.462917e-02 -3.908202e-01 
-1.045520e-02 -3.902002e-01 
2.678550e-03 8.078589e-02 
-8.660258e-03 8.020906e-02 
-3.181531e-03 3.783853e-02 
6.267827e-04 9.479192e-03 
5.231785e-04 8.645013e-03 
8.980275e-04 2.173131e-02 
1.387948e-03 4.567849e-02 
6.964889e-01 4.905329e-02 
1.422229e-02 2.303050e-01 
-6.073858e-02 3.065379e-01 
1.352710e-02 3.637643e-01 
2.087546e-02 4.343115e-01 
1.888868e-02 4.980266e-01 
1.662767e-02 5.557499e-01 
6.141165e-01 1.065271e-02 
1.171766e-01 -2.071052e-01 
5.693223e-02 -3.632638e-01 
-1.920069e-02 -4.409011e-01 
-1.557130e-02 -4.722194e-01 
-1.477575e-02 -4.643466e-01 
-1.204294e-02 -4.270977e-01 
-2.008516e-02 -1.498745e-02 
9.517595e-03 -6.059712e-02 
1.475570e-03 -9.133355e-02 
-2.186829e-03 -6.723724e-02 
-1.067299e-03 -3.624940e-02 
4.135213e-05 1.847131e-06 
1.012681e-03 3.581118e-02 
6.777237e-01 -2.639376e-02 
7.654464e-02 1.725630e-01 
-3.835775e-02 2.855726e-01 
4.948362e-03 3.937126e-01 
1.578053e-02 4.676945e-01 
1.544755e-02 5.029609e-01 
1.508109e-02 4.971231e-01 
6.283238e-01 -8.001682e-02 
5.661415e-02 -2.912924e-01 
4.109753e-02 -4.117324e-01 
-9.973814e-03 -4.306770e-01 
-1.019602e-02 -4.429594e-01 
-1.265519e-02 -4.445345e-01 
-1.388619e-02 -4.536726e-01 
-3.011362e-02 -9.433872e-02 
4.311747e-03 -1.737756e-01 
-4.803538e-03 -1.711909e-01 
-2.465508e-03 -7.388032e-02 
-3.172623e-04 1.488633e-02 
2.278907e-03 1.025925e-01 
5.601017e-03 1.830473e-01 
4.502839e-01 -3.721770e-02 
9.318258e-02 1.083950e-01 
-6.185022e-03 1.630345e-01 
-4.208062e-03 2.174635e-01 
3.644373e-03 2.751897e-01 
7.120183e-03 3.375796e-01 
1.367272e-02 4.118888e-01 
7.069099e-01 -7.633916e-02 
-4.351180e-02 -2.418622e-01 
3.051647e-02 -4.043161e-01 
-1.593800e-03 -5.085026e-01 
-5.152815e-03 -5.657364e-01 
-1.294675e-02 -5.750480e-01 
-1.800531e-02 -5.482184e-01 
5.733024e-01 6.670100e-02 
-7.786217e-02 1.616598e-01 
-1.674425e-02 2.917800e-01 
-1.459764e-02 4.227978e-01 
5.206920e-03 5.230998e-01 
1.166747e-02 5.924132e-01 
2.166038e-02 6.299727e-01 
6.423730e-01 2.485426e-02 
1.825499e-01 -2.326091e-01 
3.123420e-02 -3.338611e-01 
1.091464e-02 -3.675416e-01 
1.173211e-03 -3.902876e-01 
-6.539156e-03 -4.002880e-01 
-1.422334e-02 -4.063334e-01 
2.529128e-02 3.216942e-03 
-4.395095e-03 2.110614e-02 
8.451298e-04 1.453097e-02 
1.791812e-03 -1.208673e-02 
4.452941e-04 -3.470456e-02 
-7.502144e-04 -5.398592e-02 
-2.383924e-03 -6.897371e-02 
5.526149e-01 1.083179e-01 
3.587092e-03 2.706515e-01 
2.944421e-03 3.653157e-01 
-1.895647e-02 3.865192e-01 
-1.843328e-03 4.021423e-01 
4.809305e-03 4.141838e-01 
1.522048e-02 4.338658e-01 
7.870824e-01 -5.227689e-02 
1.556810e-01 -3.426168e-01 
6.850174e-03 -4.506904e-01 
1.949249e-02 -4.739568e-01 
7.583639e-03 -4.846131e-01 
-4.007213e-03 -4.674591e-01 
-1.503787e-02 -4.311412e-01 
6.740379e-02 -1.206951e-01 
-1.632234e-02 -1.537797e-01 
-1.154999e-03 -1.293097e-01 
2.754582e-03 -7.430165e-02 
5.731662e-04 -4.462371e-02 
-6.138458e-05 -3.096137e-02 
-1.585550e-03 -4.209865e-02 
4.891483e-01 2.641416e-02 
6.864216e-02 1.914901e-01 
1.458534e-02 3.081688e-01 
-2.477810e-02 3.752654e-01 
-6.155446e-03 4.015251e-01 
2.912168e-03 4.023612e-01 
1.379527e-02 3.839339e-01 
8.132484e-01 -1.164758e-01 
2.991813e-02 -3.494758e-01 
-2.286621e-02 -4.195586e-01 
2.456538e-02 -4.110304e-01 
1.021895e-02 -4.075330e-01 
-7.790973e-04 -3.828778e-01 
-1.064540e-02 -3.388645e-01 
