poroelastic
-2.677001e-02 2.050761e-01 
-7.234945e-03 2.616322e-01 
1.275007e-02 1.662414e-01 
-3.020212e-03 -1.486873e-02 
-5.807999e-03 -7.809618e-02 
-3.835296e-03 -7.256810e-02 
-1.860501e-04 -4.835191e-03 
-7.269328e-02 -2.622235e-01 
-1.187751e-03 -4.897302e-02 
-2.326460e-03 -2.282769e-03 
-3.609743e-03 -6.720264e-02 
-1.354765e-04 -3.649102e-02 
3.328755e-03 3.122870e-02 
3.955216e-03 1.185359e-01 
-2.291941e-01 4.882863e-01 
-5.114608e-03 4.361367e-01 
2.467673e-02 2.207010e-01 
-7.967882e-03 -1.867009e-02 
-9.995739e-03 -1.298383e-01 
-8.577247e-03 -1.614646e-01 
-3.819275e-03 -1.269257e-01 
1.544530e-03 9.344797e-02 
-2.919084e-03 1.723286e-01 
7.998163e-03 1.057844e-01 
-2.650716e-03 -2.124189e-02 
-3.736310e-03 -5.865944e-02 
-2.214364e-03 -4.816450e-02 
4.317996e-05 1.236544e-03 
-4.733869e-02 -3.360011e-01 
-4.545432e-03 -1.481758e-01 
-1.523193e-02 -3.187756e-02 
2.717354e-03 -7.093671e-03 
7.242694e-03 6.009130e-02 
8.447272e-03 1.319850e-01 
6.921836e-03 1.952351e-01 
-6.128805e-02 4.273842e-01 
2.163228e-02 3.069126e-01 
2.576299e-02 1.085539e-01 
-1.176053e-02 -7.443060e-02 
-1.129006e-02 -1.690836e-01 
-1.070242e-02 -2.075356e-01 
-7.017325e-03 -2.060208e-01 
-1.209365e-02 -1.103519e-01 
2.481307e-03 -2.567608e-02 
-3.768144e-04 -2.560417e-02 
-1.668666e-03 -3.069238e-02 
-3.594978e-04 -1.142419e-02 
5.812403e-04 9.817693e-03 
6.542959e-04 1.917485e-02 
-1.281886e-01 -4.105667e-01 
-6.716107e-03 -2.607540e-01 
-1.237725e-02 -7.785278e-02 
3.592889e-03 4.043130e-02 
7.909079e-03 1.154111e-01 
6.913236e-03 1.379983e-01 
3.579988e-03 9.556941e-02 
2.209074e-02 3.562401e-01 
1.894961e-02 1.967757e-01 
2.009367e-02 5.653616e-02 
-7.173793e-03 -4.122931e-02 
-8.059191e-03 -1.279491e-01 
-1.129481e-02 -2.120342e-01 
-1.198742e-02 -3.187011e-01 
-3.037826e-02 -3.069640e-01 
-9.905026e-03 -1.995282e-01 
-1.061368e-02 -1.100759e-01 
3.282181e-03 2.647822e-02 
5.767498e-03 1.088940e-01 
6.216594e-03 1.417901e-01 
3.897154e-03 1.049182e-01 
-3.243284e-01 -4.947745e-01 
-4.095068e-02 -4.575095e-01 
-1.148879e-02 -2.543441e-01 
-1.947242e-03 -4.733430e-02 
3.963656e-03 7.558232e-02 
5.603528e-03 1.312785e-01 
4.601764e-03 1.153972e-01 
2.101911e-01 3.276142e-01 
-6.628864e-03 9.220180e-02 
1.691084e-02 -6.213892e-02 
-1.378693e-02 -1.698954e-01 
-1.105212e-02 -2.597126e-01 
-1.463280e-02 -3.315020e-01 
-1.463588e-02 -3.947004e-01 
1.579286e-01 -2.835781e-01 
-3.816192e-02 -7.251085e-02 
-9.261716e-03 5.470948e-02 
3.781673e-03 1.614348e-01 
1.183737e-02 2.464660e-01 
1.247965e-02 3.063487e-01 
1.338280e-02 3.425842e-01 
-2.231617e-01 5.030297e-01 
-2.114219e-03 4.241190e-01 
1.321257e-02 1.893272e-01 
8.623586e-05 -1.436193e-02 
-3.810549e-03 -1.358726e-01 
-7.109119e-03 -1.921227e-01 
-7.089393e-03 -1.793635e-01 
-1.532022e-02 3.210018e-01 
5.211726e-05 1.606160e-01 
4.453413e-03 5.468615e-02 
-1.499353e-03 -5.249132e-02 
-3.779281e-03 -1.057966e-01 
-4.541014e-03 -1.214657e-01 
-3.428173e-03 -9.212297e-02 
-5.273748e-03 -3.033612e-01 
-5.075564e-03 -1.430753e-01 
-1.446628e-03 -3.603542e-02 
-1.530495e-03 3.825320e-02 
3.019738e-03 1.009906e-01 
4.787099e-03 1.520068e-01 
7.757790e-03 2.002881e-01 
-7.671606e-02 3.727553e-01 
1.465073e-02 2.094027e-01 
2.239475e-03 3.093988e-02 
-6.366917e-05 -4.029565e-02 
-8.333654e-04 -9.567781e-02 
-3.381551e-03 -1.289755e-01 
-5.446366e-03 -1.415083e-01 
2.603886e-02 8.192724e-02 
-9.238511e-03 -6.151761e-02 
-2.215191e-03 -6.026835e-02 
1.087447e-03 4.978557e-04 
9.558308e-04 3.286308e-03 
-3.403503e-04 -3.092004e-02 
-4.098285e-03 -1.005985e-01 
-9.302983e-02 -3.754576e-01 
-5.785773e-03 -2.700767e-01 
2.949482e-04 -1.005460e-01 
-1.789598e-03 6.123021e-02 
2.773619e-03 1.327429e-01 
4.001964e-03 1.393999e-01 
3.332432e-03 8.772493e-02 
-3.400434e-02 3.495018e-01 
6.776902e-03 9.906621e-02 
-5.034822e-03 -3.891833e-02 
8.718020e-04 -3.609737e-02 
4.049889e-04 -5.939915e-02 
-1.422218e-03 -8.697562e-02 
-3.817004e-03 -1.183896e-01 
