poroelastic
-2.063574e-03 -1.709536e-01 
-2.468546e-02 -2.201844e-01 
-3.855959e-02 -1.167948e-01 
1.347766e-02 8.880842e-02 
2.098364e-02 1.754169e-01 
1.873707e-02 1.786167e-01 
9.871133e-03 1.099903e-01 
6.157299e-01 5.021169e-01 
-2.111251e-02 4.463895e-01 
-3.294060e-02 3.864929e-01 
5.007592e-02 3.899527e-01 
3.850511e-02 3.276052e-01 
2.225300e-02 2.222225e-01 
7.825575e-03 9.456856e-02 
7.126180e-01 -5.744241e-01 
8.598990e-02 -5.624906e-01 
9.438027e-03 -4.135494e-01 
-3.195902e-02 -2.277300e-01 
-1.760119e-02 -1.522670e-01 
-1.405609e-02 -1.369315e-01 
-1.361213e-02 -1.752565e-01 
3.865898e-03 2.239079e-02 
-2.106390e-02 -5.237622e-02 
-1.963695e-02 -1.568743e-02 
1.241832e-02 8.812867e-02 
1.346003e-02 1.205793e-01 
1.085400e-02 1.118247e-01 
5.999455e-03 7.391099e-02 
7.249309e-01 5.143677e-01 
5.064375e-02 5.435767e-01 
-2.181981e-02 4.562824e-01 
4.854140e-02 4.166248e-01 
4.058159e-02 3.533165e-01 
2.761618e-02 2.794472e-01 
1.743236e-02 2.170381e-01 
5.562321e-01 -5.610000e-01 
3.786816e-02 -4.471663e-01 
5.597875e-03 -3.010223e-01 
-2.330257e-02 -1.688537e-01 
-1.380581e-02 -1.264156e-01 
-1.286475e-02 -1.323255e-01 
-1.296301e-02 -1.674071e-01 
5.796160e-02 2.950907e-01 
-9.248026e-03 2.054951e-01 
9.557759e-03 1.639182e-01 
1.007715e-02 1.051193e-01 
2.171848e-03 3.141318e-02 
-3.425353e-03 -3.359932e-02 
-5.166034e-03 -6.730186e-02 
8.737750e-01 6.026062e-01 
1.360982e-01 7.167722e-01 
4.790458e-03 5.613880e-01 
4.241324e-02 4.074845e-01 
3.347775e-02 3.098284e-01 
2.504451e-02 2.635482e-01 
2.284431e-02 2.904066e-01 
4.622472e-01 -5.776681e-01 
-7.533760e-04 -3.881306e-01 
-3.421243e-03 -2.904118e-01 
-2.440644e-02 -2.232473e-01 
-1.537384e-02 -1.673927e-01 
-8.555894e-03 -1.015219e-01 
4.320577e-04 5.555206e-03 
1.383213e-01 5.198217e-01 
6.758835e-03 3.731893e-01 
2.285270e-02 2.397909e-01 
1.523605e-03 3.729091e-02 
-8.598238e-03 -8.832417e-02 
-1.170164e-02 -1.384445e-01 
-5.840003e-03 -7.584739e-02 
1.026559e+00 7.744221e-01 
2.394933e-01 1.028935e+00 
5.186140e-02 7.876983e-01 
3.623778e-02 4.173397e-01 
1.665673e-02 1.901090e-01 
6.417003e-03 7.592346e-02 
7.385296e-03 9.331614e-02 
2.058845e-01 -5.336586e-01 
-1.917132e-02 -1.633844e-01 
-2.931320e-03 -8.635074e-02 
-8.262485e-03 -9.075073e-02 
-5.360795e-03 -6.658634e-02 
-1.439274e-03 -2.006984e-02 
3.272123e-03 4.307258e-02 
4.070287e-01 6.110800e-01 
-9.073838e-04 5.241778e-01 
2.338409e-02 4.337697e-01 
2.364609e-02 2.966274e-01 
1.399583e-02 1.717981e-01 
4.313068e-03 5.609286e-02 
-3.733347e-03 -4.871495e-02 
9.096769e-01 -7.879796e-01 
1.020889e-01 -7.015818e-01 
-8.999173e-03 -3.960696e-01 
-1.484143e-02 -1.951936e-01 
-8.285599e-03 -1.170663e-01 
-1.006413e-02 -1.306850e-01 
-1.884914e-02 -2.389141e-01 
-1.115099e-01 -3.640232e-01 
1.947046e-02 7.337384e-03 
6.169935e-03 1.770231e-01 
1.716926e-02 2.282766e-01 
1.578589e-02 2.032287e-01 
9.873013e-03 1.266537e-01 
4.797019e-04 6.198704e-03 
6.617299e-01 7.038464e-01 
6.476162e-02 7.616835e-01 
4.231432e-02 6.566330e-01 
3.060527e-02 4.485346e-01 
2.074068e-02 2.762596e-01 
1.075262e-02 1.436722e-01 
5.129714e-03 6.672622e-02 
9.244851e-01 -7.116411e-01 
7.176966e-02 -5.262410e-01 
-1.779283e-02 -3.399421e-01 
-2.268561e-02 -3.449620e-01 
-2.061008e-02 -3.325775e-01 
-2.099586e-02 -3.001193e-01 
-1.758680e-02 -2.298610e-01 
-5.199787e-02 -8.284262e-02 
2.685950e-02 2.220161e-01 
1.403634e-02 2.136874e-01 
2.369133e-03 3.275482e-02 
-2.893836e-03 -4.254813e-02 
-3.524330e-03 -4.529373e-02 
2.957663e-03 3.759120e-02 
7.839691e-01 8.226079e-01 
1.640920e-01 9.886157e-01 
6.129608e-02 7.957617e-01 
2.572529e-02 4.428864e-01 
1.479109e-02 2.236984e-01 
7.005009e-03 1.019218e-01 
6.026203e-03 7.894005e-02 
7.243935e-01 -8.298470e-01 
-2.542025e-02 -3.587223e-01 
-1.945516e-02 -1.304776e-01 
-6.019936e-03 -1.520056e-01 
-7.759267e-03 -1.648478e-01 
-1.109512e-02 -1.862157e-01 
-1.619603e-02 -2.309854e-01 
