poroelastic
-4.683425e-02 3.107995e-01 
-2.974066e-02 4.432051e-01 
-1.187802e-03 3.610160e-01 
3.599136e-03 1.129999e-01 
-6.121460e-04 -1.017168e-02 
-9.749372e-04 -4.853892e-02 
3.520999e-05 2.867355e-03 
-8.035614e-01 -6.049951e-01 
4.181129e-02 -3.478255e-01 
4.620820e-02 -2.927502e-01 
-2.581951e-02 -4.168297e-01 
-1.615880e-02 -4.216586e-01 
-8.345143e-03 -3.586762e-01 
-1.696421e-03 -2.258771e-01 
-8.522331e-01 7.729154e-01 
-1.413701e-01 8.599615e-01 
-2.025287e-02 6.232907e-01 
1.265774e-02 3.012311e-01 
5.433593e-03 1.461759e-01 
3.280601e-03 1.144233e-01 
7.521119e-04 2.106218e-01 
4.395724e-03 6.067844e-02 
-4.218238e-03 1.974181e-01 
5.179731e-03 1.389107e-01 
-2.333268e-03 -3.143362e-02 
-2.113067e-03 -8.929268e-02 
-9.124030e-04 -7.864601e-02 
1.943355e-05 4.101069e-03 
-8.108933e-01 -6.373783e-01 
-3.347476e-02 -5.048018e-01 
2.167815e-02 -3.683292e-01 
-1.343310e-02 -3.658882e-01 
-8.823800e-03 -3.220785e-01 
-4.462390e-03 -2.669469e-01 
-9.236101e-04 -2.066633e-01 
-6.989153e-01 7.244191e-01 
-8.074788e-02 7.448820e-01 
-1.202364e-02 5.716762e-01 
8.986376e-03 3.374950e-01 
3.309232e-03 1.866404e-01 
1.164119e-03 9.550225e-02 
1.559837e-04 5.853731e-02 
-4.019946e-03 -1.883061e-01 
-3.050011e-03 5.183040e-03 
-4.110014e-04 4.428986e-02 
4.437197e-04 1.353709e-02 
1.754609e-04 8.918813e-03 
9.636260e-05 8.942773e-03 
9.261664e-06 6.992878e-03 
-9.025473e-01 -6.875272e-01 
-9.831027e-02 -6.473325e-01 
5.602107e-03 -4.394492e-01 
-6.612475e-03 -3.267526e-01 
-4.716725e-03 -2.552890e-01 
-2.541972e-03 -2.287539e-01 
-6.094784e-04 -2.559900e-01 
-5.911459e-01 6.913353e-01 
-2.410277e-02 6.392973e-01 
-5.760383e-03 5.358634e-01 
5.226171e-03 3.870370e-01 
1.731119e-03 2.357637e-01 
1.646991e-04 8.296806e-02 
-1.551463e-04 -8.106562e-02 
-2.325193e-02 -4.242228e-01 
-7.686680e-03 -1.547436e-01 
-1.702020e-03 2.438692e-03 
1.850509e-03 1.241074e-01 
8.748291e-04 1.557011e-01 
2.685989e-04 1.103525e-01 
-3.104499e-05 -2.963237e-02 
-1.003727e+00 -8.022516e-01 
-1.678441e-01 -8.884657e-01 
-1.087054e-02 -5.894713e-01 
-7.140273e-04 -2.863407e-01 
-5.174628e-04 -1.329004e-01 
-2.206998e-04 -9.699247e-02 
-5.505745e-04 -1.905591e-01 
-3.773074e-01 6.087055e-01 
2.521382e-02 3.909550e-01 
-1.073826e-04 3.149006e-01 
1.487125e-04 2.535475e-01 
6.845598e-05 1.621273e-01 
1.955117e-04 5.773804e-02 
-1.976912e-04 -5.878971e-02 
-3.434957e-01 -5.682201e-01 
2.319603e-02 -3.054528e-01 
-3.124946e-03 -2.219803e-01 
1.940102e-03 -1.706139e-01 
3.791888e-04 -1.263768e-01 
1.856182e-05 -9.035934e-02 
-2.336825e-04 -5.156885e-02 
-1.002071e+00 8.158637e-01 
-1.802799e-01 9.409904e-01 
-1.036230e-02 6.602852e-01 
-5.185679e-03 3.563782e-01 
-1.584226e-03 1.643160e-01 
-5.022082e-04 7.282229e-02 
5.749280e-04 1.078895e-01 
-7.045624e-02 4.925354e-01 
-1.099176e-04 2.297384e-01 
-3.231205e-03 8.543933e-02 
2.364302e-03 -4.556103e-02 
1.404335e-03 -1.129844e-01 
1.811979e-04 -1.176821e-01 
-1.626210e-04 -2.800671e-02 
-6.110463e-01 -6.314088e-01 
-1.930403e-02 -5.316474e-01 
-1.288589e-02 -4.376423e-01 
1.052014e-02 -3.277071e-01 
3.762917e-03 -2.492020e-01 
1.085520e-03 -1.817927e-01 
-5.999799e-04 -1.003107e-01 
-9.186346e-01 6.692296e-01 
-1.208113e-01 6.951312e-01 
8.937940e-03 5.218395e-01 
-1.419305e-02 4.216048e-01 
-7.750879e-03 3.247698e-01 
-2.926462e-03 2.508353e-01 
1.173774e-03 2.234804e-01 
-4.038044e-02 2.292363e-01 
9.865757e-03 4.409034e-02 
3.169775e-03 2.892474e-02 
-2.805652e-03 7.974769e-02 
-9.312834e-04 6.709261e-02 
5.602514e-05 2.750222e-02 
-9.868219e-05 -1.514897e-02 
-7.567167e-01 -6.404122e-01 
-9.558020e-02 -6.441676e-01 
-2.598613e-02 -4.966252e-01 
1.760765e-02 -3.189796e-01 
8.628929e-03 -2.543583e-01 
4.522295e-03 -2.593199e-01 
-1.723554e-03 -3.078157e-01 
-9.556786e-01 6.661334e-01 
-1.025963e-02 5.398614e-01 
3.480891e-02 4.269825e-01 
-2.346509e-02 4.348118e-01 
-1.280880e-02 3.794930e-01 
-5.048087e-03 2.947383e-01 
4.373424e-04 2.017418e-01 
