poroelastic
3.204248e-02 -1.012539e-01 
2.857898e-02 -2.017605e-01 
1.179485e-02 -2.451900e-01 
-6.513337e-03 -1.719681e-01 
-4.257308e-03 -9.169712e-02 
-9.999386e-04 -1.735523e-02 
2.787024e-03 5.457300e-02 
9.968263e-01 5.301728e-01 
-6.600481e-02 4.870233e-01 
-9.073518e-02 4.326882e-01 
1.381066e-02 4.621850e-01 
2.045179e-02 4.960006e-01 
2.229573e-02 5.230186e-01 
2.407112e-02 5.380755e-01 
1.069626e+00 -3.666876e-01 
2.397917e-01 -6.263314e-01 
8.838844e-02 -6.662586e-01 
-1.311585e-02 -6.010272e-01 
-1.900821e-02 -5.430883e-01 
-1.883621e-02 -5.053389e-01 
-2.009254e-02 -5.029538e-01 
7.027699e-04 6.230686e-02 
-2.807655e-03 -2.290544e-02 
-5.452878e-03 -5.902778e-02 
-1.094005e-03 -1.651006e-02 
6.051521e-04 2.720586e-02 
2.192769e-03 6.381865e-02 
3.315596e-03 8.080723e-02 
1.133740e+00 4.611221e-01 
4.823710e-02 5.700825e-01 
-7.574611e-02 5.352304e-01 
3.327694e-03 5.434089e-01 
1.694557e-02 5.827524e-01 
2.125730e-02 6.328260e-01 
2.688978e-02 6.862853e-01 
1.097301e+00 -3.678121e-01 
1.752851e-01 -6.159697e-01 
8.033084e-02 -7.180262e-01 
-9.724319e-03 -7.182289e-01 
-1.734504e-02 -6.669246e-01 
-1.819814e-02 -5.880541e-01 
-1.819745e-02 -4.949346e-01 
-3.851425e-02 1.130459e-01 
2.004423e-02 -5.360540e-02 
7.985502e-03 -1.483101e-01 
-3.336524e-03 -1.531620e-01 
-3.302303e-03 -1.163418e-01 
-1.706399e-03 -4.784258e-02 
1.633213e-03 4.554603e-02 
1.176244e+00 4.094555e-01 
1.455735e-01 5.885463e-01 
-4.556809e-02 5.466976e-01 
-5.703067e-03 5.435457e-01 
1.008770e-02 5.788270e-01 
1.623922e-02 6.363497e-01 
2.538765e-02 7.130446e-01 
1.051498e+00 -4.610371e-01 
6.767880e-02 -6.573143e-01 
5.689313e-02 -7.584213e-01 
-1.831158e-03 -7.356409e-01 
-1.131694e-02 -6.563877e-01 
-1.377442e-02 -5.382656e-01 
-1.357252e-02 -3.869504e-01 
-5.384818e-02 1.679860e-01 
1.928370e-02 -7.815336e-02 
3.515106e-03 -2.095545e-01 
-3.820699e-03 -2.248308e-01 
-4.636095e-03 -1.538760e-01 
-1.740407e-03 -9.641307e-03 
7.660483e-03 2.212509e-01 
1.012937e+00 4.744673e-01 
1.842035e-01 6.607112e-01 
-6.211303e-03 5.007535e-01 
-1.101643e-02 3.352013e-01 
-1.084672e-03 3.027009e-01 
5.266010e-03 3.768322e-01 
2.094851e-02 5.814044e-01 
1.008195e+00 -4.367369e-01 
-7.760411e-02 -4.805517e-01 
4.115553e-02 -6.444478e-01 
1.573598e-02 -7.526467e-01 
-3.284926e-03 -7.443493e-01 
-1.303800e-02 -6.465294e-01 
-1.687481e-02 -4.509675e-01 
7.408496e-01 4.076671e-01 
-8.069816e-02 3.456015e-01 
-1.854980e-02 3.896630e-01 
-2.568240e-02 4.622843e-01 
-4.616739e-03 5.413397e-01 
8.096233e-03 6.306254e-01 
2.789882e-02 7.383593e-01 
1.332168e+00 -4.414935e-01 
3.135538e-01 -8.057976e-01 
4.590311e-02 -7.721261e-01 
2.664769e-02 -6.558384e-01 
3.887023e-03 -5.591433e-01 
-6.404581e-03 -4.834755e-01 
-1.668152e-02 -4.318931e-01 
9.930858e-02 -2.942323e-01 
-8.780067e-03 -1.227845e-01 
8.687849e-04 -6.975052e-02 
1.086381e-03 -4.645325e-02 
-4.284371e-05 -2.569974e-02 
-2.091030e-04 -1.278041e-02 
-2.952110e-04 -7.445362e-03 
8.833571e-01 5.131092e-01 
1.888430e-02 6.052261e-01 
1.808712e-03 6.118486e-01 
-3.388305e-02 5.382825e-01 
-9.561737e-03 5.053508e-01 
2.970942e-03 5.030618e-01 
2.065337e-02 5.382720e-01 
1.457051e+00 -4.482736e-01 
2.376698e-01 -7.799335e-01 
1.328946e-02 -8.171771e-01 
4.544090e-02 -8.112231e-01 
1.296738e-02 -7.474385e-01 
-4.898855e-03 -6.436774e-01 
-1.941844e-02 -5.127841e-01 
1.138613e-01 -2.719149e-01 
-2.569981e-02 -2.044195e-01 
-8.768535e-04 -2.070797e-01 
7.020232e-03 -2.092847e-01 
-5.264525e-04 -1.492136e-01 
-2.025068e-03 -5.996077e-02 
1.575430e-03 3.931221e-02 
8.903636e-01 4.673473e-01 
1.100361e-01 6.090904e-01 
1.714301e-02 5.851260e-01 
-4.089644e-02 4.857559e-01 
-1.564754e-02 4.628379e-01 
-6.439501e-04 4.893359e-01 
2.168126e-02 5.544148e-01 
1.432634e+00 -4.863453e-01 
3.863868e-02 -6.374642e-01 
-3.206270e-02 -6.643530e-01 
5.552692e-02 -7.106443e-01 
1.954964e-02 -6.760758e-01 
-4.076361e-04 -5.885672e-01 
-1.684448e-02 -4.697059e-01 
