poroelastic
9.292188e-03 2.744505e-03 
1.151286e-02 1.826467e-02 
1.004459e-02 9.959963e-04 
-8.516497e-03 -6.410682e-02 
-7.420329e-03 -8.706311e-02 
-4.985323e-03 -7.859773e-02 
-2.121261e-03 -5.457262e-02 
-1.105332e+00 -4.404756e-01 
1.683824e-02 -6.248241e-01 
4.599428e-02 -6.274950e-01 
-7.668224e-02 -6.115669e-01 
-5.336108e-02 -5.892124e-01 
-3.523311e-02 -5.437691e-01 
-1.671173e-02 -4.892874e-01 
-9.898200e-01 2.603281e-01 
-1.719524e-01 4.187325e-01 
-4.254987e-02 4.861255e-01 
6.905886e-02 5.074248e-01 
4.842229e-02 5.429003e-01 
3.624378e-02 5.842272e-01 
1.868862e-02 6.261867e-01 
-2.460138e-02 -1.397611e-01 
2.335338e-02 -1.218546e-01 
8.444483e-03 -1.089552e-01 
-1.648705e-02 -1.349589e-01 
-1.101970e-02 -1.383142e-01 
-7.467058e-03 -1.282538e-01 
-3.702932e-03 -1.206712e-01 
-1.229216e+00 -3.579623e-01 
-1.173979e-01 -6.413654e-01 
2.212930e-02 -6.787840e-01 
-7.609276e-02 -6.948811e-01 
-5.749193e-02 -6.996187e-01 
-4.010113e-02 -6.869938e-01 
-2.094995e-02 -6.801837e-01 
-9.649492e-01 3.247900e-01 
-1.059873e-01 4.380950e-01 
-2.428738e-02 5.110776e-01 
6.480962e-02 5.405542e-01 
4.410951e-02 5.750130e-01 
3.317640e-02 6.047741e-01 
1.769488e-02 6.196627e-01 
-5.005673e-02 -2.269407e-01 
3.506778e-03 -1.577045e-01 
-5.140157e-03 -1.097676e-01 
-4.172069e-03 -7.693169e-02 
-4.361851e-04 -2.759378e-02 
1.730601e-03 2.416999e-02 
1.646192e-03 6.180486e-02 
-1.281061e+00 -3.561728e-01 
-2.381152e-01 -7.039536e-01 
-1.973540e-02 -7.352044e-01 
-6.629539e-02 -7.231499e-01 
-4.857222e-02 -6.969680e-01 
-3.280265e-02 -6.543636e-01 
-1.701988e-02 -6.100145e-01 
-8.932905e-01 4.435093e-01 
-9.488914e-03 4.913287e-01 
1.685491e-03 5.498432e-01 
5.259930e-02 5.455949e-01 
3.388689e-02 5.379879e-01 
2.473369e-02 5.208311e-01 
1.331064e-02 4.948446e-01 
-9.474089e-02 -2.869065e-01 
3.264554e-03 -1.424711e-01 
-2.828522e-03 -6.430022e-02 
-1.042209e-03 -5.528768e-03 
9.599809e-05 1.698124e-02 
-7.472553e-04 -1.120557e-03 
-1.960750e-03 -7.617071e-02 
-1.169832e+00 -4.651810e-01 
-3.103495e-01 -8.477401e-01 
-5.977314e-02 -7.644305e-01 
-3.810675e-02 -5.484113e-01 
-2.318279e-02 -4.227254e-01 
-1.584526e-02 -3.719743e-01 
-1.139828e-02 -4.152551e-01 
-8.072014e-01 4.052550e-01 
9.560447e-02 2.829974e-01 
1.671200e-02 3.920682e-01 
4.238621e-02 5.320839e-01 
2.923588e-02 6.051109e-01 
2.449040e-02 6.270172e-01 
1.593723e-02 6.042241e-01 
-9.315382e-01 -4.778750e-01 
4.374470e-02 -5.739061e-01 
-4.725133e-02 -6.608687e-01 
-3.837105e-02 -6.817238e-01 
-3.050414e-02 -6.720490e-01 
-2.316708e-02 -6.366879e-01 
-1.565382e-02 -5.758267e-01 
-1.186224e+00 4.744380e-01 
-1.927590e-01 6.290503e-01 
1.597619e-02 5.189890e-01 
2.329480e-02 4.533880e-01 
1.755458e-02 4.510414e-01 
1.754315e-02 4.979540e-01 
1.775969e-02 6.030627e-01 
6.027487e-02 1.740942e-01 
-2.129113e-02 -1.086575e-01 
-1.039361e-02 -2.074613e-01 
-5.795414e-03 -1.672781e-01 
-2.794417e-03 -9.123775e-02 
6.444536e-04 1.174759e-02 
4.110321e-03 1.386136e-01 
-1.047420e+00 -5.704612e-01 
-9.981571e-02 -8.132103e-01 
-7.314730e-02 -8.384985e-01 
-2.390944e-02 -7.052280e-01 
-1.938414e-02 -5.971181e-01 
-1.569213e-02 -5.152265e-01 
-1.399241e-02 -4.735307e-01 
-1.352830e+00 5.291591e-01 
-1.329102e-01 6.669258e-01 
5.730484e-02 6.442499e-01 
2.275009e-02 6.753370e-01 
1.714107e-02 6.704180e-01 
1.731049e-02 6.283956e-01 
1.581426e-02 5.425615e-01 
-2.985508e-02 1.245125e-01 
6.392799e-03 -6.225528e-02 
4.306870e-03 -7.059091e-02 
3.399066e-04 3.976550e-02 
2.317335e-03 1.011111e-01 
3.376368e-03 1.262329e-01 
3.025180e-03 1.013509e-01 
-1.083745e+00 -5.830863e-01 
-2.248661e-01 -9.051132e-01 
-9.279029e-02 -8.963878e-01 
-1.555801e-02 -7.034770e-01 
-1.252131e-02 -5.578012e-01 
-1.125740e-02 -4.570739e-01 
-1.202757e-02 -4.164105e-01 
-1.219075e+00 6.837751e-01 
3.809557e-02 5.596237e-01 
7.446126e-02 4.557708e-01 
4.933436e-03 4.592546e-01 
6.010357e-03 4.674853e-01 
9.014591e-03 4.734859e-01 
1.203338e-02 4.806283e-01 
