poroelastic
5.178032e-03 2.587552e-02 
8.730539e-03 -9.469500e-03 
6.607793e-03 -6.356661e-02 
-2.940170e-03 -8.456788e-02 
-2.302336e-03 -6.610860e-02 
-7.664110e-04 -2.513812e-02 
1.317712e-03 4.150735e-02 
6.511196e-01 1.405323e-01 
-5.485523e-02 2.669016e-01 
-6.725447e-02 3.089632e-01 
1.433363e-02 3.277167e-01 
1.541155e-02 3.631576e-01 
1.333233e-02 3.948357e-01 
1.083782e-02 4.212590e-01 
5.150220e-01 4.524352e-02 
1.368120e-01 -1.385140e-01 
6.044509e-02 -2.659482e-01 
-1.191683e-02 -3.432839e-01 
-1.185364e-02 -3.864719e-01 
-1.098328e-02 -4.066317e-01 
-8.776712e-03 -4.127919e-01 
4.240143e-03 8.023197e-02 
-1.027784e-02 8.268165e-02 
-4.282209e-03 4.916978e-02 
7.370941e-04 2.457988e-02 
5.877764e-04 2.035631e-02 
7.014725e-04 2.649538e-02 
9.394170e-04 3.941566e-02 
7.424583e-01 5.210809e-02 
2.166814e-02 2.373337e-01 
-6.012363e-02 3.260691e-01 
5.681698e-03 3.911788e-01 
1.373227e-02 4.609457e-01 
1.327443e-02 5.201213e-01 
1.300356e-02 5.662395e-01 
6.150697e-01 2.664066e-03 
1.154924e-01 -2.172588e-01 
5.645398e-02 -3.663092e-01 
-8.647768e-03 -4.433945e-01 
-9.101905e-03 -4.752111e-01 
-9.820074e-03 -4.728655e-01 
-9.507272e-03 -4.513457e-01 
-1.772150e-02 -1.395660e-02 
7.939728e-03 -5.466907e-02 
1.843941e-03 -7.719301e-02 
-9.962984e-04 -5.296808e-02 
-5.035962e-04 -2.542472e-02 
4.706005e-05 3.396098e-03 
4.411675e-04 2.122033e-02 
7.111430e-01 -3.479831e-02 
8.697766e-02 1.715405e-01 
-3.613822e-02 2.986005e-01 
-3.042376e-03 4.155729e-01 
8.281890e-03 4.918763e-01 
9.617451e-03 5.254708e-01 
1.118903e-02 5.067713e-01 
6.222757e-01 -7.845008e-02 
5.210122e-02 -2.932433e-01 
4.051291e-02 -4.056361e-01 
-2.009046e-04 -4.239073e-01 
-3.537929e-03 -4.397893e-01 
-7.144804e-03 -4.516223e-01 
-1.068379e-02 -4.823504e-01 
-2.632561e-02 -1.005249e-01 
4.691544e-03 -1.712124e-01 
-2.598521e-03 -1.592404e-01 
-1.890820e-03 -5.885100e-02 
-7.132337e-04 2.664628e-02 
1.056462e-03 1.056096e-01 
3.670406e-03 1.663369e-01 
4.726900e-01 -5.846534e-02 
1.018542e-01 9.689200e-02 
-4.597359e-03 1.683805e-01 
-9.277847e-03 2.374517e-01 
-7.658997e-04 3.002571e-01 
3.303687e-03 3.617763e-01 
1.036288e-02 4.253270e-01 
6.892479e-01 -7.087165e-02 
-4.890595e-02 -2.439127e-01 
2.869375e-02 -3.969241e-01 
1.125153e-02 -4.983357e-01 
3.395862e-03 -5.601263e-01 
-5.739498e-03 -5.783449e-01 
-1.402987e-02 -5.612581e-01 
5.926806e-01 5.187721e-02 
-7.460775e-02 1.522370e-01 
-1.342840e-02 2.971280e-01 
-2.375890e-02 4.372577e-01 
-3.958550e-03 5.348895e-01 
4.321771e-03 5.988532e-01 
1.661694e-02 6.315429e-01 
6.075782e-01 3.446376e-02 
1.728204e-01 -2.174079e-01 
2.870414e-02 -3.142638e-01 
1.881884e-02 -3.466263e-01 
7.021802e-03 -3.761349e-01 
-1.521158e-03 -3.960204e-01 
-1.100422e-02 -4.094304e-01 
8.329343e-03 9.363944e-03 
-2.240607e-03 2.943433e-02 
-2.006828e-04 3.098487e-02 
1.688790e-03 6.942601e-03 
9.815521e-04 -1.995114e-02 
7.542664e-07 -4.360389e-02 
-1.538549e-03 -5.656672e-02 
5.581289e-01 8.883400e-02 
7.887913e-03 2.537253e-01 
4.329182e-03 3.611979e-01 
-2.746862e-02 3.904316e-01 
-8.828416e-03 4.045985e-01 
-4.242253e-04 4.134500e-01 
1.185278e-02 4.350244e-01 
7.501062e-01 -3.354179e-02 
1.461916e-01 -3.163107e-01 
6.116864e-03 -4.212809e-01 
2.959186e-02 -4.501997e-01 
1.453182e-02 -4.733050e-01 
1.558263e-03 -4.701284e-01 
-1.185370e-02 -4.411898e-01 
5.234695e-02 -1.116331e-01 
-1.210456e-02 -1.396432e-01 
1.156712e-04 -1.067011e-01 
2.600099e-03 -5.039853e-02 
7.872808e-04 -2.496173e-02 
3.199189e-04 -1.706473e-02 
-9.217567e-04 -3.131488e-02 
4.887088e-01 6.663708e-03 
7.030114e-02 1.754552e-01 
1.597600e-02 3.070979e-01 
-3.216374e-02 3.798454e-01 
-1.234856e-02 4.012395e-01 
-1.773550e-03 3.910898e-01 
1.006421e-02 3.578315e-01 
7.543138e-01 -9.837557e-02 
2.714003e-02 -3.297195e-01 
-2.137352e-02 -3.913153e-01 
3.209437e-02 -3.802997e-01 
1.567650e-02 -3.829767e-01 
3.741157e-03 -3.695544e-01 
-8.211955e-03 -3.393191e-01 
