poroelastic
-4.756120e-03 -2.054919e-01 
-3.271683e-02 -2.287420e-01 
-3.942065e-02 -7.889226e-02 
2.274531e-02 1.231168e-01 
2.692288e-02 1.875210e-01 
2.008660e-02 1.651880e-01 
6.228192e-03 6.165539e-02 
2.525485e-01 2.512002e-01 
-5.030433e-03 1.892536e-01 
-1.104270e-03 2.144751e-01 
3.708891e-02 2.524096e-01 
2.053892e-02 1.712265e-01 
1.765902e-03 3.610366e-02 
-1.187604e-02 -1.263625e-01 
1.365300e-01 -4.890031e-01 
-3.421607e-02 -3.492225e-01 
-3.725436e-02 -1.109241e-01 
2.112075e-02 8.369792e-02 
2.253531e-02 1.591029e-01 
1.883830e-02 1.620578e-01 
9.599321e-03 1.081081e-01 
-1.640055e-04 -3.962833e-02 
-1.777548e-02 -6.479414e-02 
-1.023255e-02 2.369482e-02 
1.716770e-02 1.105931e-01 
1.317739e-02 1.055414e-01 
5.493715e-03 5.463612e-02 
-2.505704e-03 -2.701311e-02 
2.021731e-01 2.798033e-01 
2.103830e-02 2.139896e-01 
1.213635e-02 1.695092e-01 
1.996174e-02 1.540056e-01 
6.813401e-03 7.387743e-02 
-4.840628e-03 -2.543373e-02 
-1.170427e-02 -1.267663e-01 
-7.761226e-02 -4.345885e-01 
-5.373238e-02 -2.200362e-01 
-3.304575e-02 3.928887e-02 
4.137894e-02 2.138420e-01 
3.435457e-02 2.640841e-01 
2.470278e-02 2.226500e-01 
1.029877e-02 1.156761e-01 
7.273371e-02 1.788362e-01 
-2.811788e-02 1.819015e-01 
8.756226e-03 2.292371e-01 
2.948448e-02 2.069749e-01 
1.507521e-02 1.323119e-01 
3.348389e-03 4.012977e-02 
-4.581630e-03 -5.216559e-02 
2.762858e-01 3.431391e-01 
5.019229e-02 3.240148e-01 
2.098082e-02 2.272071e-01 
1.561468e-02 1.286730e-01 
1.823884e-03 2.858665e-02 
-5.541294e-03 -4.354239e-02 
-6.326187e-03 -7.008278e-02 
-1.546095e-01 -3.335964e-01 
-2.803052e-02 -8.119651e-02 
-1.428015e-02 1.226081e-01 
3.566443e-02 2.020165e-01 
2.719337e-02 2.125151e-01 
2.067363e-02 1.820443e-01 
1.376698e-02 1.554177e-01 
1.598239e-01 3.498134e-01 
-4.149479e-03 3.474399e-01 
3.193858e-02 3.216038e-01 
1.926059e-02 1.793499e-01 
2.118017e-03 4.211388e-02 
-9.458701e-03 -7.754147e-02 
-1.399174e-02 -1.607832e-01 
4.735702e-01 4.221479e-01 
1.248511e-01 5.330498e-01 
4.416782e-02 4.334384e-01 
2.886847e-02 2.555256e-01 
8.387974e-03 9.542821e-02 
-5.541254e-03 -4.188848e-02 
-1.383166e-02 -1.555641e-01 
-4.347645e-01 -2.603993e-01 
3.323467e-02 3.697797e-02 
-4.643113e-03 2.617892e-01 
6.094974e-02 3.622324e-01 
4.546014e-02 3.918203e-01 
3.784161e-02 3.629910e-01 
2.384452e-02 2.871740e-01 
-3.155539e-02 2.948476e-01 
3.437515e-02 1.925340e-01 
2.445312e-02 1.302741e-01 
-4.113006e-03 2.414987e-02 
-2.155738e-02 -1.304927e-01 
-3.342063e-02 -3.051501e-01 
-4.201025e-02 -5.018100e-01 
-3.693582e-02 -4.976189e-01 
-6.931183e-02 -2.488744e-01 
-1.067354e-02 5.758277e-02 
3.167079e-02 2.438011e-01 
2.905493e-02 2.836363e-01 
2.035199e-02 2.156312e-01 
3.346673e-03 3.904073e-02 
-2.105783e-01 -2.100868e-01 
2.323954e-02 -1.046753e-03 
7.834439e-03 1.760077e-01 
3.755318e-02 2.878268e-01 
3.235135e-02 2.970932e-01 
2.291425e-02 2.375671e-01 
8.751168e-03 1.061650e-01 
9.175429e-02 2.949399e-01 
2.540356e-02 2.505890e-01 
2.215295e-02 2.071458e-01 
9.118052e-03 1.218431e-01 
-6.052664e-03 -1.905457e-02 
-1.880111e-02 -1.807723e-01 
-2.900973e-02 -3.531110e-01 
-1.588240e-01 -3.251825e-01 
-3.904042e-02 -6.792079e-03 
2.053469e-02 2.236911e-01 
2.749332e-02 2.458036e-01 
1.784551e-02 1.971986e-01 
8.670849e-03 1.019626e-01 
-1.442346e-03 -1.781772e-02 
-1.699219e-01 7.242024e-02 
6.095370e-02 2.829864e-01 
3.749807e-02 3.476667e-01 
2.697974e-02 2.736351e-01 
1.799925e-02 1.972750e-01 
9.976340e-03 1.147474e-01 
2.190527e-03 2.668006e-02 
1.867147e-01 3.798709e-01 
5.332844e-02 4.006346e-01 
2.877051e-02 3.089923e-01 
1.053228e-02 1.403174e-01 
-4.872856e-03 -2.289044e-02 
-1.662495e-02 -1.762767e-01 
-2.555883e-02 -3.250091e-01 
-3.062184e-01 -3.685179e-01 
5.658088e-04 -5.506620e-03 
3.770645e-02 2.341777e-01 
3.008485e-02 2.906568e-01 
2.242598e-02 2.718270e-01 
1.529984e-02 1.971155e-01 
4.666355e-03 6.615659e-02 
