poroelastic
3.672243e-03 5.230790e-02 
9.573763e-03 2.232789e-02 
7.607784e-03 -4.697161e-02 
-6.171198e-03 -8.696820e-02 
-4.411797e-03 -7.375808e-02 
-1.453142e-03 -3.272091e-02 
1.701370e-03 3.735000e-02 
5.024981e-01 1.220658e-01 
-4.871122e-02 2.338767e-01 
-5.757634e-02 2.389017e-01 
2.344252e-02 2.362108e-01 
2.367449e-02 2.800942e-01 
2.025394e-02 3.294652e-01 
1.498498e-02 3.767995e-01 
4.762822e-01 7.497304e-02 
1.293193e-01 -9.723054e-02 
5.939016e-02 -2.378166e-01 
-3.003652e-02 -3.189305e-01 
-2.277370e-02 -3.593766e-01 
-1.921850e-02 -3.694235e-01 
-1.297854e-02 -3.611186e-01 
1.197085e-03 8.496420e-02 
-6.617449e-03 8.073994e-02 
-1.867162e-03 2.755602e-02 
-1.506567e-06 -6.215266e-03 
1.393819e-04 -4.065396e-03 
1.048610e-03 1.563118e-02 
1.978283e-03 4.884470e-02 
6.345027e-01 5.402270e-02 
5.654378e-03 2.254777e-01 
-6.047918e-02 2.835527e-01 
2.209344e-02 3.265688e-01 
2.851182e-02 3.958023e-01 
2.541855e-02 4.625222e-01 
2.125391e-02 5.262234e-01 
6.087592e-01 2.342488e-02 
1.202800e-01 -1.881606e-01 
5.811588e-02 -3.534481e-01 
-3.212229e-02 -4.357724e-01 
-2.420766e-02 -4.665927e-01 
-2.133817e-02 -4.527253e-01 
-1.574358e-02 -4.059866e-01 
-2.270659e-02 -1.062359e-02 
1.211269e-02 -6.148583e-02 
1.278860e-03 -1.030890e-01 
-4.407898e-03 -8.426618e-02 
-2.195097e-03 -4.977397e-02 
-1.227922e-04 -6.291872e-03 
1.499537e-03 3.834746e-02 
6.295816e-01 -1.082882e-02 
6.395756e-02 1.797859e-01 
-4.015826e-02 2.744947e-01 
1.475791e-02 3.642864e-01 
2.436592e-02 4.330511e-01 
2.232784e-02 4.680084e-01 
1.946144e-02 4.647651e-01 
6.299699e-01 -7.363523e-02 
6.294368e-02 -2.812205e-01 
4.169574e-02 -4.131824e-01 
-2.292624e-02 -4.375517e-01 
-1.931110e-02 -4.445881e-01 
-1.967833e-02 -4.322111e-01 
-1.781634e-02 -4.223865e-01 
-3.592910e-02 -8.631098e-02 
4.496648e-03 -1.727383e-01 
-7.757033e-03 -1.825439e-01 
-3.835948e-03 -9.350706e-02 
-1.548811e-04 -1.934145e-03 
3.848089e-03 9.558225e-02 
8.112751e-03 1.927769e-01 
4.162551e-01 -1.548476e-02 
8.242993e-02 1.214409e-01 
-7.871840e-03 1.569688e-01 
1.942644e-03 1.908769e-01 
8.596167e-03 2.413405e-01 
1.154965e-02 3.050677e-01 
1.748495e-02 3.898766e-01 
7.248934e-01 -7.847928e-02 
-3.573505e-02 -2.383196e-01 
3.274351e-02 -4.127086e-01 
-1.919053e-02 -5.190626e-01 
-1.727170e-02 -5.695609e-01 
-2.234596e-02 -5.657658e-01 
-2.260522e-02 -5.240508e-01 
5.439128e-01 7.930275e-02 
-8.166085e-02 1.706383e-01 
-2.090564e-02 2.813042e-01 
-2.121253e-03 4.012831e-01 
1.681687e-02 5.038750e-01 
2.120287e-02 5.815214e-01 
2.839416e-02 6.327604e-01 
6.827624e-01 9.266017e-03 
1.929863e-01 -2.547889e-01 
3.317560e-02 -3.610699e-01 
-1.298978e-03 -3.918571e-01 
-7.603892e-03 -4.046403e-01 
-1.327697e-02 -3.987476e-01 
-1.743252e-02 -3.830895e-01 
5.060385e-02 -7.761796e-03 
-6.873502e-03 6.825835e-03 
2.201781e-03 -9.980459e-03 
5.858066e-04 -3.750282e-02 
-1.142322e-03 -5.695490e-02 
-2.351944e-03 -7.115513e-02 
-3.435158e-03 -7.804238e-02 
5.422760e-01 1.308760e-01 
-9.096713e-04 2.884698e-01 
1.559288e-03 3.651902e-01 
-7.120867e-03 3.789353e-01 
7.327031e-03 3.965740e-01 
1.173309e-02 4.154463e-01 
2.009038e-02 4.466991e-01 
8.366031e-01 -8.307594e-02 
1.661511e-01 -3.784381e-01 
6.301349e-03 -4.889814e-01 
4.162369e-03 -5.023135e-01 
-2.741398e-03 -4.969090e-01 
-1.143018e-02 -4.605955e-01 
-1.814294e-02 -4.041825e-01 
9.028856e-02 -1.354835e-01 
-2.172424e-02 -1.712142e-01 
-3.167421e-03 -1.593126e-01 
1.565622e-03 -1.075467e-01 
-6.440413e-04 -7.467144e-02 
-1.280223e-03 -5.472840e-02 
-2.651257e-03 -5.554062e-02 
4.886819e-01 5.557344e-02 
6.617326e-02 2.131398e-01 
1.305436e-02 3.083420e-01 
-1.383684e-02 3.661434e-01 
2.518506e-03 3.987122e-01 
9.596004e-03 4.151378e-01 
1.912401e-02 4.212710e-01 
8.918434e-01 -1.413103e-01 
3.345644e-02 -3.677043e-01 
-2.566229e-02 -4.493412e-01 
1.201343e-02 -4.487757e-01 
1.687393e-03 -4.395744e-01 
-7.186870e-03 -4.031615e-01 
-1.383365e-02 -3.451197e-01 
