poroelastic
4.623071e-03 -1.916542e-01 
-1.461503e-02 -2.250184e-01 
-2.298986e-02 -1.005265e-01 
1.112530e-02 8.701998e-02 
1.493991e-02 1.495234e-01 
1.095789e-02 1.281196e-01 
9.058828e-04 1.199715e-02 
2.050613e-01 2.755803e-01 
1.800304e-03 1.643905e-01 
2.390077e-03 1.555140e-01 
1.940207e-02 1.970764e-01 
9.669422e-03 1.264373e-01 
-2.160046e-03 -1.615528e-03 
-1.215900e-02 -1.757562e-01 
1.023143e-01 -4.957647e-01 
-3.156594e-02 -3.572533e-01 
-3.157684e-02 -1.075434e-01 
1.751485e-02 1.123184e-01 
2.010160e-02 2.004122e-01 
1.640206e-02 1.999100e-01 
7.884939e-03 1.233421e-01 
-2.221635e-04 -3.442312e-02 
-6.409953e-03 -7.639712e-02 
-4.955043e-03 -5.449677e-03 
8.199551e-03 8.144888e-02 
6.168385e-03 7.724504e-02 
1.349440e-03 2.582161e-02 
-3.857545e-03 -5.928649e-02 
1.578728e-01 3.237972e-01 
1.743255e-02 2.267086e-01 
1.341881e-02 1.389757e-01 
7.294316e-03 1.014800e-01 
-1.652613e-03 1.144962e-02 
-8.654116e-03 -9.083422e-02 
-1.202395e-02 -1.874957e-01 
-7.711689e-02 -4.453682e-01 
-4.247459e-02 -2.374058e-01 
-2.841872e-02 9.359613e-03 
2.624087e-02 1.963580e-01 
2.472433e-02 2.680045e-01 
2.013617e-02 2.591907e-01 
1.174292e-02 1.920897e-01 
6.603557e-02 1.911864e-01 
-1.581486e-02 1.643893e-01 
6.315449e-03 1.877794e-01 
1.483754e-02 1.655216e-01 
6.696669e-03 9.505085e-02 
-2.389835e-04 7.013598e-03 
-4.680849e-03 -7.883821e-02 
2.431901e-01 4.035107e-01 
3.965017e-02 3.554519e-01 
1.724309e-02 2.100544e-01 
4.810846e-03 7.976115e-02 
-4.646739e-03 -3.507072e-02 
-8.895337e-03 -1.134324e-01 
-8.226670e-03 -1.370095e-01 
-1.372491e-01 -3.544293e-01 
-1.573606e-02 -1.030000e-01 
-1.360298e-02 7.748225e-02 
1.968744e-02 1.638048e-01 
1.759427e-02 2.053325e-01 
1.628063e-02 2.191019e-01 
1.368627e-02 2.330242e-01 
1.353394e-01 3.783645e-01 
5.845275e-04 3.339993e-01 
1.968054e-02 2.748153e-01 
6.914118e-03 1.191704e-01 
-2.222747e-03 -9.836717e-03 
-8.085639e-03 -1.104638e-01 
-9.590370e-03 -1.662050e-01 
4.510362e-01 4.868724e-01 
1.051576e-01 5.606559e-01 
2.887176e-02 4.043137e-01 
1.234391e-02 1.872905e-01 
3.868836e-04 2.307937e-02 
-6.916462e-03 -9.812808e-02 
-1.066406e-02 -1.801080e-01 
-3.575601e-01 -2.813773e-01 
4.601102e-02 2.126133e-02 
-1.918886e-03 2.108149e-01 
2.694418e-02 3.036609e-01 
2.388238e-02 3.507074e-01 
2.265968e-02 3.522690e-01 
1.762988e-02 3.058638e-01 
-5.282987e-02 3.356895e-01 
2.447232e-02 1.951429e-01 
8.788568e-03 9.623320e-02 
-3.324225e-03 -2.998552e-02 
-1.226389e-02 -1.670408e-01 
-1.940183e-02 -3.066430e-01 
-2.686156e-02 -4.634968e-01 
7.979740e-02 -5.207484e-01 
-3.854691e-02 -3.172568e-01 
-7.797116e-03 -3.261642e-02 
9.426195e-03 1.583056e-01 
1.361278e-02 2.314674e-01 
1.251474e-02 2.078417e-01 
4.273433e-03 7.046332e-02 
-1.095570e-01 -2.347044e-01 
2.029596e-02 -3.806746e-02 
6.340175e-03 1.008596e-01 
1.078411e-02 1.963560e-01 
1.253540e-02 2.148052e-01 
1.042592e-02 1.741713e-01 
3.199792e-03 5.273691e-02 
1.148104e-01 3.292185e-01 
1.705273e-02 2.550295e-01 
8.790389e-03 1.778446e-01 
5.733869e-03 8.943649e-02 
-5.122891e-04 -1.634509e-02 
-7.198654e-03 -1.323684e-01 
-1.607478e-02 -2.699297e-01 
-2.355082e-02 -3.717460e-01 
-2.327334e-02 -9.529005e-02 
8.727826e-03 1.159753e-01 
7.627955e-03 1.567121e-01 
7.536243e-03 1.482163e-01 
5.343243e-03 9.569213e-02 
2.890520e-04 4.886502e-03 
-9.684503e-02 2.713473e-02 
4.005380e-02 2.159805e-01 
1.857470e-02 2.448871e-01 
6.627447e-03 1.625797e-01 
5.238543e-03 1.059981e-01 
3.257773e-03 5.938258e-02 
9.915142e-04 1.641691e-02 
2.258052e-01 4.121273e-01 
4.447848e-02 4.038572e-01 
1.340872e-02 2.755806e-01 
6.140077e-03 1.022898e-01 
1.633558e-05 -2.380106e-02 
-5.592920e-03 -1.196759e-01 
-1.167558e-02 -1.976060e-01 
-8.882051e-02 -3.969654e-01 
-2.281017e-04 -6.384512e-02 
1.863744e-02 1.228368e-01 
3.941815e-03 1.500782e-01 
5.879660e-03 1.541471e-01 
6.047335e-03 1.296642e-01 
3.880653e-03 7.123821e-02 
