poroelastic
3.859174e-03 -1.935193e-01 
-1.627232e-02 -2.251113e-01 
-2.440755e-02 -9.727882e-02 
1.253117e-02 9.336381e-02 
1.608479e-02 1.545542e-01 
1.149574e-02 1.301338e-01 
1.090937e-03 1.416239e-02 
2.106375e-01 2.784940e-01 
1.618686e-03 1.689981e-01 
2.682363e-03 1.637348e-01 
2.115805e-02 2.055520e-01 
1.041050e-02 1.317904e-01 
-2.345247e-03 -8.285726e-04 
-1.267395e-02 -1.794998e-01 
1.054488e-01 -4.982501e-01 
-3.204996e-02 -3.523572e-01 
-3.165264e-02 -1.019752e-01 
1.875923e-02 1.137884e-01 
2.058134e-02 1.985820e-01 
1.641283e-02 1.945737e-01 
7.185854e-03 1.099825e-01 
8.600404e-05 -3.063650e-02 
-7.045557e-03 -7.007091e-02 
-4.581051e-03 3.476866e-03 
9.094438e-03 8.724513e-02 
6.698456e-03 8.154631e-02 
1.345712e-03 2.714169e-02 
-4.745548e-03 -7.086044e-02 
1.618975e-01 3.245768e-01 
1.825771e-02 2.290046e-01 
1.442527e-02 1.467457e-01 
8.184612e-03 1.076001e-01 
-1.406835e-03 1.766803e-02 
-8.900485e-03 -8.648225e-02 
-1.312517e-02 -1.982865e-01 
-8.077049e-02 -4.386486e-01 
-4.351619e-02 -2.294569e-01 
-2.838652e-02 1.864854e-02 
2.826740e-02 2.000882e-01 
2.580340e-02 2.696426e-01 
2.064885e-02 2.569969e-01 
1.088483e-02 1.721834e-01 
6.722701e-02 1.906283e-01 
-1.667912e-02 1.699744e-01 
7.146443e-03 1.969062e-01 
1.616579e-02 1.712310e-01 
7.401715e-03 1.003706e-01 
-3.992503e-05 1.135882e-02 
-5.307500e-03 -8.611325e-02 
2.444738e-01 3.916089e-01 
4.083208e-02 3.496935e-01 
1.799200e-02 2.130512e-01 
5.659630e-03 8.517794e-02 
-4.301863e-03 -2.770591e-02 
-8.737691e-03 -1.047577e-01 
-8.379622e-03 -1.336928e-01 
-1.437539e-01 -3.468108e-01 
-1.719780e-02 -1.017781e-01 
-1.404994e-02 8.269684e-02 
2.169465e-02 1.697052e-01 
1.883832e-02 2.091292e-01 
1.718000e-02 2.193898e-01 
1.403763e-02 2.284841e-01 
1.384437e-01 3.694191e-01 
-6.396529e-05 3.337477e-01 
2.067873e-02 2.786644e-01 
8.062150e-03 1.269356e-01 
-1.848801e-03 -3.191564e-03 
-8.173235e-03 -1.055810e-01 
-9.632415e-03 -1.593203e-01 
4.537384e-01 4.723111e-01 
1.079358e-01 5.530357e-01 
3.035142e-02 4.047100e-01 
1.391932e-02 1.966661e-01 
1.115400e-03 3.278203e-02 
-6.733988e-03 -8.988411e-02 
-1.035419e-02 -1.666124e-01 
-3.682958e-01 -2.829148e-01 
4.501418e-02 1.800002e-02 
-2.394650e-03 2.141007e-01 
3.075017e-02 3.136763e-01 
2.608544e-02 3.580142e-01 
2.434485e-02 3.554112e-01 
1.895398e-02 3.152643e-01 
-5.012067e-02 3.297718e-01 
2.523691e-02 1.921700e-01 
1.004889e-02 9.706558e-02 
-3.372225e-03 -2.234236e-02 
-1.334192e-02 -1.626219e-01 
-2.087710e-02 -3.075631e-01 
-2.786240e-02 -4.600599e-01 
6.817030e-02 -5.269913e-01 
-4.243922e-02 -3.132771e-01 
-8.411424e-03 -2.371988e-02 
1.159086e-02 1.711565e-01 
1.513678e-02 2.393470e-01 
1.331854e-02 2.086671e-01 
4.599231e-03 7.272403e-02 
-1.193189e-01 -2.374545e-01 
2.101723e-02 -3.428599e-02 
6.541098e-03 1.086874e-01 
1.304359e-02 2.078693e-01 
1.422811e-02 2.239148e-01 
1.138910e-02 1.791399e-01 
3.725226e-03 5.918896e-02 
1.140238e-01 3.296324e-01 
1.796061e-02 2.556405e-01 
1.002248e-02 1.817989e-01 
6.205614e-03 9.451498e-02 
-9.068369e-04 -1.556192e-02 
-8.230731e-03 -1.381508e-01 
-1.738022e-02 -2.802204e-01 
-3.673479e-02 -3.693413e-01 
-2.479111e-02 -8.303285e-02 
9.847358e-03 1.307475e-01 
9.322111e-03 1.676168e-01 
8.462007e-03 1.538048e-01 
5.614093e-03 9.472820e-02 
-2.442491e-04 -3.963676e-03 
-1.036471e-01 3.197941e-02 
4.263172e-02 2.263455e-01 
2.040086e-02 2.578578e-01 
8.054293e-03 1.736230e-01 
6.220824e-03 1.154549e-01 
3.793541e-03 6.460253e-02 
6.752269e-04 1.072137e-02 
2.214059e-01 4.120032e-01 
4.533162e-02 4.059433e-01 
1.476908e-02 2.814325e-01 
6.660240e-03 1.057388e-01 
-2.848874e-04 -2.378660e-02 
-6.452916e-03 -1.259252e-01 
-1.346525e-02 -2.190472e-01 
-1.104580e-01 -3.916719e-01 
1.500054e-04 -5.524830e-02 
2.038426e-02 1.365593e-01 
5.709554e-03 1.639819e-01 
7.162978e-03 1.664926e-01 
6.919126e-03 1.372175e-01 
3.597618e-03 6.369373e-02 
