poroelastic
1.209758e-03 -1.977512e-01 
-2.139746e-02 -2.265639e-01 
-2.904248e-02 -9.068991e-02 
1.586654e-02 1.047358e-01 
1.939963e-02 1.665550e-01 
1.397176e-02 1.423058e-01 
2.540305e-03 3.043725e-02 
2.236205e-01 2.667935e-01 
9.016792e-05 1.743586e-01 
1.732545e-03 1.801991e-01 
2.595544e-02 2.222728e-01 
1.316727e-02 1.449085e-01 
-1.508325e-03 9.911373e-03 
-1.252756e-02 -1.630620e-01 
1.118300e-01 -4.970836e-01 
-3.384079e-02 -3.518530e-01 
-3.390388e-02 -1.030605e-01 
2.078396e-02 1.082127e-01 
2.177828e-02 1.889823e-01 
1.737383e-02 1.851713e-01 
7.982468e-03 1.115581e-01 
4.587556e-04 -3.443274e-02 
-1.050787e-02 -6.846941e-02 
-6.354400e-03 1.107193e-02 
1.180335e-02 9.778674e-02 
8.679184e-03 9.103263e-02 
2.421494e-03 3.588597e-02 
-4.076823e-03 -5.497466e-02 
1.740872e-01 3.098719e-01 
1.982047e-02 2.235933e-01 
1.430696e-02 1.533756e-01 
1.143354e-02 1.234528e-01 
4.141108e-04 3.496641e-02 
-8.389809e-03 -7.000187e-02 
-1.301768e-02 -1.768433e-01 
-8.225833e-02 -4.402965e-01 
-4.715652e-02 -2.266284e-01 
-3.022011e-02 2.658918e-02 
3.319467e-02 2.077985e-01 
2.876282e-02 2.704027e-01 
2.219475e-02 2.472673e-01 
1.096588e-02 1.553427e-01 
6.978954e-02 1.882731e-01 
-1.977803e-02 1.753761e-01 
8.046185e-03 2.095177e-01 
2.021477e-02 1.857535e-01 
9.547041e-03 1.118038e-01 
5.843477e-04 1.855807e-02 
-5.495361e-03 -7.933259e-02 
2.557035e-01 3.794676e-01 
4.446348e-02 3.431835e-01 
1.960288e-02 2.182678e-01 
8.325443e-03 9.977222e-02 
-3.080499e-03 -1.015843e-02 
-8.447818e-03 -8.770223e-02 
-8.364275e-03 -1.178834e-01 
-1.492725e-01 -3.433009e-01 
-2.049593e-02 -9.243169e-02 
-1.423216e-02 9.857742e-02 
2.634123e-02 1.829544e-01 
2.166500e-02 2.132645e-01 
1.857929e-02 2.084263e-01 
1.391928e-02 1.996807e-01 
1.453345e-01 3.665655e-01 
-2.708302e-04 3.410446e-01 
2.459000e-02 2.951429e-01 
1.093601e-02 1.440355e-01 
-1.137614e-03 1.007972e-02 
-9.060863e-03 -1.000266e-01 
-1.157514e-02 -1.685777e-01 
4.618816e-01 4.588682e-01 
1.139227e-01 5.486261e-01 
3.503376e-02 4.157755e-01 
1.795988e-02 2.156630e-01 
2.854575e-03 5.291694e-02 
-6.710582e-03 -7.499183e-02 
-1.189501e-02 -1.685832e-01 
-3.910850e-01 -2.736118e-01 
4.202316e-02 2.670784e-02 
-2.836240e-03 2.321188e-01 
3.998507e-02 3.310885e-01 
3.186162e-02 3.707070e-01 
2.860521e-02 3.591425e-01 
2.036675e-02 3.024598e-01 
-4.584784e-02 3.185237e-01 
2.831315e-02 1.924228e-01 
1.440948e-02 1.076192e-01 
-3.958087e-03 -9.246176e-03 
-1.630087e-02 -1.540747e-01 
-2.490059e-02 -3.083678e-01 
-3.248792e-02 -4.783175e-01 
3.267907e-02 -5.151962e-01 
-5.117713e-02 -2.917747e-01 
-9.477279e-03 3.118532e-03 
1.723712e-02 1.954141e-01 
1.925394e-02 2.550348e-01 
1.565493e-02 2.125818e-01 
4.290181e-03 6.089824e-02 
-1.467270e-01 -2.287009e-01 
2.217430e-02 -2.550663e-02 
6.893575e-03 1.287176e-01 
1.945191e-02 2.326065e-01 
1.919743e-02 2.472827e-01 
1.466110e-02 1.985680e-01 
5.194693e-03 7.504629e-02 
1.070754e-01 3.158410e-01 
2.004255e-02 2.518194e-01 
1.334935e-02 1.882000e-01 
7.184692e-03 1.033277e-01 
-2.170446e-03 -1.546860e-02 
-1.096133e-02 -1.490152e-01 
-2.046789e-02 -2.982753e-01 
-7.526148e-02 -3.550767e-01 
-2.956206e-02 -6.012057e-02 
1.257324e-02 1.592583e-01 
1.420706e-02 1.930295e-01 
1.108995e-02 1.678447e-01 
6.583171e-03 9.721323e-02 
-3.733433e-04 -5.485508e-03 
-1.238904e-01 4.262253e-02 
4.865743e-02 2.414798e-01 
2.526289e-02 2.833537e-01 
1.263425e-02 2.046912e-01 
9.241199e-03 1.415244e-01 
5.554080e-03 8.225227e-02 
1.616392e-03 2.325847e-02 
2.096430e-01 4.002696e-01 
4.764225e-02 4.028540e-01 
1.865494e-02 2.884163e-01 
7.965930e-03 1.167189e-01 
-1.391854e-03 -2.362557e-02 
-9.142854e-03 -1.416802e-01 
-1.667982e-02 -2.474469e-01 
-1.708533e-01 -3.894325e-01 
3.158211e-04 -4.142432e-02 
2.542333e-02 1.664159e-01 
1.162756e-02 2.049246e-01 
1.113070e-02 2.004517e-01 
9.320463e-03 1.569222e-01 
4.277090e-03 6.961475e-02 
