poroelastic
4.810881e-03 2.111788e-02 
7.964323e-03 -1.360425e-02 
6.513152e-03 -6.430575e-02 
-1.781853e-03 -8.455737e-02 
-1.941409e-03 -6.749190e-02 
-8.823073e-04 -2.560019e-02 
1.620275e-03 5.018257e-02 
7.149098e-01 1.403864e-01 
-5.696919e-02 2.815018e-01 
-7.149715e-02 3.372936e-01 
6.637573e-03 3.601798e-01 
9.709278e-03 3.876211e-01 
1.050212e-02 4.146939e-01 
1.191580e-02 4.531948e-01 
5.210403e-01 3.560881e-02 
1.405209e-01 -1.536973e-01 
6.170841e-02 -2.780522e-01 
-7.891225e-04 -3.538228e-01 
-7.232371e-03 -4.010999e-01 
-8.439681e-03 -4.246961e-01 
-8.975478e-03 -4.156744e-01 
7.509596e-03 8.214772e-02 
-1.357061e-02 9.133788e-02 
-6.854046e-03 6.590040e-02 
3.859052e-04 4.630674e-02 
4.159572e-04 3.427491e-02 
5.268077e-04 3.374611e-02 
1.366912e-03 6.038225e-02 
7.942342e-01 5.303433e-02 
3.126478e-02 2.505661e-01 
-6.088146e-02 3.495152e-01 
-3.982201e-03 4.224768e-01 
5.774479e-03 4.845609e-01 
8.549636e-03 5.380228e-01 
1.261931e-02 5.993319e-01 
6.126568e-01 -9.562236e-03 
1.150088e-01 -2.268473e-01 
5.694837e-02 -3.705825e-01 
3.340295e-03 -4.459020e-01 
-3.662793e-03 -4.827952e-01 
-6.305077e-03 -4.862005e-01 
-8.515905e-03 -4.540497e-01 
-1.248765e-02 -5.632026e-03 
5.543950e-03 -4.332579e-02 
1.539259e-03 -6.061243e-02 
-3.134759e-04 -3.659943e-02 
-2.798715e-04 -1.712628e-02 
-4.012315e-05 4.027717e-03 
4.547830e-04 2.561495e-02 
7.505969e-01 -2.430262e-02 
9.928377e-02 1.854277e-01 
-3.470882e-02 3.185355e-01 
-1.137922e-02 4.378119e-01 
5.983185e-04 5.101373e-01 
4.632847e-03 5.405709e-01 
9.236552e-03 5.228851e-01 
6.165543e-01 -7.618250e-02 
4.913651e-02 -2.829610e-01 
4.109852e-02 -3.936037e-01 
9.756420e-03 -4.222179e-01 
1.961602e-03 -4.452525e-01 
-2.688871e-03 -4.656167e-01 
-8.717569e-03 -5.091952e-01 
-2.117644e-02 -8.737848e-02 
5.078971e-03 -1.542446e-01 
-8.397735e-04 -1.383800e-01 
-1.707234e-03 -4.865359e-02 
-1.214020e-03 3.011276e-02 
1.133469e-04 1.013730e-01 
2.313985e-03 1.399176e-01 
5.014395e-01 -6.031251e-02 
1.108900e-01 1.053034e-01 
-4.004476e-03 1.887335e-01 
-1.391801e-02 2.557528e-01 
-4.965316e-03 3.198194e-01 
9.521018e-05 3.808085e-01 
7.579803e-03 4.214220e-01 
6.676260e-01 -5.096058e-02 
-5.205656e-02 -2.242662e-01 
2.855783e-02 -3.746037e-01 
2.378657e-02 -4.919957e-01 
1.034731e-02 -5.597890e-01 
3.023184e-04 -5.840759e-01 
-1.150617e-02 -5.917033e-01 
6.082859e-01 5.309529e-02 
-7.284881e-02 1.618253e-01 
-1.164593e-02 3.157301e-01 
-3.073219e-02 4.450509e-01 
-1.220721e-02 5.367517e-01 
-1.693468e-03 5.976268e-01 
1.220783e-02 6.077747e-01 
5.627965e-01 6.366389e-02 
1.633206e-01 -1.818600e-01 
2.650252e-02 -2.799768e-01 
2.551373e-02 -3.287991e-01 
1.155021e-02 -3.654918e-01 
2.770146e-03 -3.906981e-01 
-8.659691e-03 -4.267892e-01 
-1.074323e-02 3.573719e-02 
-1.434554e-04 5.415383e-02 
-1.420061e-03 5.925151e-02 
1.356965e-03 2.170915e-02 
1.301993e-03 -1.167193e-02 
6.127586e-04 -3.680986e-02 
-1.262542e-03 -5.969381e-02 
5.586012e-01 6.931524e-02 
1.126265e-02 2.482772e-01 
4.693511e-03 3.644874e-01 
-3.372668e-02 3.895047e-01 
-1.482546e-02 3.998118e-01 
-4.801349e-03 4.091694e-01 
8.677636e-03 4.283519e-01 
7.034068e-01 1.690087e-03 
1.369783e-01 -2.767377e-01 
5.780186e-03 -3.845002e-01 
3.728664e-02 -4.260742e-01 
1.939901e-02 -4.618774e-01 
6.158220e-03 -4.690753e-01 
-8.617777e-03 -4.444466e-01 
3.611194e-02 -9.301942e-02 
-7.041660e-03 -1.184549e-01 
1.133227e-03 -8.013871e-02 
1.448960e-03 -2.685000e-02 
3.795176e-04 -8.429795e-03 
2.102049e-04 -4.786403e-03 
-2.670281e-04 -1.254278e-02 
4.882879e-01 -1.820877e-02 
6.994678e-02 1.605902e-01 
1.679282e-02 3.045872e-01 
-3.753524e-02 3.809970e-01 
-1.765594e-02 3.960375e-01 
-5.929199e-03 3.790194e-01 
7.089682e-03 3.503217e-01 
6.856013e-01 -7.177384e-02 
2.715497e-02 -3.019179e-01 
-1.891373e-02 -3.603271e-01 
3.646561e-02 -3.496173e-01 
1.902331e-02 -3.609579e-01 
7.053325e-03 -3.570787e-01 
-5.398163e-03 -3.200287e-01 
