poroelastic
9.742926e-03 -1.140030e-01 
-5.364677e-03 -1.884521e-01 
-2.524688e-02 -1.621803e-01 
6.984847e-04 -9.536881e-03 
9.253683e-03 7.923889e-02 
1.161054e-02 1.167892e-01 
9.757465e-03 1.167550e-01 
7.621989e-01 5.675762e-01 
-4.642228e-02 5.130177e-01 
-6.241027e-02 4.061940e-01 
4.823440e-02 3.989742e-01 
4.421208e-02 3.851492e-01 
3.381132e-02 3.500443e-01 
2.342404e-02 3.050864e-01 
1.033105e+00 -4.943748e-01 
1.819992e-01 -6.276148e-01 
5.429326e-02 -5.923835e-01 
-5.826929e-02 -4.522080e-01 
-3.948238e-02 -3.902522e-01 
-3.274103e-02 -3.626610e-01 
-2.684033e-02 -3.717606e-01 
2.543149e-03 5.162569e-02 
-1.639607e-02 -4.909517e-02 
-2.117543e-02 -6.357101e-02 
5.125374e-03 2.971524e-02 
9.367688e-03 8.624479e-02 
1.087759e-02 1.177751e-01 
1.007775e-02 1.316416e-01 
9.898341e-01 5.615936e-01 
3.889184e-02 6.418615e-01 
-6.065995e-02 5.505678e-01 
5.371280e-02 5.218660e-01 
5.522141e-02 5.078660e-01 
4.570019e-02 4.935752e-01 
3.789293e-02 5.001382e-01 
9.975970e-01 -5.101092e-01 
1.269549e-01 -5.669029e-01 
4.967316e-02 -5.660240e-01 
-5.961675e-02 -4.999568e-01 
-4.300723e-02 -4.671623e-01 
-3.666998e-02 -4.312165e-01 
-2.779099e-02 -3.790532e-01 
7.894343e-03 2.546990e-01 
1.273222e-02 9.359195e-02 
8.272589e-03 -6.822421e-03 
-6.008842e-03 -5.257975e-02 
-7.010238e-03 -7.805310e-02 
-5.896062e-03 -7.316094e-02 
-1.378380e-03 -1.879996e-02 
1.141992e+00 6.224365e-01 
1.430460e-01 7.882328e-01 
-2.857432e-02 6.421844e-01 
4.475734e-02 5.234107e-01 
4.739643e-02 4.818599e-01 
4.248032e-02 4.893498e-01 
4.274065e-02 5.649060e-01 
9.233058e-01 -6.121466e-01 
4.271099e-02 -5.930769e-01 
2.379284e-02 -6.190874e-01 
-5.576761e-02 -5.726815e-01 
-4.114033e-02 -4.922821e-01 
-2.949700e-02 -3.623366e-01 
-1.248703e-02 -1.658362e-01 
4.676632e-02 4.455138e-01 
1.825769e-02 1.985368e-01 
1.050792e-02 2.257130e-02 
-1.128232e-02 -1.305645e-01 
-1.381531e-02 -1.743739e-01 
-8.976529e-03 -1.187565e-01 
5.507586e-03 7.357008e-02 
1.165616e+00 8.034495e-01 
2.359269e-01 1.061570e+00 
3.036909e-02 7.839081e-01 
2.846496e-02 4.099455e-01 
1.807054e-02 2.299197e-01 
1.495228e-02 1.975634e-01 
2.627914e-02 3.397541e-01 
7.778369e-01 -6.075551e-01 
-5.861523e-02 -3.619102e-01 
1.601770e-02 -4.396856e-01 
-4.377806e-02 -5.150314e-01 
-3.550611e-02 -4.904795e-01 
-2.900635e-02 -3.817656e-01 
-1.490672e-02 -2.001885e-01 
6.468546e-01 6.510144e-01 
-5.062967e-02 5.721352e-01 
-3.178141e-04 5.039459e-01 
2.377334e-02 4.275507e-01 
3.021645e-02 3.995972e-01 
2.904807e-02 3.951715e-01 
3.142980e-02 4.164210e-01 
1.479732e+00 -7.720601e-01 
2.596545e-01 -9.321521e-01 
1.403374e-02 -7.378046e-01 
-3.216688e-02 -5.618281e-01 
-2.784748e-02 -4.542224e-01 
-2.782327e-02 -3.961026e-01 
-3.048023e-02 -3.945935e-01 
3.613244e-02 -4.250942e-01 
-1.367104e-03 -6.929166e-02 
8.144623e-04 4.776915e-02 
4.805259e-03 7.480115e-02 
4.520629e-03 6.298009e-02 
1.520393e-03 1.951466e-02 
-3.130768e-03 -4.144863e-02 
9.142880e-01 7.934382e-01 
4.771375e-02 8.887705e-01 
2.902768e-02 7.854305e-01 
2.584434e-02 5.780040e-01 
2.866021e-02 4.519347e-01 
2.601574e-02 3.916962e-01 
3.127329e-02 4.141251e-01 
1.587216e+00 -7.873525e-01 
1.913933e-01 -8.644855e-01 
-1.853715e-02 -7.799066e-01 
-3.648616e-02 -7.754773e-01 
-3.613930e-02 -7.016024e-01 
-3.608629e-02 -5.651937e-01 
-2.743971e-02 -3.637381e-01 
8.217797e-02 -2.488438e-01 
-1.395611e-02 -9.218922e-04 
-1.917270e-03 -4.444339e-02 
-6.916120e-03 -1.904256e-01 
-1.205641e-02 -2.031791e-01 
-9.255799e-03 -1.255388e-01 
4.632062e-03 5.919088e-02 
9.949835e-01 8.728069e-01 
1.701526e-01 1.064883e+00 
5.018690e-02 8.702415e-01 
1.623287e-02 5.356825e-01 
1.870124e-02 3.764615e-01 
2.019722e-02 3.443963e-01 
3.386810e-02 4.470449e-01 
1.464173e+00 -9.115407e-01 
-1.203329e-02 -6.182772e-01 
-4.527947e-02 -4.934084e-01 
-1.363851e-02 -5.523750e-01 
-2.133065e-02 -5.402049e-01 
-2.669209e-02 -4.869945e-01 
-2.858068e-02 -4.105959e-01 
