poroelastic
4.498220e-03 3.772037e-02 
8.772434e-03 8.328811e-03 
9.299154e-03 -5.890692e-02 
-1.627883e-03 -1.034755e-01 
-2.840821e-03 -9.497359e-02 
-2.125725e-03 -5.466446e-02 
2.146577e-03 5.527727e-02 
7.813693e-01 1.962734e-01 
-5.599088e-02 3.364453e-01 
-7.472900e-02 3.837303e-01 
2.967873e-03 3.779714e-01 
8.407578e-03 3.971301e-01 
1.122514e-02 4.261192e-01 
1.596282e-02 4.866292e-01 
5.351211e-01 4.851028e-02 
1.435614e-01 -1.212105e-01 
6.627224e-02 -2.496895e-01 
4.074555e-03 -3.665986e-01 
-6.885286e-03 -4.326826e-01 
-1.005361e-02 -4.659514e-01 
-1.324047e-02 -4.737131e-01 
1.466001e-02 1.467442e-01 
-2.450880e-02 1.787793e-01 
-1.180580e-02 1.565552e-01 
6.139738e-04 9.953075e-02 
9.759657e-04 7.067247e-02 
1.227180e-03 6.046532e-02 
1.258156e-03 4.433116e-02 
8.346056e-01 1.187155e-01 
3.707389e-02 3.313128e-01 
-5.997989e-02 4.192854e-01 
-7.038798e-03 4.379313e-01 
4.291276e-03 4.777961e-01 
9.026752e-03 5.250363e-01 
1.420232e-02 5.392947e-01 
6.272188e-01 5.086711e-02 
1.196049e-01 -1.688985e-01 
6.350496e-02 -3.438144e-01 
8.165012e-03 -4.888160e-01 
-3.626165e-03 -5.450048e-01 
-7.803339e-03 -5.409225e-01 
-1.252603e-02 -5.279942e-01 
-7.207956e-03 2.875940e-02 
2.982929e-03 1.577991e-02 
2.275914e-03 -2.991854e-02 
-4.380270e-04 -6.674795e-02 
-8.677825e-04 -5.321830e-02 
-3.479515e-04 -4.520335e-03 
1.129496e-03 5.073985e-02 
7.322813e-01 9.009494e-03 
9.875731e-02 2.337312e-01 
-3.305014e-02 3.309758e-01 
-1.288967e-02 3.827545e-01 
-9.780252e-04 4.410170e-01 
4.332672e-03 4.970330e-01 
1.173851e-02 5.495369e-01 
5.889528e-01 -8.708190e-03 
4.862345e-02 -2.213069e-01 
4.298867e-02 -3.690335e-01 
1.233449e-02 -4.573162e-01 
1.644809e-03 -4.963446e-01 
-3.905490e-03 -4.990856e-01 
-9.126603e-03 -4.505474e-01 
1.991053e-02 -3.830059e-02 
-4.444431e-03 -6.388702e-02 
-2.907146e-03 -7.790140e-02 
-2.444549e-03 -4.177412e-02 
-1.919105e-03 1.392436e-02 
-5.569382e-04 9.139488e-02 
4.300914e-03 2.257866e-01 
5.298642e-01 -5.559647e-02 
1.170004e-01 1.635217e-01 
-5.555341e-03 2.358622e-01 
-1.429084e-02 2.570038e-01 
-5.384366e-03 2.877625e-01 
-4.833994e-04 3.448966e-01 
9.341507e-03 4.766508e-01 
5.772072e-01 -9.178023e-03 
-4.233207e-02 -1.400388e-01 
2.730745e-02 -3.031269e-01 
2.365740e-02 -4.569567e-01 
9.124194e-03 -5.497658e-01 
-8.308622e-04 -5.688172e-01 
-1.010377e-02 -4.883600e-01 
6.193055e-01 1.038289e-01 
-7.679561e-02 2.196128e-01 
-1.384253e-02 3.483189e-01 
-2.950255e-02 4.280193e-01 
-1.248765e-02 4.892248e-01 
-2.352788e-03 5.562973e-01 
1.307984e-02 6.366362e-01 
5.366102e-01 1.014815e-01 
1.623939e-01 -1.112787e-01 
2.787496e-02 -2.417379e-01 
2.708257e-02 -3.513759e-01 
1.159031e-02 -4.168638e-01 
2.087234e-03 -4.288738e-01 
-7.935187e-03 -3.964034e-01 
-4.775773e-02 8.059563e-02 
4.228562e-03 1.183677e-01 
-2.101687e-03 9.285952e-02 
2.602146e-04 8.407768e-03 
1.403123e-04 -3.246743e-02 
-6.229633e-04 -2.659117e-02 
6.571446e-04 3.216096e-02 
5.220407e-01 1.136457e-01 
6.131244e-03 2.805328e-01 
1.897983e-03 3.516231e-01 
-2.849080e-02 3.170065e-01 
-1.339164e-02 3.147119e-01 
-5.364244e-03 3.467532e-01 
8.305918e-03 4.391334e-01 
6.426534e-01 7.602655e-02 
1.338916e-01 -1.806377e-01 
6.637478e-03 -3.196719e-01 
3.747977e-02 -4.315975e-01 
1.923719e-02 -4.911994e-01 
5.989251e-03 -4.960559e-01 
-7.518615e-03 -4.296624e-01 
-5.758662e-03 -1.594624e-02 
2.580781e-03 -8.768041e-03 
3.594012e-04 1.374408e-02 
-1.384652e-03 1.099919e-02 
-7.401563e-04 1.143915e-02 
-4.023725e-04 1.435069e-02 
4.706612e-04 2.522280e-02 
4.736032e-01 3.202024e-03 
6.123399e-02 1.997225e-01 
1.201095e-02 3.363833e-01 
-3.266077e-02 3.665877e-01 
-1.524572e-02 3.609068e-01 
-5.109769e-03 3.334685e-01 
4.950385e-03 2.845470e-01 
5.586531e-01 -1.153502e-02 
2.867426e-02 -1.918283e-01 
-1.735389e-02 -2.446826e-01 
3.212867e-02 -2.779522e-01 
1.813715e-02 -3.155616e-01 
8.189473e-03 -3.375744e-01 
-5.172077e-03 -3.706426e-01 
