poroelastic
2.750420e-02 -7.898457e-02 
2.270020e-02 -1.698271e-01 
4.087402e-03 -2.084491e-01 
-8.427146e-03 -1.320010e-01 
-3.485969e-03 -5.891343e-02 
4.428388e-04 3.454410e-03 
3.442832e-03 6.185039e-02 
8.456125e-01 4.675439e-01 
-6.348734e-02 4.455504e-01 
-8.303592e-02 3.801997e-01 
3.030631e-02 4.028102e-01 
3.266495e-02 4.376534e-01 
2.863719e-02 4.635437e-01 
2.380161e-02 4.828812e-01 
1.016813e+00 -3.286387e-01 
2.179561e-01 -5.632706e-01 
7.834726e-02 -6.091348e-01 
-3.893157e-02 -5.381225e-01 
-2.951585e-02 -4.945257e-01 
-2.516132e-02 -4.638982e-01 
-2.029438e-02 -4.525439e-01 
6.017570e-04 5.466765e-02 
-4.124411e-03 -3.114172e-02 
-8.611728e-03 -7.042395e-02 
-5.474890e-04 -1.817305e-02 
1.951454e-03 2.804158e-02 
3.797924e-03 6.780705e-02 
4.962692e-03 1.024262e-01 
1.040268e+00 4.261289e-01 
2.892441e-02 5.322003e-01 
-7.712764e-02 4.938299e-01 
2.529116e-02 5.102283e-01 
3.522685e-02 5.518405e-01 
3.289110e-02 5.978856e-01 
3.139165e-02 6.588234e-01 
1.069741e+00 -3.520205e-01 
1.682644e-01 -5.683112e-01 
7.378738e-02 -6.680363e-01 
-3.888626e-02 -6.587452e-01 
-3.091304e-02 -6.245690e-01 
-2.733211e-02 -5.602279e-01 
-2.131037e-02 -4.665517e-01 
-3.371027e-02 1.142833e-01 
2.185030e-02 -5.057564e-02 
6.243073e-03 -1.447428e-01 
-7.301542e-03 -1.439190e-01 
-5.374664e-03 -1.129170e-01 
-2.464624e-03 -5.349233e-02 
1.761537e-03 3.844824e-02 
1.111550e+00 4.073750e-01 
1.225055e-01 5.762768e-01 
-4.757988e-02 5.257663e-01 
1.433657e-02 5.185493e-01 
2.783718e-02 5.504729e-01 
2.860736e-02 5.977268e-01 
3.172746e-02 6.652696e-01 
1.030802e+00 -4.556710e-01 
7.142013e-02 -6.228754e-01 
5.056154e-02 -7.249256e-01 
-2.902508e-02 -6.989717e-01 
-2.596278e-02 -6.263039e-01 
-2.350171e-02 -5.110477e-01 
-1.731633e-02 -3.616921e-01 
-4.107169e-02 1.871016e-01 
1.889013e-02 -5.794481e-02 
1.532959e-04 -1.869022e-01 
-8.353926e-03 -2.092434e-01 
-6.702226e-03 -1.473009e-01 
-1.258528e-03 -1.407547e-02 
9.653889e-03 2.013963e-01 
9.718864e-01 4.968965e-01 
1.737088e-01 6.817555e-01 
-1.774351e-03 5.124383e-01 
1.587370e-03 3.237352e-01 
7.763295e-03 2.750672e-01 
1.199226e-02 3.312144e-01 
2.564957e-02 5.079814e-01 
1.005540e+00 -4.445122e-01 
-6.807717e-02 -4.522544e-01 
3.731908e-02 -6.149854e-01 
-1.652967e-02 -7.186323e-01 
-2.045959e-02 -7.116412e-01 
-2.503879e-02 -6.162715e-01 
-2.239566e-02 -4.482559e-01 
7.133551e-01 4.249233e-01 
-8.342632e-02 3.760102e-01 
-2.102470e-02 4.036763e-01 
-7.995710e-03 4.591883e-01 
1.389871e-02 5.373660e-01 
2.234510e-02 6.198026e-01 
3.587202e-02 7.004712e-01 
1.377057e+00 -4.611245e-01 
3.149950e-01 -8.092893e-01 
4.233402e-02 -7.731865e-01 
2.079057e-03 -6.598760e-01 
-9.984778e-03 -5.646432e-01 
-1.674231e-02 -4.882334e-01 
-2.350589e-02 -4.482484e-01 
1.150495e-01 -3.068340e-01 
-1.200735e-02 -1.245009e-01 
3.530148e-04 -7.327511e-02 
1.221384e-04 -4.917490e-02 
-4.949897e-04 -3.152960e-02 
-7.785084e-04 -2.707557e-02 
-2.171796e-03 -4.167755e-02 
8.753851e-01 5.374977e-01 
1.483668e-02 6.395011e-01 
4.248033e-03 6.296737e-01 
-1.396093e-02 5.448531e-01 
6.731409e-03 5.093878e-01 
1.456522e-02 5.066934e-01 
2.832057e-02 5.425198e-01 
1.506364e+00 -5.035254e-01 
2.441887e-01 -8.218004e-01 
6.684556e-03 -8.516395e-01 
1.329917e-02 -8.307932e-01 
-5.249247e-03 -7.549158e-01 
-1.791215e-02 -6.319098e-01 
-2.496785e-02 -4.776798e-01 
1.339614e-01 -2.895258e-01 
-3.104269e-02 -2.104194e-01 
-4.047677e-03 -2.234057e-01 
2.127274e-03 -2.312785e-01 
-3.991720e-03 -1.752257e-01 
-3.833601e-03 -8.324531e-02 
1.792049e-03 3.238479e-02 
8.797804e-01 5.064907e-01 
1.170119e-01 6.586322e-01 
1.984238e-02 6.083034e-01 
-2.371908e-02 4.936882e-01 
-1.327211e-03 4.644093e-01 
1.059268e-02 4.963032e-01 
3.172029e-02 5.912172e-01 
1.514446e+00 -5.714638e-01 
3.080856e-02 -6.633176e-01 
-3.797814e-02 -6.772579e-01 
2.733372e-02 -7.125354e-01 
2.474091e-03 -6.768363e-01 
-1.262416e-02 -5.855608e-01 
-2.212472e-02 -4.509794e-01 
