poroelastic
-7.816030e-03 1.757671e-01 
1.123264e-02 2.496873e-01 
2.419158e-02 1.597555e-01 
-1.176114e-02 -5.902777e-02 
-1.309634e-02 -1.419313e-01 
-8.491109e-03 -1.369987e-01 
-2.079801e-03 -5.972127e-02 
-1.129944e+00 -6.055229e-01 
4.671324e-02 -6.272938e-01 
5.913390e-02 -6.110747e-01 
-9.182750e-02 -6.693918e-01 
-6.222092e-02 -6.385690e-01 
-3.525457e-02 -5.372007e-01 
-1.164331e-02 -3.847633e-01 
-1.068491e+00 6.061537e-01 
-1.657396e-01 7.010344e-01 
-2.976656e-02 5.896176e-01 
6.435448e-02 4.105545e-01 
3.743987e-02 3.694507e-01 
2.823827e-02 4.063752e-01 
1.384202e-02 5.184472e-01 
-1.291291e-02 -7.820084e-02 
2.501736e-02 -4.106769e-03 
1.460707e-02 -3.920618e-02 
-1.949298e-02 -1.529168e-01 
-1.366065e-02 -1.723517e-01 
-7.442424e-03 -1.362124e-01 
-1.709962e-03 -5.686647e-02 
-1.264766e+00 -5.785095e-01 
-7.448534e-02 -7.178539e-01 
3.449574e-02 -6.820469e-01 
-8.370505e-02 -6.986972e-01 
-6.169350e-02 -6.686863e-01 
-3.842698e-02 -6.061401e-01 
-1.662237e-02 -5.355143e-01 
-9.564300e-01 6.259679e-01 
-1.021304e-01 6.591955e-01 
-1.528940e-02 5.759456e-01 
5.838499e-02 4.448601e-01 
3.352538e-02 4.036751e-01 
2.447675e-02 4.037868e-01 
1.282914e-02 4.366714e-01 
-5.907027e-02 -2.830575e-01 
8.904751e-03 -1.545111e-01 
-4.221478e-03 -1.212686e-01 
-8.427636e-03 -1.177998e-01 
-2.529295e-03 -6.373794e-02 
1.365785e-03 5.734994e-03 
2.155786e-03 7.569798e-02 
-1.383390e+00 -6.125323e-01 
-1.993697e-01 -8.535453e-01 
-5.258060e-03 -7.743382e-01 
-7.012804e-02 -7.072673e-01 
-5.161815e-02 -6.378948e-01 
-3.290122e-02 -5.708477e-01 
-1.657036e-02 -5.254685e-01 
-8.438570e-01 6.833883e-01 
-2.303000e-02 6.403606e-01 
3.749285e-03 5.870697e-01 
4.916915e-02 4.868773e-01 
2.796130e-02 4.175043e-01 
1.837539e-02 3.469244e-01 
8.301929e-03 2.664179e-01 
-1.290595e-01 -4.651250e-01 
1.024705e-03 -2.465702e-01 
-7.307523e-03 -1.273569e-01 
6.118787e-05 -1.249899e-02 
2.697809e-03 5.188136e-02 
1.697451e-03 5.220600e-02 
-1.227746e-03 -4.063017e-02 
-1.389323e+00 -7.643497e-01 
-3.167161e-01 -1.117963e+00 
-5.792422e-02 -9.131335e-01 
-4.376032e-02 -5.915017e-01 
-2.479714e-02 -3.942839e-01 
-1.514648e-02 -3.039379e-01 
-1.132857e-02 -3.466842e-01 
-6.530908e-01 6.175152e-01 
5.687548e-02 3.657749e-01 
9.359191e-03 3.549484e-01 
3.734675e-02 3.872259e-01 
2.247687e-02 3.990563e-01 
1.794097e-02 3.816680e-01 
1.021287e-02 3.418684e-01 
-8.312771e-01 -6.644754e-01 
5.459147e-02 -6.048751e-01 
-3.179430e-02 -6.204769e-01 
-3.835282e-02 -6.021404e-01 
-3.119471e-02 -5.483982e-01 
-2.037260e-02 -4.661203e-01 
-1.124396e-02 -3.576770e-01 
-1.306472e+00 8.313656e-01 
-2.085654e-01 9.410306e-01 
1.133494e-02 6.612735e-01 
2.754870e-02 4.209140e-01 
1.581554e-02 3.294117e-01 
1.505196e-02 3.413195e-01 
1.551740e-02 4.711246e-01 
6.329849e-02 4.116033e-01 
-1.738250e-02 2.895674e-02 
-8.924675e-03 -1.554032e-01 
-1.174556e-02 -2.246590e-01 
-8.038634e-03 -1.927425e-01 
-3.020165e-03 -9.316066e-02 
2.365004e-03 7.542672e-02 
-1.072712e+00 -7.659257e-01 
-6.871508e-02 -8.956065e-01 
-6.184820e-02 -8.680529e-01 
-3.241635e-02 -7.170083e-01 
-2.551679e-02 -5.763999e-01 
-1.694534e-02 -4.508098e-01 
-1.142673e-02 -3.509460e-01 
-1.367284e+00 7.815807e-01 
-1.595636e-01 8.223817e-01 
4.274481e-02 6.622285e-01 
3.157795e-02 6.171559e-01 
1.861121e-02 5.857691e-01 
1.822562e-02 5.477794e-01 
1.622177e-02 5.038286e-01 
-9.117605e-03 1.953816e-01 
-3.667799e-03 -8.756501e-02 
-2.307228e-03 -1.204565e-01 
-2.236903e-04 -4.625090e-03 
1.833892e-03 5.933969e-02 
2.893797e-03 8.808433e-02 
2.658541e-03 7.949497e-02 
-1.163397e+00 -8.057633e-01 
-2.127252e-01 -1.057254e+00 
-8.494726e-02 -9.664217e-01 
-2.379060e-02 -7.167524e-01 
-1.884255e-02 -5.481295e-01 
-1.415468e-02 -4.413382e-01 
-1.244235e-02 -3.969288e-01 
-1.293846e+00 9.259895e-01 
1.746001e-02 6.789560e-01 
6.426570e-02 4.848176e-01 
1.465260e-02 4.620350e-01 
9.371168e-03 4.458497e-01 
1.059528e-02 4.248374e-01 
1.083564e-02 4.147237e-01 
