poroelastic
-3.168269e-02 2.080333e-01 
-1.578314e-02 2.718666e-01 
4.831367e-03 1.908653e-01 
3.311692e-04 2.014759e-02 
-2.482695e-03 -4.633970e-02 
-1.783444e-03 -4.943553e-02 
2.023917e-04 7.345182e-03 
-3.217269e-02 -2.733687e-01 
-4.483424e-03 -2.777672e-02 
-5.451675e-03 3.919688e-02 
3.175018e-04 -2.448672e-02 
1.608447e-03 -5.195533e-03 
2.960905e-03 4.613089e-02 
2.625428e-03 1.178549e-01 
-2.320156e-01 4.976299e-01 
-1.120634e-02 4.536897e-01 
2.030637e-02 2.391193e-01 
-5.778118e-03 -8.448943e-03 
-7.535314e-03 -1.331364e-01 
-6.555915e-03 -1.772858e-01 
-2.806835e-03 -1.508991e-01 
4.392846e-03 9.918627e-02 
-9.435930e-03 1.888881e-01 
3.509554e-03 1.334320e-01 
-1.797311e-04 8.488495e-03 
-1.574387e-03 -3.592684e-02 
-1.050467e-03 -3.544371e-02 
1.035756e-04 4.602589e-03 
-6.723656e-03 -3.572727e-01 
-3.560966e-04 -1.449702e-01 
-1.614499e-02 -5.208549e-03 
3.939736e-03 3.254258e-02 
6.972024e-03 9.806553e-02 
6.760873e-03 1.614582e-01 
4.837438e-03 2.130453e-01 
-7.635911e-02 4.345137e-01 
1.368290e-02 3.243316e-01 
2.102757e-02 1.348245e-01 
-7.139858e-03 -5.029196e-02 
-7.180109e-03 -1.591414e-01 
-7.353288e-03 -2.169623e-01 
-5.042018e-03 -2.374955e-01 
-2.657093e-03 -1.063905e-01 
-1.814895e-03 -7.325957e-03 
-9.028984e-04 6.782665e-03 
3.990298e-04 3.633110e-03 
4.844136e-04 1.186691e-02 
4.859369e-04 1.679995e-02 
1.482037e-04 7.007406e-03 
-9.153580e-02 -4.376530e-01 
2.527289e-03 -2.654592e-01 
-1.117675e-02 -5.783948e-02 
3.101834e-03 7.795154e-02 
6.555834e-03 1.548124e-01 
5.359688e-03 1.715370e-01 
2.812376e-03 1.180422e-01 
1.010671e-03 3.637237e-01 
1.175388e-02 2.148768e-01 
1.561260e-02 8.841953e-02 
-2.962318e-03 -8.253330e-03 
-3.917288e-03 -1.106128e-01 
-7.029861e-03 -2.186651e-01 
-8.488698e-03 -3.529186e-01 
-1.153675e-02 -3.062579e-01 
-1.024472e-02 -1.812414e-01 
-7.189974e-03 -7.401288e-02 
2.689803e-03 6.623455e-02 
3.781074e-03 1.355476e-01 
3.731012e-03 1.470140e-01 
1.966519e-03 8.280682e-02 
-2.965407e-01 -5.217597e-01 
-2.740201e-02 -4.597885e-01 
-5.759904e-03 -2.308923e-01 
-1.157947e-03 -7.501038e-03 
2.805621e-03 1.137542e-01 
3.775740e-03 1.573194e-01 
3.169033e-03 1.200074e-01 
1.747047e-01 3.330945e-01 
-1.231353e-02 1.077480e-01 
1.214771e-02 -3.030066e-02 
-4.446537e-03 -1.333345e-01 
-3.442717e-03 -2.349964e-01 
-7.698214e-03 -3.262481e-01 
-1.037220e-02 -4.122322e-01 
1.870913e-01 -2.946363e-01 
-3.596080e-02 -6.465726e-02 
-4.948806e-03 8.117750e-02 
-2.411800e-03 1.952505e-01 
5.500580e-03 2.717019e-01 
6.701073e-03 3.153495e-01 
8.937843e-03 3.315903e-01 
-2.613385e-01 5.108953e-01 
-1.843261e-02 4.557186e-01 
6.568431e-03 2.332531e-01 
3.021848e-03 2.604023e-02 
3.042429e-04 -1.139735e-01 
-3.376001e-03 -1.941019e-01 
-5.643281e-03 -2.056207e-01 
-5.352536e-02 3.293779e-01 
2.390339e-03 1.852740e-01 
1.515376e-03 9.629265e-02 
1.461576e-03 -7.508816e-03 
-4.849422e-04 -7.148367e-02 
-1.870212e-03 -1.008137e-01 
-2.148295e-03 -8.162590e-02 
3.423328e-03 -3.194798e-01 
-1.055267e-03 -1.434228e-01 
1.960002e-03 -1.969355e-02 
-4.207983e-03 5.913870e-02 
-2.351421e-06 1.120261e-01 
1.701192e-03 1.501575e-01 
5.213956e-03 1.901014e-01 
-1.158105e-01 3.830427e-01 
3.548621e-03 2.426340e-01 
7.134546e-06 7.561018e-02 
2.582264e-03 -4.000854e-03 
2.005158e-03 -7.914439e-02 
-8.535110e-04 -1.322501e-01 
-4.248393e-03 -1.567808e-01 
-4.873443e-04 9.676007e-02 
-2.295032e-03 -2.994371e-02 
-2.345289e-04 -1.639999e-02 
5.329056e-04 4.170255e-02 
1.173411e-03 3.496295e-02 
7.148160e-04 -7.944936e-03 
-2.378832e-03 -8.089395e-02 
-9.989328e-02 -3.821758e-01 
-1.438652e-03 -2.602704e-01 
3.669553e-03 -7.743710e-02 
-3.849281e-03 7.991098e-02 
1.607014e-06 1.315880e-01 
1.598111e-03 1.129936e-01 
9.985075e-04 3.647635e-02 
-1.144433e-01 3.400326e-01 
9.632826e-04 1.204382e-01 
-2.242437e-03 1.135862e-02 
1.390207e-03 2.783561e-02 
1.685908e-03 -4.830014e-03 
5.693565e-04 -5.106361e-02 
-2.360342e-03 -1.048438e-01 
