poroelastic
2.914641e-03 6.193667e-02 
9.922339e-03 3.433216e-02 
8.204312e-03 -3.995824e-02 
-7.256980e-03 -8.637461e-02 
-5.239839e-03 -7.549974e-02 
-1.822293e-03 -3.536765e-02 
1.790244e-03 3.484443e-02 
4.535893e-01 1.163628e-01 
-4.627327e-02 2.215367e-01 
-5.395663e-02 2.145862e-01 
2.453710e-02 2.053143e-01 
2.496038e-02 2.510363e-01 
2.181878e-02 3.047679e-01 
1.631143e-02 3.570752e-01 
4.582759e-01 8.528259e-02 
1.267630e-01 -8.175992e-02 
5.913111e-02 -2.257554e-01 
-3.473782e-02 -3.076116e-01 
-2.600482e-02 -3.476586e-01 
-2.176442e-02 -3.560619e-01 
-1.454358e-02 -3.457781e-01 
5.879221e-04 8.808629e-02 
-5.497366e-03 8.248612e-02 
-1.183868e-03 2.336819e-02 
-5.523720e-04 -1.360132e-02 
-2.020813e-04 -1.013673e-02 
1.097134e-03 1.257330e-02 
2.343785e-03 4.978654e-02 
5.960124e-01 5.607487e-02 
1.141247e-03 2.220618e-01 
-5.987997e-02 2.695621e-01 
2.624816e-02 3.039007e-01 
3.214871e-02 3.714653e-01 
2.874367e-02 4.389674e-01 
2.381729e-02 5.055582e-01 
6.023399e-01 3.158516e-02 
1.221749e-01 -1.764435e-01 
5.872518e-02 -3.469067e-01 
-3.939080e-02 -4.311592e-01 
-2.930767e-02 -4.615906e-01 
-2.512476e-02 -4.442883e-01 
-1.780538e-02 -3.910872e-01 
-2.378749e-02 -8.390661e-03 
1.376653e-02 -6.188155e-02 
1.065808e-03 -1.094275e-01 
-6.020124e-03 -9.291160e-02 
-3.046891e-03 -5.688848e-02 
-3.013947e-04 -1.010271e-02 
1.827021e-03 3.980602e-02 
5.992085e-01 -2.305656e-03 
5.707936e-02 1.833985e-01 
-4.077838e-02 2.673765e-01 
2.009236e-02 3.465783e-01 
2.879145e-02 4.114100e-01 
2.590536e-02 4.453309e-01 
2.177644e-02 4.444907e-01 
6.276333e-01 -7.003900e-02 
6.665122e-02 -2.749848e-01 
4.160661e-02 -4.133403e-01 
-3.067179e-02 -4.396709e-01 
-2.481571e-02 -4.432996e-01 
-2.359760e-02 -4.222447e-01 
-1.962605e-02 -3.987798e-01 
-3.952080e-02 -8.124605e-02 
4.985600e-03 -1.717425e-01 
-9.551422e-03 -1.887240e-01 
-5.010375e-03 -1.043854e-01 
-3.058047e-04 -1.231954e-02 
4.657041e-03 8.947543e-02 
9.628896e-03 1.965091e-01 
3.954627e-01 -2.438430e-03 
7.647571e-02 1.290440e-01 
-8.564308e-03 1.530652e-01 
5.198493e-03 1.750142e-01 
1.102463e-02 2.207219e-01 
1.376683e-02 2.845908e-01 
1.947280e-02 3.760188e-01 
7.335111e-01 -8.015342e-02 
-3.084331e-02 -2.351047e-01 
3.386414e-02 -4.162746e-01 
-3.006846e-02 -5.231599e-01 
-2.478676e-02 -5.697093e-01 
-2.778816e-02 -5.586000e-01 
-2.500005e-02 -5.080074e-01 
5.246286e-01 8.765401e-02 
-8.343394e-02 1.761196e-01 
-2.312535e-02 2.747716e-01 
5.410232e-03 3.870542e-01 
2.348799e-02 4.902297e-01 
2.674474e-02 5.722083e-01 
3.223053e-02 6.314362e-01 
7.048813e-01 -4.294146e-05 
1.981856e-01 -2.663244e-01 
3.364953e-02 -3.751580e-01 
-9.359339e-03 -4.046056e-01 
-1.319358e-02 -4.114507e-01 
-1.722360e-02 -3.960923e-01 
-1.900081e-02 -3.678697e-01 
6.780064e-02 -1.349934e-02 
-8.180777e-03 5.764213e-04 
3.145112e-03 -2.281168e-02 
-8.638162e-04 -5.273138e-02 
-2.594043e-03 -7.182949e-02 
-3.708678e-03 -8.476379e-02 
-4.424072e-03 -8.934405e-02 
5.342430e-01 1.442640e-01 
-3.006829e-03 2.990543e-01 
9.762278e-04 3.647123e-01 
2.738977e-04 3.727198e-01 
1.287787e-02 3.920359e-01 
1.599765e-02 4.159672e-01 
2.301511e-02 4.541173e-01 
8.653422e-01 -9.981734e-02 
1.712250e-01 -3.970371e-01 
5.037636e-03 -5.092234e-01 
-5.950905e-03 -5.179417e-01 
-9.301572e-03 -5.031547e-01 
-1.574535e-02 -4.554049e-01 
-1.963767e-02 -3.880312e-01 
1.055183e-01 -1.432660e-01 
-2.480216e-02 -1.800836e-01 
-4.528877e-03 -1.761895e-01 
-3.539385e-05 -1.282909e-01 
-1.964587e-03 -9.445358e-02 
-2.427532e-03 -7.126741e-02 
-3.561936e-03 -6.669554e-02 
4.868542e-01 7.147486e-02 
6.471245e-02 2.253545e-01 
1.234931e-02 3.077853e-01 
-6.789622e-03 3.589658e-01 
7.973206e-03 3.956203e-01 
1.392286e-02 4.225546e-01 
2.254143e-02 4.447338e-01 
9.376728e-01 -1.548827e-01 
3.525590e-02 -3.757408e-01 
-2.775784e-02 -4.644034e-01 
2.972364e-03 -4.696251e-01 
-4.189445e-03 -4.579206e-01 
-1.130863e-02 -4.152094e-01 
-1.567104e-02 -3.493350e-01 
