poroelastic
-3.657925e-02 2.255054e-01 
-2.650049e-02 3.107221e-01 
-6.682133e-03 2.505210e-01 
1.813483e-03 8.794868e-02 
-4.180776e-05 -2.337586e-03 
-9.417607e-04 -3.999982e-02 
5.284353e-04 2.211789e-02 
1.103530e-01 -2.704059e-01 
-1.334385e-02 5.185472e-02 
-1.635885e-02 1.573251e-01 
1.979270e-03 8.699145e-02 
1.476817e-03 6.553349e-02 
1.508283e-03 7.245925e-02 
2.954479e-03 1.601275e-01 
-2.255642e-01 5.040024e-01 
-2.271222e-02 4.989383e-01 
1.249548e-02 2.924979e-01 
1.734230e-03 1.804636e-02 
-2.499783e-03 -1.567196e-01 
-3.568203e-03 -2.424328e-01 
-2.806724e-03 -2.022419e-01 
1.851011e-02 1.523272e-01 
-2.582922e-02 2.791270e-01 
-7.584234e-03 2.441818e-01 
1.190609e-03 1.014489e-01 
2.045385e-04 1.746086e-02 
-2.149097e-04 -1.423608e-02 
3.765086e-04 2.654425e-02 
8.459638e-02 -3.520160e-01 
1.172606e-02 -9.726809e-02 
-1.600111e-02 7.094250e-02 
-9.552494e-04 9.988396e-02 
1.056343e-03 1.374843e-01 
1.846022e-03 1.837897e-01 
3.039630e-03 2.400075e-01 
-7.560655e-02 4.565001e-01 
4.365555e-03 3.690550e-01 
1.468201e-02 1.754337e-01 
2.267163e-03 -4.865654e-02 
-7.701582e-04 -1.962778e-01 
-1.993807e-03 -2.724655e-01 
-2.906992e-03 -2.846161e-01 
2.518332e-02 -5.692348e-02 
-1.095071e-02 7.979081e-02 
-3.520511e-03 9.632520e-02 
1.389672e-04 5.242819e-02 
6.396598e-05 2.386630e-02 
2.710432e-05 1.055958e-02 
1.780022e-04 2.093797e-02 
5.064412e-03 -4.131876e-01 
2.307884e-02 -2.026114e-01 
-7.289355e-03 1.340060e-02 
-2.830723e-03 1.225623e-01 
-3.320543e-04 1.787526e-01 
4.881684e-04 1.886910e-01 
1.349421e-03 1.702935e-01 
-7.470242e-02 4.155510e-01 
-3.251712e-03 3.167528e-01 
5.634056e-03 1.928970e-01 
2.962694e-03 4.615900e-02 
1.845967e-03 -1.004995e-01 
4.354760e-04 -2.406950e-01 
-2.469971e-03 -3.663984e-01 
5.634338e-02 -2.238695e-01 
-1.612501e-02 -5.849540e-02 
-5.522980e-03 5.798865e-02 
-2.173909e-03 1.423391e-01 
-1.043563e-03 1.628801e-01 
-5.108267e-05 1.366157e-01 
2.873889e-04 5.402487e-02 
-1.982619e-01 -4.912603e-01 
4.305133e-04 -3.674170e-01 
2.267722e-03 -1.227106e-01 
-3.384225e-03 5.381038e-02 
-1.859865e-03 1.412212e-01 
-4.738677e-04 1.623749e-01 
5.537147e-04 9.247796e-02 
5.425781e-02 4.021876e-01 
-1.699373e-02 2.402293e-01 
2.617157e-03 1.082341e-01 
8.022822e-03 -5.640238e-02 
6.093711e-03 -1.976343e-01 
3.179159e-03 -3.089752e-01 
-2.969864e-03 -4.309781e-01 
2.204657e-01 -2.586769e-01 
-3.121402e-02 1.594678e-02 
-6.085142e-04 1.562267e-01 
-1.170906e-02 1.981241e-01 
-6.156654e-03 2.395944e-01 
-2.756861e-03 2.758146e-01 
1.920154e-03 2.738879e-01 
-3.679080e-01 6.009507e-01 
-5.251363e-02 5.990000e-01 
-7.339628e-03 3.532849e-01 
5.511064e-03 5.787916e-02 
5.665702e-03 -1.275632e-01 
3.068174e-03 -2.191530e-01 
-1.528231e-03 -2.340506e-01 
-1.425136e-01 4.138551e-01 
1.089927e-02 3.085179e-01 
-5.129373e-03 2.151463e-01 
4.501069e-04 4.889292e-02 
1.560352e-03 -4.546428e-02 
5.267153e-04 -7.256220e-02 
-1.235621e-04 -1.804006e-02 
4.593360e-03 -3.278876e-01 
4.735430e-03 -1.053050e-01 
4.767012e-03 1.496246e-02 
-6.878595e-03 4.312002e-02 
-4.520812e-03 6.981662e-02 
-3.174411e-03 1.116608e-01 
1.125908e-03 1.963734e-01 
-2.548235e-01 4.595418e-01 
-2.702352e-02 3.787756e-01 
-7.530883e-03 2.110088e-01 
2.260417e-03 6.697592e-02 
4.439967e-03 -6.008175e-02 
3.020474e-03 -1.365071e-01 
-5.870682e-04 -1.396318e-01 
-6.347812e-02 1.719543e-01 
1.595928e-02 9.935629e-02 
1.437282e-03 1.175011e-01 
-6.625739e-03 1.266564e-01 
-2.171227e-03 8.556443e-02 
-2.209687e-04 3.569289e-02 
-3.544522e-05 -7.108054e-03 
-1.362281e-01 -3.896932e-01 
2.437973e-04 -2.265385e-01 
3.966050e-03 -4.368516e-02 
-4.248650e-03 7.169494e-02 
-1.963157e-03 8.168430e-02 
1.225852e-04 3.816875e-02 
-1.393034e-04 -3.663848e-02 
-3.130187e-01 3.771926e-01 
-1.179770e-02 2.463813e-01 
4.139820e-04 1.601510e-01 
-7.203730e-03 1.510805e-01 
-1.522058e-03 8.111252e-02 
9.092135e-04 2.525044e-03 
-2.197424e-05 -6.165535e-02 
