poroelastic
7.418662e-03 -1.634810e-01 
-8.661477e-03 -2.185729e-01 
-2.276382e-02 -1.367609e-01 
4.024634e-03 4.596778e-02 
1.103134e-02 1.265852e-01 
1.102819e-02 1.324237e-01 
5.205415e-03 6.515493e-02 
7.001212e-01 5.645211e-01 
-1.526884e-02 4.858392e-01 
-3.470853e-02 4.043841e-01 
3.564647e-02 4.010860e-01 
2.927316e-02 3.383504e-01 
1.938502e-02 2.415892e-01 
9.021157e-03 1.230220e-01 
7.604230e-01 -6.128377e-01 
1.014809e-01 -6.223126e-01 
1.559828e-02 -4.677864e-01 
-2.422225e-02 -2.798690e-01 
-1.570377e-02 -1.867858e-01 
-1.232079e-02 -1.579180e-01 
-1.249273e-02 -1.831927e-01 
4.498330e-03 3.169809e-02 
-1.092681e-02 -5.459006e-02 
-1.265796e-02 -3.690389e-02 
4.977720e-03 5.229701e-02 
6.586173e-03 8.218726e-02 
6.135813e-03 8.212190e-02 
4.802576e-03 6.987023e-02 
7.702650e-01 5.739066e-01 
6.585410e-02 5.935278e-01 
-1.861995e-02 4.682545e-01 
3.004038e-02 4.010511e-01 
2.579256e-02 3.271213e-01 
1.936122e-02 2.621063e-01 
1.599348e-02 2.390646e-01 
6.015896e-01 -5.957690e-01 
4.533294e-02 -4.989599e-01 
8.030824e-03 -3.659213e-01 
-1.898012e-02 -2.373789e-01 
-1.279163e-02 -1.708184e-01 
-1.014767e-02 -1.446434e-01 
-7.629186e-03 -1.194557e-01 
5.335919e-02 3.173764e-01 
-6.035933e-03 2.015572e-01 
6.786489e-03 1.375890e-01 
4.489870e-03 6.852607e-02 
-3.055065e-04 -6.398808e-04 
-3.567643e-03 -5.270236e-02 
-3.034534e-03 -4.885309e-02 
9.138613e-01 6.730002e-01 
1.489996e-01 7.733696e-01 
5.155683e-03 5.808786e-01 
2.572804e-02 3.963968e-01 
1.993380e-02 2.845606e-01 
1.591066e-02 2.389247e-01 
1.766214e-02 2.864124e-01 
5.161587e-01 -6.065675e-01 
7.841882e-04 -4.191050e-01 
1.205101e-03 -3.427771e-01 
-1.964601e-02 -2.921251e-01 
-1.377436e-02 -2.157429e-01 
-7.333488e-03 -1.188580e-01 
1.346889e-03 2.232234e-02 
1.115319e-01 5.507003e-01 
7.854952e-03 3.612198e-01 
1.563052e-02 1.932700e-01 
-2.377355e-03 -3.029302e-02 
-8.559698e-03 -1.392677e-01 
-9.413462e-03 -1.565645e-01 
-3.705290e-03 -6.252603e-02 
1.050382e+00 8.434187e-01 
2.325760e-01 1.068833e+00 
3.744581e-02 7.792430e-01 
1.980710e-02 3.719184e-01 
8.504936e-03 1.496817e-01 
3.520137e-03 6.232260e-02 
6.255977e-03 1.038607e-01 
2.805833e-01 -5.374994e-01 
-2.566680e-02 -1.799649e-01 
2.010161e-05 -1.352441e-01 
-8.772690e-03 -1.737969e-01 
-7.308204e-03 -1.347851e-01 
-3.613930e-03 -6.199146e-02 
1.245188e-03 2.077185e-02 
4.094940e-01 6.418830e-01 
-6.807204e-03 5.169427e-01 
1.401130e-02 4.067206e-01 
1.129772e-02 2.520990e-01 
7.425265e-03 1.422991e-01 
3.446769e-03 5.972861e-02 
-1.668422e-03 -2.794994e-02 
9.790967e-01 -7.718059e-01 
1.288960e-01 -7.488266e-01 
-3.671013e-03 -4.666223e-01 
-7.815108e-03 -2.753321e-01 
-6.361540e-03 -1.659031e-01 
-6.492101e-03 -1.410487e-01 
-1.443693e-02 -2.333512e-01 
-5.140016e-02 -3.607126e-01 
1.477833e-02 -2.513312e-02 
3.295759e-03 1.162518e-01 
4.071861e-03 1.542127e-01 
6.910756e-03 1.529213e-01 
5.979076e-03 1.070639e-01 
-3.026749e-04 -4.847481e-03 
6.774729e-01 7.068507e-01 
5.667672e-02 7.409697e-01 
2.803646e-02 6.209235e-01 
1.122306e-02 4.163508e-01 
1.079220e-02 2.689200e-01 
7.977198e-03 1.651006e-01 
6.315768e-03 1.043392e-01 
9.869771e-01 -6.904397e-01 
8.270547e-02 -5.797060e-01 
-1.640758e-02 -4.172580e-01 
-6.038222e-03 -4.063357e-01 
-1.198470e-02 -3.623089e-01 
-1.382677e-02 -3.038438e-01 
-1.276519e-02 -2.125002e-01 
-1.728757e-02 -1.110670e-01 
1.173255e-02 1.457949e-01 
4.270125e-03 1.273116e-01 
-2.339893e-05 -2.376529e-02 
-3.210906e-03 -7.209818e-02 
-3.224853e-03 -5.029843e-02 
3.908647e-03 6.354378e-02 
8.099073e-01 7.986538e-01 
1.412140e-01 9.224512e-01 
4.074092e-02 7.196805e-01 
5.961978e-03 3.999186e-01 
5.802514e-03 2.170412e-01 
5.074286e-03 1.407429e-01 
1.110692e-02 1.838011e-01 
8.507747e-01 -7.995520e-01 
-1.913589e-02 -4.211508e-01 
-2.615727e-02 -2.399051e-01 
2.872896e-03 -2.687846e-01 
-4.988855e-03 -2.579907e-01 
-8.605771e-03 -2.353532e-01 
-1.105662e-02 -1.954133e-01 
