poroelastic
-1.985187e-02 2.092739e-01 
-5.186235e-03 2.992604e-01 
1.069327e-02 2.187109e-01 
-1.813957e-03 7.623186e-03 
-4.572607e-03 -8.271372e-02 
-3.081294e-03 -8.968095e-02 
-2.717885e-04 -1.282882e-02 
-1.304381e+00 -6.691036e-01 
4.284184e-02 -6.425016e-01 
6.016324e-02 -6.431203e-01 
-6.424152e-02 -7.239242e-01 
-4.047067e-02 -6.972313e-01 
-2.306617e-02 -5.963915e-01 
-7.081770e-03 -4.209151e-01 
-1.112279e+00 6.719478e-01 
-1.824916e-01 7.949132e-01 
-3.278191e-02 6.565748e-01 
4.002593e-02 4.641546e-01 
2.509940e-02 3.981834e-01 
1.776736e-02 4.295416e-01 
7.360787e-03 5.694292e-01 
-1.588913e-02 -6.633408e-02 
1.665468e-02 1.683213e-02 
9.726434e-03 -3.105978e-02 
-1.107474e-02 -1.472854e-01 
-6.997185e-03 -1.670553e-01 
-3.247946e-03 -1.264249e-01 
-2.303701e-04 -1.718509e-02 
-1.354691e+00 -6.190441e-01 
-9.883609e-02 -7.328453e-01 
2.764607e-02 -6.962201e-01 
-4.954432e-02 -7.130453e-01 
-3.352711e-02 -6.822115e-01 
-2.033767e-02 -6.240863e-01 
-7.159723e-03 -5.378369e-01 
-9.903830e-01 6.753021e-01 
-1.059353e-01 7.451619e-01 
-1.659835e-02 6.497498e-01 
3.426747e-02 5.085357e-01 
1.992690e-02 4.337183e-01 
1.284578e-02 4.092342e-01 
5.019427e-03 4.426041e-01 
-5.037546e-02 -2.657824e-01 
6.915956e-03 -1.180653e-01 
-1.216762e-03 -8.797248e-02 
-3.365948e-03 -9.363508e-02 
-8.544833e-04 -5.553139e-02 
7.255227e-04 1.413342e-03 
7.195046e-04 7.625429e-02 
-1.422465e+00 -6.264489e-01 
-2.189100e-01 -8.457103e-01 
-8.468861e-03 -7.638042e-01 
-3.728632e-02 -7.048779e-01 
-2.459240e-02 -6.377331e-01 
-1.465967e-02 -5.744162e-01 
-5.370067e-03 -5.232584e-01 
-8.831836e-01 7.113467e-01 
-1.678700e-02 7.058763e-01 
2.980931e-04 6.487937e-01 
2.604738e-02 5.361937e-01 
1.392611e-02 4.450225e-01 
8.059607e-03 3.652036e-01 
2.698033e-03 2.871458e-01 
-9.842982e-02 -4.317848e-01 
1.580407e-03 -1.922072e-01 
-1.949096e-03 -6.834475e-02 
1.100178e-03 2.234602e-02 
1.205052e-03 6.352801e-02 
3.466521e-04 4.777223e-02 
-4.492014e-04 -5.499010e-02 
-1.398111e+00 -7.447524e-01 
-3.107460e-01 -1.061360e+00 
-4.381936e-02 -8.532115e-01 
-1.871411e-02 -5.694623e-01 
-1.000322e-02 -3.971889e-01 
-6.063353e-03 -3.264993e-01 
-3.807455e-03 -3.935358e-01 
-6.884053e-01 6.314824e-01 
7.193208e-02 4.259037e-01 
1.113835e-02 4.178800e-01 
1.424863e-02 4.376735e-01 
8.056096e-03 4.351383e-01 
6.145492e-03 4.117498e-01 
3.349349e-03 3.465028e-01 
-8.309711e-01 -6.334071e-01 
5.275066e-02 -5.276915e-01 
-2.854850e-02 -5.580051e-01 
-1.007250e-02 -5.708542e-01 
-8.099081e-03 -5.284589e-01 
-5.819692e-03 -4.594970e-01 
-3.970616e-03 -3.793500e-01 
-1.298511e+00 8.242581e-01 
-2.150544e-01 9.728696e-01 
6.471820e-03 7.031368e-01 
4.267636e-03 4.453933e-01 
2.762969e-03 3.317014e-01 
3.335330e-03 3.287584e-01 
5.233139e-03 4.389884e-01 
2.296010e-02 4.267414e-01 
-1.598000e-02 7.596353e-02 
-6.379579e-03 -9.547630e-02 
-7.882115e-04 -1.777746e-01 
-1.437519e-03 -1.715836e-01 
-1.119021e-03 -9.613943e-02 
6.917479e-04 5.563934e-02 
-1.051087e+00 -7.267993e-01 
-6.726724e-02 -8.051241e-01 
-4.987662e-02 -7.872372e-01 
2.787133e-03 -6.634567e-01 
-1.459212e-03 -5.493539e-01 
-2.829773e-03 -4.423206e-01 
-4.177589e-03 -3.388199e-01 
-1.348580e+00 7.348388e-01 
-1.532617e-01 8.152940e-01 
3.891241e-02 6.738010e-01 
-3.925813e-03 6.262802e-01 
-2.377334e-03 5.783802e-01 
1.608670e-03 5.393699e-01 
6.130848e-03 5.248577e-01 
-2.231511e-02 2.102582e-01 
4.255872e-03 -2.899263e-02 
3.379850e-03 -6.465293e-02 
-1.198753e-03 2.129004e-02 
-5.068215e-04 5.226786e-02 
5.028874e-05 6.151164e-02 
9.022420e-04 7.305708e-02 
-1.159071e+00 -7.312888e-01 
-1.916264e-01 -9.307399e-01 
-6.915118e-02 -8.650709e-01 
1.105490e-02 -6.595104e-01 
4.144499e-03 -5.344845e-01 
-1.159668e-04 -4.589010e-01 
-4.672706e-03 -4.033439e-01 
-1.295902e+00 8.216186e-01 
1.379664e-02 6.884756e-01 
6.491714e-02 5.373759e-01 
-1.467876e-02 5.240391e-01 
-7.983304e-03 4.869445e-01 
-2.311928e-03 4.432661e-01 
3.555621e-03 4.270294e-01 
