poroelastic
-3.340112e-02 2.098660e-01 
-1.893933e-02 2.771182e-01 
1.757572e-03 2.023299e-01 
1.209844e-03 3.599523e-02 
-1.497154e-03 -3.265107e-02 
-1.222470e-03 -4.072700e-02 
2.266959e-04 9.617445e-03 
-1.451835e-02 -2.769703e-01 
-5.694830e-03 -1.795772e-02 
-6.716954e-03 5.773681e-02 
1.330267e-03 -5.569628e-03 
1.903839e-03 7.803375e-03 
2.603641e-03 5.067330e-02 
2.078871e-03 1.140793e-01 
-2.335621e-01 5.007777e-01 
-1.412087e-02 4.615751e-01 
1.826973e-02 2.481987e-01 
-4.731553e-03 -2.729835e-03 
-6.431447e-03 -1.336786e-01 
-5.618080e-03 -1.840635e-01 
-2.334415e-03 -1.624416e-01 
5.984036e-03 1.024766e-01 
-1.199282e-02 1.971612e-01 
1.649716e-03 1.466009e-01 
4.472136e-04 2.196988e-02 
-9.526909e-04 -2.613655e-02 
-7.252710e-04 -3.066806e-02 
7.592009e-05 4.269195e-03 
9.989900e-03 -3.652308e-01 
1.798883e-03 -1.431202e-01 
-1.625047e-02 6.389175e-03 
3.753306e-03 4.884867e-02 
6.272730e-03 1.128936e-01 
5.728750e-03 1.721217e-01 
3.877657e-03 2.179195e-01 
-8.318221e-02 4.367905e-01 
1.020516e-02 3.315008e-01 
1.878149e-02 1.461521e-01 
-5.354804e-03 -3.969822e-02 
-5.548801e-03 -1.542953e-01 
-5.857089e-03 -2.198288e-01 
-4.055437e-03 -2.496169e-01 
1.736167e-03 -1.044305e-01 
-3.459151e-03 8.430702e-04 
-1.284170e-03 2.111033e-02 
7.996210e-04 1.842272e-02 
5.951017e-04 2.169160e-02 
4.016820e-04 1.958107e-02 
1.816084e-05 1.133137e-03 
-7.618098e-02 -4.482653e-01 
6.764040e-03 -2.671012e-01 
-1.041568e-02 -4.936056e-02 
2.300137e-03 9.308007e-02 
5.442054e-03 1.702886e-01 
4.361873e-03 1.845852e-01 
2.320226e-03 1.264999e-01 
-8.747467e-03 3.660554e-01 
8.734634e-03 2.218711e-01 
1.339781e-02 1.014948e-01 
-1.580749e-03 5.648424e-03 
-2.393274e-03 -1.025618e-01 
-5.143700e-03 -2.193363e-01 
-6.732602e-03 -3.635862e-01 
-3.744396e-03 -3.056868e-01 
-1.016610e-02 -1.735275e-01 
-6.048100e-03 -5.918232e-02 
1.968082e-03 8.209418e-02 
2.719362e-03 1.457108e-01 
2.699592e-03 1.484801e-01 
1.341170e-03 7.358533e-02 
-2.841917e-01 -5.322068e-01 
-2.153322e-02 -4.601838e-01 
-3.394301e-03 -2.212034e-01 
-1.405374e-03 8.377630e-03 
1.886888e-03 1.287812e-01 
2.785208e-03 1.677017e-01 
2.546663e-03 1.224996e-01 
1.598123e-01 3.344808e-01 
-1.444219e-02 1.138502e-01 
1.001320e-02 -1.709706e-02 
-1.206028e-03 -1.177744e-01 
-7.110089e-04 -2.240759e-01 
-4.871138e-03 -3.228685e-01 
-8.408304e-03 -4.172527e-01 
1.983721e-01 -2.986278e-01 
-3.482986e-02 -6.170224e-02 
-3.229015e-03 9.107415e-02 
-5.226999e-03 2.077734e-01 
2.632501e-03 2.806367e-01 
4.261959e-03 3.178469e-01 
7.138752e-03 3.268146e-01 
-2.767814e-01 5.129504e-01 
-2.518033e-02 4.676816e-01 
3.494319e-03 2.506884e-01 
3.635662e-03 4.263246e-02 
1.725392e-03 -1.044296e-01 
-1.783960e-03 -1.938384e-01 
-4.787919e-03 -2.144537e-01 
-6.672407e-02 3.319705e-01 
3.418822e-03 1.952674e-01 
2.305504e-04 1.128865e-01 
1.873527e-03 1.006420e-02 
4.201847e-04 -5.880180e-02 
-9.977919e-04 -9.445808e-02 
-1.731013e-03 -7.985143e-02 
6.844221e-03 -3.253433e-01 
6.932992e-04 -1.437932e-01 
3.266800e-03 -1.376800e-02 
-5.481549e-03 6.684250e-02 
-1.317317e-03 1.161351e-01 
4.803749e-04 1.493773e-01 
4.204645e-03 1.863352e-01 
-1.317098e-01 3.875254e-01 
-9.825317e-04 2.564985e-01 
-1.291471e-03 9.388195e-02 
3.146379e-03 1.070106e-02 
2.967291e-03 -7.221913e-02 
2.289109e-04 -1.333433e-01 
-3.611446e-03 -1.629602e-01 
-9.557578e-03 1.025066e-01 
4.545971e-04 -1.702205e-02 
3.394071e-04 7.842570e-04 
-2.975582e-04 5.704055e-02 
8.845708e-04 4.629425e-02 
8.928138e-04 -3.337656e-04 
-1.827300e-03 -7.481687e-02 
-1.036764e-01 -3.854956e-01 
1.314166e-05 -2.573777e-01 
4.665352e-03 -6.953777e-02 
-4.679988e-03 8.594977e-02 
-9.639064e-04 1.304513e-01 
9.344046e-04 1.028727e-01 
4.028655e-04 1.776503e-02 
-1.455535e-01 3.367727e-01 
-1.029650e-03 1.297858e-01 
-1.267011e-03 3.178955e-02 
4.665075e-04 5.302136e-02 
1.538124e-03 1.660983e-02 
1.042538e-03 -3.690031e-02 
-1.799869e-03 -9.911404e-02 
