poroelastic
-3.768997e-02 2.191576e-01 
-2.751915e-02 2.990931e-01 
-7.624983e-03 2.452017e-01 
1.907006e-03 9.083717e-02 
2.225772e-04 1.081185e-02 
-3.013878e-04 -1.629678e-02 
2.356702e-04 1.295657e-02 
4.828268e-02 -2.936601e-01 
-9.806114e-03 1.336745e-02 
-1.197673e-02 1.208911e-01 
1.938341e-03 5.830526e-02 
1.385899e-03 4.773197e-02 
1.330763e-03 6.324239e-02 
1.401404e-03 1.097525e-01 
-2.399541e-01 5.025442e-01 
-2.564361e-02 4.836116e-01 
1.053267e-02 2.797760e-01 
1.492257e-04 2.078147e-02 
-2.558939e-03 -1.333514e-01 
-2.668873e-03 -2.032667e-01 
-1.557152e-03 -1.863915e-01 
1.386786e-02 1.168874e-01 
-2.068865e-02 2.295459e-01 
-5.356765e-03 1.968074e-01 
9.283501e-04 7.261110e-02 
9.078320e-05 8.108544e-03 
-1.174157e-04 -1.297917e-02 
1.450767e-04 1.572004e-02 
7.350860e-02 -3.766569e-01 
1.055925e-02 -1.268087e-01 
-1.664347e-02 5.018802e-02 
1.889471e-04 1.033261e-01 
1.882826e-03 1.563363e-01 
1.940909e-03 2.003614e-01 
1.919310e-03 2.364391e-01 
-1.041373e-01 4.380882e-01 
-1.056974e-03 3.555051e-01 
1.132743e-02 1.860290e-01 
6.940146e-04 -4.553060e-03 
-8.258973e-04 -1.410193e-01 
-1.423946e-03 -2.310387e-01 
-1.680238e-03 -2.817442e-01 
1.998412e-02 -8.732931e-02 
-9.223993e-03 4.085860e-02 
-3.497026e-03 7.849345e-02 
3.280027e-04 7.043697e-02 
1.868545e-04 5.192970e-02 
1.079368e-04 2.371361e-02 
-8.780976e-05 -1.878806e-02 
-1.843534e-02 -4.647022e-01 
2.204687e-02 -2.530663e-01 
-7.558602e-03 -9.562754e-03 
-2.309045e-03 1.425967e-01 
7.534626e-05 2.127265e-01 
4.757015e-04 2.136328e-01 
6.983067e-04 1.435742e-01 
-4.235657e-02 3.807028e-01 
-3.995457e-04 2.562943e-01 
6.242085e-03 1.511663e-01 
2.001963e-03 4.872083e-02 
1.546161e-03 -8.285794e-02 
5.388100e-04 -2.288154e-01 
-1.668525e-03 -3.959036e-01 
2.347540e-02 -2.885306e-01 
-1.008847e-02 -1.294383e-01 
-4.047637e-03 -7.647203e-04 
-1.759234e-03 1.306946e-01 
-1.009556e-03 1.686646e-01 
-1.317150e-04 1.387305e-01 
1.211270e-04 3.615058e-02 
-2.347119e-01 -5.490286e-01 
-2.180340e-03 -4.393679e-01 
3.153771e-03 -1.762883e-01 
-3.784153e-03 5.873941e-02 
-2.148977e-03 1.680287e-01 
-7.345517e-04 1.857988e-01 
5.764824e-04 1.199280e-01 
1.076298e-01 3.503231e-01 
-1.977827e-02 1.540453e-01 
3.538265e-03 3.931458e-02 
7.383490e-03 -6.550565e-02 
6.115155e-03 -1.934631e-01 
3.205413e-03 -3.212504e-01 
-2.611402e-03 -4.378033e-01 
2.320763e-01 -2.948392e-01 
-3.159187e-02 -3.712065e-02 
8.859450e-04 1.310413e-01 
-1.373128e-02 2.421685e-01 
-6.761889e-03 2.969404e-01 
-2.955845e-03 3.093025e-01 
2.019724e-03 2.980453e-01 
-3.375964e-01 5.267393e-01 
-4.894614e-02 5.215695e-01 
-7.038245e-03 3.185966e-01 
3.622055e-03 9.699986e-02 
4.920169e-03 -7.458243e-02 
3.006918e-03 -1.931359e-01 
-1.657895e-03 -2.405936e-01 
-1.056025e-01 3.476373e-01 
6.994531e-03 2.445029e-01 
-4.480159e-03 1.757607e-01 
9.367455e-04 6.209901e-02 
2.069515e-03 -2.626380e-02 
1.295487e-03 -8.340183e-02 
-6.572312e-04 -8.702840e-02 
1.730389e-02 -3.316260e-01 
6.086926e-03 -1.367321e-01 
6.333559e-03 9.524400e-03 
-9.153961e-03 8.320549e-02 
-5.377885e-03 1.212644e-01 
-2.940188e-03 1.432539e-01 
1.180425e-03 1.674416e-01 
-1.952414e-01 4.136808e-01 
-1.685342e-02 3.152010e-01 
-6.547699e-03 1.619602e-01 
3.123521e-03 5.452424e-02 
4.854606e-03 -5.087827e-02 
3.472974e-03 -1.302339e-01 
-1.080431e-03 -1.801143e-01 
-3.441154e-02 1.289029e-01 
8.463444e-03 3.409363e-02 
9.702381e-04 5.858277e-02 
-4.133559e-03 9.472370e-02 
-9.590621e-04 7.236797e-02 
7.489780e-04 2.105157e-02 
-4.529419e-04 -6.100691e-02 
-1.206488e-01 -3.991809e-01 
3.158362e-03 -2.484005e-01 
6.213886e-03 -4.907135e-02 
-6.508898e-03 9.072405e-02 
-3.289333e-03 1.179344e-01 
-2.416648e-04 7.552262e-02 
-1.841356e-04 -2.874088e-02 
-2.519553e-01 3.454194e-01 
-6.885302e-03 1.728062e-01 
1.328807e-03 1.026642e-01 
-6.010787e-03 1.264816e-01 
-1.290570e-03 7.835969e-02 
1.026349e-03 9.569775e-03 
-2.119260e-04 -7.095055e-02 
