poroelastic
-1.595276e-02 1.976955e-01 
5.292916e-04 2.813846e-01 
1.551779e-02 1.941679e-01 
-5.310061e-03 -2.232686e-02 
-7.314597e-03 -1.079640e-01 
-4.523116e-03 -1.072892e-01 
-6.344323e-04 -2.752579e-02 
-1.246449e+00 -6.432553e-01 
4.447409e-02 -6.441178e-01 
5.993127e-02 -6.401859e-01 
-7.727675e-02 -7.139650e-01 
-4.975150e-02 -6.831494e-01 
-2.729415e-02 -5.782990e-01 
-7.660815e-03 -4.127238e-01 
-1.102658e+00 6.520391e-01 
-1.744289e-01 7.619941e-01 
-3.065688e-02 6.300888e-01 
5.127055e-02 4.394542e-01 
2.997243e-02 3.872229e-01 
2.144075e-02 4.251753e-01 
8.138199e-03 5.503125e-01 
-1.507807e-02 -7.085466e-02 
1.971099e-02 7.053854e-03 
1.121803e-02 -3.621194e-02 
-1.440354e-02 -1.527993e-01 
-9.190997e-03 -1.683565e-01 
-4.341147e-03 -1.254266e-01 
-5.786871e-04 -3.455502e-02 
-1.330050e+00 -6.063083e-01 
-8.894615e-02 -7.319402e-01 
2.977416e-02 -6.946612e-01 
-6.365267e-02 -7.133967e-01 
-4.451828e-02 -6.794995e-01 
-2.648874e-02 -6.159996e-01 
-9.397269e-03 -5.439524e-01 
-9.822064e-01 6.613997e-01 
-1.031013e-01 7.117709e-01 
-1.518478e-02 6.205325e-01 
4.484021e-02 4.820073e-01 
2.497520e-02 4.247127e-01 
1.680566e-02 4.132115e-01 
6.835697e-03 4.388224e-01 
-5.558283e-02 -2.770840e-01 
7.927990e-03 -1.371294e-01 
-2.363904e-03 -1.061741e-01 
-5.167956e-03 -1.075491e-01 
-1.295287e-03 -5.879214e-02 
1.053222e-03 6.631780e-03 
1.074560e-03 7.510218e-02 
-1.420207e+00 -6.289609e-01 
-2.112272e-01 -8.547460e-01 
-7.800520e-03 -7.726787e-01 
-4.956533e-02 -7.095801e-01 
-3.463580e-02 -6.389999e-01 
-2.085454e-02 -5.717386e-01 
-8.590424e-03 -5.240285e-01 
-8.681120e-01 7.050007e-01 
-1.826305e-02 6.754785e-01 
2.041418e-03 6.194050e-01 
3.538072e-02 5.151102e-01 
1.898455e-02 4.352137e-01 
1.175477e-02 3.604272e-01 
4.547972e-03 2.845896e-01 
-1.156157e-01 -4.564132e-01 
1.795720e-03 -2.222628e-01 
-3.880725e-03 -1.006245e-01 
8.958337e-04 6.139236e-03 
1.760071e-03 5.808294e-02 
7.652143e-04 4.846433e-02 
-6.698460e-04 -4.429229e-02 
-1.407183e+00 -7.651255e-01 
-3.138941e-01 -1.094813e+00 
-4.938396e-02 -8.855492e-01 
-2.715124e-02 -5.776850e-01 
-1.516384e-02 -3.946496e-01 
-9.209496e-03 -3.172039e-01 
-6.330960e-03 -3.652538e-01 
-6.730419e-01 6.229627e-01 
6.654328e-02 3.923042e-01 
1.108199e-02 3.833707e-01 
2.369607e-02 4.180262e-01 
1.327969e-02 4.228042e-01 
1.046038e-02 4.012011e-01 
5.850329e-03 3.585140e-01 
-8.367046e-01 -6.543153e-01 
5.264689e-02 -5.669741e-01 
-3.007799e-02 -5.900804e-01 
-1.937411e-02 -5.805132e-01 
-1.635744e-02 -5.346094e-01 
-1.092153e-02 -4.626459e-01 
-6.349033e-03 -3.594364e-01 
-1.295646e+00 8.159324e-01 
-2.118024e-01 9.515372e-01 
8.443910e-03 6.802920e-01 
1.288360e-02 4.387280e-01 
7.219863e-03 3.337747e-01 
7.371367e-03 3.345726e-01 
8.943344e-03 4.634966e-01 
4.101518e-02 4.120384e-01 
-1.745362e-02 5.188560e-02 
-7.212844e-03 -1.236949e-01 
-4.307955e-03 -1.950116e-01 
-3.697726e-03 -1.800356e-01 
-1.906721e-03 -9.825179e-02 
1.266091e-03 6.623126e-02 
-1.063527e+00 -7.389148e-01 
-6.781463e-02 -8.427112e-01 
-5.422523e-02 -8.205252e-01 
-8.691384e-03 -6.821043e-01 
-9.949314e-03 -5.580965e-01 
-7.840622e-03 -4.455648e-01 
-6.770322e-03 -3.418354e-01 
-1.344174e+00 7.446352e-01 
-1.544412e-01 8.148748e-01 
4.075123e-02 6.680833e-01 
8.683807e-03 6.226399e-01 
4.515961e-03 5.822045e-01 
7.425511e-03 5.422606e-01 
9.951883e-03 5.117339e-01 
-1.553750e-02 2.018029e-01 
8.956812e-04 -5.251986e-02 
1.471954e-03 -8.629863e-02 
-7.312360e-04 1.080856e-02 
2.569976e-04 5.511418e-02 
9.225915e-04 6.971272e-02 
1.294412e-03 6.276961e-02 
-1.160793e+00 -7.556419e-01 
-2.011027e-01 -9.788285e-01 
-7.437449e-02 -9.012036e-01 
-4.222950e-07 -6.797566e-01 
-3.966818e-03 -5.370612e-01 
-5.282318e-03 -4.508507e-01 
-8.041050e-03 -4.136858e-01 
-1.291714e+00 8.629395e-01 
1.690964e-02 6.819720e-01 
6.508401e-02 5.164615e-01 
-3.977936e-03 5.006804e-01 
-1.782230e-03 4.746144e-01 
2.533233e-03 4.387097e-01 
6.295068e-03 4.077121e-01 
