poroelastic
2.096964e-02 -1.347780e-01 
7.999144e-03 -2.210646e-01 
-1.301030e-02 -2.013765e-01 
-3.696213e-03 -5.062196e-02 
3.582623e-03 3.941439e-02 
6.209914e-03 7.899642e-02 
5.358988e-03 7.586991e-02 
8.663221e-01 6.166858e-01 
-4.568122e-02 5.422512e-01 
-6.768169e-02 4.386769e-01 
3.932577e-02 4.424556e-01 
3.770583e-02 4.298784e-01 
3.015957e-02 3.956959e-01 
2.228152e-02 3.484993e-01 
1.099979e+00 -5.518128e-01 
1.951419e-01 -7.059238e-01 
5.807055e-02 -6.544862e-01 
-4.528036e-02 -5.024202e-01 
-3.254975e-02 -4.227745e-01 
-2.714585e-02 -3.860596e-01 
-2.328171e-02 -3.938405e-01 
2.628667e-03 4.551700e-02 
-9.615673e-03 -6.402523e-02 
-1.530875e-02 -7.790242e-02 
2.104541e-03 1.478723e-02 
5.622791e-03 7.058829e-02 
7.176375e-03 1.020690e-01 
7.071183e-03 1.140052e-01 
1.057425e+00 6.032407e-01 
5.330019e-02 6.708511e-01 
-5.782850e-02 5.690713e-01 
3.712754e-02 5.366336e-01 
4.115770e-02 5.204550e-01 
3.573485e-02 5.103255e-01 
3.183505e-02 5.227595e-01 
1.049249e+00 -5.557361e-01 
1.292867e-01 -6.340623e-01 
5.070943e-02 -6.276279e-01 
-4.427393e-02 -5.553273e-01 
-3.368818e-02 -5.010862e-01 
-2.867240e-02 -4.463580e-01 
-2.222248e-02 -3.798192e-01 
-1.520953e-03 2.523196e-01 
1.352494e-02 7.575465e-02 
7.754543e-03 -2.944138e-02 
-5.635898e-03 -7.560569e-02 
-6.097248e-03 -9.433030e-02 
-4.880797e-03 -8.002351e-02 
-8.854961e-04 -1.521662e-02 
1.192938e+00 6.525780e-01 
1.565688e-01 8.075555e-01 
-2.690819e-02 6.508896e-01 
2.751791e-02 5.294134e-01 
3.298362e-02 4.870530e-01 
3.147818e-02 4.995859e-01 
3.474070e-02 5.832560e-01 
9.734193e-01 -6.443005e-01 
3.797641e-02 -6.431626e-01 
2.825672e-02 -6.699471e-01 
-3.884911e-02 -6.219838e-01 
-3.090220e-02 -5.266569e-01 
-2.314026e-02 -3.848394e-01 
-1.082349e-02 -1.824292e-01 
2.659830e-02 4.411719e-01 
1.719438e-02 1.712596e-01 
7.695255e-03 -1.643086e-02 
-9.090029e-03 -1.655492e-01 
-1.096553e-02 -1.931050e-01 
-6.911104e-03 -1.173497e-01 
5.510970e-03 9.314980e-02 
1.205187e+00 8.217388e-01 
2.362290e-01 1.061668e+00 
2.038375e-02 7.710571e-01 
1.485934e-02 4.027472e-01 
1.139272e-02 2.355646e-01 
1.122645e-02 2.199797e-01 
2.327388e-02 3.789034e-01 
8.261042e-01 -6.215296e-01 
-7.096353e-02 -3.998504e-01 
1.847106e-02 -4.836505e-01 
-2.496624e-02 -5.672552e-01 
-2.488114e-02 -5.353701e-01 
-2.305289e-02 -4.206441e-01 
-1.400375e-02 -2.305642e-01 
6.666632e-01 6.510713e-01 
-5.149246e-02 5.414935e-01 
-3.587654e-03 4.777221e-01 
7.270183e-03 4.155434e-01 
1.756664e-02 4.009865e-01 
2.075520e-02 4.119815e-01 
2.731197e-02 4.437585e-01 
1.503859e+00 -7.683331e-01 
2.738467e-01 -9.724174e-01 
1.959817e-02 -7.856119e-01 
-1.132556e-02 -6.015957e-01 
-1.633888e-02 -4.739766e-01 
-1.917620e-02 -4.012416e-01 
-2.531295e-02 -3.986170e-01 
6.455486e-02 -4.336737e-01 
-3.842936e-03 -1.037210e-01 
-4.949981e-04 3.998984e-03 
9.957393e-04 3.642849e-02 
2.275803e-03 4.575935e-02 
1.635437e-03 2.469717e-02 
-2.118152e-03 -3.337163e-02 
9.342694e-01 7.832083e-01 
4.470119e-02 8.533846e-01 
2.027036e-02 7.562394e-01 
3.288899e-03 5.667056e-01 
1.472505e-02 4.574018e-01 
1.773221e-02 4.049631e-01 
2.597123e-02 4.126887e-01 
1.598683e+00 -7.599989e-01 
1.966007e-01 -8.877587e-01 
-1.209402e-02 -8.150242e-01 
-5.258305e-03 -8.022741e-01 
-1.847342e-02 -7.136679e-01 
-2.502982e-02 -5.748576e-01 
-2.480455e-02 -3.935565e-01 
9.073403e-02 -2.646954e-01 
-2.015749e-02 -5.088632e-02 
-4.133519e-03 -9.031769e-02 
-1.407573e-03 -2.074672e-01 
-7.434977e-03 -1.942718e-01 
-6.251866e-03 -1.043336e-01 
3.781680e-03 5.744364e-02 
1.013905e+00 8.368512e-01 
1.569874e-01 9.975414e-01 
3.685086e-02 8.145882e-01 
-5.955985e-03 5.157558e-01 
6.147431e-03 3.852204e-01 
1.297401e-02 3.723407e-01 
3.053487e-02 4.745147e-01 
1.500672e+00 -8.557361e-01 
-6.529454e-03 -6.547291e-01 
-4.504308e-02 -5.580515e-01 
1.172699e-02 -6.174145e-01 
-7.809251e-03 -5.880802e-01 
-1.811376e-02 -5.130957e-01 
-2.458650e-02 -4.111007e-01 
