poroelastic
-2.686704e-03 -2.136707e-01 
-1.771316e-02 -2.673343e-01 
-2.430017e-02 -1.509945e-01 
3.789086e-03 4.017833e-02 
1.300881e-02 1.523662e-01 
1.675962e-02 2.086001e-01 
1.399311e-02 1.888352e-01 
4.079645e-03 9.728198e-02 
-4.588619e-04 3.408069e-02 
-2.878119e-03 -2.084202e-02 
-2.640318e-03 -6.313921e-02 
-5.840537e-04 -7.511122e-02 
-6.238422e-04 -6.094309e-02 
-2.625641e-04 -1.539092e-02 
7.808077e-04 6.476785e-02 
1.059953e-01 -1.989074e-01 
3.853990e-03 -2.586500e-02 
1.081340e-02 1.216354e-01 
1.216378e-02 1.658044e-01 
1.159147e-02 1.723020e-01 
7.921431e-03 1.366548e-01 
-2.816454e-03 5.650125e-02 
-1.221015e-02 -3.735023e-02 
-1.074575e-02 -1.069488e-01 
-1.012895e-02 -1.579023e-01 
-6.866874e-03 -1.669748e-01 
-1.113830e-03 -1.253270e-01 
-7.470473e-04 -8.865862e-02 
-3.314538e-04 -3.546468e-02 
2.131208e-04 2.232638e-02 
4.694306e-02 -1.224794e-01 
-2.275029e-02 -2.071716e-01 
-2.730936e-02 -1.486080e-01 
4.638269e-03 1.889864e-02 
1.259547e-02 1.296638e-01 
1.607392e-02 1.888424e-01 
1.780364e-02 1.896278e-01 
1.279139e-02 1.449389e-01 
6.765417e-03 1.069040e-01 
4.052596e-03 7.225477e-02 
2.227404e-03 4.320248e-02 
1.927265e-04 2.139618e-02 
2.349604e-05 5.065136e-03 
9.355893e-05 1.463110e-02 
5.005204e-04 7.027404e-02 
-2.346894e-02 -1.192017e-01 
-3.171340e-03 9.239063e-02 
1.585564e-02 2.275630e-01 
1.835099e-02 2.558633e-01 
1.430651e-02 2.243337e-01 
6.655482e-03 1.391268e-01 
-6.965884e-03 1.724973e-02 
-1.450667e-02 -9.210033e-02 
-1.180719e-02 -1.620748e-01 
-9.472604e-03 -1.850592e-01 
-5.167806e-03 -1.393295e-01 
-4.530855e-04 -5.276545e-02 
-1.565235e-04 -2.477593e-02 
-1.771034e-04 -2.695575e-02 
-5.644089e-04 -8.040880e-02 
1.567204e-01 -3.092122e-02 
-5.456826e-04 -9.152532e-02 
-1.283269e-02 8.153618e-03 
2.136654e-02 2.002495e-01 
2.563998e-02 3.138234e-01 
2.474132e-02 3.593349e-01 
1.537006e-02 2.961162e-01 
2.119665e-03 1.222833e-01 
-2.086447e-03 1.937576e-02 
-4.053238e-03 -4.977547e-02 
-3.720978e-03 -8.344131e-02 
-7.411619e-04 -6.450094e-02 
-4.346938e-04 -6.137856e-02 
-2.862735e-04 -5.130020e-02 
-1.080628e-04 -2.663427e-02 
-1.662429e-01 -1.045082e-02 
-1.128495e-02 8.862906e-02 
7.282022e-03 2.201059e-01 
2.394743e-02 2.710276e-01 
1.656806e-02 2.262289e-01 
8.805667e-03 1.476107e-01 
1.662665e-05 4.249063e-02 
-4.896831e-03 -7.255581e-02 
-3.644812e-03 -9.567244e-02 
-1.476099e-03 -6.772160e-02 
3.579095e-04 -8.855091e-03 
3.402658e-04 5.250065e-02 
2.452235e-04 5.805506e-02 
-7.888684e-06 1.408132e-02 
-2.659609e-04 -7.776678e-02 
3.408494e-01 1.833712e-01 
6.377242e-02 2.966011e-01 
2.077583e-02 3.161839e-01 
2.741461e-02 3.066123e-01 
1.786608e-02 2.597955e-01 
9.499199e-03 1.956833e-01 
-2.246056e-04 1.009640e-01 
-4.167200e-03 -2.092506e-02 
-4.348997e-03 -8.716468e-02 
-3.679152e-03 -1.028239e-01 
-2.055237e-03 -5.561300e-02 
-3.519198e-04 2.016234e-02 
-2.581917e-04 2.549770e-02 
-4.113438e-04 -2.257197e-02 
1.407435e-06 -1.481305e-01 
-1.039443e-01 1.553276e-01 
1.505715e-02 3.007706e-01 
2.249250e-02 3.385108e-01 
2.127943e-02 2.485275e-01 
1.117002e-02 1.686621e-01 
3.852407e-03 8.824271e-02 
-2.300856e-03 1.202271e-03 
-2.942375e-03 -5.189421e-02 
-2.204887e-03 -6.736596e-02 
-1.384963e-03 -6.907942e-02 
-3.227319e-05 -3.456073e-02 
2.860502e-04 2.888462e-02 
1.288081e-04 3.603616e-02 
-1.690785e-05 1.899522e-02 
4.121073e-06 -2.541925e-02 
3.860444e-01 1.049478e-01 
1.085866e-01 3.276576e-01 
3.429667e-02 3.843356e-01 
2.077327e-02 2.615273e-01 
9.643179e-03 1.628903e-01 
1.939566e-03 6.403065e-02 
-3.433159e-03 -3.213134e-02 
-3.286812e-03 -8.022701e-02 
-2.437274e-03 -9.521373e-02 
-1.179682e-03 -7.944143e-02 
6.984369e-04 -1.665264e-02 
8.631144e-04 6.976243e-02 
2.302941e-04 7.758007e-02 
-1.634446e-04 3.547984e-02 
1.411324e-04 -5.993714e-02 
6.748172e-02 1.509125e-01 
2.326590e-02 2.489354e-01 
2.676178e-02 2.685224e-01 
1.805368e-02 2.260318e-01 
9.908501e-03 1.700848e-01 
3.853475e-03 9.559640e-02 
-5.580294e-04 1.962713e-02 
-8.082644e-04 -1.453933e-02 
-1.150510e-03 -5.225190e-02 
-1.008115e-03 -6.951732e-02 
-5.902177e-05 -4.308602e-02 
3.937837e-04 2.511004e-03 
2.319755e-04 2.299737e-02 
2.382844e-05 3.504355e-02 
-1.097046e-04 2.027543e-02 
-1.040281e-01 1.844558e-01 
2.116339e-02 3.139543e-01 
1.534153e-02 2.697230e-01 
2.176453e-03 1.193771e-01 
-2.577870e-03 2.624466e-02 
-6.006020e-03 -3.663052e-02 
-7.646985e-03 -6.054485e-02 
-3.267489e-03 -2.030116e-02 
-1.979013e-03 -9.131692e-03 
-2.192615e-03 -1.561188e-02 
-3.222455e-03 -2.607712e-02 
-2.275885e-03 -4.537871e-02 
-1.281927e-03 -7.845672e-02 
-6.912031e-04 -1.145752e-01 
6.720834e-04 -1.766150e-01 
