poroelastic
6.508571e-02 -8.271678e-02 
6.346972e-02 -1.320028e-01 
3.498940e-02 -2.025489e-01 
-5.372141e-02 -3.097018e-01 
-4.538340e-02 -3.546906e-01 
-3.412319e-02 -3.343491e-01 
-1.865494e-02 -2.390634e-01 
-2.727181e-03 -7.082128e-02 
-3.213997e-04 6.408149e-02 
-5.331361e-03 1.449538e-01 
-1.034075e-02 1.359515e-01 
2.081243e-03 1.386336e-02 
4.701984e-03 -7.382722e-02 
5.401014e-03 -1.309720e-01 
3.850448e-03 -1.508932e-01 
-6.066344e-01 4.949105e-01 
-4.799605e-02 5.446096e-01 
2.332599e-02 3.693797e-01 
1.251144e-02 1.120042e-01 
-3.473626e-03 -4.389873e-02 
-6.770372e-03 -1.151793e-01 
5.595445e-04 -1.041750e-01 
6.533732e-03 -1.465599e-02 
4.566818e-03 6.695413e-02 
1.493695e-03 1.100154e-01 
-1.632409e-03 8.501874e-02 
5.619642e-04 -1.823459e-02 
1.293185e-03 -4.722697e-02 
-2.172330e-04 -1.189288e-02 
-2.513024e-03 9.753856e-02 
-2.865756e-01 -3.910722e-01 
3.754669e-02 -4.866720e-01 
-4.136569e-03 -4.973324e-01 
-7.260471e-02 -4.747519e-01 
-4.834029e-02 -4.167888e-01 
-3.029542e-02 -3.211182e-01 
-1.496199e-02 -1.883705e-01 
-3.392807e-03 -3.685417e-02 
-2.378790e-03 7.608103e-02 
-7.288207e-03 1.374340e-01 
-1.062521e-02 1.161010e-01 
2.984768e-03 -6.953679e-03 
5.562994e-03 -9.638515e-02 
6.291486e-03 -1.531036e-01 
4.797376e-03 -1.700640e-01 
-5.022307e-01 4.942658e-01 
-2.390097e-02 4.885623e-01 
2.042900e-02 3.595239e-01 
2.015300e-02 1.581267e-01 
4.902643e-03 3.164382e-02 
-1.758496e-04 -4.202481e-02 
3.069778e-03 -6.612644e-02 
5.928613e-03 -3.447566e-02 
4.850190e-03 1.612996e-02 
3.820421e-03 5.565950e-02 
1.395800e-03 6.093325e-02 
-1.728555e-03 1.818449e-02 
-1.182514e-03 1.154303e-02 
-1.790057e-03 3.625468e-02 
-2.556414e-03 9.807061e-02 
-6.901951e-01 -5.417881e-01 
-4.699427e-02 -7.259410e-01 
-3.284672e-02 -6.923591e-01 
-8.609994e-02 -5.785048e-01 
-4.945774e-02 -4.427644e-01 
-2.683097e-02 -2.936497e-01 
-1.191502e-02 -1.420289e-01 
-3.231887e-03 -1.360428e-02 
-3.075023e-03 8.073711e-02 
-7.661731e-03 1.333671e-01 
-1.090170e-02 1.192158e-01 
2.024796e-03 1.223360e-02 
5.273440e-03 -8.488580e-02 
7.148512e-03 -1.669770e-01 
6.888552e-03 -2.291170e-01 
-3.145320e-01 4.357101e-01 
1.336762e-03 3.618046e-01 
1.591956e-02 2.731062e-01 
2.308087e-02 1.538145e-01 
1.105842e-02 8.798061e-02 
6.197396e-03 4.166620e-02 
5.242102e-03 -2.911388e-03 
4.133618e-03 -4.026219e-02 
4.053979e-03 -3.168680e-02 
4.946553e-03 -5.795601e-03 
3.584814e-03 2.119169e-02 
-2.678234e-03 3.050277e-02 
-2.731885e-03 4.706716e-02 
-3.042553e-03 7.114621e-02 
-2.989706e-03 1.063648e-01 
-1.064538e+00 -6.640092e-01 
-1.945658e-01 -1.000908e+00 
-7.833065e-02 -9.084873e-01 
-8.941101e-02 -6.468276e-01 
-3.959792e-02 -3.925135e-01 
-1.425185e-02 -1.688681e-01 
-4.248267e-03 -1.003886e-02 
-2.542400e-03 3.634276e-02 
-3.314818e-03 7.268353e-02 
-6.401201e-03 9.533497e-02 
-8.737562e-03 8.753979e-02 
7.221166e-04 2.127054e-02 
3.894586e-03 -6.065817e-02 
6.463303e-03 -1.466215e-01 
7.753853e-03 -2.341731e-01 
-9.280931e-02 2.113698e-01 
4.525703e-03 1.398680e-01 
8.857767e-03 1.278010e-01 
2.325873e-02 1.360797e-01 
1.599911e-02 1.464633e-01 
1.081369e-02 1.299647e-01 
4.870613e-03 5.735442e-02 
1.664515e-03 -5.958902e-02 
3.311126e-03 -9.197215e-02 
5.790247e-03 -7.024138e-02 
4.220630e-03 -7.683230e-04 
-4.601023e-03 7.725600e-02 
-4.551672e-03 1.019195e-01 
-3.296578e-03 8.901520e-02 
-1.069544e-03 3.587684e-02 
-1.426885e+00 -8.232681e-01 
-3.735351e-01 -1.339122e+00 
-1.240435e-01 -1.109141e+00 
-5.766090e-02 -5.746144e-01 
-9.152418e-03 -1.511774e-01 
7.940829e-03 1.345334e-01 
3.560445e-03 2.262783e-01 
-4.296741e-03 6.158897e-02 
-3.204896e-03 -2.993205e-02 
-1.938006e-03 -5.525399e-02 
-2.147723e-03 -1.873498e-02 
-1.382166e-03 4.932051e-02 
-2.170144e-04 2.990960e-02 
2.887618e-03 -5.380095e-02 
6.793818e-03 -2.080118e-01 
-1.146537e-01 -4.993185e-01 
-6.418507e-02 -6.016360e-01 
-4.348959e-02 -4.803274e-01 
-1.643078e-03 -1.434236e-01 
1.077572e-02 7.367443e-02 
1.280357e-02 1.867987e-01 
6.639726e-03 1.797680e-01 
2.183440e-04 4.868452e-02 
3.766000e-04 -2.348257e-02 
1.975166e-03 -5.507690e-02 
2.801517e-03 -4.614484e-02 
-2.843807e-04 -3.963758e-03 
-1.372325e-03 2.647875e-02 
-1.851107e-03 4.540127e-02 
-1.576593e-03 4.887991e-02 
-4.075815e-01 1.085460e+00 
5.923393e-02 6.516740e-01 
1.083783e-02 1.933051e-01 
-1.701713e-02 -1.111472e-01 
-1.785643e-02 -2.465899e-01 
-1.137986e-02 -2.643630e-01 
1.338598e-03 -1.563520e-01 
4.155021e-03 3.403463e-02 
-1.389042e-04 1.451149e-01 
-4.805244e-03 1.858307e-01 
-7.326936e-03 1.392882e-01 
4.700004e-04 1.117559e-02 
3.305964e-03 -6.651033e-02 
4.000236e-03 -1.005533e-01 
2.696557e-03 -8.242512e-02 
