poroelastic
7.782634e-02 -1.180261e-01 
7.212029e-02 -1.648619e-01 
3.848256e-02 -1.965468e-01 
-6.375233e-02 -2.626037e-01 
-5.418066e-02 -3.044032e-01 
-4.265686e-02 -3.021696e-01 
-2.726318e-02 -2.532101e-01 
-4.960220e-03 -1.229712e-01 
9.925446e-05 2.521034e-02 
-7.722346e-03 1.362764e-01 
-1.778268e-02 1.578925e-01 
6.385235e-04 3.764070e-02 
6.971983e-03 -5.697185e-02 
9.683488e-03 -1.229645e-01 
8.265451e-03 -1.542773e-01 
-4.556166e-01 3.164066e-01 
-3.934619e-02 3.755496e-01 
2.309436e-02 2.910178e-01 
1.800234e-02 1.158230e-01 
-5.948962e-04 -1.078835e-02 
-6.345626e-03 -8.310945e-02 
5.120152e-05 -1.011830e-01 
8.446890e-03 -4.815015e-02 
6.677634e-03 4.102638e-02 
1.699093e-03 1.070597e-01 
-4.433231e-03 1.032790e-01 
1.306068e-04 -4.545724e-03 
2.484870e-03 -4.318002e-02 
2.160924e-04 -1.645553e-02 
-4.566740e-03 8.579285e-02 
-2.393179e-01 -3.621880e-01 
4.529906e-02 -4.647555e-01 
-3.236619e-03 -4.522673e-01 
-9.044312e-02 -4.171700e-01 
-6.132413e-02 -3.752285e-01 
-4.003901e-02 -3.043428e-01 
-2.180734e-02 -2.070117e-01 
-4.782495e-03 -7.739985e-02 
-2.679831e-03 4.969718e-02 
-1.065457e-02 1.353913e-01 
-1.775512e-02 1.353437e-01 
2.841763e-03 8.607300e-03 
8.762153e-03 -8.593432e-02 
1.083347e-02 -1.428779e-01 
8.656170e-03 -1.521161e-01 
-3.975115e-01 3.623200e-01 
-1.966548e-02 3.541341e-01 
2.028741e-02 2.758421e-01 
2.331755e-02 1.256779e-01 
6.197192e-03 2.482040e-02 
5.887945e-04 -3.730882e-02 
5.194893e-03 -6.702072e-02 
9.669907e-03 -4.870615e-02 
7.905462e-03 1.250899e-02 
5.308572e-03 6.708427e-02 
2.697452e-04 7.990464e-02 
-2.896034e-03 2.124395e-02 
-1.400878e-03 5.173669e-03 
-2.737625e-03 2.869005e-02 
-5.427023e-03 9.939750e-02 
-6.205487e-01 -5.135465e-01 
-4.425524e-02 -7.189077e-01 
-4.175814e-02 -6.707475e-01 
-1.127263e-01 -5.410630e-01 
-6.483017e-02 -4.144304e-01 
-3.543102e-02 -2.808077e-01 
-1.608000e-02 -1.507432e-01 
-3.928623e-03 -3.696356e-02 
-3.965321e-03 6.632078e-02 
-1.167506e-02 1.350929e-01 
-1.822317e-02 1.334915e-01 
1.746833e-03 1.917803e-02 
8.480814e-03 -8.066217e-02 
1.216246e-02 -1.567633e-01 
1.193215e-02 -2.002819e-01 
-2.582099e-01 3.312688e-01 
-3.067566e-03 2.447692e-01 
1.175765e-02 1.882439e-01 
2.772232e-02 1.144668e-01 
1.539780e-02 8.005425e-02 
1.046369e-02 5.215925e-02 
9.310705e-03 7.637647e-03 
7.474283e-03 -4.689617e-02 
7.351339e-03 -3.573262e-02 
8.248253e-03 -3.921295e-04 
5.199502e-03 3.234223e-02 
-4.422716e-03 3.114953e-02 
-4.571318e-03 4.382632e-02 
-5.672947e-03 7.103633e-02 
-6.867998e-03 1.201282e-01 
-1.021515e+00 -6.527380e-01 
-2.148764e-01 -1.042355e+00 
-1.094836e-01 -9.547659e-01 
-1.260701e-01 -6.667893e-01 
-5.364607e-02 -3.914268e-01 
-1.670370e-02 -1.512363e-01 
-3.493285e-03 1.045381e-02 
-3.382850e-03 3.728694e-02 
-5.118944e-03 6.945583e-02 
-1.021892e-02 9.565462e-02 
-1.456383e-02 9.220978e-02 
3.708220e-04 2.235234e-02 
6.504289e-03 -6.115469e-02 
1.112217e-02 -1.411133e-01 
1.333456e-02 -2.105690e-01 
-7.781980e-02 1.343846e-01 
-7.875208e-03 3.643268e-02 
-8.944398e-04 3.930436e-02 
2.988805e-02 9.448396e-02 
2.493908e-02 1.517210e-01 
1.931489e-02 1.674683e-01 
8.973872e-03 9.563872e-02 
2.946364e-03 -6.229913e-02 
6.542689e-03 -1.108701e-01 
1.127558e-02 -9.016057e-02 
8.650950e-03 -1.209034e-02 
-7.963668e-03 7.622837e-02 
-8.828382e-03 1.074528e-01 
-7.305757e-03 1.026274e-01 
-3.804678e-03 6.388471e-02 
-1.457760e+00 -8.288652e-01 
-4.477358e-01 -1.446735e+00 
-1.861814e-01 -1.245591e+00 
-9.104717e-02 -6.628266e-01 
-1.087560e-02 -1.674565e-01 
1.832508e-02 1.844568e-01 
9.731081e-03 3.095460e-01 
-7.141940e-03 9.973121e-02 
-5.415265e-03 -2.622085e-02 
-2.323754e-03 -7.094102e-02 
-2.001681e-03 -3.846536e-02 
-2.904013e-03 4.783138e-02 
-1.393360e-03 3.613894e-02 
4.446925e-03 -4.641458e-02 
1.301938e-02 -2.044775e-01 
-1.537669e-01 -6.042359e-01 
-1.076361e-01 -7.601840e-01 
-8.137428e-02 -6.207363e-01 
-3.296777e-03 -1.926360e-01 
2.136360e-02 9.895043e-02 
2.523869e-02 2.583355e-01 
1.214360e-02 2.564038e-01 
-7.845058e-04 6.875593e-02 
7.251701e-04 -4.381834e-02 
5.641214e-03 -9.946574e-02 
9.025750e-03 -9.221829e-02 
8.828052e-04 -2.248041e-02 
-3.340423e-03 3.556186e-02 
-5.915680e-03 7.816137e-02 
-6.095134e-03 9.508501e-02 
-2.900992e-01 1.091433e+00 
7.510160e-02 5.468334e-01 
1.531843e-03 6.883888e-02 
-3.330840e-02 -1.851666e-01 
-2.763549e-02 -2.793691e-01 
-1.358389e-02 -2.608725e-01 
7.215546e-03 -1.250635e-01 
7.535195e-03 6.493592e-02 
-1.530416e-03 1.705805e-01 
-9.596463e-03 2.006104e-01 
-1.307640e-02 1.401536e-01 
6.212971e-04 3.229347e-03 
6.369509e-03 -7.704408e-02 
7.667915e-03 -1.044581e-01 
4.439071e-03 -6.662798e-02 
