poroelastic
3.740632e-02 -2.187002e-01 
1.854098e-02 -2.976690e-01 
-5.514521e-03 -2.654032e-01 
-2.542553e-02 -1.885481e-01 
-1.592396e-02 -1.414821e-01 
-8.779260e-03 -9.694718e-02 
-2.066821e-03 -5.172336e-02 
2.221703e-03 5.929977e-03 
2.112745e-03 6.559084e-02 
-7.019479e-04 9.986362e-02 
-4.002468e-03 8.104844e-02 
9.772385e-04 -4.106581e-03 
1.767398e-03 -5.487840e-02 
1.521826e-03 -7.099531e-02 
5.488532e-04 -4.132556e-02 
-2.238139e-01 4.846304e-02 
-3.601189e-02 9.784159e-02 
-3.713042e-03 1.025636e-01 
1.234175e-02 8.005418e-02 
7.019860e-03 4.841877e-02 
4.412148e-03 2.675771e-02 
4.554749e-03 1.376306e-02 
3.773363e-03 1.138245e-02 
2.574265e-03 3.130577e-02 
1.629102e-03 3.927594e-02 
9.813756e-04 9.980793e-03 
1.029999e-03 -5.639837e-02 
5.178900e-04 -5.163174e-02 
-8.609362e-04 1.380174e-02 
-2.060651e-03 1.484939e-01 
-1.724577e-01 -3.329493e-01 
8.202654e-04 -4.569414e-01 
-2.272733e-02 -4.071940e-01 
-3.431894e-02 -2.704322e-01 
-1.786949e-02 -1.743091e-01 
-7.168881e-03 -9.031405e-02 
-7.857046e-05 -2.129090e-02 
1.882892e-03 2.975035e-02 
9.163512e-04 7.821547e-02 
-2.102265e-03 1.026997e-01 
-4.811883e-03 7.864197e-02 
1.101220e-03 -6.323829e-03 
2.125515e-03 -6.352566e-02 
2.134331e-03 -8.975929e-02 
1.205069e-03 -7.448920e-02 
-3.068529e-01 1.253902e-01 
-3.143086e-02 1.721830e-01 
2.458566e-03 1.907870e-01 
2.347201e-02 1.634641e-01 
1.422388e-02 1.201760e-01 
8.370555e-03 7.450095e-02 
5.118767e-03 2.631636e-02 
2.796359e-03 -9.958078e-03 
2.223434e-03 -7.800562e-03 
2.695467e-03 1.535296e-03 
2.727472e-03 -5.721085e-04 
-2.068306e-04 -1.913886e-02 
-6.207183e-04 -2.538045e-03 
-1.407770e-03 4.450602e-02 
-1.862928e-03 1.300989e-01 
-3.759125e-01 -3.869640e-01 
-4.634446e-02 -5.615253e-01 
-3.776322e-02 -4.968954e-01 
-3.885221e-02 -3.143120e-01 
-1.650918e-02 -1.753303e-01 
-3.598636e-03 -6.139995e-02 
2.734635e-03 1.745959e-02 
2.074459e-03 5.050458e-02 
3.927591e-04 8.242721e-02 
-2.387795e-03 9.828249e-02 
-4.803915e-03 7.916501e-02 
5.889074e-04 8.672068e-03 
1.924926e-03 -5.206670e-02 
2.457263e-03 -9.527577e-02 
2.009041e-03 -1.104911e-01 
-2.644176e-01 1.833421e-01 
-1.042305e-02 1.941104e-01 
8.286954e-03 2.171988e-01 
3.133041e-02 2.064195e-01 
2.015629e-02 1.789715e-01 
1.255822e-02 1.338941e-01 
5.665768e-03 6.042578e-02 
1.025029e-03 -2.443143e-02 
1.182494e-03 -5.213882e-02 
3.043077e-03 -4.950002e-02 
3.915205e-03 -2.665147e-02 
-9.389942e-04 3.763478e-03 
-1.508372e-03 3.593272e-02 
-1.947432e-03 7.146492e-02 
-1.931279e-03 1.151756e-01 
-5.537383e-01 -4.529758e-01 
-1.214653e-01 -6.980750e-01 
-6.045497e-02 -5.991850e-01 
-3.672261e-02 -3.335529e-01 
-7.786256e-03 -1.218794e-01 
5.998360e-03 3.743588e-02 
7.757162e-03 1.142239e-01 
1.756285e-03 7.854537e-02 
-3.866266e-04 6.307333e-02 
-2.016704e-03 5.660110e-02 
-3.347524e-03 4.731267e-02 
-1.346613e-04 1.813234e-02 
1.072412e-03 -2.609698e-02 
2.026094e-03 -7.293573e-02 
2.465938e-03 -1.145960e-01 
-1.198296e-01 1.693241e-01 
7.627842e-03 1.866310e-01 
1.854313e-02 2.289378e-01 
3.480363e-02 2.383640e-01 
2.205723e-02 2.172503e-01 
1.253393e-02 1.632835e-01 
3.009728e-03 6.094662e-02 
-9.317902e-04 -6.425987e-02 
7.415923e-04 -1.059183e-01 
3.585184e-03 -9.197797e-02 
3.972119e-03 -2.486681e-02 
-2.394999e-03 6.216736e-02 
-2.653613e-03 9.304994e-02 
-1.990896e-03 8.430256e-02 
-6.725167e-04 3.547179e-02 
-6.974938e-01 -5.534953e-01 
-1.939295e-01 -8.434666e-01 
-7.118846e-02 -6.469377e-01 
-1.447751e-02 -2.375857e-01 
1.161728e-02 6.429396e-02 
1.901787e-02 2.464580e-01 
1.025291e-02 2.566498e-01 
-1.163960e-03 5.458627e-02 
-1.692005e-03 -5.424976e-02 
-1.123691e-04 -8.314776e-02 
6.287508e-04 -3.301051e-02 
-1.875468e-03 7.118460e-02 
-1.680041e-03 7.534776e-02 
2.083789e-04 5.535069e-03 
3.002837e-03 -1.395355e-01 
-4.808102e-02 -3.120083e-01 
-3.776102e-02 -3.497977e-01 
-1.266463e-02 -2.152134e-01 
1.726314e-02 5.798094e-02 
1.938913e-02 2.018765e-01 
1.549895e-02 2.442413e-01 
5.471402e-03 1.730436e-01 
-7.373353e-04 8.238823e-03 
-7.898244e-05 -7.797723e-02 
2.039620e-03 -1.094320e-01 
3.491825e-03 -8.148219e-02 
-2.752915e-04 -2.549846e-03 
-1.523012e-03 4.843262e-02 
-2.043083e-03 7.749866e-02 
-1.780210e-03 8.095028e-02 
-2.658672e-01 6.263205e-01 
3.072728e-02 3.324187e-01 
4.914705e-03 6.405533e-02 
-6.727618e-03 -6.858397e-02 
-7.530182e-03 -1.251246e-01 
-3.507389e-03 -1.175754e-01 
3.955443e-03 -4.122626e-02 
3.786109e-03 7.134485e-02 
9.325364e-04 1.321945e-01 
-1.839136e-03 1.400049e-01 
-3.264813e-03 8.072157e-02 
1.015624e-03 -2.727057e-02 
2.068453e-03 -7.547437e-02 
1.695557e-03 -7.141486e-02 
8.001515e-05 -3.714042e-03 
