poroelastic
8.286521e-02 -1.309177e-01 
7.512327e-02 -1.723035e-01 
4.179951e-02 -1.791397e-01 
-6.409352e-02 -2.201100e-01 
-5.622891e-02 -2.648394e-01 
-4.686364e-02 -2.798643e-01 
-3.371024e-02 -2.649173e-01 
-6.764159e-03 -1.607606e-01 
1.533823e-03 -3.385626e-03 
-7.594949e-03 1.294590e-01 
-2.224563e-02 1.745183e-01 
-1.833244e-03 5.767713e-02 
7.383240e-03 -4.290762e-02 
1.188671e-02 -1.169942e-01 
1.103858e-02 -1.585196e-01 
-3.721866e-01 2.020456e-01 
-3.991430e-02 2.767482e-01 
2.059480e-02 2.541774e-01 
2.405508e-02 1.331560e-01 
3.536281e-03 2.076085e-02 
-5.334282e-03 -5.878366e-02 
-2.093198e-03 -1.071081e-01 
8.553946e-03 -8.224053e-02 
8.746259e-03 1.367187e-02 
3.056738e-03 1.009756e-01 
-6.597592e-03 1.232053e-01 
-1.858148e-03 1.641709e-02 
2.496945e-03 -3.314503e-02 
7.367141e-04 -1.910036e-02 
-4.805680e-03 6.947784e-02 
-2.066465e-01 -3.386436e-01 
4.877254e-02 -4.370870e-01 
4.343403e-04 -4.055101e-01 
-9.353453e-02 -3.620754e-01 
-6.547297e-02 -3.365238e-01 
-4.509503e-02 -2.899130e-01 
-2.671953e-02 -2.219205e-01 
-5.453788e-03 -1.078069e-01 
-1.630516e-03 2.872256e-02 
-1.121189e-02 1.322244e-01 
-2.184787e-02 1.499625e-01 
1.366047e-03 2.404245e-02 
9.754028e-03 -7.477328e-02 
1.300030e-02 -1.350856e-01 
1.062553e-02 -1.443657e-01 
-3.360771e-01 2.776032e-01 
-1.972187e-02 2.789174e-01 
1.910422e-02 2.365203e-01 
2.514209e-02 1.161218e-01 
7.001736e-03 2.524803e-02 
5.093155e-04 -3.604691e-02 
5.327888e-03 -7.337403e-02 
1.155889e-02 -6.286858e-02 
9.994169e-03 5.804860e-03 
6.419470e-03 7.115084e-02 
-7.904292e-04 9.186086e-02 
-4.026939e-03 2.718185e-02 
-1.571428e-03 4.889346e-03 
-3.043952e-03 2.469652e-02 
-6.768162e-03 9.477163e-02 
-5.653998e-01 -4.847390e-01 
-3.997043e-02 -6.904386e-01 
-4.264640e-02 -6.305339e-01 
-1.219323e-01 -4.965725e-01 
-7.132837e-02 -3.847980e-01 
-4.032215e-02 -2.706176e-01 
-1.938157e-02 -1.617715e-01 
-4.190212e-03 -5.860829e-02 
-3.505092e-03 5.034143e-02 
-1.269977e-02 1.303697e-01 
-2.185205e-02 1.403580e-01 
6.173882e-04 2.738896e-02 
9.504706e-03 -7.263600e-02 
1.429858e-02 -1.463136e-01 
1.411434e-02 -1.831519e-01 
-2.268881e-01 2.680788e-01 
-7.462530e-03 1.831424e-01 
8.213372e-03 1.498899e-01 
2.988827e-02 9.898425e-02 
1.786931e-02 7.758003e-02 
1.278189e-02 5.599282e-02 
1.122290e-02 9.577306e-03 
9.232606e-03 -5.366692e-02 
9.389730e-03 -4.075764e-02 
1.033812e-02 1.731054e-04 
6.125525e-03 3.783379e-02 
-5.531141e-03 3.335756e-02 
-5.653841e-03 4.380697e-02 
-7.165219e-03 7.090841e-02 
-9.206212e-03 1.234261e-01 
-9.737759e-01 -6.349427e-01 
-2.214500e-01 -1.039816e+00 
-1.248825e-01 -9.528617e-01 
-1.440948e-01 -6.566528e-01 
-6.047834e-02 -3.795704e-01 
-1.779830e-02 -1.398582e-01 
-3.194597e-03 1.649001e-02 
-3.737343e-03 3.077781e-02 
-5.539419e-03 5.955182e-02 
-1.136280e-02 8.847903e-02 
-1.702578e-02 9.111166e-02 
-4.288985e-04 2.530683e-02 
7.310840e-03 -5.620853e-02 
1.304220e-02 -1.321876e-01 
1.571961e-02 -1.930184e-01 
-7.010241e-02 8.898669e-02 
-1.727718e-02 -2.038233e-02 
-9.297566e-03 -7.698087e-03 
3.330623e-02 7.317114e-02 
3.094835e-02 1.559372e-01 
2.533048e-02 1.892087e-01 
1.167037e-02 1.183157e-01 
3.373486e-03 -6.367205e-02 
8.491729e-03 -1.236737e-01 
1.502380e-02 -1.044716e-01 
1.209497e-02 -2.040287e-02 
-9.796948e-03 7.640517e-02 
-1.156192e-02 1.119216e-01 
-1.008701e-02 1.107704e-01 
-6.082781e-03 7.838581e-02 
-1.444904e+00 -8.201493e-01 
-4.866459e-01 -1.484205e+00 
-2.248811e-01 -1.303532e+00 
-1.107092e-01 -7.002505e-01 
-9.997699e-03 -1.662751e-01 
2.684344e-02 2.194868e-01 
1.447780e-02 3.520722e-01 
-8.713913e-03 1.129068e-01 
-6.313827e-03 -3.378386e-02 
-1.674791e-03 -8.441057e-02 
-1.081155e-03 -4.716759e-02 
-4.219191e-03 5.008362e-02 
-2.803592e-03 4.341330e-02 
4.583351e-03 -3.755933e-02 
1.624202e-02 -1.970050e-01 
-1.773764e-01 -6.575024e-01 
-1.381335e-01 -8.462164e-01 
-1.090158e-01 -7.009617e-01 
-4.357900e-03 -2.213119e-01 
2.959797e-02 1.153864e-01 
3.487434e-02 3.039879e-01 
1.618747e-02 3.075866e-01 
-1.994089e-03 8.433319e-02 
7.990411e-04 -5.775039e-02 
8.725731e-03 -1.314477e-01 
1.468416e-02 -1.250316e-01 
2.353223e-03 -3.386456e-02 
-4.916231e-03 4.329101e-02 
-9.524119e-03 1.000174e-01 
-1.012336e-02 1.210233e-01 
-2.076973e-01 1.059387e+00 
7.765354e-02 4.618599e-01 
-1.037389e-02 -1.471899e-02 
-4.366243e-02 -2.238025e-01 
-3.210834e-02 -2.883128e-01 
-1.298200e-02 -2.480759e-01 
1.198323e-02 -9.877111e-02 
9.416064e-03 8.416168e-02 
-2.374391e-03 1.799212e-01 
-1.175061e-02 1.992602e-01 
-1.516060e-02 1.312170e-01 
8.226595e-04 -3.109119e-03 
7.886162e-03 -7.904770e-02 
9.181490e-03 -9.909391e-02 
4.377725e-03 -5.009401e-02 
