poroelastic
-6.870711e-02 -1.946230e-01 
-1.055450e-01 -1.867801e-01 
-8.977928e-02 -3.838407e-03 
6.115763e-02 1.997796e-01 
6.816107e-02 2.914021e-01 
5.857950e-02 2.885100e-01 
4.336412e-02 1.907269e-01 
2.209946e-02 6.070450e-02 
1.158396e-02 1.687376e-02 
1.176250e-02 1.154707e-02 
1.012887e-02 1.268832e-02 
-1.274401e-03 -1.383250e-02 
-2.917748e-03 5.900384e-03 
-7.191170e-03 6.596927e-02 
-1.209764e-02 1.787422e-01 
1.400856e-01 -4.736443e-01 
-6.235450e-02 -3.818955e-01 
-5.975165e-02 -1.401576e-01 
2.823478e-02 8.672554e-02 
3.917803e-02 1.884826e-01 
3.617298e-02 2.135507e-01 
2.067568e-02 1.518040e-01 
1.413700e-03 3.649740e-02 
-1.389589e-03 -3.194967e-03 
-7.951410e-04 -1.320492e-02 
1.652375e-03 -2.772636e-02 
6.064359e-03 -7.236246e-02 
3.900085e-03 -5.978825e-02 
-1.669763e-03 5.379422e-03 
-9.084139e-03 1.353909e-01 
7.565469e-02 -6.945552e-02 
-8.883214e-02 -6.440803e-02 
-5.949080e-02 8.664521e-02 
7.952891e-02 2.519054e-01 
7.306476e-02 3.120347e-01 
5.805340e-02 2.937930e-01 
4.042571e-02 2.004069e-01 
1.788042e-02 7.485318e-02 
8.286972e-03 2.618666e-02 
7.990773e-03 1.061521e-02 
7.739702e-03 2.106324e-03 
3.158030e-04 -1.999350e-02 
-1.325120e-03 -3.260510e-03 
-5.620054e-03 5.271242e-02 
-1.161282e-02 1.616024e-01 
-1.573012e-01 -3.550483e-01 
-8.871280e-02 -2.160058e-01 
-4.530528e-02 2.274125e-02 
6.299486e-02 2.181232e-01 
5.893564e-02 2.918182e-01 
4.557213e-02 2.804384e-01 
2.176261e-02 1.868694e-01 
-7.466995e-04 4.179287e-02 
-2.617588e-03 -2.588362e-02 
6.266529e-04 -5.537314e-02 
6.328152e-03 -6.743113e-02 
5.687656e-03 -7.218390e-02 
1.825566e-03 -3.658446e-02 
-3.855250e-03 3.373745e-02 
-1.012648e-02 1.452792e-01 
2.311955e-01 -4.251268e-02 
-4.755886e-02 7.735769e-04 
-4.212138e-02 1.574070e-01 
1.059170e-01 3.207574e-01 
8.798292e-02 3.735269e-01 
6.462137e-02 3.378162e-01 
3.883952e-02 2.235782e-01 
1.295105e-02 7.881861e-02 
5.405817e-03 1.027583e-02 
6.861110e-03 -1.863691e-02 
8.644817e-03 -2.181904e-02 
1.975418e-04 -1.348741e-02 
-2.162448e-03 1.142011e-02 
-5.770357e-03 5.874474e-02 
-1.061885e-02 1.407151e-01 
-3.159240e-01 -1.484317e-01 
-6.483454e-02 -4.007790e-03 
-8.322615e-03 2.092579e-01 
9.966764e-02 3.539526e-01 
7.482726e-02 3.903190e-01 
4.907498e-02 3.383027e-01 
1.458021e-02 1.981416e-01 
-6.876413e-03 9.405045e-03 
-3.861640e-03 -8.701409e-02 
3.773360e-03 -1.210242e-01 
1.111551e-02 -1.014714e-01 
3.088230e-03 -4.554823e-02 
-1.878682e-03 8.802521e-03 
-5.952294e-03 6.301081e-02 
-8.873155e-03 1.212533e-01 
3.272222e-01 -6.968571e-02 
2.388015e-02 1.554526e-02 
-1.507634e-02 1.702935e-01 
1.202611e-01 3.323115e-01 
9.430591e-02 3.991200e-01 
6.662397e-02 3.771707e-01 
3.395965e-02 2.622461e-01 
6.046788e-03 7.350390e-02 
2.471677e-03 -3.079857e-02 
7.043794e-03 -7.457674e-02 
1.143167e-02 -6.372606e-02 
1.806009e-04 -6.429429e-03 
-4.094107e-03 3.823940e-02 
-7.091538e-03 7.769941e-02 
-9.591301e-03 1.197167e-01 
-2.398918e-01 1.535983e-01 
4.419984e-03 3.167455e-01 
6.474259e-02 4.629011e-01 
1.209729e-01 4.770764e-01 
7.121755e-02 4.170621e-01 
3.372185e-02 2.953859e-01 
-1.866966e-03 1.148798e-01 
-1.009756e-02 -7.214150e-02 
-1.050280e-03 -1.551609e-01 
8.609891e-03 -1.601727e-01 
1.260058e-02 -8.894033e-02 
-2.831676e-03 2.244123e-02 
-6.918965e-03 7.376955e-02 
-7.025212e-03 8.243083e-02 
-3.960227e-03 5.159093e-02 
4.788432e-01 -1.111014e-01 
1.498668e-01 9.838391e-02 
5.214054e-02 2.802511e-01 
1.317160e-01 4.200829e-01 
9.399061e-02 4.786591e-01 
5.880884e-02 4.357928e-01 
1.730258e-02 2.669446e-01 
-5.098934e-03 -1.541917e-02 
9.402181e-04 -1.636334e-01 
1.180085e-02 -1.952047e-01 
1.756563e-02 -1.079140e-01 
-6.896147e-03 8.086284e-02 
-1.349041e-02 1.498879e-01 
-1.018898e-02 1.198029e-01 
4.877105e-05 -5.981148e-04 
9.012901e-02 1.158705e-01 
4.133403e-02 2.499362e-01 
9.132277e-02 3.718613e-01 
1.038239e-01 4.485614e-01 
5.992402e-02 4.194924e-01 
2.563364e-02 3.088662e-01 
-7.027587e-03 1.159446e-01 
-9.426400e-03 -1.023578e-01 
1.709070e-03 -2.064092e-01 
1.261232e-02 -2.197641e-01 
1.697613e-02 -1.282650e-01 
-3.405178e-03 4.273068e-02 
-1.122115e-02 1.265462e-01 
-1.144637e-02 1.314056e-01 
-3.208909e-03 3.785893e-02 
-3.177104e-01 -1.198845e-02 
-2.015182e-02 -2.888981e-02 
2.714896e-02 5.916885e-02 
6.398015e-02 2.120399e-01 
4.793089e-02 2.695001e-01 
3.172275e-02 2.657100e-01 
9.137330e-03 1.892337e-01 
-3.333054e-03 4.884970e-02 
-1.626383e-03 -3.804133e-02 
3.117356e-03 -9.377604e-02 
9.642209e-03 -1.138775e-01 
7.055589e-03 -7.696127e-02 
1.424372e-03 -1.510140e-02 
-5.322417e-03 6.083917e-02 
-1.266131e-02 1.427156e-01 
