poroelastic
2.390374e-02 1.593142e-01 
3.935958e-02 2.027726e-01 
4.104668e-02 7.587440e-02 
-2.230700e-02 -1.895127e-01 
-2.370621e-02 -3.174126e-01 
-2.012915e-02 -3.467286e-01 
-1.187059e-02 -2.617569e-01 
-2.253278e-03 -8.257014e-02 
-2.665924e-04 3.456354e-02 
-1.747650e-03 9.792551e-02 
-3.220693e-03 9.216350e-02 
1.280270e-03 1.233657e-02 
1.653150e-03 -4.730607e-02 
1.520111e-03 -9.308804e-02 
5.133119e-04 -1.248287e-01 
-1.016662e+00 8.438433e-01 
-1.109317e-01 9.629072e-01 
1.683387e-02 6.612115e-01 
1.186726e-02 2.167520e-01 
-2.308972e-03 -3.937265e-02 
-5.861837e-03 -1.640150e-01 
-1.284932e-03 -1.567156e-01 
3.006420e-03 -2.530224e-02 
2.325871e-03 6.170025e-02 
1.115176e-03 1.026420e-01 
-4.089592e-04 8.575838e-02 
-3.740088e-04 1.153917e-02 
7.272502e-09 -1.434883e-02 
-2.013464e-04 -1.990745e-03 
-2.954557e-04 5.326586e-02 
-2.564267e-01 -2.980759e-01 
3.516438e-02 -2.528308e-01 
1.367343e-02 -2.886307e-01 
-3.163927e-02 -3.767005e-01 
-2.311415e-02 -3.785464e-01 
-1.610321e-02 -3.242287e-01 
-9.173237e-03 -2.069835e-01 
-2.675949e-03 -5.236293e-02 
-1.490061e-03 4.145867e-02 
-2.963521e-03 8.575634e-02 
-3.450230e-03 6.649927e-02 
1.942853e-03 -1.899433e-02 
2.156658e-03 -7.964539e-02 
1.986555e-03 -1.228798e-01 
1.056562e-03 -1.481053e-01 
-7.388676e-01 7.301141e-01 
-5.769005e-02 7.491954e-01 
1.020461e-02 5.488102e-01 
1.549531e-02 2.617583e-01 
4.675788e-03 8.380509e-02 
4.721203e-04 -2.360769e-02 
1.318912e-03 -6.179203e-02 
2.601474e-03 -2.875516e-02 
2.170253e-03 2.896043e-03 
2.157228e-03 2.583908e-02 
1.372975e-03 3.307910e-02 
-1.299029e-03 2.175342e-02 
-1.059857e-03 3.277566e-02 
-1.029109e-03 5.977124e-02 
-5.861052e-04 1.036511e-01 
-6.575912e-01 -5.245835e-01 
-2.430528e-02 -5.381981e-01 
-3.947512e-03 -4.963441e-01 
-3.722306e-02 -4.643966e-01 
-2.252608e-02 -3.868808e-01 
-1.398670e-02 -2.866453e-01 
-7.987844e-03 -1.641527e-01 
-2.669018e-03 -4.356193e-02 
-1.734359e-03 2.997419e-02 
-2.882263e-03 6.824370e-02 
-3.236218e-03 6.077564e-02 
1.539597e-03 -6.061484e-03 
2.014200e-03 -6.934737e-02 
2.291036e-03 -1.323664e-01 
1.795736e-03 -1.985370e-01 
-4.254631e-01 5.653096e-01 
-1.102721e-02 5.082953e-01 
8.180985e-03 3.897427e-01 
1.598680e-02 2.369342e-01 
7.685222e-03 1.402311e-01 
4.062795e-03 6.977794e-02 
2.987076e-03 1.518246e-02 
1.961305e-03 -1.978364e-02 
1.692777e-03 -2.925196e-02 
2.310380e-03 -2.371362e-02 
2.024706e-03 -6.094200e-03 
-1.351415e-03 1.846070e-02 
-1.419220e-03 5.132595e-02 
-1.477390e-03 8.888629e-02 
-1.012791e-03 1.301590e-01 
-1.037175e+00 -6.712127e-01 
-1.370217e-01 -8.303707e-01 
-2.967425e-02 -7.036402e-01 
-3.829057e-02 -5.118351e-01 
-1.794589e-02 -3.302492e-01 
-8.983291e-03 -1.758617e-01 
-5.282941e-03 -6.047119e-02 
-2.124231e-03 -1.045190e-02 
-1.563914e-03 1.775030e-02 
-2.149763e-03 3.324577e-02 
-2.277230e-03 3.068734e-02 
9.044840e-04 -6.161563e-03 
1.480773e-03 -5.543616e-02 
2.055117e-03 -1.154032e-01 
2.279166e-03 -1.922602e-01 
-1.163810e-01 2.532267e-01 
5.890323e-03 1.920959e-01 
6.442991e-03 1.794884e-01 
1.365948e-02 1.848431e-01 
8.724994e-03 1.813906e-01 
5.606058e-03 1.506507e-01 
2.635468e-03 7.418719e-02 
7.942129e-04 -3.109436e-02 
1.183672e-03 -7.526982e-02 
2.251077e-03 -7.557715e-02 
1.897058e-03 -2.821496e-02 
-1.622550e-03 4.675087e-02 
-1.693904e-03 8.636715e-02 
-1.414773e-03 9.848812e-02 
-6.874737e-04 7.507569e-02 
-1.393583e+00 -8.203736e-01 
-2.734598e-01 -1.164939e+00 
-5.574418e-02 -9.029865e-01 
-2.203131e-02 -4.554647e-01 
-5.035958e-03 -1.328876e-01 
-1.790536e-04 6.796479e-02 
-1.588108e-03 1.258677e-01 
-2.306587e-03 1.920586e-02 
-1.402429e-03 -4.437872e-02 
-7.885433e-04 -6.852922e-02 
-3.663458e-04 -5.180501e-02 
5.410234e-04 -7.953791e-03 
5.085123e-04 -9.039480e-03 
9.146758e-04 -4.598649e-02 
1.407404e-03 -1.299028e-01 
-6.863712e-02 -3.617329e-01 
-2.347212e-02 -4.066032e-01 
-1.132793e-02 -3.215199e-01 
-6.358659e-05 -1.003572e-01 
2.573047e-03 4.474262e-02 
2.936143e-03 1.211662e-01 
1.452645e-03 1.183841e-01 
2.616476e-06 4.059023e-02 
6.628023e-05 -5.866284e-03 
4.554037e-04 -3.003008e-02 
6.292241e-04 -3.008398e-02 
-7.143788e-05 -7.520132e-03 
-3.068794e-04 1.185381e-02 
-4.335747e-04 2.780984e-02 
-3.539756e-04 3.641100e-02 
-6.434610e-01 1.043361e+00 
2.015663e-02 7.969553e-01 
1.336307e-02 4.156722e-01 
-1.768161e-04 8.397170e-02 
-3.065510e-03 -9.844444e-02 
-3.230783e-03 -1.828809e-01 
-1.042228e-03 -1.585121e-01 
6.134904e-04 -3.394450e-02 
1.340926e-04 4.264556e-02 
-7.196900e-04 8.105647e-02 
-1.316249e-03 7.480809e-02 
-3.520498e-05 2.090991e-02 
4.391124e-04 -1.520249e-02 
6.002173e-04 -3.947155e-02 
4.697271e-04 -5.321399e-02 
