poroelastic
-6.806609e-02 -9.973288e-02 
-8.735950e-02 -8.096033e-02 
-7.184056e-02 6.877645e-02 
5.201338e-02 2.726517e-01 
5.622851e-02 3.672764e-01 
4.937169e-02 3.692994e-01 
3.571790e-02 2.765134e-01 
1.309120e-02 1.120157e-01 
3.319732e-03 -7.565474e-03 
5.324316e-03 -8.651285e-02 
1.115158e-02 -1.155145e-01 
6.089059e-04 -6.859711e-02 
-2.584293e-03 1.624518e-02 
-5.528987e-03 1.279232e-01 
-6.870240e-03 2.711874e-01 
4.432161e-01 -5.098451e-01 
1.357554e-02 -4.890533e-01 
-3.268367e-02 -2.830179e-01 
-1.192850e-03 -2.871917e-02 
1.425795e-02 1.100208e-01 
1.763419e-02 1.682213e-01 
8.913804e-03 1.453955e-01 
-4.916308e-03 4.240252e-02 
-6.172510e-03 -3.443556e-02 
-4.565727e-03 -8.390471e-02 
2.365706e-04 -1.021317e-01 
2.638337e-03 -7.635594e-02 
8.528157e-04 -3.555175e-02 
-7.554485e-04 1.481277e-02 
-1.825866e-03 7.226324e-02 
1.970181e-01 1.316340e-01 
-6.931021e-02 1.586942e-01 
-3.790881e-02 2.616544e-01 
7.258580e-02 3.903720e-01 
6.241937e-02 4.244225e-01 
4.840991e-02 3.825971e-01 
3.163019e-02 2.629765e-01 
1.111069e-02 9.217422e-02 
3.725631e-03 -2.087595e-02 
6.309911e-03 -8.729720e-02 
1.086760e-02 -9.746733e-02 
-1.826596e-04 -3.267197e-02 
-3.006441e-03 4.621763e-02 
-5.381550e-03 1.353582e-01 
-6.753834e-03 2.369122e-01 
1.559499e-01 -4.342404e-01 
-2.282106e-02 -3.077314e-01 
-2.128896e-02 -1.072761e-01 
1.464387e-02 8.670585e-02 
2.062341e-02 1.745381e-01 
1.765121e-02 1.883661e-01 
4.640891e-03 1.319233e-01 
-7.338835e-03 2.241330e-02 
-6.903891e-03 -5.739157e-02 
-4.297447e-03 -1.067660e-01 
1.212290e-03 -1.178456e-01 
2.688994e-03 -7.777602e-02 
6.319793e-04 -2.888359e-02 
-1.017010e-03 2.307342e-02 
-1.957104e-03 7.434276e-02 
5.229953e-01 2.801400e-01 
4.523258e-03 3.792843e-01 
-6.688808e-03 4.403094e-01 
9.164103e-02 4.873540e-01 
6.709692e-02 4.619771e-01 
4.633908e-02 3.777717e-01 
2.651758e-02 2.364801e-01 
8.097064e-03 7.090496e-02 
2.965206e-03 -3.522091e-02 
5.854920e-03 -9.464848e-02 
1.020851e-02 -9.744151e-02 
1.160275e-04 -2.607937e-02 
-2.866190e-03 5.278470e-02 
-5.300287e-03 1.367872e-01 
-6.983803e-03 2.278174e-01 
-5.417370e-02 -2.461760e-01 
-1.847370e-02 -5.300763e-02 
2.289601e-03 1.078051e-01 
2.887368e-02 1.970451e-01 
2.198725e-02 2.055890e-01 
1.220375e-02 1.618123e-01 
-2.148900e-03 7.637643e-02 
-8.354560e-03 -1.834450e-02 
-5.847431e-03 -7.973853e-02 
-2.623738e-03 -1.092352e-01 
1.768423e-03 -9.819195e-02 
1.564133e-03 -4.514203e-02 
-3.800479e-05 -3.878428e-03 
-9.237003e-04 2.466966e-02 
-1.027186e-03 3.552652e-02 
8.668728e-01 3.773543e-01 
1.435043e-01 6.284180e-01 
4.534740e-02 6.573706e-01 
1.086927e-01 5.904418e-01 
6.561393e-02 4.751851e-01 
3.746074e-02 3.291004e-01 
1.670290e-02 1.619235e-01 
4.141597e-03 1.942356e-02 
2.250561e-03 -6.413109e-02 
5.529944e-03 -1.033201e-01 
9.458493e-03 -8.923053e-02 
3.535800e-04 -9.972781e-03 
-2.875454e-03 6.655264e-02 
-5.228909e-03 1.377299e-01 
-6.960036e-03 2.038980e-01 
-1.120993e-01 1.140868e-01 
2.496016e-02 3.364247e-01 
4.379193e-02 4.019744e-01 
3.508223e-02 2.918488e-01 
1.257215e-02 1.590835e-01 
-2.282380e-03 3.218445e-02 
-1.050904e-02 -5.667689e-02 
-6.336176e-03 -6.522832e-02 
-2.675376e-03 -6.655416e-02 
-6.912911e-04 -5.791658e-02 
7.237309e-04 -3.695538e-02 
3.699203e-04 -1.053302e-02 
-2.102540e-04 5.501230e-03 
-3.054225e-04 9.164060e-03 
4.232752e-05 -1.351061e-03 
1.283339e+00 4.747382e-01 
3.553786e-01 9.755041e-01 
1.229102e-01 9.467100e-01 
9.506442e-02 6.554419e-01 
4.184951e-02 3.863666e-01 
1.380301e-02 1.561686e-01 
5.016052e-04 -2.098063e-02 
2.695679e-04 -8.002729e-02 
2.300552e-03 -9.480771e-02 
5.449373e-03 -7.869017e-02 
7.352675e-03 -2.554337e-02 
-1.773163e-03 5.427692e-02 
-3.809148e-03 9.759801e-02 
-3.989026e-03 1.087268e-01 
-3.056339e-03 8.998503e-02 
1.683078e-01 4.939110e-01 
8.870349e-02 6.956651e-01 
8.823900e-02 6.765973e-01 
4.188325e-02 4.174923e-01 
1.147183e-02 1.918305e-01 
-5.022687e-03 6.588443e-03 
-1.140264e-02 -1.192385e-01 
-4.900299e-03 -1.337738e-01 
-3.013728e-04 -1.205523e-01 
2.475138e-03 -8.351358e-02 
2.810031e-03 -1.795016e-02 
-1.804067e-03 5.097896e-02 
-2.655470e-03 7.217072e-02 
-1.838406e-03 5.127585e-02 
7.488445e-04 -2.115913e-02 
7.813459e-02 -6.608767e-01 
-4.265286e-02 -3.283900e-01 
5.799110e-03 -3.040749e-02 
2.491636e-02 1.566177e-01 
2.250619e-02 2.304200e-01 
1.605062e-02 2.301644e-01 
3.850364e-03 1.455981e-01 
-3.006036e-03 4.593089e-03 
-1.834856e-03 -7.959301e-02 
1.107746e-03 -1.227628e-01 
4.884789e-03 -1.187514e-01 
2.264887e-03 -5.912833e-02 
-3.055663e-04 6.855673e-03 
-2.713759e-03 7.420603e-02 
-4.896483e-03 1.371025e-01 
