poroelastic
-5.235314e-02 -2.017599e-01 
-8.590095e-02 -2.067392e-01 
-7.633059e-02 -3.642934e-02 
4.827484e-02 1.702745e-01 
5.549443e-02 2.644341e-01 
4.874509e-02 2.697358e-01 
3.618304e-02 1.850261e-01 
1.728406e-02 6.331711e-02 
8.512257e-03 1.644741e-02 
8.838198e-03 3.160074e-03 
8.611891e-03 -1.914404e-03 
-5.301251e-04 -2.065618e-02 
-2.162921e-03 3.210307e-03 
-5.557605e-03 6.453574e-02 
-9.096975e-03 1.754752e-01 
1.449237e-01 -4.454125e-01 
-5.017242e-02 -3.617945e-01 
-4.949139e-02 -1.391943e-01 
2.281898e-02 7.830070e-02 
3.228760e-02 1.753362e-01 
3.016538e-02 2.018513e-01 
1.720660e-02 1.490289e-01 
2.462867e-04 3.404654e-02 
-1.871054e-03 -1.288765e-02 
-5.436176e-04 -3.052280e-02 
2.834076e-03 -4.613641e-02 
4.771029e-03 -7.551428e-02 
2.341551e-03 -5.220862e-02 
-2.142886e-03 1.773988e-02 
-7.412329e-03 1.441076e-01 
6.990867e-02 -8.652021e-02 
-7.273554e-02 -1.010508e-01 
-5.212455e-02 3.974334e-02 
6.223813e-02 2.152385e-01 
5.928255e-02 2.835944e-01 
4.847628e-02 2.767849e-01 
3.412221e-02 1.952324e-01 
1.446915e-02 7.529276e-02 
6.433870e-03 2.496518e-02 
6.309678e-03 5.223042e-03 
6.529776e-03 -4.921960e-03 
1.173171e-04 -1.874545e-02 
-1.275397e-03 1.046108e-04 
-4.356656e-03 5.243503e-02 
-8.350787e-03 1.501965e-01 
-1.402533e-01 -3.263155e-01 
-7.301960e-02 -1.933219e-01 
-3.487052e-02 2.672397e-02 
5.207708e-02 2.096944e-01 
4.840341e-02 2.754416e-01 
3.700313e-02 2.615768e-01 
1.659439e-02 1.696698e-01 
-1.736081e-03 2.919493e-02 
-2.599508e-03 -3.839884e-02 
8.308799e-04 -6.846972e-02 
6.313584e-03 -7.777213e-02 
4.198474e-03 -7.153355e-02 
7.096294e-04 -2.889770e-02 
-3.756556e-03 4.405794e-02 
-8.159623e-03 1.529071e-01 
2.072729e-01 -5.366296e-02 
-3.695799e-02 -3.803097e-02 
-3.769484e-02 1.014016e-01 
8.164649e-02 2.712950e-01 
7.001571e-02 3.333565e-01 
5.332006e-02 3.140961e-01 
3.310045e-02 2.178416e-01 
1.086532e-02 8.018431e-02 
4.274555e-03 1.209993e-02 
5.294745e-03 -1.797388e-02 
6.834064e-03 -2.314093e-02 
1.414712e-04 -1.402844e-02 
-1.675375e-03 1.060114e-02 
-4.361751e-03 5.596013e-02 
-7.806557e-03 1.333208e-01 
-2.847985e-01 -1.298403e-01 
-5.062515e-02 9.228717e-03 
-3.877013e-03 2.029873e-01 
8.125994e-02 3.348848e-01 
6.054587e-02 3.630966e-01 
3.924459e-02 3.102108e-01 
1.088679e-02 1.752895e-01 
-6.079197e-03 -2.343744e-03 
-3.359095e-03 -9.294093e-02 
3.263257e-03 -1.248265e-01 
9.711048e-03 -1.042218e-01 
2.121689e-03 -4.421923e-02 
-1.987775e-03 1.368738e-02 
-5.237755e-03 7.049559e-02 
-7.292781e-03 1.293112e-01 
3.018217e-01 -7.337383e-02 
2.425819e-02 -1.449050e-02 
-1.500185e-02 1.241417e-01 
9.481795e-02 2.907011e-01 
7.604595e-02 3.629730e-01 
5.537095e-02 3.527523e-01 
2.924211e-02 2.509711e-01 
5.591306e-03 7.358358e-02 
2.023645e-03 -2.482580e-02 
5.368696e-03 -6.771153e-02 
8.855280e-03 -5.960038e-02 
2.734986e-05 -5.981137e-03 
-3.127663e-03 3.602738e-02 
-5.357215e-03 7.381016e-02 
-7.207842e-03 1.149003e-01 
-2.130260e-01 1.492796e-01 
8.728848e-03 3.067319e-01 
5.560175e-02 4.393947e-01 
9.732810e-02 4.467800e-01 
5.682826e-02 3.824736e-01 
2.631750e-02 2.635023e-01 
-2.102512e-03 9.322395e-02 
-8.176210e-03 -7.630046e-02 
-1.009907e-03 -1.499973e-01 
6.848228e-03 -1.526876e-01 
1.026803e-02 -8.472480e-02 
-2.371397e-03 2.154470e-02 
-5.526410e-03 7.302206e-02 
-5.729261e-03 8.486793e-02 
-3.505049e-03 5.890046e-02 
4.501353e-01 -1.065963e-01 
1.354900e-01 7.529728e-02 
4.256408e-02 2.395189e-01 
1.036788e-01 3.759376e-01 
7.492024e-02 4.339218e-01 
4.872876e-02 4.038878e-01 
1.597300e-02 2.514972e-01 
-3.197406e-03 -1.064083e-02 
5.801721e-04 -1.468902e-01 
8.818032e-03 -1.759249e-01 
1.333446e-02 -9.477316e-02 
-5.539871e-03 7.840293e-02 
-1.005651e-02 1.397819e-01 
-7.476739e-03 1.114889e-01 
-1.270990e-04 1.996537e-03 
8.425532e-02 9.880966e-02 
3.432407e-02 2.200994e-01 
7.513938e-02 3.389172e-01 
8.346907e-02 4.160084e-01 
4.886597e-02 3.897779e-01 
2.160549e-02 2.870199e-01 
-4.598642e-03 1.072229e-01 
-7.267245e-03 -9.422140e-02 
9.960087e-04 -1.902551e-01 
9.556662e-03 -2.040344e-01 
1.335405e-02 -1.225184e-01 
-2.208578e-03 3.160377e-02 
-8.049929e-03 1.124776e-01 
-8.816330e-03 1.276285e-01 
-3.958087e-03 5.989998e-02 
-2.639113e-01 -2.740480e-02 
-1.795361e-02 -3.652330e-02 
1.953394e-02 3.837904e-02 
4.589417e-02 1.708306e-01 
3.507952e-02 2.202653e-01 
2.448348e-02 2.210161e-01 
9.293217e-03 1.639032e-01 
-1.189351e-03 5.505370e-02 
-1.254072e-03 -1.404654e-02 
1.427735e-03 -6.386019e-02 
6.181147e-03 -9.258847e-02 
5.496748e-03 -7.761092e-02 
1.879086e-03 -2.819382e-02 
-3.307602e-03 4.655020e-02 
-9.889647e-03 1.439784e-01 
