poroelastic
-2.285909e-02 4.780891e-02 
-2.187256e-02 6.177302e-02 
-1.592078e-02 8.041685e-02 
1.156746e-02 1.390089e-01 
1.175236e-02 1.618320e-01 
9.547586e-03 1.496543e-01 
4.642650e-03 1.004680e-01 
-1.087736e-03 1.774889e-02 
-1.935740e-03 -4.996369e-02 
-4.481348e-04 -8.711380e-02 
1.849838e-03 -7.113723e-02 
-4.298483e-04 2.292973e-03 
-8.186333e-04 4.144511e-02 
-6.270186e-04 4.959885e-02 
-1.142288e-04 1.450146e-02 
8.137415e-01 -4.613762e-01 
1.250537e-01 -6.030446e-01 
6.402072e-03 -4.758898e-01 
-1.753945e-02 -2.569079e-01 
-7.291274e-03 -1.077312e-01 
-1.601238e-03 -1.488588e-02 
-1.110599e-03 2.234159e-02 
-3.184283e-03 -3.929421e-04 
-2.547832e-03 -2.445788e-02 
-2.147881e-03 -3.077138e-02 
-1.890026e-03 -2.633498e-03 
-4.201060e-04 5.242402e-02 
3.852411e-05 3.501412e-02 
8.914738e-04 -3.991860e-02 
1.528694e-03 -1.813965e-01 
1.918877e-01 3.847773e-01 
-2.533304e-02 4.113337e-01 
-3.179602e-03 3.688523e-01 
2.101481e-02 2.924735e-01 
1.342233e-02 2.152256e-01 
7.293044e-03 1.322846e-01 
2.311987e-03 4.879748e-02 
-3.571753e-04 -1.975130e-02 
-3.135900e-04 -6.729224e-02 
1.506511e-03 -8.580249e-02 
3.100756e-03 -5.597212e-02 
-8.128736e-04 2.411830e-02 
-1.295655e-03 6.953433e-02 
-1.196863e-03 8.292020e-02 
-5.838432e-04 5.362392e-02 
7.182978e-01 -4.348779e-01 
8.481977e-02 -5.023178e-01 
1.059680e-02 -4.507575e-01 
-2.305493e-02 -3.419449e-01 
-1.499938e-02 -2.444503e-01 
-9.093225e-03 -1.546455e-01 
-5.541080e-03 -6.774438e-02 
-3.240032e-03 4.627072e-04 
-2.075530e-03 2.686214e-02 
-3.054632e-03 3.631748e-02 
-4.194954e-03 3.876758e-02 
2.286488e-04 2.813482e-02 
9.130903e-04 -2.105577e-02 
1.631961e-03 -1.015159e-01 
1.966407e-03 -2.207683e-01 
4.996429e-01 5.704081e-01 
1.568895e-02 6.385063e-01 
9.050584e-03 5.277808e-01 
2.429272e-02 3.455577e-01 
1.153852e-02 1.945956e-01 
4.053604e-03 7.198452e-02 
8.097839e-04 -8.706030e-03 
6.894091e-04 -3.183550e-02 
8.512779e-04 -4.889139e-02 
2.071905e-03 -5.317132e-02 
2.964719e-03 -3.259467e-02 
-4.840495e-04 1.966760e-02 
-1.062014e-03 5.998856e-02 
-1.291273e-03 8.588903e-02 
-1.160307e-03 9.205177e-02 
5.067657e-01 -3.881419e-01 
3.216256e-02 -3.785524e-01 
7.472200e-03 -3.816537e-01 
-2.672034e-02 -3.627313e-01 
-1.919508e-02 -3.222511e-01 
-1.349089e-02 -2.537188e-01 
-7.745389e-03 -1.387491e-01 
-2.301132e-03 7.008397e-04 
-1.140456e-03 6.987456e-02 
-3.030826e-03 9.529720e-02 
-5.089316e-03 7.726487e-02 
2.187292e-04 1.439563e-02 
1.254010e-03 -5.812025e-02 
2.099602e-03 -1.393686e-01 
2.582304e-03 -2.319693e-01 
8.267027e-01 7.313465e-01 
9.820020e-02 8.994924e-01 
2.888579e-02 7.050437e-01 
2.377658e-02 3.725852e-01 
6.095768e-03 1.211571e-01 
-1.854655e-03 -5.185482e-02 
-2.093255e-03 -1.171073e-01 
1.153350e-03 -5.310724e-02 
1.647615e-03 -1.593062e-02 
2.054245e-03 3.567686e-03 
2.129098e-03 1.033151e-02 
-4.140365e-05 1.488128e-02 
-5.397406e-04 3.646106e-02 
-1.015386e-03 6.631452e-02 
-1.577679e-03 1.032629e-01 
2.055533e-01 -2.328001e-01 
-3.761220e-04 -2.230060e-01 
-2.484856e-03 -3.020091e-01 
-2.638390e-02 -3.828991e-01 
-2.028032e-02 -3.899505e-01 
-1.448326e-02 -3.257103e-01 
-6.386634e-03 -1.650117e-01 
1.902213e-04 4.759620e-02 
4.259303e-05 1.463846e-01 
-2.981549e-03 1.634204e-01 
-5.166518e-03 8.951268e-02 
8.148355e-04 -4.746783e-02 
1.937880e-03 -1.268108e-01 
2.277348e-03 -1.629809e-01 
1.863203e-03 -1.495208e-01 
1.123701e+00 8.855519e-01 
1.915917e-01 1.156849e+00 
4.179121e-02 8.250307e-01 
1.063735e-02 2.797442e-01 
-4.261703e-03 -8.147311e-02 
-9.765494e-03 -2.767376e-01 
-6.346807e-03 -2.676226e-01 
2.515551e-03 -3.879165e-02 
3.096818e-03 8.919283e-02 
1.598541e-03 1.323692e-01 
-1.435575e-04 8.591040e-02 
4.276461e-04 -2.899996e-02 
7.444479e-04 -5.428549e-02 
9.217239e-05 -1.076018e-02 
-1.476650e-03 1.093107e-01 
1.935882e-02 3.734641e-01 
1.515476e-02 3.768147e-01 
-3.520366e-03 1.918494e-01 
-7.983701e-03 -1.365111e-01 
-1.003912e-02 -3.041328e-01 
-9.793731e-03 -3.407639e-01 
-5.384370e-03 -2.275279e-01 
4.747096e-04 -7.918674e-03 
6.830020e-04 1.110631e-01 
-1.312938e-03 1.555924e-01 
-3.296069e-03 1.149369e-01 
-2.233697e-05 2.861173e-03 
1.130457e-03 -7.306165e-02 
1.719202e-03 -1.193751e-01 
1.685943e-03 -1.277451e-01 
7.467987e-01 -9.273233e-01 
-6.177277e-03 -7.132936e-01 
-1.971473e-02 -4.001592e-01 
-4.667555e-03 -1.561901e-01 
-1.325447e-04 -4.153948e-03 
2.061384e-03 7.500107e-02 
8.740948e-04 6.909835e-02 
-2.329292e-03 -1.718456e-02 
-1.711090e-03 -7.003896e-02 
-5.903025e-04 -8.641501e-02 
5.142662e-04 -5.528336e-02 
-1.728007e-04 1.220564e-02 
-4.508096e-04 3.458605e-02 
-2.264746e-04 2.021351e-02 
4.519676e-04 -3.798870e-02 
