poroelastic
5.750944e-02 7.132753e-02 
7.219839e-02 7.502187e-02 
5.448892e-02 -4.973787e-02 
-5.500692e-02 -2.775558e-01 
-4.899705e-02 -3.785955e-01 
-3.776982e-02 -3.839781e-01 
-2.106545e-02 -2.897816e-01 
-3.146166e-03 -1.072909e-01 
-1.027643e-03 3.438109e-02 
-6.830735e-03 1.227436e-01 
-1.197129e-02 1.274566e-01 
1.608699e-03 2.534798e-02 
5.246766e-03 -5.256502e-02 
6.966515e-03 -1.130410e-01 
6.036616e-03 -1.553838e-01 
-8.028720e-01 7.133028e-01 
-6.369404e-02 7.750754e-01 
3.446172e-02 5.132332e-01 
1.215754e-02 1.359761e-01 
-7.208284e-03 -7.416453e-02 
-1.007427e-02 -1.676344e-01 
-2.280668e-04 -1.517504e-01 
7.506384e-03 -3.325501e-02 
4.440319e-03 6.360522e-02 
9.905832e-05 1.182820e-01 
-4.103039e-03 1.064690e-01 
-8.149308e-04 1.244888e-02 
1.161112e-03 -2.544690e-02 
3.865647e-04 -1.621300e-02 
-1.791074e-03 4.614513e-02 
-2.654070e-01 -3.107621e-01 
5.662724e-02 -3.267678e-01 
1.438155e-02 -3.768844e-01 
-7.555465e-02 -4.591026e-01 
-5.193409e-02 -4.483276e-01 
-3.401728e-02 -3.740548e-01 
-1.807307e-02 -2.408397e-01 
-4.567769e-03 -7.374107e-02 
-3.542431e-03 4.661201e-02 
-9.015497e-03 1.145519e-01 
-1.187145e-02 1.022707e-01 
3.743779e-03 -7.700735e-03 
6.921415e-03 -8.549999e-02 
8.086012e-03 -1.372549e-01 
6.677039e-03 -1.601075e-01 
-5.670597e-01 6.445370e-01 
-2.530875e-02 6.072355e-01 
2.380301e-02 4.062264e-01 
1.581898e-02 1.356975e-01 
9.123965e-04 -1.063812e-02 
-2.137430e-03 -8.193039e-02 
4.006690e-03 -8.849128e-02 
7.749409e-03 -3.404196e-02 
5.401618e-03 2.544490e-02 
3.239175e-03 6.798270e-02 
-7.860293e-05 7.322612e-02 
-2.778182e-03 2.702980e-02 
-1.692227e-03 1.600656e-02 
-2.254650e-03 3.361140e-02 
-3.269016e-03 8.300705e-02 
-6.933407e-01 -5.160923e-01 
-2.180121e-02 -6.128560e-01 
-1.400165e-02 -5.974808e-01 
-8.980471e-02 -5.696360e-01 
-5.333198e-02 -4.752912e-01 
-3.132728e-02 -3.470017e-01 
-1.635700e-02 -1.971236e-01 
-5.190609e-03 -5.568520e-02 
-4.458973e-03 4.549050e-02 
-9.342557e-03 1.040679e-01 
-1.194823e-02 9.676960e-02 
3.110984e-03 8.065895e-05 
6.801417e-03 -8.169190e-02 
9.038898e-03 -1.502236e-01 
8.992242e-03 -2.057775e-01 
-3.046725e-01 5.035355e-01 
1.871553e-03 3.842172e-01 
1.311906e-02 2.433610e-01 
1.530709e-02 9.201892e-02 
6.242211e-03 2.967797e-02 
4.513348e-03 2.288000e-03 
7.035864e-03 -1.355575e-02 
6.579264e-03 -2.443124e-02 
5.134026e-03 -5.455966e-03 
4.903214e-03 1.947138e-02 
2.731752e-03 3.431872e-02 
-3.213145e-03 2.565642e-02 
-3.184012e-03 3.720734e-02 
-4.021747e-03 6.546487e-02 
-4.660425e-03 1.128380e-01 
-1.131060e+00 -6.682239e-01 
-1.735123e-01 -9.405718e-01 
-6.145661e-02 -8.569804e-01 
-9.597177e-02 -6.637445e-01 
-4.563297e-02 -4.436798e-01 
-2.083216e-02 -2.368374e-01 
-1.024781e-02 -7.372692e-02 
-5.155004e-03 -1.938917e-03 
-5.016895e-03 4.767948e-02 
-8.327213e-03 7.570764e-02 
-9.976975e-03 6.644812e-02 
2.476669e-03 -3.362375e-03 
5.994801e-03 -7.450985e-02 
8.621464e-03 -1.424334e-01 
9.779531e-03 -2.095863e-01 
-6.539964e-02 1.770432e-01 
-1.847888e-03 5.294167e-02 
-1.669209e-03 1.746808e-02 
1.438570e-02 4.783416e-02 
1.238093e-02 9.641793e-02 
1.063393e-02 1.188177e-01 
6.964649e-03 7.725417e-02 
3.463424e-03 -2.834399e-02 
4.427095e-03 -6.289492e-02 
6.603202e-03 -5.368949e-02 
4.810461e-03 -7.048981e-03 
-4.676892e-03 4.980622e-02 
-5.251393e-03 7.902422e-02 
-4.874743e-03 8.884223e-02 
-3.227294e-03 7.553885e-02 
-1.591595e+00 -8.375596e-01 
-3.786873e-01 -1.349934e+00 
-1.182239e-01 -1.135218e+00 
-6.703353e-02 -6.431328e-01 
-1.754160e-02 -2.397274e-01 
4.539799e-05 4.367697e-02 
-1.884786e-03 1.620318e-01 
-6.619857e-03 5.450545e-02 
-4.670531e-03 -1.093740e-02 
-3.585293e-03 -3.684110e-02 
-3.123373e-03 -2.815402e-02 
1.505695e-03 -4.058038e-03 
2.446180e-03 -2.203354e-02 
4.621922e-03 -7.153842e-02 
7.417914e-03 -1.620451e-01 
-1.223578e-01 -5.077696e-01 
-6.041454e-02 -6.230054e-01 
-4.686331e-02 -5.315939e-01 
-8.972211e-03 -2.235021e-01 
5.467703e-03 -1.127622e-03 
9.623236e-03 1.341898e-01 
6.205652e-03 1.618477e-01 
4.542965e-04 6.525260e-02 
9.248796e-05 7.003893e-03 
1.448380e-03 -2.547534e-02 
2.625243e-03 -3.437588e-02 
6.885197e-04 -1.985712e-02 
-6.663963e-04 4.353176e-03 
-1.954567e-03 3.223055e-02 
-2.673003e-03 5.982483e-02 
-4.955058e-01 1.143553e+00 
5.742707e-02 7.460199e-01 
1.813893e-02 2.870185e-01 
-1.307693e-02 -5.678604e-02 
-1.565856e-02 -2.162507e-01 
-1.103824e-02 -2.587094e-01 
-1.760577e-04 -1.784752e-01 
3.805233e-03 -9.368161e-03 
-2.964084e-04 9.438338e-02 
-5.126934e-03 1.430636e-01 
-8.153219e-03 1.235557e-01 
-8.742574e-04 3.092080e-02 
2.650091e-03 -3.407426e-02 
4.300988e-03 -7.511437e-02 
4.061498e-03 -8.796743e-02 
