poroelastic
-1.552867e-02 1.113583e-01 
-1.212010e-02 1.624528e-01 
-4.336033e-03 1.502683e-01 
1.135278e-03 8.019318e-02 
7.463810e-04 3.542804e-02 
1.157028e-04 -1.010382e-04 
-5.843382e-04 -2.490944e-02 
-5.611833e-04 -2.649816e-02 
-2.488307e-04 -2.377944e-02 
9.542798e-05 -1.301764e-02 
2.409541e-04 1.142064e-02 
1.047437e-04 3.825385e-02 
2.599261e-04 3.335679e-02 
1.610159e-04 6.762763e-03 
-4.347137e-04 -4.268345e-02 
-2.441189e-01 8.135122e-02 
-4.927810e-02 1.256496e-01 
-1.020866e-02 1.262293e-01 
-2.158047e-04 9.703993e-02 
5.482561e-04 7.730403e-02 
5.295754e-04 5.816706e-02 
4.012665e-04 2.951848e-02 
2.697466e-04 -3.674068e-03 
1.061964e-04 -1.508410e-02 
2.800730e-04 -9.686740e-03 
4.033822e-04 1.242466e-02 
3.870574e-05 4.466369e-02 
1.985207e-04 4.613773e-02 
1.658046e-04 2.377593e-02 
-1.445744e-04 -2.008056e-02 
5.225617e-02 1.176111e-01 
-7.006174e-03 2.210988e-01 
-1.005315e-03 2.050099e-01 
9.403588e-04 8.595420e-02 
4.012003e-04 1.476786e-05 
-2.551243e-04 -5.441311e-02 
-8.946480e-04 -7.166383e-02 
-6.838705e-04 -5.080339e-02 
-1.837591e-04 -2.750717e-02 
1.119984e-04 -6.452922e-03 
1.820525e-04 1.005595e-02 
3.069289e-05 2.026278e-02 
7.275413e-05 2.109082e-02 
5.690230e-05 1.132697e-02 
-4.703055e-05 -9.044894e-03 
-4.972408e-02 5.638322e-02 
-5.094637e-03 -1.218432e-02 
-1.937960e-03 -4.582942e-02 
-1.023634e-03 -3.793163e-02 
-8.265306e-04 -2.000544e-02 
-7.365191e-04 4.221511e-03 
-1.207122e-04 2.493310e-02 
1.097167e-03 3.512119e-02 
8.199881e-04 4.175626e-02 
6.401200e-04 4.341976e-02 
3.676333e-04 3.990417e-02 
7.298859e-05 3.114642e-02 
6.573573e-05 1.669858e-02 
1.242062e-05 1.611859e-03 
-3.027432e-05 -5.523257e-03 
4.693531e-02 -2.973668e-03 
6.417804e-04 1.055116e-01 
-5.891055e-04 1.248838e-01 
3.560010e-04 7.184566e-02 
2.636725e-04 2.539399e-02 
4.686424e-05 -1.530324e-02 
-2.475843e-04 -3.950154e-02 
-3.172389e-04 -3.330464e-02 
-2.023187e-04 -3.026120e-02 
-1.003150e-04 -2.606690e-02 
1.402288e-05 -1.801271e-02 
3.329927e-06 -6.436789e-03 
2.749941e-05 6.012379e-03 
5.389942e-05 1.942822e-02 
7.838257e-05 3.791411e-02 
2.304308e-02 -1.835405e-02 
2.602080e-03 -1.185912e-01 
-4.248676e-04 -1.379286e-01 
-7.898611e-04 -7.744466e-02 
-6.484307e-04 -2.778345e-02 
-4.022789e-04 2.229840e-02 
2.467234e-04 6.085546e-02 
9.461499e-04 6.846647e-02 
6.490207e-04 6.752124e-02 
3.675537e-04 5.683904e-02 
5.537263e-05 2.998983e-02 
-3.001575e-05 -5.448684e-03 
-5.970867e-05 -2.217006e-02 
-5.126015e-05 -2.208806e-02 
1.086183e-05 4.979930e-03 
-8.112618e-02 -1.235064e-01 
-4.903721e-03 -5.490587e-02 
1.722966e-04 -8.403683e-03 
-4.288391e-05 -3.508724e-03 
-4.161651e-05 -1.749626e-02 
-6.116586e-05 -2.425067e-02 
-4.222816e-05 -1.869713e-02 
-3.801077e-05 -1.220161e-02 
-1.660289e-05 -4.707822e-03 
-1.113708e-05 -2.983223e-03 
-4.650724e-05 -1.605589e-02 
-4.426147e-06 -3.293074e-02 
6.883711e-05 -1.990763e-02 
8.875778e-05 1.082568e-02 
-8.461643e-05 6.411356e-02 
4.474170e-02 -1.425404e-01 
4.333701e-04 -2.550099e-01 
4.166608e-04 -2.464564e-01 
-3.788265e-04 -1.327264e-01 
-4.922343e-04 -4.292563e-02 
-4.111380e-04 2.935316e-02 
-4.705293e-06 7.470819e-02 
5.240812e-04 7.908208e-02 
3.799114e-04 7.066596e-02 
2.211324e-04 4.700582e-02 
4.190881e-05 8.071864e-03 
-3.562266e-05 -2.709187e-02 
3.989901e-06 -3.075458e-02 
6.439809e-05 -1.249587e-03 
1.855144e-06 7.049459e-02 
-2.716546e-01 -1.670155e-01 
-3.888174e-02 -1.980626e-01 
-2.214957e-03 -1.615772e-01 
7.013737e-04 -1.084653e-01 
2.961936e-04 -6.810886e-02 
1.298913e-05 -3.472784e-02 
-1.464269e-04 9.435967e-04 
7.680931e-05 3.540670e-02 
1.454774e-04 4.228286e-02 
9.030318e-05 2.080762e-02 
-1.216718e-04 -2.954576e-02 
-1.779881e-04 -8.080337e-02 
4.161792e-05 -6.854778e-02 
1.683841e-04 -1.345419e-03 
-1.184564e-04 1.256857e-01 
-3.011749e-02 -1.330283e-01 
-3.631164e-03 -1.746520e-01 
-1.532489e-04 -1.596329e-01 
1.150853e-03 -1.028918e-01 
2.127300e-04 -6.017054e-02 
-4.270979e-04 -1.281930e-02 
-6.046129e-04 3.712025e-02 
-7.016924e-05 6.900876e-02 
7.396296e-05 7.985297e-02 
1.669692e-04 6.478714e-02 
8.420334e-05 1.375209e-02 
-2.090528e-04 -4.729276e-02 
-8.448428e-05 -6.161185e-02 
2.689372e-05 -3.754211e-02 
-2.727874e-05 3.643508e-02 
-2.739174e-01 1.598763e-01 
-1.530675e-02 1.535387e-01 
5.067143e-03 1.425189e-01 
-3.850878e-03 1.329814e-01 
-2.164777e-03 1.113839e-01 
-9.980020e-04 8.142615e-02 
-2.325282e-04 3.141591e-02 
-1.126517e-04 -3.127023e-02 
-1.981164e-04 -5.513313e-02 
-2.160328e-04 -5.011827e-02 
-3.604365e-05 -1.595458e-02 
2.853721e-04 3.694679e-02 
2.005078e-04 5.832782e-02 
1.055831e-04 5.310634e-02 
1.610896e-05 2.248416e-02 
