poroelastic
-1.011212e-02 -2.244292e-01 
-3.379463e-02 -2.779547e-01 
-4.221437e-02 -1.601450e-01 
1.102310e-02 4.105149e-02 
2.028449e-02 1.469373e-01 
2.180157e-02 1.875322e-01 
1.816648e-02 1.568742e-01 
8.236790e-03 7.517946e-02 
3.184742e-03 3.100611e-02 
2.168731e-03 1.350097e-03 
2.354484e-03 -2.263407e-02 
-1.104526e-04 -3.368022e-02 
-4.351589e-04 -1.168950e-02 
-7.516657e-04 4.198510e-02 
-4.181913e-04 1.379513e-01 
1.783583e-01 -3.439072e-01 
-1.314475e-02 -2.997637e-01 
-2.324256e-02 -1.447177e-01 
6.369073e-03 3.046065e-02 
1.304349e-02 1.147535e-01 
1.342054e-02 1.430187e-01 
8.074454e-03 1.130787e-01 
2.110356e-05 2.946892e-02 
-1.641547e-03 -1.627960e-02 
-1.469615e-03 -4.594270e-02 
3.624939e-04 -7.105787e-02 
6.249173e-04 -8.162171e-02 
-5.842511e-06 -4.439461e-02 
-5.583223e-04 3.061557e-02 
-5.860150e-04 1.460200e-01 
2.572758e-02 -1.315265e-01 
-3.086310e-02 -2.075126e-01 
-3.102010e-02 -1.147454e-01 
1.546796e-02 6.558367e-02 
2.107817e-02 1.573312e-01 
2.118400e-02 1.921955e-01 
1.710382e-02 1.628764e-01 
7.472902e-03 8.236085e-02 
2.934123e-03 3.935776e-02 
1.856093e-03 1.214171e-02 
1.690168e-03 -7.417005e-03 
-4.648872e-05 -1.583761e-02 
-2.247993e-04 -4.135593e-03 
-4.961752e-04 3.019316e-02 
-6.072054e-04 9.634318e-02 
-6.309414e-02 -2.332912e-01 
-3.162490e-02 -1.312751e-01 
-1.297462e-02 1.689249e-02 
1.944544e-02 1.426880e-01 
1.909963e-02 1.838749e-01 
1.497625e-02 1.720377e-01 
6.635869e-03 1.077454e-01 
-1.171585e-03 9.534260e-03 
-2.126785e-03 -4.390539e-02 
-1.007973e-03 -7.220791e-02 
1.507946e-03 -8.092594e-02 
3.679092e-04 -6.266494e-02 
-2.815107e-04 -1.682134e-02 
-7.492559e-04 5.008825e-02 
-6.849818e-04 1.422783e-01 
1.076719e-01 -7.096985e-02 
-1.404412e-02 -1.309432e-01 
-2.312049e-02 -5.599989e-02 
2.273154e-02 1.026741e-01 
2.452363e-02 1.827097e-01 
2.263774e-02 2.096208e-01 
1.683661e-02 1.742932e-01 
6.408373e-03 8.610115e-02 
2.275131e-03 3.521671e-02 
1.453734e-03 4.525284e-03 
1.554737e-03 -1.103437e-02 
-8.676268e-06 -9.698730e-03 
-2.062162e-04 3.190880e-03 
-4.641712e-04 3.130344e-02 
-7.240774e-04 8.421428e-02 
-1.737305e-01 -8.007898e-02 
-1.834357e-02 3.598352e-02 
1.347784e-03 1.570818e-01 
3.082669e-02 2.298277e-01 
2.334800e-02 2.336764e-01 
1.523612e-02 1.912075e-01 
4.516225e-03 9.942931e-02 
-2.356416e-03 -1.526318e-02 
-2.417929e-03 -7.591650e-02 
-4.164308e-04 -9.872773e-02 
2.335624e-03 -8.324990e-02 
1.100912e-04 -3.200901e-02 
-5.212969e-04 1.806232e-02 
-8.861316e-04 6.616892e-02 
-8.829331e-04 1.138575e-01 
2.037306e-01 -5.736231e-02 
2.171843e-02 -7.194844e-02 
-1.038553e-02 4.251662e-03 
3.207750e-02 1.487884e-01 
2.921058e-02 2.233496e-01 
2.457493e-02 2.440580e-01 
1.563285e-02 1.940909e-01 
4.270209e-03 7.678235e-02 
1.058298e-03 7.856527e-03 
9.808474e-04 -2.744442e-02 
1.815761e-03 -3.041237e-02 
8.128536e-05 -1.021252e-03 
-3.396037e-04 2.243345e-02 
-6.208008e-04 4.563912e-02 
-9.234539e-04 7.545444e-02 
-1.314487e-01 1.283941e-01 
1.387472e-02 2.591571e-01 
2.725693e-02 3.345621e-01 
3.678542e-02 3.059778e-01 
2.097635e-02 2.366864e-01 
9.197848e-03 1.432566e-01 
-7.983884e-04 3.093255e-02 
-3.194646e-03 -6.377042e-02 
-1.724370e-03 -1.018647e-01 
6.621938e-04 -9.852393e-02 
2.458009e-03 -5.137793e-02 
-4.158045e-04 2.156607e-02 
-8.483878e-04 5.862991e-02 
-8.449942e-04 6.778907e-02 
-4.985896e-04 4.800887e-02 
3.492037e-01 -5.612383e-02 
9.519364e-02 4.496155e-02 
2.231214e-02 1.418307e-01 
3.677693e-02 2.357523e-01 
2.812196e-02 2.763410e-01 
2.049388e-02 2.637942e-01 
9.502047e-03 1.709344e-01 
3.433413e-04 4.934255e-03 
-7.188485e-04 -7.942445e-02 
9.587358e-04 -9.687214e-02 
2.868118e-03 -4.276290e-02 
-6.937720e-04 6.813737e-02 
-1.359916e-03 1.012357e-01 
-9.556902e-04 7.437048e-02 
1.531666e-04 -1.226600e-02 
6.533846e-02 6.400923e-02 
1.996120e-02 1.430921e-01 
3.524280e-02 2.311602e-01 
3.176798e-02 2.868787e-01 
2.015500e-02 2.708327e-01 
1.046397e-02 2.018165e-01 
4.392741e-04 7.762628e-02 
-2.494181e-03 -5.956927e-02 
-1.374799e-03 -1.254944e-01 
7.973421e-04 -1.387723e-01 
2.789283e-03 -9.070024e-02 
5.883580e-05 7.235824e-03 
-9.138077e-04 6.767643e-02 
-1.346661e-03 9.753619e-02 
-1.219027e-03 8.916991e-02 
-8.447181e-02 -5.454003e-02 
-8.769159e-03 -5.095075e-02 
3.743652e-03 -2.285926e-02 
7.638522e-03 3.610271e-02 
6.884815e-03 6.259654e-02 
6.590978e-03 7.860958e-02 
5.450530e-03 8.144573e-02 
2.125537e-03 6.459937e-02 
5.936818e-04 4.830711e-02 
-1.931342e-04 2.089627e-02 
-9.481908e-05 -2.305218e-02 
7.647276e-04 -6.083594e-02 
6.354143e-04 -5.100592e-02 
-5.596444e-06 -4.513321e-04 
-1.220488e-03 9.800101e-02 
