poroelastic
-1.011442e-01 4.013302e-02 
-1.058455e-01 9.182795e-02 
-7.438543e-02 1.672123e-01 
7.000059e-02 2.543101e-01 
6.756753e-02 3.170323e-01 
5.856541e-02 3.256544e-01 
4.521741e-02 2.868313e-01 
1.416313e-02 1.777622e-01 
-1.084268e-03 3.491772e-02 
3.773248e-03 -9.331057e-02 
2.104096e-02 -1.720724e-01 
1.008103e-02 -1.297778e-01 
-1.582593e-03 -2.515785e-02 
-1.273293e-02 1.085202e-01 
-1.979433e-02 2.649670e-01 
3.986701e-01 -2.856080e-01 
3.932202e-02 -3.216251e-01 
-2.160038e-02 -2.500251e-01 
-1.997332e-02 -1.129231e-01 
-3.874306e-04 -4.176275e-03 
9.943676e-03 7.745744e-02 
7.619489e-03 1.229624e-01 
-7.602930e-03 9.042948e-02 
-1.093895e-02 1.817124e-02 
-9.573517e-03 -5.459493e-02 
-3.653508e-04 -1.053046e-01 
9.154631e-03 -8.766305e-02 
5.041879e-03 -5.556620e-02 
1.065428e-03 -1.602766e-02 
-1.964135e-03 2.679570e-02 
1.851322e-01 2.612910e-01 
-8.876083e-02 3.430741e-01 
-3.302366e-02 3.746259e-01 
1.028327e-01 3.916962e-01 
7.886002e-02 3.906565e-01 
5.796642e-02 3.465400e-01 
3.594509e-02 2.586512e-01 
8.646668e-03 1.203181e-01 
6.176033e-04 -1.354908e-02 
8.230487e-03 -1.165652e-01 
2.201691e-02 -1.577614e-01 
5.388298e-03 -8.225913e-02 
-4.713970e-03 1.941753e-02 
-1.324526e-02 1.276002e-01 
-1.814590e-02 2.322260e-01 
2.331728e-01 -3.171383e-01 
4.077864e-04 -2.483398e-01 
-1.763405e-02 -1.474613e-01 
-3.398479e-03 -1.730547e-02 
8.578757e-03 6.413469e-02 
1.033905e-02 1.045910e-01 
-5.719871e-04 1.060978e-01 
-1.316094e-02 6.018518e-02 
-1.224557e-02 -9.387159e-03 
-9.491300e-03 -6.990251e-02 
-1.284388e-03 -9.956828e-02 
7.439427e-03 -6.868020e-02 
4.282251e-03 -4.231576e-02 
2.486909e-03 -2.667716e-02 
2.121608e-03 -2.811964e-02 
5.441164e-01 4.290258e-01 
-5.441221e-03 6.001776e-01 
1.198577e-02 5.899512e-01 
1.329027e-01 5.139034e-01 
8.507417e-02 4.340298e-01 
5.214221e-02 3.274608e-01 
2.504400e-02 2.000495e-01 
4.432549e-03 6.846983e-02 
1.498089e-03 -4.202367e-02 
9.288368e-03 -1.179620e-01 
1.992125e-02 -1.354036e-01 
3.611056e-03 -5.511475e-02 
-5.346292e-03 3.688181e-02 
-1.237315e-02 1.251604e-01 
-1.647850e-02 2.027904e-01 
7.589399e-02 -2.207359e-01 
-8.946739e-05 -5.288395e-02 
9.519203e-03 2.835043e-02 
5.065264e-03 6.396362e-02 
2.659796e-03 5.680171e-02 
-3.296747e-03 3.369889e-02 
-1.289048e-02 1.290839e-02 
-1.363370e-02 1.119210e-02 
-1.006500e-02 -1.069638e-02 
-9.239034e-03 -3.463846e-02 
-5.574757e-03 -4.803269e-02 
4.586924e-03 -3.677842e-02 
4.437128e-03 -3.911715e-02 
5.416291e-03 -5.584857e-02 
7.135719e-03 -9.110562e-02 
9.904505e-01 5.955909e-01 
1.790916e-01 9.777180e-01 
1.024904e-01 9.369166e-01 
1.641318e-01 6.898017e-01 
7.801813e-02 4.445810e-01 
2.980648e-02 2.140413e-01 
6.111343e-03 3.487376e-02 
2.359167e-03 -2.647837e-02 
4.233117e-03 -6.514830e-02 
1.004479e-02 -8.884871e-02 
1.615645e-02 -8.381998e-02 
1.885905e-03 -2.475839e-02 
-5.425188e-03 4.790876e-02 
-1.134557e-02 1.188750e-01 
-1.541604e-02 1.808027e-01 
-3.412652e-02 1.042748e-01 
4.556433e-02 3.268445e-01 
6.028348e-02 3.263635e-01 
4.427872e-03 1.380434e-01 
-1.866462e-02 -4.055020e-02 
-2.868768e-02 -1.617780e-01 
-2.274228e-02 -1.686757e-01 
-6.782205e-03 -2.274233e-02 
-5.712899e-03 5.406862e-02 
-1.120551e-02 7.692589e-02 
-1.313638e-02 4.310416e-02 
3.945542e-03 -3.171630e-02 
7.611727e-03 -7.568552e-02 
9.281168e-03 -1.018042e-01 
9.108847e-03 -1.122894e-01 
1.563468e+00 7.588365e-01 
4.822740e-01 1.470136e+00 
2.284502e-01 1.357130e+00 
1.408588e-01 7.924813e-01 
3.197336e-02 2.881218e-01 
-1.622937e-02 -9.467428e-02 
-1.915639e-02 -2.815358e-01 
3.210071e-03 -1.481192e-01 
7.411321e-03 -3.636152e-02 
6.553091e-03 2.699545e-02 
4.813887e-03 4.145250e-02 
-2.024804e-04 4.006417e-03 
-2.187786e-03 1.872649e-02 
-5.618823e-03 5.860181e-02 
-1.051023e-02 1.231952e-01 
2.177796e-01 7.501823e-01 
1.638004e-01 1.008329e+00 
1.414033e-01 8.724376e-01 
2.505854e-02 3.426567e-01 
-2.295373e-02 -4.997903e-02 
-3.883211e-02 -2.936243e-01 
-2.614878e-02 -3.467767e-01 
-1.290369e-03 -1.487822e-01 
1.659433e-03 5.087485e-03 
-4.710397e-03 1.103228e-01 
-1.443448e-02 1.474204e-01 
-7.699974e-03 8.341782e-02 
2.255986e-04 7.595839e-04 
8.488810e-03 -9.086304e-02 
1.586110e-02 -1.812804e-01 
1.353023e-01 -8.684674e-01 
-5.217343e-02 -2.994281e-01 
2.015138e-02 8.973229e-02 
3.732822e-02 2.167495e-01 
2.642873e-02 2.428363e-01 
1.041593e-02 1.947710e-01 
-1.179231e-02 6.233284e-02 
-1.158509e-02 -8.810715e-02 
-1.426567e-03 -1.565270e-01 
6.295901e-03 -1.605488e-01 
9.949939e-03 -9.883557e-02 
4.744082e-04 -1.379738e-03 
-4.908377e-03 5.392447e-02 
-5.990845e-03 6.542320e-02 
-1.847818e-03 2.017043e-02 
