poroelastic
-1.514088e-02 4.761626e-02 
-1.432463e-02 6.403636e-02 
-1.197363e-02 7.164667e-02 
2.324620e-03 9.785018e-02 
4.154781e-03 1.094881e-01 
4.305136e-03 1.017491e-01 
3.261902e-03 6.765892e-02 
5.181440e-04 8.889021e-03 
-8.022910e-04 -3.255048e-02 
-5.070950e-04 -4.954943e-02 
5.889155e-04 -2.933876e-02 
1.550324e-04 2.633799e-02 
4.545069e-04 5.074543e-02 
4.750577e-04 4.452447e-02 
3.484803e-06 2.974205e-04 
9.048067e-01 -5.832735e-01 
1.408650e-01 -7.180488e-01 
1.219625e-02 -5.491491e-01 
-9.128302e-03 -3.095161e-01 
-5.295728e-03 -1.492805e-01 
-1.300732e-03 -3.625859e-02 
8.869850e-04 2.309158e-02 
-3.275875e-04 6.939232e-03 
-4.255466e-04 9.515369e-04 
-3.202870e-04 1.056522e-02 
-3.346668e-04 3.698592e-02 
5.496283e-04 6.631530e-02 
3.462003e-04 3.741313e-02 
-3.950904e-04 -4.363049e-02 
-1.638424e-03 -1.792518e-01 
2.187436e-01 4.712841e-01 
-1.993042e-02 4.993177e-01 
-6.131832e-03 4.241684e-01 
6.785303e-03 2.683949e-01 
4.454047e-03 1.456777e-01 
1.494884e-03 5.222554e-02 
-2.647657e-04 -1.170038e-02 
4.789994e-05 -4.309912e-02 
2.816050e-05 -5.155479e-02 
1.078494e-03 -4.008817e-02 
2.278771e-03 3.918795e-04 
8.306366e-04 6.412017e-02 
8.305408e-04 9.438458e-02 
7.174091e-04 9.237034e-02 
3.413835e-04 5.066827e-02 
7.805721e-01 -5.061237e-01 
9.625224e-02 -5.996046e-01 
1.543225e-02 -5.391737e-01 
-9.762748e-03 -4.260286e-01 
-9.262503e-03 -3.093507e-01 
-6.423913e-03 -1.951702e-01 
-3.105336e-03 -8.182718e-02 
-1.984897e-04 9.690677e-03 
9.593241e-04 5.780986e-02 
5.446994e-04 8.071028e-02 
-8.878181e-04 8.146476e-02 
6.913460e-05 5.040789e-02 
-3.265299e-04 -1.521790e-02 
-9.662889e-04 -1.058808e-01 
-1.553861e-03 -2.222547e-01 
5.214695e-01 6.032002e-01 
1.635189e-02 6.475361e-01 
-1.459986e-03 5.077895e-01 
8.181248e-03 2.897082e-01 
3.816317e-03 1.281560e-01 
1.992879e-04 1.256074e-02 
-7.480127e-04 -4.227228e-02 
1.305779e-03 -2.788618e-02 
1.378385e-03 -1.100879e-02 
2.075674e-03 1.181498e-02 
2.775787e-03 4.111203e-02 
1.360558e-03 7.309534e-02 
9.216800e-04 8.961682e-02 
6.491219e-04 9.157778e-02 
2.906161e-04 8.246122e-02 
5.165880e-01 -4.356305e-01 
3.462164e-02 -4.417872e-01 
1.112889e-02 -4.352609e-01 
-1.075646e-02 -4.075467e-01 
-1.046536e-02 -3.503233e-01 
-8.171862e-03 -2.614311e-01 
-4.423822e-03 -1.282182e-01 
-1.663042e-04 1.572363e-02 
1.483206e-03 9.261387e-02 
9.992275e-04 1.274351e-01 
-1.207328e-03 1.104779e-01 
-9.146163e-04 3.179811e-02 
-1.081510e-03 -5.587158e-02 
-1.289136e-03 -1.539846e-01 
-8.634677e-04 -2.626170e-01 
8.283710e-01 7.592436e-01 
8.754432e-02 8.866404e-01 
1.122927e-02 6.598014e-01 
9.389042e-03 3.007932e-01 
1.547243e-03 4.839871e-02 
-2.687706e-03 -1.041163e-01 
-2.757330e-03 -1.349879e-01 
5.987120e-04 -4.418550e-02 
1.668295e-03 2.140624e-02 
2.305984e-03 6.167966e-02 
2.589914e-03 6.966218e-02 
1.557013e-03 5.273392e-02 
8.757127e-04 5.753782e-02 
5.810501e-04 7.478212e-02 
-1.345334e-05 1.123302e-01 
2.161944e-01 -2.413332e-01 
-4.290180e-04 -2.573299e-01 
3.415436e-03 -3.673037e-01 
-1.259403e-02 -4.801515e-01 
-1.320039e-02 -4.868999e-01 
-1.125877e-02 -4.058371e-01 
-5.739148e-03 -2.129378e-01 
1.629540e-03 3.891489e-02 
3.615905e-03 1.699223e-01 
2.938655e-03 2.076062e-01 
-5.524164e-05 1.382636e-01 
-1.452603e-03 -1.227760e-02 
-1.276087e-03 -1.034877e-01 
-8.309795e-04 -1.453924e-01 
-6.504027e-05 -1.242966e-01 
1.105059e+00 9.339024e-01 
1.630274e-01 1.166822e+00 
1.997045e-02 7.977072e-01 
4.802798e-03 2.207575e-01 
-2.507372e-03 -1.281302e-01 
-6.876483e-03 -2.997033e-01 
-6.646319e-03 -2.652537e-01 
8.327123e-04 -1.897312e-02 
3.238963e-03 1.167313e-01 
3.256788e-03 1.578999e-01 
1.614513e-03 1.011951e-01 
-1.196829e-04 -2.741115e-02 
-6.947667e-05 -6.190953e-02 
3.234775e-04 -1.771684e-02 
-4.273995e-05 1.159009e-01 
7.885200e-03 3.452010e-01 
5.072220e-03 3.443677e-01 
-5.285695e-03 1.623603e-01 
-3.054193e-04 -1.573063e-01 
-3.810253e-03 -3.177943e-01 
-5.550585e-03 -3.410271e-01 
-4.234751e-03 -2.142588e-01 
4.619534e-04 3.479899e-03 
2.216161e-03 1.281402e-01 
2.246297e-03 1.761035e-01 
3.747642e-04 1.277059e-01 
-1.180581e-03 3.538227e-03 
-9.830737e-04 -7.402428e-02 
-5.390616e-04 -1.170739e-01 
1.844610e-04 -1.094299e-01 
7.075798e-01 -8.589807e-01 
1.614093e-02 -7.166749e-01 
-8.732419e-03 -4.212344e-01 
-1.387677e-03 -1.722924e-01 
-4.856169e-04 -1.647256e-02 
1.358227e-03 8.148107e-02 
2.362932e-03 9.373671e-02 
-4.195551e-04 -2.408503e-03 
-1.214037e-03 -5.004431e-02 
-1.100699e-03 -6.090413e-02 
-3.291137e-04 -3.533290e-02 
2.932773e-04 2.007750e-02 
1.890344e-04 3.789933e-02 
-4.338719e-05 2.002917e-02 
-1.220364e-05 -3.629543e-02 
