poroelastic
1.049646e-02 1.696740e-01 
2.736335e-02 2.210885e-01 
3.388807e-02 1.179775e-01 
-1.691077e-02 -1.039951e-01 
-1.824047e-02 -2.055143e-01 
-1.534893e-02 -2.326110e-01 
-9.127655e-03 -1.852732e-01 
-1.479060e-03 -7.702625e-02 
-1.001869e-04 3.947689e-04 
-1.775163e-03 5.032586e-02 
-3.744422e-03 6.376556e-02 
-1.429021e-04 2.967689e-02 
1.199133e-03 -6.516291e-03 
2.241623e-03 -4.773366e-02 
2.337500e-03 -9.648621e-02 
-7.576100e-01 6.115134e-01 
-9.098159e-02 6.949569e-01 
1.131764e-02 4.787609e-01 
1.054244e-02 1.619861e-01 
-6.919550e-04 -1.139799e-02 
-3.359708e-03 -9.496444e-02 
2.530422e-04 -9.759617e-02 
3.448127e-03 -2.507954e-02 
2.216860e-03 2.798916e-02 
8.050349e-04 5.905926e-02 
-9.799295e-04 6.157127e-02 
-1.475039e-03 2.929722e-02 
-5.737734e-04 1.257810e-02 
-2.982828e-04 6.941761e-03 
-3.358498e-04 1.359730e-02 
-1.402726e-01 -1.389252e-01 
3.139700e-02 -6.133144e-02 
1.744260e-02 -1.062632e-01 
-2.583509e-02 -2.265782e-01 
-1.926803e-02 -2.567212e-01 
-1.366762e-02 -2.349973e-01 
-8.047936e-03 -1.631769e-01 
-2.335929e-03 -5.971199e-02 
-1.439329e-03 8.564895e-03 
-3.147045e-03 4.693047e-02 
-3.890575e-03 4.508891e-02 
1.436629e-03 -2.460128e-03 
2.343457e-03 -3.839139e-02 
2.870275e-03 -6.923437e-02 
2.599016e-03 -9.573207e-02 
-4.782369e-01 5.082706e-01 
-3.977593e-02 4.713610e-01 
4.636165e-03 3.091435e-01 
9.566915e-03 1.207678e-01 
2.784393e-03 2.399517e-02 
1.187749e-03 -2.054765e-02 
3.418748e-03 -2.471795e-02 
4.014566e-03 2.461830e-03 
2.392382e-03 2.616385e-02 
1.591370e-03 4.025426e-02 
4.277143e-04 3.823877e-02 
-1.484957e-03 1.843065e-02 
-1.115424e-03 1.715782e-02 
-1.310458e-03 3.027045e-02 
-1.514623e-03 6.062515e-02 
-4.129461e-01 -3.402277e-01 
-4.049861e-03 -2.956640e-01 
4.265824e-03 -2.706179e-01 
-3.068097e-02 -2.902700e-01 
-1.878405e-02 -2.591039e-01 
-1.207330e-02 -2.038658e-01 
-7.517821e-03 -1.279744e-01 
-2.843338e-03 -4.971357e-02 
-1.866874e-03 2.983734e-04 
-3.048958e-03 2.769670e-02 
-3.186485e-03 2.414158e-02 
1.869553e-03 -1.680618e-02 
2.505698e-03 -4.613284e-02 
2.873894e-03 -7.051088e-02 
2.686154e-03 -9.304877e-02 
-2.284276e-01 3.455407e-01 
-8.767815e-03 2.356487e-01 
-8.334620e-05 1.322801e-01 
7.887061e-03 5.906955e-02 
4.532281e-03 3.730738e-02 
4.103371e-03 3.610110e-02 
5.176140e-03 3.733863e-02 
3.623297e-03 2.837255e-02 
1.957962e-03 2.621709e-02 
1.718014e-03 2.267279e-02 
1.325347e-03 1.273018e-02 
-8.893856e-04 7.002712e-04 
-1.122103e-03 1.248237e-02 
-1.921982e-03 4.326418e-02 
-2.562316e-03 9.599142e-02 
-7.432285e-01 -4.844996e-01 
-8.585717e-02 -5.618864e-01 
-1.751416e-02 -4.765161e-01 
-3.456369e-02 -3.683344e-01 
-1.652092e-02 -2.514745e-01 
-8.669942e-03 -1.454203e-01 
-5.529376e-03 -5.894119e-02 
-2.847451e-03 -1.570246e-02 
-2.201559e-03 8.023318e-03 
-2.907547e-03 1.675902e-02 
-2.532468e-03 4.453509e-03 
2.228105e-03 -3.245340e-02 
2.749221e-03 -5.660437e-02 
2.901721e-03 -7.243361e-02 
2.622849e-03 -8.357410e-02 
-3.723657e-02 5.596887e-02 
-5.254829e-03 -6.653785e-02 
-5.755853e-03 -7.444247e-02 
6.624011e-03 1.054440e-02 
6.783054e-03 8.348059e-02 
6.484369e-03 1.256940e-01 
4.734320e-03 1.097990e-01 
1.758275e-03 3.192085e-02 
1.374594e-03 -9.751973e-03 
2.400189e-03 -2.948211e-02 
2.581733e-03 -2.679475e-02 
-8.666495e-04 -1.466264e-03 
-1.655816e-03 2.734988e-02 
-2.433938e-03 6.033516e-02 
-2.637715e-03 9.564419e-02 
-1.109145e+00 -6.100242e-01 
-2.083417e-01 -8.778114e-01 
-4.566127e-02 -7.091348e-01 
-2.335665e-02 -3.932068e-01 
-6.539277e-03 -1.537868e-01 
-1.206168e-03 8.450271e-03 
-1.847343e-03 8.075987e-02 
-3.294927e-03 3.606318e-02 
-2.462866e-03 5.009184e-04 
-1.798006e-03 -2.748934e-02 
-3.049200e-04 -4.984339e-02 
3.040670e-03 -6.042190e-02 
2.380730e-03 -5.585942e-02 
1.499726e-03 -4.100992e-02 
6.647322e-04 -2.242645e-02 
-7.247769e-02 -3.335347e-01 
-2.494008e-02 -4.096489e-01 
-1.644818e-02 -3.541723e-01 
-2.791851e-03 -1.601871e-01 
1.530050e-03 -1.579651e-02 
2.974699e-03 7.940060e-02 
2.245916e-03 1.100483e-01 
9.684621e-05 6.526273e-02 
-5.491914e-04 3.240723e-02 
-2.118011e-04 4.164980e-03 
7.803574e-04 -2.129011e-02 
1.159254e-03 -3.309963e-02 
5.593665e-04 -2.228332e-02 
-5.039701e-04 7.347165e-03 
-1.604727e-03 5.756462e-02 
-4.986517e-01 7.386887e-01 
1.136611e-02 5.599115e-01 
1.358689e-02 3.068943e-01 
1.638495e-03 9.285834e-02 
-1.451425e-03 -2.445073e-02 
-2.038561e-03 -8.612902e-02 
-7.106494e-04 -9.131626e-02 
9.589243e-04 -4.121911e-02 
7.554012e-04 -4.428670e-03 
3.136396e-05 2.270485e-02 
-1.095348e-03 3.792174e-02 
-1.246651e-03 3.160190e-02 
-5.290550e-04 1.795910e-02 
2.208052e-04 -2.458149e-03 
8.786987e-04 -3.091946e-02 
