poroelastic
-6.498632e-03 9.114607e-02 
1.285511e-03 9.993072e-02 
5.939537e-03 5.388576e-02 
3.189750e-04 1.642706e-02 
-7.011552e-04 4.309009e-03 
-1.161651e-03 5.168360e-04 
-2.384899e-03 1.919737e-03 
-2.733377e-03 -5.910210e-03 
-1.447071e-03 -2.655773e-02 
-1.806534e-04 -3.655644e-02 
2.416110e-04 -1.564904e-02 
-1.525148e-03 3.414089e-02 
-1.221440e-03 3.715946e-02 
6.753637e-04 -1.470769e-04 
3.023943e-03 -8.798712e-02 
3.768984e-01 -1.279992e-01 
6.916344e-02 -2.302751e-01 
6.686999e-03 -2.241755e-01 
-1.524378e-02 -1.603642e-01 
-8.331528e-03 -1.015459e-01 
-4.004037e-03 -5.291878e-02 
-2.101682e-03 -1.674206e-02 
-1.459032e-03 -4.609565e-03 
-8.597714e-04 -6.097909e-03 
-8.846951e-04 -9.848215e-04 
-2.203025e-03 2.499490e-02 
-2.626521e-03 6.684768e-02 
-1.066656e-03 4.562964e-02 
2.047168e-03 -2.734350e-02 
5.323281e-03 -1.568065e-01 
7.686295e-02 2.473875e-01 
-2.582119e-03 2.840773e-01 
1.104012e-02 2.127436e-01 
6.962429e-03 1.000373e-01 
5.794425e-04 2.721547e-02 
-2.376155e-03 -2.046443e-02 
-3.046522e-03 -3.811546e-02 
-1.316091e-03 -3.033816e-02 
1.124660e-04 -3.355779e-02 
1.232065e-03 -3.126936e-02 
1.095903e-03 -8.622027e-03 
-1.901044e-03 3.431461e-02 
-1.874032e-03 4.253872e-02 
-4.799915e-04 1.776602e-02 
1.836084e-03 -4.945692e-02 
4.570847e-01 -1.578712e-01 
6.555500e-02 -2.641936e-01 
8.278384e-03 -3.088606e-01 
-2.732722e-02 -2.887347e-01 
-1.763316e-02 -2.378121e-01 
-1.021157e-02 -1.652907e-01 
-3.858132e-03 -7.212156e-02 
-5.518314e-04 1.636421e-02 
-1.478630e-03 5.664283e-02 
-4.148756e-03 7.167154e-02 
-6.610795e-03 6.899371e-02 
-7.973815e-04 4.686845e-02 
1.716437e-03 -7.204574e-03 
4.554126e-03 -8.622143e-02 
6.646701e-03 -1.930606e-01 
2.049683e-01 3.184906e-01 
1.291633e-02 3.777554e-01 
1.586119e-02 2.821891e-01 
8.211991e-03 1.237313e-01 
-4.931048e-04 1.544423e-02 
-3.751081e-03 -5.233414e-02 
-2.795590e-03 -6.900950e-02 
6.312802e-05 -3.625250e-02 
8.956331e-04 -2.248830e-02 
1.467140e-03 -1.554946e-02 
1.437965e-03 -6.160657e-03 
-1.013230e-03 1.447485e-02 
-1.396375e-03 2.667412e-02 
-1.188840e-03 2.658235e-02 
-3.331944e-04 8.604907e-03 
3.990275e-01 -2.085025e-01 
3.134571e-02 -2.904897e-01 
1.411537e-03 -3.556631e-01 
-3.489419e-02 -3.590408e-01 
-2.212608e-02 -3.186144e-01 
-1.288089e-02 -2.366587e-01 
-3.738377e-03 -1.053277e-01 
5.709359e-04 4.088173e-02 
-1.950511e-03 1.110724e-01 
-6.427013e-03 1.281544e-01 
-8.840978e-03 9.273093e-02 
8.802153e-04 1.606257e-02 
3.800291e-03 -5.559470e-02 
5.921575e-03 -1.223135e-01 
6.620495e-03 -1.833699e-01 
3.180820e-01 3.888988e-01 
4.408320e-02 4.842340e-01 
2.436385e-02 3.464715e-01 
3.951421e-03 1.131369e-01 
-5.778138e-03 -4.897101e-02 
-7.885411e-03 -1.417938e-01 
-3.398350e-03 -1.407842e-01 
1.380865e-03 -4.207057e-02 
1.112830e-03 1.195313e-02 
1.909496e-04 3.305460e-02 
-2.857425e-04 2.309786e-02 
7.918892e-05 -3.511229e-03 
1.069165e-04 -4.742017e-03 
-4.769307e-04 8.264993e-03 
-1.399532e-03 3.400407e-02 
2.037623e-01 -2.470053e-01 
-3.110377e-03 -3.433226e-01 
-1.505162e-02 -4.185023e-01 
-3.518829e-02 -4.090892e-01 
-2.085746e-02 -3.491690e-01 
-1.052441e-02 -2.399372e-01 
-7.254856e-04 -7.446028e-02 
1.458772e-03 9.609812e-02 
-3.026167e-03 1.668111e-01 
-8.176393e-03 1.621611e-01 
-8.510291e-03 7.638245e-02 
3.975746e-03 -5.322567e-02 
6.146226e-03 -1.193193e-01 
6.005373e-03 -1.360651e-01 
3.586725e-03 -9.703888e-02 
3.776042e-01 4.574007e-01 
6.289148e-02 5.431879e-01 
2.026461e-02 3.284701e-01 
-5.543194e-03 1.697509e-02 
-1.138839e-02 -1.824841e-01 
-1.069412e-02 -2.688589e-01 
-3.133350e-03 -2.072518e-01 
3.575124e-03 1.403683e-03 
6.972780e-04 1.093857e-01 
-3.051858e-03 1.315807e-01 
-3.766808e-03 6.120105e-02 
3.616208e-03 -7.179106e-02 
4.297133e-03 -9.747912e-02 
1.378985e-03 -4.146479e-02 
-3.973950e-03 1.020962e-01 
-3.321161e-02 1.026876e-01 
-1.029622e-03 3.345921e-02 
-1.634056e-02 -9.854170e-02 
-1.753099e-02 -2.520991e-01 
-1.253757e-02 -3.002927e-01 
-7.776867e-03 -2.594336e-01 
-8.719409e-04 -1.231608e-01 
1.930569e-03 6.093836e-02 
-2.118850e-03 1.515672e-01 
-6.877415e-03 1.683124e-01 
-7.875176e-03 9.851115e-02 
2.576014e-03 -3.240066e-02 
5.324281e-03 -1.051978e-01 
5.504413e-03 -1.257993e-01 
2.822311e-03 -7.500277e-02 
4.436315e-01 -5.003386e-01 
-5.300951e-03 -4.106243e-01 
-1.602875e-02 -2.468241e-01 
-5.214400e-03 -1.023063e-01 
-8.056293e-04 -1.174834e-02 
4.540618e-04 3.331104e-02 
-1.218023e-03 2.593712e-02 
-2.210575e-03 -2.728622e-02 
-2.667148e-04 -5.614940e-02 
1.216752e-03 -5.610561e-02 
1.135714e-03 -2.070354e-02 
-1.606855e-03 3.331336e-02 
-1.713042e-03 4.106493e-02 
-3.030073e-04 1.216744e-02 
2.186252e-03 -5.699178e-02 
