poroelastic
-3.911126e-02 -5.486387e-03 
-4.434520e-02 1.679567e-02 
-3.712304e-02 1.013854e-01 
2.204847e-02 2.424866e-01 
2.514716e-02 2.999774e-01 
2.227084e-02 2.884998e-01 
1.431738e-02 2.020062e-01 
2.451224e-03 5.421571e-02 
-1.909481e-03 -5.561795e-02 
-1.047888e-03 -1.215501e-01 
2.535056e-03 -1.235546e-01 
-4.819613e-04 -4.389996e-02 
-6.112357e-04 3.508525e-02 
-3.373543e-04 1.073528e-01 
4.651275e-04 1.666337e-01 
8.304514e-01 -5.776903e-01 
1.038994e-01 -6.617931e-01 
-4.215578e-03 -4.730640e-01 
-1.552455e-02 -2.017761e-01 
-2.950499e-03 -3.355567e-02 
3.071246e-03 5.771437e-02 
1.496440e-03 7.265042e-02 
-4.221431e-03 1.043926e-02 
-4.507698e-03 -4.364802e-02 
-4.154492e-03 -7.250877e-02 
-2.521455e-03 -6.039113e-02 
7.028490e-05 -7.283235e-03 
1.299526e-04 3.386863e-03 
1.096645e-04 -2.280185e-02 
-1.555914e-04 -9.568242e-02 
2.498229e-01 3.469712e-01 
-3.735685e-02 3.709532e-01 
-1.509857e-02 3.873280e-01 
3.330434e-02 3.974401e-01 
2.716410e-02 3.595777e-01 
1.951152e-02 2.810739e-01 
1.106246e-02 1.610393e-01 
2.695129e-03 2.353922e-02 
-3.435640e-04 -6.844740e-02 
1.037438e-03 -1.146774e-01 
3.917334e-03 -9.631917e-02 
-1.866045e-04 -3.219104e-03 
-4.294838e-04 7.499590e-02 
-3.731792e-04 1.374858e-01 
-1.123930e-04 1.782227e-01 
5.990465e-01 -5.204061e-01 
5.187354e-02 -4.832536e-01 
7.208313e-04 -3.489353e-01 
-1.524686e-02 -1.928455e-01 
-7.228767e-03 -9.125253e-02 
-3.062218e-03 -2.932555e-02 
-3.434301e-03 -4.036082e-04 
-4.997996e-03 -5.056933e-03 
-4.017871e-03 -2.525424e-02 
-4.034971e-03 -4.139763e-02 
-3.305903e-03 -4.178435e-02 
1.237655e-04 -2.530890e-02 
1.705337e-04 -2.934453e-02 
1.200212e-04 -5.311769e-02 
-7.596923e-05 -1.068399e-01 
6.345326e-01 5.704626e-01 
2.520072e-02 6.530458e-01 
5.494352e-03 5.910182e-01 
4.037133e-02 4.726157e-01 
2.592182e-02 3.506591e-01 
1.528802e-02 2.244824e-01 
7.650077e-03 1.010054e-01 
2.493117e-03 6.052185e-03 
5.348906e-04 -5.606617e-02 
1.606218e-03 -8.631117e-02 
3.698940e-03 -7.088559e-02 
2.935939e-04 2.612255e-03 
-1.432482e-04 7.196354e-02 
-3.479319e-04 1.347414e-01 
-5.345854e-04 1.858379e-01 
3.361271e-01 -3.854166e-01 
1.446050e-02 -2.557597e-01 
5.111080e-03 -1.814460e-01 
-1.465012e-02 -1.494419e-01 
-1.073779e-02 -1.315034e-01 
-8.817600e-03 -1.158888e-01 
-7.774243e-03 -8.333769e-02 
-4.726828e-03 -3.067689e-02 
-2.687897e-03 -9.271089e-03 
-2.770847e-03 -1.535669e-03 
-3.020329e-03 -2.268822e-03 
-1.190538e-04 -1.295921e-02 
8.486440e-05 -3.646944e-02 
1.818850e-04 -7.392912e-02 
3.029930e-04 -1.339954e-01 
1.055527e+00 7.519740e-01 
1.463807e-01 9.850637e-01 
3.801581e-02 8.380797e-01 
4.499211e-02 5.443984e-01 
2.095040e-02 3.034671e-01 
7.521063e-03 1.103679e-01 
1.743999e-03 -1.502965e-02 
1.109542e-03 -3.621660e-02 
8.578474e-04 -4.810868e-02 
1.806971e-03 -5.069872e-02 
3.236317e-03 -3.472697e-02 
8.799929e-04 1.083124e-02 
1.737339e-04 6.402537e-02 
-3.244688e-04 1.188333e-01 
-1.070749e-03 1.724361e-01 
8.976311e-02 -7.648852e-02 
7.851411e-03 6.414652e-02 
9.148545e-03 2.402438e-02 
-1.419146e-02 -1.251257e-01 
-1.525088e-02 -2.114292e-01 
-1.439394e-02 -2.366246e-01 
-9.620641e-03 -1.686110e-01 
-2.184165e-03 -1.879382e-02 
-1.627486e-04 5.437697e-02 
-1.090178e-03 7.608026e-02 
-2.699748e-03 4.162667e-02 
-3.726539e-04 -3.531820e-02 
6.246007e-05 -7.851096e-02 
2.857945e-04 -1.008027e-01 
4.514768e-04 -1.007002e-01 
1.485752e+00 9.262158e-01 
3.015031e-01 1.359305e+00 
7.155523e-02 1.073879e+00 
2.957956e-02 5.044145e-01 
4.852528e-03 1.052968e-01 
-6.613320e-03 -1.446430e-01 
-7.075209e-03 -2.168229e-01 
5.592532e-04 -7.299793e-02 
2.510633e-03 1.653521e-02 
2.854964e-03 6.006210e-02 
2.317071e-03 5.874598e-02 
4.229209e-04 1.792927e-02 
1.275497e-04 1.678390e-02 
-5.462704e-05 4.335262e-02 
-5.692171e-04 1.027677e-01 
9.940055e-02 5.434034e-01 
4.332932e-02 6.492445e-01 
2.221383e-02 4.927970e-01 
1.194695e-03 1.064128e-01 
-7.228936e-03 -1.296714e-01 
-1.060235e-02 -2.475914e-01 
-8.367398e-03 -2.283194e-01 
-2.113848e-03 -8.301024e-02 
1.471823e-04 5.669985e-03 
4.010690e-04 5.723763e-02 
-4.939064e-04 6.812074e-02 
-3.724781e-04 3.202359e-02 
-1.701351e-04 -5.460107e-03 
1.070709e-04 -4.819677e-02 
6.201908e-04 -9.655069e-02 
6.488611e-01 -1.009154e+00 
-2.298216e-02 -6.826156e-01 
-1.795556e-02 -3.239555e-01 
-3.199747e-03 -8.171251e-02 
2.364318e-03 5.845124e-02 
4.585664e-03 1.233124e-01 
2.645651e-03 1.007619e-01 
-1.726532e-03 -2.940794e-03 
-2.280828e-03 -7.017201e-02 
-1.670868e-03 -1.014018e-01 
-8.366794e-05 -8.638874e-02 
2.064056e-04 -2.595520e-02 
5.344083e-05 1.621696e-02 
-8.232232e-05 4.131672e-02 
-1.919354e-04 4.324599e-02 
