poroelastic
2.020853e-02 4.159014e-01 
4.699266e-02 6.044800e-01 
6.554854e-02 4.533379e-01 
-1.428372e-03 4.586552e-02 
-1.529293e-02 -2.058317e-01 
-2.369340e-02 -3.795912e-01 
-3.123777e-02 -3.933707e-01 
-2.414968e-02 -2.166451e-01 
-1.403170e-02 -1.640238e-01 
-1.164066e-02 -1.273973e-01 
-7.959794e-03 -6.535448e-02 
3.405367e-03 -5.552232e-02 
2.222185e-03 -9.674334e-02 
1.011378e-03 -1.873988e-01 
-3.498861e-03 -4.160850e-01 
-1.832800e+00 1.115452e+00 
-2.208209e-01 1.742605e+00 
3.785255e-02 1.492206e+00 
3.677656e-02 6.938296e-01 
4.937087e-03 1.108219e-01 
-1.391306e-02 -3.045650e-01 
-1.508108e-02 -4.582511e-01 
4.684979e-04 -2.649710e-01 
5.165447e-03 -1.132661e-01 
9.071599e-03 6.521348e-02 
7.290107e-03 2.852415e-01 
-1.994476e-03 4.084620e-01 
2.473384e-04 3.525438e-01 
1.160324e-03 1.355624e-01 
-1.509091e-03 -2.998392e-01 
-3.877907e-01 5.631094e-02 
4.701891e-02 1.121554e-01 
3.368096e-02 -1.226351e-01 
-3.674888e-02 -5.203932e-01 
-3.957668e-02 -6.932230e-01 
-3.678602e-02 -7.110112e-01 
-2.977838e-02 -5.027884e-01 
-1.406900e-02 -1.047879e-01 
-6.282577e-03 1.150082e-01 
-8.748727e-03 2.370188e-01 
-1.218481e-02 2.652419e-01 
3.606634e-03 1.064827e-01 
3.307393e-03 -1.761965e-01 
1.770606e-03 -5.467637e-01 
-3.329335e-03 -1.030971e+00 
-1.343658e+00 8.570366e-01 
-1.202142e-01 1.238183e+00 
2.856327e-02 1.259019e+00 
5.189207e-02 9.941570e-01 
3.363971e-02 7.416226e-01 
1.615094e-02 4.295588e-01 
-3.295866e-03 7.866534e-02 
-1.183020e-02 -1.870268e-01 
-9.353536e-03 -3.569162e-01 
-4.467778e-03 -4.037560e-01 
1.849609e-03 -2.707632e-01 
-8.416029e-04 -1.485751e-02 
-5.221873e-04 1.404629e-01 
1.937187e-04 2.089634e-01 
4.047702e-04 1.054488e-01 
-5.383089e-01 1.505823e-01 
-1.072768e-02 3.454877e-01 
3.292196e-02 2.208953e-01 
-3.302270e-02 -2.176262e-01 
-3.493411e-02 -4.520514e-01 
-3.677974e-02 -6.002381e-01 
-3.474458e-02 -5.693849e-01 
-1.668107e-02 -2.800159e-01 
-8.185280e-03 -1.053117e-01 
-6.949785e-03 5.815754e-02 
-8.112568e-03 2.645542e-01 
7.926319e-04 3.116336e-01 
1.223114e-03 3.151159e-02 
7.667840e-04 -4.954695e-01 
-1.738439e-03 -1.397072e+00 
-4.810469e-01 8.580310e-01 
1.792774e-02 1.052372e+00 
4.251086e-02 9.279455e-01 
2.238088e-02 5.500624e-01 
6.125505e-03 2.643364e-01 
-6.426575e-03 -1.285367e-03 
-1.563755e-02 -2.170297e-01 
-1.175755e-02 -3.075024e-01 
-7.274567e-03 -3.292455e-01 
-3.520601e-03 -2.549998e-01 
-2.516309e-04 -5.785113e-02 
3.181500e-04 1.505169e-01 
4.368812e-04 1.735589e-01 
1.688780e-04 3.385452e-02 
-8.501931e-04 -3.225862e-01 
-3.284012e-01 -3.109813e-01 
-4.691700e-02 -2.093053e-01 
-9.446577e-04 -2.547264e-02 
-4.900501e-03 2.893216e-02 
-3.171932e-03 4.687582e-02 
-5.487191e-03 1.321890e-02 
-8.458191e-03 -4.840618e-02 
-3.743153e-03 -8.319310e-02 
-2.325747e-03 -8.620330e-02 
-1.726197e-03 -4.712764e-02 
-1.473872e-03 5.688087e-02 
-5.672656e-04 1.441383e-01 
-5.763346e-04 5.414465e-02 
-5.655839e-04 -1.582647e-01 
4.232786e-04 -5.226378e-01 
-3.588137e-02 1.033315e+00 
6.633749e-02 1.351561e+00 
6.095146e-02 1.116817e+00 
-7.891953e-03 4.354101e-01 
-2.227973e-02 -1.789209e-02 
-3.347201e-02 -3.416495e-01 
-3.440132e-02 -4.442363e-01 
-1.140797e-02 -2.826575e-01 
-6.505338e-03 -2.014383e-01 
-5.402347e-03 -1.092017e-01 
-5.370080e-03 2.846427e-02 
-2.614569e-03 5.518127e-02 
-2.148360e-03 -1.189152e-01 
-2.253259e-03 -4.758234e-01 
-5.851199e-04 -1.144055e+00 
2.857500e-01 -5.838143e-01 
1.239290e-01 -3.263434e-01 
2.813756e-02 1.029653e-01 
3.698851e-02 4.105188e-01 
2.771212e-02 5.255971e-01 
1.872991e-02 4.688781e-01 
8.165881e-03 2.427349e-01 
-6.896218e-04 -1.080425e-01 
-2.878714e-03 -3.193354e-01 
-2.874375e-03 -3.620856e-01 
6.358747e-04 -2.139305e-01 
4.929930e-03 7.675694e-02 
3.394418e-03 3.068516e-01 
1.747069e-03 4.515023e-01 
-7.743242e-04 4.630580e-01 
-1.485247e-01 1.422548e-01 
2.082219e-04 2.157932e-01 
-4.391729e-02 -4.246708e-02 
-5.173743e-02 -4.634611e-01 
-3.898562e-02 -6.965876e-01 
-3.046733e-02 -7.650015e-01 
-1.596549e-02 -5.583733e-01 
-5.171533e-04 -1.142330e-01 
1.120766e-03 1.415513e-01 
2.301901e-03 3.010946e-01 
9.410967e-04 3.785320e-01 
-5.336942e-03 2.362709e-01 
-4.770105e-03 -8.476113e-02 
-2.860033e-03 -5.188298e-01 
5.242181e-03 -1.129889e+00 
-1.246628e+00 1.106166e+00 
-7.848211e-03 1.245216e+00 
5.899339e-02 1.063032e+00 
2.437887e-02 7.231231e-01 
8.953446e-03 4.846353e-01 
-1.575697e-03 2.576557e-01 
-7.177322e-03 5.845811e-02 
-8.586459e-05 -5.862709e-02 
-1.168622e-03 -1.883499e-01 
-2.246126e-03 -2.831956e-01 
-3.338613e-03 -2.995521e-01 
-2.352771e-03 -2.317752e-01 
-3.388427e-04 -1.212053e-01 
2.112715e-04 2.737083e-03 
-1.453268e-04 5.647839e-02 
