poroelastic
5.872775e-02 -6.129553e-02 
5.903597e-02 -1.077170e-01 
3.456446e-02 -1.921744e-01 
-4.698639e-02 -3.173681e-01 
-4.037547e-02 -3.674562e-01 
-3.041597e-02 -3.447573e-01 
-1.614251e-02 -2.366246e-01 
-2.213089e-03 -5.613121e-02 
-5.857113e-06 7.467072e-02 
-3.750597e-03 1.461713e-01 
-7.464471e-03 1.284143e-01 
2.029696e-03 7.481874e-03 
3.432988e-03 -7.805832e-02 
3.548318e-03 -1.332360e-01 
2.118402e-03 -1.511153e-01 
-6.677778e-01 5.617891e-01 
-5.421177e-02 6.139449e-01 
2.228711e-02 4.076905e-01 
1.111183e-02 1.183429e-01 
-3.867863e-03 -5.277953e-02 
-6.868320e-03 -1.286302e-01 
-5.147627e-05 -1.102383e-01 
5.344964e-03 -7.183478e-03 
3.932947e-03 7.319051e-02 
1.653815e-03 1.104419e-01 
-7.779956e-04 8.012829e-02 
3.947970e-04 -2.054129e-02 
7.375366e-04 -4.687151e-02 
-2.696380e-04 -1.058827e-02 
-1.443577e-03 9.819562e-02 
-3.006736e-01 -3.967768e-01 
3.418850e-02 -4.831569e-01 
-2.680501e-03 -5.003040e-01 
-6.206868e-02 -4.836641e-01 
-4.165938e-02 -4.245304e-01 
-2.616545e-02 -3.251156e-01 
-1.270725e-02 -1.837718e-01 
-2.791724e-03 -2.543398e-02 
-1.713474e-03 8.248659e-02 
-5.341431e-03 1.360755e-01 
-7.759595e-03 1.091970e-01 
2.536556e-03 -1.057662e-02 
3.968698e-03 -9.789185e-02 
4.219737e-03 -1.552942e-01 
2.948790e-03 -1.765935e-01 
-5.435511e-01 5.419181e-01 
-2.748460e-02 5.425303e-01 
1.914748e-02 3.964077e-01 
1.851893e-02 1.757309e-01 
4.390602e-03 3.650149e-02 
-5.437603e-04 -4.469561e-02 
2.004320e-03 -6.838606e-02 
4.484990e-03 -3.109592e-02 
3.809185e-03 1.606409e-02 
3.269315e-03 5.089625e-02 
1.554130e-03 5.490202e-02 
-1.348761e-03 1.897184e-02 
-9.862393e-04 1.547516e-02 
-1.270130e-03 3.929125e-02 
-1.412012e-03 9.535763e-02 
-7.063900e-01 -5.478144e-01 
-4.704052e-02 -7.168743e-01 
-2.794873e-02 -6.861295e-01 
-7.238518e-02 -5.787552e-01 
-4.192778e-02 -4.446892e-01 
-2.294736e-02 -2.954331e-01 
-1.014180e-02 -1.397795e-01 
-2.620215e-03 -6.809413e-03 
-2.203124e-03 8.376974e-02 
-5.519597e-03 1.309507e-01 
-7.854162e-03 1.139219e-01 
1.746547e-03 1.161868e-02 
3.723903e-03 -8.371036e-02 
4.828192e-03 -1.679440e-01 
4.398662e-03 -2.378136e-01 
-3.376693e-01 4.696803e-01 
1.247720e-03 4.074807e-01 
1.598450e-02 3.104603e-01 
2.097945e-02 1.744161e-01 
9.556207e-03 9.385849e-02 
4.807158e-03 3.769826e-02 
3.850380e-03 -7.721116e-03 
2.959963e-03 -3.779519e-02 
2.903539e-03 -3.030295e-02 
3.728775e-03 -7.952677e-03 
2.885447e-03 1.740978e-02 
-1.983120e-03 3.132456e-02 
-1.948398e-03 4.923084e-02 
-2.008138e-03 7.146290e-02 
-1.681581e-03 9.953855e-02 
-1.063246e+00 -6.595611e-01 
-1.838953e-01 -9.691139e-01 
-6.549937e-02 -8.736011e-01 
-7.346060e-02 -6.250690e-01 
-3.316775e-02 -3.842124e-01 
-1.267940e-02 -1.725125e-01 
-4.188539e-03 -1.901210e-02 
-2.021545e-03 3.328547e-02 
-2.347204e-03 7.026040e-02 
-4.531417e-03 9.153882e-02 
-6.197238e-03 8.358652e-02 
6.108427e-04 2.200881e-02 
2.657588e-03 -5.780938e-02 
4.357475e-03 -1.456064e-01 
5.171418e-03 -2.408848e-01 
-9.928694e-02 2.412458e-01 
8.113063e-03 1.833672e-01 
1.105000e-02 1.667867e-01 
2.026853e-02 1.547596e-01 
1.292735e-02 1.459688e-01 
8.092446e-03 1.162358e-01 
3.389044e-03 4.280689e-02 
9.774001e-04 -5.939677e-02 
2.086479e-03 -8.678621e-02 
3.933657e-03 -6.547707e-02 
2.954877e-03 1.194509e-03 
-3.187031e-03 7.781179e-02 
-2.987963e-03 1.006966e-01 
-2.001185e-03 8.431770e-02 
-4.442579e-04 2.394823e-02 
-1.393279e+00 -8.109997e-01 
-3.421089e-01 -1.278924e+00 
-1.014214e-01 -1.041007e+00 
-4.531343e-02 -5.327774e-01 
-7.915087e-03 -1.416514e-01 
5.125169e-03 1.167310e-01 
2.051124e-03 1.957488e-01 
-3.228981e-03 4.746158e-02 
-2.460526e-03 -3.321052e-02 
-1.622848e-03 -5.346637e-02 
-1.708025e-03 -1.629407e-02 
-8.283897e-04 4.866884e-02 
-2.121594e-05 2.894295e-02 
1.989894e-03 -5.401585e-02 
4.331967e-03 -2.070638e-01 
-9.969550e-02 -4.525214e-01 
-4.988446e-02 -5.340624e-01 
-3.167377e-02 -4.226977e-01 
-1.183138e-03 -1.231429e-01 
7.608105e-03 6.528983e-02 
9.057583e-03 1.612988e-01 
4.763227e-03 1.527511e-01 
2.623605e-04 4.120250e-02 
2.069921e-04 -1.888413e-02 
1.080055e-03 -4.366305e-02 
1.459737e-03 -3.364783e-02 
-3.438764e-04 2.222158e-03 
-8.250455e-04 2.462285e-02 
-9.294508e-04 3.507331e-02 
-6.346901e-04 3.107603e-02 
-4.449347e-01 1.065566e+00 
5.018548e-02 6.792094e-01 
1.125208e-02 2.351898e-01 
-1.155158e-02 -7.936245e-02 
-1.372865e-02 -2.277765e-01 
-9.695803e-03 -2.593428e-01 
-2.232075e-04 -1.637101e-01 
2.855884e-03 2.282510e-02 
3.154070e-04 1.320439e-01 
-2.842329e-03 1.743159e-01 
-4.781690e-03 1.336451e-01 
3.975644e-04 1.350947e-02 
2.108371e-03 -6.021588e-02 
2.502069e-03 -9.545515e-02 
1.712389e-03 -8.535939e-02 
