poroelastic
-1.154844e-01 -8.101262e-02 
-1.406830e-01 -3.735336e-02 
-1.100198e-01 1.202733e-01 
8.416529e-02 2.895602e-01 
8.837018e-02 3.849900e-01 
7.786989e-02 3.908257e-01 
6.280181e-02 3.111195e-01 
2.941442e-02 1.667227e-01 
9.230020e-03 4.719656e-02 
1.085936e-02 -4.371094e-02 
2.064235e-02 -1.021323e-01 
5.271886e-03 -9.513609e-02 
-3.180136e-03 -1.113349e-02 
-1.326351e-02 1.210896e-01 
-2.140969e-02 3.059197e-01 
2.987913e-01 -4.385438e-01 
-1.821030e-02 -4.072951e-01 
-5.171457e-02 -2.280915e-01 
3.688117e-03 -1.744748e-02 
2.305478e-02 1.094813e-01 
2.915541e-02 1.789623e-01 
2.015156e-02 1.772856e-01 
-1.873506e-03 9.340683e-02 
-7.657838e-03 2.167571e-02 
-7.648227e-03 -3.607685e-02 
-4.243414e-04 -8.508145e-02 
9.876505e-03 -1.072563e-01 
5.950632e-03 -7.776515e-02 
-2.015543e-04 -9.701313e-03 
-7.179952e-03 1.040233e-01 
1.695530e-01 1.245554e-01 
-1.158376e-01 1.913983e-01 
-6.259605e-02 3.029455e-01 
1.186790e-01 4.078972e-01 
1.004270e-01 4.472886e-01 
7.846237e-02 4.127995e-01 
5.459975e-02 3.040652e-01 
2.116907e-02 1.387773e-01 
7.044739e-03 1.892477e-02 
1.078500e-02 -6.255293e-02 
1.966418e-02 -1.008694e-01 
3.653745e-03 -6.797458e-02 
-3.892652e-03 1.141120e-02 
-1.233622e-02 1.226655e-01 
-1.992532e-02 2.698239e-01 
8.440815e-03 -4.012839e-01 
-6.196808e-02 -2.739357e-01 
-4.395263e-02 -6.620733e-02 
3.968808e-02 1.358657e-01 
4.524707e-02 2.363571e-01 
3.851505e-02 2.570940e-01 
1.662374e-02 2.003113e-01 
-7.534527e-03 7.747365e-02 
-9.638794e-03 -1.729560e-02 
-6.101148e-03 -8.245638e-02 
3.470538e-03 -1.144394e-01 
8.629041e-03 -9.608917e-02 
3.805493e-03 -5.174518e-02 
-1.442679e-03 9.256554e-03 
-6.247233e-03 8.739882e-02 
5.046415e-01 2.392533e-01 
-3.150766e-02 3.971512e-01 
-1.990397e-02 4.944145e-01 
1.602758e-01 5.434270e-01 
1.173392e-01 5.288370e-01 
8.047036e-02 4.407999e-01 
4.570001e-02 2.879601e-01 
1.327324e-02 1.056261e-01 
4.837410e-03 -1.706257e-02 
1.067726e-02 -9.091542e-02 
1.940117e-02 -1.078403e-01 
2.702281e-03 -4.773680e-02 
-4.951404e-03 3.366565e-02 
-1.212982e-02 1.274699e-01 
-1.831529e-02 2.370854e-01 
-1.860141e-01 -2.162016e-01 
-4.434554e-02 -2.085415e-02 
-2.294248e-03 1.635209e-01 
7.025088e-02 2.776418e-01 
5.222071e-02 2.988553e-01 
3.195425e-02 2.521639e-01 
3.586392e-03 1.485791e-01 
-1.204339e-02 2.285212e-02 
-8.763877e-03 -5.979346e-02 
-3.231114e-03 -1.032067e-01 
4.424005e-03 -1.022266e-01 
4.933916e-03 -5.509580e-02 
1.184015e-03 -1.646520e-02 
-1.258771e-03 1.279868e-02 
-2.386347e-03 3.192985e-02 
8.491466e-01 3.222219e-01 
1.445620e-01 6.481321e-01 
6.369791e-02 7.327566e-01 
1.946014e-01 6.760355e-01 
1.178582e-01 5.621438e-01 
6.569517e-02 3.974292e-01 
2.699830e-02 2.026906e-01 
5.366132e-03 3.419041e-02 
3.969378e-03 -6.452402e-02 
1.101822e-02 -1.129498e-01 
1.863155e-02 -1.042871e-01 
1.836735e-03 -2.420655e-02 
-6.085161e-03 5.719685e-02 
-1.213351e-02 1.331105e-01 
-1.657671e-02 2.029868e-01 
-1.965081e-01 1.818996e-01 
3.379891e-02 4.306916e-01 
8.312416e-02 5.298131e-01 
8.627805e-02 4.204376e-01 
3.630917e-02 2.651974e-01 
4.247480e-03 1.028955e-01 
-1.523666e-02 -2.718071e-02 
-1.047208e-02 -6.091299e-02 
-3.857153e-03 -7.025824e-02 
-4.911150e-04 -6.201509e-02 
1.295864e-03 -3.648481e-02 
5.506717e-04 -5.586994e-03 
-4.319266e-04 5.966734e-03 
7.940023e-05 3.112479e-04 
1.814689e-03 -2.324504e-02 
1.313571e+00 3.988171e-01 
4.393357e-01 1.026307e+00 
2.010364e-01 1.090289e+00 
1.877892e-01 8.113243e-01 
8.326873e-02 5.096537e-01 
2.561723e-02 2.236926e-01 
-3.036873e-03 -1.583510e-02 
-1.868583e-03 -1.099200e-01 
4.945248e-03 -1.305026e-01 
1.164620e-02 -1.092825e-01 
1.461878e-02 -4.332873e-02 
-4.135693e-03 5.292261e-02 
-9.556650e-03 1.039677e-01 
-1.007552e-02 1.148651e-01 
-7.095273e-03 8.594658e-02 
2.179401e-01 5.845216e-01 
1.524805e-01 8.625426e-01 
1.701053e-01 8.609590e-01 
8.790138e-02 5.504162e-01 
2.205001e-02 2.577287e-01 
-1.240420e-02 9.616437e-03 
-2.401529e-02 -1.657788e-01 
-7.749823e-03 -1.802694e-01 
2.288268e-03 -1.456236e-01 
6.175289e-03 -8.093153e-02 
3.005887e-03 1.251569e-02 
-7.895715e-03 9.283198e-02 
-8.371996e-03 9.613851e-02 
-2.964319e-03 3.553035e-02 
8.287949e-03 -9.677029e-02 
-2.232886e-01 -5.397066e-01 
-4.345650e-02 -1.594750e-01 
4.566936e-02 1.620693e-01 
7.763536e-02 3.313868e-01 
5.464959e-02 3.741670e-01 
2.971510e-02 3.259260e-01 
-2.506497e-03 1.701557e-01 
-9.782874e-03 -3.703499e-02 
-1.569901e-03 -1.466873e-01 
7.271969e-03 -1.860161e-01 
1.437380e-02 -1.494040e-01 
4.592119e-03 -4.397716e-02 
-3.450962e-03 4.172814e-02 
-8.752934e-03 9.972258e-02 
-1.021860e-02 1.138899e-01 
