poroelastic
-1.696573e-02 -2.194482e-01 
-4.258311e-02 -2.627812e-01 
-4.803935e-02 -1.335970e-01 
1.730196e-02 6.995697e-02 
2.632133e-02 1.732780e-01 
2.647496e-02 2.061977e-01 
2.104453e-02 1.632675e-01 
9.238055e-03 7.167641e-02 
3.635825e-03 2.539975e-02 
2.996328e-03 -2.322729e-03 
3.499280e-03 -2.263323e-02 
2.584734e-05 -3.254750e-02 
-6.052966e-04 -8.225332e-03 
-1.499586e-03 4.812993e-02 
-1.869457e-03 1.476934e-01 
1.694922e-01 -3.612491e-01 
-1.977487e-02 -3.097968e-01 
-2.747859e-02 -1.418036e-01 
9.310841e-03 4.327783e-02 
1.640670e-02 1.295573e-01 
1.615438e-02 1.556594e-01 
9.259609e-03 1.195305e-01 
-3.061517e-04 2.849392e-02 
-1.855630e-03 -1.760235e-02 
-1.297582e-03 -4.605811e-02 
1.142814e-03 -6.958077e-02 
1.486016e-03 -8.182937e-02 
3.485453e-04 -4.564431e-02 
-1.011588e-03 2.998491e-02 
-1.963599e-03 1.487611e-01 
3.661058e-02 -1.264033e-01 
-3.812940e-02 -1.904486e-01 
-3.531636e-02 -8.623637e-02 
2.319112e-02 9.786070e-02 
2.766159e-02 1.855854e-01 
2.607264e-02 2.120112e-01 
2.014685e-02 1.712179e-01 
8.494236e-03 8.066281e-02 
3.324635e-03 3.466004e-02 
2.479914e-03 8.377670e-03 
2.519841e-03 -8.687442e-03 
-1.659584e-05 -1.639105e-02 
-3.898283e-04 -1.942443e-03 
-1.071236e-03 3.658251e-02 
-1.728914e-03 1.091786e-01 
-8.114972e-02 -2.534190e-01 
-3.910367e-02 -1.441242e-01 
-1.662327e-02 1.908487e-02 
2.528844e-02 1.600353e-01 
2.426930e-02 2.065140e-01 
1.879322e-02 1.935110e-01 
8.254079e-03 1.218920e-01 
-1.342572e-03 1.262351e-02 
-2.193787e-03 -4.543475e-02 
-5.019845e-04 -7.460028e-02 
2.693516e-03 -8.263065e-02 
9.869581e-04 -6.484239e-02 
-2.637296e-04 -1.778717e-02 
-1.452794e-03 5.196988e-02 
-2.087058e-03 1.488643e-01 
1.293184e-01 -7.203260e-02 
-1.790827e-02 -1.207829e-01 
-2.665035e-02 -3.095437e-02 
3.210004e-02 1.360501e-01 
3.219402e-02 2.150824e-01 
2.819910e-02 2.341010e-01 
2.007523e-02 1.865487e-01 
7.300611e-03 8.648634e-02 
2.560940e-03 3.082366e-02 
2.004411e-03 -5.475186e-04 
2.378960e-03 -1.426127e-02 
-1.882015e-05 -1.047933e-02 
-4.327595e-04 5.484523e-03 
-1.039406e-03 3.803235e-02 
-1.744186e-03 9.677956e-02 
-1.967733e-01 -9.262669e-02 
-2.361521e-02 2.952630e-02 
7.370763e-04 1.672866e-01 
3.944718e-02 2.543402e-01 
2.975018e-02 2.644974e-01 
1.933592e-02 2.191258e-01 
5.595352e-03 1.162122e-01 
-2.945544e-03 -1.400460e-02 
-2.520798e-03 -8.204698e-02 
3.522640e-04 -1.072554e-01 
3.804646e-03 -9.015940e-02 
3.312011e-04 -3.467937e-02 
-9.202562e-04 1.877456e-02 
-1.772543e-03 7.039346e-02 
-2.032037e-03 1.213025e-01 
2.257160e-01 -6.290455e-02 
2.268296e-02 -6.546813e-02 
-1.173832e-02 2.435863e-02 
4.226323e-02 1.772698e-01 
3.715078e-02 2.541624e-01 
3.010726e-02 2.701404e-01 
1.823414e-02 2.087903e-01 
4.550631e-03 7.656324e-02 
1.137114e-03 5.591933e-04 
1.576610e-03 -3.706770e-02 
2.856473e-03 -3.795561e-02 
2.021952e-06 -2.126738e-03 
-7.810085e-04 2.578713e-02 
-1.325758e-03 5.246414e-02 
-1.825813e-03 8.456759e-02 
-1.465924e-01 1.339547e-01 
1.393758e-02 2.707123e-01 
3.266163e-02 3.591289e-01 
4.658819e-02 3.380378e-01 
2.669292e-02 2.688884e-01 
1.180683e-02 1.689116e-01 
-1.219960e-03 4.240219e-02 
-4.074135e-03 -6.932128e-02 
-1.646913e-03 -1.151180e-01 
1.671514e-03 -1.132016e-01 
3.762509e-03 -6.118856e-02 
-8.404310e-04 2.066536e-02 
-1.681004e-03 6.246771e-02 
-1.698462e-03 7.362310e-02 
-1.029163e-03 5.337725e-02 
3.692537e-01 -6.954173e-02 
1.026844e-01 4.759795e-02 
2.562566e-02 1.589109e-01 
4.735197e-02 2.641176e-01 
3.553999e-02 3.084249e-01 
2.514809e-02 2.931229e-01 
1.079008e-02 1.886774e-01 
-1.104104e-04 2.124958e-03 
-5.585851e-04 -9.299991e-02 
2.081732e-03 -1.133502e-01 
4.321153e-03 -5.438772e-02 
-1.619487e-03 6.870828e-02 
-2.698663e-03 1.079794e-01 
-1.882680e-03 8.194314e-02 
1.805295e-04 -8.295590e-03 
6.931224e-02 6.911105e-02 
2.236399e-02 1.573804e-01 
4.197050e-02 2.536407e-01 
4.029933e-02 3.160559e-01 
2.492445e-02 2.974440e-01 
1.234920e-02 2.206326e-01 
-3.636641e-04 8.350369e-02 
-3.283484e-03 -6.823464e-02 
-1.019398e-03 -1.409705e-01 
2.237495e-03 -1.546185e-01 
4.575879e-03 -9.956330e-02 
-2.623803e-04 1.012252e-02 
-1.968894e-03 7.625294e-02 
-2.581950e-03 1.052942e-01 
-2.026960e-03 8.830375e-02 
-1.194606e-01 -5.009143e-02 
-1.046517e-02 -4.771696e-02 
5.964727e-03 -1.189189e-02 
1.275173e-02 6.179899e-02 
1.081937e-02 9.226947e-02 
9.368730e-03 1.054799e-01 
6.542678e-03 9.733600e-02 
1.826363e-03 6.394381e-02 
1.338217e-04 3.794528e-02 
-3.584514e-04 5.919363e-03 
4.754320e-04 -3.635253e-02 
1.569153e-03 -6.597418e-02 
1.081849e-03 -4.870727e-02 
-2.682632e-04 8.237200e-03 
-2.502697e-03 1.114819e-01 
