poroelastic
3.491037e-02 -1.854139e-01 
2.315960e-02 -2.703798e-01 
3.043973e-03 -2.775802e-01 
-2.297370e-02 -2.404098e-01 
-1.666747e-02 -1.985706e-01 
-1.028988e-02 -1.410349e-01 
-3.147604e-03 -6.276492e-02 
2.052597e-03 2.852740e-02 
2.758348e-03 8.937631e-02 
9.582399e-04 1.105012e-01 
-1.664734e-03 7.526093e-02 
4.609203e-04 -1.291147e-02 
-5.466527e-06 -6.801876e-02 
-4.512236e-04 -8.914050e-02 
-5.943905e-04 -6.526946e-02 
-2.971406e-01 1.737180e-01 
-3.341447e-02 2.175575e-01 
2.742071e-03 1.611986e-01 
6.869172e-03 7.107878e-02 
1.512948e-03 8.788497e-03 
-2.029258e-04 -1.876843e-02 
1.468118e-03 -1.157482e-02 
2.792159e-03 1.991264e-02 
2.387963e-03 4.537348e-02 
1.630277e-03 4.677314e-02 
5.579926e-04 6.535391e-03 
-2.987440e-04 -6.107624e-02 
-4.369366e-04 -5.416085e-02 
-1.516085e-04 1.172591e-02 
1.011679e-03 1.448666e-01 
-2.039187e-01 -3.293257e-01 
4.117150e-03 -4.486346e-01 
-1.355710e-02 -4.313272e-01 
-2.838212e-02 -3.270320e-01 
-1.761437e-02 -2.370075e-01 
-8.922625e-03 -1.415156e-01 
-1.497104e-03 -4.198582e-02 
2.042435e-03 4.110646e-02 
2.251511e-03 9.513700e-02 
5.734570e-04 1.138863e-01 
-1.747510e-03 7.985593e-02 
3.002870e-04 -7.831405e-03 
6.189736e-05 -6.721526e-02 
-2.538784e-04 -9.837678e-02 
-4.929271e-04 -9.267788e-02 
-3.332528e-01 2.117548e-01 
-2.618372e-02 2.617346e-01 
5.292223e-03 2.315084e-01 
1.380068e-02 1.496871e-01 
6.746685e-03 7.883918e-02 
2.874810e-03 2.624636e-02 
2.159224e-03 -2.775608e-03 
2.136397e-03 -3.494748e-03 
1.781583e-03 7.751287e-03 
1.929673e-03 1.551312e-02 
1.694308e-03 8.536896e-03 
-2.298922e-04 -1.060158e-02 
-2.122848e-04 2.264211e-03 
2.145422e-06 4.209981e-02 
6.818514e-04 1.158195e-01 
-4.112555e-01 -3.764476e-01 
-4.214516e-02 -5.429185e-01 
-2.551024e-02 -5.040862e-01 
-3.048657e-02 -3.527611e-01 
-1.564785e-02 -2.232235e-01 
-5.617791e-03 -1.033041e-01 
9.257868e-04 -1.362646e-03 
2.247844e-03 5.948098e-02 
1.847166e-03 9.791226e-02 
3.335475e-04 1.108508e-01 
-1.687515e-03 8.386534e-02 
8.960025e-05 9.612412e-03 
6.124464e-05 -5.480249e-02 
-1.064088e-04 -1.051779e-01 
-3.262490e-04 -1.340276e-01 
-2.599533e-01 2.513832e-01 
-3.519233e-03 2.733923e-01 
9.848383e-03 2.554840e-01 
1.787689e-02 1.848077e-01 
9.856593e-03 1.218676e-01 
5.077903e-03 6.463138e-02 
2.338172e-03 1.149005e-02 
6.459986e-04 -2.643984e-02 
5.112381e-04 -3.452430e-02 
1.353065e-03 -2.755936e-02 
1.960413e-03 -9.163637e-03 
-8.504593e-05 1.555223e-02 
-7.266872e-05 3.996176e-02 
2.943446e-05 6.658951e-02 
2.375905e-04 9.845129e-02 
-5.648562e-01 -4.172376e-01 
-1.069212e-01 -6.376538e-01 
-4.010698e-02 -5.627791e-01 
-2.864400e-02 -3.483254e-01 
-9.868241e-03 -1.657972e-01 
4.550820e-04 -1.982779e-02 
4.170970e-03 6.864298e-02 
2.163271e-03 7.637686e-02 
1.122556e-03 7.898443e-02 
7.057838e-05 7.608433e-02 
-1.174743e-03 6.155431e-02 
-2.906661e-04 2.371324e-02 
-1.038617e-04 -2.874523e-02 
8.338480e-06 -8.393448e-02 
2.048623e-04 -1.355688e-01 
-1.163131e-01 2.228549e-01 
1.307097e-02 2.582166e-01 
1.678837e-02 2.728320e-01 
2.137981e-02 2.272081e-01 
1.226171e-02 1.703916e-01 
6.268523e-03 1.059213e-01 
1.479348e-03 2.678573e-02 
-8.588133e-04 -5.058221e-02 
-5.954875e-04 -7.134886e-02 
5.868157e-04 -5.427614e-02 
1.435243e-03 -2.542070e-03 
6.429598e-05 6.002179e-02 
-2.876919e-05 7.796480e-02 
-3.260191e-05 5.928966e-02 
-6.086540e-07 1.006551e-03 
-6.608550e-01 -5.039632e-01 
-1.579317e-01 -7.332987e-01 
-4.410611e-02 -5.487468e-01 
-1.171328e-02 -2.129097e-01 
3.605427e-03 2.331277e-02 
9.075454e-03 1.672048e-01 
5.827771e-03 1.796327e-01 
-1.526631e-04 3.222504e-02 
-1.252471e-03 -4.200444e-02 
-9.591725e-04 -5.664367e-02 
-2.459709e-04 -1.350803e-02 
-8.373062e-05 6.581056e-02 
-1.676577e-04 6.263650e-02 
-1.157707e-04 -5.604652e-03 
3.460013e-04 -1.420081e-01 
-3.243877e-02 -2.347773e-01 
-1.961863e-02 -2.529165e-01 
-5.953207e-03 -1.581474e-01 
6.356263e-03 2.662190e-02 
8.389861e-03 1.243470e-01 
7.312469e-03 1.521658e-01 
3.319239e-03 1.044252e-01 
8.412234e-05 5.874171e-03 
-4.214805e-04 -4.464743e-02 
-1.347367e-04 -6.419848e-02 
5.272784e-04 -4.692387e-02 
2.179237e-04 3.667541e-03 
5.111039e-05 3.391354e-02 
-7.463537e-05 5.268691e-02 
-2.212321e-04 6.115585e-02 
-2.927504e-01 6.366001e-01 
2.452493e-02 3.987909e-01 
5.804441e-03 1.266283e-01 
-4.777787e-03 -5.838966e-02 
-6.841570e-03 -1.439819e-01 
-5.230821e-03 -1.556299e-01 
-2.609220e-04 -8.216377e-02 
2.356636e-03 5.513609e-02 
2.279790e-03 1.294041e-01 
1.231525e-03 1.459222e-01 
-4.799450e-04 9.334645e-02 
-2.607702e-04 -1.319614e-02 
-6.195746e-05 -6.916539e-02 
4.857045e-05 -7.939096e-02 
5.540327e-05 -3.219979e-02 
