poroelastic
-7.263133e-03 7.458256e-02 
-1.896998e-03 8.211663e-02 
2.324711e-03 4.864268e-02 
1.554030e-03 2.703869e-02 
7.496193e-04 1.933221e-02 
1.042779e-04 1.356665e-02 
-1.241402e-03 6.210871e-03 
-1.859294e-03 -1.007321e-02 
-9.678758e-04 -2.903133e-02 
-3.234783e-05 -3.397907e-02 
1.290051e-04 -8.558573e-03 
-1.233905e-03 3.954451e-02 
-8.658911e-04 4.049349e-02 
4.506478e-04 1.657315e-03 
1.807715e-03 -8.587863e-02 
4.240475e-01 -1.870772e-01 
7.413748e-02 -2.991190e-01 
5.862184e-03 -2.663861e-01 
-1.151723e-02 -1.668513e-01 
-5.578783e-03 -8.963877e-02 
-2.073405e-03 -3.362891e-02 
-9.643424e-04 -1.953891e-03 
-1.090508e-03 -2.896406e-03 
-6.825219e-04 -7.759004e-03 
-6.486836e-04 -1.671299e-03 
-1.576269e-03 2.655906e-02 
-1.683981e-03 6.715730e-02 
-5.840229e-04 4.457369e-02 
1.416885e-03 -2.842592e-02 
3.280788e-03 -1.549924e-01 
8.850561e-02 2.561449e-01 
-7.081868e-03 2.908028e-01 
6.415474e-03 2.271511e-01 
7.129987e-03 1.200717e-01 
1.785110e-03 4.526707e-02 
-9.964338e-04 -7.796372e-03 
-1.937205e-03 -3.396128e-02 
-8.439557e-04 -3.347897e-02 
2.057280e-04 -3.632715e-02 
1.102490e-03 -3.084872e-02 
9.610369e-04 -5.283065e-03 
-1.419160e-03 3.635756e-02 
-1.348782e-03 4.458780e-02 
-4.601257e-04 2.211213e-02 
9.265283e-04 -3.876776e-02 
4.852535e-01 -2.061554e-01 
6.697332e-02 -3.228830e-01 
8.336377e-03 -3.495505e-01 
-2.017339e-02 -3.025775e-01 
-1.296512e-02 -2.354416e-01 
-7.295580e-03 -1.540419e-01 
-2.487444e-03 -6.009435e-02 
-7.497546e-05 2.229057e-02 
-7.877938e-04 6.159699e-02 
-2.873487e-03 7.709990e-02 
-4.884772e-03 7.361804e-02 
-3.559331e-04 4.658964e-02 
1.363771e-03 -1.073541e-02 
3.134107e-03 -9.028417e-02 
4.158488e-03 -1.933938e-01 
2.275626e-01 3.260176e-01 
9.059413e-03 3.810166e-01 
1.020002e-02 2.935558e-01 
8.105703e-03 1.433479e-01 
1.056388e-03 3.567775e-02 
-1.952878e-03 -3.618236e-02 
-1.742755e-03 -6.081739e-02 
1.503788e-04 -3.660624e-02 
7.711035e-04 -2.463039e-02 
1.275297e-03 -1.679047e-02 
1.260750e-03 -6.042088e-03 
-7.373370e-04 1.440285e-02 
-1.014033e-03 2.775773e-02 
-9.711666e-04 3.157020e-02 
-5.553237e-04 2.183333e-02 
4.094355e-01 -2.454701e-01 
3.016359e-02 -3.401130e-01 
2.581956e-03 -3.916724e-01 
-2.540914e-02 -3.712969e-01 
-1.612535e-02 -3.138861e-01 
-9.276916e-03 -2.225438e-01 
-2.593842e-03 -9.139847e-02 
7.086808e-04 4.574881e-02 
-9.862818e-04 1.126967e-01 
-4.292390e-03 1.293507e-01 
-6.304435e-03 9.408793e-02 
6.822564e-04 1.575923e-02 
2.636471e-03 -5.754814e-02 
3.975677e-03 -1.243836e-01 
4.239011e-03 -1.823090e-01 
3.338189e-01 3.872205e-01 
3.899899e-02 4.739689e-01 
1.693484e-02 3.408600e-01 
4.285602e-03 1.201428e-01 
-3.100977e-03 -3.361592e-02 
-4.996207e-03 -1.230686e-01 
-2.183565e-03 -1.253415e-01 
1.028854e-03 -3.753948e-02 
9.146732e-04 1.130760e-02 
3.802126e-04 3.041292e-02 
6.672719e-05 2.060590e-02 
6.091500e-05 -4.195994e-03 
2.616021e-05 -3.893037e-03 
-4.536103e-04 1.217392e-02 
-1.219283e-03 4.387359e-02 
2.018414e-01 -2.724932e-01 
-4.358111e-03 -3.786881e-01 
-1.083765e-02 -4.416631e-01 
-2.465931e-02 -4.099970e-01 
-1.465490e-02 -3.362978e-01 
-7.432731e-03 -2.213498e-01 
-5.995055e-04 -6.087942e-02 
1.221502e-03 9.502995e-02 
-1.690134e-03 1.591085e-01 
-5.300064e-03 1.532000e-01 
-5.754167e-03 7.090677e-02 
2.655551e-03 -5.315055e-02 
4.006614e-03 -1.170155e-01 
3.858421e-03 -1.326388e-01 
2.219013e-03 -9.224668e-02 
3.793424e-01 4.472218e-01 
5.483357e-02 5.201006e-01 
1.315050e-02 3.090116e-01 
-2.942798e-03 1.745141e-02 
-6.973614e-03 -1.657415e-01 
-6.882823e-03 -2.422185e-01 
-2.286744e-03 -1.820499e-01 
2.534095e-03 8.371705e-03 
7.860574e-04 1.049787e-01 
-1.682078e-03 1.220649e-01 
-2.244486e-03 5.334547e-02 
2.354874e-03 -7.066230e-02 
2.684410e-03 -9.281238e-02 
7.515983e-04 -3.679536e-02 
-2.657446e-03 1.042306e-01 
-3.938997e-02 8.026336e-02 
-4.749696e-03 7.869447e-03 
-1.491428e-02 -1.125635e-01 
-1.039210e-02 -2.452873e-01 
-7.571185e-03 -2.852346e-01 
-5.057198e-03 -2.436871e-01 
-9.151100e-04 -1.133903e-01 
1.304421e-03 5.843138e-02 
-1.193684e-03 1.415825e-01 
-4.319632e-03 1.553753e-01 
-4.996794e-03 8.888110e-02 
1.784893e-03 -3.261415e-02 
3.380140e-03 -9.970427e-02 
3.384310e-03 -1.174263e-01 
1.734279e-03 -7.174195e-02 
4.322007e-01 -4.920365e-01 
2.047476e-05 -4.256123e-01 
-1.169195e-02 -2.589766e-01 
-2.692929e-03 -9.697953e-02 
3.396643e-05 3.790920e-03 
1.007106e-03 5.380454e-02 
-2.141422e-04 4.301101e-02 
-1.684194e-03 -2.337926e-02 
-3.561334e-04 -5.988935e-02 
8.951304e-04 -6.372991e-02 
1.062036e-03 -2.712219e-02 
-1.132311e-03 3.403068e-02 
-1.255630e-03 4.555557e-02 
-3.240142e-04 1.783904e-02 
1.271387e-03 -5.298371e-02 
