poroelastic
7.265317e-02 4.227196e-02 
8.655230e-02 3.411941e-02 
6.079333e-02 -8.498652e-02 
-6.976436e-02 -2.968075e-01 
-6.080095e-02 -3.921364e-01 
-4.660496e-02 -3.952898e-01 
-2.673802e-02 -3.071031e-01 
-3.934610e-03 -1.281386e-01 
-9.931840e-04 2.599428e-02 
-9.062212e-03 1.290383e-01 
-1.690517e-02 1.435241e-01 
1.138159e-03 3.559639e-02 
6.856257e-03 -5.040608e-02 
9.837073e-03 -1.187953e-01 
9.164589e-03 -1.698419e-01 
-7.030367e-01 6.413449e-01 
-4.665044e-02 6.903142e-01 
4.024163e-02 4.580846e-01 
1.102551e-02 1.130355e-01 
-9.832007e-03 -8.176693e-02 
-1.259385e-02 -1.695718e-01 
-9.103297e-04 -1.584022e-01 
9.309786e-03 -4.746321e-02 
5.726743e-03 5.725304e-02 
-2.580042e-04 1.226955e-01 
-6.440815e-03 1.183629e-01 
-1.472395e-03 1.897720e-02 
1.718252e-03 -2.550502e-02 
9.994208e-04 -2.153434e-02 
-1.979576e-03 3.691257e-02 
-2.575299e-01 -3.053457e-01 
6.720798e-02 -3.411107e-01 
1.649583e-02 -3.926822e-01 
-9.510505e-02 -4.736772e-01 
-6.565036e-02 -4.655846e-01 
-4.312899e-02 -3.920745e-01 
-2.301881e-02 -2.610660e-01 
-5.286190e-03 -9.144600e-02 
-3.953968e-03 4.217705e-02 
-1.160517e-02 1.233799e-01 
-1.648915e-02 1.183637e-01 
3.912362e-03 1.146697e-03 
8.981689e-03 -8.410565e-02 
1.102589e-02 -1.406988e-01 
9.432158e-03 -1.649264e-01 
-4.848078e-01 5.975045e-01 
-1.202736e-02 5.443132e-01 
2.843777e-02 3.501008e-01 
1.184060e-02 8.875295e-02 
-3.219250e-03 -4.788304e-02 
-4.846790e-03 -1.085138e-01 
4.436231e-03 -1.061066e-01 
1.026377e-02 -4.353402e-02 
7.058263e-03 2.938191e-02 
3.390512e-03 8.281484e-02 
-1.764863e-03 9.075114e-02 
-3.711621e-03 3.217927e-02 
-1.688356e-03 1.192586e-02 
-2.243622e-03 2.399670e-02 
-3.960939e-03 7.225177e-02 
-6.884249e-01 -5.036168e-01 
-1.829765e-02 -6.295534e-01 
-1.745833e-02 -6.226094e-01 
-1.146170e-01 -5.957286e-01 
-6.864270e-02 -5.020915e-01 
-4.017282e-02 -3.699858e-01 
-2.037959e-02 -2.150924e-01 
-5.834151e-03 -6.679993e-02 
-5.196853e-03 4.670349e-02 
-1.219273e-02 1.162473e-01 
-1.666592e-02 1.129759e-01 
3.209452e-03 6.393531e-03 
8.901007e-03 -8.262176e-02 
1.223556e-02 -1.540948e-01 
1.231489e-02 -2.062680e-01 
-2.468688e-01 4.655694e-01 
7.021605e-03 3.272863e-01 
1.294977e-02 1.822281e-01 
1.019619e-02 3.579111e-02 
3.001326e-03 -1.512768e-02 
3.498024e-03 -2.780291e-02 
8.843426e-03 -2.946573e-02 
9.212068e-03 -3.073715e-02 
6.979686e-03 4.836395e-04 
5.816014e-03 3.542233e-02 
2.159081e-03 5.239321e-02 
-4.366524e-03 3.188247e-02 
-3.803199e-03 3.476896e-02 
-4.742407e-03 5.772219e-02 
-6.040997e-03 1.057791e-01 
-1.144696e+00 -6.584582e-01 
-1.874057e-01 -9.771843e-01 
-7.728249e-02 -9.113664e-01 
-1.254911e-01 -7.150473e-01 
-6.010108e-02 -4.832542e-01 
-2.665970e-02 -2.589240e-01 
-1.185048e-02 -7.931433e-02 
-5.881656e-03 -7.909691e-04 
-6.323088e-03 5.664989e-02 
-1.130935e-02 9.081509e-02 
-1.428557e-02 8.157947e-02 
2.661376e-03 7.498602e-04 
8.109038e-03 -7.867201e-02 
1.188757e-02 -1.496877e-01 
1.338874e-02 -2.121150e-01 
-4.051697e-02 1.362055e-01 
-6.668698e-03 -1.190303e-02 
-9.642233e-03 -5.579245e-02 
1.019407e-02 -1.266618e-02 
1.243692e-02 5.968561e-02 
1.296145e-02 1.063579e-01 
9.683354e-03 8.095593e-02 
5.094211e-03 -2.664408e-02 
6.052473e-03 -5.914417e-02 
8.531710e-03 -4.687064e-02 
5.974767e-03 1.462859e-04 
-6.034416e-03 5.155436e-02 
-6.773015e-03 7.760336e-02 
-6.456031e-03 8.761804e-02 
-4.717815e-03 8.000061e-02 
-1.647530e+00 -8.318365e-01 
-4.268075e-01 -1.419395e+00 
-1.523911e-01 -1.231587e+00 
-9.321168e-02 -7.230438e-01 
-2.487063e-02 -2.839534e-01 
9.816787e-04 3.763093e-02 
-4.088912e-04 1.846827e-01 
-8.060270e-03 7.435215e-02 
-6.311181e-03 3.609077e-03 
-5.209987e-03 -2.671250e-02 
-4.831266e-03 -2.256473e-02 
1.644003e-03 -2.510897e-03 
3.361195e-03 -2.514158e-02 
6.552878e-03 -7.807493e-02 
1.067441e-02 -1.702125e-01 
-1.480565e-01 -5.722116e-01 
-8.285978e-02 -7.239268e-01 
-7.014130e-02 -6.310545e-01 
-1.633571e-02 -2.817774e-01 
6.771187e-03 -1.926046e-02 
1.399280e-02 1.470453e-01 
9.452823e-03 1.901166e-01 
6.542988e-04 8.026120e-02 
-9.735020e-06 1.071447e-02 
2.143388e-03 -3.064430e-02 
4.348935e-03 -4.489936e-02 
1.606164e-03 -2.859316e-02 
-7.468079e-04 2.067526e-03 
-3.156495e-03 3.918548e-02 
-4.774827e-03 7.696982e-02 
-4.063595e-01 1.162670e+00 
7.216683e-02 6.975378e-01 
1.516925e-02 2.131648e-01 
-2.419943e-02 -1.230470e-01 
-2.364325e-02 -2.657475e-01 
-1.477679e-02 -2.863455e-01 
1.528664e-03 -1.806047e-01 
5.862782e-03 5.122907e-03 
-7.103103e-04 1.169674e-01 
-7.789819e-03 1.662057e-01 
-1.206836e-02 1.391306e-01 
-1.553416e-03 3.356035e-02 
3.954788e-03 -4.137253e-02 
6.575416e-03 -8.678866e-02 
6.187147e-03 -9.578967e-02 
