poroelastic
6.965035e-03 -2.185540e-01 
-2.556810e-02 -2.361002e-01 
-2.867040e-02 -9.297868e-02 
1.511968e-02 5.200668e-02 
1.777156e-02 8.254132e-02 
9.193281e-03 4.948601e-02 
-2.794522e-03 -4.863113e-02 
2.400162e-03 -1.102969e-01 
9.572682e-03 -3.717774e-02 
6.494102e-03 6.957419e-02 
-9.775504e-03 1.389741e-01 
-7.808716e-03 6.795648e-02 
2.318132e-04 4.382436e-03 
3.475665e-03 -3.131319e-02 
2.196583e-03 -2.587778e-02 
-4.678896e-02 -3.338422e-01 
-7.784494e-02 -2.073985e-01 
-3.869772e-02 2.005801e-02 
4.780106e-02 1.740422e-01 
4.117314e-02 1.944611e-01 
2.542509e-02 1.416583e-01 
7.405411e-03 2.685656e-02 
2.810793e-03 -6.611325e-02 
6.643392e-03 -3.047055e-02 
5.627245e-03 3.777855e-02 
-2.148570e-03 7.561563e-02 
-9.097607e-04 3.365116e-03 
2.187375e-03 -2.855852e-02 
-3.242482e-04 -7.830937e-03 
-7.494134e-03 8.885108e-02 
-4.840340e-02 -2.215568e-01 
-2.962441e-02 -2.701820e-01 
-3.021665e-02 -1.289854e-01 
8.625300e-03 1.862813e-02 
1.235232e-02 5.205992e-02 
7.248758e-03 3.338606e-02 
1.641010e-03 -2.562410e-02 
4.354254e-03 -5.724725e-02 
5.936244e-03 3.559304e-03 
6.063318e-04 7.939437e-02 
-1.097414e-02 1.137932e-01 
-2.977846e-03 3.179247e-02 
3.681462e-03 -2.829722e-02 
4.936837e-03 -4.811867e-02 
7.129987e-04 -7.955026e-03 
-2.285185e-01 -1.738181e-01 
-7.658807e-02 -6.938679e-02 
-2.413281e-02 1.088421e-01 
6.260788e-02 2.062444e-01 
4.720402e-02 2.098954e-01 
3.086766e-02 1.622282e-01 
1.526903e-02 6.824462e-02 
6.402740e-03 -2.737366e-02 
6.466884e-03 -2.075139e-02 
6.609152e-03 1.351921e-02 
3.418073e-03 3.190812e-02 
1.277190e-04 -1.136095e-02 
1.781807e-04 -1.437541e-02 
-3.889611e-03 2.633103e-02 
-1.058844e-02 1.207253e-01 
-1.381346e-01 -2.844221e-01 
-5.380595e-02 -3.745001e-01 
-4.861433e-02 -2.213970e-01 
1.944374e-03 -2.852029e-02 
1.463240e-02 4.823398e-02 
1.340363e-02 6.014558e-02 
8.059648e-03 2.372312e-02 
4.635235e-03 -9.094133e-03 
2.889745e-03 2.101753e-02 
-1.599673e-03 6.239718e-02 
-9.073687e-03 8.160513e-02 
-2.431743e-03 2.640408e-02 
3.095454e-03 -2.298089e-02 
4.962472e-03 -4.596767e-02 
2.520018e-03 -2.678317e-02 
-2.978676e-01 -2.583582e-02 
-5.908250e-02 2.040822e-02 
-7.966527e-03 1.747560e-01 
8.984177e-02 2.730504e-01 
6.590003e-02 2.985369e-01 
4.373275e-02 2.575383e-01 
1.716783e-02 1.394963e-01 
9.017225e-04 -2.536239e-02 
4.239117e-03 -7.960625e-02 
1.072013e-02 -7.405306e-02 
1.249489e-02 -3.515911e-02 
-1.257219e-03 -4.835517e-03 
-4.851837e-03 2.962601e-02 
-8.683260e-03 7.346718e-02 
-1.244573e-02 1.356104e-01 
-3.268321e-01 -4.043386e-01 
-1.288114e-01 -6.052984e-01 
-9.937170e-02 -4.533822e-01 
-1.701014e-02 -1.610236e-01 
2.279089e-02 4.332712e-02 
3.331503e-02 1.647058e-01 
2.120072e-02 1.775395e-01 
1.726146e-03 5.859389e-02 
-7.654680e-04 6.032623e-03 
-6.928779e-04 -1.479955e-03 
-2.586427e-03 1.573491e-02 
-2.159658e-03 2.055814e-02 
2.550035e-04 3.395164e-04 
2.580241e-03 -2.251382e-02 
3.454872e-03 -3.477816e-02 
-1.819800e-01 7.340118e-02 
-2.694389e-02 9.345204e-02 
2.166887e-02 2.132045e-01 
1.060028e-01 3.170477e-01 
7.594424e-02 3.679692e-01 
4.746089e-02 3.373281e-01 
9.272630e-03 1.871027e-01 
-6.298177e-03 -6.991081e-02 
4.617938e-03 -1.800216e-01 
1.760680e-02 -1.814529e-01 
1.981528e-02 -8.423337e-02 
-7.882823e-03 5.512129e-02 
-1.324426e-02 1.124958e-01 
-1.261756e-02 1.177278e-01 
-7.670025e-03 8.002912e-02 
-5.494719e-01 -5.521694e-01 
-2.476375e-01 -8.709626e-01 
-1.488519e-01 -6.701095e-01 
5.630134e-03 -1.823792e-01 
6.323874e-02 2.168847e-01 
6.835917e-02 4.456302e-01 
2.820841e-02 4.300754e-01 
-9.250621e-03 7.688510e-02 
-2.879717e-03 -1.364103e-01 
1.000735e-02 -2.008841e-01 
1.551643e-02 -1.188087e-01 
-1.001261e-02 9.120826e-02 
-1.544173e-02 1.422986e-01 
-6.396241e-03 6.537370e-02 
1.165831e-02 -1.149767e-01 
-8.837147e-02 -3.961408e-01 
-1.047120e-01 -4.746896e-01 
-4.715278e-02 -3.048759e-01 
6.885254e-02 1.091402e-01 
7.287179e-02 3.616755e-01 
5.458720e-02 4.503336e-01 
1.177869e-02 3.433710e-01 
-9.290521e-03 2.359306e-02 
1.256974e-03 -1.722398e-01 
1.698342e-02 -2.553169e-01 
2.727710e-02 -2.020841e-01 
1.759934e-03 -1.400178e-02 
-1.211283e-02 1.071214e-01 
-1.747915e-02 1.594401e-01 
-1.235506e-02 1.178437e-01 
-2.019308e-01 5.465673e-01 
1.955644e-02 1.181530e-01 
-1.564932e-02 -9.766833e-02 
7.126712e-03 -4.569724e-02 
1.189638e-02 -4.992881e-04 
1.717543e-02 5.052531e-02 
1.831494e-02 1.056357e-01 
3.804865e-03 1.100439e-01 
-2.854195e-03 9.220238e-02 
-4.420081e-03 4.909965e-02 
-5.291007e-04 -1.611891e-02 
6.995076e-03 -6.520538e-02 
6.650558e-03 -6.046461e-02 
1.341480e-03 -1.212823e-02 
-8.836075e-03 8.029006e-02 
