poroelastic
-3.390322e-02 -1.171171e-01 
-4.767375e-02 -1.238249e-01 
-4.632221e-02 3.792106e-03 
2.072591e-02 2.076260e-01 
2.815093e-02 3.041454e-01 
2.748260e-02 3.189804e-01 
2.072881e-02 2.407909e-01 
7.126569e-03 8.468453e-02 
4.383716e-04 -2.112667e-02 
-1.719977e-04 -8.735611e-02 
2.267034e-03 -1.061420e-01 
-7.323684e-04 -5.519700e-02 
-2.822229e-04 2.067870e-02 
6.615426e-04 1.146700e-01 
2.311035e-03 2.286469e-01 
5.856345e-01 -5.510629e-01 
4.802629e-02 -5.553468e-01 
-1.625260e-02 -3.483658e-01 
-7.518172e-03 -9.463758e-02 
4.190749e-03 5.216757e-02 
8.653070e-03 1.206191e-01 
5.564786e-03 1.099178e-01 
-2.179720e-03 2.313249e-02 
-3.920352e-03 -4.114918e-02 
-4.096972e-03 -8.240338e-02 
-2.226769e-03 -9.339122e-02 
-4.545200e-04 -6.153904e-02 
-2.053416e-04 -2.395625e-02 
1.047461e-04 1.682213e-02 
4.459795e-04 5.441842e-02 
1.962036e-01 1.521370e-01 
-3.425499e-02 1.392613e-01 
-2.283142e-02 2.032338e-01 
2.952675e-02 3.081318e-01 
2.941181e-02 3.415128e-01 
2.503214e-02 3.149020e-01 
1.783223e-02 2.201072e-01 
7.038280e-03 7.877905e-02 
1.512392e-03 -1.454513e-02 
1.094551e-03 -6.980525e-02 
2.951048e-03 -7.627907e-02 
1.837440e-05 -1.867097e-02 
2.076514e-04 4.618518e-02 
6.631468e-04 1.191615e-01 
1.223676e-03 2.022505e-01 
2.728200e-01 -4.463168e-01 
4.134397e-03 -3.377102e-01 
-9.121912e-03 -1.566302e-01 
9.116732e-04 1.093891e-02 
6.672451e-03 9.358970e-02 
7.512303e-03 1.178801e-01 
2.629996e-03 8.586700e-02 
-3.795801e-03 7.746345e-03 
-4.636874e-03 -5.146553e-02 
-4.577162e-03 -8.936806e-02 
-2.673994e-03 -1.002931e-01 
-4.727038e-04 -7.308315e-02 
-2.274750e-04 -3.484313e-02 
3.111036e-05 6.719291e-03 
3.174346e-04 4.769020e-02 
4.983951e-01 3.235356e-01 
2.307319e-02 3.694477e-01 
-2.558014e-03 3.778696e-01 
3.929412e-02 3.890866e-01 
3.061387e-02 3.544166e-01 
2.250313e-02 2.871661e-01 
1.432652e-02 1.816604e-01 
5.215370e-03 5.731822e-02 
1.165171e-03 -2.207364e-02 
1.057760e-03 -6.640843e-02 
2.814985e-03 -6.820323e-02 
5.102015e-04 -1.391289e-02 
4.809724e-04 5.029120e-02 
6.457043e-04 1.215470e-01 
6.259536e-04 2.034501e-01 
5.948255e-02 -2.641348e-01 
-4.638321e-03 -9.548931e-02 
1.314021e-03 2.413185e-02 
5.977274e-03 8.098339e-02 
5.444768e-03 8.719048e-02 
2.851921e-03 6.349698e-02 
-1.714483e-03 1.988762e-02 
-3.884217e-03 -2.576763e-02 
-3.524741e-03 -5.937285e-02 
-2.892284e-03 -7.643316e-02 
-1.313227e-03 -6.975526e-02 
-1.761932e-04 -3.788192e-02 
-1.262697e-05 -8.881339e-03 
6.582944e-05 1.327544e-02 
7.037350e-05 2.435285e-02 
8.262493e-01 4.323950e-01 
1.298074e-01 6.058550e-01 
2.705884e-02 5.694982e-01 
4.848587e-02 4.685514e-01 
3.022822e-02 3.558169e-01 
1.832743e-02 2.392407e-01 
9.666584e-03 1.205920e-01 
3.054919e-03 2.574336e-02 
6.288013e-04 -3.266030e-02 
8.115847e-04 -6.183382e-02 
2.518880e-03 -5.520309e-02 
1.197242e-03 -3.401697e-03 
7.949255e-04 5.558531e-02 
5.481852e-04 1.182758e-01 
-1.864602e-04 1.864234e-01 
-4.937220e-02 5.826365e-02 
1.441193e-02 2.459067e-01 
1.932827e-02 2.714466e-01 
9.664102e-03 1.522687e-01 
1.278802e-03 4.620673e-02 
-4.081542e-03 -3.747429e-02 
-5.969165e-03 -7.537781e-02 
-3.023129e-03 -4.964641e-02 
-1.539168e-03 -3.506528e-02 
-9.243109e-04 -2.454324e-02 
-5.213679e-04 -1.813694e-02 
-1.134096e-04 -1.525231e-02 
-2.910396e-05 -7.966900e-03 
-4.465003e-06 -2.651583e-03 
1.060891e-07 -3.490178e-04 
1.202206e+00 5.513314e-01 
2.832304e-01 9.336992e-01 
7.028102e-02 8.241117e-01 
4.033499e-02 5.051901e-01 
1.746669e-02 2.620704e-01 
5.319328e-03 8.107855e-02 
-9.980973e-05 -3.449670e-02 
-4.264524e-05 -4.781793e-02 
2.208296e-04 -4.509469e-02 
1.166963e-03 -3.051613e-02 
2.560887e-03 1.757479e-03 
1.235749e-03 4.786505e-02 
5.714296e-04 7.385833e-02 
2.366038e-04 8.148530e-02 
-1.200784e-04 7.171630e-02 
1.241744e-01 4.204486e-01 
4.916108e-02 5.582979e-01 
4.073255e-02 5.160767e-01 
1.616751e-02 2.851505e-01 
4.462934e-03 1.131786e-01 
-2.342620e-03 -1.713068e-02 
-5.269616e-03 -9.656247e-02 
-3.195491e-03 -9.817336e-02 
-1.770206e-03 -8.798973e-02 
-5.519296e-04 -6.544928e-02 
6.888860e-04 -2.472280e-02 
5.350877e-04 2.385703e-02 
2.402209e-04 4.743130e-02 
1.140875e-05 4.810867e-02 
-6.590446e-05 1.862871e-02 
2.908697e-01 -6.701204e-01 
-2.569288e-02 -4.242545e-01 
-7.038462e-03 -1.677820e-01 
2.107492e-03 6.711369e-03 
5.743527e-03 1.005652e-01 
6.724386e-03 1.397706e-01 
4.489534e-03 1.153704e-01 
5.123970e-04 3.225762e-02 
-9.292595e-04 -2.413729e-02 
-1.261288e-03 -6.215965e-02 
-4.793974e-04 -7.791190e-02 
1.168969e-04 -5.586974e-02 
3.063597e-04 -1.457730e-02 
3.453701e-04 4.226390e-02 
-1.534267e-04 1.150618e-01 
