poroelastic
-1.121006e-03 1.214353e-01 
1.328207e-02 1.299476e-01 
1.654379e-02 5.344935e-02 
-7.050103e-03 -1.846006e-02 
-7.130182e-03 -3.508420e-02 
-5.602506e-03 -2.715117e-02 
-5.797851e-03 2.379270e-04 
-6.205240e-03 1.030991e-02 
-4.017634e-03 -1.910386e-02 
-1.413593e-03 -4.644228e-02 
1.464812e-03 -4.145332e-02 
-4.534008e-04 1.207625e-02 
-1.275493e-03 2.460691e-02 
1.238215e-03 -2.550025e-03 
5.397337e-03 -8.168002e-02 
2.656405e-01 1.541887e-02 
6.502434e-02 -7.345302e-02 
1.423698e-02 -1.352758e-01 
-2.523357e-02 -1.514587e-01 
-1.685272e-02 -1.277191e-01 
-9.956132e-03 -8.804140e-02 
-5.378044e-03 -3.855007e-02 
-2.865832e-03 -4.516773e-03 
-1.724621e-03 -5.801394e-03 
-1.371859e-03 -8.703606e-03 
-2.568455e-03 9.335759e-03 
-4.320253e-03 5.811892e-02 
-2.400506e-03 4.690242e-02 
2.969712e-03 -1.873549e-02 
9.620478e-03 -1.482320e-01 
4.940509e-02 2.207890e-01 
1.101015e-02 2.585065e-01 
2.181621e-02 1.684081e-01 
7.446161e-04 4.499822e-02 
-5.538793e-03 -1.793016e-02 
-7.214918e-03 -4.705930e-02 
-6.696595e-03 -4.177815e-02 
-3.635709e-03 -2.092351e-02 
-1.119489e-03 -2.873109e-02 
9.010512e-04 -3.686305e-02 
1.782569e-03 -2.304502e-02 
-2.201667e-03 2.439836e-02 
-2.766135e-03 3.692033e-02 
-2.680808e-04 1.147419e-02 
4.562019e-03 -6.586708e-02 
3.839381e-01 -3.938248e-02 
6.798268e-02 -1.285556e-01 
1.352975e-02 -2.186263e-01 
-4.381629e-02 -2.566089e-01 
-2.970272e-02 -2.385636e-01 
-1.839773e-02 -1.830070e-01 
-8.212229e-03 -9.207948e-02 
-2.193141e-03 4.377125e-03 
-3.086331e-03 4.295083e-02 
-6.575180e-03 5.435090e-02 
-9.523008e-03 5.180200e-02 
-1.631805e-03 4.167913e-02 
2.126257e-03 -8.501383e-04 
7.159025e-03 -7.252545e-02 
1.192175e-02 -1.796726e-01 
1.440473e-01 2.886048e-01 
2.399595e-02 3.484881e-01 
2.860574e-02 2.337390e-01 
1.690445e-03 6.350850e-02 
-7.983523e-03 -3.678527e-02 
-9.859259e-03 -8.656650e-02 
-6.133597e-03 -8.097738e-02 
-7.531998e-04 -3.210763e-02 
5.621700e-04 -1.644246e-02 
1.259793e-03 -1.338879e-02 
1.595281e-03 -9.414826e-03 
-1.130555e-03 1.010457e-02 
-1.887600e-03 2.156310e-02 
-1.264285e-03 1.714171e-02 
9.098713e-04 -1.268145e-02 
3.699982e-01 -1.154289e-01 
3.965683e-02 -1.745240e-01 
3.479733e-03 -2.743148e-01 
-5.782365e-02 -3.308508e-01 
-3.814296e-02 -3.264501e-01 
-2.315771e-02 -2.634313e-01 
-7.263718e-03 -1.324687e-01 
3.253892e-04 3.009863e-02 
-4.005152e-03 1.056155e-01 
-1.110198e-02 1.224737e-01 
-1.429237e-02 8.527816e-02 
1.448923e-03 1.155798e-02 
6.346502e-03 -5.288691e-02 
9.964649e-03 -1.122913e-01 
1.175895e-02 -1.715705e-01 
2.690137e-01 3.788626e-01 
5.720308e-02 4.868213e-01 
4.322359e-02 3.398836e-01 
-1.213714e-03 8.601294e-02 
-1.541579e-02 -8.664522e-02 
-1.699774e-02 -1.802818e-01 
-7.455760e-03 -1.699578e-01 
1.968220e-03 -4.981055e-02 
1.308306e-03 1.571562e-02 
-8.725320e-04 4.101319e-02 
-1.858234e-03 2.916110e-02 
3.848050e-04 -4.519918e-03 
7.419764e-04 -9.495825e-03 
-1.598411e-06 -1.030117e-03 
-1.139846e-03 1.520959e-02 
2.075505e-01 -1.808303e-01 
4.528288e-03 -2.525861e-01 
-2.128262e-02 -3.546652e-01 
-6.231128e-02 -3.986416e-01 
-3.823321e-02 -3.746403e-01 
-2.002625e-02 -2.830363e-01 
-1.525835e-03 -1.110676e-01 
2.548118e-03 9.209499e-02 
-6.060337e-03 1.803389e-01 
-1.537793e-02 1.806669e-01 
-1.578609e-02 8.783927e-02 
6.985886e-03 -5.502551e-02 
1.146541e-02 -1.241046e-01 
1.133536e-02 -1.396661e-01 
6.997345e-03 -9.978931e-02 
3.577568e-01 4.682337e-01 
8.413676e-02 5.837218e-01 
4.132898e-02 3.673278e-01 
-1.517345e-02 1.524812e-02 
-2.602376e-02 -2.205267e-01 
-2.350119e-02 -3.310713e-01 
-7.002213e-03 -2.710936e-01 
6.210849e-03 -2.152171e-02 
5.692848e-04 1.186208e-01 
-7.194496e-03 1.583100e-01 
-9.257430e-03 8.634310e-02 
6.675144e-03 -7.340866e-02 
9.190039e-03 -1.114452e-01 
3.992241e-03 -5.711668e-02 
-6.831602e-03 9.300068e-02 
-1.522097e-02 1.553711e-01 
1.223600e-02 1.029468e-01 
-1.703038e-02 -5.072053e-02 
-3.694823e-02 -2.569879e-01 
-2.693836e-02 -3.321930e-01 
-1.609093e-02 -3.008180e-01 
-1.028720e-03 -1.572184e-01 
4.033149e-03 5.700070e-02 
-4.212764e-03 1.711291e-01 
-1.376878e-02 1.999334e-01 
-1.637627e-02 1.238224e-01 
4.146785e-03 -3.316575e-02 
1.075203e-02 -1.200578e-01 
1.148948e-02 -1.422200e-01 
5.743461e-03 -7.886618e-02 
4.502408e-01 -4.881572e-01 
-1.519636e-02 -3.431822e-01 
-2.385631e-02 -2.000353e-01 
-1.490371e-02 -1.160645e-01 
-6.582541e-03 -5.843922e-02 
-3.929005e-03 -2.744630e-02 
-4.712387e-03 -2.457258e-02 
-2.982439e-03 -3.858802e-02 
-1.889311e-04 -4.167004e-02 
7.226841e-04 -2.808064e-02 
-6.129779e-04 2.829214e-03 
-2.495798e-03 3.053917e-02 
-1.753311e-03 2.408671e-02 
8.613765e-04 -7.494035e-03 
4.930084e-03 -6.498846e-02 
