poroelastic
-3.468165e-02 8.068201e-02 
-3.301589e-02 1.467722e-01 
-2.269095e-02 2.175468e-01 
1.527738e-02 2.833911e-01 
1.850001e-02 3.008040e-01 
1.661995e-02 2.620552e-01 
9.836526e-03 1.639725e-01 
-8.050234e-04 2.726448e-02 
-4.463266e-03 -7.780006e-02 
-4.244638e-03 -1.404403e-01 
-7.326818e-04 -1.344095e-01 
-5.976737e-04 -4.653926e-02 
1.124913e-04 2.675802e-02 
8.823086e-04 8.719880e-02 
1.430355e-03 1.159210e-01 
8.063162e-01 -5.386186e-01 
1.084201e-01 -5.872641e-01 
6.984791e-03 -3.908077e-01 
-9.874161e-03 -1.916788e-01 
-2.782599e-03 -5.073259e-02 
1.901465e-03 2.951360e-02 
9.965922e-04 4.824480e-02 
-4.708050e-03 1.007988e-02 
-4.833471e-03 -3.103895e-02 
-5.294177e-03 -5.951444e-02 
-4.543045e-03 -5.401921e-02 
-3.536833e-04 -1.172362e-02 
-2.574027e-04 -2.392810e-02 
-7.370409e-04 -7.258190e-02 
-1.714120e-03 -1.743231e-01 
2.953690e-01 4.680645e-01 
-2.416530e-02 5.444444e-01 
-7.028201e-03 5.326804e-01 
2.331913e-02 4.555077e-01 
1.987942e-02 3.653743e-01 
1.394776e-02 2.552802e-01 
6.999991e-03 1.262402e-01 
1.729705e-04 -5.066406e-04 
-2.431562e-03 -8.561691e-02 
-1.667357e-03 -1.278444e-01 
1.348032e-03 -1.081946e-01 
2.816050e-04 -1.853968e-02 
7.047747e-04 5.882524e-02 
1.151016e-03 1.252034e-01 
1.288423e-03 1.737397e-01 
6.273429e-01 -5.094045e-01 
6.120290e-02 -4.579558e-01 
7.793759e-03 -3.260448e-01 
-1.013229e-02 -2.035211e-01 
-6.250968e-03 -1.184752e-01 
-3.159266e-03 -6.132085e-02 
-3.468704e-03 -2.793819e-02 
-5.735948e-03 -2.211513e-02 
-4.436476e-03 -3.391350e-02 
-4.449955e-03 -4.288155e-02 
-4.079035e-03 -3.393652e-02 
-6.114176e-04 -1.636587e-02 
-4.960242e-04 -3.442933e-02 
-8.240406e-04 -8.200965e-02 
-1.297842e-03 -1.730560e-01 
6.718953e-01 6.798194e-01 
3.778624e-02 8.090583e-01 
1.139010e-02 7.246774e-01 
3.003262e-02 5.362052e-01 
1.935612e-02 3.619576e-01 
1.015255e-02 2.005911e-01 
2.386947e-03 5.927593e-02 
-2.051670e-03 -3.861269e-02 
-3.057728e-03 -1.011754e-01 
-2.063520e-03 -1.238893e-01 
6.877350e-04 -8.832890e-02 
7.660598e-04 -3.184931e-04 
8.768715e-04 6.323603e-02 
8.452358e-04 1.027472e-01 
4.266751e-04 1.028345e-01 
3.341587e-01 -3.770027e-01 
1.752295e-02 -2.221210e-01 
8.492019e-03 -1.534561e-01 
-9.350946e-03 -1.451882e-01 
-8.240568e-03 -1.382527e-01 
-7.081745e-03 -1.224625e-01 
-6.555772e-03 -8.690007e-02 
-4.802169e-03 -3.700793e-02 
-2.701378e-03 -1.293168e-02 
-2.608230e-03 -1.302748e-03 
-3.228753e-03 -1.295009e-03 
-1.128822e-03 -1.756663e-02 
-8.864771e-04 -4.962000e-02 
-9.351561e-04 -9.887143e-02 
-6.342656e-04 -1.707353e-01 
1.052944e+00 8.140554e-01 
1.460583e-01 1.077249e+00 
3.418731e-02 9.118307e-01 
3.222068e-02 5.528426e-01 
1.427519e-02 2.775154e-01 
2.882585e-03 6.169120e-02 
-2.407733e-03 -6.591661e-02 
-1.356275e-03 -5.995540e-02 
-9.152898e-04 -6.039216e-02 
-1.050623e-04 -5.500470e-02 
1.495597e-03 -2.757327e-02 
1.390136e-03 1.902679e-02 
9.822449e-04 5.506893e-02 
6.824300e-04 8.669073e-02 
2.311946e-05 1.031474e-01 
7.293501e-02 4.070797e-02 
1.348186e-02 2.339476e-01 
1.708714e-02 1.623784e-01 
-8.067075e-03 -7.777875e-02 
-1.266680e-02 -2.126528e-01 
-1.429849e-02 -2.730901e-01 
-1.162287e-02 -2.162821e-01 
-3.878157e-03 -4.585251e-02 
-8.588412e-04 2.973972e-02 
-1.046960e-03 5.065225e-02 
-2.862940e-03 2.258947e-02 
-2.137863e-03 -5.128641e-02 
-1.460056e-03 -9.909683e-02 
-9.589295e-04 -1.266972e-01 
-7.301917e-05 -1.461415e-01 
1.478505e+00 1.005040e+00 
2.851955e-01 1.446650e+00 
5.791091e-02 1.118612e+00 
2.096309e-02 4.692307e-01 
1.012205e-03 3.375754e-02 
-8.908705e-03 -2.200982e-01 
-9.013344e-03 -2.632536e-01 
-5.117416e-04 -7.267929e-02 
2.609576e-03 4.651156e-02 
3.439403e-03 1.042259e-01 
2.645955e-03 9.755657e-02 
7.384353e-04 2.866862e-02 
2.591336e-04 3.189588e-03 
2.499293e-04 1.089391e-02 
-4.072615e-05 5.471243e-02 
1.073517e-01 6.577094e-01 
4.226626e-02 8.094982e-01 
2.234846e-02 6.353061e-01 
3.996338e-03 1.694073e-01 
-5.266806e-03 -1.143513e-01 
-9.841644e-03 -2.631790e-01 
-9.513360e-03 -2.561218e-01 
-3.958871e-03 -1.076306e-01 
-1.075275e-03 -1.981376e-02 
-2.282668e-04 2.926606e-02 
-9.470513e-04 3.938547e-02 
-1.357662e-03 3.751141e-03 
-1.035128e-03 -3.403412e-02 
-7.354849e-04 -8.038157e-02 
4.589260e-04 -1.506459e-01 
6.747440e-01 -8.980992e-01 
-2.864681e-03 -6.264175e-01 
-1.534794e-02 -3.016481e-01 
-3.346165e-03 -1.069772e-01 
7.265923e-04 1.945027e-02 
2.879316e-03 8.233388e-02 
2.076214e-03 7.038645e-02 
-1.670755e-03 -8.396401e-03 
-2.509475e-03 -6.172818e-02 
-2.638387e-03 -8.937593e-02 
-1.821394e-03 -7.727721e-02 
-4.370613e-04 -2.632717e-02 
-8.059290e-05 -2.423046e-03 
-7.392250e-05 3.013343e-03 
1.804507e-05 -1.994684e-02 
