poroelastic
-1.341122e-02 2.418606e-01 
-6.570173e-03 3.567750e-01 
3.542682e-03 2.799764e-01 
1.891461e-05 -1.774407e-02 
-8.300978e-03 -2.753815e-01 
-1.525892e-02 -4.258226e-01 
-1.528362e-02 -4.939831e-01 
1.286086e-03 -4.817535e-01 
7.993340e-03 -3.364773e-01 
1.698179e-02 -1.493214e-01 
1.552236e-02 2.759123e-02 
-9.262977e-03 2.042272e-01 
-4.604359e-03 4.003438e-01 
-3.060538e-04 5.849834e-01 
8.475535e-03 8.481759e-01 
-2.568261e+00 1.318611e-02 
-5.834319e-01 6.380291e-01 
-1.018888e-01 1.125712e+00 
2.546874e-02 1.562063e+00 
4.012354e-02 1.678039e+00 
3.792304e-02 1.478792e+00 
2.520708e-02 8.791554e-01 
2.773172e-03 -1.764468e-03 
-3.280007e-03 -5.188759e-01 
3.689322e-03 -7.310209e-01 
1.293254e-02 -6.276511e-01 
-7.587492e-03 -1.691089e-01 
-5.959012e-03 3.386225e-01 
-1.723311e-03 8.012495e-01 
7.239428e-03 1.225347e+00 
3.941272e-01 3.880295e-01 
-8.032986e-03 9.414438e-01 
9.349868e-03 1.211470e+00 
2.267946e-02 1.054993e+00 
1.828948e-02 7.903225e-01 
1.107525e-02 4.374553e-01 
-4.233071e-03 -3.694184e-02 
-1.698292e-02 -5.143584e-01 
-1.109201e-02 -7.270219e-01 
-3.230087e-03 -7.449885e-01 
4.544448e-03 -5.738611e-01 
-2.514461e-03 -2.054637e-01 
-2.116990e-03 1.866600e-01 
-5.073316e-04 5.072724e-01 
2.576190e-03 6.939799e-01 
-1.443391e+00 -2.143082e-01 
-2.536443e-01 -1.638672e-01 
-5.393319e-02 2.621976e-01 
1.810863e-02 9.918487e-01 
3.118466e-02 1.402543e+00 
3.296082e-02 1.455096e+00 
2.516991e-02 9.788691e-01 
7.085019e-03 8.619164e-02 
-6.239379e-05 -4.304798e-01 
4.145124e-03 -6.914769e-01 
1.082143e-02 -6.136783e-01 
-4.728475e-03 -1.067738e-01 
-3.493608e-03 3.625283e-01 
-8.646672e-04 8.555494e-01 
5.249294e-03 1.421567e+00 
6.346435e-01 -8.345633e-01 
4.783357e-02 -4.921672e-01 
-8.630755e-03 3.774271e-01 
4.200389e-02 1.350304e+00 
4.162020e-02 1.751935e+00 
3.205162e-02 1.654270e+00 
9.349041e-03 9.022986e-01 
-9.229308e-03 -3.453312e-01 
-9.116312e-03 -1.068093e+00 
-2.546259e-03 -1.400708e+00 
6.988041e-03 -1.302777e+00 
-2.268940e-03 -6.295730e-01 
-2.805044e-03 2.131134e-01 
-1.717401e-03 1.108899e+00 
2.364559e-03 2.013814e+00 
-1.317605e+00 3.250255e-02 
-1.133512e-01 2.017114e-01 
-1.253423e-02 8.461704e-01 
5.753444e-02 1.662346e+00 
5.162574e-02 2.029049e+00 
3.992941e-02 1.945801e+00 
1.670312e-02 1.205736e+00 
-3.137011e-03 -3.813900e-02 
-7.268231e-03 -7.812554e-01 
-5.245260e-03 -1.192102e+00 
1.430921e-03 -1.194750e+00 
-6.371085e-04 -6.068560e-01 
9.085716e-05 1.189639e-01 
1.311653e-03 9.517576e-01 
2.837028e-03 1.892428e+00 
4.400225e-02 -1.323320e+00 
4.539376e-02 -1.288060e+00 
-6.623432e-03 -4.554789e-01 
4.218253e-02 6.821087e-01 
3.877059e-02 1.329384e+00 
2.639001e-02 1.516790e+00 
4.648627e-03 1.075023e+00 
-7.623925e-04 8.454349e-02 
-1.631392e-03 -5.187595e-01 
-1.697565e-03 -8.665923e-01 
-5.706858e-04 -8.976436e-01 
6.047902e-04 -4.689051e-01 
6.914233e-04 9.728882e-03 
4.315032e-04 5.422237e-01 
-6.285349e-04 1.140765e+00 
-7.394580e-01 9.747300e-01 
3.982347e-02 1.530312e+00 
5.605198e-02 1.947098e+00 
7.434355e-02 1.980568e+00 
3.910321e-02 1.722778e+00 
1.453464e-02 1.210789e+00 
-3.763755e-03 3.399606e-01 
-1.924433e-03 -6.900916e-01 
-3.910560e-03 -1.207916e+00 
-5.260079e-03 -1.355684e+00 
-3.182842e-03 -1.088403e+00 
4.442458e-03 -3.271190e-01 
4.458474e-03 4.712967e-01 
3.345212e-03 1.225534e+00 
-1.004306e-03 1.914557e+00 
-1.967374e-01 -1.143766e+00 
3.356000e-02 -1.189772e+00 
1.062414e-02 -6.482356e-01 
2.899143e-02 7.091413e-02 
2.495248e-02 5.107541e-01 
2.021861e-02 7.117420e-01 
9.898521e-03 6.122009e-01 
-1.892873e-03 2.263201e-01 
-1.191793e-03 2.008993e-02 
-1.408737e-03 -4.017550e-02 
-5.836921e-04 6.928523e-02 
2.148319e-03 3.030747e-01 
4.677875e-04 3.075575e-01 
-3.873196e-04 1.496674e-01 
3.614814e-04 -1.173175e-01 
2.663328e-01 1.245483e+00 
8.578887e-02 2.048489e+00 
5.723592e-02 1.955782e+00 
2.412029e-03 1.033874e+00 
-1.423094e-02 2.176596e-01 
-1.933714e-02 -4.471868e-01 
-7.322899e-03 -8.571440e-01 
8.475712e-03 -9.095544e-01 
2.537527e-03 -8.168877e-01 
-2.443101e-03 -5.913687e-01 
-3.405338e-03 -2.749491e-01 
4.653235e-03 7.311365e-02 
2.386498e-03 3.851608e-01 
-8.504347e-05 5.344323e-01 
-2.502733e-03 4.683287e-01 
-2.250594e+00 7.177145e-01 
-1.792995e-01 1.006570e+00 
8.797024e-02 1.051951e+00 
4.982599e-02 9.805142e-01 
2.492218e-02 8.794389e-01 
1.574674e-02 7.065356e-01 
6.883066e-03 3.999806e-01 
-5.724964e-03 4.007652e-02 
-4.419014e-03 -1.437291e-01 
-6.355857e-03 -2.138850e-01 
-4.404597e-03 -1.331900e-01 
8.573794e-03 1.357944e-01 
5.303981e-03 3.389347e-01 
2.268120e-03 5.281945e-01 
-4.418602e-03 7.977066e-01 
