poroelastic
-1.607141e-02 2.214177e-02 
-1.669984e-02 2.881749e-02 
-1.488836e-02 5.077232e-02 
5.448622e-03 1.196071e-01 
7.371512e-03 1.475486e-01 
6.959992e-03 1.404356e-01 
4.323820e-03 9.422474e-02 
-2.482789e-04 1.293300e-02 
-1.655123e-03 -4.642950e-02 
-1.156367e-03 -7.371452e-02 
3.645152e-04 -5.302949e-02 
-1.136540e-04 1.091055e-02 
1.136239e-04 4.294279e-02 
2.524774e-04 4.499402e-02 
4.751459e-05 6.326655e-03 
9.048273e-01 -5.436719e-01 
1.425436e-01 -7.028911e-01 
1.139184e-02 -5.467293e-01 
-1.179097e-02 -2.893723e-01 
-5.058866e-03 -1.161268e-01 
-3.377691e-04 -7.281219e-03 
7.087305e-04 3.522320e-02 
-1.691625e-03 4.903863e-03 
-1.777008e-03 -1.933454e-02 
-1.675434e-03 -2.303638e-02 
-1.323554e-03 5.210510e-03 
2.630379e-04 5.075774e-02 
2.628924e-04 2.835549e-02 
-1.265423e-04 -4.754723e-02 
-1.061706e-03 -1.846173e-01 
2.019959e-01 4.094725e-01 
-2.320921e-02 4.239112e-01 
-6.807022e-03 3.749875e-01 
1.117565e-02 2.856638e-01 
8.137408e-03 2.017379e-01 
4.731733e-03 1.186900e-01 
1.648649e-03 3.812915e-02 
-3.507680e-04 -2.598396e-02 
-8.092065e-04 -6.369447e-02 
1.079230e-04 -7.317776e-02 
1.452701e-03 -4.124279e-02 
1.274292e-04 2.892427e-02 
2.072625e-04 6.927572e-02 
2.767475e-04 8.224953e-02 
2.152836e-04 5.905611e-02 
7.799058e-01 -4.868697e-01 
9.542031e-02 -5.729502e-01 
1.531688e-02 -5.116835e-01 
-1.348266e-02 -3.909466e-01 
-1.033886e-02 -2.765408e-01 
-6.435734e-03 -1.705140e-01 
-3.430810e-03 -7.106516e-02 
-1.667670e-03 3.459611e-03 
-5.491662e-04 3.794733e-02 
-1.108012e-03 5.218622e-02 
-2.232658e-03 5.136423e-02 
6.045654e-05 2.729892e-02 
-5.555216e-05 -2.950700e-02 
-4.373738e-04 -1.116563e-01 
-1.048112e-03 -2.266178e-01 
5.120833e-01 5.986440e-01 
1.423518e-02 6.467347e-01 
1.816899e-03 5.253669e-01 
1.315439e-02 3.282957e-01 
6.794383e-03 1.777239e-01 
2.300133e-03 5.956772e-02 
1.040762e-04 -1.542556e-02 
2.161892e-04 -3.194048e-02 
1.539872e-04 -4.034696e-02 
7.534074e-04 -3.944583e-02 
1.567894e-03 -2.048909e-02 
4.326489e-04 2.251619e-02 
3.130867e-04 5.768038e-02 
2.634285e-04 8.478510e-02 
1.162186e-04 9.933263e-02 
5.397067e-01 -4.159661e-01 
3.543550e-02 -4.330776e-01 
1.121985e-02 -4.362285e-01 
-1.559118e-02 -4.125888e-01 
-1.294805e-02 -3.533277e-01 
-9.564040e-03 -2.667266e-01 
-5.481823e-03 -1.395916e-01 
-1.158453e-03 4.053742e-03 
4.542158e-04 7.780609e-02 
-3.548372e-04 1.048881e-01 
-2.280674e-03 8.327355e-02 
-5.485774e-04 1.131579e-02 
-4.733722e-04 -6.621082e-02 
-5.184545e-04 -1.475920e-01 
-3.595271e-04 -2.354565e-01 
8.168279e-01 7.462770e-01 
8.703867e-02 8.890044e-01 
1.588469e-02 6.776777e-01 
1.299682e-02 3.371530e-01 
3.257963e-03 9.506574e-02 
-1.729455e-03 -6.303861e-02 
-2.327952e-03 -1.148423e-01 
1.309597e-04 -4.741464e-02 
8.383802e-04 -5.845151e-03 
1.234945e-03 1.558591e-02 
1.452960e-03 1.902922e-02 
6.746413e-04 1.454528e-02 
3.898589e-04 3.185968e-02 
2.260078e-04 6.301920e-02 
-2.230274e-04 1.084829e-01 
2.148701e-01 -2.590817e-01 
-2.696589e-03 -2.720525e-01 
8.739967e-04 -3.519539e-01 
-1.454419e-02 -4.179632e-01 
-1.294460e-02 -4.070731e-01 
-1.002194e-02 -3.272096e-01 
-4.857327e-03 -1.595860e-01 
6.573099e-04 4.620358e-02 
1.856035e-03 1.442294e-01 
5.482886e-04 1.628197e-01 
-1.988326e-03 8.974314e-02 
-1.160275e-03 -4.985140e-02 
-7.415767e-04 -1.296098e-01 
-3.869547e-04 -1.638030e-01 
6.965952e-05 -1.438485e-01 
1.080639e+00 8.793835e-01 
1.641392e-01 1.110364e+00 
2.354986e-02 7.683004e-01 
5.857813e-03 2.422126e-01 
-2.250192e-03 -9.385689e-02 
-6.525310e-03 -2.653808e-01 
-5.833732e-03 -2.417854e-01 
1.027882e-03 -2.295235e-02 
2.793382e-03 9.814656e-02 
2.511684e-03 1.380134e-01 
9.979276e-04 8.902790e-02 
-6.985602e-05 -2.974160e-02 
9.799184e-06 -5.799125e-02 
1.756676e-04 -1.650655e-02 
-1.148286e-04 1.043889e-01 
1.277363e-03 3.249031e-01 
4.392996e-03 3.122338e-01 
-7.787827e-03 1.363770e-01 
-1.407593e-03 -1.580320e-01 
-4.275767e-03 -3.055083e-01 
-5.699646e-03 -3.306029e-01 
-4.269938e-03 -2.150341e-01 
1.413488e-04 -7.294891e-03 
1.493679e-03 1.048120e-01 
1.130912e-03 1.474802e-01 
-4.257132e-04 1.094325e-01 
-6.664223e-04 2.210725e-03 
-4.701922e-04 -6.869537e-02 
-2.198093e-04 -1.115714e-01 
1.745519e-04 -1.177640e-01 
7.711609e-01 -9.000611e-01 
9.799403e-03 -7.458626e-01 
-1.294201e-02 -4.457541e-01 
-1.640192e-03 -1.867136e-01 
-2.112333e-04 -1.917953e-02 
1.702051e-03 7.547241e-02 
2.199133e-03 8.184086e-02 
-9.280863e-04 -3.362975e-03 
-1.549526e-03 -5.843529e-02 
-1.333124e-03 -7.846532e-02 
-4.555288e-04 -5.236328e-02 
7.200744e-05 8.853940e-03 
7.660991e-05 2.913352e-02 
-1.029281e-05 1.678558e-02 
-2.589635e-05 -3.379671e-02 
