poroelastic
-4.936998e-02 1.123578e-01 
-3.839966e-02 1.441714e-01 
-1.951320e-02 1.252743e-01 
3.062101e-02 1.237671e-01 
2.678169e-02 1.453029e-01 
2.264520e-02 1.575354e-01 
1.386482e-02 1.623769e-01 
-3.878094e-03 1.110311e-01 
-7.735815e-03 5.871071e-04 
-7.996816e-04 -1.027862e-01 
1.436484e-02 -1.516621e-01 
8.063908e-03 -8.378116e-02 
-9.726075e-04 -8.474148e-03 
-6.587249e-03 5.569987e-02 
-7.653543e-03 9.584296e-02 
3.971657e-01 -1.121167e-01 
7.499503e-02 -1.950488e-01 
5.160149e-03 -2.182623e-01 
-3.333391e-02 -1.684123e-01 
-1.709016e-02 -9.788210e-02 
-6.189598e-03 -2.633442e-02 
-3.922467e-03 3.644054e-02 
-9.056439e-03 4.699575e-02 
-8.491673e-03 -1.287407e-03 
-5.579096e-03 -5.526563e-02 
1.065161e-03 -7.687247e-02 
2.859292e-03 -1.891356e-02 
3.027334e-04 5.581573e-03 
1.606273e-03 -8.196658e-03 
5.847112e-03 -7.469098e-02 
1.309535e-01 2.930185e-01 
-3.288156e-02 3.538679e-01 
4.430569e-03 3.040076e-01 
5.188888e-02 2.370955e-01 
3.295088e-02 1.981727e-01 
2.032335e-02 1.581666e-01 
7.819241e-03 1.166477e-01 
-3.547610e-03 5.222806e-02 
-3.084896e-03 -3.745198e-02 
4.759800e-03 -1.104960e-01 
1.524760e-02 -1.272911e-01 
2.758410e-03 -4.150596e-02 
-4.774298e-03 3.219118e-02 
-8.273893e-03 7.938100e-02 
-6.673519e-03 8.021846e-02 
3.929331e-01 -1.728307e-01 
5.599697e-02 -1.860721e-01 
7.895154e-03 -2.041523e-01 
-4.060644e-02 -1.722488e-01 
-2.442852e-02 -1.277629e-01 
-1.504124e-02 -7.688028e-02 
-1.257296e-02 -1.888414e-02 
-1.162615e-02 2.213092e-02 
-9.374232e-03 7.516776e-03 
-9.168280e-03 -1.964493e-02 
-6.331103e-03 -3.383060e-02 
2.906896e-03 -1.032078e-02 
3.365953e-03 -1.738312e-02 
6.409586e-03 -5.613912e-02 
1.097597e-02 -1.366703e-01 
3.837047e-01 4.452401e-01 
1.897910e-02 5.625720e-01 
3.349548e-02 4.636930e-01 
6.366613e-02 3.064681e-01 
3.039947e-02 1.946745e-01 
1.249382e-02 1.058136e-01 
2.083864e-03 4.430053e-02 
-1.693211e-03 9.042050e-03 
1.002977e-04 -4.233027e-02 
5.944120e-03 -8.448412e-02 
1.266883e-02 -9.122171e-02 
1.672445e-03 -2.776870e-02 
-4.431785e-03 3.269170e-02 
-7.901009e-03 7.638305e-02 
-7.813350e-03 9.059908e-02 
3.085827e-01 -1.777146e-01 
3.627344e-02 -1.065887e-01 
1.361498e-02 -1.396942e-01 
-5.136677e-02 -1.769580e-01 
-3.704592e-02 -1.962467e-01 
-2.784340e-02 -1.795117e-01 
-1.851978e-02 -1.082220e-01 
-8.921329e-03 7.332661e-03 
-8.388404e-03 5.098664e-02 
-1.309214e-02 5.345358e-02 
-1.415079e-02 2.694066e-02 
3.254987e-03 -9.219844e-03 
7.180903e-03 -5.371736e-02 
1.122771e-02 -1.078216e-01 
1.436864e-02 -1.732046e-01 
7.438007e-01 6.199606e-01 
1.400505e-01 8.974458e-01 
9.303526e-02 7.578957e-01 
7.837554e-02 4.365873e-01 
2.000995e-02 1.706835e-01 
-5.670563e-03 -2.721034e-02 
-7.737298e-03 -1.191898e-01 
1.805930e-03 -6.024268e-02 
3.708955e-03 -3.041185e-02 
5.363082e-03 -2.297313e-02 
7.473350e-03 -2.593501e-02 
1.008574e-03 -1.483627e-02 
-2.800572e-03 2.112424e-02 
-6.516202e-03 6.312715e-02 
-9.107359e-03 1.011963e-01 
1.398251e-01 -4.322120e-02 
3.313248e-02 5.167678e-02 
1.508389e-02 -3.382339e-02 
-6.171778e-02 -2.003355e-01 
-5.158654e-02 -3.089479e-01 
-3.910616e-02 -3.269851e-01 
-1.633975e-02 -2.073519e-01 
-1.162735e-03 3.999872e-02 
-7.592155e-03 1.589239e-01 
-1.941745e-02 1.790959e-01 
-2.220323e-02 9.570547e-02 
7.335573e-03 -5.219218e-02 
1.402228e-02 -1.306665e-01 
1.566781e-02 -1.623955e-01 
1.272391e-02 -1.491573e-01 
1.165904e+00 7.940372e-01 
3.263500e-01 1.277776e+00 
1.575881e-01 1.044977e+00 
5.189334e-02 4.565928e-01 
-1.465993e-02 -1.274980e-02 
-3.624143e-02 -3.209633e-01 
-1.976926e-02 -3.874931e-01 
7.609747e-03 -1.152772e-01 
5.915744e-03 6.114982e-02 
-1.723841e-03 1.339311e-01 
-6.504234e-03 1.004723e-01 
3.442844e-03 -3.519508e-02 
5.959002e-03 -6.479033e-02 
9.505417e-04 -1.576319e-02 
-1.023276e-02 1.145364e-01 
1.151655e-01 5.616345e-01 
9.827676e-02 6.752338e-01 
5.679772e-02 4.779219e-01 
-2.825574e-02 3.819251e-03 
-4.212738e-02 -2.889649e-01 
-3.803187e-02 -4.105831e-01 
-1.452126e-02 -3.298663e-01 
4.547413e-03 -4.253481e-02 
-1.689103e-03 1.403548e-01 
-1.499834e-02 2.268167e-01 
-2.453654e-02 1.883498e-01 
-1.708268e-03 2.242288e-02 
1.002041e-02 -9.562659e-02 
1.600527e-02 -1.645493e-01 
1.458184e-02 -1.614541e-01 
4.651487e-01 -8.572654e-01 
-4.412112e-02 -3.982966e-01 
-1.594389e-02 -9.141259e-02 
-5.982854e-03 3.558066e-03 
-1.395894e-03 3.950392e-02 
-4.468690e-03 3.065886e-02 
-1.254577e-02 -2.443888e-02 
-8.455904e-03 -8.094632e-02 
-9.657334e-04 -9.792328e-02 
2.611211e-03 -7.935068e-02 
2.182382e-03 -2.831043e-02 
-2.109622e-03 2.166948e-02 
-3.094379e-03 3.233190e-02 
-7.593382e-04 8.837382e-03 
5.032683e-03 -5.325284e-02 
