poroelastic
-2.339268e-03 -2.205490e-01 
-2.150056e-02 -2.824196e-01 
-3.228703e-02 -1.860606e-01 
3.111423e-03 1.872496e-03 
1.162884e-02 1.023689e-01 
1.458755e-02 1.501393e-01 
1.378419e-02 1.386031e-01 
7.177973e-03 7.509029e-02 
3.009081e-03 3.685258e-02 
1.660948e-03 8.122665e-03 
1.291725e-03 -1.754782e-02 
-3.797606e-04 -3.177490e-02 
-3.404322e-04 -1.385834e-02 
7.219153e-05 3.490318e-02 
1.284256e-03 1.271378e-01 
1.917565e-01 -3.187676e-01 
-3.182509e-03 -2.749655e-01 
-1.655319e-02 -1.448179e-01 
2.074264e-03 6.264847e-03 
7.609238e-03 8.019856e-02 
8.825241e-03 1.091711e-01 
6.317329e-03 9.370816e-02 
1.030550e-03 3.406137e-02 
-8.653169e-04 -6.237752e-03 
-1.414593e-03 -3.743711e-02 
-6.642901e-04 -6.589975e-02 
-5.242945e-04 -8.006926e-02 
-4.217815e-04 -4.484551e-02 
8.762164e-05 2.872146e-02 
1.161771e-03 1.440576e-01 
1.674603e-02 -1.173118e-01 
-2.079710e-02 -2.052584e-01 
-2.337596e-02 -1.329941e-01 
6.713903e-03 2.999816e-02 
1.263164e-02 1.183289e-01 
1.453549e-02 1.620343e-01 
1.316998e-02 1.517809e-01 
6.583286e-03 8.913755e-02 
2.788446e-03 5.156735e-02 
1.280377e-03 2.337961e-02 
6.224006e-04 -3.016063e-03 
-1.081956e-04 -1.981473e-02 
-1.200738e-04 -1.366822e-02 
2.988703e-05 1.479896e-02 
4.503394e-04 7.386096e-02 
-4.838228e-02 -1.995236e-01 
-2.232364e-02 -9.389912e-02 
-7.354240e-03 3.080153e-02 
1.234085e-02 1.208662e-01 
1.242247e-02 1.475978e-01 
1.000055e-02 1.358195e-01 
4.686704e-03 8.461999e-02 
-8.579148e-04 6.217616e-03 
-1.928885e-03 -3.704600e-02 
-1.631934e-03 -6.289122e-02 
-1.339909e-04 -7.548115e-02 
-3.419344e-04 -6.135183e-02 
-2.241184e-04 -1.933396e-02 
1.476594e-04 4.355521e-02 
8.651095e-04 1.303674e-01 
8.556043e-02 -5.399473e-02 
-7.773189e-03 -1.227029e-01 
-1.687494e-02 -7.173289e-02 
1.136249e-02 5.734063e-02 
1.465518e-02 1.332153e-01 
1.514594e-02 1.686228e-01 
1.258053e-02 1.520961e-01 
5.684007e-03 8.788538e-02 
2.337332e-03 4.747255e-02 
1.102942e-03 1.767507e-02 
7.131664e-04 -3.658730e-03 
2.553724e-05 -9.249954e-03 
3.098478e-06 -3.292167e-03 
7.282044e-05 1.888381e-02 
1.979794e-04 6.459946e-02 
-1.501128e-01 -5.311474e-02 
-1.205151e-02 6.080683e-02 
2.769218e-03 1.585885e-01 
2.045580e-02 1.972671e-01 
1.553024e-02 1.883868e-01 
1.012575e-02 1.473034e-01 
3.206667e-03 7.318596e-02 
-1.558012e-03 -1.379562e-02 
-2.180256e-03 -6.098636e-02 
-1.321433e-03 -8.076577e-02 
5.209450e-04 -7.129886e-02 
-3.406376e-06 -2.997808e-02 
4.677915e-05 1.308390e-02 
1.661269e-04 5.653916e-02 
2.891021e-04 1.003669e-01 
1.828425e-01 -2.570648e-02 
2.302423e-02 -4.801864e-02 
-6.428353e-03 9.401099e-04 
1.890051e-02 1.094024e-01 
1.829276e-02 1.704993e-01 
1.648342e-02 1.935252e-01 
1.150806e-02 1.605845e-01 
3.757926e-03 7.209874e-02 
1.082568e-03 1.869423e-02 
4.620735e-04 -1.190984e-02 
7.853610e-04 -1.976792e-02 
2.745806e-04 -1.149944e-03 
1.569787e-04 1.563812e-02 
1.014414e-04 3.510046e-02 
-6.939537e-05 6.311493e-02 
-1.159449e-01 1.460728e-01 
1.468860e-02 2.746068e-01 
2.212465e-02 3.263951e-01 
2.533388e-02 2.683386e-01 
1.396119e-02 1.908718e-01 
5.693537e-03 1.043957e-01 
-8.812803e-04 1.374114e-02 
-2.488650e-03 -5.245038e-02 
-1.944152e-03 -7.800174e-02 
-6.837838e-04 -7.420462e-02 
8.024279e-04 -3.873774e-02 
2.490277e-04 1.637582e-02 
1.357715e-04 4.421476e-02 
5.557846e-05 4.926530e-02 
-1.296026e-05 3.000307e-02 
3.317433e-01 -3.969019e-02 
8.957572e-02 6.245807e-02 
1.958447e-02 1.446664e-01 
2.491478e-02 2.116539e-01 
1.933177e-02 2.358188e-01 
1.462258e-02 2.221597e-01 
7.512320e-03 1.463111e-01 
5.608775e-04 1.044050e-02 
-1.027738e-03 -5.844065e-02 
-4.147763e-04 -7.191762e-02 
1.217332e-03 -2.749701e-02 
6.329715e-04 6.027911e-02 
1.635874e-04 8.454551e-02 
-6.226823e-05 5.722716e-02 
4.897501e-05 -2.276533e-02 
5.809928e-02 6.613564e-02 
1.667851e-02 1.352072e-01 
2.555216e-02 2.011962e-01 
2.047954e-02 2.361596e-01 
1.325099e-02 2.132368e-01 
7.147038e-03 1.521273e-01 
9.463653e-04 5.333100e-02 
-1.567620e-03 -5.041279e-02 
-1.633256e-03 -1.002153e-01 
-6.868393e-04 -1.094930e-01 
9.503600e-04 -7.169388e-02 
6.797407e-04 3.861402e-03 
3.408576e-04 5.596131e-02 
3.053977e-05 8.863186e-02 
-3.806593e-04 9.661646e-02 
-3.862836e-02 -5.906536e-02 
-6.001803e-03 -4.626325e-02 
1.051001e-03 -3.475364e-02 
2.130783e-03 -1.966164e-03 
2.269855e-03 1.518975e-02 
2.967227e-03 3.233080e-02 
3.713033e-03 5.184895e-02 
2.557159e-03 6.530800e-02 
1.514652e-03 6.360194e-02 
5.825541e-04 4.286347e-02 
-2.253682e-04 -1.798020e-03 
-1.577073e-04 -5.087634e-02 
4.063281e-05 -5.144475e-02 
1.570793e-04 -9.277957e-03 
-1.598771e-04 8.407228e-02 
