poroelastic
-1.642449e-02 1.720877e-01 
-1.794480e-02 3.589090e-01 
-1.953448e-02 5.839739e-01 
-5.216543e-03 7.030216e-01 
3.036106e-03 6.792008e-01 
7.197917e-03 5.876002e-01 
7.770027e-03 3.985334e-01 
-1.527990e-03 6.919947e-02 
-3.592389e-03 -1.351589e-01 
-3.463422e-03 -2.081833e-01 
-2.067379e-03 -2.207389e-01 
-5.810658e-04 -1.862004e-01 
-7.662201e-05 -3.264182e-02 
2.105457e-04 7.651989e-02 
5.493869e-05 2.199280e-02 
3.612676e+00 -2.427422e+00 
5.882194e-01 -4.042591e+00 
3.877590e-02 -3.616606e+00 
-6.223321e-03 -1.699731e+00 
-5.433303e-03 -3.173990e-01 
2.501638e-03 6.583278e-01 
1.185950e-02 1.097535e+00 
7.121903e-03 8.035980e-01 
2.181963e-03 5.714887e-01 
-1.542653e-03 4.188199e-01 
-4.724158e-03 3.235286e-01 
-1.023051e-03 1.516753e-01 
-1.210227e-03 -2.515257e-01 
-1.880950e-03 -7.859324e-01 
-2.087234e-03 -1.488548e+00 
2.506967e-01 -5.388584e-01 
4.340923e-03 -6.979924e-01 
-8.295197e-03 -3.462189e-01 
-7.368290e-03 3.557440e-01 
-1.513716e-03 7.536109e-01 
1.869826e-03 9.368130e-01 
4.987485e-03 8.236191e-01 
4.393161e-03 4.182786e-01 
1.728350e-03 1.974991e-01 
7.803184e-04 8.711714e-02 
5.905311e-04 9.305505e-02 
2.969126e-04 1.680488e-01 
1.575914e-05 9.474232e-02 
-1.083642e-04 -2.653654e-02 
1.739627e-05 -1.310304e-01 
3.182330e+00 -1.613008e+00 
3.731838e-01 -3.046614e+00 
2.458990e-02 -3.282868e+00 
-1.700468e-03 -2.363993e+00 
-6.479182e-03 -1.568696e+00 
-5.321617e-03 -7.755873e-01 
-8.009466e-05 4.730948e-02 
5.064737e-03 6.531549e-01 
4.497864e-03 9.370275e-01 
1.774330e-03 9.980821e-01 
-2.853093e-03 7.628831e-01 
-1.796012e-03 1.479271e-01 
-1.514028e-03 -4.608905e-01 
-1.180334e-03 -1.023177e+00 
1.484675e-04 -1.506640e+00 
-1.425101e+00 -1.643023e+00 
-9.321199e-02 -2.500247e+00 
-7.468598e-03 -2.301001e+00 
-5.314813e-03 -1.146366e+00 
-1.865337e-03 -3.545254e-01 
1.676067e-03 3.730251e-01 
4.924241e-03 9.884108e-01 
3.613166e-03 1.171442e+00 
1.435288e-03 1.190395e+00 
-1.596676e-03 1.032407e+00 
-4.029247e-03 5.612615e-01 
1.401763e-04 -2.087786e-01 
1.073663e-04 -8.581342e-01 
-1.206445e-04 -1.384076e+00 
-4.353491e-04 -1.696073e+00 
1.211584e+00 -1.424033e+00 
6.926716e-02 -2.317695e+00 
-4.311239e-03 -2.292378e+00 
-7.240002e-03 -1.352211e+00 
-3.028033e-03 -6.337911e-01 
5.528058e-04 3.789767e-02 
3.684234e-03 6.376116e-01 
3.261857e-03 9.391755e-01 
1.344657e-03 1.041121e+00 
-1.045226e-03 9.332665e-01 
-2.103567e-03 5.638104e-01 
1.724341e-03 -4.615848e-02 
9.469541e-04 -5.949103e-01 
-3.552911e-05 -9.948791e-01 
-1.465556e-03 -1.155842e+00 
-3.770032e+00 -1.808790e+00 
-5.028197e-01 -3.314770e+00 
-3.588745e-02 -3.418913e+00 
-2.337995e-02 -2.318077e+00 
-1.000629e-02 -1.396687e+00 
-3.348541e-03 -5.355805e-01 
-1.188108e-03 2.121976e-01 
-9.683649e-04 6.034734e-01 
-1.613587e-03 7.726269e-01 
-2.644027e-03 7.290872e-01 
-9.496073e-04 4.417982e-01 
4.391962e-03 -1.041875e-01 
2.836736e-03 -6.650852e-01 
1.011409e-03 -1.125587e+00 
-2.372501e-03 -1.422324e+00 
-4.137016e-01 -5.641860e-01 
-2.479356e-02 -7.326779e-01 
-1.102308e-02 -1.480256e-01 
2.305272e-02 8.769371e-01 
1.735235e-02 1.419674e+00 
1.279901e-02 1.699911e+00 
5.300912e-03 1.573488e+00 
-9.742142e-04 9.257051e-01 
-1.065477e-03 5.290224e-01 
-8.881196e-04 2.764305e-01 
3.989612e-05 9.757383e-02 
1.409154e-03 -1.067083e-02 
9.351513e-04 -1.450100e-01 
3.891216e-04 -2.944642e-01 
-8.612963e-04 -4.279756e-01 
-4.329399e+00 -2.014380e+00 
-8.532942e-01 -3.713719e+00 
-8.677569e-02 -3.373452e+00 
-2.314477e-02 -1.739157e+00 
-5.678257e-03 -5.338003e-01 
-3.798318e-03 2.221787e-01 
-6.836549e-03 4.673603e-01 
-9.653690e-06 1.690177e-01 
1.407482e-03 -9.591427e-02 
1.779543e-03 -1.949551e-01 
2.188514e-03 -9.405507e-02 
1.999859e-03 2.373053e-02 
1.466687e-03 -1.009540e-01 
1.112805e-03 -3.951214e-01 
-1.030301e-03 -9.831252e-01 
5.226505e-01 2.498971e-02 
3.137136e-02 6.036376e-01 
7.517562e-02 1.444112e+00 
6.111055e-02 2.210342e+00 
2.639177e-02 2.493312e+00 
9.090818e-03 2.260215e+00 
-2.781311e-03 1.354642e+00 
-3.105321e-03 2.220307e-02 
2.423992e-03 -7.362351e-01 
5.023412e-04 -1.012961e+00 
-5.838337e-03 -7.026071e-01 
-2.477912e-03 1.500793e-01 
-2.304043e-03 7.981493e-01 
-2.274742e-03 1.297818e+00 
-1.379339e-03 1.594559e+00 
6.500873e-01 4.060877e-01 
9.995496e-02 -7.574646e-01 
-1.801005e-02 -1.147251e+00 
-4.679266e-03 -5.056353e-01 
-6.432094e-04 6.559589e-03 
-3.981024e-03 3.796331e-01 
-8.120975e-03 4.775497e-01 
1.528167e-03 1.675379e-01 
3.315310e-03 -5.347149e-02 
3.726752e-03 -1.358901e-01 
2.901685e-03 -7.729614e-02 
-3.276427e-04 7.492249e-04 
-2.403944e-04 -5.362665e-02 
1.860371e-04 -2.277078e-01 
1.512957e-03 -6.205701e-01 
