poroelastic
1.625411e-02 1.785980e-01 
3.095008e-02 2.326587e-01 
3.657727e-02 1.095378e-01 
-1.525929e-02 -1.588168e-01 
-1.816663e-02 -2.948324e-01 
-1.633578e-02 -3.329759e-01 
-1.012298e-02 -2.538498e-01 
-2.100591e-03 -7.843207e-02 
-2.095552e-05 3.319695e-02 
-7.814730e-04 9.285527e-02 
-1.846018e-03 8.658117e-02 
1.093801e-03 1.083273e-02 
9.910265e-04 -4.515034e-02 
5.946381e-04 -8.811381e-02 
-3.929852e-04 -1.182755e-01 
-1.057329e+00 8.562428e-01 
-1.233941e-01 9.990155e-01 
1.137249e-02 6.968042e-01 
1.096154e-02 2.405825e-01 
-1.429175e-03 -2.827874e-02 
-5.040083e-03 -1.631083e-01 
-1.707503e-03 -1.600956e-01 
2.116679e-03 -2.606288e-02 
2.003855e-03 6.060501e-02 
1.327899e-03 1.006677e-01 
1.451855e-04 8.394584e-02 
-2.744340e-04 1.312207e-02 
-1.100239e-04 -1.110270e-02 
-1.793525e-04 1.197341e-03 
7.078960e-05 5.421279e-02 
-2.471424e-01 -2.846861e-01 
3.010477e-02 -2.242284e-01 
1.352993e-02 -2.558694e-01 
-2.230444e-02 -3.482625e-01 
-1.720544e-02 -3.573528e-01 
-1.251319e-02 -3.118299e-01 
-7.441475e-03 -2.017637e-01 
-2.230365e-03 -5.026449e-02 
-9.566617e-04 3.881849e-02 
-1.787299e-03 7.868463e-02 
-2.114936e-03 5.853390e-02 
1.384771e-03 -2.102254e-02 
1.196291e-03 -7.784531e-02 
8.355553e-04 -1.185609e-01 
1.069076e-05 -1.433049e-01 
-7.715329e-01 7.465102e-01 
-6.523920e-02 7.827927e-01 
6.451056e-03 5.846258e-01 
1.324333e-02 2.904667e-01 
4.308716e-03 1.025179e-01 
3.961120e-04 -1.532608e-02 
5.314825e-04 -6.193726e-02 
1.662045e-03 -3.207668e-02 
1.539946e-03 -4.154541e-03 
1.733564e-03 1.620631e-02 
1.274025e-03 2.518719e-02 
-9.674935e-04 2.239063e-02 
-7.071527e-04 3.822560e-02 
-5.082129e-04 6.696117e-02 
1.035565e-04 1.089449e-01 
-6.370530e-01 -5.167287e-01 
-2.419411e-02 -5.077158e-01 
-1.514116e-03 -4.602243e-01 
-2.676552e-02 -4.313816e-01 
-1.665628e-02 -3.627484e-01 
-1.068564e-02 -2.728506e-01 
-6.288549e-03 -1.594748e-01 
-2.058715e-03 -4.394446e-02 
-1.123287e-03 2.451359e-02 
-1.703616e-03 5.936551e-02 
-1.889478e-03 5.278010e-02 
1.033036e-03 -6.977893e-03 
1.085129e-03 -6.605602e-02 
1.038432e-03 -1.280575e-01 
4.572768e-04 -1.967910e-01 
-4.510850e-01 5.790492e-01 
-1.422989e-02 5.429208e-01 
6.232803e-03 4.308935e-01 
1.384862e-02 2.742075e-01 
6.799457e-03 1.658760e-01 
3.413375e-03 8.312987e-02 
2.035163e-03 1.806927e-02 
1.106937e-03 -2.279678e-02 
9.478079e-04 -3.760020e-02 
1.490354e-03 -3.515319e-02 
1.466884e-03 -1.590789e-02 
-8.699267e-04 1.654119e-02 
-8.149631e-04 5.450388e-02 
-7.041704e-04 9.384108e-02 
-2.076304e-04 1.332264e-01 
-1.000570e+00 -6.614199e-01 
-1.279310e-01 -7.931831e-01 
-2.313966e-02 -6.581206e-01 
-2.788908e-02 -4.717275e-01 
-1.317919e-02 -3.031505e-01 
-6.847973e-03 -1.633347e-01 
-4.105812e-03 -6.041863e-02 
-1.362688e-03 -1.491964e-02 
-8.912958e-04 9.307945e-03 
-1.141974e-03 2.252487e-02 
-1.194652e-03 2.210172e-02 
4.176656e-04 -6.449771e-03 
6.652899e-04 -5.065934e-02 
9.227680e-04 -1.086393e-01 
1.005392e-03 -1.868300e-01 
-1.281977e-01 2.746809e-01 
7.152560e-03 2.301845e-01 
6.588206e-03 2.212028e-01 
1.164750e-02 2.164564e-01 
7.234800e-03 1.994768e-01 
4.462719e-03 1.564913e-01 
1.938319e-03 7.294217e-02 
3.668188e-04 -3.149555e-02 
4.990324e-04 -7.758705e-02 
1.191507e-03 -8.022998e-02 
1.133142e-03 -3.320584e-02 
-8.414649e-04 4.547792e-02 
-8.193174e-04 8.738821e-02 
-6.351470e-04 1.005923e-01 
-2.482380e-04 7.617042e-02 
-1.336367e+00 -8.190804e-01 
-2.502188e-01 -1.121990e+00 
-4.425245e-02 -8.489118e-01 
-1.486603e-02 -4.126252e-01 
-3.180989e-03 -1.092213e-01 
-6.382404e-06 7.353887e-02 
-9.437052e-04 1.198829e-01 
-1.220880e-03 1.412734e-02 
-8.253446e-04 -4.958728e-02 
-4.992900e-04 -7.377579e-02 
-2.370346e-04 -5.565320e-02 
2.094223e-04 -7.819367e-03 
1.907361e-04 -5.108801e-03 
3.578454e-04 -3.839044e-02 
5.636216e-04 -1.195173e-01 
-5.599098e-02 -3.295511e-01 
-1.709707e-02 -3.596529e-01 
-6.005105e-03 -2.759018e-01 
6.369378e-04 -7.247145e-02 
1.910156e-03 5.618284e-02 
1.981344e-03 1.208925e-01 
9.412105e-04 1.137341e-01 
9.516633e-06 4.001798e-02 
3.101945e-05 -5.658097e-03 
2.107556e-04 -2.982503e-02 
2.760432e-04 -2.978998e-02 
-4.866096e-05 -6.963107e-03 
-1.449148e-04 1.209157e-02 
-1.931524e-04 2.789058e-02 
-1.398751e-04 3.551967e-02 
-6.702361e-01 1.007635e+00 
1.129951e-02 8.008966e-01 
1.128534e-02 4.407374e-01 
5.574514e-04 1.146881e-01 
-1.449948e-03 -7.242395e-02 
-1.871294e-03 -1.656895e-01 
-8.270139e-04 -1.520890e-01 
2.254451e-04 -3.660005e-02 
1.460058e-04 3.372094e-02 
-1.817344e-04 6.925955e-02 
-4.659191e-04 6.491456e-02 
7.102746e-06 1.856102e-02 
1.635825e-04 -1.136616e-02 
1.916393e-04 -3.085893e-02 
1.085013e-04 -4.221233e-02 
