poroelastic
4.728671e-02 -1.545239e-02 
5.077064e-02 -5.143030e-02 
3.468450e-02 -1.539831e-01 
-3.414746e-02 -3.135310e-01 
-3.131634e-02 -3.758960e-01 
-2.451332e-02 -3.557318e-01 
-1.341149e-02 -2.375190e-01 
-1.980783e-03 -4.399793e-02 
7.114007e-04 8.253379e-02 
-1.072962e-03 1.427566e-01 
-3.427614e-03 1.152372e-01 
1.529263e-03 2.393252e-04 
1.329139e-03 -8.184900e-02 
7.112474e-04 -1.355364e-01 
-4.705837e-04 -1.548926e-01 
-7.600117e-01 6.641240e-01 
-6.603877e-02 7.246468e-01 
1.962850e-02 4.778295e-01 
9.115815e-03 1.351044e-01 
-3.999126e-03 -6.323593e-02 
-6.995525e-03 -1.509312e-01 
-1.782327e-03 -1.266159e-01 
3.232499e-03 -3.416931e-03 
3.135452e-03 7.890094e-02 
2.020173e-03 1.100151e-01 
2.848095e-04 7.290787e-02 
5.241952e-05 -2.288033e-02 
-2.755645e-05 -4.621700e-02 
-2.623390e-04 -1.018308e-02 
1.262082e-04 9.447431e-02 
-3.138914e-01 -3.947406e-01 
2.839151e-02 -4.565225e-01 
1.066892e-03 -4.820228e-01 
-4.323829e-02 -4.800085e-01 
-3.041902e-02 -4.265732e-01 
-1.982316e-02 -3.291104e-01 
-9.801380e-03 -1.816184e-01 
-1.914697e-03 -1.483935e-02 
-3.442946e-04 8.688230e-02 
-2.109721e-03 1.308902e-01 
-3.702384e-03 9.829918e-02 
1.486400e-03 -1.462508e-02 
1.435470e-03 -9.782058e-02 
1.013693e-03 -1.555765e-01 
1.552457e-05 -1.829732e-01 
-6.037049e-01 6.105372e-01 
-3.505138e-02 6.237548e-01 
1.546337e-02 4.538557e-01 
1.516685e-02 2.055882e-01 
3.406732e-03 4.343704e-02 
-1.221505e-03 -5.274600e-02 
2.588573e-04 -7.696867e-02 
2.515244e-03 -2.861225e-02 
2.487434e-03 1.528622e-02 
2.530940e-03 4.531498e-02 
1.622093e-03 4.942670e-02 
-7.014506e-04 2.232550e-02 
-4.880386e-04 2.258056e-02 
-3.801500e-04 4.435756e-02 
9.593106e-05 9.244424e-02 
-7.124909e-01 -5.529075e-01 
-4.641777e-02 -6.901779e-01 
-1.983599e-02 -6.606864e-01 
-4.937201e-02 -5.598803e-01 
-2.959224e-02 -4.352933e-01 
-1.673435e-02 -2.936712e-01 
-7.287369e-03 -1.365791e-01 
-1.401083e-03 3.163098e-03 
-5.175751e-04 8.742448e-02 
-2.048075e-03 1.277563e-01 
-3.521759e-03 1.086116e-01 
9.964981e-04 1.219906e-02 
1.317768e-03 -8.018848e-02 
1.294128e-03 -1.664217e-01 
5.622570e-04 -2.438648e-01 
-3.743818e-01 5.097078e-01 
-1.373233e-03 4.725616e-01 
1.380946e-02 3.672921e-01 
1.740193e-02 2.125289e-01 
7.576731e-03 1.071808e-01 
3.145396e-03 3.221837e-02 
2.176060e-03 -1.548447e-02 
1.528495e-03 -3.318293e-02 
1.456638e-03 -2.725715e-02 
2.108849e-03 -8.537966e-03 
1.898630e-03 1.590418e-02 
-8.314584e-04 3.416269e-02 
-6.813281e-04 5.345631e-02 
-5.242779e-04 7.280927e-02 
-1.486386e-04 9.249410e-02 
-1.033956e+00 -6.426656e-01 
-1.654869e-01 -9.069588e-01 
-4.681700e-02 -8.068510e-01 
-4.909089e-02 -5.768374e-01 
-2.305705e-02 -3.619484e-01 
-9.623397e-03 -1.743198e-01 
-3.334843e-03 -3.192917e-02 
-9.177164e-04 2.929704e-02 
-7.247668e-04 6.621174e-02 
-1.657143e-03 8.592753e-02 
-2.622143e-03 7.918934e-02 
1.568606e-04 2.458591e-02 
7.611651e-04 -5.157910e-02 
1.218777e-03 -1.409251e-01 
1.363536e-03 -2.446666e-01 
-1.105345e-01 2.846437e-01 
1.193042e-02 2.559846e-01 
1.237162e-02 2.329066e-01 
1.545282e-02 1.855069e-01 
8.835830e-03 1.455129e-01 
4.748055e-03 9.443331e-02 
1.556462e-03 1.946605e-02 
-1.059307e-05 -6.039453e-02 
4.224150e-04 -8.100693e-02 
1.511529e-03 -6.088378e-02 
1.528427e-03 2.109924e-03 
-9.912999e-04 7.874679e-02 
-8.175342e-04 1.000629e-01 
-4.461684e-04 7.939224e-02 
-3.326814e-05 9.069319e-03 
-1.308489e+00 -7.691060e-01 
-2.926036e-01 -1.160793e+00 
-7.015046e-02 -9.171839e-01 
-2.867796e-02 -4.625883e-01 
-5.834571e-03 -1.242284e-01 
2.151449e-03 9.210990e-02 
6.993049e-04 1.510718e-01 
-1.709448e-03 2.540080e-02 
-1.544147e-03 -4.106880e-02 
-1.206099e-03 -5.655707e-02 
-1.000615e-03 -1.978144e-02 
-2.348139e-04 4.597383e-02 
2.459559e-05 2.837056e-02 
5.491611e-04 -5.250077e-02 
1.110994e-03 -2.051567e-01 
-7.623773e-02 -3.683961e-01 
-3.078988e-02 -4.162698e-01 
-1.718147e-02 -3.224759e-01 
-9.271093e-04 -9.062392e-02 
3.770597e-03 5.368125e-02 
4.566981e-03 1.247737e-01 
2.295688e-03 1.128791e-01 
1.097401e-04 2.744620e-02 
-6.693430e-05 -1.683908e-02 
1.420573e-04 -3.476202e-02 
3.087146e-04 -2.476063e-02 
-1.063460e-04 7.332360e-03 
-1.776062e-04 2.143560e-02 
-1.405107e-04 2.134586e-02 
-2.313181e-05 4.384016e-03 
-4.977210e-01 1.038851e+00 
3.538804e-02 7.182262e-01 
9.639473e-03 2.985704e-01 
-5.122021e-03 -3.035261e-02 
-8.085046e-03 -1.968960e-01 
-6.960391e-03 -2.492016e-01 
-1.965184e-03 -1.739048e-01 
1.103572e-03 4.320349e-03 
8.733332e-04 1.091327e-01 
-1.735335e-04 1.516624e-01 
-1.280594e-03 1.193473e-01 
1.587452e-04 1.609003e-02 
5.156333e-04 -4.937308e-02 
5.474333e-04 -8.515565e-02 
3.265507e-04 -8.717959e-02 
