poroelastic
9.583208e-03 1.953009e-01 
2.302526e-02 2.602231e-01 
3.159818e-02 1.405657e-01 
-9.101884e-03 -1.278422e-01 
-1.350287e-02 -2.746917e-01 
-1.335338e-02 -3.234158e-01 
-9.014986e-03 -2.507229e-01 
-2.071493e-03 -7.876363e-02 
2.254787e-04 2.943509e-02 
6.049040e-06 8.966645e-02 
-9.200546e-04 8.718030e-02 
8.870675e-04 1.470298e-02 
5.397176e-04 -3.851149e-02 
4.748508e-06 -8.179842e-02 
-9.596270e-04 -1.138255e-01 
-1.077759e+00 8.457781e-01 
-1.330762e-01 1.017690e+00 
6.063868e-03 7.171522e-01 
9.716273e-03 2.575606e-01 
-1.009306e-03 -2.808363e-02 
-4.684630e-03 -1.735665e-01 
-2.103026e-03 -1.693003e-01 
1.877323e-03 -2.685132e-02 
2.162141e-03 6.416201e-02 
1.840142e-03 1.092586e-01 
7.188883e-04 9.520038e-02 
-2.372952e-04 2.016787e-02 
-1.707020e-04 -3.610552e-03 
-1.330890e-04 8.760376e-03 
3.658037e-04 6.389138e-02 
-2.308804e-01 -2.530519e-01 
2.410038e-02 -1.835875e-01 
1.281172e-02 -2.155904e-01 
-1.438208e-02 -3.179406e-01 
-1.250875e-02 -3.420627e-01 
-9.831346e-03 -3.095987e-01 
-6.170851e-03 -2.042505e-01 
-1.826713e-03 -4.759581e-02 
-4.500570e-04 4.073884e-02 
-9.054262e-04 7.904368e-02 
-1.338030e-03 5.787907e-02 
8.555226e-04 -2.176558e-02 
4.896344e-04 -7.629417e-02 
6.911004e-05 -1.128143e-01 
-5.623128e-04 -1.308097e-01 
-7.956521e-01 7.451004e-01 
-7.220060e-02 8.114735e-01 
3.145870e-03 6.181139e-01 
1.082704e-02 3.118787e-01 
3.784496e-03 1.154227e-01 
2.059120e-04 -1.204054e-02 
-6.610441e-05 -6.517261e-02 
1.247213e-03 -3.061844e-02 
1.258733e-03 -2.504146e-03 
1.503202e-03 1.638680e-02 
1.213353e-03 2.547262e-02 
-6.291324e-04 2.699793e-02 
-3.541252e-04 4.265260e-02 
-8.157618e-05 7.053284e-02 
5.212137e-04 1.103437e-01 
-5.974363e-01 -4.896287e-01 
-2.453452e-02 -4.607254e-01 
4.960589e-04 -4.057203e-01 
-1.827959e-02 -3.928065e-01 
-1.203866e-02 -3.364163e-01 
-8.091811e-03 -2.584300e-01 
-4.976401e-03 -1.557282e-01 
-1.685223e-03 -4.455883e-02 
-7.114665e-04 2.290854e-02 
-9.611024e-04 5.641721e-02 
-1.192836e-03 4.885874e-02 
5.296594e-04 -5.779987e-03 
4.121127e-04 -6.343851e-02 
2.213660e-04 -1.261065e-01 
-2.928508e-04 -1.998179e-01 
-4.745354e-01 6.006670e-01 
-1.750163e-02 5.808522e-01 
4.520193e-03 4.739068e-01 
1.148155e-02 3.004098e-01 
5.754651e-03 1.789011e-01 
2.762094e-03 8.543843e-02 
1.409854e-03 1.336662e-02 
6.600481e-04 -2.799240e-02 
5.224945e-04 -4.100495e-02 
9.561955e-04 -3.816704e-02 
1.111363e-03 -1.836092e-02 
-4.282312e-04 1.970032e-02 
-3.070626e-04 6.011456e-02 
-1.384041e-04 1.000298e-01 
2.260483e-04 1.354534e-01 
-9.635940e-01 -6.496477e-01 
-1.210412e-01 -7.512076e-01 
-1.809363e-02 -6.166734e-01 
-2.092524e-02 -4.512581e-01 
-1.026158e-02 -3.005586e-01 
-5.465568e-03 -1.736844e-01 
-2.990176e-03 -7.505627e-02 
-7.514802e-04 -2.180603e-02 
-3.856579e-04 8.525332e-03 
-4.681239e-04 2.512590e-02 
-6.139355e-04 2.680760e-02 
-7.293171e-05 1.457392e-03 
6.735769e-05 -4.070423e-02 
1.937497e-04 -9.721496e-02 
3.481814e-04 -1.744363e-01 
-1.446919e-01 3.091423e-01 
7.843002e-03 2.860244e-01 
6.473414e-03 2.762338e-01 
1.016775e-02 2.498055e-01 
6.132680e-03 2.112189e-01 
3.690305e-03 1.547706e-01 
1.631719e-03 6.956797e-02 
1.834446e-04 -2.710486e-02 
6.676948e-05 -7.065870e-02 
4.456575e-04 -7.352187e-02 
6.332580e-04 -3.017431e-02 
-1.532585e-04 4.311453e-02 
-1.692001e-04 8.426904e-02 
-1.349444e-04 9.833387e-02 
-4.820827e-05 7.808248e-02 
-1.262063e+00 -8.059267e-01 
-2.276372e-01 -1.059279e+00 
-3.515085e-02 -7.825833e-01 
-1.039736e-02 -3.703445e-01 
-2.243202e-03 -9.547986e-02 
1.461236e-06 6.787302e-02 
-4.777342e-04 1.085743e-01 
-4.997891e-04 1.201633e-02 
-4.920382e-04 -4.787691e-02 
-4.144899e-04 -7.047796e-02 
-3.252859e-04 -5.374437e-02 
-9.084272e-05 -1.145869e-02 
-3.022671e-05 -7.765202e-03 
3.523682e-05 -3.773768e-02 
2.315976e-04 -1.110243e-01 
-4.524588e-02 -2.849966e-01 
-1.208053e-02 -2.999209e-01 
-3.614939e-03 -2.339662e-01 
3.335294e-04 -6.957084e-02 
1.104492e-03 3.286571e-02 
1.253911e-03 8.459624e-02 
7.780657e-04 8.295771e-02 
7.517275e-05 3.370585e-02 
2.595559e-05 -5.052435e-04 
4.975370e-05 -2.005407e-02 
5.614732e-05 -2.066334e-02 
3.206869e-05 -2.871952e-03 
-9.148044e-06 1.646995e-02 
-5.682294e-05 3.686453e-02 
-1.112294e-04 5.746424e-02 
-7.192398e-01 1.004963e+00 
2.866761e-03 8.383399e-01 
1.055547e-02 4.845094e-01 
7.354028e-04 1.426951e-01 
-6.797191e-04 -5.790747e-02 
-1.186397e-03 -1.640252e-01 
-7.364284e-04 -1.588229e-01 
-3.531820e-07 -4.021185e-02 
1.597751e-04 2.951029e-02 
1.367368e-04 6.493893e-02 
8.733476e-06 6.364810e-02 
-1.508574e-05 2.258716e-02 
3.265321e-06 -5.020920e-03 
1.084692e-05 -2.266275e-02 
1.328085e-05 -2.978532e-02 
