poroelastic
8.918791e-02 1.706627e-02 
1.023797e-01 -8.066289e-07 
6.912267e-02 -1.099313e-01 
-8.446870e-02 -3.028963e-01 
-7.352222e-02 -3.968257e-01 
-5.704021e-02 -4.040125e-01 
-3.458284e-02 -3.295270e-01 
-5.273155e-03 -1.582355e-01 
-3.989269e-04 1.010642e-02 
-1.097513e-02 1.317973e-01 
-2.282589e-02 1.613384e-01 
-2.695413e-04 5.053628e-02 
8.283396e-03 -4.428090e-02 
1.311109e-02 -1.225590e-01 
1.305858e-02 -1.855309e-01 
-5.954442e-01 5.534716e-01 
-3.149389e-02 5.977360e-01 
4.541744e-02 4.056699e-01 
1.027531e-02 1.004658e-01 
-1.239397e-02 -8.156617e-02 
-1.589132e-02 -1.703962e-01 
-3.001812e-03 -1.719342e-01 
1.101300e-02 -7.194776e-02 
7.726576e-03 4.319641e-02 
-1.026081e-04 1.246858e-01 
-9.446156e-03 1.345202e-01 
-3.193124e-03 3.300609e-02 
1.907448e-03 -1.982943e-02 
1.870606e-03 -2.594043e-02 
-1.491438e-03 2.133516e-02 
-2.416002e-01 -2.942412e-01 
7.947422e-02 -3.460738e-01 
2.104046e-02 -3.943019e-01 
-1.144701e-01 -4.717123e-01 
-8.047373e-02 -4.728752e-01 
-5.389636e-02 -4.082948e-01 
-2.945673e-02 -2.870960e-01 
-5.943124e-03 -1.174090e-01 
-3.660387e-03 3.155052e-02 
-1.383968e-02 1.300966e-01 
-2.199803e-02 1.375562e-01 
3.092161e-03 1.569310e-02 
1.077725e-02 -7.797696e-02 
1.421879e-02 -1.419178e-01 
1.268317e-02 -1.708223e-01 
-3.942421e-01 5.375228e-01 
1.367014e-03 4.759828e-01 
3.295774e-02 2.951760e-01 
5.632145e-03 4.667453e-02 
-9.084184e-03 -8.272051e-02 
-9.000729e-03 -1.364787e-01 
4.020488e-03 -1.287910e-01 
1.312820e-02 -5.899882e-02 
9.266667e-03 2.880512e-02 
3.715370e-03 9.564878e-02 
-4.103773e-03 1.096990e-01 
-5.262514e-03 4.086940e-02 
-1.795781e-03 1.105253e-02 
-2.010315e-03 1.590782e-02 
-4.299151e-03 5.972158e-02 
-6.691165e-01 -4.832074e-01 
-1.223755e-02 -6.356002e-01 
-1.930624e-02 -6.344824e-01 
-1.410201e-01 -6.083356e-01 
-8.591831e-02 -5.214824e-01 
-5.070466e-02 -3.921783e-01 
-2.526579e-02 -2.378642e-01 
-6.129317e-03 -8.411710e-02 
-5.326006e-03 4.293339e-02 
-1.476140e-02 1.258379e-01 
-2.202957e-02 1.302483e-01 
2.468225e-03 1.695805e-02 
1.073376e-02 -7.897365e-02 
1.553557e-02 -1.542625e-01 
1.592633e-02 -2.053088e-01 
-1.830924e-01 4.179631e-01 
1.228081e-02 2.662188e-01 
1.171909e-02 1.217760e-01 
1.821817e-03 -1.868354e-02 
-2.205347e-03 -5.977436e-02 
1.431306e-03 -5.941443e-02 
1.054481e-02 -4.834236e-02 
1.239003e-02 -4.025624e-02 
9.315106e-03 3.588078e-03 
6.921068e-03 4.934844e-02 
1.242513e-03 7.008816e-02 
-5.967894e-03 3.960589e-02 
-4.640303e-03 3.521205e-02 
-5.455906e-03 5.221095e-02 
-7.348439e-03 9.811278e-02 
-1.139554e+00 -6.408349e-01 
-1.996591e-01 -1.003444e+00 
-9.440925e-02 -9.552691e-01 
-1.590916e-01 -7.565655e-01 
-7.700203e-02 -5.172304e-01 
-3.353464e-02 -2.795548e-01 
-1.351554e-02 -8.707549e-02 
-6.270157e-03 -3.888354e-03 
-7.317099e-03 6.086498e-02 
-1.420457e-02 1.020766e-01 
-1.906867e-02 9.550028e-02 
2.231728e-03 7.414021e-03 
1.008716e-02 -7.902211e-02 
1.531698e-02 -1.530351e-01 
1.726988e-02 -2.114859e-01 
-1.202484e-02 8.952560e-02 
-1.280033e-02 -8.180461e-02 
-2.120861e-02 -1.332540e-01 
2.417447e-03 -7.633113e-02 
1.131846e-02 2.108409e-02 
1.544090e-02 9.349583e-02 
1.298856e-02 8.520568e-02 
7.039724e-03 -2.595281e-02 
7.984840e-03 -5.783103e-02 
1.084612e-02 -4.299283e-02 
7.464925e-03 5.384960e-03 
-7.553534e-03 5.372401e-02 
-8.523243e-03 7.766358e-02 
-8.346991e-03 8.833898e-02 
-6.709302e-03 8.665013e-02 
-1.686130e+00 -8.179669e-01 
-4.792440e-01 -1.482887e+00 
-1.939435e-01 -1.328236e+00 
-1.256986e-01 -8.050304e-01 
-3.388480e-02 -3.292340e-01 
2.854048e-03 3.392817e-02 
2.572914e-03 2.135202e-01 
-9.287216e-03 9.873095e-02 
-8.175451e-03 1.815064e-02 
-6.922084e-03 -2.028189e-02 
-6.426444e-03 -2.178608e-02 
1.638328e-03 -2.071888e-03 
4.169659e-03 -2.657439e-02 
8.493112e-03 -8.105645e-02 
1.420622e-02 -1.733903e-01 
-1.776345e-01 -6.411788e-01 
-1.123719e-01 -8.354684e-01 
-1.015852e-01 -7.426677e-01 
-2.677922e-02 -3.460502e-01 
8.448779e-03 -3.681581e-02 
2.003451e-02 1.658617e-01 
1.382923e-02 2.270938e-01 
6.722282e-04 9.924989e-02 
-2.412082e-04 1.232047e-02 
3.330037e-03 -4.242448e-02 
7.338306e-03 -6.292219e-02 
3.226605e-03 -4.053957e-02 
-8.431470e-04 5.958408e-04 
-5.106003e-03 5.034200e-02 
-8.219279e-03 1.003361e-01 
-2.928128e-01 1.158908e+00 
8.479173e-02 6.240302e-01 
6.587531e-03 1.193272e-01 
-3.993165e-02 -1.964077e-01 
-3.353291e-02 -3.160004e-01 
-1.850031e-02 -3.107986e-01 
4.672663e-03 -1.770019e-01 
8.522579e-03 2.408014e-02 
-1.260085e-03 1.408089e-01 
-1.081437e-02 1.871888e-01 
-1.628869e-02 1.506404e-01 
-2.395457e-03 3.414629e-02 
5.441505e-03 -4.835050e-02 
9.104889e-03 -9.515418e-02 
8.248775e-03 -9.629571e-02 
