poroelastic
-7.331696e-03 1.144130e-01 
5.567213e-04 1.496138e-01 
8.687748e-03 1.034464e-01 
-8.796262e-04 6.819180e-03 
-2.712830e-03 -4.119162e-02 
-3.062777e-03 -6.226365e-02 
-2.580666e-03 -6.006013e-02 
-9.115345e-04 -3.873315e-02 
-4.745262e-06 -2.093567e-02 
1.391266e-04 -8.350720e-04 
-5.516857e-04 2.480526e-02 
-8.199838e-04 4.265842e-02 
-2.304734e-04 2.977118e-02 
5.533400e-04 -9.006074e-03 
8.579439e-04 -7.689710e-02 
-2.051025e-01 1.600818e-01 
-2.991377e-02 1.614823e-01 
-2.151909e-03 1.036632e-01 
1.879041e-03 3.905574e-02 
5.754658e-04 8.878262e-03 
1.595272e-04 -4.351309e-03 
4.942693e-04 -9.291857e-03 
8.083390e-04 -8.830714e-03 
6.888168e-04 -4.146875e-03 
6.735397e-04 7.363838e-03 
1.486570e-05 2.816377e-02 
-1.162869e-03 4.870520e-02 
-6.289065e-04 3.956655e-02 
9.076512e-05 6.740234e-03 
5.966290e-04 -4.925356e-02 
2.584462e-03 6.714076e-02 
3.786307e-03 1.421615e-01 
7.742291e-03 1.067031e-01 
-1.730830e-03 2.481164e-03 
-3.018601e-03 -5.500397e-02 
-3.183517e-03 -8.191820e-02 
-2.536023e-03 -7.639854e-02 
-8.825414e-04 -4.283887e-02 
-1.366081e-04 -1.904435e-02 
-1.549258e-04 -7.975354e-05 
-5.040265e-04 1.455221e-02 
-2.848507e-04 1.918444e-02 
-2.570861e-05 1.059635e-02 
3.937180e-04 -1.137819e-02 
7.102512e-04 -4.944938e-02 
-1.915488e-02 1.029066e-01 
2.634879e-03 1.663625e-02 
-4.789339e-04 -5.155403e-02 
-2.241727e-03 -7.244221e-02 
-1.432331e-03 -6.089008e-02 
-2.585303e-04 -3.133235e-02 
1.463244e-03 5.499813e-03 
1.761554e-03 3.414350e-02 
6.324990e-04 4.966471e-02 
-2.479560e-04 5.411889e-02 
-1.045744e-03 4.652684e-02 
-3.759908e-04 2.692902e-02 
1.854412e-04 2.530838e-03 
5.503743e-04 -2.278058e-02 
5.611245e-04 -4.505890e-02 
-4.745949e-02 -2.560863e-02 
1.831400e-03 5.019461e-02 
5.244295e-03 4.735351e-02 
-2.762481e-03 -1.460673e-02 
-2.811348e-03 -4.984741e-02 
-2.685897e-03 -6.728830e-02 
-2.190075e-03 -6.270813e-02 
-8.668202e-04 -3.849528e-02 
-2.240992e-04 -2.290812e-02 
-9.402418e-05 -1.397653e-02 
7.700013e-05 -1.148756e-02 
3.023755e-04 -1.133714e-02 
1.491955e-04 -6.843260e-03 
3.259922e-05 -1.927170e-03 
-2.247795e-05 1.395816e-03 
7.629351e-02 3.074484e-03 
5.888867e-03 -1.225248e-01 
-2.299474e-03 -1.748807e-01 
-4.371433e-03 -1.462546e-01 
-1.968251e-03 -9.675657e-02 
6.921703e-06 -3.565934e-02 
1.960522e-03 2.543330e-02 
1.726042e-03 6.394930e-02 
1.931470e-04 7.913262e-02 
-9.329175e-04 7.228751e-02 
-1.307631e-03 4.073661e-02 
3.501480e-04 -3.303442e-03 
7.372380e-04 -2.869925e-02 
6.858666e-04 -3.556944e-02 
2.558106e-04 -1.783356e-02 
-1.893977e-01 -1.068254e-01 
-1.719145e-02 -7.648923e-02 
7.108088e-04 -6.651334e-02 
-6.007975e-03 -8.525100e-02 
-3.760332e-03 -9.038822e-02 
-2.603762e-03 -8.302712e-02 
-1.512748e-03 -5.652497e-02 
-5.278002e-04 -1.815391e-02 
-3.819689e-04 1.711223e-03 
-5.138104e-04 5.222533e-03 
-1.977306e-04 -9.713970e-03 
8.314800e-04 -3.246541e-02 
7.069743e-04 -3.203518e-02 
2.796457e-04 -1.535118e-02 
-3.297672e-04 1.779432e-02 
7.397346e-02 -1.633761e-01 
-5.207901e-03 -3.030429e-01 
-6.938822e-03 -3.059348e-01 
-4.056945e-03 -1.810371e-01 
-7.254071e-04 -7.358894e-02 
1.216586e-03 1.874462e-02 
2.155830e-03 7.947802e-02 
8.585569e-04 8.494194e-02 
-4.449441e-04 7.409232e-02 
-1.008615e-03 4.656412e-02 
-4.810446e-04 1.233446e-03 
1.040000e-03 -4.044882e-02 
9.395748e-04 -4.745908e-02 
3.301167e-04 -2.389757e-02 
-5.354421e-04 3.530578e-02 
-3.938349e-01 -1.669280e-01 
-6.651115e-02 -2.500975e-01 
-1.009566e-02 -2.337444e-01 
-5.078820e-03 -1.672610e-01 
-2.136331e-03 -1.151666e-01 
-8.790924e-04 -6.509618e-02 
-1.313374e-04 -8.677018e-03 
-2.604415e-04 3.739859e-02 
-8.108638e-04 4.933057e-02 
-1.152108e-03 3.077097e-02 
-3.262972e-04 -2.191091e-02 
2.035138e-03 -8.394803e-02 
1.573644e-03 -7.989698e-02 
2.638061e-04 -2.510948e-02 
-1.354811e-03 8.239140e-02 
-5.490303e-02 -1.753390e-01 
-1.227171e-02 -2.544623e-01 
-8.943979e-03 -2.567872e-01 
-1.874654e-03 -1.778751e-01 
-6.126798e-04 -1.071263e-01 
2.857869e-05 -3.586462e-02 
6.364928e-04 3.274940e-02 
2.510102e-04 7.446589e-02 
-8.627656e-04 8.453652e-02 
-1.503164e-03 6.699828e-02 
-9.044962e-04 1.715410e-02 
1.241684e-03 -4.325090e-02 
1.296633e-03 -6.160737e-02 
7.169702e-04 -4.355039e-02 
-2.689560e-04 1.819037e-02 
-1.465636e-01 1.317319e-01 
-4.258699e-03 8.776432e-02 
3.712624e-03 6.591027e-02 
5.634933e-04 6.857934e-02 
4.122098e-04 6.529635e-02 
3.038313e-04 4.968703e-02 
-7.842487e-05 1.394276e-02 
-1.447040e-04 -3.300350e-02 
5.541312e-04 -5.329366e-02 
1.141564e-03 -4.842291e-02 
8.450818e-04 -1.395262e-02 
-1.081446e-03 3.649303e-02 
-1.058214e-03 4.982204e-02 
-5.443330e-04 3.374065e-02 
1.958536e-04 -1.368647e-02 
