poroelastic
-1.353283e-02 2.164289e-01 
-1.449450e-03 3.064197e-01 
1.446907e-02 2.366347e-01 
-2.824236e-04 2.804002e-02 
-3.948937e-03 -9.289114e-02 
-5.084845e-03 -1.535323e-01 
-4.304069e-03 -1.452547e-01 
-1.465282e-03 -7.119811e-02 
-2.042640e-04 -2.059885e-02 
-3.637617e-05 1.466583e-02 
-3.191317e-04 3.141798e-02 
1.401486e-04 2.056590e-02 
2.371516e-04 4.392705e-03 
2.037698e-04 -1.921142e-02 
-2.232464e-04 -5.126909e-02 
-8.788145e-01 6.078903e-01 
-1.347576e-01 7.596277e-01 
-8.538516e-03 5.673100e-01 
7.006644e-03 2.568124e-01 
1.640142e-03 6.343226e-02 
-7.901546e-04 -4.889991e-02 
-4.925735e-04 -8.132125e-02 
8.874277e-04 -2.939547e-02 
8.935253e-04 7.126729e-03 
8.712621e-04 3.161717e-02 
4.221999e-04 4.206009e-02 
-5.332204e-04 3.225238e-02 
-2.685132e-04 2.892723e-02 
-1.216776e-04 2.859088e-02 
6.869244e-05 3.280130e-02 
-9.047618e-02 -1.094709e-01 
1.240188e-02 1.255795e-02 
1.003852e-02 3.824103e-03 
-3.726456e-03 -1.004600e-01 
-3.988263e-03 -1.498157e-01 
-3.603627e-03 -1.616601e-01 
-2.772262e-03 -1.261360e-01 
-1.197402e-03 -5.066225e-02 
-5.014769e-04 -5.771268e-03 
-6.215975e-04 1.832440e-02 
-6.079269e-04 1.725137e-02 
5.093880e-04 -1.091905e-02 
4.024596e-04 -3.093607e-02 
2.725357e-04 -4.789606e-02 
-3.223589e-05 -6.266037e-02 
-5.861681e-01 4.901550e-01 
-6.803974e-02 5.157150e-01 
-7.797771e-03 3.965240e-01 
5.069455e-03 2.369313e-01 
2.731167e-03 1.329608e-01 
1.335026e-03 6.204998e-02 
1.084902e-03 1.762544e-02 
1.173037e-03 4.041258e-03 
8.129758e-04 -7.612109e-04 
9.328776e-04 -2.320593e-03 
7.971521e-04 -1.602396e-04 
-6.725924e-04 1.014571e-02 
-5.158997e-04 3.097675e-02 
-3.596658e-04 6.068544e-02 
1.463152e-04 1.007323e-01 
-3.210946e-01 -3.236759e-01 
-6.217819e-03 -2.247480e-01 
4.701024e-03 -1.595916e-01 
-5.761814e-03 -1.612561e-01 
-3.766969e-03 -1.440421e-01 
-2.832131e-03 -1.219754e-01 
-2.258913e-03 -9.064867e-02 
-1.056083e-03 -5.037890e-02 
-5.421238e-04 -2.634361e-02 
-5.295223e-04 -1.396296e-02 
-3.317859e-04 -1.328951e-02 
4.431560e-04 -2.426881e-02 
3.354393e-04 -3.376082e-02 
2.698820e-04 -4.476563e-02 
1.168680e-04 -6.269810e-02 
-3.182629e-01 3.506898e-01 
-1.949628e-02 2.934516e-01 
-4.236567e-03 2.363980e-01 
4.750686e-03 1.886295e-01 
3.102280e-03 1.570875e-01 
2.203393e-03 1.256706e-01 
1.622926e-03 8.046012e-02 
8.694023e-04 2.646564e-02 
4.957075e-04 -5.015607e-03 
6.734411e-04 -2.456692e-02 
7.478893e-04 -2.913697e-02 
-3.897802e-04 -8.233022e-03 
-4.363105e-04 2.490088e-02 
-4.525110e-04 6.979944e-02 
-1.430601e-04 1.281411e-01 
-6.197535e-01 -4.956174e-01 
-6.210410e-02 -4.896539e-01 
-5.056599e-03 -3.562473e-01 
-7.446623e-03 -2.286016e-01 
-3.211593e-03 -1.298196e-01 
-1.963291e-03 -6.142885e-02 
-1.599975e-03 -2.462341e-02 
-4.917059e-04 -2.298172e-02 
-2.605481e-04 -2.578954e-02 
-2.111221e-04 -3.042175e-02 
-4.184258e-05 -3.583926e-02 
3.317374e-04 -3.992700e-02 
2.920185e-04 -4.119732e-02 
2.611161e-04 -4.221498e-02 
2.300892e-04 -4.754754e-02 
-8.161593e-02 9.418995e-02 
9.472348e-04 1.648410e-02 
-2.962485e-04 4.389874e-02 
3.944822e-03 1.370956e-01 
2.891692e-03 1.842015e-01 
2.194514e-03 1.887669e-01 
1.245611e-03 1.334239e-01 
3.053155e-04 2.933486e-02 
2.335173e-04 -3.184035e-02 
5.369286e-04 -6.161438e-02 
5.958901e-04 -5.361136e-02 
-2.503711e-04 -6.646236e-03 
-3.769087e-04 3.661224e-02 
-4.514735e-04 7.898377e-02 
-3.140853e-04 1.192881e-01 
-9.377806e-01 -6.359362e-01 
-1.453726e-01 -7.917155e-01 
-1.623933e-02 -5.773169e-01 
-2.765069e-03 -2.520238e-01 
-3.629153e-04 -4.530935e-02 
-7.539186e-05 7.261727e-02 
-3.226973e-04 9.931381e-02 
-3.812873e-04 2.523281e-02 
-2.272968e-04 -2.919235e-02 
-1.203650e-05 -6.394201e-02 
2.322999e-04 -7.766920e-02 
3.986841e-04 -6.478305e-02 
2.079275e-04 -4.106728e-02 
3.608480e-05 -1.142557e-02 
-7.697440e-05 2.043232e-02 
-3.581961e-02 -2.616909e-01 
-7.043449e-03 -2.936405e-01 
1.147311e-03 -2.241935e-01 
5.924934e-04 -5.291808e-02 
9.876707e-06 5.079153e-02 
-1.815045e-04 1.075510e-01 
-2.592407e-04 1.105910e-01 
-2.030116e-04 5.772680e-02 
-8.292868e-05 1.767532e-02 
7.156296e-05 -1.224916e-02 
1.811036e-04 -3.173299e-02 
1.026386e-04 -3.269231e-02 
-1.238780e-05 -1.411330e-02 
-1.486046e-04 1.946318e-02 
-1.910092e-04 7.069448e-02 
-6.115325e-01 6.574053e-01 
-1.331118e-02 5.814013e-01 
8.558420e-03 3.863326e-01 
-1.055810e-03 2.008747e-01 
-2.633366e-04 7.505623e-02 
1.059736e-04 -1.150963e-02 
1.094366e-04 -5.483885e-02 
1.170122e-04 -4.456649e-02 
1.683117e-04 -3.286590e-02 
1.728635e-04 -1.730482e-02 
4.538940e-05 2.664915e-03 
-2.150523e-04 1.962484e-02 
-1.658207e-04 2.855601e-02 
-1.003528e-04 2.828544e-02 
-2.534699e-05 1.804053e-02 
