poroelastic
-1.151600e-01 4.025132e-02 
-1.206709e-01 9.426350e-02 
-8.756676e-02 1.620649e-01 
7.413480e-02 2.280614e-01 
7.422678e-02 2.979656e-01 
6.744815e-02 3.219538e-01 
5.760892e-02 3.078213e-01 
2.115734e-02 2.209723e-01 
-1.560489e-03 7.494245e-02 
1.733316e-03 -7.026610e-02 
2.392505e-02 -1.782396e-01 
1.679989e-02 -1.610354e-01 
1.107974e-03 -5.126315e-02 
-1.513811e-02 1.015807e-01 
-2.673723e-02 2.894876e-01 
3.212075e-01 -2.167058e-01 
3.302670e-02 -2.560002e-01 
-2.334298e-02 -2.215727e-01 
-2.399669e-02 -1.244263e-01 
-2.670398e-03 -2.312814e-02 
1.208212e-02 7.377591e-02 
1.371586e-02 1.438327e-01 
-5.293514e-03 1.285524e-01 
-1.329361e-02 5.424468e-02 
-1.391422e-02 -3.347739e-02 
-1.676790e-03 -1.132096e-01 
1.566675e-02 -1.237657e-01 
9.788234e-03 -8.988784e-02 
2.042021e-03 -2.786507e-02 
-6.153442e-03 6.781791e-02 
1.609776e-01 2.395357e-01 
-1.011542e-01 3.228362e-01 
-4.325435e-02 3.454436e-01 
1.099705e-01 3.535983e-01 
8.729673e-02 3.689754e-01 
6.776374e-02 3.482105e-01 
4.584630e-02 2.856830e-01 
1.181950e-02 1.586709e-01 
-7.633708e-04 1.839522e-02 
6.656036e-03 -1.014165e-01 
2.504310e-02 -1.692210e-01 
1.100432e-02 -1.148509e-01 
-2.310673e-03 -1.031977e-02 
-1.520033e-02 1.165012e-01 
-2.451641e-02 2.552866e-01 
1.581385e-01 -2.705676e-01 
-1.096699e-02 -2.094643e-01 
-2.414186e-02 -1.233172e-01 
2.419486e-03 -2.824584e-03 
1.524703e-02 8.323219e-02 
1.750459e-02 1.313678e-01 
4.901221e-03 1.394353e-01 
-1.334714e-02 9.067629e-02 
-1.484051e-02 1.140120e-02 
-1.232900e-02 -6.248930e-02 
-1.320992e-03 -1.094721e-01 
1.145562e-02 -8.945400e-02 
6.949616e-03 -5.924696e-02 
3.134359e-03 -2.973087e-02 
5.233472e-04 -5.599553e-03 
5.040331e-01 3.912394e-01 
-1.867500e-02 5.671768e-01 
5.330832e-03 5.597056e-01 
1.490323e-01 4.890608e-01 
9.874315e-02 4.313439e-01 
6.346676e-02 3.451977e-01 
3.211937e-02 2.319697e-01 
4.860643e-03 9.747007e-02 
-5.740101e-05 -2.285454e-02 
8.463655e-03 -1.111162e-01 
2.224619e-02 -1.437180e-01 
7.076997e-03 -7.427362e-02 
-4.107834e-03 1.776889e-02 
-1.359246e-02 1.117991e-01 
-2.016173e-02 2.018727e-01 
2.282681e-02 -1.858932e-01 
-5.583820e-03 -2.704176e-02 
8.324401e-03 4.916088e-02 
1.533180e-02 8.883260e-02 
1.051210e-02 8.865975e-02 
2.415399e-03 6.894688e-02 
-1.089066e-02 4.458024e-02 
-1.522123e-02 3.102480e-02 
-1.232426e-02 -7.827425e-04 
-1.148619e-02 -3.366415e-02 
-6.328240e-03 -5.582072e-02 
6.685176e-03 -4.761139e-02 
6.219736e-03 -4.748150e-02 
6.731767e-03 -5.793417e-02 
7.854313e-03 -8.109948e-02 
9.434005e-01 5.551026e-01 
1.769008e-01 9.513891e-01 
1.116529e-01 9.260651e-01 
1.916657e-01 6.893744e-01 
9.330172e-02 4.577436e-01 
3.726491e-02 2.345905e-01 
8.147442e-03 5.627418e-02 
1.887401e-03 -1.081148e-02 
3.583103e-03 -5.403326e-02 
9.946504e-03 -8.403315e-02 
1.764232e-02 -8.794998e-02 
3.895819e-03 -3.672577e-02 
-4.814623e-03 3.392084e-02 
-1.232096e-02 1.060819e-01 
-1.800016e-02 1.723699e-01 
-6.377267e-02 1.387405e-01 
5.325482e-02 3.674747e-01 
7.624615e-02 3.744183e-01 
1.735196e-02 1.855711e-01 
-1.511237e-02 -3.912509e-03 
-2.999428e-02 -1.393942e-01 
-2.527726e-02 -1.617187e-01 
-7.770184e-03 -2.054074e-02 
-7.008920e-03 5.733751e-02 
-1.374955e-02 8.052494e-02 
-1.616974e-02 4.548333e-02 
4.499420e-03 -3.144862e-02 
9.366744e-03 -7.757566e-02 
1.169442e-02 -1.054180e-01 
1.179058e-02 -1.177050e-01 
1.537496e+00 7.122354e-01 
5.175939e-01 1.467462e+00 
2.693181e-01 1.395215e+00 
1.747554e-01 8.392980e-01 
4.061078e-02 3.181970e-01 
-1.879124e-02 -8.184448e-02 
-2.379783e-02 -2.886833e-01 
2.768408e-03 -1.584227e-01 
7.996205e-03 -3.802917e-02 
6.403183e-03 3.121061e-02 
3.872934e-03 4.641274e-02 
4.677361e-04 -9.472806e-04 
-1.025056e-03 5.666504e-03 
-5.910676e-03 5.097995e-02 
-1.230944e-02 1.172298e-01 
2.439302e-01 7.840712e-01 
2.000882e-01 1.076737e+00 
1.816085e-01 9.521908e-01 
3.686259e-02 3.970626e-01 
-2.654455e-02 -3.142018e-02 
-4.791977e-02 -3.062863e-01 
-3.228540e-02 -3.811449e-01 
-7.761521e-04 -1.722543e-01 
2.613286e-03 2.389611e-03 
-6.160864e-03 1.258638e-01 
-1.972907e-02 1.729331e-01 
-1.162275e-02 1.015028e-01 
-3.810906e-04 4.660972e-03 
1.159549e-02 -1.030331e-01 
2.245908e-02 -2.079571e-01 
-4.443400e-03 -7.880829e-01 
-4.370253e-02 -1.903385e-01 
4.486871e-02 1.954680e-01 
5.610317e-02 2.840981e-01 
3.449226e-02 2.806161e-01 
1.061342e-02 2.068194e-01 
-1.769863e-02 5.052301e-02 
-1.418759e-02 -1.076338e-01 
-9.136411e-04 -1.716649e-01 
7.929130e-03 -1.650858e-01 
1.081495e-02 -9.077304e-02 
-6.128286e-04 1.090332e-02 
-6.711025e-03 6.126198e-02 
-6.725819e-03 5.976451e-02 
7.715540e-04 -6.784920e-03 
