poroelastic
-4.551950e-03 1.072408e-01 
6.270666e-03 1.164232e-01 
1.070874e-02 5.595065e-02 
-2.381296e-03 1.418275e-03 
-3.239565e-03 -1.386469e-02 
-3.057151e-03 -1.328216e-02 
-3.933808e-03 -4.506604e-04 
-4.139226e-03 5.519435e-04 
-2.396846e-03 -2.344934e-02 
-5.979575e-04 -4.083006e-02 
6.233922e-04 -2.658899e-02 
-1.391090e-03 2.523855e-02 
-1.411611e-03 3.203059e-02 
9.586848e-04 -1.595711e-03 
4.307359e-03 -8.706417e-02 
3.233403e-01 -5.950365e-02 
6.589168e-02 -1.537329e-01 
9.404151e-03 -1.793042e-01 
-1.978602e-02 -1.547042e-01 
-1.207277e-02 -1.142603e-01 
-6.662239e-03 -7.155713e-02 
-3.613925e-03 -2.969313e-02 
-2.033584e-03 -5.589376e-03 
-1.187949e-03 -5.565503e-03 
-1.156234e-03 -3.185598e-03 
-2.661472e-03 1.962993e-02 
-3.584535e-03 6.428097e-02 
-1.667166e-03 4.656696e-02 
2.644825e-03 -2.443105e-02 
7.555471e-03 -1.554268e-01 
6.353173e-02 2.356263e-01 
3.450190e-03 2.737338e-01 
1.631127e-02 1.936298e-01 
5.035711e-03 7.507562e-02 
-1.790678e-03 5.898578e-03 
-4.466704e-03 -3.408256e-02 
-4.664640e-03 -4.136100e-02 
-2.216867e-03 -2.653861e-02 
-2.911434e-04 -3.119554e-02 
1.178011e-03 -3.324834e-02 
1.313298e-03 -1.432026e-02 
-2.228539e-03 3.056658e-02 
-2.362044e-03 4.001210e-02 
-3.888121e-04 1.392563e-02 
3.089530e-03 -5.903252e-02 
4.227271e-01 -1.012754e-01 
6.569629e-02 -1.982554e-01 
9.858784e-03 -2.644295e-01 
-3.530670e-02 -2.730540e-01 
-2.325606e-02 -2.389369e-01 
-1.393652e-02 -1.753458e-01 
-5.754217e-03 -8.323394e-02 
-1.228533e-03 1.021373e-02 
-2.244678e-03 5.034296e-02 
-5.422224e-03 6.408784e-02 
-8.249463e-03 6.187427e-02 
-1.268193e-03 4.546042e-02 
1.981440e-03 -3.760045e-03 
5.961364e-03 -8.032177e-02 
9.328918e-03 -1.886167e-01 
1.767753e-01 3.053380e-01 
1.786219e-02 3.668361e-01 
2.209030e-02 2.622319e-01 
6.389017e-03 9.710694e-02 
-3.368363e-03 -8.942389e-03 
-6.346087e-03 -6.953678e-02 
-4.216218e-03 -7.598978e-02 
-1.779332e-04 -3.458750e-02 
8.695023e-04 -1.949761e-02 
1.490713e-03 -1.404644e-02 
1.529430e-03 -6.773455e-03 
-1.208110e-03 1.344862e-02 
-1.724227e-03 2.481711e-02 
-1.287373e-03 2.167893e-02 
1.808547e-04 -3.334302e-03 
3.855144e-01 -1.651524e-01 
3.426230e-02 -2.351001e-01 
1.447516e-03 -3.164029e-01 
-4.574521e-02 -3.452994e-01 
-2.944932e-02 -3.229084e-01 
-1.748431e-02 -2.507665e-01 
-5.221359e-03 -1.192295e-01 
4.975105e-04 3.619393e-02 
-2.964059e-03 1.093195e-01 
-8.744216e-03 1.263086e-01 
-1.157070e-02 8.997830e-02 
1.104793e-03 1.483311e-02 
5.041634e-03 -5.383692e-02 
7.973722e-03 -1.181289e-01 
9.216573e-03 -1.797514e-01 
2.968290e-01 3.862063e-01 
5.023888e-02 4.887895e-01 
3.318544e-02 3.463908e-01 
2.372334e-03 1.020641e-01 
-9.756552e-03 -6.664907e-02 
-1.182594e-02 -1.611705e-01 
-5.090152e-03 -1.558544e-01 
1.743580e-03 -4.593324e-02 
1.273622e-03 1.370092e-02 
-1.993498e-04 3.694358e-02 
-9.142795e-04 2.636053e-02 
1.575500e-04 -3.406146e-03 
3.151893e-04 -6.487181e-03 
-3.479454e-04 3.908600e-03 
-1.388324e-03 2.437629e-02 
2.055476e-01 -2.165668e-01 
-3.264262e-04 -3.007650e-01 
-1.874575e-02 -3.890192e-01 
-4.777567e-02 -4.052222e-01 
-2.867424e-02 -3.620347e-01 
-1.465441e-02 -2.606576e-01 
-9.934052e-04 -9.119235e-02 
1.877856e-03 9.536207e-02 
-4.529352e-03 1.741560e-01 
-1.159083e-02 1.715635e-01 
-1.188998e-02 8.217495e-02 
5.440392e-03 -5.383260e-02 
8.661512e-03 -1.217677e-01 
8.544312e-03 -1.386047e-01 
5.237405e-03 -9.997384e-02 
3.715284e-01 4.663527e-01 
7.282819e-02 5.663989e-01 
2.968065e-02 3.493282e-01 
-9.537186e-03 1.624410e-02 
-1.764814e-02 -2.011990e-01 
-1.615013e-02 -2.990029e-01 
-4.656884e-03 -2.372994e-01 
4.775820e-03 -8.632794e-03 
5.932248e-04 1.139091e-01 
-4.880853e-03 1.434312e-01 
-6.014243e-03 7.166463e-02 
5.106882e-03 -7.310876e-02 
6.448065e-03 -1.038745e-01 
2.406467e-03 -4.821691e-02 
-5.411768e-03 9.841412e-02 
-2.509912e-02 1.291823e-01 
4.591504e-03 6.684486e-02 
-1.718903e-02 -7.689106e-02 
-2.644940e-02 -2.563438e-01 
-1.898046e-02 -3.163977e-01 
-1.142597e-02 -2.788293e-01 
-9.367321e-04 -1.381517e-01 
2.768749e-03 6.008358e-02 
-3.179424e-03 1.611288e-01 
-1.005201e-02 1.827964e-01 
-1.163511e-02 1.097147e-01 
3.396236e-03 -3.268519e-02 
7.780579e-03 -1.120950e-01 
8.202186e-03 -1.339329e-01 
4.219330e-03 -7.825506e-02 
4.497420e-01 -4.980765e-01 
-1.060788e-02 -3.826364e-01 
-2.026082e-02 -2.267079e-01 
-9.142377e-03 -1.086735e-01 
-2.837004e-03 -3.244256e-02 
-1.065744e-03 6.297710e-03 
-2.737779e-03 3.309669e-03 
-2.725915e-03 -3.265192e-02 
-2.248944e-04 -5.044142e-02 
1.222580e-03 -4.475271e-02 
7.024127e-04 -1.135665e-02 
-2.047162e-03 3.184382e-02 
-1.941443e-03 3.388620e-02 
1.797536e-05 3.849940e-03 
3.406961e-03 -6.114383e-02 
