poroelastic
3.545390e-02 -2.228151e-01 
1.418610e-02 -2.931502e-01 
-8.932090e-03 -2.427440e-01 
-2.325653e-02 -1.540910e-01 
-1.355685e-02 -1.078855e-01 
-7.286931e-03 -7.344025e-02 
-1.922424e-03 -4.875386e-02 
2.190063e-03 -8.803365e-03 
2.202207e-03 5.120664e-02 
-9.549317e-04 9.353730e-02 
-5.034787e-03 8.509569e-02 
8.325818e-04 2.530251e-03 
2.301689e-03 -4.734887e-02 
2.197009e-03 -6.334364e-02 
8.487335e-04 -3.440833e-02 
-1.949760e-01 -8.816402e-03 
-3.937446e-02 5.009739e-02 
-7.104646e-03 8.659831e-02 
1.590576e-02 8.994231e-02 
1.033287e-02 6.735970e-02 
6.766320e-03 4.452579e-02 
5.626176e-03 2.043392e-02 
4.097661e-03 4.181163e-03 
2.845346e-03 2.483033e-02 
1.800987e-03 3.817254e-02 
1.055725e-03 1.488402e-02 
1.634361e-03 -5.390384e-02 
1.042860e-03 -5.172196e-02 
-1.164876e-03 1.255252e-02 
-3.668682e-03 1.475073e-01 
-1.519406e-01 -3.200859e-01 
-1.914313e-03 -4.369994e-01 
-2.537929e-02 -3.739063e-01 
-3.350739e-02 -2.329090e-01 
-1.644104e-02 -1.429790e-01 
-6.047919e-03 -7.062548e-02 
3.617996e-04 -1.871600e-02 
1.988040e-03 1.878023e-02 
7.989429e-04 6.772510e-02 
-2.758978e-03 9.795795e-02 
-6.043802e-03 8.053634e-02 
1.199702e-03 -3.661521e-03 
2.896290e-03 -5.938474e-02 
3.025158e-03 -8.219450e-02 
1.676400e-03 -6.070078e-02 
-2.978210e-01 8.157713e-02 
-3.632229e-02 1.330133e-01 
-1.195986e-04 1.754606e-01 
2.886331e-02 1.703523e-01 
1.855142e-02 1.371660e-01 
1.149068e-02 9.322300e-02 
6.805149e-03 3.736473e-02 
3.420575e-03 -1.161214e-02 
2.782822e-03 -1.102969e-02 
3.378328e-03 6.713586e-04 
3.379107e-03 7.259858e-04 
-4.935987e-05 -2.095335e-02 
-7.009553e-04 -4.845192e-03 
-2.135615e-03 4.462283e-02 
-3.469295e-03 1.359240e-01 
-3.434124e-01 -3.806274e-01 
-4.795721e-02 -5.503321e-01 
-4.238837e-02 -4.723187e-01 
-3.895498e-02 -2.810461e-01 
-1.489736e-02 -1.451125e-01 
-1.778175e-03 -4.045203e-02 
3.951754e-03 2.440241e-02 
2.349550e-03 4.499648e-02 
1.455586e-04 7.517231e-02 
-3.204220e-03 9.407537e-02 
-6.118426e-03 7.926159e-02 
5.929878e-04 8.931245e-03 
2.639665e-03 -4.986577e-02 
3.459600e-03 -8.833085e-02 
2.819571e-03 -9.495383e-02 
-2.700009e-01 1.511457e-01 
-1.572202e-02 1.631121e-01 
6.777408e-03 2.060227e-01 
3.916483e-02 2.177186e-01 
2.609605e-02 2.021496e-01 
1.669170e-02 1.590427e-01 
7.431177e-03 7.666995e-02 
1.289760e-03 -2.508903e-02 
1.778050e-03 -5.876963e-02 
4.321761e-03 -5.616562e-02 
5.375607e-03 -3.069923e-02 
-1.160008e-03 6.353906e-04 
-2.207323e-03 3.546481e-02 
-3.143534e-03 7.552717e-02 
-3.532111e-03 1.264573e-01 
-5.281795e-01 -4.558066e-01 
-1.257948e-01 -7.051139e-01 
-6.945299e-02 -5.977067e-01 
-3.834205e-02 -3.180367e-01 
-5.382084e-03 -9.899645e-02 
9.523135e-03 6.139772e-02 
1.001757e-02 1.311971e-01 
1.831959e-03 7.987008e-02 
-8.139371e-04 5.761473e-02 
-2.620316e-03 4.994575e-02 
-4.101488e-03 4.304656e-02 
-2.330045e-04 1.702635e-02 
1.441653e-03 -2.414833e-02 
2.771689e-03 -6.659264e-02 
3.365241e-03 -1.016434e-01 
-1.283520e-01 1.533319e-01 
4.167128e-03 1.696927e-01 
1.990860e-02 2.258808e-01 
4.394004e-02 2.540448e-01 
2.862936e-02 2.449207e-01 
1.666607e-02 1.937604e-01 
3.849821e-03 8.057613e-02 
-1.224541e-03 -6.810825e-02 
1.500606e-03 -1.202042e-01 
5.499305e-03 -1.080911e-01 
5.844864e-03 -3.562422e-02 
-3.501012e-03 6.047160e-02 
-4.202922e-03 9.711028e-02 
-3.410973e-03 9.295282e-02 
-1.468069e-03 4.864461e-02 
-6.899336e-01 -5.643032e-01 
-2.064957e-01 -8.690720e-01 
-8.404988e-02 -6.690404e-01 
-1.449398e-02 -2.387516e-01 
1.685642e-02 8.456805e-02 
2.504739e-02 2.811299e-01 
1.284535e-02 2.907838e-01 
-1.971129e-03 6.265095e-02 
-1.986084e-03 -6.239011e-02 
6.139309e-04 -9.813455e-02 
1.639991e-03 -4.561246e-02 
-2.881982e-03 7.145715e-02 
-2.870920e-03 8.174783e-02 
-2.886666e-05 1.312968e-02 
4.491085e-03 -1.351854e-01 
-5.433557e-02 -3.332900e-01 
-4.679318e-02 -3.773698e-01 
-1.677831e-02 -2.313198e-01 
2.342164e-02 6.916836e-02 
2.562353e-02 2.300667e-01 
1.999779e-02 2.778593e-01 
6.309415e-03 1.974091e-01 
-1.464280e-03 7.070176e-03 
2.171594e-04 -9.423959e-02 
3.732943e-03 -1.322368e-01 
5.946305e-03 -1.002329e-01 
-2.798573e-04 -6.027354e-03 
-2.619279e-03 5.630190e-02 
-3.642941e-03 9.189147e-02 
-3.192761e-03 9.428344e-02 
-2.624982e-01 6.309504e-01 
3.276721e-02 3.080904e-01 
4.196866e-03 4.164960e-02 
-6.730914e-03 -6.840876e-02 
-6.928123e-03 -1.115821e-01 
-1.976289e-03 -9.677243e-02 
6.171007e-03 -2.135699e-02 
4.391758e-03 7.932717e-02 
2.839885e-04 1.320170e-01 
-3.135134e-03 1.335475e-01 
-4.284107e-03 7.099447e-02 
1.703069e-03 -3.452248e-02 
3.176485e-03 -7.806751e-02 
2.429118e-03 -6.678944e-02 
-3.786482e-04 1.105107e-02 
