poroelastic
2.528048e-03 -1.342224e-01 
-2.441929e-02 -2.812622e-01 
-8.431381e-02 -4.140223e-01 
-1.021230e-01 -4.520903e-01 
-3.756365e-02 -3.574334e-01 
-5.809608e-03 -2.104431e-01 
4.964625e-03 -4.690894e-02 
-5.640039e-03 6.366899e-02 
-9.028075e-03 7.695862e-02 
-4.226473e-03 2.440986e-02 
1.362878e-02 -1.049187e-01 
1.646245e-02 -1.671853e-01 
-4.082210e-02 -3.039155e-01 
-6.408354e-02 -3.648921e-01 
-3.908084e-02 -3.032369e-01 
-2.699462e-03 -1.790632e-01 
1.346594e-02 -3.653256e-02 
8.800136e-03 9.958645e-02 
-1.307254e-02 1.568593e-01 
-1.479204e-02 1.316336e-01 
-6.097447e-03 3.684703e-02 
1.899698e-02 -1.500792e-01 
7.059981e-02 -8.542654e-02 
-2.914339e-02 -2.220663e-01 
-6.617497e-02 -3.213065e-01 
-6.244175e-02 -3.187148e-01 
-1.957547e-02 -2.303185e-01 
5.037748e-04 -1.087373e-01 
3.185613e-03 1.594583e-02 
-6.835813e-03 7.535318e-02 
-8.241384e-03 7.044659e-02 
-2.989541e-03 1.486450e-02 
1.324793e-02 -1.048521e-01 
1.280143e-01 -9.988865e-02 
-4.055204e-02 -2.871225e-01 
-8.721139e-02 -4.212729e-01 
-7.592682e-02 -4.122767e-01 
-2.213059e-02 -3.002434e-01 
4.331892e-03 -1.458759e-01 
8.721990e-03 1.816191e-02 
-8.348435e-03 1.058699e-01 
-1.149125e-02 1.061543e-01 
-5.808451e-03 4.053258e-02 
1.315724e-02 -1.060074e-01 
1.310733e-01 -3.829753e-02 
-3.760849e-02 -2.396568e-01 
-7.561964e-02 -3.810009e-01 
-5.596650e-02 -3.696812e-01 
-1.053748e-02 -2.522223e-01 
1.214714e-02 -9.526786e-02 
1.215866e-02 6.592212e-02 
-1.076546e-02 1.407867e-01 
-1.368626e-02 1.297728e-01 
-7.113722e-03 5.288449e-02 
1.294451e-02 -1.051687e-01 
2.111842e-01 6.707301e-03 
-3.634124e-02 -2.208454e-01 
-8.948942e-02 -4.004804e-01 
-7.952064e-02 -4.161341e-01 
-2.459007e-02 -3.068348e-01 
2.033639e-03 -1.469005e-01 
5.560170e-03 2.360533e-02 
-9.202771e-03 1.066782e-01 
-1.106488e-02 9.930895e-02 
-4.180616e-03 2.443697e-02 
1.610526e-02 -1.322773e-01 
2.132805e-01 5.745688e-02 
-3.694253e-02 -2.066515e-01 
-8.716951e-02 -4.097901e-01 
-6.776609e-02 -4.280148e-01 
-1.488587e-02 -3.080059e-01 
1.275157e-02 -1.341949e-01 
1.544234e-02 5.116835e-02 
-1.026142e-02 1.432866e-01 
-1.442201e-02 1.419760e-01 
-8.654983e-03 7.012598e-02 
1.061915e-02 -8.799924e-02 
2.388197e-01 1.361295e-01 
-2.904249e-02 -1.474590e-01 
-8.528170e-02 -3.724719e-01 
-7.125163e-02 -4.068558e-01 
-1.927111e-02 -2.942337e-01 
6.319351e-03 -1.255247e-01 
7.517777e-03 5.133432e-02 
-1.059586e-02 1.274409e-01 
-1.221907e-02 1.129115e-01 
-4.796195e-03 3.122910e-02 
1.572946e-02 -1.312793e-01 
2.674653e-01 1.985134e-01 
-2.936605e-02 -1.284025e-01 
-9.083780e-02 -3.911662e-01 
-7.429779e-02 -4.447160e-01 
-1.866870e-02 -3.309894e-01 
1.054299e-02 -1.521313e-01 
1.417945e-02 4.236349e-02 
-1.000830e-02 1.368019e-01 
-1.381354e-02 1.358695e-01 
-7.944598e-03 6.439432e-02 
1.097484e-02 -9.223963e-02 
2.456675e-01 2.786360e-01 
-1.997646e-02 -7.447868e-02 
-8.435612e-02 -3.531282e-01 
-6.765387e-02 -4.101906e-01 
-1.660049e-02 -2.964627e-01 
9.019376e-03 -1.207149e-01 
9.594072e-03 6.251513e-02 
-1.082163e-02 1.360033e-01 
-1.268963e-02 1.203349e-01 
-5.560572e-03 4.022237e-02 
1.394546e-02 -1.173659e-01 
2.433223e-01 3.610695e-01 
-1.806864e-02 -3.765600e-02 
-8.446370e-02 -3.453313e-01 
-6.627078e-02 -4.164393e-01 
-1.521670e-02 -3.048729e-01 
1.099915e-02 -1.264545e-01 
1.206784e-02 6.262075e-02 
-1.068205e-02 1.401060e-01 
-1.329710e-02 1.293189e-01 
-6.771357e-03 5.322652e-02 
1.205206e-02 -1.019840e-01 
2.380104e-01 4.320524e-01 
-7.741885e-03 8.073650e-03 
-8.574587e-02 -3.277939e-01 
-6.807769e-02 -4.124347e-01 
-1.724981e-02 -3.068421e-01 
8.803464e-03 -1.355392e-01 
1.148378e-02 4.123179e-02 
-7.582618e-03 1.068966e-01 
-1.046207e-02 1.033051e-01 
-6.280494e-03 5.194981e-02 
6.995277e-03 -5.846536e-02 
1.313544e-01 5.164639e-01 
-7.774509e-03 2.406065e-02 
-7.070246e-02 -3.075965e-01 
-4.360832e-02 -3.489946e-01 
-3.842964e-03 -2.118961e-01 
1.287810e-02 -2.314243e-02 
3.944653e-03 1.503262e-01 
-1.540069e-02 1.752184e-01 
-1.301851e-02 1.152211e-01 
-1.991850e-03 1.991193e-03 
2.014316e-02 -1.689506e-01 
2.746984e-01 5.544083e-01 
8.635396e-03 8.311008e-02 
-1.025514e-01 -3.291893e-01 
-8.251948e-02 -4.800206e-01 
-2.405666e-02 -4.085854e-01 
1.027843e-02 -2.350477e-01 
1.938307e-02 -5.096187e-03 
-9.044250e-03 1.391482e-01 
-1.633737e-02 1.632730e-01 
-1.141840e-02 9.661894e-02 
9.104769e-03 -7.564933e-02 
