poroelastic
-3.427595e-02 4.804104e-02 
-2.069166e-02 9.568645e-02 
1.063294e-02 9.269792e-02 
7.788875e-02 9.998366e-02 
5.800189e-02 1.771353e-01 
4.043989e-02 2.484781e-01 
4.223498e-03 2.523199e-01 
-1.101834e-02 6.508661e-02 
3.237905e-03 -6.238678e-02 
1.316952e-02 -9.144980e-02 
-1.592465e-03 8.723175e-03 
8.281088e-02 1.570874e-02 
3.199593e-02 -6.233852e-02 
-4.510143e-02 -2.034054e-01 
-1.163868e-01 -2.514054e-01 
-5.502265e-02 -1.484074e-01 
-3.271839e-02 8.457884e-04 
-4.713629e-02 7.087646e-02 
-2.164093e-02 -6.954085e-02 
7.383231e-03 -1.834938e-01 
2.501906e-02 -2.115000e-01 
1.560992e-02 -8.905283e-02 
-6.111502e-02 4.482809e-02 
-1.951518e-02 2.349722e-02 
-7.101603e-03 -1.817184e-02 
5.579623e-02 -3.978658e-03 
5.329618e-02 9.899050e-02 
4.800808e-02 1.764383e-01 
2.857571e-02 1.759094e-01 
6.222643e-03 5.023131e-02 
6.917020e-03 -6.310012e-03 
3.576804e-03 1.998773e-02 
-2.844434e-02 1.639328e-01 
9.365318e-03 1.247890e-01 
4.274121e-02 1.670307e-01 
2.907305e-02 1.147089e-01 
-1.520170e-02 4.196546e-02 
-1.398193e-02 4.526870e-02 
-2.135119e-02 6.955679e-02 
-4.035550e-02 5.595137e-02 
-1.565962e-02 -6.007730e-02 
6.295671e-03 -1.456879e-01 
1.961802e-02 -1.718184e-01 
1.512895e-02 -8.929315e-02 
-6.841900e-03 8.642902e-02 
3.055616e-02 1.248364e-01 
1.622605e-02 6.478055e-02 
-1.347933e-02 -3.203030e-02 
-7.063058e-03 -3.041079e-02 
-1.997065e-03 5.235192e-03 
-4.901961e-03 2.845531e-02 
-2.394174e-03 -4.408580e-03 
2.907107e-03 -3.593639e-02 
5.814873e-03 -4.001613e-02 
-2.646097e-03 1.595760e-02 
-9.401254e-02 1.120236e-01 
4.214630e-02 2.017942e-01 
5.522114e-02 1.930114e-01 
3.136836e-02 9.241221e-02 
1.078638e-02 5.105819e-02 
3.415010e-03 2.913513e-02 
-1.800586e-04 1.222696e-02 
4.867171e-04 -7.239278e-03 
2.354046e-03 -1.776030e-02 
2.425841e-03 -1.114025e-02 
-4.899709e-03 3.007340e-02 
-5.294800e-02 1.193739e-01 
6.992028e-02 2.682864e-01 
6.898239e-02 2.692241e-01 
-3.445270e-03 1.154723e-01 
-2.183658e-02 1.607138e-02 
-2.802196e-02 -3.674983e-02 
-2.710304e-02 -5.496273e-02 
-6.130809e-03 -4.879019e-02 
1.878167e-03 -6.322765e-02 
8.088938e-03 -8.321806e-02 
1.432403e-02 -8.954889e-02 
-1.239587e-01 9.461488e-02 
7.000019e-02 2.694887e-01 
8.154014e-02 2.883380e-01 
1.792563e-02 1.075340e-01 
-8.254087e-03 -1.689588e-02 
-8.196274e-03 -8.870983e-02 
6.659726e-03 -9.492835e-02 
5.318424e-03 -1.564850e-02 
-8.454579e-04 2.903092e-02 
-4.817177e-03 4.623223e-02 
-6.214571e-03 3.963084e-02 
-1.633111e-01 8.544539e-02 
9.371621e-02 3.300067e-01 
1.108916e-01 3.947804e-01 
2.363259e-02 1.980178e-01 
-1.560240e-02 3.046011e-02 
-2.411755e-02 -8.241609e-02 
-1.220944e-02 -1.155745e-01 
7.877639e-05 -3.754074e-02 
-1.159143e-03 -4.411650e-03 
-9.647043e-05 -1.129667e-02 
9.027793e-03 -5.858317e-02 
-1.636807e-01 5.620089e-02 
1.048006e-01 3.551827e-01 
1.197386e-01 4.379995e-01 
1.212270e-02 1.927599e-01 
-2.738618e-02 -2.256229e-02 
-2.887955e-02 -1.597089e-01 
-5.196193e-03 -1.756293e-01 
2.453810e-03 -3.171359e-02 
-4.354542e-03 3.516710e-02 
-5.134986e-03 2.890792e-02 
8.913591e-03 -5.859908e-02 
-2.237141e-01 -1.502826e-03 
1.178866e-01 3.615933e-01 
1.362001e-01 4.762343e-01 
1.964669e-02 2.036691e-01 
-2.487523e-02 -4.391277e-02 
-2.260643e-02 -2.057260e-01 
1.079873e-02 -2.251509e-01 
8.807806e-03 -3.896015e-02 
-4.668298e-03 6.792209e-02 
-1.137918e-02 9.583785e-02 
-4.412036e-03 2.971007e-02 
-2.517408e-01 -2.354658e-02 
1.294178e-01 3.948508e-01 
1.596498e-01 5.548488e-01 
2.716314e-02 2.761024e-01 
-2.690359e-02 1.375113e-02 
-3.290355e-02 -1.530501e-01 
-1.197222e-02 -1.603862e-01 
-7.270619e-03 3.284834e-02 
-1.258382e-02 7.503420e-02 
-3.696654e-03 -7.897044e-03 
3.311822e-02 -2.211264e-01 
-1.619995e-01 -1.799606e-01 
1.300317e-01 3.676344e-01 
1.299593e-01 5.223922e-01 
-2.389383e-02 1.278258e-01 
-5.411840e-02 -2.263962e-01 
-2.714035e-02 -4.162076e-01 
3.275602e-02 -3.443861e-01 
8.258706e-03 3.862015e-02 
-2.058005e-02 2.219554e-01 
-2.688043e-02 2.057251e-01 
6.997257e-03 -4.749980e-02 
-4.485896e-01 -3.161548e-02 
1.790994e-01 5.144441e-01 
2.580174e-01 8.068710e-01 
7.862220e-02 5.229162e-01 
-1.646629e-02 1.954445e-01 
-4.771310e-02 -1.104240e-01 
-1.984301e-02 -3.092451e-01 
1.696351e-02 -2.080612e-01 
9.323946e-03 -7.741528e-02 
-2.598228e-03 2.419879e-02 
-3.635128e-03 2.519766e-02 
