poroelastic
1.235588e-02 2.021356e-01 
3.584532e-02 3.314755e-01 
5.668939e-02 3.586298e-01 
3.961285e-02 2.751248e-01 
8.338208e-03 1.611790e-01 
-5.350000e-03 4.457254e-02 
-5.137261e-03 -6.126656e-02 
7.390586e-03 -1.235945e-01 
9.044185e-03 -1.076263e-01 
3.573347e-03 -2.246227e-02 
-1.430440e-02 1.534828e-01 
2.160227e-02 1.013665e-01 
2.503169e-02 1.520866e-01 
6.617111e-03 1.031481e-01 
-3.022938e-02 -1.594033e-02 
-2.445015e-02 -9.777857e-02 
-1.844358e-02 -1.463086e-01 
-6.323933e-03 -1.559505e-01 
6.424081e-03 -1.196598e-01 
5.989959e-03 -7.693063e-02 
2.057339e-03 -1.519513e-02 
-7.092596e-03 7.850754e-02 
-4.517900e-02 8.676655e-02 
2.361923e-02 1.928004e-01 
3.768302e-02 2.150120e-01 
2.895000e-02 1.467518e-01 
1.010002e-02 7.730396e-02 
4.557235e-03 1.468199e-02 
6.292233e-03 -2.774771e-02 
3.656181e-03 -2.819912e-02 
1.783647e-03 -5.829122e-03 
-1.935943e-03 3.906571e-02 
-1.019586e-02 1.134588e-01 
-1.711134e-02 9.955154e-02 
3.761633e-02 2.579591e-01 
3.538594e-02 2.780752e-01 
-5.278609e-03 1.502323e-01 
-1.705073e-02 2.259901e-02 
-2.079481e-02 -8.620577e-02 
-1.159583e-02 -1.585153e-01 
7.814255e-03 -1.578521e-01 
8.607135e-03 -1.187391e-01 
4.183015e-03 -4.376224e-02 
-6.808686e-03 7.719171e-02 
-4.366959e-02 1.858809e-02 
2.755718e-02 1.876100e-01 
3.223025e-02 2.233441e-01 
4.886577e-03 1.104453e-01 
-6.815651e-03 -7.933785e-04 
-7.125256e-03 -9.052159e-02 
3.262891e-03 -1.337749e-01 
7.336158e-03 -9.624030e-02 
4.131257e-03 -3.823431e-02 
-1.809781e-03 4.004675e-02 
-1.241350e-02 1.427628e-01 
-7.333107e-02 -1.123624e-02 
3.244956e-02 2.137506e-01 
4.316627e-02 2.892445e-01 
1.160854e-02 1.796517e-01 
-6.346572e-03 5.250717e-02 
-1.125778e-02 -6.183445e-02 
-2.771727e-03 -1.342637e-01 
7.330788e-03 -1.177005e-01 
5.669334e-03 -6.896595e-02 
5.057416e-04 5.584324e-03 
-9.359157e-03 1.090402e-01 
-4.544625e-02 -8.437223e-02 
2.833222e-02 1.807146e-01 
3.694090e-02 2.742023e-01 
1.399332e-03 1.600549e-01 
-1.283889e-02 2.414414e-02 
-1.586541e-02 -9.614951e-02 
-4.784584e-03 -1.667579e-01 
8.196609e-03 -1.373403e-01 
6.314822e-03 -8.066217e-02 
9.425685e-04 -1.786912e-03 
-8.546659e-03 1.009507e-01 
-6.506967e-02 -1.675261e-01 
2.193834e-02 1.328691e-01 
3.855062e-02 2.574001e-01 
9.283238e-03 1.572765e-01 
-6.747770e-03 2.614442e-02 
-9.066827e-03 -9.275826e-02 
2.529428e-03 -1.589387e-01 
8.341121e-03 -1.158437e-01 
4.491077e-03 -4.671645e-02 
-2.043110e-03 4.127022e-02 
-1.225246e-02 1.463485e-01 
-5.121739e-02 -2.425725e-01 
2.075836e-02 1.195661e-01 
4.086512e-02 2.844915e-01 
8.104788e-03 1.959642e-01 
-9.806230e-03 5.843584e-02 
-1.521115e-02 -7.477677e-02 
-5.231861e-03 -1.611734e-01 
8.157141e-03 -1.368280e-01 
6.263927e-03 -8.214197e-02 
1.062087e-03 -5.540916e-03 
-7.632076e-03 9.206782e-02 
-2.730687e-02 -3.445394e-01 
1.020571e-02 5.270467e-02 
3.638492e-02 2.454310e-01 
8.701473e-03 1.692956e-01 
-7.556387e-03 3.781412e-02 
-1.070728e-02 -8.844503e-02 
4.626791e-04 -1.606969e-01 
7.831563e-03 -1.152154e-01 
4.306390e-03 -4.947142e-02 
-1.403933e-03 2.861066e-02 
-9.466182e-03 1.147359e-01 
1.111896e-02 -4.381261e-01 
5.859115e-03 2.415163e-02 
3.469892e-02 2.468386e-01 
5.623489e-03 1.715723e-01 
-9.821524e-03 3.232752e-02 
-1.251806e-02 -1.034590e-01 
2.089467e-04 -1.837379e-01 
9.142943e-03 -1.355250e-01 
5.201114e-03 -6.139853e-02 
-1.378326e-03 2.925383e-02 
-1.085555e-02 1.325765e-01 
4.439528e-03 -5.304846e-01 
-2.067556e-03 -3.027736e-02 
3.951971e-02 2.434208e-01 
1.487089e-02 2.062302e-01 
-4.321621e-03 8.832317e-02 
-1.112152e-02 -3.600658e-02 
-4.811813e-03 -1.144743e-01 
4.629783e-03 -8.267238e-02 
3.497782e-03 -4.858353e-02 
1.187259e-03 -1.389930e-02 
-1.662566e-03 2.009447e-02 
1.477271e-01 -6.651960e-01 
-1.733081e-02 -9.715142e-02 
2.056917e-02 1.731932e-01 
-1.363077e-03 1.053516e-01 
-1.033961e-02 -2.868149e-02 
-7.830551e-03 -1.462767e-01 
6.757909e-03 -1.854616e-01 
6.910926e-03 -8.407718e-02 
7.192042e-04 4.127496e-03 
-4.782784e-03 7.144877e-02 
-8.539212e-03 1.035123e-01 
4.775414e-02 -6.687356e-01 
-1.164806e-02 -8.376453e-02 
4.497648e-02 2.741934e-01 
1.716528e-02 2.670335e-01 
-5.420070e-03 1.424045e-01 
-1.562830e-02 -2.165843e-02 
-7.159705e-03 -1.677131e-01 
1.090681e-02 -1.802116e-01 
9.244759e-03 -1.222011e-01 
2.139961e-03 -1.906596e-02 
-9.590312e-03 1.161596e-01 
