poroelastic
-2.857769e-02 1.332075e-01 
3.195291e-03 2.693852e-01 
7.043924e-02 3.545943e-01 
1.251082e-01 3.685508e-01 
6.552370e-02 3.326911e-01 
3.086469e-02 2.521032e-01 
6.516188e-03 1.319093e-01 
2.476410e-03 -2.107910e-02 
7.523891e-03 -6.839771e-02 
5.644737e-03 -2.171968e-02 
-1.676770e-02 1.411107e-01 
1.772479e-02 1.484167e-01 
4.160678e-02 2.064241e-01 
3.062127e-02 1.599313e-01 
-1.413098e-02 6.529587e-02 
-1.776421e-02 2.362528e-02 
-2.340672e-02 7.664473e-04 
-2.825338e-02 -4.505764e-02 
-3.006639e-03 -1.331349e-01 
9.350714e-03 -1.634499e-01 
1.188375e-02 -1.229025e-01 
-3.292282e-03 2.853901e-02 
-8.061284e-02 9.880631e-02 
1.334829e-02 1.744311e-01 
4.833862e-02 2.011020e-01 
7.414427e-02 1.877737e-01 
4.247153e-02 1.839642e-01 
2.493968e-02 1.555239e-01 
1.153487e-02 9.001323e-02 
3.924105e-03 -9.192210e-04 
4.960303e-03 -2.538700e-02 
1.948296e-03 1.425507e-02 
-1.612627e-02 1.407228e-01 
-1.027072e-01 1.729816e-01 
5.035980e-02 3.248562e-01 
8.456693e-02 3.762017e-01 
6.524288e-02 3.060818e-01 
2.133170e-02 2.231839e-01 
-5.330142e-03 1.237975e-01 
-1.904368e-02 -5.762403e-04 
8.192516e-04 -1.192821e-01 
1.020308e-02 -1.448533e-01 
9.744502e-03 -8.878367e-02 
-8.646589e-03 7.672468e-02 
-1.120259e-01 1.334342e-01 
5.239599e-02 2.978568e-01 
7.874890e-02 3.477121e-01 
4.915806e-02 2.564292e-01 
1.171319e-02 1.595204e-01 
-8.442589e-03 5.724126e-02 
-1.363020e-02 -5.111759e-02 
4.329423e-03 -1.256406e-01 
1.011052e-02 -1.223902e-01 
6.831243e-03 -4.928178e-02 
-1.289653e-02 1.161308e-01 
-2.164710e-01 1.173018e-01 
5.660527e-02 3.204315e-01 
1.046046e-01 4.195335e-01 
8.602686e-02 3.442509e-01 
3.140031e-02 2.352005e-01 
4.040330e-03 1.065949e-01 
-3.691084e-03 -2.661853e-02 
6.416191e-03 -1.023116e-01 
9.123937e-03 -9.032719e-02 
3.792555e-03 -9.165341e-03 
-1.708776e-02 1.559034e-01 
-2.161327e-01 9.800374e-02 
7.320219e-02 3.585123e-01 
1.145889e-01 4.834183e-01 
6.827911e-02 3.822733e-01 
1.262538e-02 2.309741e-01 
-1.690170e-02 6.558070e-02 
-2.158220e-02 -9.310215e-02 
6.005562e-03 -1.702124e-01 
1.218385e-02 -1.548074e-01 
8.021967e-03 -6.847657e-02 
-1.115940e-02 1.030663e-01 
-2.696796e-01 4.220423e-02 
7.168675e-02 3.330862e-01 
1.212453e-01 4.841568e-01 
7.669839e-02 3.808825e-01 
1.789924e-02 2.190723e-01 
-9.435875e-03 4.209012e-02 
-8.740130e-03 -1.155513e-01 
9.971786e-03 -1.609143e-01 
1.137690e-02 -1.164884e-01 
3.459714e-03 -5.675871e-03 
-1.926739e-02 1.803602e-01 
-3.306073e-01 -1.178326e-02 
8.039548e-02 3.360729e-01 
1.386352e-01 5.385638e-01 
8.719836e-02 4.471661e-01 
1.930745e-02 2.682485e-01 
-1.381239e-02 6.633766e-02 
-1.543713e-02 -1.156799e-01 
9.200378e-03 -1.721399e-01 
1.190300e-02 -1.357809e-01 
5.191543e-03 -3.451441e-02 
-1.459482e-02 1.381126e-01 
-3.147028e-01 -7.628759e-02 
8.032552e-02 3.229386e-01 
1.387803e-01 5.498197e-01 
7.395411e-02 4.371537e-01 
8.385612e-03 2.260502e-01 
-2.056223e-02 -1.077716e-04 
-1.364876e-02 -1.827467e-01 
1.250954e-02 -2.023636e-01 
1.262508e-02 -1.347896e-01 
3.333486e-03 -1.015453e-02 
-1.818593e-02 1.732028e-01 
-3.665746e-01 -1.656265e-01 
8.457722e-02 2.931473e-01 
1.483451e-01 5.609855e-01 
8.105518e-02 4.552588e-01 
1.176181e-02 2.389869e-01 
-1.777144e-02 4.867484e-03 
-1.004820e-02 -1.832214e-01 
1.315167e-02 -1.936720e-01 
1.195247e-02 -1.236575e-01 
2.196269e-03 1.598251e-03 
-1.925431e-02 1.859748e-01 
-3.771199e-01 -2.472473e-01 
7.579379e-02 2.599961e-01 
1.572183e-01 5.771442e-01 
8.581284e-02 4.888130e-01 
1.240521e-02 2.665113e-01 
-1.982446e-02 2.743849e-02 
-1.567844e-02 -1.502763e-01 
8.006115e-03 -1.435094e-01 
8.309473e-03 -9.771661e-02 
3.577173e-03 -3.185948e-02 
-5.523155e-03 5.275275e-02 
-2.685979e-01 -3.745759e-01 
8.190799e-02 2.476467e-01 
1.374164e-01 5.672394e-01 
4.561668e-02 3.970648e-01 
-1.285586e-02 1.018206e-01 
-2.722110e-02 -1.792791e-01 
2.555463e-03 -3.451914e-01 
2.056349e-02 -2.405506e-01 
1.029307e-02 -7.912231e-02 
-5.937065e-03 9.874635e-02 
-2.824891e-02 2.725133e-01 
-5.232947e-01 -3.735639e-01 
7.417778e-02 2.348747e-01 
2.096060e-01 6.793703e-01 
1.244373e-01 6.647060e-01 
2.813191e-02 4.571998e-01 
-2.365221e-02 1.628279e-01 
-2.702106e-02 -1.525902e-01 
1.762180e-02 -2.790952e-01 
2.104755e-02 -2.378425e-01 
9.243820e-03 -8.009546e-02 
-1.921087e-02 1.871380e-01 
