poroelastic
7.952202e-02 -3.574821e-02 
5.040793e-02 -1.618523e-01 
-6.594381e-02 -3.221008e-01 
-2.148449e-01 -4.412786e-01 
-1.161689e-01 -4.306648e-01 
-5.657901e-02 -3.332555e-01 
-1.675693e-02 -2.079607e-01 
3.946130e-03 -7.906400e-02 
7.644038e-04 -1.496829e-02 
-1.541055e-03 6.865578e-04 
7.493266e-03 -3.596819e-02 
2.854221e-02 -1.164395e-01 
-1.988874e-02 -1.858934e-01 
-5.175981e-02 -2.066389e-01 
-5.907078e-02 -1.972276e-01 
-2.474214e-02 -1.865554e-01 
2.593761e-03 -1.647997e-01 
3.138413e-02 -1.045858e-01 
1.512852e-02 1.181477e-02 
-5.873135e-03 1.041146e-01 
-1.995039e-02 1.418701e-01 
-1.671988e-02 8.346459e-02 
9.443369e-02 -3.091644e-02 
1.353854e-02 -8.351494e-02 
-4.206700e-02 -1.520215e-01 
-1.095176e-01 -2.216172e-01 
-6.300428e-02 -2.488069e-01 
-2.987545e-02 -2.201636e-01 
-5.466299e-04 -1.450667e-01 
6.796906e-03 -4.552102e-02 
-1.021053e-03 1.909313e-02 
-6.820012e-03 4.268191e-02 
-5.115044e-04 2.579145e-03 
1.935190e-01 -1.128537e-01 
-1.098818e-02 -2.400878e-01 
-1.071512e-01 -3.646130e-01 
-1.708806e-01 -4.168896e-01 
-8.450323e-02 -3.907206e-01 
-2.956810e-02 -2.968878e-01 
9.098075e-03 -1.595652e-01 
7.947698e-03 -2.082177e-02 
-4.564404e-03 5.562573e-02 
-1.141217e-02 7.398826e-02 
-1.649668e-03 8.551744e-03 
1.691813e-01 -9.703060e-02 
-3.359718e-02 -2.401432e-01 
-1.041567e-01 -3.530051e-01 
-1.174292e-01 -3.697842e-01 
-4.725076e-02 -3.188670e-01 
6.342343e-05 -2.212442e-01 
3.256834e-02 -8.741064e-02 
9.823943e-03 4.045664e-02 
-8.842738e-03 1.140425e-01 
-1.834187e-02 1.303110e-01 
-1.184544e-02 6.250436e-02 
2.938952e-01 -8.086545e-02 
-3.099331e-02 -2.429298e-01 
-1.323855e-01 -4.010363e-01 
-1.723561e-01 -4.395437e-01 
-7.941828e-02 -3.810831e-01 
-2.520812e-02 -2.536025e-01 
4.057904e-03 -9.478967e-02 
2.760743e-05 1.698261e-02 
-7.523854e-03 5.507617e-02 
-7.240262e-03 3.561573e-02 
1.022891e-02 -5.493402e-02 
3.356790e-01 -9.682392e-02 
-5.943680e-02 -3.089310e-01 
-1.642058e-01 -5.003723e-01 
-1.684499e-01 -5.223742e-01 
-6.464647e-02 -4.254152e-01 
-1.612044e-03 -2.630523e-01 
3.221807e-02 -7.194008e-02 
5.345127e-03 6.499839e-02 
-1.160434e-02 1.240168e-01 
-1.736943e-02 1.200006e-01 
-6.276115e-03 3.426537e-02 
3.696478e-01 -5.962288e-02 
-6.537469e-02 -2.949094e-01 
-1.709681e-01 -5.020902e-01 
-1.627212e-01 -5.112793e-01 
-5.956431e-02 -3.932072e-01 
-1.065079e-03 -2.104600e-01 
2.156974e-02 -1.191983e-02 
-3.167423e-03 9.365476e-02 
-1.385528e-02 1.135457e-01 
-1.196463e-02 6.950817e-02 
8.899516e-03 -4.933029e-02 
4.720959e-01 -4.097375e-02 
-8.396860e-02 -3.152470e-01 
-2.044990e-01 -5.723046e-01 
-1.864144e-01 -5.913305e-01 
-6.575974e-02 -4.507742e-01 
1.058220e-03 -2.365075e-01 
2.584166e-02 -9.349432e-03 
-3.516927e-03 1.048313e-01 
-1.492247e-02 1.252746e-01 
-1.320247e-02 8.056807e-02 
6.859497e-03 -3.856579e-02 
4.815307e-01 -2.040786e-02 
-9.688318e-02 -3.375458e-01 
-2.186614e-01 -6.129886e-01 
-1.716849e-01 -5.996035e-01 
-5.138481e-02 -4.180764e-01 
1.128952e-02 -1.758796e-01 
2.586923e-02 5.558853e-02 
-7.816728e-03 1.383874e-01 
-1.678993e-02 1.324335e-01 
-1.181901e-02 6.741733e-02 
1.138318e-02 -6.452186e-02 
5.391354e-01 4.061142e-02 
-1.141408e-01 -3.218073e-01 
-2.327033e-01 -6.348136e-01 
-1.714445e-01 -6.221458e-01 
-4.631536e-02 -4.219794e-01 
1.673867e-02 -1.570233e-01 
2.647807e-02 9.140138e-02 
-1.128308e-02 1.614676e-01 
-1.872291e-02 1.427743e-01 
-1.147536e-02 6.305254e-02 
1.474283e-02 -8.492123e-02 
5.822166e-01 5.134001e-02 
-1.193960e-01 -3.470287e-01 
-2.612139e-01 -6.901122e-01 
-1.788576e-01 -6.563903e-01 
-4.621537e-02 -4.242507e-01 
1.651310e-02 -1.456750e-01 
2.530457e-02 8.313849e-02 
-5.386012e-03 1.117521e-01 
-1.142966e-02 9.745196e-02 
-9.529056e-03 6.260575e-02 
-6.051673e-05 3.443203e-04 
5.277957e-01 1.461435e-01 
-1.554757e-01 -3.628613e-01 
-2.495811e-01 -7.254624e-01 
-1.219329e-01 -6.060267e-01 
-4.514128e-03 -2.784555e-01 
3.737954e-02 7.382863e-02 
8.127037e-03 3.282170e-01 
-3.144250e-02 2.713922e-01 
-2.209984e-02 1.233300e-01 
2.389542e-03 -5.401038e-02 
4.148980e-02 -2.391006e-01 
7.811355e-01 9.609184e-02 
-1.253053e-01 -3.474673e-01 
-3.503589e-01 -8.051677e-01 
-2.495543e-01 -8.825053e-01 
-7.605595e-02 -6.935718e-01 
2.499719e-02 -3.596915e-01 
5.313687e-02 5.340231e-02 
-2.057908e-02 2.847119e-01 
-3.860075e-02 2.894259e-01 
-2.463388e-02 1.430656e-01 
2.390065e-02 -1.382502e-01 
