poroelastic
-1.831291e-03 -3.848129e-02 
-3.556671e-03 -6.977688e-02 
-6.936076e-03 -9.973418e-02 
-4.968370e-03 -1.005345e-01 
-2.302252e-04 -6.920146e-02 
1.716102e-03 -2.960066e-02 
7.022813e-04 1.801324e-02 
-2.531214e-03 5.094155e-02 
-1.857566e-03 4.098782e-02 
-1.717375e-04 6.433713e-03 
1.951566e-03 -4.578614e-02 
7.606773e-03 -5.721956e-02 
-5.371096e-03 -1.032800e-01 
-7.238860e-03 -1.215713e-01 
-3.032773e-03 -9.437432e-02 
8.355846e-04 -4.485771e-02 
1.458811e-03 1.030528e-02 
-1.505623e-03 6.206550e-02 
-3.633487e-03 7.799074e-02 
-2.031391e-03 4.993784e-02 
8.587169e-04 -1.286517e-02 
4.522462e-03 -1.092237e-01 
7.950430e-03 -1.515389e-02 
-2.832537e-03 -5.259778e-02 
-3.979293e-03 -7.366794e-02 
-9.487729e-04 -6.425556e-02 
1.429181e-03 -3.552330e-02 
2.170456e-03 3.364236e-03 
1.753893e-04 4.123125e-02 
-2.422645e-03 4.907436e-02 
-1.783341e-03 3.996743e-02 
-3.928232e-04 1.172708e-02 
1.828829e-03 -4.424777e-02 
4.041272e-02 -2.216013e-02 
-4.171900e-03 -8.050508e-02 
-9.388833e-03 -1.227155e-01 
-7.923297e-03 -1.268260e-01 
-1.500149e-03 -1.017452e-01 
1.632456e-03 -5.892001e-02 
1.727850e-03 -6.781208e-03 
-1.226543e-03 2.291110e-02 
-1.536549e-03 3.250769e-02 
-1.067621e-03 2.531178e-02 
4.551487e-04 -1.123490e-02 
1.581697e-02 -2.638293e-04 
-2.668817e-03 -4.931156e-02 
-4.628945e-03 -8.637060e-02 
-1.179897e-03 -8.854261e-02 
2.112911e-03 -5.951957e-02 
4.008556e-03 -2.013318e-02 
2.794841e-03 2.383576e-02 
-2.651076e-03 4.895293e-02 
-2.450223e-03 5.006737e-02 
-1.732614e-03 3.898257e-02 
-5.703603e-04 1.418890e-02 
2.771807e-02 2.838083e-02 
-4.497805e-04 -9.075138e-03 
-4.535783e-03 -5.012357e-02 
-4.797263e-03 -6.873504e-02 
-1.186061e-03 -5.121196e-02 
2.248505e-04 -2.548321e-02 
1.401900e-06 2.554426e-03 
-7.859720e-04 1.695604e-02 
-3.925030e-04 1.005254e-02 
2.636834e-04 -4.663552e-03 
7.666957e-04 -1.929603e-02 
-3.021670e-03 4.645615e-02 
5.179414e-04 9.382891e-03 
-1.463259e-03 -2.684218e-02 
-6.595121e-04 -4.598110e-02 
1.037267e-03 -2.774784e-02 
1.654695e-03 3.539838e-04 
3.702842e-04 2.685602e-02 
-1.668701e-03 3.344939e-02 
-1.154031e-03 2.591451e-02 
-2.662924e-04 7.717373e-03 
7.507454e-04 -1.902078e-02 
-1.366885e-02 7.501622e-02 
1.766284e-03 3.168475e-02 
-6.238278e-04 -7.208481e-03 
-9.566934e-04 -3.851777e-02 
5.884402e-04 -2.963006e-02 
1.335847e-03 -6.704839e-03 
4.940959e-04 1.708994e-02 
-1.155879e-03 2.256549e-02 
-1.006502e-03 2.206355e-02 
-4.651677e-04 1.197169e-02 
5.492007e-04 -1.393186e-02 
2.081232e-03 1.027595e-01 
2.160513e-03 4.086115e-02 
-2.825079e-03 -1.796787e-02 
-3.779528e-03 -6.918697e-02 
-3.819862e-04 -6.910567e-02 
1.977981e-03 -5.071849e-02 
2.757931e-03 -2.079009e-02 
-5.655894e-04 6.080309e-03 
-1.240134e-03 2.216058e-02 
-1.574825e-03 3.349282e-02 
-1.513282e-03 3.826900e-02 
-3.851529e-02 1.210604e-01 
3.683675e-03 6.379667e-02 
6.220706e-05 8.792708e-03 
-1.044035e-03 -3.994868e-02 
5.805357e-04 -3.982445e-02 
1.979953e-03 -2.889155e-02 
2.343509e-03 -1.009470e-02 
-7.306809e-04 1.041117e-02 
-9.572256e-04 1.630211e-02 
-1.203535e-03 2.424993e-02 
-1.809519e-03 4.515084e-02 
-7.811700e-02 1.261232e-01 
5.336824e-03 8.098179e-02 
3.158237e-03 3.773680e-02 
1.065808e-03 -7.842913e-03 
1.050919e-03 -1.231496e-02 
1.457786e-03 -4.728313e-03 
1.027129e-03 9.192737e-03 
-1.046058e-03 1.907266e-02 
-8.259144e-04 1.609309e-02 
-5.687245e-04 1.188221e-02 
-5.932211e-04 1.458230e-02 
-8.573736e-02 1.558908e-01 
7.761981e-03 1.258051e-01 
3.109124e-03 8.400507e-02 
-1.370452e-03 2.164599e-02 
-1.371450e-03 -7.105016e-03 
-1.098037e-03 -1.361966e-02 
-7.430870e-04 -1.133708e-02 
9.244609e-04 -1.717000e-02 
6.640387e-04 -1.267189e-02 
4.094891e-04 -8.056387e-03 
6.415915e-04 -1.514984e-02 
-1.416492e-01 1.540659e-01 
9.136772e-03 1.115207e-01 
7.182983e-03 7.061584e-02 
2.345662e-03 2.150620e-02 
1.227059e-03 1.186531e-03 
1.244093e-03 4.812622e-03 
7.757887e-04 1.283721e-02 
-2.411315e-04 3.470782e-03 
-7.871595e-04 1.486324e-02 
-1.255863e-03 2.672879e-02 
-7.079831e-04 1.636237e-02 
-3.183836e-02 1.542936e-01 
3.853193e-03 6.685867e-02 
-3.750687e-03 -5.257148e-03 
-2.104054e-03 -4.578189e-02 
5.732729e-05 -5.253253e-02 
1.343318e-03 -4.031434e-02 
1.699043e-03 -1.932701e-02 
1.672471e-04 -5.384252e-03 
-6.895822e-04 1.206282e-02 
-1.336610e-03 2.737710e-02 
-1.211129e-03 2.736273e-02 
