poroelastic
1.752378e-02 -1.153143e-01 
-1.338549e-02 -2.626636e-01 
-9.141669e-02 -4.086852e-01 
-1.340069e-01 -4.729912e-01 
-5.532515e-02 -3.941842e-01 
-1.446731e-02 -2.518851e-01 
3.784146e-03 -8.670799e-02 
-3.614734e-03 3.789394e-02 
-8.596386e-03 6.399135e-02 
-4.887339e-03 2.349906e-02 
1.421135e-02 -9.374731e-02 
1.944577e-02 -1.637002e-01 
-4.063086e-02 -2.915025e-01 
-7.000423e-02 -3.501779e-01 
-4.853992e-02 -3.029817e-01 
-6.704735e-03 -1.958313e-01 
1.481222e-02 -6.564735e-02 
1.533752e-02 6.940817e-02 
-1.090818e-02 1.451128e-01 
-1.670372e-02 1.394186e-01 
-9.990929e-03 6.069795e-02 
1.748593e-02 -1.187468e-01 
7.983321e-02 -8.193309e-02 
-2.486316e-02 -2.055022e-01 
-7.184360e-02 -3.051413e-01 
-8.060251e-02 -3.222188e-01 
-3.001357e-02 -2.519063e-01 
-4.136355e-03 -1.400543e-01 
3.794849e-03 -1.549250e-02 
-5.423819e-03 5.776635e-02 
-8.655189e-03 6.594372e-02 
-4.333944e-03 2.043863e-02 
1.407950e-02 -9.598696e-02 
1.458192e-01 -1.162264e-01 
-4.198098e-02 -2.974405e-01 
-1.031321e-01 -4.360652e-01 
-1.013124e-01 -4.412694e-01 
-3.442776e-02 -3.387727e-01 
7.651413e-04 -1.858078e-01 
1.175233e-02 -1.460746e-02 
-6.583239e-03 9.173557e-02 
-1.261983e-02 1.075750e-01 
-8.234847e-03 5.264986e-02 
1.320952e-02 -9.188895e-02 
1.468817e-01 -6.657804e-02 
-4.363637e-02 -2.634676e-01 
-9.208956e-02 -4.054563e-01 
-7.397020e-02 -3.982993e-01 
-1.740895e-02 -2.827712e-01 
1.283918e-02 -1.229716e-01 
1.773578e-02 4.658271e-02 
-9.472071e-03 1.363319e-01 
-1.560466e-02 1.379246e-01 
-1.018829e-02 6.962249e-02 
1.236696e-02 -8.694183e-02 
2.427885e-01 -3.094623e-02 
-4.364430e-02 -2.537852e-01 
-1.111194e-01 -4.359649e-01 
-1.054010e-01 -4.529786e-01 
-3.603971e-02 -3.416505e-01 
-1.140062e-03 -1.745641e-01 
6.925314e-03 5.776319e-03 
-8.857897e-03 9.926775e-02 
-1.236444e-02 9.910996e-02 
-5.582052e-03 2.841371e-02 
1.806228e-02 -1.285699e-01 
2.542429e-01 3.974874e-03 
-5.020120e-02 -2.607933e-01 
-1.139771e-01 -4.682686e-01 
-9.190649e-02 -4.803570e-01 
-2.323866e-02 -3.498858e-01 
1.379915e-02 -1.618185e-01 
2.120510e-02 3.939271e-02 
-9.482313e-03 1.446447e-01 
-1.661576e-02 1.519434e-01 
-1.161141e-02 8.465308e-02 
1.035751e-02 -7.451938e-02 
2.895846e-01 7.436274e-02 
-4.397964e-02 -2.108129e-01 
-1.136007e-01 -4.393363e-01 
-9.510943e-02 -4.604795e-01 
-2.727540e-02 -3.310386e-01 
6.805799e-03 -1.428423e-01 
1.067951e-02 5.146865e-02 
-1.138962e-02 1.345609e-01 
-1.457446e-02 1.216204e-01 
-6.585997e-03 3.778405e-02 
1.802311e-02 -1.308317e-01 
3.379974e-01 1.281174e-01 
-4.825730e-02 -2.024991e-01 
-1.244262e-01 -4.724895e-01 
-1.011176e-01 -5.100189e-01 
-2.722968e-02 -3.743698e-01 
1.165824e-02 -1.711771e-01 
1.844874e-02 4.400961e-02 
-1.048558e-02 1.451144e-01 
-1.619833e-02 1.453885e-01 
-1.004696e-02 7.154287e-02 
1.243995e-02 -9.110569e-02 
3.263925e-01 1.993312e-01 
-4.104828e-02 -1.623639e-01 
-1.197963e-01 -4.488762e-01 
-9.216071e-02 -4.814494e-01 
-2.296284e-02 -3.367128e-01 
1.152014e-02 -1.294122e-01 
1.320656e-02 7.741777e-02 
-1.250908e-02 1.526818e-01 
-1.553084e-02 1.328301e-01 
-7.228770e-03 4.505607e-02 
1.676407e-02 -1.231646e-01 
3.423840e-01 2.831926e-01 
-4.177745e-02 -1.272766e-01 
-1.220237e-01 -4.461511e-01 
-9.152155e-02 -4.914378e-01 
-2.151038e-02 -3.457886e-01 
1.368102e-02 -1.330886e-01 
1.553779e-02 8.056573e-02 
-1.243649e-02 1.567981e-01 
-1.603960e-02 1.405348e-01 
-8.291419e-03 5.593523e-02 
1.493526e-02 -1.106213e-01 
3.502720e-01 3.482638e-01 
-3.179940e-02 -9.261316e-02 
-1.268095e-01 -4.423530e-01 
-9.416073e-02 -4.956478e-01 
-2.332983e-02 -3.485356e-01 
1.173568e-02 -1.381244e-01 
1.493017e-02 6.239167e-02 
-8.698173e-03 1.205283e-01 
-1.228634e-02 1.105742e-01 
-7.536978e-03 5.506857e-02 
7.698489e-03 -5.638042e-02 
2.507573e-01 4.433393e-01 
-3.675085e-02 -8.090863e-02 
-1.098706e-01 -4.298513e-01 
-6.201497e-02 -4.299794e-01 
-4.384748e-03 -2.382226e-01 
1.837083e-02 1.160888e-03 
4.388201e-03 2.042569e-01 
-2.060068e-02 2.114406e-01 
-1.650305e-02 1.261856e-01 
-1.305827e-03 -1.267291e-02 
2.771431e-02 -2.042531e-01 
4.323719e-01 4.758082e-01 
-1.401832e-02 -1.846892e-02 
-1.549692e-01 -4.597322e-01 
-1.203263e-01 -5.991997e-01 
-3.566085e-02 -4.941274e-01 
1.373065e-02 -2.732145e-01 
2.686994e-02 9.887471e-03 
-1.234442e-02 1.794700e-01 
-2.229714e-02 2.006416e-01 
-1.509270e-02 1.116648e-01 
1.356126e-02 -9.927630e-02 
