poroelastic
-1.145364e-01 -1.264699e-02 
-9.757626e-02 9.668710e-02 
2.593471e-03 2.339609e-01 
1.916817e-01 3.050380e-01 
1.331533e-01 3.305310e-01 
9.137644e-02 2.744189e-01 
6.734366e-02 2.194120e-01 
2.377447e-02 1.687576e-01 
2.578878e-03 1.159844e-01 
-4.399312e-03 9.020225e-02 
-1.531174e-02 9.484083e-02 
-2.143335e-02 9.152248e-02 
1.260304e-02 1.270287e-01 
2.065464e-02 9.047256e-02 
2.022370e-02 2.393190e-02 
1.708410e-02 4.600239e-02 
2.053335e-02 1.308445e-01 
4.444427e-04 1.976700e-01 
-2.340463e-02 1.629921e-01 
-2.309889e-02 5.344946e-02 
-4.258143e-03 -1.132308e-01 
4.905879e-02 -3.135952e-01 
-8.332587e-02 9.120523e-03 
-3.566146e-02 1.397021e-02 
-9.065391e-03 1.928030e-02 
6.802823e-02 4.102634e-02 
6.337755e-02 1.269138e-01 
5.864116e-02 2.005377e-01 
3.623827e-02 2.329108e-01 
-1.475535e-03 1.738640e-01 
-9.980001e-03 8.274385e-02 
-3.502752e-03 -1.149147e-02 
1.510271e-02 -9.715379e-02 
-2.104083e-01 9.923673e-02 
-2.309754e-02 1.829825e-01 
6.283823e-02 2.631019e-01 
1.652379e-01 2.869052e-01 
1.064611e-01 3.130394e-01 
6.574617e-02 2.830825e-01 
2.749336e-02 2.126138e-01 
-7.776836e-04 9.845725e-02 
-2.431063e-03 2.179185e-02 
1.078651e-03 -1.439477e-02 
1.519700e-03 -9.951634e-03 
-1.720557e-01 1.151021e-01 
1.663212e-02 2.078557e-01 
7.579740e-02 2.575305e-01 
1.098804e-01 2.302687e-01 
6.480939e-02 2.321002e-01 
3.462596e-02 2.295100e-01 
-3.035210e-03 1.894850e-01 
-1.676667e-02 8.741060e-02 
-9.937304e-03 -8.931351e-03 
3.605611e-03 -1.017036e-01 
2.574010e-02 -1.711131e-01 
-2.927209e-01 1.155781e-01 
9.001977e-03 2.171377e-01 
1.001401e-01 3.098537e-01 
1.689612e-01 3.127784e-01 
1.009190e-01 3.146962e-01 
5.646332e-02 2.671928e-01 
1.807879e-02 1.744118e-01 
-1.330351e-03 5.636634e-02 
4.520932e-04 -5.205665e-03 
2.456781e-03 -1.603927e-02 
-2.684273e-03 1.814413e-02 
-3.553961e-01 1.524942e-01 
4.180738e-02 2.877242e-01 
1.459993e-01 4.133525e-01 
1.864761e-01 4.083798e-01 
9.714302e-02 3.699614e-01 
3.966086e-02 2.804311e-01 
-4.509818e-03 1.463226e-01 
-7.344383e-03 2.686394e-03 
1.587626e-03 -6.059336e-02 
6.744252e-03 -6.941449e-02 
3.286972e-03 -2.250246e-02 
-3.830614e-01 1.544039e-01 
5.986080e-02 3.045542e-01 
1.658116e-01 4.421317e-01 
1.830850e-01 4.279460e-01 
8.955146e-02 3.714439e-01 
2.932660e-02 2.644446e-01 
-1.275845e-02 1.114265e-01 
-6.341482e-03 -3.426853e-02 
4.665455e-03 -8.944344e-02 
8.732960e-03 -7.990304e-02 
7.025482e-05 -4.900176e-04 
-4.944771e-01 1.655636e-01 
8.264939e-02 3.307833e-01 
2.083683e-01 5.151494e-01 
2.187321e-01 5.173280e-01 
1.001620e-01 4.312109e-01 
2.762717e-02 2.702753e-01 
-1.276653e-02 6.647482e-02 
7.742224e-04 -8.996818e-02 
1.064536e-02 -1.155848e-01 
8.511554e-03 -5.227897e-02 
-1.260003e-02 8.928062e-02 
-5.080520e-01 1.875929e-01 
1.115312e-01 3.808478e-01 
2.394423e-01 5.793671e-01 
2.082625e-01 5.497311e-01 
8.213078e-02 4.130885e-01 
9.533626e-03 2.178614e-01 
-2.179153e-02 4.960126e-04 
3.079103e-03 -1.349099e-01 
1.317366e-02 -1.386886e-01 
9.563254e-03 -5.904680e-02 
-1.471511e-02 1.051646e-01 
-6.000099e-01 1.756689e-01 
1.390919e-01 3.763525e-01 
2.700665e-01 6.142832e-01 
2.245380e-01 6.008238e-01 
8.469087e-02 4.555297e-01 
4.696698e-03 2.350561e-01 
-2.715696e-02 -1.134996e-02 
4.468508e-03 -1.507170e-01 
1.499162e-02 -1.590590e-01 
1.084055e-02 -7.391306e-02 
-1.436978e-02 1.055691e-01 
-5.913271e-01 2.019003e-01 
1.616261e-01 4.366844e-01 
3.062557e-01 6.941719e-01 
2.158331e-01 6.465451e-01 
6.501293e-02 4.290304e-01 
-1.303883e-02 1.548978e-01 
-3.013439e-02 -9.694048e-02 
8.251490e-03 -1.766599e-01 
1.462898e-02 -1.425705e-01 
7.882701e-03 -5.009593e-02 
-1.271351e-02 9.150462e-02 
-6.581622e-01 1.929080e-01 
2.311856e-01 4.712891e-01 
3.330519e-01 7.738561e-01 
1.857197e-01 6.631122e-01 
3.100513e-02 3.491383e-01 
-3.538248e-02 -5.821218e-03 
-1.980203e-02 -3.113086e-01 
3.012012e-02 -3.545778e-01 
2.748065e-02 -2.013846e-01 
2.171794e-03 5.433755e-02 
-5.184884e-02 3.806524e-01 
-7.730099e-01 2.402731e-01 
1.799340e-01 4.578124e-01 
4.215968e-01 7.965332e-01 
3.120496e-01 8.807574e-01 
1.126005e-01 7.368605e-01 
-1.424481e-02 4.326049e-01 
-6.496670e-02 -4.790998e-04 
1.882983e-02 -3.284835e-01 
3.765370e-02 -3.645739e-01 
2.455723e-02 -1.846967e-01 
-2.638367e-02 2.004613e-01 
