poroelastic
-1.447906e-02 -2.081118e-01 
-3.599990e-02 -3.538855e-01 
-6.113831e-02 -4.064338e-01 
-5.091037e-02 -3.272289e-01 
-1.657171e-02 -1.904320e-01 
-2.998883e-03 -5.167694e-02 
-3.005104e-03 4.770580e-02 
-3.733083e-03 6.029119e-02 
-2.592528e-03 3.250242e-02 
7.120332e-04 -2.868018e-02 
8.548916e-03 -1.357844e-01 
-1.860310e-03 -1.368482e-01 
-3.057850e-02 -2.449766e-01 
-2.901583e-02 -2.397310e-01 
5.716258e-04 -1.110736e-01 
1.063835e-02 1.323827e-02 
1.114353e-02 1.082007e-01 
1.950787e-03 1.419220e-01 
-3.876056e-03 8.326427e-02 
-2.110310e-03 3.356876e-02 
3.713972e-04 -1.351004e-02 
3.959710e-03 -6.381051e-02 
5.446370e-02 -6.599458e-02 
-2.449236e-02 -2.171505e-01 
-4.364674e-02 -2.767977e-01 
-3.319113e-02 -2.076029e-01 
-1.063424e-02 -1.102477e-01 
-3.020158e-03 -1.760805e-02 
-4.232386e-03 3.557177e-02 
-1.331638e-03 1.034590e-02 
2.129850e-04 -1.283519e-02 
1.659145e-03 -3.503890e-02 
3.670031e-03 -5.903322e-02 
6.749413e-02 -3.435047e-02 
-2.885704e-02 -2.398279e-01 
-4.703837e-02 -3.262138e-01 
-2.472991e-02 -2.379715e-01 
-1.734542e-03 -1.110355e-01 
7.100199e-03 1.507736e-02 
2.798445e-03 1.040031e-01 
-4.502058e-03 9.584031e-02 
-3.406681e-03 5.792800e-02 
-3.728319e-04 -1.058388e-03 
5.385792e-03 -8.763644e-02 
9.884074e-02 4.930979e-02 
-2.418804e-02 -1.970672e-01 
-4.885668e-02 -3.198078e-01 
-3.073661e-02 -2.517015e-01 
-5.583385e-03 -1.314351e-01 
4.395306e-03 -4.485270e-03 
9.680337e-04 9.138021e-02 
-4.606791e-03 9.000856e-02 
-3.251742e-03 5.263875e-02 
1.375969e-04 -1.069347e-02 
6.556068e-03 -1.066910e-01 
1.237253e-01 1.316225e-01 
-1.978835e-02 -1.618039e-01 
-5.166522e-02 -3.265414e-01 
-3.555035e-02 -2.779014e-01 
-7.757160e-03 -1.582960e-01 
4.102663e-03 -2.162840e-02 
1.262071e-03 9.067939e-02 
-5.230223e-03 1.013133e-01 
-3.874135e-03 6.364839e-02 
1.831296e-05 -8.692404e-03 
7.499269e-03 -1.226568e-01 
1.214949e-01 2.359892e-01 
-1.383589e-02 -1.078453e-01 
-5.012217e-02 -3.143602e-01 
-3.465635e-02 -2.884201e-01 
-6.488638e-03 -1.708940e-01 
6.534095e-03 -2.609811e-02 
3.512895e-03 1.018850e-01 
-6.335002e-03 1.252768e-01 
-5.182665e-03 8.762693e-02 
-7.374499e-04 4.904827e-03 
8.061506e-03 -1.316298e-01 
1.384629e-01 3.465582e-01 
-6.131879e-03 -4.685246e-02 
-5.185831e-02 -3.007553e-01 
-4.164572e-02 -3.053230e-01 
-1.106019e-02 -1.971805e-01 
3.448687e-03 -5.045440e-02 
1.583402e-03 8.729564e-02 
-6.430611e-03 1.203042e-01 
-5.106105e-03 8.399956e-02 
-2.146786e-04 -4.579237e-03 
9.569443e-03 -1.558515e-01 
1.095147e-01 4.656823e-01 
7.901842e-04 1.210156e-02 
-4.969528e-02 -2.864435e-01 
-3.951247e-02 -3.146580e-01 
-8.983560e-03 -2.079723e-01 
6.501501e-03 -5.341399e-02 
4.485915e-03 9.768827e-02 
-7.377908e-03 1.410818e-01 
-6.385317e-03 1.068822e-01 
-1.212502e-03 1.352425e-02 
9.305230e-03 -1.505611e-01 
1.031469e-01 5.826155e-01 
8.478228e-03 7.153682e-02 
-5.125900e-02 -2.733687e-01 
-4.357238e-02 -3.240040e-01 
-1.174397e-02 -2.230097e-01 
4.367664e-03 -6.655299e-02 
2.771978e-03 9.088289e-02 
-7.529830e-03 1.378804e-01 
-6.282645e-03 1.021566e-01 
-6.850040e-04 3.894275e-03 
1.062513e-02 -1.694977e-01 
5.512020e-02 7.075105e-01 
1.433521e-02 1.243482e-01 
-4.983998e-02 -2.626211e-01 
-4.074990e-02 -3.284774e-01 
-9.570606e-03 -2.289113e-01 
6.859795e-03 -6.880039e-02 
5.201084e-03 9.683582e-02 
-8.114089e-03 1.505795e-01 
-7.195996e-03 1.174629e-01 
-1.592094e-03 1.970879e-02 
9.866779e-03 -1.555661e-01 
3.346936e-02 8.097464e-01 
2.277748e-02 1.804641e-01 
-5.203081e-02 -2.518071e-01 
-4.346972e-02 -3.374423e-01 
-1.141177e-02 -2.436092e-01 
5.557782e-03 -8.468656e-02 
4.936912e-03 8.022875e-02 
-7.249152e-03 1.321141e-01 
-6.578701e-03 1.043025e-01 
-1.594869e-03 1.994387e-02 
8.527489e-03 -1.300937e-01 
-9.356319e-02 9.189398e-01 
2.665914e-02 2.064709e-01 
-4.287635e-02 -2.379445e-01 
-2.775939e-02 -2.930713e-01 
-2.194800e-03 -1.772829e-01 
9.796092e-03 -6.252017e-03 
3.028792e-03 1.596922e-01 
-1.073133e-02 1.884570e-01 
-8.068473e-03 1.233526e-01 
-3.541238e-04 -4.282060e-03 
1.347753e-02 -2.025397e-01 
-3.084020e-02 9.943711e-01 
4.617856e-02 3.239598e-01 
-5.543841e-02 -2.023717e-01 
-4.941863e-02 -3.713848e-01 
-1.546783e-02 -3.246115e-01 
5.999235e-03 -1.757647e-01 
1.006872e-02 3.018571e-02 
-8.006095e-03 1.513541e-01 
-9.687761e-03 1.521906e-01 
-4.598957e-03 6.491684e-02 
8.576749e-03 -1.258709e-01 
