poroelastic
-2.290316e-02 1.168517e-02 
-1.231483e-02 7.485204e-02 
3.275819e-02 1.672694e-01 
8.021695e-02 2.272943e-01 
4.796089e-02 2.260615e-01 
2.726764e-02 1.782181e-01 
1.214830e-02 1.015985e-01 
1.831261e-03 3.619768e-02 
2.852593e-04 2.101052e-02 
-9.565409e-04 2.698035e-02 
-3.331686e-03 3.755543e-02 
-3.978980e-02 1.347096e-01 
2.349762e-02 2.398480e-01 
6.351716e-02 3.024469e-01 
7.314058e-02 2.791818e-01 
3.419268e-02 2.205270e-01 
1.125057e-02 1.380215e-01 
-2.051943e-03 3.411082e-02 
1.083433e-03 -5.407483e-02 
4.075303e-03 -6.172296e-02 
2.835714e-03 -1.808927e-02 
-6.826591e-03 7.805721e-02 
-4.207674e-02 5.505238e-02 
9.881549e-03 1.037194e-01 
3.351174e-02 1.489823e-01 
4.367794e-02 1.638840e-01 
2.226381e-02 1.489936e-01 
7.220708e-03 1.096766e-01 
-4.009687e-03 4.212946e-02 
-8.278556e-04 -2.978931e-02 
2.195608e-03 -4.789911e-02 
2.467106e-03 -3.097731e-02 
-1.639554e-03 1.875201e-02 
-1.256052e-01 5.053855e-02 
1.552303e-03 1.022973e-01 
5.175901e-02 1.900296e-01 
9.262109e-02 2.600030e-01 
5.467236e-02 2.716105e-01 
2.980366e-02 2.302044e-01 
9.014183e-03 1.355440e-01 
4.587208e-04 2.345054e-02 
1.624153e-03 -1.288332e-02 
1.130636e-03 -5.874153e-04 
-5.167765e-03 5.967546e-02 
-1.067080e-01 5.686818e-02 
1.195191e-02 1.064638e-01 
4.845188e-02 1.880652e-01 
6.613639e-02 2.520552e-01 
3.403065e-02 2.507023e-01 
8.281010e-03 1.964908e-01 
-1.230036e-02 8.084181e-02 
-2.083672e-03 -5.886457e-02 
4.616550e-03 -1.043292e-01 
5.968627e-03 -8.317714e-02 
-9.884531e-04 1.144554e-02 
-1.561440e-01 3.149886e-02 
9.252232e-04 5.269220e-02 
4.613225e-02 1.405539e-01 
8.152117e-02 2.406005e-01 
4.774678e-02 2.676019e-01 
2.195512e-02 2.309726e-01 
-2.070042e-04 1.230261e-01 
-2.362211e-04 -1.715482e-02 
3.818163e-03 -6.216970e-02 
3.660070e-03 -3.867672e-02 
-5.202215e-03 6.062521e-02 
-1.795421e-01 3.328978e-02 
2.472378e-03 4.323273e-02 
4.901789e-02 1.404444e-01 
8.378801e-02 2.622072e-01 
4.779245e-02 2.962317e-01 
1.822413e-02 2.558994e-01 
-7.249707e-03 1.308747e-01 
-1.059562e-03 -3.540986e-02 
5.106090e-03 -9.342142e-02 
5.733437e-03 -7.245154e-02 
-3.309139e-03 3.859660e-02 
-1.777353e-01 2.372951e-02 
-9.960534e-04 1.410742e-02 
4.361095e-02 1.097079e-01 
7.817486e-02 2.507150e-01 
4.476390e-02 2.962454e-01 
1.456349e-02 2.613996e-01 
-1.192653e-02 1.324776e-01 
-1.261156e-03 -4.671510e-02 
6.138212e-03 -1.126802e-01 
7.123155e-03 -9.364490e-02 
-2.117946e-03 2.477054e-02 
-2.117912e-01 1.911008e-02 
-4.711170e-03 -1.695031e-02 
4.330570e-02 8.044885e-02 
8.470367e-02 2.431868e-01 
4.997144e-02 3.011754e-01 
1.957409e-02 2.720748e-01 
-7.233583e-03 1.439968e-01 
-1.255290e-04 -3.639696e-02 
6.159537e-03 -9.842184e-02 
6.004696e-03 -7.214488e-02 
-4.905877e-03 5.732672e-02 
-1.864683e-01 2.490330e-02 
-5.522598e-03 -2.704019e-02 
3.754209e-02 6.216021e-02 
7.359125e-02 2.327422e-01 
4.233125e-02 2.940521e-01 
1.153328e-02 2.637908e-01 
-1.481889e-02 1.262923e-01 
5.567071e-04 -6.778015e-02 
8.443019e-03 -1.339558e-01 
8.187344e-03 -1.013095e-01 
-4.254919e-03 4.939631e-02 
-2.321483e-01 2.208812e-02 
-8.835851e-03 -6.224591e-02 
3.967068e-02 3.277443e-02 
8.438909e-02 2.364892e-01 
5.045312e-02 3.212215e-01 
1.735002e-02 3.058742e-01 
-1.353777e-02 1.739247e-01 
-1.162911e-03 -3.009619e-02 
7.217765e-03 -1.147424e-01 
8.299488e-03 -1.056761e-01 
-1.479216e-03 1.717086e-02 
-1.588246e-01 2.677533e-02 
-1.257310e-02 -6.755789e-02 
2.655052e-02 6.291094e-03 
6.208342e-02 1.918794e-01 
3.558080e-02 2.554768e-01 
8.257373e-03 2.245046e-01 
-1.272782e-02 8.961539e-02 
3.947012e-03 -9.125906e-02 
9.934521e-03 -1.337035e-01 
6.791994e-03 -7.453785e-02 
-8.794084e-03 9.949275e-02 
-2.435682e-01 8.143604e-02 
3.361269e-03 -3.886339e-02 
4.309293e-02 4.199537e-02 
7.386579e-02 2.401531e-01 
4.039016e-02 3.111668e-01 
7.402564e-03 2.709106e-01 
-1.719126e-02 1.010531e-01 
5.820320e-03 -1.268546e-01 
1.377983e-02 -1.836095e-01 
9.388161e-03 -1.024328e-01 
-1.276191e-02 1.443461e-01 
-1.759359e-01 2.088420e-02 
-2.853561e-02 -1.291557e-01 
2.206141e-02 -7.601704e-02 
6.863512e-02 1.503975e-01 
4.502502e-02 2.678400e-01 
1.726338e-02 3.029138e-01 
-1.554152e-02 2.277891e-01 
-5.920470e-03 4.432648e-02 
4.809534e-03 -7.521490e-02 
1.016194e-02 -1.272871e-01 
6.492214e-03 -7.273897e-02 
