poroelastic
1.492088e-02 5.953337e-02 
1.898446e-02 5.710998e-02 
-2.981700e-03 -1.566679e-02 
-2.764590e-02 -6.912950e-02 
-1.107226e-02 -3.116749e-02 
-7.084446e-03 3.221825e-02 
-1.672820e-02 5.194694e-02 
-1.888538e-03 -5.032180e-02 
1.131427e-02 -1.024320e-01 
1.347652e-02 -8.102212e-02 
-7.544801e-03 4.143285e-02 
6.723295e-02 -4.067714e-02 
7.794551e-03 -1.297141e-01 
-6.035168e-02 -2.473638e-01 
-1.087238e-01 -2.865170e-01 
-5.085657e-02 -2.173854e-01 
-2.468573e-02 -1.181376e-01 
-1.589039e-02 -5.357768e-02 
2.831721e-03 -8.504902e-02 
1.107727e-02 -9.444283e-02 
9.758513e-03 -5.559760e-02 
-9.853834e-03 5.625767e-02 
-9.801364e-03 4.124597e-02 
9.935652e-04 2.325171e-02 
-5.945472e-03 -3.233128e-02 
5.454950e-03 -6.483199e-02 
1.278031e-02 -2.184363e-02 
1.806421e-02 3.121765e-02 
1.555992e-02 5.771987e-02 
5.152770e-03 1.219371e-02 
4.268688e-03 -7.333272e-04 
-6.344926e-04 3.102224e-02 
-2.237436e-02 1.289702e-01 
1.051098e-01 5.835644e-02 
3.196489e-02 5.544627e-02 
-2.283536e-02 -4.375843e-02 
-9.435370e-02 -1.529096e-01 
-5.637804e-02 -1.678611e-01 
-3.836399e-02 -1.326324e-01 
-2.876141e-02 -9.157475e-02 
-8.998108e-04 -9.668096e-02 
9.330132e-03 -1.076045e-01 
1.248107e-02 -9.494661e-02 
5.367549e-03 -3.172693e-02 
6.053486e-02 2.067131e-02 
9.369025e-03 9.324659e-03 
-2.575417e-02 -8.064346e-02 
-5.312923e-02 -1.824984e-01 
-2.339889e-02 -1.842944e-01 
6.818495e-04 -1.357324e-01 
1.800461e-02 -5.831009e-02 
6.779890e-03 6.573576e-03 
-8.867332e-04 4.206266e-02 
-6.969043e-03 6.893552e-02 
-1.610289e-02 9.706584e-02 
6.158585e-02 5.724822e-02 
2.724670e-02 9.502508e-02 
-4.747106e-03 2.601844e-02 
-5.259215e-02 -1.011277e-01 
-3.224607e-02 -1.420377e-01 
-1.547082e-02 -1.269359e-01 
-2.130662e-03 -7.181725e-02 
9.925395e-04 -1.515720e-02 
-4.269390e-04 1.945129e-03 
-3.238265e-04 5.638914e-04 
1.559871e-03 -9.561874e-03 
1.193383e-01 3.308683e-02 
2.710635e-02 9.236965e-02 
-1.794814e-02 1.142390e-02 
-7.931608e-02 -1.513280e-01 
-4.841734e-02 -2.136215e-01 
-2.333727e-02 -2.005373e-01 
-1.644854e-03 -1.216182e-01 
1.287042e-03 -1.609956e-02 
-2.687590e-03 1.961862e-02 
-2.472012e-03 1.227990e-02 
5.281865e-03 -3.296886e-02 
7.034943e-02 1.613762e-02 
2.423834e-02 9.330250e-02 
-8.057092e-03 2.778103e-02 
-5.553677e-02 -1.445720e-01 
-3.252450e-02 -2.154886e-01 
-5.365810e-03 -2.057014e-01 
1.980654e-02 -1.107020e-01 
3.412275e-03 3.545718e-02 
-8.599102e-03 9.534744e-02 
-1.178358e-02 9.081541e-02 
-2.756722e-03 1.749544e-02 
1.062609e-01 8.956363e-03 
3.343755e-02 1.383690e-01 
-3.882580e-03 8.646100e-02 
-6.921724e-02 -1.097014e-01 
-4.617871e-02 -2.069731e-01 
-2.193050e-02 -2.161204e-01 
1.677270e-03 -1.312380e-01 
-1.096463e-03 1.424663e-02 
-7.706292e-03 5.841915e-02 
-5.498148e-03 2.766440e-02 
1.279971e-02 -8.252234e-02 
9.994740e-02 -3.052362e-02 
2.854196e-02 1.201756e-01 
-5.943935e-03 7.763333e-02 
-6.422924e-02 -1.312185e-01 
-4.139862e-02 -2.337846e-01 
-1.291066e-02 -2.378562e-01 
1.376457e-02 -1.283882e-01 
-1.810228e-03 5.850903e-02 
-1.344004e-02 1.169079e-01 
-1.145255e-02 7.321726e-02 
1.284687e-02 -8.376804e-02 
1.018652e-01 -6.976256e-02 
2.807162e-02 1.285275e-01 
-2.744295e-03 9.860906e-02 
-6.328806e-02 -1.309719e-01 
-4.103416e-02 -2.542137e-01 
-9.854829e-03 -2.716981e-01 
2.238151e-02 -1.617643e-01 
1.744855e-03 4.864941e-02 
-1.364719e-02 1.339772e-01 
-1.546624e-02 1.138213e-01 
4.489073e-03 -2.980495e-02 
9.578030e-02 -9.317167e-02 
3.225343e-02 1.383092e-01 
3.106701e-03 1.369015e-01 
-5.817093e-02 -8.296304e-02 
-4.120746e-02 -1.985298e-01 
-1.777598e-02 -2.118272e-01 
2.916239e-03 -1.041313e-01 
-9.049508e-03 8.528745e-02 
-1.615077e-02 1.144710e-01 
-6.791262e-03 2.302127e-02 
2.957952e-02 -1.951752e-01 
1.552792e-01 -2.141842e-01 
6.361012e-03 7.215733e-02 
-1.803736e-02 5.824144e-02 
-6.673913e-02 -1.986201e-01 
-3.718923e-02 -3.238235e-01 
2.325083e-03 -3.042068e-01 
3.375359e-02 -1.102134e-01 
-9.887561e-03 1.910868e-01 
-3.022619e-02 2.639230e-01 
-2.259246e-02 1.465613e-01 
2.700961e-02 -1.805651e-01 
6.386261e-02 -1.332863e-01 
4.948770e-02 1.922983e-01 
2.374440e-02 2.506146e-01 
-5.218073e-02 -2.694620e-03 
-4.597776e-02 -1.760280e-01 
-2.557799e-02 -2.694735e-01 
7.764560e-03 -2.312924e-01 
4.586680e-03 -2.575658e-02 
-9.379227e-03 8.257894e-02 
-1.243831e-02 8.480870e-02 
1.141642e-02 -7.699338e-02 
