poroelastic
-6.653552e-03 1.221063e-01 
1.321126e-02 2.426741e-01 
5.651061e-02 3.337443e-01 
8.073618e-02 3.459203e-01 
4.149746e-02 2.928931e-01 
1.898811e-02 1.984168e-01 
5.502222e-03 7.609041e-02 
2.114494e-03 -2.761862e-02 
3.019023e-03 -4.279331e-02 
1.321847e-03 7.041478e-03 
-7.749259e-03 1.328757e-01 
-1.474564e-02 1.901726e-01 
3.760784e-02 3.080784e-01 
5.215625e-02 3.267770e-01 
3.129295e-02 2.362678e-01 
6.751203e-03 1.392285e-01 
-6.978563e-03 3.859088e-02 
-1.017827e-02 -6.730788e-02 
2.141914e-03 -1.375670e-01 
5.241855e-03 -1.238258e-01 
3.379618e-03 -4.245846e-02 
-7.150290e-03 1.249752e-01 
-6.108474e-02 9.712013e-02 
1.968346e-02 1.898144e-01 
4.308266e-02 2.360000e-01 
4.658912e-02 2.163981e-01 
2.215440e-02 1.720457e-01 
8.586863e-03 1.081814e-01 
1.407228e-03 2.687231e-02 
1.644799e-03 -3.840971e-02 
2.584708e-03 -4.482661e-02 
1.192809e-03 -2.298860e-03 
-5.771741e-03 1.011714e-01 
-1.198594e-01 1.045869e-01 
2.632061e-02 2.361246e-01 
6.061574e-02 3.217008e-01 
6.419476e-02 3.150039e-01 
2.940341e-02 2.552254e-01 
8.763568e-03 1.598956e-01 
-2.254903e-03 3.350203e-02 
1.850574e-03 -7.082478e-02 
3.988264e-03 -8.395591e-02 
2.395356e-03 -2.660468e-02 
-6.659238e-03 1.177745e-01 
-1.208141e-01 6.946039e-02 
2.808794e-02 2.138621e-01 
5.595171e-02 3.053655e-01 
4.944781e-02 2.962088e-01 
1.856153e-02 2.267425e-01 
-1.241794e-03 1.213217e-01 
-9.777100e-03 -1.510633e-02 
2.381041e-03 -1.225638e-01 
5.543650e-03 -1.295929e-01 
3.715853e-03 -5.763649e-02 
-6.245935e-03 1.110665e-01 
-1.834412e-01 1.487391e-02 
2.080098e-02 1.657018e-01 
5.943603e-02 2.869310e-01 
6.502375e-02 3.129832e-01 
3.005851e-02 2.626899e-01 
8.681830e-03 1.652679e-01 
-2.159311e-03 2.816467e-02 
2.754691e-03 -8.307704e-02 
4.570888e-03 -9.151687e-02 
2.175385e-03 -2.199675e-02 
-7.856122e-03 1.406629e-01 
-1.946883e-01 -2.080856e-02 
2.273664e-02 1.561345e-01 
6.155937e-02 3.018879e-01 
6.117214e-02 3.373704e-01 
2.520813e-02 2.797672e-01 
1.344930e-03 1.670036e-01 
-9.931873e-03 7.317878e-03 
3.051256e-03 -1.227788e-01 
6.088892e-03 -1.357801e-01 
3.838449e-03 -6.234334e-02 
-6.318752e-03 1.132499e-01 
-2.076725e-01 -7.537337e-02 
1.751658e-02 1.123692e-01 
5.951402e-02 2.767141e-01 
6.084353e-02 3.297907e-01 
2.554486e-02 2.802740e-01 
1.745889e-03 1.696575e-01 
-9.310771e-03 7.914473e-03 
3.512278e-03 -1.227149e-01 
6.253009e-03 -1.344628e-01 
3.645336e-03 -5.836106e-02 
-6.768475e-03 1.215565e-01 
-2.307562e-01 -1.355065e-01 
1.289783e-02 6.647612e-02 
6.001628e-02 2.568208e-01 
6.466181e-02 3.342456e-01 
2.812232e-02 2.930442e-01 
3.572467e-03 1.828993e-01 
-8.026181e-03 1.728050e-02 
3.829798e-03 -1.158007e-01 
6.213383e-03 -1.279983e-01 
3.319916e-03 -5.200960e-02 
-7.152715e-03 1.279277e-01 
-1.993581e-01 -1.843833e-01 
9.055756e-03 3.743877e-02 
5.606345e-02 2.416408e-01 
5.624450e-02 3.236666e-01 
2.208248e-02 2.773412e-01 
-1.714482e-03 1.588360e-01 
-1.107883e-02 -1.385215e-02 
4.980463e-03 -1.443838e-01 
7.417617e-03 -1.501586e-01 
3.914821e-03 -6.310361e-02 
-7.613547e-03 1.347153e-01 
-2.243267e-01 -2.544546e-01 
4.821294e-03 -1.217449e-02 
5.832428e-02 2.200266e-01 
6.246583e-02 3.323593e-01 
2.662928e-02 3.023182e-01 
1.541403e-03 1.922134e-01 
-1.019091e-02 2.025807e-02 
4.213540e-03 -1.180883e-01 
6.923533e-03 -1.378887e-01 
4.034723e-03 -6.755544e-02 
-6.427430e-03 1.129531e-01 
-1.762359e-01 -3.220012e-01 
-5.480401e-03 -6.229030e-02 
5.262995e-02 1.854074e-01 
5.595586e-02 3.078456e-01 
2.286084e-02 2.744843e-01 
1.030076e-04 1.628509e-01 
-8.886859e-03 4.055350e-04 
4.749131e-03 -1.177019e-01 
6.683961e-03 -1.253225e-01 
3.305172e-03 -5.225562e-02 
-6.762237e-03 1.150899e-01 
-1.297402e-01 -3.553248e-01 
2.040412e-03 -3.998844e-02 
5.147385e-02 2.100472e-01 
4.266665e-02 2.940947e-01 
1.261113e-02 2.275667e-01 
-6.552544e-03 9.015006e-02 
-8.536555e-03 -8.651469e-02 
8.613958e-03 -1.900059e-01 
8.979904e-03 -1.604576e-01 
2.585771e-03 -3.191669e-02 
-1.262697e-02 2.127801e-01 
-2.334928e-01 -4.172533e-01 
-1.562912e-02 -1.152480e-01 
6.968319e-02 1.874251e-01 
6.950746e-02 3.536938e-01 
3.100574e-02 3.517049e-01 
3.554198e-03 2.583605e-01 
-1.229417e-02 8.634778e-02 
2.546761e-03 -7.580076e-02 
7.012567e-03 -1.310267e-01 
5.776926e-03 -9.843222e-02 
-2.939965e-03 4.885342e-02 
