poroelastic
8.452015e-03 2.100606e-01 
2.888096e-02 3.570906e-01 
5.511063e-02 4.145813e-01 
5.046305e-02 3.496065e-01 
1.843003e-02 2.341511e-01 
2.619486e-03 1.013024e-01 
-1.439962e-03 -2.825239e-02 
3.273417e-03 -9.900411e-02 
3.878298e-03 -8.491005e-02 
1.190965e-03 -4.494209e-03 
-7.566911e-03 1.594159e-01 
1.347267e-03 1.694244e-01 
3.135255e-02 2.788226e-01 
2.957654e-02 2.651062e-01 
-5.733932e-05 1.337424e-01 
-1.027092e-02 1.509652e-02 
-1.380183e-02 -8.322959e-02 
-7.828357e-03 -1.486792e-01 
3.744489e-03 -1.458052e-01 
3.999384e-03 -1.020104e-01 
1.489951e-03 -2.201148e-02 
-4.809381e-03 1.046616e-01 
-5.497303e-02 8.605741e-02 
2.012721e-02 2.112158e-01 
3.569951e-02 2.545232e-01 
2.973089e-02 1.966561e-01 
1.100672e-02 1.210157e-01 
3.107960e-03 4.250122e-02 
2.179350e-03 -2.450075e-02 
2.025813e-03 -4.281150e-02 
1.454088e-03 -2.379847e-02 
-4.147703e-04 2.428129e-02 
-4.853769e-03 1.063695e-01 
-7.240169e-02 8.061946e-02 
2.777275e-02 2.582326e-01 
4.259348e-02 3.277498e-01 
2.469189e-02 2.537798e-01 
3.581848e-03 1.439557e-01 
-7.282914e-03 2.413225e-02 
-6.912775e-03 -8.830872e-02 
3.727439e-03 -1.350887e-01 
4.307436e-03 -1.098937e-01 
1.751088e-03 -3.042641e-02 
-5.050457e-03 1.124314e-01 
-7.746664e-02 -6.168782e-03 
2.094538e-02 1.870867e-01 
3.617087e-02 2.747727e-01 
2.110227e-02 2.196393e-01 
2.656915e-03 1.194774e-01 
-6.444198e-03 6.965136e-03 
-4.740898e-03 -9.694509e-02 
4.175627e-03 -1.328409e-01 
4.081008e-03 -9.906706e-02 
1.024248e-03 -1.133360e-02 
-6.095991e-03 1.374744e-01 
-1.163446e-01 -8.009278e-02 
1.664630e-02 1.494087e-01 
4.002270e-02 2.790131e-01 
3.086682e-02 2.547489e-01 
8.732868e-03 1.641283e-01 
-2.708224e-03 4.861475e-02 
-3.135313e-03 -6.872390e-02 
4.015260e-03 -1.194216e-01 
3.839291e-03 -9.159962e-02 
7.491629e-04 -5.622632e-03 
-6.397899e-03 1.459723e-01 
-9.097799e-02 -1.588013e-01 
1.344592e-02 1.104157e-01 
3.627630e-02 2.654372e-01 
2.366955e-02 2.496436e-01 
3.446313e-03 1.549804e-01 
-8.014962e-03 2.908431e-02 
-7.059083e-03 -1.014538e-01 
5.051189e-03 -1.574707e-01 
5.098190e-03 -1.267956e-01 
1.654143e-03 -3.011996e-02 
-6.241596e-03 1.434170e-01 
-8.727950e-02 -2.553071e-01 
5.653720e-03 4.321554e-02 
3.369320e-02 2.301551e-01 
2.583561e-02 2.410784e-01 
5.936864e-03 1.607608e-01 
-5.425703e-03 4.023248e-02 
-4.803307e-03 -9.121114e-02 
5.112320e-03 -1.478265e-01 
4.795377e-03 -1.160260e-01 
1.081042e-03 -1.616169e-02 
-7.106088e-03 1.641808e-01 
-8.525616e-02 -3.482037e-01 
5.384277e-04 -6.437262e-03 
3.489459e-02 2.243123e-01 
2.957391e-02 2.668311e-01 
7.919768e-03 1.959943e-01 
-5.531340e-03 7.396679e-02 
-6.891786e-03 -6.996343e-02 
4.978329e-03 -1.459601e-01 
5.160889e-03 -1.264768e-01 
1.806741e-03 -3.693769e-02 
-5.809755e-03 1.340054e-01 
-3.305729e-02 -4.386474e-01 
-7.087259e-03 -6.524681e-02 
2.973730e-02 1.897098e-01 
2.476372e-02 2.440117e-01 
5.501356e-03 1.748190e-01 
-6.471122e-03 5.316751e-02 
-6.329249e-03 -8.725986e-02 
5.523751e-03 -1.547544e-01 
5.283880e-03 -1.263883e-01 
1.480789e-03 -2.873494e-02 
-6.431934e-03 1.468536e-01 
-6.690639e-03 -5.360767e-01 
-1.203677e-02 -1.119161e-01 
2.971409e-02 1.768985e-01 
2.570758e-02 2.503351e-01 
6.249932e-03 1.883398e-01 
-6.202355e-03 6.729197e-02 
-6.680452e-03 -7.861846e-02 
5.628471e-03 -1.538084e-01 
5.531365e-03 -1.307504e-01 
1.736409e-03 -3.541659e-02 
-6.293654e-03 1.424764e-01 
2.572437e-02 -6.409333e-01 
-2.259904e-02 -1.892180e-01 
2.843222e-02 1.382396e-01 
2.821868e-02 2.447113e-01 
8.970151e-03 2.014235e-01 
-3.658883e-03 9.352529e-02 
-5.893335e-03 -4.172203e-02 
4.296550e-03 -1.153630e-01 
4.644183e-03 -1.062876e-01 
1.792254e-03 -3.720610e-02 
-4.536734e-03 9.920337e-02 
1.701416e-01 -7.187763e-01 
-2.794054e-02 -2.075097e-01 
1.647155e-02 1.134291e-01 
1.177587e-02 1.765638e-01 
-5.967998e-04 1.048186e-01 
-7.358846e-03 -1.510538e-02 
-2.710670e-03 -1.378143e-01 
6.801756e-03 -1.672682e-01 
5.102452e-03 -1.109941e-01 
5.533556e-05 6.350540e-03 
-8.756920e-03 1.885025e-01 
6.428904e-02 -7.577206e-01 
-3.155669e-02 -2.482758e-01 
3.465153e-02 1.458308e-01 
2.955323e-02 2.740400e-01 
9.170230e-03 2.398136e-01 
-4.705818e-03 1.252314e-01 
-7.468164e-03 -3.515393e-02 
5.200284e-03 -1.361935e-01 
6.149102e-03 -1.372137e-01 
2.854454e-03 -5.893917e-02 
-5.327801e-03 1.131212e-01 
