poroelastic
-1.521205e-02 -1.989989e-01 
-3.292792e-02 -3.499436e-01 
-5.810776e-02 -4.303338e-01 
-4.797954e-02 -3.765695e-01 
-1.397546e-02 -2.381522e-01 
-8.720619e-04 -8.613578e-02 
-1.297242e-03 3.808112e-02 
-4.361086e-03 6.989873e-02 
-3.267091e-03 4.799433e-02 
4.521678e-04 -1.258950e-02 
8.118924e-03 -1.220563e-01 
1.226516e-02 -1.379074e-01 
-2.834893e-02 -2.764591e-01 
-3.621007e-02 -3.150083e-01 
-1.473148e-02 -2.123840e-01 
2.162227e-03 -7.493381e-02 
5.830086e-03 5.188435e-02 
-1.814851e-03 1.283942e-01 
-5.871290e-03 9.756506e-02 
-3.124101e-03 4.665858e-02 
1.045715e-03 -2.128968e-02 
7.457251e-03 -1.141393e-01 
5.974170e-02 -3.910182e-02 
-2.161833e-02 -2.097828e-01 
-4.212561e-02 -3.048873e-01 
-3.264241e-02 -2.654551e-01 
-8.866119e-03 -1.606115e-01 
-2.143810e-04 -4.581810e-02 
-1.535719e-03 3.903952e-02 
-2.352968e-03 3.694634e-02 
-1.216650e-03 1.745943e-02 
7.648405e-04 -1.430461e-02 
4.035499e-03 -6.168303e-02 
8.484411e-02 2.558926e-02 
-1.959555e-02 -1.893413e-01 
-4.330037e-02 -3.198251e-01 
-3.173857e-02 -2.901572e-01 
-6.916266e-03 -1.792682e-01 
3.098546e-03 -4.860194e-02 
8.568418e-04 6.182934e-02 
-4.672097e-03 7.988647e-02 
-3.513243e-03 5.527238e-02 
-2.649204e-04 1.543310e-03 
5.632374e-03 -8.723120e-02 
9.794656e-02 1.337673e-01 
-1.247933e-02 -1.146929e-01 
-3.968989e-02 -2.815882e-01 
-3.165873e-02 -2.825311e-01 
-7.374201e-03 -1.862472e-01 
3.226827e-03 -6.075301e-02 
1.575453e-03 5.533109e-02 
-4.977046e-03 8.507410e-02 
-4.010714e-03 6.347509e-02 
-5.894842e-04 6.976510e-03 
5.846475e-03 -9.079323e-02 
1.190150e-01 2.253215e-01 
-6.999943e-03 -6.383084e-02 
-4.108734e-02 -2.731281e-01 
-3.667397e-02 -3.037503e-01 
-1.018763e-02 -2.184493e-01 
2.388215e-03 -9.152991e-02 
2.251159e-03 3.766633e-02 
-4.912520e-03 8.427789e-02 
-4.359841e-03 6.950464e-02 
-9.357363e-04 1.289509e-02 
5.928007e-03 -9.271176e-02 
9.685291e-02 3.375740e-01 
7.271931e-04 1.112965e-02 
-3.581582e-02 -2.335413e-01 
-3.319238e-02 -2.932542e-01 
-8.301581e-03 -2.198085e-01 
4.655870e-03 -9.498460e-02 
4.576488e-03 4.157950e-02 
-5.685837e-03 9.932101e-02 
-5.537628e-03 8.894242e-02 
-2.026467e-03 3.073231e-02 
5.437555e-03 -8.516619e-02 
9.260393e-02 4.524227e-01 
9.323391e-03 9.080230e-02 
-3.432491e-02 -1.932094e-01 
-3.734304e-02 -2.887616e-01 
-1.192884e-02 -2.334923e-01 
1.590538e-03 -1.163905e-01 
2.741574e-03 2.124919e-02 
-5.011858e-03 8.515942e-02 
-4.886792e-03 7.774885e-02 
-1.304804e-03 1.906018e-02 
6.588863e-03 -1.032330e-01 
5.330866e-02 5.572717e-01 
1.513913e-02 1.458565e-01 
-3.187545e-02 -1.765977e-01 
-3.467965e-02 -2.976811e-01 
-9.630443e-03 -2.484124e-01 
5.043774e-03 -1.274567e-01 
6.631305e-03 2.298755e-02 
-5.882819e-03 1.034490e-01 
-6.565040e-03 1.050413e-01 
-3.149653e-03 4.874020e-02 
5.124550e-03 -8.004235e-02 
2.336806e-02 6.722641e-01 
2.388031e-02 2.228571e-01 
-3.012296e-02 -1.342897e-01 
-3.649779e-02 -2.822167e-01 
-1.211558e-02 -2.483778e-01 
2.147935e-03 -1.382411e-01 
4.478881e-03 6.363487e-03 
-5.066605e-03 8.728567e-02 
-5.628116e-03 8.886911e-02 
-2.221914e-03 3.335900e-02 
6.042584e-03 -9.338927e-02 
-3.991660e-02 7.784096e-01 
2.936555e-02 2.735605e-01 
-2.746713e-02 -1.138841e-01 
-3.261934e-02 -2.750522e-01 
-9.761607e-03 -2.447280e-01 
4.101537e-03 -1.346765e-01 
6.048459e-03 1.318897e-02 
-5.665573e-03 9.875127e-02 
-6.410728e-03 1.009896e-01 
-2.942296e-03 4.443313e-02 
5.431737e-03 -8.325795e-02 
-7.968274e-02 8.556928e-01 
3.536391e-02 3.185956e-01 
-2.782955e-02 -9.976085e-02 
-3.204897e-02 -2.725111e-01 
-9.719490e-03 -2.488027e-01 
4.071438e-03 -1.419208e-01 
6.408004e-03 5.442696e-03 
-5.255455e-03 9.254459e-02 
-6.386555e-03 9.868886e-02 
-3.250854e-03 4.791955e-02 
4.809230e-03 -7.162402e-02 
-1.883506e-01 9.515781e-01 
4.107505e-02 3.575116e-01 
-2.124290e-02 -6.731140e-02 
-2.306572e-02 -2.210541e-01 
-5.967841e-03 -1.923882e-01 
3.803163e-03 -8.970647e-02 
2.927251e-03 4.506735e-02 
-6.524604e-03 1.100400e-01 
-6.208165e-03 9.394573e-02 
-1.645842e-03 2.114770e-02 
8.296585e-03 -1.220148e-01 
-1.732396e-01 9.928131e-01 
5.136988e-02 4.381848e-01 
-2.763447e-02 -4.235431e-02 
-3.117046e-02 -2.603446e-01 
-1.011837e-02 -2.699565e-01 
4.048094e-03 -1.826163e-01 
8.411742e-03 -3.512996e-02 
-3.775262e-03 7.302919e-02 
-6.538402e-03 1.011986e-01 
-4.747037e-03 6.945095e-02 
2.517601e-03 -3.630192e-02 
