poroelastic
1.551507e-02 -1.156510e-01 
-1.010512e-02 -2.155285e-01 
-5.630405e-02 -2.562711e-01 
-9.304195e-02 -2.550655e-01 
-4.834525e-02 -2.228219e-01 
-2.323846e-02 -1.673273e-01 
-6.400407e-03 -9.408452e-02 
-3.271244e-03 1.797304e-02 
-8.686906e-03 6.436452e-02 
-6.609730e-03 2.199617e-02 
2.099053e-02 -1.526967e-01 
-3.487069e-02 -7.475303e-02 
-2.731627e-02 -7.298960e-02 
5.535701e-03 5.626232e-03 
5.002678e-02 8.382642e-02 
3.201958e-02 9.402222e-02 
2.302275e-02 7.360609e-02 
1.848091e-02 5.569125e-02 
9.144751e-04 7.781310e-02 
-7.452976e-03 9.958838e-02 
-9.313301e-03 7.832354e-02 
4.269233e-03 -3.179954e-02 
5.947600e-02 -8.097076e-02 
-1.237837e-02 -1.359701e-01 
-3.858492e-02 -1.407349e-01 
-5.936854e-02 -1.156833e-01 
-3.519715e-02 -1.107425e-01 
-2.458596e-02 -9.676057e-02 
-1.683174e-02 -7.587272e-02 
-2.632675e-03 -4.227441e-02 
-1.239443e-03 -1.925605e-02 
6.271612e-04 -2.940504e-02 
1.398396e-02 -1.044162e-01 
3.689942e-02 -1.328228e-01 
-4.813109e-02 -2.517666e-01 
-5.828888e-02 -2.591228e-01 
-1.920272e-02 -1.550791e-01 
4.393432e-03 -6.828278e-02 
1.533569e-02 5.090774e-03 
1.516560e-02 6.126204e-02 
-2.239709e-03 8.939699e-02 
-8.305357e-03 9.425405e-02 
-7.461808e-03 5.645635e-02 
7.614730e-03 -5.786791e-02 
8.297161e-02 -1.017051e-01 
-4.765031e-02 -2.500061e-01 
-6.738928e-02 -2.769767e-01 
-3.382997e-02 -1.587289e-01 
-4.904133e-03 -5.718119e-02 
3.567883e-03 2.515636e-02 
-2.301633e-03 7.063424e-02 
-6.235608e-03 5.504958e-02 
-5.313541e-03 3.096613e-02 
-6.326456e-04 -1.721454e-02 
1.491478e-02 -1.141258e-01 
1.439084e-01 -1.014872e-01 
-6.128888e-02 -3.108806e-01 
-9.561123e-02 -3.799935e-01 
-5.281246e-02 -2.449765e-01 
-9.217858e-03 -1.059401e-01 
5.755371e-03 1.674177e-02 
-1.762801e-04 8.993414e-02 
-6.735633e-03 6.857130e-02 
-5.474020e-03 3.572726e-02 
-4.036735e-04 -1.652288e-02 
1.380974e-02 -1.067906e-01 
1.510373e-01 -6.393566e-02 
-7.262684e-02 -3.348388e-01 
-1.050390e-01 -4.317362e-01 
-4.058279e-02 -2.681082e-01 
4.734856e-03 -9.065500e-02 
1.942709e-02 6.160010e-02 
8.290975e-03 1.475746e-01 
-7.835503e-03 1.086433e-01 
-7.130700e-03 6.143804e-02 
-1.805811e-03 1.227549e-03 
1.118345e-02 -8.699652e-02 
2.271103e-01 -1.597630e-02 
-7.621935e-02 -3.418044e-01 
-1.250030e-01 -4.797205e-01 
-6.056774e-02 -3.051343e-01 
-5.093753e-03 -1.041776e-01 
1.023722e-02 7.115063e-02 
-5.179415e-03 1.629213e-01 
-1.090362e-02 9.359477e-02 
-5.099324e-03 2.052343e-02 
3.529473e-03 -5.575987e-02 
1.836028e-02 -1.437264e-01 
2.465900e-01 4.571449e-02 
-8.751152e-02 -3.627931e-01 
-1.400792e-01 -5.489145e-01 
-5.666575e-02 -3.624823e-01 
5.137739e-03 -1.272752e-01 
2.470573e-02 8.192819e-02 
8.362655e-03 1.983554e-01 
-1.030247e-02 1.293347e-01 
-7.030191e-03 5.842410e-02 
-1.678049e-04 -1.139192e-02 
1.092981e-02 -8.595558e-02 
2.947855e-01 1.189291e-01 
-8.896660e-02 -3.560932e-01 
-1.549041e-01 -5.847293e-01 
-6.450197e-02 -3.787553e-01 
3.104838e-03 -1.122854e-01 
1.998780e-02 1.205465e-01 
-3.724682e-03 2.348121e-01 
-1.331717e-02 1.226791e-01 
-4.718718e-03 1.964872e-02 
5.284630e-03 -6.625112e-02 
1.714985e-02 -1.346555e-01 
3.111362e-01 2.254428e-01 
-9.562695e-02 -3.456235e-01 
-1.643692e-01 -6.225762e-01 
-6.096796e-02 -4.070920e-01 
9.705778e-03 -1.159654e-01 
2.725862e-02 1.411309e-01 
-2.367373e-04 2.731076e-01 
-1.534212e-02 1.529137e-01 
-6.495650e-03 3.998293e-02 
4.505205e-03 -5.799001e-02 
1.773319e-02 -1.399862e-01 
3.751808e-01 3.065495e-01 
-9.204014e-02 -3.302853e-01 
-1.880640e-01 -6.723269e-01 
-8.089652e-02 -4.702724e-01 
1.498055e-03 -1.694135e-01 
2.497457e-02 9.575274e-02 
4.487827e-03 2.180434e-01 
-6.918294e-03 7.947730e-02 
-2.839826e-04 6.001202e-04 
2.865670e-03 -2.409634e-02 
-7.646941e-04 5.919596e-03 
2.321334e-01 4.866505e-01 
-9.643541e-02 -3.085772e-01 
-1.620127e-01 -6.612125e-01 
-2.542457e-02 -3.581560e-01 
3.642453e-02 3.349983e-02 
3.464846e-02 3.438500e-01 
-2.047849e-02 4.380247e-01 
-2.189025e-02 1.654559e-01 
3.539362e-04 -4.551469e-02 
1.718368e-02 -1.715547e-01 
2.413436e-02 -1.878035e-01 
5.671598e-01 4.519558e-01 
-9.018055e-02 -3.182933e-01 
-2.621543e-01 -8.235168e-01 
-1.417171e-01 -7.099746e-01 
-2.190573e-02 -4.231243e-01 
3.274118e-02 -7.274811e-02 
2.128052e-02 2.461955e-01 
-2.506667e-02 2.801314e-01 
-2.143914e-02 1.824454e-01 
-4.045195e-03 1.672138e-02 
2.387242e-02 -1.842894e-01 
