poroelastic
1.753969e-02 -1.234644e-02 
5.262397e-03 -8.049404e-02 
-4.537351e-02 -1.935517e-01 
-8.311897e-02 -2.748090e-01 
-3.660449e-02 -2.478451e-01 
-1.209492e-02 -1.712992e-01 
4.633394e-04 -7.722513e-02 
1.755871e-03 -1.810796e-02 
1.733075e-04 -1.031775e-03 
-3.625641e-04 2.813491e-03 
-8.987736e-05 5.982121e-04 
3.113063e-02 -1.080658e-01 
-2.359199e-02 -2.114587e-01 
-6.164711e-02 -2.946497e-01 
-6.217565e-02 -3.004473e-01 
-1.917411e-02 -2.288228e-01 
4.032836e-03 -1.227080e-01 
1.066873e-02 -1.441668e-03 
-4.906373e-03 7.372461e-02 
-9.462211e-03 8.263110e-02 
-6.648629e-03 4.503669e-02 
7.338726e-03 -5.040626e-02 
4.032874e-02 -1.921132e-02 
-8.065872e-03 -7.864454e-02 
-3.513314e-02 -1.556530e-01 
-4.156209e-02 -1.977929e-01 
-1.327183e-02 -1.616999e-01 
3.224581e-03 -8.899747e-02 
8.086856e-03 -5.267272e-05 
-3.337732e-03 5.155520e-02 
-6.478427e-03 5.757968e-02 
-4.699980e-03 3.294684e-02 
4.141066e-03 -2.858651e-02 
1.255964e-01 -4.490408e-02 
-1.388812e-02 -1.339129e-01 
-6.795901e-02 -2.541505e-01 
-9.164157e-02 -3.253880e-01 
-3.994178e-02 -2.943778e-01 
-1.140650e-02 -2.065796e-01 
2.941518e-03 -8.261958e-02 
-1.143989e-03 1.371825e-02 
-4.897932e-03 3.941515e-02 
-3.267403e-03 1.905355e-02 
7.698625e-03 -5.429021e-02 
9.520567e-02 -3.631274e-02 
-2.035425e-02 -1.305448e-01 
-5.450072e-02 -2.397935e-01 
-5.227119e-02 -2.922031e-01 
-1.350515e-02 -2.433214e-01 
1.189704e-02 -1.417518e-01 
2.116060e-02 -4.610665e-03 
-4.549659e-03 9.886929e-02 
-1.257360e-02 1.236443e-01 
-1.147511e-02 9.099054e-02 
1.419630e-03 -1.014179e-02 
1.661076e-01 -4.722612e-03 
-1.362296e-02 -8.582677e-02 
-6.163568e-02 -2.111571e-01 
-7.868442e-02 -2.953275e-01 
-3.315862e-02 -2.695048e-01 
-7.043258e-03 -1.822839e-01 
4.403601e-03 -5.362175e-02 
-4.028776e-03 4.574379e-02 
-7.755231e-03 6.331979e-02 
-4.122820e-03 2.317797e-02 
1.161476e-02 -8.409811e-02 
1.870974e-01 -1.330973e-02 
-2.179092e-02 -1.117316e-01 
-6.831227e-02 -2.522566e-01 
-7.414439e-02 -3.391352e-01 
-2.621145e-02 -3.022996e-01 
4.138528e-03 -1.973874e-01 
1.741797e-02 -4.264320e-02 
-4.343981e-03 8.455161e-02 
-1.218304e-02 1.167362e-01 
-1.026299e-02 7.966962e-02 
5.306148e-03 -3.894035e-02 
1.862448e-01 1.248233e-02 
-1.802194e-02 -8.036818e-02 
-6.170048e-02 -2.181759e-01 
-6.660865e-02 -3.087104e-01 
-2.335848e-02 -2.750013e-01 
4.046024e-03 -1.732624e-01 
1.449679e-02 -2.351423e-02 
-6.060376e-03 9.397973e-02 
-1.249920e-02 1.153553e-01 
-8.852266e-03 6.534543e-02 
9.216391e-03 -6.836508e-02 
2.447540e-01 2.601024e-02 
-2.020618e-02 -6.710132e-02 
-7.026838e-02 -2.230817e-01 
-7.850911e-02 -3.337369e-01 
-3.011149e-02 -3.074930e-01 
-3.403508e-05 -2.058104e-01 
1.307105e-02 -4.850632e-02 
-5.369035e-03 8.177794e-02 
-1.192346e-02 1.094401e-01 
-8.393674e-03 6.163601e-02 
9.938422e-03 -7.454836e-02 
2.188649e-01 3.563218e-02 
-1.906844e-02 -6.325754e-02 
-6.453296e-02 -2.147742e-01 
-6.472642e-02 -3.155476e-01 
-2.158043e-02 -2.788047e-01 
5.826243e-03 -1.696533e-01 
1.512112e-02 -1.031315e-02 
-7.732190e-03 1.129190e-01 
-1.412297e-02 1.297770e-01 
-9.191571e-03 6.729218e-02 
1.160050e-02 -8.753574e-02 
2.482638e-01 5.344434e-02 
-2.121455e-02 -4.463263e-02 
-6.682251e-02 -2.053154e-01 
-6.743933e-02 -3.198932e-01 
-2.331550e-02 -2.924045e-01 
5.114880e-03 -1.883545e-01 
1.653344e-02 -2.924600e-02 
-6.130683e-03 9.963845e-02 
-1.348999e-02 1.279793e-01 
-1.006218e-02 7.780497e-02 
8.756071e-03 -6.674402e-02 
2.482538e-01 7.214651e-02 
-1.492762e-02 -2.492630e-02 
-6.613519e-02 -1.857634e-01 
-6.560360e-02 -2.978636e-01 
-2.387208e-02 -2.672262e-01 
1.464842e-03 -1.661118e-01 
1.026116e-02 -2.017236e-02 
-6.543019e-03 8.780507e-02 
-1.130186e-02 1.007157e-01 
-6.577215e-03 4.574947e-02 
1.141773e-02 -8.634860e-02 
2.154409e-01 5.883700e-02 
-2.763949e-02 -6.072613e-02 
-6.205132e-02 -2.180072e-01 
-4.720932e-02 -3.018022e-01 
-9.807671e-03 -2.410127e-01 
1.272098e-02 -1.067324e-01 
1.382956e-02 7.102805e-02 
-1.476919e-02 1.843532e-01 
-1.888766e-02 1.657547e-01 
-8.269459e-03 5.108620e-02 
2.184105e-02 -1.664183e-01 
3.104947e-01 9.466470e-02 
-8.003526e-03 4.094866e-03 
-8.053426e-02 -1.774822e-01 
-7.775974e-02 -3.305241e-01 
-3.116672e-02 -3.334274e-01 
8.661891e-05 -2.509706e-01 
1.686123e-02 -8.765968e-02 
-4.089543e-03 7.895667e-02 
-1.406600e-02 1.329471e-01 
-1.182836e-02 9.150445e-02 
9.765351e-03 -7.415293e-02 
