poroelastic
-7.235646e-03 -1.455260e-01 
-2.874848e-02 -2.859232e-01 
-7.097630e-02 -4.007432e-01 
-7.236758e-02 -4.124901e-01 
-2.316030e-02 -3.097776e-01 
-3.245238e-04 -1.663883e-01 
4.537305e-03 -1.319805e-02 
-6.481602e-03 7.915760e-02 
-8.176780e-03 8.153147e-02 
-3.163376e-03 2.293847e-02 
1.157404e-02 -1.069828e-01 
1.438839e-02 -1.603298e-01 
-3.673377e-02 -2.971052e-01 
-5.331897e-02 -3.551803e-01 
-2.888923e-02 -2.834727e-01 
-1.677932e-04 -1.543566e-01 
1.069775e-02 -1.264591e-02 
3.539808e-03 1.140861e-01 
-1.248913e-02 1.526353e-01 
-1.147788e-02 1.152394e-01 
-2.865433e-03 1.637494e-02 
1.701225e-02 -1.609342e-01 
6.074039e-02 -7.784602e-02 
-2.773115e-02 -2.180078e-01 
-5.455550e-02 -3.117880e-01 
-4.467671e-02 -2.948375e-01 
-1.150653e-02 -1.997248e-01 
2.715208e-03 -7.930517e-02 
2.000306e-03 3.657829e-02 
-6.769594e-03 8.072249e-02 
-6.749452e-03 6.712041e-02 
-1.702016e-03 9.433542e-03 
1.075571e-02 -1.017602e-01 
1.091354e-01 -7.186978e-02 
-3.369907e-02 -2.552181e-01 
-6.734469e-02 -3.806487e-01 
-5.345217e-02 -3.647519e-01 
-1.329341e-02 -2.548138e-01 
5.124054e-03 -1.102386e-01 
5.394814e-03 3.705136e-02 
-8.172474e-03 1.050670e-01 
-9.116098e-03 9.531762e-02 
-3.515041e-03 2.818979e-02 
1.120336e-02 -1.076946e-01 
1.104355e-01 5.164187e-04 
-2.791001e-02 -1.956461e-01 
-5.638546e-02 -3.318261e-01 
-3.959452e-02 -3.236199e-01 
-5.879884e-03 -2.153628e-01 
9.898248e-03 -7.239912e-02 
7.386935e-03 7.131426e-02 
-9.966224e-03 1.312402e-01 
-1.068097e-02 1.138537e-01 
-4.438668e-03 3.809473e-02 
1.119223e-02 -1.082897e-01 
1.729850e-01 5.431115e-02 
-2.545528e-02 -1.681003e-01 
-6.563855e-02 -3.406270e-01 
-5.638991e-02 -3.617410e-01 
-1.592664e-02 -2.646705e-01 
3.082734e-03 -1.219575e-01 
3.913676e-03 2.994334e-02 
-8.133669e-03 1.012776e-01 
-8.763085e-03 9.101171e-02 
-2.779603e-03 2.021830e-02 
1.262488e-02 -1.233281e-01 
1.647631e-01 1.169600e-01 
-2.236987e-02 -1.369754e-01 
-6.069561e-02 -3.312661e-01 
-4.691669e-02 -3.612370e-01 
-9.025772e-03 -2.609813e-01 
1.034642e-02 -1.111848e-01 
1.050437e-02 5.015595e-02 
-9.214444e-03 1.289653e-01 
-1.124282e-02 1.242257e-01 
-5.985722e-03 5.698515e-02 
8.764937e-03 -8.624547e-02 
1.769871e-01 1.995215e-01 
-1.424726e-02 -7.270540e-02 
-5.797186e-02 -2.885728e-01 
-4.973930e-02 -3.390439e-01 
-1.283736e-02 -2.507025e-01 
5.207429e-03 -1.096809e-01 
5.139852e-03 4.274492e-02 
-8.650418e-03 1.110308e-01 
-9.267629e-03 9.848698e-02 
-3.266114e-03 2.646157e-02 
1.184420e-02 -1.171832e-01 
1.871090e-01 2.652441e-01 
-1.227573e-02 -4.608638e-02 
-6.015571e-02 -2.954245e-01 
-5.092231e-02 -3.662389e-01 
-1.204086e-02 -2.810811e-01 
8.616758e-03 -1.343488e-01 
1.047554e-02 3.239347e-02 
-8.357449e-03 1.185325e-01 
-1.069993e-02 1.192610e-01 
-5.917888e-03 5.742540e-02 
8.043438e-03 -7.997519e-02 
1.548190e-01 3.471995e-01 
-2.813359e-03 1.542299e-02 
-5.346935e-02 -2.484886e-01 
-4.610406e-02 -3.284998e-01 
-1.129789e-02 -2.501517e-01 
6.609618e-03 -1.119150e-01 
6.919437e-03 4.186735e-02 
-8.299505e-03 1.116908e-01 
-9.428243e-03 1.025353e-01 
-4.082325e-03 3.667508e-02 
9.840349e-03 -9.776284e-02 
1.360656e-01 4.227418e-01 
2.939391e-04 5.147948e-02 
-5.240029e-02 -2.372425e-01 
-4.418004e-02 -3.308329e-01 
-9.912031e-03 -2.564416e-01 
8.349161e-03 -1.173096e-01 
9.061347e-03 4.146866e-02 
-8.335970e-03 1.167626e-01 
-1.011878e-02 1.122658e-01 
-5.197554e-03 4.963697e-02 
8.371957e-03 -8.337591e-02 
1.205768e-01 4.917041e-01 
9.203832e-03 1.016250e-01 
-5.223913e-02 -2.118178e-01 
-4.557202e-02 -3.219511e-01 
-1.190316e-02 -2.586150e-01 
6.267714e-03 -1.298577e-01 
8.658264e-03 1.773465e-02 
-5.815578e-03 8.672454e-02 
-8.098135e-03 9.048439e-02 
-4.972418e-03 4.874720e-02 
5.049078e-03 -4.955099e-02 
1.319080e-02 5.635470e-01 
1.212238e-02 1.213441e-01 
-3.980538e-02 -1.859816e-01 
-2.804374e-02 -2.622868e-01 
-3.084837e-03 -1.783008e-01 
8.287948e-03 -4.156773e-02 
3.343110e-03 9.722991e-02 
-1.038945e-02 1.329920e-01 
-9.262134e-03 9.658935e-02 
-2.100211e-03 1.266432e-02 
1.285619e-02 -1.261819e-01 
1.192186e-01 5.961633e-01 
2.181201e-02 1.680913e-01 
-6.157384e-02 -2.050390e-01 
-5.149391e-02 -3.591385e-01 
-1.454091e-02 -3.196028e-01 
7.409229e-03 -1.930867e-01 
1.318405e-02 -1.720076e-02 
-6.011324e-03 9.930158e-02 
-1.097169e-02 1.244442e-01 
-8.017457e-03 7.987563e-02 
5.007413e-03 -4.856465e-02 
