poroelastic
2.856859e-03 -1.436362e-01 
-7.510275e-03 -2.803125e-01 
-3.107990e-02 -4.113571e-01 
-4.159585e-02 -4.644566e-01 
-2.124164e-02 -4.434219e-01 
-4.917575e-03 -3.702785e-01 
9.898943e-03 -2.539663e-01 
3.722494e-03 -1.232624e-01 
9.434022e-04 5.516038e-02 
-2.142709e-03 2.592457e-01 
-6.797575e-03 4.547488e-01 
3.934858e-02 -3.549094e-01 
-3.612249e-02 -6.518648e-01 
-5.165543e-02 -7.189140e-01 
-2.531744e-02 -5.494634e-01 
-2.347924e-03 -3.792266e-01 
1.610463e-02 -1.708898e-01 
2.457011e-02 2.331372e-02 
2.800032e-03 1.200677e-01 
-1.372934e-03 2.742054e-01 
-3.937208e-03 3.856940e-01 
-5.378355e-03 3.690645e-01 
4.807774e-02 -9.896090e-02 
-1.714720e-02 -3.156327e-01 
-2.495240e-02 -3.399914e-01 
-1.068302e-02 -1.987722e-01 
-4.765813e-05 -8.257162e-02 
4.934668e-03 2.408471e-02 
4.221443e-03 6.114971e-02 
6.246227e-04 -9.764645e-03 
-9.365726e-06 2.348536e-02 
-7.409608e-04 6.884013e-02 
-1.112086e-03 7.426123e-02 
1.038897e-01 2.106771e-01 
1.271152e-02 4.129285e-02 
-7.964280e-03 -8.092243e-02 
-3.064894e-02 -1.282173e-01 
-2.094916e-02 -1.504276e-01 
-1.745083e-02 -1.530140e-01 
-1.263446e-02 -1.629623e-01 
9.605963e-04 -2.071288e-01 
1.772069e-03 -1.685982e-01 
1.133279e-03 -9.062220e-02 
2.906772e-04 -2.006545e-02 
1.218202e-01 2.139861e-01 
1.131584e-03 -1.082642e-01 
-2.806586e-02 -3.643231e-01 
-3.613314e-02 -4.688876e-01 
-1.692612e-02 -4.703100e-01 
2.388113e-03 -3.711860e-01 
1.781263e-02 -1.902862e-01 
2.494730e-03 -8.154034e-03 
-1.313429e-03 1.876274e-01 
-3.944142e-03 3.483627e-01 
-5.666762e-03 3.992615e-01 
8.285080e-02 2.779509e-01 
-4.015112e-03 -1.349300e-01 
-3.527768e-02 -4.693377e-01 
-3.240066e-02 -6.197714e-01 
-1.054327e-02 -6.206240e-01 
1.711530e-02 -4.697512e-01 
3.788818e-02 -1.719745e-01 
2.604483e-03 1.514569e-01 
-3.933577e-03 4.256340e-01 
-7.392186e-03 6.099332e-01 
-8.970624e-03 6.173861e-01 
9.585437e-02 6.030761e-01 
2.586768e-02 2.380300e-01 
-1.614256e-02 -1.742037e-01 
-4.657257e-02 -4.938395e-01 
-2.791615e-02 -6.253615e-01 
-3.938236e-03 -5.934640e-01 
2.043889e-02 -3.636880e-01 
3.114364e-03 -3.131612e-02 
-2.026015e-03 2.279228e-01 
-5.317049e-03 4.269664e-01 
-7.268461e-03 4.916510e-01 
-5.753801e-02 8.588196e-01 
4.258614e-02 5.256635e-01 
4.199228e-03 1.101897e-01 
-3.442230e-02 -2.477643e-01 
-2.503410e-02 -4.083518e-01 
-1.097669e-02 -4.308643e-01 
5.821476e-03 -2.971515e-01 
1.919956e-03 -7.866612e-02 
-6.830350e-04 7.805822e-02 
-2.467112e-03 1.955716e-01 
-3.219657e-03 2.227583e-01 
-1.567427e-01 8.421823e-01 
2.954123e-02 3.898771e-01 
-7.507907e-03 -7.563055e-02 
-2.554043e-02 -4.022748e-01 
-1.310664e-02 -5.054960e-01 
7.714950e-03 -4.236389e-01 
2.485922e-02 -1.568109e-01 
2.662737e-04 1.565542e-01 
-4.287647e-03 3.476024e-01 
-5.667290e-03 4.164257e-01 
-4.168998e-03 2.843511e-01 
-5.256986e-02 1.081611e+00 
5.072726e-02 5.999621e-01 
-1.205891e-02 -2.758056e-02 
-5.398655e-02 -5.892372e-01 
-3.468711e-02 -8.506011e-01 
-3.639431e-03 -8.374329e-01 
2.930852e-02 -5.062769e-01 
3.452319e-03 3.421952e-03 
-4.325692e-03 3.766138e-01 
-8.326193e-03 6.126083e-01 
-9.097632e-03 6.050031e-01 
-4.483209e-01 1.358613e+00 
7.267896e-02 9.758861e-01 
1.735907e-02 3.522460e-01 
-3.299803e-02 -3.110865e-01 
-2.649747e-02 -6.372867e-01 
-4.837614e-03 -6.954310e-01 
2.157783e-02 -4.564404e-01 
2.822887e-03 -2.646775e-02 
-3.327410e-03 2.815894e-01 
-6.603767e-03 4.794612e-01 
-7.462079e-03 4.965242e-01 
-4.937544e-01 1.314017e+00 
5.988652e-02 8.149146e-01 
5.902057e-03 1.622115e-01 
-2.687389e-02 -4.106617e-01 
-1.630560e-02 -6.124650e-01 
6.073159e-03 -5.320137e-01 
2.481088e-02 -1.768067e-01 
-1.261007e-03 2.686021e-01 
-6.579906e-03 4.612737e-01 
-6.650616e-03 4.323232e-01 
-1.867326e-03 1.159991e-01 
-4.716914e-01 1.478139e+00 
6.676178e-02 8.559237e-01 
-8.141629e-03 8.670774e-02 
-3.777861e-02 -5.829490e-01 
-2.285437e-02 -8.530468e-01 
4.997521e-03 -7.969433e-01 
3.223341e-02 -3.716891e-01 
1.572527e-03 2.416054e-01 
-6.992919e-03 5.714517e-01 
-9.548470e-03 6.541387e-01 
-6.136384e-03 3.784490e-01 
-7.620637e-01 1.698777e+00 
9.215404e-02 1.305364e+00 
2.107001e-02 5.878864e-01 
-2.662748e-02 -1.561654e-01 
-2.434091e-02 -5.679421e-01 
-8.897070e-03 -7.452411e-01 
1.504736e-02 -6.213920e-01 
5.283347e-03 -2.184343e-01 
-1.055653e-03 1.315398e-01 
-6.418881e-03 4.517907e-01 
-1.080265e-02 6.715354e-01 
