poroelastic
1.540923e-02 2.133803e-01 
3.499617e-02 3.446364e-01 
4.903039e-02 3.666724e-01 
2.825271e-02 2.644489e-01 
3.161118e-03 1.332160e-01 
-6.318273e-03 7.025548e-03 
-2.866699e-03 -9.211406e-02 
6.846959e-03 -1.242400e-01 
6.531237e-03 -9.309694e-02 
1.544150e-03 -7.910015e-03 
-1.087888e-02 1.467646e-01 
1.615272e-02 9.985139e-02 
2.157988e-02 1.626242e-01 
7.506894e-03 1.224990e-01 
-2.298640e-02 -3.537116e-03 
-1.957203e-02 -9.915804e-02 
-1.394224e-02 -1.579935e-01 
-2.303775e-03 -1.629016e-01 
5.338730e-03 -1.021093e-01 
3.329745e-03 -4.896364e-02 
3.828677e-05 6.084412e-03 
-4.766791e-03 6.636113e-02 
-3.924730e-02 7.206977e-02 
2.117717e-02 1.886233e-01 
3.128103e-02 2.158745e-01 
1.984946e-02 1.399319e-01 
5.124741e-03 5.904210e-02 
1.640486e-03 -1.038977e-02 
4.710626e-03 -4.819302e-02 
2.598021e-03 -2.842694e-02 
5.745094e-04 1.808119e-03 
-2.087426e-03 4.018694e-02 
-6.177884e-03 8.643279e-02 
-1.475039e-02 6.545105e-02 
2.866202e-02 2.294094e-01 
2.687899e-02 2.583827e-01 
-5.832831e-03 1.365458e-01 
-1.464090e-02 1.019879e-02 
-1.656701e-02 -9.786020e-02 
-7.300121e-03 -1.636787e-01 
7.025049e-03 -1.465839e-01 
6.127099e-03 -9.919235e-02 
2.166433e-03 -2.720582e-02 
-5.080528e-03 7.240551e-02 
-3.386141e-02 -2.605204e-02 
1.888341e-02 1.493135e-01 
2.367593e-02 1.981847e-01 
2.665716e-03 1.008749e-01 
-6.054839e-03 -3.764397e-03 
-5.857181e-03 -9.115547e-02 
3.144987e-03 -1.328136e-01 
5.771401e-03 -9.097373e-02 
2.679039e-03 -3.187436e-02 
-1.972575e-03 4.157979e-02 
-8.909141e-03 1.287300e-01 
-5.126124e-02 -7.178636e-02 
2.018957e-02 1.550056e-01 
3.003877e-02 2.435104e-01 
7.127840e-03 1.580533e-01 
-5.805743e-03 4.525500e-02 
-9.219005e-03 -6.146072e-02 
-1.769371e-03 -1.307015e-01 
6.166316e-03 -1.129893e-01 
4.276176e-03 -6.441032e-02 
4.340042e-05 7.161536e-03 
-6.954284e-03 1.017758e-01 
-1.933199e-02 -1.583185e-01 
1.385599e-02 1.040175e-01 
2.379782e-02 2.140447e-01 
6.670040e-04 1.364687e-01 
-9.352852e-03 2.376781e-02 
-1.147762e-02 -8.409999e-02 
-2.509500e-03 -1.519129e-01 
6.895376e-03 -1.277447e-01 
4.783205e-03 -7.371224e-02 
2.204224e-04 3.905328e-03 
-7.094984e-03 1.051732e-01 
-2.328836e-02 -2.510296e-01 
6.762096e-03 4.572992e-02 
2.378056e-02 1.891314e-01 
6.590405e-03 1.337393e-01 
-4.594222e-03 3.077892e-02 
-6.587353e-03 -7.342906e-02 
2.062051e-03 -1.395888e-01 
6.667855e-03 -1.109278e-01 
3.600170e-03 -5.007050e-02 
-1.606583e-03 3.495311e-02 
-9.515899e-03 1.424122e-01 
2.065390e-03 -3.339955e-01 
3.450920e-03 1.941216e-02 
2.432079e-02 2.031918e-01 
5.930951e-03 1.657992e-01 
-6.523131e-03 6.215121e-02 
-1.100419e-02 -5.222653e-02 
-3.758352e-03 -1.374579e-01 
6.944444e-03 -1.304270e-01 
5.260830e-03 -8.365271e-02 
8.190541e-04 -7.245966e-03 
-6.511264e-03 9.817086e-02 
3.620357e-02 -4.384396e-01 
-6.408387e-03 -5.312511e-02 
2.012154e-02 1.591408e-01 
6.841702e-03 1.400348e-01 
-4.211643e-03 4.728013e-02 
-7.207319e-03 -5.730321e-02 
3.086724e-04 -1.304402e-01 
6.380289e-03 -1.101848e-01 
3.799299e-03 -5.641731e-02 
-8.847706e-04 2.085422e-02 
-7.853011e-03 1.185496e-01 
8.905336e-02 -5.266337e-01 
-1.111070e-02 -8.218782e-02 
1.780190e-02 1.579819e-01 
3.593115e-03 1.415108e-01 
-6.510556e-03 4.358378e-02 
-9.284374e-03 -6.892152e-02 
-7.252359e-04 -1.510053e-01 
7.536246e-03 -1.325311e-01 
4.801583e-03 -7.317495e-02 
-4.992700e-04 1.488062e-02 
-8.548106e-03 1.293977e-01 
9.212477e-02 -6.154626e-01 
-1.783047e-02 -1.380115e-01 
2.127703e-02 1.491407e-01 
1.087791e-02 1.696696e-01 
-1.977390e-03 9.424066e-02 
-7.858170e-03 -6.310869e-03 
-4.131725e-03 -8.852065e-02 
4.543409e-03 -8.821112e-02 
3.901888e-03 -6.299735e-02 
1.395338e-03 -1.971293e-02 
-2.824161e-03 4.209130e-02 
2.312757e-01 -7.320348e-01 
-3.113683e-02 -2.020831e-01 
6.699993e-03 8.320059e-02 
-5.138723e-04 8.236477e-02 
-5.823768e-03 -1.132375e-03 
-5.277117e-03 -9.204260e-02 
3.528728e-03 -1.405353e-01 
5.498203e-03 -8.650739e-02 
1.788833e-03 -2.133472e-02 
-2.493440e-03 4.512049e-02 
-6.996140e-03 1.039876e-01 
1.752977e-01 -7.369388e-01 
-2.708890e-02 -1.981259e-01 
2.016796e-02 1.568224e-01 
8.543691e-03 1.982379e-01 
-4.451826e-03 1.193449e-01 
-1.132251e-02 -6.440308e-03 
-5.614238e-03 -1.319822e-01 
8.460441e-03 -1.588829e-01 
7.367597e-03 -1.166194e-01 
2.096694e-03 -2.723468e-02 
-6.953086e-03 1.028017e-01 
