poroelastic
-5.835451e-02 1.770563e-02 
-3.806906e-02 1.167043e-01 
4.150735e-02 2.509794e-01 
1.362152e-01 3.129940e-01 
7.911355e-02 2.756551e-01 
4.135802e-02 1.639095e-01 
2.566647e-02 5.099775e-02 
1.171786e-02 3.513398e-02 
2.177852e-03 6.430525e-02 
-5.834102e-03 9.174363e-02 
-9.265272e-03 6.853650e-02 
-7.276970e-02 1.386060e-01 
1.252610e-02 2.668993e-01 
8.049906e-02 3.452390e-01 
1.118653e-01 3.041256e-01 
5.357803e-02 2.228860e-01 
2.274236e-02 1.319056e-01 
6.555689e-03 5.872083e-02 
-3.745388e-04 3.014605e-02 
-1.984842e-03 2.053642e-02 
-1.600598e-03 5.586625e-03 
3.693379e-03 -2.795344e-02 
-5.655593e-02 4.222624e-02 
3.910140e-03 1.071658e-01 
4.054160e-02 1.636600e-01 
6.020024e-02 1.668184e-01 
3.120647e-02 1.417249e-01 
1.237349e-02 1.027618e-01 
-2.312737e-03 5.725977e-02 
-4.972122e-03 2.299294e-02 
-3.209670e-03 1.209011e-04 
-1.097796e-04 -2.638366e-02 
9.403603e-03 -7.147201e-02 
-1.873651e-01 6.253581e-02 
-1.279220e-02 1.514058e-01 
7.444750e-02 2.713577e-01 
1.551537e-01 3.303107e-01 
9.131392e-02 3.205707e-01 
5.110157e-02 2.445452e-01 
2.371935e-02 1.328376e-01 
5.209960e-03 4.616572e-02 
1.404340e-03 2.972205e-02 
-1.913377e-03 4.364414e-02 
-8.493894e-03 6.557875e-02 
-1.527234e-01 8.004366e-02 
1.701669e-02 1.735888e-01 
8.114321e-02 2.775397e-01 
1.098405e-01 3.162945e-01 
5.553303e-02 2.877001e-01 
1.591338e-02 2.118012e-01 
-1.552839e-02 9.528779e-02 
-8.254939e-03 -3.124130e-02 
1.745921e-03 -8.290667e-02 
6.823547e-03 -8.703533e-02 
6.289473e-03 -4.898932e-02 
-2.200415e-01 5.889982e-02 
3.634834e-03 1.259234e-01 
8.040629e-02 2.389008e-01 
1.355538e-01 3.139118e-01 
7.709641e-02 3.152149e-01 
3.569519e-02 2.479585e-01 
3.843549e-03 1.220169e-01 
-2.424482e-04 -1.319776e-02 
4.498993e-03 -5.098690e-02 
4.102910e-03 -2.443110e-02 
-7.391265e-03 5.830520e-02 
-2.707897e-01 7.109843e-02 
1.131592e-02 1.311465e-01 
9.629092e-02 2.615824e-01 
1.507039e-01 3.623206e-01 
8.310680e-02 3.680244e-01 
3.347375e-02 2.893023e-01 
-4.985365e-03 1.354344e-01 
-1.894299e-03 -3.874458e-02 
6.645905e-03 -9.062432e-02 
7.243489e-03 -5.831856e-02 
-6.892428e-03 5.475619e-02 
-2.604553e-01 6.369022e-02 
1.427467e-02 1.100024e-01 
9.366540e-02 2.395728e-01 
1.376886e-01 3.598855e-01 
7.388042e-02 3.755298e-01 
2.162113e-02 2.994711e-01 
-2.011691e-02 1.309337e-01 
-4.139931e-03 -7.629969e-02 
9.451791e-03 -1.449612e-01 
1.174035e-02 -1.100675e-01 
-3.964887e-03 3.184751e-02 
-3.256630e-01 6.245999e-02 
1.233702e-02 7.897020e-02 
1.013503e-01 2.191936e-01 
1.567370e-01 3.686840e-01 
8.578166e-02 3.946355e-01 
3.110395e-02 3.131378e-01 
-9.677633e-03 1.321448e-01 
1.392000e-03 -7.953040e-02 
1.157506e-02 -1.318848e-01 
9.473826e-03 -6.851260e-02 
-1.400024e-02 1.133666e-01 
-3.065442e-01 6.960329e-02 
1.562112e-02 7.259876e-02 
1.007622e-01 2.086774e-01 
1.441349e-01 3.709712e-01 
7.568199e-02 3.992497e-01 
1.858191e-02 3.133941e-01 
-2.283735e-02 1.139292e-01 
1.851658e-03 -1.258000e-01 
1.587144e-02 -1.866458e-01 
1.363016e-02 -1.092413e-01 
-1.442691e-02 1.170075e-01 
-3.580018e-01 7.068831e-02 
1.654622e-02 3.639349e-02 
1.064233e-01 1.843982e-01 
1.578812e-01 3.883470e-01 
8.380244e-02 4.408143e-01 
2.091718e-02 3.632162e-01 
-2.736872e-02 1.573392e-01 
2.681874e-06 -1.026553e-01 
1.551278e-02 -1.891618e-01 
1.540058e-02 -1.366375e-01 
-8.513646e-03 7.005080e-02 
-2.948679e-01 7.269096e-02 
1.342617e-02 3.340058e-02 
9.767414e-02 1.673818e-01 
1.323297e-01 3.558388e-01 
6.417265e-02 3.732883e-01 
8.832165e-03 2.649983e-01 
-2.243407e-02 4.846841e-02 
1.027553e-02 -1.787590e-01 
2.050332e-02 -2.013368e-01 
1.155492e-02 -7.777463e-02 
-2.408027e-02 1.937765e-01 
-4.028334e-01 1.362800e-01 
4.189332e-02 4.668066e-02 
1.242637e-01 2.012639e-01 
1.541371e-01 4.289039e-01 
7.236578e-02 4.652996e-01 
4.248969e-03 3.363708e-01 
-3.355540e-02 4.612894e-02 
1.631523e-02 -2.714455e-01 
3.106296e-02 -3.066075e-01 
1.760960e-02 -1.202115e-01 
-3.697890e-02 3.013162e-01 
-2.869260e-01 2.508762e-02 
-3.182146e-02 -1.029558e-01 
7.908824e-02 1.306681e-02 
1.496327e-01 3.217587e-01 
8.611500e-02 4.496300e-01 
2.068912e-02 4.314750e-01 
-3.778082e-02 2.433618e-01 
-8.920602e-04 -6.759941e-02 
1.971800e-02 -2.117453e-01 
2.181081e-02 -1.948886e-01 
-4.017529e-03 3.312677e-02 
