poroelastic
-2.902100e-03 1.190307e-01 
1.260652e-02 2.281090e-01 
4.518965e-02 3.064729e-01 
6.153243e-02 3.128375e-01 
3.121387e-02 2.589581e-01 
1.386368e-02 1.714179e-01 
3.612587e-03 6.021643e-02 
1.390118e-03 -3.196565e-02 
2.025476e-03 -4.356382e-02 
8.997489e-04 4.129501e-03 
-5.003556e-03 1.223785e-01 
-1.489803e-02 1.754036e-01 
3.058260e-02 2.865115e-01 
4.189172e-02 3.033077e-01 
2.447763e-02 2.162409e-01 
4.813900e-03 1.210152e-01 
-5.899904e-03 2.423114e-02 
-7.566857e-03 -7.357467e-02 
1.787765e-03 -1.310601e-01 
3.463000e-03 -1.104733e-01 
1.921542e-03 -2.965984e-02 
-5.000817e-03 1.251001e-01 
-5.260523e-02 8.256852e-02 
1.532231e-02 1.687636e-01 
3.256039e-02 2.091030e-01 
3.395847e-02 1.868420e-01 
1.578451e-02 1.439023e-01 
5.774639e-03 8.545323e-02 
8.617552e-04 1.351399e-02 
1.162024e-03 -3.859144e-02 
1.633261e-03 -3.999652e-02 
6.523501e-04 2.288079e-05 
-3.677118e-03 9.240362e-02 
-1.039706e-01 7.710463e-02 
1.803915e-02 1.953628e-01 
4.429438e-02 2.741063e-01 
4.812760e-02 2.729970e-01 
2.249382e-02 2.250177e-01 
6.702788e-03 1.433075e-01 
-2.044725e-03 3.113835e-02 
1.048254e-03 -6.020920e-02 
2.427219e-03 -7.449664e-02 
1.551021e-03 -2.867768e-02 
-3.765733e-03 9.548803e-02 
-1.056702e-01 3.985793e-02 
1.816627e-02 1.691591e-01 
4.070723e-02 2.571746e-01 
3.855421e-02 2.615713e-01 
1.532615e-02 2.080697e-01 
-3.440089e-04 1.186903e-01 
-7.803003e-03 -2.990587e-03 
1.348512e-03 -1.017980e-01 
3.400168e-03 -1.139959e-01 
2.435906e-03 -5.879297e-02 
-3.217810e-03 8.199809e-02 
-1.488828e-01 -2.052667e-02 
1.030509e-02 1.106643e-01 
3.977959e-02 2.218289e-01 
4.772843e-02 2.603921e-01 
2.296457e-02 2.261460e-01 
7.108170e-03 1.485405e-01 
-1.655950e-03 3.270798e-02 
1.550792e-03 -6.565848e-02 
2.677846e-03 -7.709997e-02 
1.324109e-03 -2.316462e-02 
-4.307209e-03 1.104570e-01 
-1.494876e-01 -6.617480e-02 
9.249183e-03 8.580316e-02 
3.895877e-02 2.173959e-01 
4.425556e-02 2.697750e-01 
1.966812e-02 2.345769e-01 
2.516149e-03 1.480335e-01 
-6.336332e-03 1.652936e-02 
1.927351e-03 -9.589695e-02 
3.627144e-03 -1.104350e-01 
2.192274e-03 -5.134101e-02 
-3.763445e-03 9.625007e-02 
-1.511213e-01 -1.289081e-01 
3.421313e-03 3.540004e-02 
3.603605e-02 1.862413e-01 
4.386306e-02 2.598608e-01 
2.024054e-02 2.367803e-01 
3.115290e-03 1.557099e-01 
-6.056038e-03 2.375940e-02 
2.040106e-03 -9.183754e-02 
3.690116e-03 -1.088897e-01 
2.166828e-03 -5.129177e-02 
-3.766152e-03 9.609241e-02 
-1.604827e-01 -1.919130e-01 
-1.565148e-03 -1.211834e-02 
3.528972e-02 1.621880e-01 
4.621417e-02 2.579437e-01 
2.227274e-02 2.453126e-01 
4.880050e-03 1.683177e-01 
-4.854373e-03 3.580743e-02 
2.091147e-03 -8.153438e-02 
3.549339e-03 -9.978634e-02 
1.932683e-03 -4.486940e-02 
-3.885901e-03 9.800144e-02 
-1.241005e-01 -2.368804e-01 
-4.658477e-03 -3.880166e-02 
3.225436e-02 1.485582e-01 
3.947607e-02 2.478734e-01 
1.757725e-02 2.334743e-01 
6.147976e-04 1.510800e-01 
-7.793875e-03 1.221562e-02 
2.748689e-03 -1.050775e-01 
4.394477e-03 -1.209476e-01 
2.531383e-03 -6.040338e-02 
-3.833862e-03 9.473011e-02 
-1.363201e-01 -2.972831e-01 
-8.972132e-03 -8.543167e-02 
3.348558e-02 1.265831e-01 
4.387452e-02 2.536263e-01 
2.106070e-02 2.557939e-01 
3.208362e-03 1.823844e-01 
-7.119673e-03 4.431537e-02 
2.177592e-03 -8.143350e-02 
4.127774e-03 -1.104292e-01 
2.704084e-03 -6.512349e-02 
-3.091723e-03 7.503851e-02 
-8.678773e-02 -3.535421e-01 
-1.700470e-02 -1.325909e-01 
2.871987e-02 9.162665e-02 
3.875710e-02 2.299736e-01 
1.819305e-02 2.309025e-01 
2.192319e-03 1.587012e-01 
-6.267950e-03 3.054158e-02 
2.447178e-03 -8.066025e-02 
4.010836e-03 -1.002452e-01 
2.307527e-03 -5.237086e-02 
-3.308856e-03 7.660172e-02 
-3.198531e-02 -3.823107e-01 
-1.218626e-02 -1.094736e-01 
2.735852e-02 1.130042e-01 
2.789882e-02 2.146379e-01 
9.869929e-03 1.853844e-01 
-3.206060e-03 9.362706e-02 
-6.611084e-03 -4.096646e-02 
4.688961e-03 -1.371728e-01 
5.310701e-03 -1.272616e-01 
1.923851e-03 -3.851398e-02 
-6.363535e-03 1.440375e-01 
-1.193347e-01 -4.373957e-01 
-2.315137e-02 -1.662616e-01 
4.109430e-02 9.780030e-02 
4.545471e-02 2.541744e-01 
2.213251e-02 2.710850e-01 
4.716210e-03 2.151131e-01 
-7.009167e-03 9.357014e-02 
6.811760e-04 -3.396063e-02 
3.534218e-03 -8.593719e-02 
3.361465e-03 -7.646077e-02 
-6.795670e-04 1.502715e-02 
