poroelastic
-4.445918e-03 -1.454295e-02 
-3.975165e-03 -2.365508e-03 
3.807543e-03 3.683073e-02 
1.372234e-02 8.304267e-02 
9.809371e-03 1.045881e-01 
4.955866e-03 9.114298e-02 
-2.742537e-04 3.110577e-02 
-3.256621e-04 -5.185586e-02 
5.147084e-04 -6.487028e-02 
7.036778e-04 -1.845447e-02 
-1.225420e-03 8.693983e-02 
-1.660820e-02 5.433412e-02 
6.894969e-04 6.030664e-02 
6.474802e-03 5.773118e-02 
1.347865e-02 4.282067e-02 
8.756197e-03 3.620275e-02 
7.395475e-03 1.964005e-02 
7.398716e-03 -2.568685e-02 
2.520712e-03 -6.714870e-02 
1.957422e-03 -1.616462e-02 
8.558107e-04 9.621403e-02 
-3.800976e-03 2.751261e-01 
-5.446228e-03 1.927775e-02 
-2.757687e-03 -1.653094e-02 
-2.888209e-03 -2.845569e-02 
2.938817e-03 -9.426776e-03 
3.990790e-03 1.814965e-02 
3.925763e-03 3.054587e-02 
2.616177e-03 4.795224e-03 
7.901598e-04 -3.981501e-02 
8.197610e-04 -2.744519e-02 
4.982705e-04 2.309526e-02 
-1.786112e-03 1.287085e-01 
-4.258459e-02 1.688907e-02 
-7.167933e-03 -2.180525e-02 
1.094234e-03 7.091226e-04 
1.903088e-02 7.781872e-02 
1.580993e-02 1.382704e-01 
1.068630e-02 1.590637e-01 
2.248306e-03 1.170726e-01 
-4.792829e-04 2.871212e-02 
-1.132257e-04 -2.435148e-02 
3.914545e-04 -4.751611e-02 
8.908237e-05 -6.502615e-03 
-6.487889e-02 6.209643e-02 
-2.781200e-03 2.097166e-02 
3.329671e-03 1.743512e-02 
1.758093e-02 5.559745e-02 
1.362953e-02 8.949259e-02 
1.064549e-02 1.025277e-01 
5.785105e-03 7.702997e-02 
5.813067e-04 2.477330e-02 
2.741072e-04 6.431233e-03 
1.806613e-04 1.261708e-02 
-9.952702e-04 7.149609e-02 
-5.451255e-02 7.918049e-02 
-1.067908e-03 1.806829e-02 
-2.339863e-04 -1.319148e-02 
9.291102e-03 1.799503e-04 
8.389137e-03 2.663437e-02 
8.750714e-03 5.390313e-02 
6.655617e-03 6.310993e-02 
6.254521e-04 4.280176e-02 
-1.652035e-05 3.886325e-02 
-2.292118e-04 3.720936e-02 
-5.660455e-04 4.065539e-02 
-1.120768e-01 1.259835e-01 
-1.194952e-03 3.379975e-02 
3.838963e-03 1.102883e-02 
1.885925e-02 4.855759e-02 
1.515240e-02 9.265658e-02 
1.277339e-02 1.335182e-01 
5.988756e-03 1.502627e-01 
-5.805039e-04 1.089589e-01 
-7.958742e-04 5.938487e-02 
-2.597783e-04 -6.336776e-03 
1.461156e-03 -1.024103e-01 
-6.744798e-02 1.698097e-01 
2.874520e-03 4.068610e-02 
1.356720e-05 -1.137090e-02 
6.287484e-03 4.376089e-03 
5.633005e-03 2.472562e-02 
5.846201e-03 6.081428e-02 
2.613461e-03 9.377464e-02 
-6.744274e-04 7.458311e-02 
-7.174686e-04 4.633006e-02 
-2.398632e-04 -5.591447e-03 
1.609807e-03 -1.104558e-01 
-9.524437e-02 1.627171e-01 
3.644774e-03 4.896592e-02 
-1.679873e-03 -3.609258e-02 
3.950857e-03 -6.510495e-02 
4.721077e-03 -6.516573e-02 
1.052906e-02 -1.550874e-02 
1.277026e-02 5.374797e-02 
7.299607e-04 8.569329e-02 
-9.085122e-04 1.186512e-01 
-1.379029e-03 1.176189e-01 
-7.164380e-04 4.760547e-02 
-9.449018e-02 2.114658e-01 
1.054214e-02 1.008283e-01 
-4.740389e-04 -1.719258e-02 
-1.559213e-03 -7.840062e-02 
1.206280e-03 -7.499577e-02 
7.157857e-03 -1.950876e-02 
9.005400e-03 5.523453e-02 
-5.363064e-05 9.583502e-02 
-1.158373e-03 1.056358e-01 
-1.028608e-03 7.094889e-02 
3.625630e-04 -2.269053e-02 
-9.857334e-02 3.169021e-01 
1.456520e-02 1.263827e-01 
-2.528522e-03 -2.436492e-02 
-5.436385e-03 -8.671332e-02 
-8.145981e-04 -7.047390e-02 
4.377906e-03 -1.780692e-02 
5.478646e-03 6.481953e-02 
-1.140814e-03 1.285079e-01 
-1.471987e-03 1.003139e-01 
-4.601082e-04 1.673404e-02 
1.867614e-03 -1.121024e-01 
-1.268849e-01 3.351267e-01 
1.426051e-02 1.239793e-01 
-2.445881e-03 -3.347671e-02 
-4.164742e-03 -9.838843e-02 
5.964903e-05 -9.010813e-02 
6.240128e-03 -4.224086e-02 
8.927433e-03 5.426374e-02 
-1.181885e-03 1.509135e-01 
-2.006444e-03 1.317613e-01 
-9.374093e-04 4.867004e-02 
1.332610e-03 -7.248283e-02 
-2.186852e-01 2.893369e-01 
1.857874e-02 1.425961e-01 
7.396369e-03 9.589182e-03 
4.131996e-03 -6.094679e-02 
4.650388e-03 -5.811601e-02 
9.497974e-03 -2.704329e-03 
1.030224e-02 9.369861e-02 
-1.322196e-03 1.730904e-01 
-2.375547e-03 1.516579e-01 
-1.156134e-03 5.646671e-02 
1.706889e-03 -8.843207e-02 
-2.825597e-01 3.195881e-01 
2.211504e-02 2.174315e-01 
1.900353e-02 9.398106e-02 
9.254886e-03 1.455310e-02 
5.665386e-03 8.815997e-04 
6.896329e-03 3.820984e-02 
4.768101e-03 1.022126e-01 
-1.835169e-03 1.340601e-01 
-1.983639e-03 1.060722e-01 
-5.163604e-04 1.543801e-02 
2.815312e-03 -1.402121e-01 
