poroelastic
-1.100662e-02 -1.900627e-01 
-2.648160e-02 -3.175023e-01 
-4.491912e-02 -3.628045e-01 
-3.688426e-02 -2.862071e-01 
-1.178841e-02 -1.593882e-01 
-2.340828e-03 -3.372354e-02 
-3.009824e-03 5.112786e-02 
-2.216323e-03 4.635948e-02 
-9.463755e-04 1.409284e-02 
1.145129e-03 -3.714049e-02 
4.924324e-03 -1.125878e-01 
4.867812e-03 -1.062026e-01 
-2.151680e-02 -2.155537e-01 
-2.369510e-02 -2.261098e-01 
-3.542413e-03 -1.199914e-01 
5.874216e-03 -8.005606e-03 
7.395411e-03 8.612832e-02 
7.908555e-04 1.273224e-01 
-2.718038e-03 7.360432e-02 
-1.219885e-03 2.696507e-02 
5.295270e-04 -1.763908e-02 
2.878320e-03 -6.701816e-02 
5.246879e-02 -8.293371e-03 
-1.311321e-02 -1.578092e-01 
-3.120227e-02 -2.363261e-01 
-2.761482e-02 -2.011332e-01 
-9.758874e-03 -1.236745e-01 
-2.570541e-03 -3.761137e-02 
-2.232191e-03 2.163959e-02 
-5.595415e-04 7.766983e-03 
1.016844e-04 -5.890013e-03 
7.549947e-04 -2.099507e-02 
1.900262e-03 -4.427406e-02 
6.795503e-02 4.921464e-02 
-1.312191e-02 -1.525710e-01 
-3.361422e-02 -2.677717e-01 
-2.526553e-02 -2.350152e-01 
-6.044538e-03 -1.402156e-01 
2.814555e-03 -2.981894e-02 
2.006894e-03 6.125798e-02 
-2.611657e-03 7.224964e-02 
-2.032704e-03 4.953874e-02 
-2.968753e-04 4.262829e-03 
2.960333e-03 -6.997934e-02 
8.064137e-02 1.544933e-01 
-7.036453e-03 -8.950277e-02 
-3.179276e-02 -2.421813e-01 
-2.696848e-02 -2.345621e-01 
-7.435128e-03 -1.482095e-01 
1.805229e-03 -3.869450e-02 
1.166658e-03 5.981107e-02 
-3.112635e-03 8.099859e-02 
-2.298001e-03 5.479670e-02 
2.247597e-05 -3.831334e-03 
4.165036e-03 -9.852340e-02 
9.012872e-02 2.621383e-01 
-3.099407e-04 -2.788655e-02 
-3.145823e-02 -2.259764e-01 
-3.069858e-02 -2.481766e-01 
-9.946409e-03 -1.734819e-01 
6.922500e-04 -6.235135e-02 
1.026459e-03 5.074957e-02 
-3.468268e-03 8.839097e-02 
-2.673225e-03 6.394346e-02 
3.710869e-05 -3.684218e-03 
4.973923e-03 -1.184090e-01 
7.886245e-02 3.693342e-01 
5.195058e-03 2.922981e-02 
-3.073946e-02 -2.165397e-01 
-3.134981e-02 -2.706009e-01 
-9.655365e-03 -2.049733e-01 
3.194383e-03 -8.844836e-02 
4.776966e-03 4.589243e-02 
-4.201339e-03 1.107128e-01 
-3.995868e-03 9.659523e-02 
-1.220280e-03 2.783430e-02 
4.272537e-03 -1.013808e-01 
7.875945e-02 4.805646e-01 
1.248166e-02 9.688165e-02 
-3.073648e-02 -1.936945e-01 
-3.617536e-02 -2.809562e-01 
-1.316159e-02 -2.282683e-01 
7.281014e-04 -1.139461e-01 
3.511396e-03 2.782452e-02 
-4.109153e-03 1.044312e-01 
-3.912724e-03 9.323205e-02 
-9.284592e-04 2.093570e-02 
5.085877e-03 -1.200545e-01 
2.040276e-02 6.000991e-01 
1.965915e-02 1.680915e-01 
-2.590102e-02 -1.563378e-01 
-3.151248e-02 -2.640282e-01 
-1.056698e-02 -2.166642e-01 
2.646041e-03 -9.904372e-02 
4.159421e-03 4.935001e-02 
-5.079938e-03 1.259496e-01 
-4.706165e-03 1.104317e-01 
-1.121461e-03 2.554002e-02 
6.120651e-03 -1.428855e-01 
-7.460616e-03 7.093272e-01 
2.633706e-02 2.286685e-01 
-2.583158e-02 -1.354567e-01 
-3.332596e-02 -2.672873e-01 
-1.219284e-02 -2.320004e-01 
1.551742e-03 -1.143992e-01 
3.554539e-03 4.258449e-02 
-5.189779e-03 1.257904e-01 
-5.000148e-03 1.148154e-01 
-1.198290e-03 2.649926e-02 
7.163072e-03 -1.636334e-01 
-5.407024e-02 8.257297e-01 
3.193591e-02 2.849243e-01 
-2.595377e-02 -1.210026e-01 
-3.342313e-02 -2.773335e-01 
-1.214017e-02 -2.513285e-01 
2.436754e-03 -1.359492e-01 
5.595683e-03 2.717803e-02 
-5.096330e-03 1.244114e-01 
-5.507710e-03 1.244304e-01 
-2.094999e-03 4.630566e-02 
6.012477e-03 -1.346279e-01 
-9.307761e-02 9.122418e-01 
3.759117e-02 3.303383e-01 
-2.737038e-02 -1.133938e-01 
-3.330934e-02 -2.819787e-01 
-1.195347e-02 -2.547034e-01 
2.350731e-03 -1.390467e-01 
5.475220e-03 2.325830e-02 
-5.138712e-03 1.227666e-01 
-5.480890e-03 1.189554e-01 
-1.956901e-03 4.088375e-02 
5.785883e-03 -1.236762e-01 
-2.028190e-01 1.002737e+00 
4.087545e-02 3.528703e-01 
-2.270070e-02 -1.019309e-01 
-2.369865e-02 -2.482721e-01 
-6.395232e-03 -2.063069e-01 
4.654154e-03 -8.432416e-02 
4.212101e-03 7.833357e-02 
-7.103927e-03 1.668255e-01 
-6.398624e-03 1.358480e-01 
-1.240425e-03 2.196752e-02 
8.829035e-03 -1.838524e-01 
-2.202833e-01 1.075426e+00 
5.794503e-02 4.883021e-01 
-2.287584e-02 -1.777391e-02 
-3.106158e-02 -2.488927e-01 
-1.269688e-02 -2.698919e-01 
1.176827e-03 -1.849135e-01 
6.265503e-03 -2.520403e-02 
-4.121834e-03 1.003686e-01 
-5.718982e-03 1.203284e-01 
-2.988870e-03 5.964277e-02 
4.866277e-03 -9.853367e-02 
