poroelastic
-1.263678e-02 -1.797531e-02 
-8.203668e-03 9.910753e-03 
1.942263e-02 8.851587e-02 
3.342708e-02 1.227327e-01 
1.076581e-02 7.301566e-02 
-3.838181e-03 -1.495309e-02 
-9.848553e-04 -8.601881e-02 
4.334530e-03 -2.327099e-02 
-2.590667e-03 5.084143e-02 
-8.300622e-03 6.572208e-02 
5.497083e-03 -3.866570e-02 
-8.291996e-02 7.181572e-02 
-4.795079e-03 1.970109e-01 
7.863455e-02 3.322814e-01 
1.312509e-01 3.482670e-01 
6.275131e-02 2.526320e-01 
2.652491e-02 1.128116e-01 
1.704191e-02 8.457436e-04 
8.667337e-03 1.318779e-02 
-3.381971e-04 6.392614e-02 
-7.741501e-03 8.914874e-02 
-5.386147e-03 3.879772e-02 
-3.334236e-03 1.457325e-03 
1.205010e-02 5.252921e-02 
2.888871e-02 1.142962e-01 
1.100575e-02 1.168649e-01 
-7.608045e-03 5.285318e-02 
-1.973829e-02 -1.368795e-02 
-2.226900e-02 -6.012387e-02 
-6.457874e-03 -4.855363e-02 
-2.200504e-03 -3.065133e-02 
3.271778e-04 -3.838962e-02 
1.465852e-02 -1.059947e-01 
-1.024295e-01 -3.419666e-02 
-2.819110e-02 -1.117769e-02 
2.793565e-02 8.824657e-02 
9.288588e-02 1.791279e-01 
5.680298e-02 1.846320e-01 
3.412098e-02 1.362236e-01 
2.143631e-02 6.980750e-02 
5.476640e-03 4.653063e-02 
-1.703411e-03 6.261021e-02 
-6.363435e-03 7.152831e-02 
-4.388257e-03 3.230307e-02 
-6.254461e-02 -1.778943e-02 
-1.226957e-02 -6.454501e-03 
2.545293e-02 7.847426e-02 
5.915230e-02 1.752306e-01 
3.165498e-02 1.828303e-01 
6.636248e-03 1.394221e-01 
-1.393574e-02 5.937067e-02 
-6.012466e-03 -2.262940e-02 
4.406859e-04 -4.914188e-02 
3.827405e-03 -5.649735e-02 
9.253885e-03 -6.866502e-02 
-5.821697e-02 -4.394513e-02 
-2.995649e-02 -8.457518e-02 
1.709889e-03 -2.283156e-02 
5.422983e-02 1.063287e-01 
3.782509e-02 1.600880e-01 
1.819334e-02 1.562863e-01 
-2.796454e-03 9.548831e-02 
-2.989487e-03 1.825283e-04 
1.381928e-03 -3.228998e-02 
2.880287e-03 -3.181772e-02 
2.167947e-03 -1.628563e-02 
-8.671607e-02 -3.518008e-02 
-4.056649e-02 -1.193958e-01 
-2.218058e-03 -6.225567e-02 
7.158190e-02 1.104675e-01 
5.338221e-02 2.014462e-01 
2.949671e-02 2.147038e-01 
1.204092e-03 1.461060e-01 
-2.947861e-03 1.493440e-02 
2.251016e-03 -3.519579e-02 
3.771518e-03 -3.426699e-02 
-6.705736e-04 5.071153e-03 
-3.020055e-02 -3.103439e-02 
-4.567495e-02 -1.549661e-01 
-2.187174e-02 -1.205404e-01 
4.872525e-02 8.019644e-02 
4.153078e-02 1.998929e-01 
1.678379e-02 2.360547e-01 
-1.807240e-02 1.650690e-01 
-7.762139e-03 -1.239441e-02 
4.736325e-03 -9.600604e-02 
1.037044e-02 -1.092461e-01 
7.200853e-03 -5.494775e-02 
-4.460566e-02 -1.527651e-02 
-6.102226e-02 -2.055648e-01 
-3.564891e-02 -1.957425e-01 
5.794707e-02 3.501677e-02 
5.455237e-02 1.903967e-01 
3.267579e-02 2.520073e-01 
-2.240455e-03 1.930574e-01 
-3.493310e-03 1.034293e-02 
5.254347e-03 -6.572165e-02 
7.101176e-03 -5.982260e-02 
-3.678702e-03 2.825660e-02 
-2.253579e-03 7.878744e-03 
-6.899316e-02 -2.329792e-01 
-5.270018e-02 -2.490642e-01 
4.750491e-02 1.760544e-02 
5.164818e-02 2.106082e-01 
2.607329e-02 2.953431e-01 
-1.721592e-02 2.253693e-01 
-6.159802e-03 -1.196698e-02 
8.984610e-03 -1.213723e-01 
1.330846e-02 -1.213710e-01 
3.365003e-04 -2.584400e-03 
2.275697e-03 5.253941e-02 
-7.983277e-02 -2.637252e-01 
-6.376964e-02 -3.026744e-01 
5.285961e-02 1.055492e-03 
5.864178e-02 2.285486e-01 
3.053754e-02 3.370324e-01 
-1.995827e-02 2.763649e-01 
-8.784038e-03 1.819312e-02 
8.135626e-03 -1.155523e-01 
1.482726e-02 -1.406002e-01 
5.678534e-03 -4.407393e-02 
8.551552e-02 7.773137e-02 
-8.816428e-02 -2.837241e-01 
-9.314284e-02 -3.700159e-01 
2.381588e-02 -7.335564e-02 
4.402545e-02 1.519456e-01 
2.539865e-02 2.555428e-01 
-1.052313e-02 1.820956e-01 
4.068928e-03 -7.546160e-02 
1.591089e-02 -1.464303e-01 
1.081040e-02 -7.244334e-02 
-1.977245e-02 1.500403e-01 
-4.867710e-02 2.168971e-01 
-8.601502e-02 -2.811577e-01 
-6.504687e-02 -3.670535e-01 
8.181646e-02 3.945109e-02 
8.071739e-02 3.621549e-01 
3.285595e-02 4.994983e-01 
-3.905126e-02 3.610377e-01 
-4.566709e-03 -6.551337e-02 
2.331239e-02 -2.543021e-01 
2.652664e-02 -2.234733e-01 
-7.462869e-03 5.719762e-02 
2.702207e-01 6.901714e-02 
-1.382800e-01 -4.291689e-01 
-1.878767e-01 -6.317293e-01 
-2.457402e-02 -2.978271e-01 
3.595625e-02 3.651174e-03 
3.898628e-02 2.411163e-01 
-7.610886e-03 3.429282e-01 
-1.903910e-02 1.611268e-01 
-1.235527e-03 -1.073885e-02 
1.327984e-02 -1.234670e-01 
1.476777e-02 -1.135191e-01 
