poroelastic
-2.272398e-02 1.090214e-02 
-7.782541e-03 7.055504e-02 
4.406254e-02 1.858985e-01 
6.619681e-02 2.290418e-01 
1.789514e-02 1.238968e-01 
-1.548797e-02 -4.921460e-02 
-1.077277e-02 -1.679107e-01 
9.372664e-03 -8.236308e-02 
3.543425e-03 2.635146e-02 
-8.954231e-03 8.872113e-02 
-3.918112e-03 2.339551e-02 
-1.295276e-01 8.724969e-02 
-2.235156e-02 2.590513e-01 
1.029222e-01 4.429949e-01 
1.871334e-01 4.561314e-01 
8.554602e-02 3.037031e-01 
2.916755e-02 8.351230e-02 
2.284090e-02 -6.876254e-02 
2.019576e-02 -5.899999e-03 
3.553956e-03 9.387541e-02 
-1.314784e-02 1.484979e-01 
-1.205679e-02 7.414532e-02 
-1.291774e-02 1.524085e-03 
1.969259e-02 9.005590e-02 
5.317884e-02 1.798831e-01 
2.463003e-02 1.674850e-01 
-1.019260e-02 5.938100e-02 
-2.924443e-02 -3.997179e-02 
-3.068076e-02 -9.849604e-02 
-1.153259e-02 -3.674458e-02 
-8.976305e-03 5.996848e-03 
-4.898045e-03 -2.825979e-02 
2.798772e-02 -1.731962e-01 
-1.429979e-01 -2.682363e-02 
-3.433640e-02 4.625213e-02 
4.913568e-02 1.866101e-01 
1.300743e-01 2.619796e-01 
7.146096e-02 2.183327e-01 
3.540601e-02 1.083351e-01 
2.553504e-02 7.810896e-03 
1.422040e-02 1.076644e-02 
2.993602e-03 6.122753e-02 
-8.588433e-03 1.075332e-01 
-1.310217e-02 8.288279e-02 
-1.090466e-01 -4.476622e-03 
-6.493269e-03 6.682901e-02 
5.959180e-02 1.945217e-01 
9.731479e-02 2.724043e-01 
4.442342e-02 2.253603e-01 
5.148268e-03 1.206607e-01 
-1.651924e-02 5.660610e-03 
-5.549311e-03 -4.963343e-02 
4.669688e-04 -4.479314e-02 
1.721007e-03 -3.244170e-02 
7.590173e-03 -4.857499e-02 
-9.716768e-02 -3.630972e-02 
-2.248554e-02 -1.541628e-02 
2.886734e-02 8.045077e-02 
8.063307e-02 1.813649e-01 
4.608880e-02 1.878229e-01 
1.652514e-02 1.387609e-01 
-5.642690e-03 5.345484e-02 
-2.787723e-03 -2.457508e-02 
2.012668e-03 -3.845822e-02 
2.565290e-03 -2.466550e-02 
1.104557e-03 -7.185936e-03 
-1.468061e-01 -3.295292e-02 
-3.659195e-02 -5.227008e-02 
2.678147e-02 4.535376e-02 
1.096103e-01 1.963230e-01 
7.020188e-02 2.420891e-01 
3.405497e-02 2.011137e-01 
4.682384e-03 9.793597e-02 
1.526786e-03 -2.468895e-02 
5.919698e-03 -4.737628e-02 
3.193509e-03 -6.918838e-03 
-1.018482e-02 6.696862e-02 
-8.113167e-02 -3.521210e-02 
-3.629765e-02 -8.642061e-02 
7.674411e-03 -1.108591e-02 
7.859436e-02 1.697194e-01 
5.313817e-02 2.482698e-01 
1.533615e-02 2.366468e-01 
-2.561981e-02 1.295662e-01 
-9.648825e-03 -5.532866e-02 
6.876460e-03 -1.281684e-01 
1.273365e-02 -1.176457e-01 
4.746133e-03 -3.165618e-02 
-1.011078e-01 -3.415074e-02 
-5.768954e-02 -1.530517e-01 
-1.311699e-02 -1.045093e-01 
8.843766e-02 1.084680e-01 
6.972627e-02 2.305401e-01 
3.725516e-02 2.510008e-01 
-1.805800e-03 1.596885e-01 
-5.394139e-04 -3.425986e-02 
9.716816e-03 -9.520596e-02 
8.770538e-03 -5.195351e-02 
-1.304404e-02 8.803584e-02 
-6.658574e-02 -2.500316e-02 
-6.897136e-02 -1.915003e-01 
-3.040901e-02 -1.630849e-01 
8.207169e-02 9.965899e-02 
7.088958e-02 2.692762e-01 
3.183436e-02 3.135543e-01 
-1.976067e-02 2.031090e-01 
-4.800497e-03 -6.129316e-02 
1.415726e-02 -1.631035e-01 
1.643786e-02 -1.223822e-01 
-9.318844e-03 6.312866e-02 
-3.848948e-02 4.730049e-03 
-8.154139e-02 -2.301827e-01 
-4.905405e-02 -2.256310e-01 
7.870462e-02 7.875768e-02 
7.255900e-02 2.876594e-01 
3.019318e-02 3.582788e-01 
-3.066762e-02 2.533371e-01 
-8.416849e-03 -4.410921e-02 
1.437626e-02 -1.798608e-01 
2.037153e-02 -1.684702e-01 
-1.919306e-04 1.325382e-03 
2.510990e-02 5.066250e-03 
-9.985536e-02 -2.761691e-01 
-8.204292e-02 -3.137640e-01 
5.484083e-02 -3.150870e-03 
6.357297e-02 2.104081e-01 
3.281459e-02 2.815395e-01 
-1.059577e-02 1.654989e-01 
9.605150e-03 -1.347292e-01 
2.431988e-02 -1.944612e-01 
1.372024e-02 -6.566226e-02 
-3.659168e-02 2.465580e-01 
-9.771858e-02 1.364873e-01 
-1.027172e-01 -2.933038e-01 
-5.357514e-02 -3.272200e-01 
1.281711e-01 1.293083e-01 
1.112855e-01 4.763950e-01 
3.820929e-02 5.796948e-01 
-5.474331e-02 3.663489e-01 
-2.067384e-03 -1.591170e-01 
3.643372e-02 -3.645579e-01 
3.655405e-02 -2.672906e-01 
-2.208092e-02 1.511617e-01 
2.512265e-01 -9.878308e-02 
-1.939266e-01 -5.180733e-01 
-2.291420e-01 -6.738768e-01 
-1.195217e-02 -2.664575e-01 
5.494007e-02 7.121494e-02 
4.822120e-02 3.021777e-01 
-1.265920e-02 3.654652e-01 
-1.659134e-02 1.128103e-01 
7.352273e-03 -8.430440e-02 
1.982734e-02 -1.577904e-01 
4.016403e-03 -2.797192e-02 
