poroelastic
2.936390e-03 -1.871118e-01 
-3.305256e-02 -3.626777e-01 
-1.008864e-01 -4.830595e-01 
-1.223700e-01 -4.881682e-01 
-4.901585e-02 -3.727874e-01 
-1.285237e-02 -2.112203e-01 
1.429595e-04 -4.438988e-02 
-6.841772e-03 7.115167e-02 
-1.029093e-02 8.393638e-02 
-4.139192e-03 1.217061e-02 
2.140376e-02 -1.690529e-01 
2.544833e-03 -1.781426e-01 
-4.599787e-02 -2.992694e-01 
-5.599292e-02 -3.148936e-01 
-1.901262e-02 -2.126038e-01 
7.076309e-03 -8.961125e-02 
1.744128e-02 2.902458e-02 
1.038708e-02 1.241984e-01 
-1.042135e-02 1.491839e-01 
-1.287035e-02 1.219476e-01 
-6.118397e-03 3.665213e-02 
1.698530e-02 -1.373168e-01 
8.418729e-02 -1.199151e-01 
-3.615791e-02 -2.727214e-01 
-7.946670e-02 -3.560561e-01 
-7.881908e-02 -3.222189e-01 
-3.033583e-02 -2.288293e-01 
-8.696129e-03 -1.133462e-01 
-3.498891e-03 -7.962172e-03 
-4.445933e-03 3.529046e-02 
-4.935981e-03 3.466084e-02 
-7.824412e-04 -8.835062e-03 
1.415191e-02 -1.145351e-01 
1.171085e-01 -1.363886e-01 
-5.362302e-02 -3.524109e-01 
-9.653192e-02 -4.627781e-01 
-7.018261e-02 -3.921342e-01 
-1.668689e-02 -2.487085e-01 
8.425987e-03 -8.389584e-02 
9.843886e-03 6.545724e-02 
-8.561090e-03 1.238578e-01 
-1.154308e-02 1.118879e-01 
-5.845010e-03 3.894296e-02 
1.410589e-02 -1.160763e-01 
1.525781e-01 -6.802438e-02 
-5.158171e-02 -3.143968e-01 
-9.551016e-02 -4.478204e-01 
-6.699295e-02 -3.780574e-01 
-1.495020e-02 -2.286201e-01 
8.030044e-03 -5.962071e-02 
6.329059e-03 8.633424e-02 
-9.949578e-03 1.265298e-01 
-1.097474e-02 1.005698e-01 
-3.906146e-03 1.876603e-02 
1.660557e-02 -1.375289e-01 
2.299930e-01 -2.421447e-02 
-5.460659e-02 -3.224286e-01 
-1.135583e-01 -5.032380e-01 
-8.664516e-02 -4.445269e-01 
-2.391910e-02 -2.846007e-01 
4.115244e-03 -9.536724e-02 
4.469386e-03 7.203635e-02 
-9.928468e-03 1.199220e-01 
-1.053306e-02 9.457169e-02 
-3.121559e-03 1.125449e-02 
1.750147e-02 -1.463639e-01 
2.390624e-01 5.095845e-02 
-5.527746e-02 -3.017237e-01 
-1.133947e-01 -5.166513e-01 
-7.544370e-02 -4.564687e-01 
-1.389011e-02 -2.800828e-01 
1.465303e-02 -7.287836e-02 
1.279058e-02 1.094534e-01 
-1.130934e-02 1.577200e-01 
-1.321326e-02 1.298589e-01 
-6.061504e-03 4.307883e-02 
1.409481e-02 -1.186125e-01 
2.929084e-01 1.445782e-01 
-4.892416e-02 -2.529283e-01 
-1.194426e-01 -5.095486e-01 
-8.658320e-02 -4.644533e-01 
-2.137539e-02 -2.879366e-01 
6.977100e-03 -7.569647e-02 
3.776021e-03 1.074101e-01 
-1.216835e-02 1.410127e-01 
-1.118287e-02 9.891529e-02 
-2.116316e-03 1.400669e-03 
1.943237e-02 -1.644324e-01 
3.076503e-01 2.358844e-01 
-4.950599e-02 -2.323804e-01 
-1.249191e-01 -5.390183e-01 
-8.425268e-02 -5.059316e-01 
-1.580406e-02 -3.168182e-01 
1.619067e-02 -8.406394e-02 
1.379421e-02 1.222810e-01 
-1.246330e-02 1.690269e-01 
-1.381006e-02 1.357868e-01 
-6.072035e-03 4.457954e-02 
1.384543e-02 -1.176879e-01 
3.188137e-01 3.459295e-01 
-3.955192e-02 -1.729223e-01 
-1.253067e-01 -5.175776e-01 
-8.569812e-02 -4.916749e-01 
-1.782046e-02 -2.985647e-01 
1.152529e-02 -6.253004e-02 
5.816656e-03 1.371933e-01 
-1.353729e-02 1.595975e-01 
-1.196141e-02 1.080752e-01 
-2.389386e-03 6.083144e-03 
1.853549e-02 -1.573388e-01 
3.081290e-01 4.722265e-01 
-3.666767e-02 -1.264339e-01 
-1.257281e-01 -5.174345e-01 
-8.188273e-02 -5.045845e-01 
-1.373633e-02 -3.054229e-01 
1.631536e-02 -5.811630e-02 
9.744458e-03 1.536678e-01 
-1.443722e-02 1.775268e-01 
-1.346469e-02 1.263809e-01 
-3.954488e-03 2.272524e-02 
1.700632e-02 -1.448712e-01 
3.194686e-01 5.752435e-01 
-2.459978e-02 -7.472684e-02 
-1.328221e-01 -5.182762e-01 
-8.895399e-02 -5.260988e-01 
-1.741708e-02 -3.283722e-01 
1.451427e-02 -8.097154e-02 
1.102673e-02 1.225961e-01 
-1.009055e-02 1.337515e-01 
-1.010454e-02 9.812256e-02 
-4.369724e-03 3.345157e-02 
8.329095e-03 -6.981055e-02 
1.805236e-01 7.294372e-01 
-2.261068e-02 -3.749034e-02 
-1.122248e-01 -4.864346e-01 
-5.488887e-02 -4.353521e-01 
1.507536e-03 -1.909602e-01 
1.888545e-02 7.924147e-02 
-2.917833e-03 2.703587e-01 
-2.037801e-02 2.106704e-01 
-1.169525e-02 9.112615e-02 
3.461867e-03 -5.442301e-02 
2.677426e-02 -2.249333e-01 
3.857317e-01 7.805508e-01 
1.744739e-03 4.023094e-02 
-1.614103e-01 -5.346585e-01 
-1.190231e-01 -6.530603e-01 
-3.149251e-02 -5.030477e-01 
1.691368e-02 -2.349062e-01 
2.347780e-02 7.471430e-02 
-1.574533e-02 2.140758e-01 
-2.116853e-02 2.050423e-01 
-1.144784e-02 9.190791e-02 
1.568259e-02 -1.302226e-01 
