poroelastic
-4.436069e-02 2.009754e-02 
-2.656329e-02 1.094913e-01 
4.140372e-02 2.288395e-01 
1.177491e-01 2.871358e-01 
6.844876e-02 2.602838e-01 
3.708649e-02 1.718458e-01 
2.109933e-02 7.269229e-02 
7.230003e-03 3.862483e-02 
8.702597e-04 5.115109e-02 
-4.017879e-03 6.796312e-02 
-6.583147e-03 5.445188e-02 
-5.968445e-02 1.441386e-01 
1.986330e-02 2.680696e-01 
7.835670e-02 3.407474e-01 
9.954080e-02 3.027815e-01 
4.680562e-02 2.267111e-01 
1.784183e-02 1.358516e-01 
1.864710e-03 4.789825e-02 
-1.470440e-04 -6.978784e-03 
1.165473e-03 -1.558938e-02 
9.409423e-04 -5.382388e-03 
-1.750150e-03 1.476826e-02 
-5.266787e-02 5.193201e-02 
7.956084e-03 1.147753e-01 
4.118853e-02 1.686177e-01 
5.689872e-02 1.745800e-01 
2.891455e-02 1.504105e-01 
1.024879e-02 1.069036e-01 
-3.677260e-03 4.839981e-02 
-3.147924e-03 -2.570371e-03 
-3.071270e-04 -2.159630e-02 
1.432821e-03 -2.743769e-02 
3.735953e-03 -3.161692e-02 
-1.665415e-01 6.371753e-02 
-4.573039e-03 1.427762e-01 
7.032753e-02 2.520999e-01 
1.349883e-01 3.134092e-01 
7.888937e-02 3.091346e-01 
4.360757e-02 2.440748e-01 
1.778251e-02 1.368334e-01 
2.859799e-03 3.747938e-02 
1.510708e-03 1.242986e-02 
-4.569938e-04 2.606446e-02 
-7.486587e-03 6.423087e-02 
-1.368425e-01 7.678074e-02 
1.788141e-02 1.583693e-01 
7.229328e-02 2.557841e-01 
9.515423e-02 3.024238e-01 
4.764678e-02 2.810671e-01 
1.195858e-02 2.087858e-01 
-1.605027e-02 8.620885e-02 
-5.703839e-03 -5.058882e-02 
3.877412e-03 -9.900758e-02 
7.341492e-03 -8.869819e-02 
2.429200e-03 -2.098489e-02 
-2.012001e-01 5.306909e-02 
4.583765e-03 1.065614e-01 
7.129139e-02 2.129896e-01 
1.188412e-01 2.976745e-01 
6.761058e-02 3.063178e-01 
3.083685e-02 2.463024e-01 
1.970857e-03 1.216076e-01 
1.443999e-05 -1.980151e-02 
4.864321e-03 -5.929155e-02 
4.304879e-03 -2.934369e-02 
-7.732886e-03 6.750581e-02 
-2.411791e-01 6.063674e-02 
1.015048e-02 1.057773e-01 
8.191261e-02 2.272388e-01 
1.279892e-01 3.369856e-01 
7.055618e-02 3.511708e-01 
2.713149e-02 2.825534e-01 
-7.307187e-03 1.328797e-01 
-1.515350e-03 -4.482470e-02 
6.826611e-03 -9.933271e-02 
7.353104e-03 -6.694952e-02 
-6.239873e-03 5.475266e-02 
-2.358280e-01 5.078391e-02 
9.583410e-03 7.950414e-02 
7.759697e-02 2.007481e-01 
1.183187e-01 3.316261e-01 
6.412408e-02 3.567354e-01 
1.874964e-02 2.908629e-01 
-1.781220e-02 1.291231e-01 
-2.409826e-03 -7.394412e-02 
9.177487e-03 -1.405752e-01 
1.053772e-02 -1.052859e-01 
-4.500495e-03 3.981853e-02 
-2.912157e-01 4.647311e-02 
6.457997e-03 4.644344e-02 
8.208443e-02 1.762306e-01 
1.329090e-01 3.353453e-01 
7.376275e-02 3.722244e-01 
2.674961e-02 3.056874e-01 
-9.681495e-03 1.366720e-01 
1.146529e-03 -7.068598e-02 
1.028179e-02 -1.270086e-01 
8.679749e-03 -7.247005e-02 
-1.134754e-02 1.009308e-01 
-2.678740e-01 5.099756e-02 
7.469078e-03 3.683917e-02 
7.824017e-02 1.612558e-01 
1.196032e-01 3.320607e-01 
6.381005e-02 3.716268e-01 
1.521710e-02 3.010931e-01 
-2.110128e-02 1.154570e-01 
2.029685e-03 -1.150092e-01 
1.412973e-02 -1.771174e-01 
1.218694e-02 -1.092112e-01 
-1.163236e-02 1.033974e-01 
-3.214646e-01 4.951877e-02 
5.851202e-03 -1.296842e-03 
8.276869e-02 1.339701e-01 
1.339793e-01 3.456224e-01 
7.327668e-02 4.106758e-01 
1.997085e-02 3.520419e-01 
-2.290607e-02 1.651112e-01 
3.428805e-05 -8.254444e-02 
1.319015e-02 -1.693754e-01 
1.325347e-02 -1.283611e-01 
-6.514681e-03 5.847334e-02 
-2.507952e-01 4.917437e-02 
1.388933e-03 -7.831494e-03 
7.036243e-02 1.111639e-01 
1.077273e-01 3.070254e-01 
5.437802e-02 3.421309e-01 
8.221138e-03 2.579024e-01 
-1.996042e-02 6.220349e-02 
8.591316e-03 -1.565012e-01 
1.753616e-02 -1.862713e-01 
1.031340e-02 -8.007102e-02 
-1.919974e-02 1.685494e-01 
-3.511820e-01 1.102639e-01 
2.498307e-02 1.107345e-02 
9.323279e-02 1.453665e-01 
1.260933e-01 3.712801e-01 
6.157282e-02 4.213564e-01 
5.321606e-03 3.204105e-01 
-2.822227e-02 6.439514e-02 
1.333130e-02 -2.293763e-01 
2.568838e-02 -2.721041e-01 
1.499319e-02 -1.164915e-01 
-2.912696e-02 2.579877e-01 
-2.504034e-01 1.244561e-02 
-3.467628e-02 -1.248500e-01 
5.572626e-02 -2.385803e-02 
1.209776e-01 2.669567e-01 
7.202484e-02 3.947737e-01 
1.977423e-02 3.954620e-01 
-3.041644e-02 2.432944e-01 
-3.064847e-03 -2.836594e-02 
1.439400e-02 -1.675015e-01 
1.810079e-02 -1.763851e-01 
6.222414e-04 -5.535853e-03 
