poroelastic
4.477739e-02 -8.425648e-03 
4.132243e-02 -3.353385e-02 
1.482842e-02 -2.031451e-02 
-8.106806e-02 -4.149904e-02 
-7.397091e-02 -1.442057e-01 
-6.565990e-02 -2.503771e-01 
-3.389302e-02 -2.976817e-01 
4.510725e-03 -1.417201e-01 
-9.385361e-04 8.745674e-03 
-1.087307e-02 5.833367e-02 
1.129213e-02 -6.143052e-02 
-9.193488e-02 9.840276e-03 
-2.361920e-02 1.342673e-01 
7.571028e-02 3.130933e-01 
1.401678e-01 3.571786e-01 
5.756164e-02 2.104632e-01 
1.670328e-02 -1.124079e-02 
2.966674e-02 -1.532116e-01 
2.805322e-02 -4.242395e-02 
2.930652e-03 1.186120e-01 
-2.169626e-02 2.078513e-01 
-2.258040e-02 1.270747e-01 
5.044352e-02 -2.766028e-02 
3.116457e-02 2.977486e-02 
3.078568e-02 9.476461e-02 
-4.377474e-02 6.786075e-02 
-5.650268e-02 -6.551825e-02 
-5.919922e-02 -1.727181e-01 
-4.091805e-02 -2.134300e-01 
-5.878772e-03 -1.081168e-01 
-2.990936e-03 -2.896604e-02 
-2.995852e-03 -1.914563e-02 
2.244665e-02 -1.273207e-01 
-3.271312e-03 -1.035953e-01 
-2.785988e-02 -1.082253e-01 
-1.067073e-02 -3.747046e-02 
1.070676e-02 2.362551e-02 
1.349537e-03 -1.282806e-02 
1.158440e-04 -7.406140e-02 
1.700157e-02 -1.044027e-01 
1.485865e-02 -2.417949e-02 
2.284921e-05 7.258523e-02 
-1.358688e-02 1.237871e-01 
-1.097936e-02 6.386357e-02 
2.210394e-02 -8.414948e-02 
-2.285446e-02 -1.021059e-01 
-1.150123e-02 -3.742215e-02 
3.063217e-03 4.961375e-02 
-4.653427e-03 2.854875e-02 
-1.272928e-02 -2.805206e-02 
-8.520706e-03 -7.538072e-02 
3.076323e-03 -5.643785e-02 
1.073303e-03 -5.772383e-03 
-3.728410e-03 2.537575e-02 
1.770240e-03 -1.043716e-02 
1.058956e-01 -1.188549e-01 
-3.954254e-02 -1.979421e-01 
-6.059393e-02 -1.887968e-01 
-4.440644e-02 -8.786178e-02 
-2.070742e-02 -5.073352e-02 
-1.353535e-02 -3.170250e-02 
-1.083420e-02 -2.918719e-02 
-1.239731e-03 -3.402985e-02 
5.412840e-04 -1.960488e-02 
9.643795e-06 -9.407596e-03 
5.624383e-03 -3.372727e-02 
9.082541e-02 -1.252773e-01 
-6.936113e-02 -2.658122e-01 
-8.381850e-02 -2.744141e-01 
-2.068997e-02 -1.198130e-01 
7.195924e-03 -2.350165e-02 
1.383789e-02 2.495677e-02 
1.208934e-02 2.985226e-02 
5.265780e-03 -3.658271e-03 
2.007395e-03 1.083103e-02 
-3.511531e-03 4.240935e-02 
-9.989689e-03 6.064780e-02 
1.790927e-01 -1.152571e-01 
-7.800501e-02 -3.004176e-01 
-1.142486e-01 -3.440635e-01 
-5.097805e-02 -1.590516e-01 
-6.409060e-03 -1.956054e-02 
-3.351473e-04 7.152059e-02 
-1.600991e-02 8.562362e-02 
-6.863465e-03 -1.273464e-02 
2.788605e-03 -6.019137e-02 
7.385071e-03 -6.906225e-02 
8.626059e-03 -5.309776e-02 
2.205716e-01 -1.116495e-01 
-1.109642e-01 -3.798546e-01 
-1.562574e-01 -4.767123e-01 
-5.638398e-02 -2.646773e-01 
6.783280e-03 -6.484709e-02 
2.319295e-02 8.223529e-02 
8.337871e-03 1.325693e-01 
-1.399774e-03 2.829320e-02 
2.572641e-03 -1.692945e-02 
2.486991e-03 -1.006476e-02 
-6.479638e-03 4.035800e-02 
2.657801e-01 -9.565340e-02 
-1.315346e-01 -4.285655e-01 
-1.855690e-01 -5.556468e-01 
-5.752871e-02 -2.827801e-01 
1.498043e-02 -1.703064e-02 
2.426720e-02 1.678733e-01 
-7.255106e-03 2.045606e-01 
-6.970427e-03 1.974465e-02 
6.292641e-03 -7.438837e-02 
1.065026e-02 -7.926165e-02 
-6.807443e-04 4.257967e-03 
3.366543e-01 -3.814690e-02 
-1.564857e-01 -4.562801e-01 
-2.172745e-01 -6.342190e-01 
-6.555904e-02 -3.332433e-01 
1.876795e-02 -2.113240e-02 
2.897682e-02 2.078356e-01 
-1.232149e-02 2.712209e-01 
-1.238826e-02 5.729815e-02 
4.580231e-03 -7.249843e-02 
1.362740e-02 -1.120115e-01 
8.394501e-03 -5.337055e-02 
4.038766e-01 -3.943517e-02 
-1.812135e-01 -5.257872e-01 
-2.675060e-01 -7.597135e-01 
-8.569322e-02 -4.340464e-01 
1.896304e-02 -8.015767e-02 
3.855042e-02 1.718965e-01 
7.243595e-03 2.200813e-01 
4.605854e-03 -2.863035e-02 
1.549821e-02 -1.025276e-01 
8.054564e-03 -2.653150e-02 
-3.130821e-02 1.948737e-01 
3.045421e-01 1.293632e-01 
-2.114805e-01 -5.397938e-01 
-2.454538e-01 -7.912074e-01 
2.929182e-03 -2.941363e-01 
8.045222e-02 2.272628e-01 
5.193982e-02 5.536413e-01 
-4.623528e-02 5.330345e-01 
-2.113979e-02 3.796706e-02 
2.155656e-02 -2.415469e-01 
3.724500e-02 -2.822204e-01 
8.494874e-03 -5.361444e-02 
7.282786e-01 -9.908169e-02 
-2.570595e-01 -7.207384e-01 
-4.531850e-01 -1.126779e+00 
-2.029057e-01 -8.153899e-01 
-1.819821e-02 -4.090916e-01 
5.518655e-02 9.076418e-03 
2.934944e-02 3.424486e-01 
-2.840537e-02 2.843133e-01 
-1.755979e-02 1.252316e-01 
2.444264e-03 -2.920941e-02 
1.524752e-02 -9.707540e-02 
