poroelastic
-8.691430e-03 -1.550956e-01 
-1.932759e-02 -2.737775e-01 
-3.606499e-02 -3.431022e-01 
-3.062806e-02 -3.055261e-01 
-8.915911e-03 -1.957840e-01 
-5.067528e-04 -7.365479e-02 
-5.036317e-04 2.276158e-02 
-1.691214e-03 3.638438e-02 
-1.103055e-03 2.398997e-02 
2.559038e-04 -5.415366e-03 
2.786048e-03 -6.044184e-02 
1.657508e-02 -7.637673e-02 
-1.479677e-02 -1.971774e-01 
-2.354399e-02 -2.517296e-01 
-1.307782e-02 -1.930826e-01 
-5.416168e-04 -8.534021e-02 
2.867992e-03 1.694234e-02 
-7.992677e-04 8.011258e-02 
-2.656032e-03 5.824977e-02 
-1.010152e-03 2.257458e-02 
7.226789e-04 -1.548555e-02 
2.362597e-03 -5.241415e-02 
4.459088e-02 4.315055e-02 
-7.167810e-03 -1.041693e-01 
-2.274707e-02 -2.075814e-01 
-2.068461e-02 -2.088454e-01 
-5.801401e-03 -1.310259e-01 
-2.154862e-04 -4.286694e-02 
-6.667430e-04 2.284091e-02 
-1.054614e-03 2.269865e-02 
-2.575087e-04 6.067686e-03 
6.335375e-04 -1.351232e-02 
1.154575e-03 -2.565642e-02 
5.842001e-02 1.378443e-01 
-2.529664e-03 -5.050830e-02 
-2.192634e-02 -1.925418e-01 
-2.202114e-02 -2.210215e-01 
-6.471846e-03 -1.541320e-01 
3.237180e-04 -6.048116e-02 
1.796280e-05 2.572224e-02 
-2.063422e-03 4.492479e-02 
-1.366471e-03 3.081055e-02 
2.160522e-04 -3.569715e-03 
2.590337e-03 -5.853201e-02 
5.595253e-02 2.571767e-01 
3.821485e-03 3.039182e-02 
-1.895415e-02 -1.533566e-01 
-2.262963e-02 -2.223564e-01 
-7.057128e-03 -1.779761e-01 
1.200170e-03 -8.977081e-02 
2.118478e-03 8.962994e-03 
-2.304265e-03 4.978148e-02 
-2.290030e-03 5.008660e-02 
-8.971353e-04 2.105262e-02 
2.078829e-03 -4.717965e-02 
5.543323e-02 3.653476e-01 
9.712510e-03 9.845965e-02 
-1.832809e-02 -1.291587e-01 
-2.592844e-02 -2.334019e-01 
-9.266506e-03 -2.057227e-01 
3.911353e-04 -1.214743e-01 
2.679307e-03 -1.244711e-02 
-2.207655e-03 4.741374e-02 
-2.497368e-03 5.451467e-02 
-1.109677e-03 2.608311e-02 
2.050538e-03 -4.696486e-02 
8.357331e-03 4.844571e-01 
1.669899e-02 1.854204e-01 
-1.288919e-02 -7.536032e-02 
-2.220713e-02 -2.080298e-01 
-7.714261e-03 -1.957219e-01 
1.635631e-03 -1.185832e-01 
3.647036e-03 -6.117311e-03 
-2.984679e-03 6.335717e-02 
-3.183932e-03 6.893194e-02 
-1.423338e-03 3.323466e-02 
2.189113e-03 -5.018905e-02 
-2.097119e-02 5.949580e-01 
2.386114e-02 2.688334e-01 
-1.052265e-02 -2.645229e-02 
-2.424077e-02 -1.933039e-01 
-1.011820e-02 -2.041472e-01 
-5.519781e-04 -1.377740e-01 
2.367729e-03 -2.455718e-02 
-2.412210e-03 5.121892e-02 
-2.767740e-03 6.071319e-02 
-9.494946e-04 2.354044e-02 
3.111754e-03 -7.128994e-02 
-7.219521e-02 6.890013e-01 
2.828387e-02 3.204416e-01 
-9.376577e-03 -1.359854e-02 
-2.274174e-02 -2.085199e-01 
-8.510617e-03 -2.299303e-01 
2.520492e-03 -1.606880e-01 
6.174073e-03 -3.134589e-02 
-3.240255e-03 6.749879e-02 
-4.406363e-03 9.282894e-02 
-2.816041e-03 6.314079e-02 
1.688558e-03 -3.842705e-02 
-1.039223e-01 7.914119e-01 
3.441252e-02 3.897195e-01 
-9.773837e-03 1.860701e-02 
-2.549903e-02 -2.062087e-01 
-1.085000e-02 -2.433693e-01 
5.123083e-04 -1.862809e-01 
5.544600e-03 -6.112535e-02 
-2.276398e-03 4.800060e-02 
-3.763235e-03 7.867208e-02 
-2.523216e-03 5.571002e-02 
1.491831e-03 -3.337973e-02 
-1.910659e-01 8.789637e-01 
3.929393e-02 4.380422e-01 
-6.445247e-03 4.973486e-02 
-2.068540e-02 -1.809158e-01 
-8.299661e-03 -2.185478e-01 
1.608003e-03 -1.652292e-01 
5.529838e-03 -4.605960e-02 
-2.838033e-03 5.973193e-02 
-3.983937e-03 8.284455e-02 
-2.409658e-03 5.261885e-02 
1.642311e-03 -3.619498e-02 
-2.510249e-01 9.314335e-01 
4.260240e-02 4.676877e-01 
-5.449804e-03 6.426115e-02 
-1.777892e-02 -1.645251e-01 
-6.858260e-03 -2.033323e-01 
1.964913e-03 -1.485901e-01 
4.662679e-03 -2.823050e-02 
-3.467023e-03 7.289463e-02 
-4.407746e-03 9.005911e-02 
-2.193099e-03 4.679046e-02 
3.205432e-03 -6.773524e-02 
-3.229931e-01 1.013341e+00 
4.738570e-02 5.035620e-01 
-5.444472e-03 8.461068e-02 
-1.580596e-02 -1.429175e-01 
-6.342152e-03 -1.893919e-01 
1.238906e-03 -1.426824e-01 
3.566778e-03 -2.966082e-02 
-3.039766e-03 6.598241e-02 
-4.149534e-03 8.514670e-02 
-2.035759e-03 4.231143e-02 
4.115969e-03 -8.503680e-02 
-3.602655e-01 1.032977e+00 
5.201938e-02 5.744797e-01 
-4.455717e-03 1.246589e-01 
-1.559934e-02 -1.342948e-01 
-6.256224e-03 -2.016707e-01 
1.945062e-03 -1.752407e-01 
6.267617e-03 -7.964626e-02 
-7.659260e-04 2.038767e-02 
-3.346589e-03 6.713760e-02 
-3.512130e-03 7.058789e-02 
-7.077839e-04 1.429302e-02 
