poroelastic
-9.385406e-03 -2.086522e-01 
-4.079859e-02 -3.875723e-01 
-9.298131e-02 -4.988068e-01 
-9.505740e-02 -4.746130e-01 
-3.379420e-02 -3.361116e-01 
-5.995502e-03 -1.638798e-01 
1.671343e-04 -1.512192e-03 
-7.121893e-03 8.441461e-02 
-8.321745e-03 7.941543e-02 
-2.169906e-03 3.273494e-03 
1.743409e-02 -1.645153e-01 
5.506258e-03 -1.840151e-01 
-4.481011e-02 -3.236188e-01 
-5.475309e-02 -3.500609e-01 
-1.935440e-02 -2.334962e-01 
6.035373e-03 -8.790140e-02 
1.402924e-02 4.864573e-02 
4.501992e-03 1.449993e-01 
-1.042346e-02 1.441362e-01 
-9.549932e-03 9.916851e-02 
-2.504857e-03 1.038792e-02 
1.488803e-02 -1.433932e-01 
7.670730e-02 -1.131065e-01 
-3.754597e-02 -2.845920e-01 
-7.227714e-02 -3.740556e-01 
-6.172198e-02 -3.234848e-01 
-2.028157e-02 -2.092926e-01 
-3.405742e-03 -8.085029e-02 
-2.340597e-03 2.422795e-02 
-4.469175e-03 4.686091e-02 
-3.819689e-03 3.291954e-02 
1.449394e-04 -1.280335e-02 
1.062930e-02 -1.023233e-01 
1.098705e-01 -1.021101e-01 
-4.648109e-02 -3.296772e-01 
-8.165885e-02 -4.477935e-01 
-5.550976e-02 -3.752835e-01 
-1.122245e-02 -2.260807e-01 
7.930476e-03 -5.929745e-02 
5.820406e-03 8.374431e-02 
-8.596874e-03 1.224513e-01 
-9.013336e-03 9.733877e-02 
-3.169856e-03 2.175382e-02 
1.214691e-02 -1.186612e-01 
1.422809e-01 -1.815840e-02 
-4.154440e-02 -2.770973e-01 
-7.927603e-02 -4.234246e-01 
-5.434615e-02 -3.640106e-01 
-1.105407e-02 -2.173831e-01 
7.259366e-03 -5.034545e-02 
3.957188e-03 9.237007e-02 
-9.292694e-03 1.244602e-01 
-8.835182e-03 9.259095e-02 
-2.241037e-03 1.062666e-02 
1.378550e-02 -1.352944e-01 
2.028356e-01 4.527216e-02 
-4.041534e-02 -2.625271e-01 
-9.003798e-02 -4.549698e-01 
-6.780023e-02 -4.144591e-01 
-1.748447e-02 -2.659306e-01 
4.682761e-03 -8.581209e-02 
3.439451e-03 7.571473e-02 
-9.133678e-03 1.201715e-01 
-8.815681e-03 9.221089e-02 
-2.109523e-03 9.359219e-03 
1.431522e-02 -1.416686e-01 
2.046500e-01 1.394909e-01 
-3.590063e-02 -2.177183e-01 
-8.658887e-02 -4.460526e-01 
-6.007249e-02 -4.173474e-01 
-1.131539e-02 -2.641095e-01 
1.131484e-02 -7.397218e-02 
8.897067e-03 9.967053e-02 
-1.041351e-02 1.490733e-01 
-1.093370e-02 1.211420e-01 
-4.259058e-03 3.504710e-02 
1.238433e-02 -1.231185e-01 
2.406746e-01 2.464853e-01 
-2.733220e-02 -1.540464e-01 
-8.898997e-02 -4.251553e-01 
-6.870359e-02 -4.213722e-01 
-1.761691e-02 -2.761536e-01 
5.346293e-03 -8.657803e-02 
3.149885e-03 8.825860e-02 
-1.034458e-02 1.327284e-01 
-9.421329e-03 9.809170e-02 
-1.780500e-03 5.702626e-03 
1.574149e-02 -1.570888e-01 
2.357177e-01 3.491379e-01 
-2.364414e-02 -1.161510e-01 
-8.978713e-02 -4.341523e-01 
-6.571069e-02 -4.490097e-01 
-1.332403e-02 -2.994150e-01 
1.220345e-02 -9.612579e-02 
1.069479e-02 9.830643e-02 
-1.102426e-02 1.578284e-01 
-1.182725e-02 1.320963e-01 
-4.980814e-03 4.410084e-02 
1.196837e-02 -1.197254e-01 
2.318874e-01 4.676304e-01 
-1.235017e-02 -4.351080e-02 
-8.802686e-02 -3.993872e-01 
-6.755312e-02 -4.319073e-01 
-1.611600e-02 -2.882405e-01 
7.751285e-03 -8.847350e-02 
5.022685e-03 9.947278e-02 
-1.110090e-02 1.449027e-01 
-1.026852e-02 1.085969e-01 
-2.455300e-03 1.431303e-02 
1.512734e-02 -1.507913e-01 
1.988606e-01 5.922547e-01 
-6.913358e-03 9.163170e-03 
-8.596793e-02 -3.886615e-01 
-6.327957e-02 -4.374832e-01 
-1.262192e-02 -2.928426e-01 
1.161898e-02 -8.633358e-02 
8.470348e-03 1.112552e-01 
-1.186982e-02 1.611052e-01 
-1.165077e-02 1.266599e-01 
-3.939693e-03 3.174899e-02 
1.372145e-02 -1.368429e-01 
1.910951e-01 6.964906e-01 
4.616990e-03 6.866698e-02 
-8.919105e-02 -3.762885e-01 
-6.772201e-02 -4.484276e-01 
-1.550943e-02 -3.107898e-01 
9.882430e-03 -1.076678e-01 
9.089477e-03 8.401341e-02 
-9.036028e-03 1.278946e-01 
-9.651698e-03 1.057602e-01 
-4.265765e-03 3.840972e-02 
8.765062e-03 -8.583206e-02 
5.306354e-02 8.322820e-01 
9.453685e-03 1.082625e-01 
-7.290988e-02 -3.412557e-01 
-4.344749e-02 -3.706269e-01 
-2.828855e-03 -2.030719e-01 
1.253472e-02 1.205750e-02 
2.592880e-04 1.920040e-01 
-1.543864e-02 1.861993e-01 
-1.072314e-02 1.046949e-01 
5.294717e-04 -2.197758e-02 
2.050715e-02 -2.005484e-01 
1.916213e-01 8.953215e-01 
3.016550e-02 1.966547e-01 
-1.034876e-01 -3.581605e-01 
-8.351581e-02 -5.235684e-01 
-2.346254e-02 -4.308380e-01 
1.114096e-02 -2.242142e-01 
1.727414e-02 3.299062e-02 
-1.121326e-02 1.680672e-01 
-1.580696e-02 1.744659e-01 
-9.169066e-03 8.698787e-02 
1.109101e-02 -1.069120e-01 
