poroelastic
-1.067190e-02 -1.345226e-01 
-2.074199e-02 -2.419874e-01 
-3.628515e-02 -3.128427e-01 
-2.760975e-02 -2.890392e-01 
-5.599848e-03 -1.935066e-01 
3.009418e-03 -7.801891e-02 
1.433771e-03 3.230983e-02 
-5.054351e-03 7.764068e-02 
-4.369349e-03 6.539869e-02 
-8.700497e-04 1.266508e-02 
5.923522e-03 -8.833610e-02 
1.309094e-02 -1.063688e-01 
-1.938910e-02 -2.181292e-01 
-2.629046e-02 -2.629344e-01 
-1.226950e-02 -2.000271e-01 
1.073243e-03 -9.310389e-02 
4.128090e-03 1.735237e-02 
-2.165710e-03 1.022894e-01 
-6.758290e-03 1.039178e-01 
-4.121554e-03 6.274908e-02 
8.210268e-04 -1.288811e-02 
8.607031e-03 -1.309987e-01 
3.961734e-02 -2.187760e-02 
-1.363131e-02 -1.447929e-01 
-2.552583e-02 -2.225403e-01 
-1.774371e-02 -2.073542e-01 
-2.589742e-03 -1.276864e-01 
2.741718e-03 -3.446278e-02 
2.078454e-04 4.454836e-02 
-3.827133e-03 5.914409e-02 
-2.788547e-03 4.240739e-02 
-1.988040e-04 2.993804e-03 
4.053097e-03 -6.161008e-02 
6.662164e-02 2.121722e-02 
-1.266818e-02 -1.331216e-01 
-2.866878e-02 -2.391001e-01 
-2.170547e-02 -2.394236e-01 
-4.017814e-03 -1.606020e-01 
3.044593e-03 -5.989118e-02 
1.231122e-03 3.547212e-02 
-4.356586e-03 6.832393e-02 
-3.566144e-03 5.487370e-02 
-6.510572e-04 1.015509e-02 
4.445613e-03 -6.853658e-02 
5.494070e-02 1.070475e-01 
-6.286423e-03 -5.983044e-02 
-2.123407e-02 -1.816288e-01 
-1.564686e-02 -2.017793e-01 
-1.407777e-03 -1.350079e-01 
4.611203e-03 -4.233473e-02 
1.992609e-03 4.913931e-02 
-5.178461e-03 8.148235e-02 
-4.263541e-03 6.572445e-02 
-1.096086e-03 1.714687e-02 
4.336855e-03 -6.714303e-02 
7.906668e-02 1.717444e-01 
-3.025442e-03 -2.067579e-02 
-2.394392e-02 -1.735417e-01 
-2.245909e-02 -2.212936e-01 
-5.536496e-03 -1.698169e-01 
2.300737e-03 -8.164481e-02 
1.777593e-03 1.631307e-02 
-3.917450e-03 6.168295e-02 
-3.571384e-03 5.541006e-02 
-8.769689e-04 1.399855e-02 
4.283195e-03 -6.685850e-02 
4.824301e-02 2.446231e-01 
1.808902e-03 3.082907e-02 
-1.874294e-02 -1.405034e-01 
-1.715496e-02 -2.031247e-01 
-2.579963e-03 -1.600701e-01 
5.101219e-03 -7.531915e-02 
4.271594e-03 2.459152e-02 
-4.697657e-03 7.513073e-02 
-4.744328e-03 7.340393e-02 
-2.293911e-03 3.599576e-02 
2.718086e-03 -4.259526e-02 
3.105579e-02 3.209287e-01 
7.722203e-03 9.482214e-02 
-1.606405e-02 -9.568477e-02 
-1.815764e-02 -1.803564e-01 
-4.522949e-03 -1.532783e-01 
2.702341e-03 -8.038760e-02 
2.498477e-03 1.193057e-02 
-3.757032e-03 5.970104e-02 
-3.628388e-03 5.639046e-02 
-1.235514e-03 1.965938e-02 
3.466994e-03 -5.442426e-02 
1.166126e-02 3.794814e-01 
1.056409e-02 1.270741e-01 
-1.576246e-02 -8.892696e-02 
-1.796388e-02 -1.933629e-01 
-3.828041e-03 -1.742222e-01 
4.701604e-03 -1.016702e-01 
5.533183e-03 -5.295635e-04 
-3.904964e-03 6.343485e-02 
-4.675447e-03 7.214669e-02 
-2.883819e-03 4.504709e-02 
1.404431e-03 -2.202595e-02 
-3.543608e-02 4.511687e-01 
1.704121e-02 1.902401e-01 
-1.144258e-02 -3.720528e-02 
-1.616808e-02 -1.567753e-01 
-4.393840e-03 -1.510214e-01 
2.777525e-03 -9.205772e-02 
3.633681e-03 -5.055223e-03 
-3.005721e-03 4.896039e-02 
-3.540571e-03 5.464787e-02 
-1.880060e-03 2.925458e-02 
2.025364e-03 -3.150449e-02 
-7.958932e-02 5.051818e-01 
2.010055e-02 2.189218e-01 
-9.689425e-03 -2.325496e-02 
-1.386661e-02 -1.521414e-01 
-2.997678e-03 -1.495402e-01 
3.966139e-03 -8.999473e-02 
4.521895e-03 2.675786e-04 
-3.544481e-03 5.816514e-02 
-4.265050e-03 6.564236e-02 
-2.504902e-03 3.867251e-02 
1.875029e-03 -2.896495e-02 
-1.029279e-01 5.597674e-01 
2.439601e-02 2.619144e-01 
-1.016346e-02 9.447386e-04 
-1.531239e-02 -1.455497e-01 
-4.428967e-03 -1.564900e-01 
2.789815e-03 -1.073025e-01 
4.589991e-03 -2.331313e-02 
-2.149319e-03 3.698052e-02 
-3.568737e-03 5.420162e-02 
-2.665404e-03 4.017935e-02 
1.008347e-03 -1.517194e-02 
-1.963706e-01 6.165422e-01 
2.928478e-02 2.881993e-01 
-3.853774e-03 3.167328e-02 
-8.734820e-03 -9.878130e-02 
-1.933664e-03 -1.050558e-01 
2.362852e-03 -6.161954e-02 
2.274063e-03 4.987441e-03 
-2.522117e-03 4.239704e-02 
-2.971353e-03 4.529089e-02 
-1.543807e-03 2.280397e-02 
2.364811e-03 -3.518570e-02 
-1.565770e-01 6.169124e-01 
2.809577e-02 2.935220e-01 
-1.118941e-02 5.276480e-03 
-1.258133e-02 -1.398214e-01 
-2.765487e-03 -1.510841e-01 
3.613352e-03 -1.055023e-01 
5.239832e-03 -2.775111e-02 
-1.602347e-03 3.094499e-02 
-3.509756e-03 5.377187e-02 
-3.286999e-03 4.887654e-02 
-4.901756e-04 7.163595e-03 
