poroelastic
-7.876553e-02 3.751294e-02 
-5.305801e-02 1.591350e-01 
4.133133e-02 2.880963e-01 
1.749027e-01 3.512524e-01 
1.098095e-01 3.517197e-01 
6.823045e-02 2.794285e-01 
4.071255e-02 1.830585e-01 
1.133635e-02 9.265711e-02 
2.792830e-03 5.743804e-02 
-2.080741e-03 6.584804e-02 
-1.463013e-02 1.057238e-01 
-2.154042e-02 1.390999e-01 
2.816863e-02 2.094493e-01 
4.684606e-02 1.949436e-01 
3.657739e-02 1.229734e-01 
1.680104e-02 1.019904e-01 
5.600026e-03 1.118726e-01 
-1.342001e-02 1.122720e-01 
-1.498057e-02 3.426796e-02 
-5.405870e-03 -4.979939e-02 
6.076825e-03 -1.152552e-01 
1.743977e-02 -1.295032e-01 
-8.495683e-02 5.363496e-02 
-1.051795e-02 9.598846e-02 
2.794196e-02 1.237035e-01 
8.116065e-02 1.393625e-01 
5.685999e-02 1.780044e-01 
3.958184e-02 1.896733e-01 
1.765798e-02 1.562616e-01 
-4.787639e-04 7.142565e-02 
-1.054175e-03 1.619932e-02 
1.041060e-03 -7.846496e-03 
-1.016775e-03 7.596818e-03 
-1.882191e-01 1.293101e-01 
8.640060e-03 2.385786e-01 
8.697789e-02 3.258081e-01 
1.475744e-01 3.379110e-01 
8.415815e-02 3.266932e-01 
4.363527e-02 2.646812e-01 
1.076466e-02 1.555282e-01 
-9.273824e-04 2.510992e-02 
2.497339e-03 -2.815812e-02 
3.864599e-03 -2.410245e-02 
-5.822832e-03 4.420438e-02 
-1.616997e-01 1.364919e-01 
3.729261e-02 2.585110e-01 
9.279784e-02 3.280572e-01 
1.015551e-01 3.010330e-01 
4.913881e-02 2.623732e-01 
1.372854e-02 2.009769e-01 
-1.629432e-02 1.018659e-01 
-8.904301e-03 -2.855626e-02 
2.533927e-03 -9.416532e-02 
8.874433e-03 -1.027768e-01 
4.864038e-03 -3.739958e-02 
-2.806626e-01 1.262981e-01 
3.091224e-02 2.542287e-01 
1.144860e-01 3.635804e-01 
1.526291e-01 3.678796e-01 
8.105384e-02 3.333750e-01 
3.696810e-02 2.447394e-01 
6.959434e-03 1.095688e-01 
2.046658e-03 -1.925044e-02 
6.024646e-03 -5.147973e-02 
4.256091e-03 -1.277805e-02 
-1.289485e-02 1.005551e-01 
-3.243064e-01 1.458629e-01 
5.757286e-02 3.086383e-01 
1.449878e-01 4.480523e-01 
1.551858e-01 4.445419e-01 
7.132741e-02 3.743396e-01 
1.828426e-02 2.490418e-01 
-1.522600e-02 7.846744e-02 
-2.165137e-03 -7.757672e-02 
8.311682e-03 -1.191550e-01 
9.236330e-03 -7.838307e-02 
-6.652280e-03 5.239931e-02 
-3.589369e-01 1.307746e-01 
6.594169e-02 3.067959e-01 
1.563027e-01 4.617440e-01 
1.543675e-01 4.576111e-01 
6.759094e-02 3.750928e-01 
1.308496e-02 2.329540e-01 
-1.703458e-02 4.510262e-02 
9.246360e-04 -1.089674e-01 
1.109543e-02 -1.369591e-01 
9.551591e-03 -7.190877e-02 
-1.173587e-02 9.379139e-02 
-4.567711e-01 1.183490e-01 
7.935307e-02 3.108141e-01 
1.842499e-01 5.083118e-01 
1.792413e-01 5.227928e-01 
7.629834e-02 4.227297e-01 
1.442614e-02 2.476592e-01 
-1.539155e-02 2.841294e-02 
4.614907e-03 -1.296447e-01 
1.308255e-02 -1.422869e-01 
8.631914e-03 -5.510586e-02 
-1.663240e-02 1.344314e-01 
-4.530966e-01 1.140438e-01 
9.525107e-02 3.373929e-01 
1.982759e-01 5.498615e-01 
1.629596e-01 5.407817e-01 
5.830449e-02 3.999493e-01 
-2.801641e-03 1.914188e-01 
-2.397452e-02 -4.541876e-02 
8.069334e-03 -1.893375e-01 
1.684815e-02 -1.793912e-01 
9.894754e-03 -6.303915e-02 
-2.025441e-02 1.646150e-01 
-5.464697e-01 7.868949e-02 
1.085346e-01 3.122950e-01 
2.180656e-01 5.616896e-01 
1.803005e-01 5.757740e-01 
6.606767e-02 4.389896e-01 
2.356900e-04 2.231885e-01 
-2.341497e-02 -2.691539e-02 
8.180816e-03 -1.740742e-01 
1.637408e-02 -1.751580e-01 
9.926811e-03 -6.978985e-02 
-1.820536e-02 1.508001e-01 
-5.273724e-01 6.313615e-02 
1.127992e-01 3.302882e-01 
2.324977e-01 6.017384e-01 
1.685170e-01 5.980113e-01 
5.069926e-02 4.129467e-01 
-1.295885e-02 1.593001e-01 
-2.650915e-02 -9.160494e-02 
1.043131e-02 -1.918829e-01 
1.598403e-02 -1.640119e-01 
8.179211e-03 -5.735538e-02 
-1.536431e-02 1.250259e-01 
-5.574820e-01 3.236881e-02 
1.557444e-01 3.556569e-01 
2.435092e-01 6.548621e-01 
1.420060e-01 5.963511e-01 
2.540436e-02 3.382247e-01 
-2.842937e-02 1.608706e-02 
-1.596491e-02 -2.815722e-01 
2.811549e-02 -3.462360e-01 
2.554201e-02 -2.152856e-01 
2.747637e-03 3.480659e-02 
-4.720760e-02 3.898834e-01 
-6.994380e-01 2.457450e-02 
1.066411e-01 2.909882e-01 
3.030853e-01 6.472562e-01 
2.362947e-01 7.692223e-01 
8.683104e-02 6.571681e-01 
-9.812727e-03 3.964539e-01 
-4.935144e-02 1.733694e-02 
1.558811e-02 -2.708019e-01 
3.026411e-02 -3.139320e-01 
2.023880e-02 -1.701226e-01 
-2.057738e-02 1.732981e-01 
