poroelastic
8.845340e-03 -1.585204e-02 
-7.858416e-04 -7.593142e-02 
-3.877859e-02 -1.747312e-01 
-6.164230e-02 -2.466122e-01 
-2.573885e-02 -2.264843e-01 
-6.287905e-03 -1.614733e-01 
3.661747e-03 -6.976473e-02 
3.776555e-04 8.126120e-04 
-2.065098e-03 2.020163e-02 
-1.961472e-03 1.597277e-02 
1.102008e-03 -8.586849e-03 
2.357829e-02 -1.043891e-01 
-2.329175e-02 -2.001359e-01 
-5.092962e-02 -2.740210e-01 
-4.596494e-02 -2.749875e-01 
-1.222298e-02 -2.072970e-01 
5.582145e-03 -1.062674e-01 
8.473562e-03 1.497882e-02 
-7.403823e-03 9.496667e-02 
-1.038472e-02 9.647770e-02 
-5.590305e-03 4.058271e-02 
1.071816e-02 -8.594638e-02 
3.434043e-02 -2.487716e-02 
-9.700958e-03 -8.118125e-02 
-3.000408e-02 -1.495105e-01 
-3.141827e-02 -1.831019e-01 
-8.845069e-03 -1.482310e-01 
3.983702e-03 -8.008530e-02 
6.498671e-03 7.499868e-03 
-4.890599e-03 6.413476e-02 
-7.135190e-03 6.718494e-02 
-4.115521e-03 3.108255e-02 
6.597793e-03 -5.306941e-02 
1.055889e-01 -4.542721e-02 
-1.583940e-02 -1.276744e-01 
-5.558319e-02 -2.327252e-01 
-6.748228e-02 -2.919458e-01 
-2.756640e-02 -2.615004e-01 
-5.784596e-03 -1.809324e-01 
3.969289e-03 -6.377642e-02 
-2.465389e-03 3.022123e-02 
-5.646493e-03 5.163144e-02 
-3.245230e-03 2.270360e-02 
8.042954e-03 -6.595511e-02 
7.903275e-02 -3.255801e-02 
-1.769587e-02 -1.164477e-01 
-4.169273e-02 -2.109745e-01 
-3.664779e-02 -2.546647e-01 
-7.592348e-03 -2.093139e-01 
1.100385e-02 -1.174267e-01 
1.579006e-02 7.933485e-03 
-6.282794e-03 1.026058e-01 
-1.157233e-02 1.195178e-01 
-8.963909e-03 7.834052e-02 
4.008764e-03 -3.323143e-02 
1.425162e-01 -4.231888e-03 
-1.319781e-02 -7.796227e-02 
-4.880433e-02 -1.877166e-01 
-5.823717e-02 -2.611846e-01 
-2.332623e-02 -2.371014e-01 
-3.685502e-03 -1.595936e-01 
4.000965e-03 -4.291169e-02 
-4.201843e-03 4.949998e-02 
-6.995000e-03 6.431108e-02 
-3.362115e-03 2.251480e-02 
1.040203e-02 -8.727719e-02 
1.536424e-01 -8.595171e-03 
-1.819559e-02 -9.709628e-02 
-5.098644e-02 -2.172859e-01 
-5.181006e-02 -2.909035e-01 
-1.646427e-02 -2.566015e-01 
5.603135e-03 -1.642946e-01 
1.377090e-02 -2.775963e-02 
-5.093503e-03 8.410508e-02 
-1.057865e-02 1.096529e-01 
-8.125042e-03 7.135937e-02 
5.154613e-03 -4.376586e-02 
1.531029e-01 1.629193e-02 
-1.415912e-02 -6.566504e-02 
-4.528909e-02 -1.825597e-01 
-4.689160e-02 -2.602125e-01 
-1.528314e-02 -2.306529e-01 
4.289981e-03 -1.442017e-01 
1.066161e-02 -1.618972e-02 
-5.741011e-03 8.430175e-02 
-1.000053e-02 1.010884e-01 
-6.554335e-03 5.523565e-02 
7.700431e-03 -6.596930e-02 
2.004264e-01 2.912062e-02 
-1.557630e-02 -5.450810e-02 
-5.137204e-02 -1.863686e-01 
-5.523107e-02 -2.812042e-01 
-1.999253e-02 -2.588271e-01 
1.655972e-03 -1.735503e-01 
1.033182e-02 -3.993771e-02 
-4.729514e-03 7.156677e-02 
-9.379107e-03 9.555236e-02 
-6.441867e-03 5.508228e-02 
7.241513e-03 -6.262568e-02 
1.698345e-01 4.040165e-02 
-1.306422e-02 -4.528647e-02 
-4.450584e-02 -1.701476e-01 
-4.339661e-02 -2.556826e-01 
-1.330200e-02 -2.260678e-01 
5.599242e-03 -1.374095e-01 
1.115928e-02 -6.579116e-03 
-6.435678e-03 9.463363e-02 
-1.062564e-02 1.083872e-01 
-6.729915e-03 5.732574e-02 
8.141416e-03 -7.069970e-02 
1.953197e-01 5.561421e-02 
-1.423191e-02 -2.937953e-02 
-4.656118e-02 -1.619138e-01 
-4.608610e-02 -2.601032e-01 
-1.511010e-02 -2.398250e-01 
4.718696e-03 -1.566751e-01 
1.220918e-02 -2.655891e-02 
-4.933239e-03 8.026114e-02 
-9.987399e-03 1.048326e-01 
-7.391593e-03 6.592447e-02 
5.785774e-03 -5.061488e-02 
1.891374e-01 7.674325e-02 
-8.085755e-03 -4.305606e-03 
-4.436869e-02 -1.356958e-01 
-4.432865e-02 -2.345204e-01 
-1.583466e-02 -2.157726e-01 
1.477268e-03 -1.392745e-01 
7.509011e-03 -2.373052e-02 
-4.519262e-03 6.479898e-02 
-7.840869e-03 7.856402e-02 
-4.741316e-03 3.922817e-02 
7.157104e-03 -6.204422e-02 
1.507327e-01 6.214219e-02 
-1.599002e-02 -3.637522e-02 
-3.933705e-02 -1.599024e-01 
-2.921025e-02 -2.302119e-01 
-5.057527e-03 -1.854677e-01 
9.390450e-03 -8.355507e-02 
9.429725e-03 5.298965e-02 
-1.057290e-02 1.410931e-01 
-1.304954e-02 1.289091e-01 
-5.788370e-03 4.349184e-02 
1.407511e-02 -1.226026e-01 
2.451259e-01 9.216198e-02 
-4.289879e-03 1.046559e-02 
-5.635338e-02 -1.374941e-01 
-5.226190e-02 -2.609077e-01 
-2.027704e-02 -2.642823e-01 
5.740280e-04 -2.016272e-01 
1.165171e-02 -7.677949e-02 
-2.397279e-03 5.134705e-02 
-9.188963e-03 9.698085e-02 
-8.092655e-03 7.216569e-02 
5.426743e-03 -4.697533e-02 
