poroelastic
-1.265761e-02 -2.052556e-01 
-3.881696e-02 -3.545248e-01 
-7.096086e-02 -4.108910e-01 
-6.366591e-02 -3.410206e-01 
-2.208268e-02 -2.091608e-01 
-4.598283e-03 -7.007639e-02 
-3.032642e-03 3.644277e-02 
-5.021966e-03 6.726759e-02 
-4.544630e-03 4.710166e-02 
-2.674604e-04 -2.041902e-02 
1.270577e-02 -1.564468e-01 
-8.198973e-03 -1.418840e-01 
-3.487109e-02 -2.368982e-01 
-2.945963e-02 -2.183369e-01 
6.502887e-03 -8.764434e-02 
1.521425e-02 3.004325e-02 
1.477252e-02 1.157628e-01 
4.154531e-03 1.437817e-01 
-4.584265e-03 9.075523e-02 
-3.436488e-03 4.631878e-02 
-5.540197e-04 -1.799253e-03 
5.370616e-03 -6.713616e-02 
5.693674e-02 -9.279149e-02 
-2.986238e-02 -2.340314e-01 
-5.204059e-02 -2.830704e-01 
-4.121924e-02 -2.091548e-01 
-1.433550e-02 -1.134980e-01 
-5.283086e-03 -2.412247e-02 
-6.190591e-03 2.619659e-02 
-1.878288e-03 4.574123e-03 
2.696012e-05 -1.509741e-02 
1.996861e-03 -3.795868e-02 
5.766199e-03 -7.194385e-02 
6.528182e-02 -8.416362e-02 
-3.981698e-02 -2.820337e-01 
-5.730865e-02 -3.501154e-01 
-2.611825e-02 -2.395654e-01 
5.850901e-04 -9.968672e-02 
1.031345e-02 3.206994e-02 
4.354261e-03 1.193994e-01 
-5.737844e-03 1.074530e-01 
-4.953653e-03 6.735145e-02 
-1.046275e-03 2.717978e-03 
7.716435e-03 -9.742584e-02 
1.052367e-01 -1.304467e-02 
-3.629800e-02 -2.504782e-01 
-6.127224e-02 -3.509958e-01 
-3.452185e-02 -2.525218e-01 
-4.820135e-03 -1.145840e-01 
5.554812e-03 1.941967e-02 
-2.297798e-04 1.090651e-01 
-6.007995e-03 9.317716e-02 
-4.136683e-03 4.844106e-02 
4.801223e-04 -2.113144e-02 
9.921175e-03 -1.254059e-01 
1.413964e-01 5.107597e-02 
-3.527308e-02 -2.396429e-01 
-6.853405e-02 -3.821254e-01 
-4.107258e-02 -2.929449e-01 
-6.839314e-03 -1.465513e-01 
6.245015e-03 4.528590e-03 
8.900333e-04 1.143951e-01 
-6.786933e-03 1.082238e-01 
-4.985215e-03 6.182820e-02 
1.476634e-04 -1.620296e-02 
1.060446e-02 -1.348078e-01 
1.482463e-01 1.438148e-01 
-3.155036e-02 -2.028829e-01 
-6.886515e-02 -3.856413e-01 
-3.896174e-02 -3.076399e-01 
-3.972696e-03 -1.551123e-01 
1.022314e-02 8.901470e-03 
3.946081e-03 1.347932e-01 
-8.093010e-03 1.356278e-01 
-6.492905e-03 8.576399e-02 
-7.589488e-04 -2.632165e-03 
1.090901e-02 -1.387021e-01 
1.826921e-01 2.429248e-01 
-2.554236e-02 -1.584247e-01 
-7.400467e-02 -3.888449e-01 
-4.820142e-02 -3.312872e-01 
-9.387633e-03 -1.811278e-01 
6.482834e-03 -1.043500e-02 
8.584360e-04 1.261102e-01 
-8.486077e-03 1.306980e-01 
-6.204589e-03 7.758359e-02 
2.707738e-04 -1.821940e-02 
1.303879e-02 -1.657478e-01 
1.666852e-01 3.534015e-01 
-2.047376e-02 -1.147089e-01 
-7.370372e-02 -3.917068e-01 
-4.515529e-02 -3.499235e-01 
-5.672276e-03 -1.941736e-01 
1.172618e-02 -9.889397e-03 
5.668243e-03 1.436671e-01 
-9.581495e-03 1.572247e-01 
-7.913149e-03 1.055023e-01 
-1.308619e-03 6.017035e-03 
1.186170e-02 -1.503272e-01 
1.762189e-01 4.661397e-01 
-1.238677e-02 -5.919831e-02 
-7.659828e-02 -3.832307e-01 
-5.072342e-02 -3.589406e-01 
-9.276424e-03 -2.042081e-01 
8.360626e-03 -1.507931e-02 
1.857286e-03 1.431144e-01 
-1.003758e-02 1.518553e-01 
-7.374038e-03 9.276306e-02 
9.806985e-05 -1.469819e-02 
1.428852e-02 -1.793626e-01 
1.383905e-01 5.922463e-01 
-6.857295e-03 -1.001484e-02 
-7.526780e-02 -3.786598e-01 
-4.701622e-02 -3.683167e-01 
-5.932082e-03 -2.104065e-01 
1.227375e-02 -1.267480e-02 
5.237518e-03 1.569201e-01 
-1.096786e-02 1.709266e-01 
-8.721963e-03 1.131588e-01 
-1.128952e-03 3.481319e-03 
1.347446e-02 -1.681180e-01 
1.420128e-01 7.049337e-01 
3.923964e-03 5.220457e-02 
-8.021921e-02 -3.704520e-01 
-5.486498e-02 -3.889860e-01 
-1.077544e-02 -2.384820e-01 
9.144024e-03 -4.210548e-02 
4.660895e-03 1.244159e-01 
-8.748184e-03 1.343653e-01 
-7.016107e-03 8.929653e-02 
-1.099987e-03 6.195197e-03 
1.005709e-02 -1.222350e-01 
-1.960349e-03 8.395023e-01 
8.622964e-03 8.497083e-02 
-6.567141e-02 -3.482823e-01 
-3.146272e-02 -3.264590e-01 
3.007493e-03 -1.424413e-01 
1.468755e-02 7.212650e-02 
-3.854438e-04 2.348748e-01 
-1.430695e-02 2.020255e-01 
-8.635996e-03 1.008268e-01 
1.946949e-03 -4.093414e-02 
1.872604e-02 -2.258110e-01 
1.321044e-01 9.179733e-01 
3.006113e-02 1.885683e-01 
-9.271261e-02 -3.521334e-01 
-7.108153e-02 -4.715181e-01 
-1.929265e-02 -3.665333e-01 
1.013486e-02 -1.615767e-01 
1.228098e-02 8.208548e-02 
-1.221902e-02 1.928684e-01 
-1.344066e-02 1.721379e-01 
-5.279448e-03 5.599803e-02 
1.406592e-02 -1.662559e-01 
