poroelastic
2.110120e-02 -2.036198e-03 
2.198877e-02 -2.171230e-02 
6.810587e-03 -7.520125e-02 
-2.905755e-02 -1.456665e-01 
-1.820110e-02 -1.363362e-01 
-1.079354e-02 -9.392806e-02 
-6.453751e-03 -6.193582e-02 
-1.316468e-03 -5.512155e-02 
-1.244899e-04 -2.695655e-02 
-5.316705e-04 3.449778e-03 
-1.230184e-03 2.241295e-02 
3.592361e-04 6.643184e-03 
9.159972e-04 -1.794992e-02 
1.168576e-03 -4.927150e-02 
-6.249203e-01 -5.804466e-01 
-5.313063e-02 -6.856041e-01 
-4.003888e-02 -5.292090e-01 
-3.826059e-02 -3.126799e-01 
-1.175881e-02 -1.553358e-01 
5.004398e-04 -3.503900e-02 
3.902482e-03 4.188769e-02 
4.682644e-04 6.146908e-02 
-1.446782e-03 7.876606e-02 
-3.277818e-03 8.143430e-02 
-3.561989e-03 5.463840e-02 
2.248058e-03 -1.593223e-02 
3.125502e-03 -7.513451e-02 
2.850729e-03 -1.170421e-01 
-3.079144e-01 5.970624e-01 
3.209138e-02 5.105760e-01 
3.569770e-02 3.117237e-01 
-8.645719e-03 4.558388e-02 
-1.751607e-02 -1.209274e-01 
-1.560296e-02 -2.034456e-01 
-5.050305e-03 -1.892554e-01 
1.677366e-03 -7.871044e-02 
8.649402e-04 9.294137e-03 
-1.021677e-03 6.392245e-02 
-2.434170e-03 6.780423e-02 
-1.800451e-04 1.128663e-02 
6.338081e-04 -1.579056e-02 
4.680978e-04 -1.796482e-02 
2.461992e-02 -1.129669e-01 
-5.179620e-03 -2.162435e-01 
-2.196603e-02 -2.526094e-01 
-2.332566e-02 -2.009507e-01 
-7.386668e-03 -1.051628e-01 
5.626432e-04 -1.043454e-02 
1.468018e-03 4.015870e-02 
-2.461284e-04 2.423452e-02 
-7.617778e-04 2.597938e-02 
-1.465872e-03 2.987129e-02 
-1.400159e-03 2.132086e-02 
1.247567e-03 -1.291373e-02 
1.472013e-03 -3.620870e-02 
1.152972e-03 -4.583102e-02 
-7.861089e-01 -6.697525e-01 
-1.092578e-01 -8.646728e-01 
-6.625659e-02 -7.180065e-01 
-5.089293e-02 -4.316947e-01 
-1.556478e-02 -2.074776e-01 
-8.170893e-04 -3.688724e-02 
1.540632e-03 6.048931e-02 
-9.001620e-04 5.266172e-02 
-1.695383e-03 4.786838e-02 
-2.430160e-03 3.875753e-02 
-1.797695e-03 1.563306e-02 
2.367962e-03 -2.835411e-02 
2.494857e-03 -6.017242e-02 
1.966339e-03 -7.668481e-02 
-3.657848e-01 7.172732e-01 
3.888562e-02 5.169287e-01 
2.489872e-02 2.520108e-01 
-7.998323e-03 5.474985e-03 
-1.225586e-02 -1.215747e-01 
-8.286387e-03 -1.656618e-01 
5.979532e-04 -1.267884e-01 
1.968039e-03 -2.643040e-02 
-6.956575e-05 4.433067e-02 
-2.054928e-03 8.197672e-02 
-2.921481e-03 7.254808e-02 
1.033371e-04 1.032029e-02 
1.109330e-03 -2.554516e-02 
1.054634e-03 -3.900321e-02 
3.399627e-02 -1.341591e-01 
-2.295839e-02 -2.916888e-01 
-3.555832e-02 -3.388734e-01 
-2.353908e-02 -2.397674e-01 
-5.325339e-03 -1.057509e-01 
2.440257e-03 1.412741e-02 
1.776210e-03 6.946434e-02 
-4.796294e-04 2.914273e-02 
-5.234781e-04 1.236792e-02 
-5.430374e-04 5.771339e-03 
-2.567687e-04 3.677669e-04 
7.591125e-04 -1.183654e-02 
6.631347e-04 -1.739279e-02 
3.452929e-04 -1.312651e-02 
-9.252307e-01 -8.117464e-01 
-1.790163e-01 -1.090877e+00 
-1.014702e-01 -9.246889e-01 
-5.118935e-02 -5.182042e-01 
-1.033268e-02 -1.999562e-01 
3.797624e-03 2.902789e-02 
2.047192e-03 1.417699e-01 
-2.238327e-03 9.272529e-02 
-2.454937e-03 5.325042e-02 
-2.345442e-03 2.145872e-02 
-9.013316e-04 -7.875552e-03 
2.961050e-03 -3.906723e-02 
2.867553e-03 -6.730096e-02 
2.380727e-03 -8.796030e-02 
-4.920439e-01 8.744083e-01 
5.000321e-02 5.561972e-01 
2.511765e-02 2.500814e-01 
3.891863e-04 4.022311e-02 
-4.687293e-03 -6.217984e-02 
-2.723110e-03 -1.003900e-01 
2.642817e-03 -7.926378e-02 
1.933707e-03 -2.212146e-02 
3.063891e-04 2.272632e-02 
-1.002058e-03 5.110041e-02 
-1.942032e-03 5.378575e-02 
-1.051103e-03 2.433359e-02 
-1.574720e-04 5.184399e-03 
1.049300e-04 -3.673073e-03 
3.744710e-02 -1.593745e-01 
-4.817262e-02 -3.906436e-01 
-4.740066e-02 -4.337887e-01 
-1.645258e-02 -2.445924e-01 
1.379755e-03 -4.597056e-02 
6.095115e-03 1.028307e-01 
9.456272e-04 1.391976e-01 
-1.259524e-03 3.588677e-02 
-6.122168e-05 -1.527182e-02 
7.220958e-04 -3.125079e-02 
5.913140e-04 -1.677558e-02 
-1.434042e-04 7.215550e-03 
8.877457e-05 1.422020e-03 
5.857326e-04 -2.102075e-02 
-1.003438e+00 -9.792401e-01 
-2.504044e-01 -1.317871e+00 
-1.257570e-01 -1.090781e+00 
-3.447338e-02 -5.058845e-01 
2.618543e-03 -7.418899e-02 
9.970368e-03 2.016074e-01 
-1.185699e-04 2.783580e-01 
-4.023621e-03 1.060040e-01 
-1.411111e-03 -9.510109e-03 
1.017362e-03 -7.361940e-02 
2.773653e-03 -8.318767e-02 
2.114034e-03 -4.108456e-02 
9.066625e-04 -2.215475e-02 
5.264398e-04 -1.797892e-02 
-5.323902e-01 1.075025e+00 
6.848611e-02 5.736539e-01 
1.933186e-02 1.846039e-01 
-1.121142e-03 -7.372444e-03 
-2.930989e-03 -8.928364e-02 
7.730709e-04 -1.027048e-01 
5.722319e-03 -4.828361e-02 
1.081595e-03 3.196924e-02 
-1.566033e-03 7.407820e-02 
-2.905429e-03 8.644685e-02 
-2.885640e-03 6.574177e-02 
-2.669538e-04 1.467751e-02 
8.882694e-04 -1.805038e-02 
1.118229e-03 -3.503251e-02 
