poroelastic
2.181236e-02 1.883305e-02 
2.370099e-02 -7.808112e-03 
5.548074e-03 -9.385770e-02 
-3.171030e-02 -1.906298e-01 
-1.725693e-02 -1.806403e-01 
-6.731694e-03 -1.235627e-01 
1.295105e-04 -5.143915e-02 
6.788407e-04 -3.054311e-03 
-9.821646e-04 2.840579e-02 
-2.680737e-03 4.279202e-02 
-2.879068e-03 3.443803e-02 
1.029538e-03 1.942657e-04 
2.039214e-03 -2.569527e-02 
2.238165e-03 -4.663991e-02 
-5.792178e-01 -4.118999e-01 
-1.300655e-02 -4.215954e-01 
-1.009830e-02 -3.775196e-01 
-5.322656e-02 -3.525460e-01 
-2.559167e-02 -2.762661e-01 
-9.624049e-03 -1.747758e-01 
-6.766445e-04 -6.021629e-02 
-7.181187e-04 2.810048e-02 
-3.877449e-03 7.842637e-02 
-7.149888e-03 9.646868e-02 
-7.069584e-03 7.109626e-02 
3.922147e-03 -9.483329e-03 
6.789590e-03 -8.719921e-02 
7.859633e-03 -1.628481e-01 
-3.269103e-01 5.643388e-01 
1.607284e-02 4.500878e-01 
2.333904e-02 2.348732e-01 
-7.595304e-03 -3.773120e-03 
-1.011047e-02 -1.050805e-01 
-5.454863e-03 -1.318463e-01 
2.637684e-03 -1.024840e-01 
3.599551e-03 -4.092127e-02 
1.316979e-03 8.509293e-03 
-9.695709e-04 4.402298e-02 
-3.350218e-03 5.825654e-02 
-2.849782e-03 3.861270e-02 
-7.938642e-04 1.517946e-02 
5.648482e-04 -1.134702e-02 
3.339186e-02 -1.381999e-02 
1.101533e-02 -9.484620e-02 
-1.130021e-02 -1.950038e-01 
-3.263815e-02 -2.519336e-01 
-1.454800e-02 -2.073349e-01 
-3.004457e-03 -1.214712e-01 
3.050096e-03 -2.591494e-02 
3.356033e-04 3.250618e-02 
-2.499967e-03 6.419281e-02 
-4.562866e-03 7.163100e-02 
-3.980066e-03 4.698868e-02 
1.963794e-03 -7.060737e-03 
3.240927e-03 -4.325397e-02 
3.376772e-03 -6.907083e-02 
-6.604582e-01 -4.444814e-01 
-5.304051e-02 -5.257945e-01 
-3.388063e-02 -4.971733e-01 
-5.846469e-02 -4.374102e-01 
-2.549249e-02 -3.262553e-01 
-8.182251e-03 -1.950603e-01 
5.718372e-04 -5.725617e-02 
-8.654450e-04 4.037178e-02 
-4.557147e-03 9.130193e-02 
-7.730237e-03 1.040271e-01 
-6.754914e-03 6.791378e-02 
4.624874e-03 -2.134579e-02 
7.046416e-03 -9.305386e-02 
7.418947e-03 -1.501011e-01 
-3.053438e-01 5.909023e-01 
2.218307e-02 3.934178e-01 
1.364675e-02 1.546513e-01 
-7.561038e-03 -4.097784e-02 
-6.577642e-03 -1.061776e-01 
-1.484378e-03 -1.076082e-01 
4.773218e-03 -6.773063e-02 
3.205263e-03 -1.767536e-02 
7.770265e-04 1.925052e-02 
-1.011418e-03 4.325690e-02 
-2.566529e-03 4.737712e-02 
-2.354611e-03 2.689715e-02 
-1.239107e-03 1.801760e-02 
-8.422507e-04 1.660979e-02 
4.216293e-02 -5.001055e-02 
-7.298968e-03 -1.762530e-01 
-2.558785e-02 -2.701612e-01 
-2.858076e-02 -2.741113e-01 
-1.011758e-02 -1.959426e-01 
-2.004006e-05 -9.223080e-02 
3.691851e-03 5.425689e-03 
-2.990438e-04 4.924216e-02 
-2.857793e-03 6.769266e-02 
-4.216858e-03 6.425226e-02 
-2.910505e-03 3.315798e-02 
2.316034e-03 -1.749592e-02 
2.863650e-03 -4.082675e-02 
2.230641e-03 -4.450935e-02 
-7.576960e-01 -5.172887e-01 
-1.035513e-01 -6.732478e-01 
-6.459792e-02 -6.396851e-01 
-5.707419e-02 -5.019963e-01 
-2.104928e-02 -3.342718e-01 
-5.080333e-03 -1.691617e-01 
6.497784e-04 -2.233319e-02 
-1.837970e-03 5.494802e-02 
-5.021708e-03 9.109232e-02 
-7.437489e-03 9.393768e-02 
-5.591197e-03 5.198072e-02 
5.260302e-03 -3.493232e-02 
7.076945e-03 -9.583217e-02 
6.920316e-03 -1.358670e-01 
-3.618861e-01 5.938488e-01 
2.019616e-02 3.219589e-01 
1.069321e-02 9.509000e-02 
3.252342e-03 -1.488271e-02 
2.382754e-03 -2.956235e-02 
4.221709e-03 -1.110757e-02 
5.778005e-03 1.288585e-02 
2.160137e-03 1.237798e-02 
7.659596e-04 1.614172e-02 
2.935804e-04 2.062590e-02 
-6.498501e-04 2.144284e-02 
-2.418549e-03 1.940690e-02 
-2.497083e-03 3.250969e-02 
-2.985331e-03 5.696894e-02 
5.473515e-02 -1.068459e-01 
-3.429275e-02 -2.959092e-01 
-4.202107e-02 -3.771564e-01 
-2.424072e-02 -2.918379e-01 
-6.038513e-03 -1.598605e-01 
1.038541e-03 -3.332117e-02 
8.895065e-04 5.150484e-02 
-1.786792e-03 5.057604e-02 
-2.452505e-03 4.104110e-02 
-2.295102e-03 2.341904e-02 
-2.119098e-04 -5.346381e-03 
2.904745e-03 -3.174381e-02 
2.131422e-03 -3.229420e-02 
8.870134e-04 -1.709665e-02 
-7.673181e-01 -6.251129e-01 
-1.551921e-01 -8.417376e-01 
-8.597438e-02 -7.624000e-01 
-3.610678e-02 -4.767054e-01 
-7.011733e-03 -2.220680e-01 
2.106360e-03 -2.106337e-02 
4.810766e-04 1.039705e-01 
-3.952891e-03 9.997220e-02 
-5.113224e-03 7.947352e-02 
-4.993580e-03 4.701586e-02 
-1.511529e-03 -4.256705e-03 
6.171287e-03 -6.202579e-02 
5.506044e-03 -7.863945e-02 
3.428613e-03 -6.413872e-02 
-3.218114e-01 6.538966e-01 
2.827001e-02 2.885949e-01 
6.362996e-03 3.819637e-02 
1.013486e-03 -3.665151e-02 
1.638108e-03 -3.550550e-02 
3.285509e-03 -1.068028e-02 
4.260729e-03 1.774638e-02 
1.364382e-03 1.885927e-02 
1.366703e-04 2.044449e-02 
-2.710674e-04 2.189614e-02 
-8.323589e-04 1.938375e-02 
-1.617222e-03 1.322085e-02 
-1.594566e-03 1.946380e-02 
-2.141657e-03 3.762001e-02 
