poroelastic
6.963537e-03 -3.787821e-02 
4.257650e-03 -5.013330e-02 
-4.221495e-04 -4.590115e-02 
-7.950070e-03 -4.358250e-02 
-3.783390e-03 -2.252401e-02 
-1.767000e-03 9.980985e-04 
-2.616007e-03 -4.472894e-03 
-1.490616e-03 -3.528816e-02 
-3.733575e-04 -2.889299e-02 
-4.720757e-05 -7.341870e-03 
-4.532557e-04 1.629883e-02 
-1.377064e-04 1.593833e-02 
2.480388e-04 -3.601988e-03 
4.221725e-04 -3.398857e-02 
-1.526619e-01 -3.278427e-01 
-3.539782e-02 -3.774717e-01 
-3.214412e-02 -2.195013e-01 
1.058280e-02 -8.571466e-03 
1.683486e-02 1.001756e-01 
1.566076e-02 1.435900e-01 
9.297206e-03 1.186778e-01 
1.790922e-03 3.986423e-02 
5.736487e-04 7.659404e-03 
6.394883e-04 -4.131871e-03 
6.989670e-04 -5.458034e-03 
-3.402240e-04 -1.214316e-03 
-5.024200e-04 1.470984e-02 
-6.453680e-04 4.810515e-02 
-8.113698e-02 2.129537e-01 
1.790138e-02 2.048099e-01 
1.871155e-02 1.436345e-01 
-4.831210e-03 2.961969e-02 
-1.081736e-02 -6.487607e-02 
-1.126097e-02 -1.195028e-01 
-6.007544e-03 -1.153091e-01 
-3.717264e-04 -4.365622e-02 
1.055366e-04 1.603688e-02 
-7.738428e-04 5.010950e-02 
-1.467118e-03 4.270204e-02 
7.149588e-04 -1.124394e-02 
9.047937e-04 -3.664791e-02 
5.670033e-04 -3.707402e-02 
-4.542592e-03 -1.215476e-01 
-1.747402e-02 -1.749824e-01 
-1.657297e-02 -1.310884e-01 
5.907739e-03 -1.985256e-02 
1.079424e-02 6.857136e-02 
1.094051e-02 1.204095e-01 
5.373248e-03 1.033394e-01 
3.896286e-04 2.301990e-02 
1.039207e-04 -1.134377e-02 
5.208361e-04 -2.132181e-02 
6.600769e-04 -1.441355e-02 
-2.911468e-04 -1.147581e-03 
-4.510825e-04 1.358624e-02 
-5.374355e-04 3.716661e-02 
-3.318166e-01 -4.149128e-01 
-6.353669e-02 -5.307981e-01 
-4.043231e-02 -3.797925e-01 
-5.264900e-03 -1.126278e-01 
8.871819e-03 5.109057e-02 
1.099909e-02 1.379971e-01 
4.521541e-03 1.323850e-01 
-5.365303e-04 3.175526e-02 
-4.880485e-04 -2.034668e-02 
2.551165e-04 -4.389858e-02 
1.063961e-03 -4.366914e-02 
2.081661e-04 -2.080681e-02 
-3.895529e-04 7.583469e-03 
-7.128823e-04 4.736229e-02 
-2.049260e-01 3.188718e-01 
1.628174e-02 2.396309e-01 
1.418774e-02 1.344052e-01 
1.655313e-03 3.373710e-02 
-3.403869e-03 -3.384988e-02 
-3.217857e-03 -6.495081e-02 
4.262584e-04 -5.177742e-02 
9.260989e-04 1.148539e-03 
9.146900e-05 4.139076e-02 
-9.016019e-04 6.002604e-02 
-1.378073e-03 4.550579e-02 
4.664605e-04 -3.611119e-03 
8.023278e-04 -3.045641e-02 
5.773288e-04 -3.473430e-02 
-2.205478e-03 -1.207923e-01 
-2.083322e-02 -2.029648e-01 
-1.689122e-02 -1.679378e-01 
5.187888e-03 -2.762903e-02 
1.072909e-02 8.342558e-02 
1.021737e-02 1.492159e-01 
3.032880e-03 1.273639e-01 
-6.578018e-04 1.535786e-02 
-5.351611e-05 -3.987581e-02 
9.803815e-04 -5.989177e-02 
1.477021e-03 -4.740376e-02 
-3.012072e-04 -8.963208e-03 
-8.272312e-04 2.521016e-02 
-1.001742e-03 6.307577e-02 
-4.564156e-01 -5.468259e-01 
-1.073555e-01 -7.211976e-01 
-5.871178e-02 -5.486612e-01 
-8.008941e-03 -1.836830e-01 
1.086566e-02 5.558098e-02 
1.371844e-02 1.907390e-01 
5.140462e-03 1.990718e-01 
-9.504505e-04 6.546858e-02 
-6.414655e-04 -1.502378e-02 
3.753889e-04 -5.692331e-02 
1.340336e-03 -5.981159e-02 
4.161101e-04 -2.331930e-02 
-2.608544e-04 4.899659e-03 
-5.515431e-04 3.297296e-02 
-3.415506e-01 5.021710e-01 
3.199044e-02 3.429131e-01 
2.221686e-02 1.903846e-01 
6.923534e-03 7.858185e-02 
-3.116183e-04 1.719896e-03 
-1.603705e-03 -4.208813e-02 
6.294021e-04 -4.610681e-02 
7.845067e-04 -1.470233e-02 
2.313432e-04 1.416067e-02 
-3.139129e-04 3.212555e-02 
-7.419087e-04 3.256976e-02 
-2.902906e-04 1.242700e-02 
8.606075e-05 -2.331975e-03 
1.487384e-04 -8.093216e-03 
-2.191655e-03 -1.141335e-01 
-2.746048e-02 -2.397770e-01 
-1.705047e-02 -2.122097e-01 
6.878087e-03 -3.395136e-02 
1.242454e-02 1.111030e-01 
1.074237e-02 1.935224e-01 
1.843432e-03 1.624261e-01 
-9.799693e-04 1.724418e-02 
2.880824e-04 -5.661993e-02 
1.500358e-03 -7.858710e-02 
1.458082e-03 -4.707110e-02 
-7.973828e-04 1.559988e-02 
-8.979097e-04 3.489529e-02 
-4.869314e-04 2.763884e-02 
-5.504366e-01 -6.857765e-01 
-1.540725e-01 -8.935942e-01 
-6.917628e-02 -6.725120e-01 
-1.693579e-03 -1.850006e-01 
1.630643e-02 1.349807e-01 
1.554341e-02 3.020854e-01 
2.050870e-03 2.788342e-01 
-2.113024e-03 4.895005e-02 
2.465385e-04 -8.809460e-02 
2.626420e-03 -1.472660e-01 
3.502284e-03 -1.201756e-01 
-4.482877e-04 -1.074213e-02 
-1.669724e-03 5.486174e-02 
-1.728977e-03 9.068453e-02 
-4.050656e-01 6.831272e-01 
5.012720e-02 3.762091e-01 
2.211713e-02 1.507274e-01 
6.086732e-03 4.748953e-02 
9.301922e-04 -1.529175e-02 
1.397890e-03 -3.822996e-02 
3.643950e-03 -1.349345e-02 
4.631454e-04 3.618996e-02 
-8.514618e-04 6.116926e-02 
-1.436925e-03 6.278400e-02 
-1.191174e-03 3.873701e-02 
3.058777e-04 -2.841566e-03 
6.934301e-04 -2.396578e-02 
5.256904e-04 -2.439875e-02 
