poroelastic
2.872238e-03 7.836660e-02 
8.183477e-03 1.033403e-01 
7.201861e-03 4.999115e-02 
-7.818254e-03 -5.120159e-02 
-5.644783e-03 -7.184635e-02 
-3.499003e-03 -5.948963e-02 
-1.681601e-03 -3.994103e-02 
1.445913e-04 -3.792984e-02 
3.564984e-04 -3.175557e-02 
3.830963e-04 -2.177431e-02 
1.592531e-04 -9.228388e-03 
-2.980587e-04 3.237674e-03 
-2.782332e-04 1.647869e-02 
-1.426007e-04 2.521177e-02 
-8.468827e-01 -6.976118e-01 
-2.842173e-02 -6.881994e-01 
-1.136509e-02 -5.516731e-01 
-3.543764e-02 -4.152361e-01 
-1.581179e-02 -2.770231e-01 
-5.923584e-03 -1.382439e-01 
-2.107007e-03 -1.031564e-02 
-1.028586e-03 6.054129e-02 
-1.475407e-03 8.990751e-02 
-2.022381e-03 8.848293e-02 
-9.871515e-04 4.420685e-02 
2.653064e-03 -4.785351e-02 
2.158423e-03 -1.292790e-01 
1.213351e-03 -2.074526e-01 
-6.932668e-01 8.609512e-01 
-8.295130e-03 7.934689e-01 
2.562252e-02 5.181963e-01 
5.823243e-03 1.609661e-01 
-3.463251e-03 -3.870764e-02 
-3.456138e-03 -1.361202e-01 
1.148239e-03 -1.333223e-01 
1.083997e-03 -4.798660e-02 
1.790061e-04 9.109444e-03 
-3.698579e-04 4.177125e-02 
-7.793335e-04 4.620948e-02 
-7.055231e-04 2.491468e-02 
-3.748085e-04 2.159580e-02 
-2.409741e-04 3.125960e-02 
1.720818e-02 5.034174e-02 
6.021252e-03 -1.838456e-03 
-3.086998e-03 -9.302609e-02 
-1.425803e-02 -1.672480e-01 
-7.374477e-03 -1.489991e-01 
-3.067328e-03 -9.847362e-02 
-5.731756e-04 -3.952690e-02 
-3.739867e-05 -1.101297e-03 
-2.512816e-04 1.488541e-02 
-3.538259e-04 1.680536e-02 
-7.150354e-05 4.937693e-03 
4.718421e-04 -1.644300e-02 
3.019815e-04 -2.166360e-02 
9.773875e-05 -1.342296e-02 
-8.413252e-01 -7.236509e-01 
-7.007331e-02 -7.786070e-01 
-3.000954e-02 -6.387557e-01 
-2.926719e-02 -4.404268e-01 
-1.053380e-02 -2.558056e-01 
-2.662961e-03 -9.959521e-02 
-7.081124e-04 1.678089e-02 
-9.708461e-04 6.087877e-02 
-1.311555e-03 7.144469e-02 
-1.498148e-03 5.971793e-02 
-4.570669e-04 2.240734e-02 
2.057193e-03 -4.013760e-02 
1.664144e-03 -9.184191e-02 
9.584185e-04 -1.322649e-01 
-7.098589e-01 9.307690e-01 
9.430508e-03 7.909466e-01 
2.545276e-02 4.927413e-01 
4.675514e-03 1.683373e-01 
-2.455960e-03 -1.151722e-02 
-2.617778e-03 -1.003546e-01 
3.149174e-04 -1.026387e-01 
7.487279e-04 -3.995407e-02 
6.956427e-05 6.574512e-04 
-3.641091e-04 2.397249e-02 
-4.912418e-04 2.489948e-02 
-2.047156e-04 5.895275e-03 
-1.221080e-04 5.572494e-03 
-1.159589e-04 1.299837e-02 
2.042742e-02 3.980692e-02 
-3.627730e-03 -5.758763e-02 
-9.894229e-03 -1.378131e-01 
-9.656967e-03 -1.575152e-01 
-3.878613e-03 -1.219245e-01 
-7.544297e-04 -6.544105e-02 
4.021483e-04 -1.016058e-02 
-9.726429e-05 9.782107e-03 
-3.479413e-04 2.100403e-02 
-4.601142e-04 2.387375e-02 
-2.152520e-04 1.349735e-02 
3.067149e-04 -6.769445e-03 
2.609716e-04 -1.430697e-02 
1.735259e-04 -2.003595e-02 
-9.029106e-01 -7.764530e-01 
-1.101293e-01 -8.927558e-01 
-4.823620e-02 -7.478986e-01 
-2.576265e-02 -4.791729e-01 
-7.539603e-03 -2.518484e-01 
-1.313728e-03 -7.353371e-02 
-8.921566e-04 4.120543e-02 
-1.116654e-03 5.722203e-02 
-1.118501e-03 5.259758e-02 
-9.692424e-04 3.511135e-02 
6.328876e-05 3.669373e-03 
1.738902e-03 -3.951212e-02 
1.384171e-03 -7.267547e-02 
8.851095e-04 -9.953620e-02 
-7.580721e-01 9.743118e-01 
2.312603e-02 7.531108e-01 
2.721946e-02 4.428596e-01 
6.357945e-03 1.762255e-01 
2.521206e-04 3.497169e-02 
-3.329771e-04 -4.160589e-02 
1.104470e-03 -5.727301e-02 
5.392319e-04 -2.242107e-02 
1.156356e-04 -3.985976e-03 
-7.846153e-05 5.396408e-03 
-2.950395e-04 7.962281e-03 
-4.594795e-04 7.215668e-03 
-4.555882e-04 2.036905e-02 
-4.796575e-04 4.488907e-02 
2.349605e-02 1.841454e-02 
-1.399058e-02 -1.335803e-01 
-1.408960e-02 -1.991554e-01 
-5.120924e-03 -1.411529e-01 
-7.174097e-04 -5.975456e-02 
3.668594e-04 1.069338e-02 
-5.248115e-04 4.534832e-02 
-4.777557e-04 2.253345e-02 
-1.600820e-04 6.552888e-03 
3.810477e-05 -3.397289e-03 
2.661370e-04 -9.395340e-03 
3.661050e-04 -1.189691e-02 
2.303887e-04 -1.248145e-02 
1.449695e-04 -1.396907e-02 
-9.137678e-01 -8.558722e-01 
-1.463161e-01 -1.018403e+00 
-6.038197e-02 -8.403355e-01 
-1.617007e-02 -4.601130e-01 
-2.185815e-03 -1.743069e-01 
5.568208e-04 2.480505e-02 
-1.661543e-03 1.186851e-01 
-1.590954e-03 7.319468e-02 
-8.116696e-04 3.255842e-02 
-1.842487e-04 5.507049e-05 
7.322096e-04 -2.552386e-02 
1.508057e-03 -4.191149e-02 
1.078179e-03 -5.363162e-02 
7.365878e-04 -6.723883e-02 
-7.807122e-01 1.049397e+00 
4.357690e-02 7.246767e-01 
2.958850e-02 3.883882e-01 
5.217010e-03 1.653327e-01 
6.998967e-04 4.726244e-02 
4.638635e-04 -2.015168e-02 
1.435624e-03 -3.920564e-02 
5.132022e-04 -1.842358e-02 
2.310355e-04 -9.287270e-03 
5.312801e-05 -2.179939e-03 
-4.004876e-04 6.105238e-03 
-7.859054e-04 1.607941e-02 
-7.787703e-04 3.443699e-02 
-7.229277e-04 5.507125e-02 
