poroelastic
-5.069173e-02 3.146787e-02 
-4.819938e-02 8.398923e-02 
-1.710089e-02 1.587406e-01 
5.536094e-02 2.290420e-01 
3.787346e-02 2.252824e-01 
2.342319e-02 1.736405e-01 
1.208028e-02 1.142965e-01 
2.553721e-03 6.353056e-02 
4.434910e-04 -4.598841e-03 
3.695672e-03 -6.192340e-02 
8.436348e-03 -8.793486e-02 
1.028351e-04 -3.863990e-02 
-4.761670e-03 4.956711e-02 
-7.925351e-03 1.574596e-01 
4.283168e-01 4.410002e-01 
2.791521e-02 4.751027e-01 
2.905492e-02 3.407997e-01 
3.440745e-02 2.074248e-01 
1.430480e-02 1.286781e-01 
3.669866e-03 7.746576e-02 
-4.922985e-03 3.978994e-02 
-6.019508e-03 -2.341028e-03 
-2.834849e-03 -5.956300e-02 
1.904687e-03 -1.077371e-01 
8.388705e-03 -1.247653e-01 
2.917974e-03 -6.679095e-02 
-3.137960e-03 2.969293e-02 
-7.228716e-03 1.418627e-01 
1.256048e-01 -4.732148e-01 
-4.830033e-02 -3.819230e-01 
-4.484859e-02 -2.106427e-01 
2.171416e-02 1.664823e-02 
3.085976e-02 1.638455e-01 
2.830404e-02 2.326574e-01 
1.453063e-02 2.139864e-01 
-5.931523e-04 1.008132e-01 
-1.912292e-03 -4.430849e-03 
1.976532e-03 -8.209437e-02 
7.603180e-03 -1.100720e-01 
1.979038e-03 -4.931125e-02 
-2.914869e-03 3.090434e-02 
-6.077508e-03 1.167564e-01 
-4.282360e-02 1.438743e-01 
-2.437207e-04 2.608722e-01 
2.994278e-02 3.009871e-01 
4.041974e-02 2.559752e-01 
1.665698e-02 1.671241e-01 
1.132720e-03 6.931879e-02 
-7.669606e-03 -2.629047e-03 
-4.968068e-03 -2.592331e-02 
-1.508861e-03 -6.000845e-02 
2.171738e-03 -8.663110e-02 
6.020957e-03 -8.741211e-02 
1.231996e-03 -3.493708e-02 
-2.413835e-03 2.734646e-02 
-4.436662e-03 8.702388e-02 
7.012287e-01 5.426071e-01 
8.083853e-02 7.144155e-01 
6.033099e-02 6.159116e-01 
7.565135e-02 4.198127e-01 
3.317447e-02 2.621583e-01 
1.127248e-02 1.286036e-01 
2.070606e-04 2.417353e-02 
-6.937306e-04 -2.487776e-02 
1.592983e-03 -6.468988e-02 
5.347544e-03 -8.498726e-02 
7.798907e-03 -7.010381e-02 
-1.946163e-03 1.525060e-04 
-5.565616e-03 7.424316e-02 
-7.180873e-03 1.388813e-01 
1.908878e-01 -5.547005e-01 
-3.694304e-02 -3.122575e-01 
-1.438339e-02 -8.431596e-02 
1.891824e-02 8.224731e-02 
1.795893e-02 1.523547e-01 
1.025013e-02 1.595441e-01 
-2.953174e-03 1.115261e-01 
-5.839695e-03 2.648345e-02 
-2.778861e-03 -4.445209e-02 
8.939759e-04 -9.245632e-02 
5.111838e-03 -1.015504e-01 
3.034025e-03 -5.041611e-02 
-4.469926e-04 1.743265e-03 
-2.498115e-03 4.737286e-02 
-5.934842e-02 2.159565e-01 
2.984612e-02 4.099625e-01 
5.868204e-02 4.573605e-01 
4.520960e-02 3.258485e-01 
1.231411e-02 1.583765e-01 
-4.864328e-03 1.253229e-03 
-7.895189e-03 -8.897290e-02 
-1.247641e-03 -6.172672e-02 
1.068121e-03 -4.755785e-02 
2.245242e-03 -3.439414e-02 
1.954857e-03 -1.350888e-02 
-1.671529e-03 1.725472e-02 
-2.042408e-03 3.153589e-02 
-1.261060e-03 2.441874e-02 
9.290803e-01 7.435263e-01 
1.844718e-01 1.063374e+00 
1.292329e-01 9.492972e-01 
8.813272e-02 5.865471e-01 
2.657099e-02 2.858864e-01 
-2.459437e-04 5.427269e-02 
-6.687004e-03 -8.981939e-02 
-1.789486e-04 -9.111887e-02 
2.970434e-03 -8.251005e-02 
5.192646e-03 -6.567403e-02 
5.153794e-03 -3.134821e-02 
-2.942738e-03 2.564988e-02 
-5.117987e-03 7.484678e-02 
-5.653137e-03 1.068703e-01 
3.359926e-01 -6.718003e-01 
-3.132827e-02 -2.742178e-01 
-5.679841e-03 -3.086938e-02 
-1.735006e-03 3.261555e-02 
-2.054141e-03 3.222756e-02 
-5.467364e-03 6.699001e-03 
-8.415549e-03 -1.961490e-02 
-3.899895e-03 -1.320627e-02 
-1.996641e-03 -1.685807e-02 
-1.358687e-03 -2.420981e-02 
1.244577e-05 -3.075856e-02 
2.585752e-03 -3.201526e-02 
2.219352e-03 -3.351074e-02 
2.197372e-03 -4.071631e-02 
-6.895179e-02 3.178336e-01 
8.597483e-02 6.213664e-01 
9.556043e-02 6.634945e-01 
4.224284e-02 3.876520e-01 
2.553311e-03 1.064821e-01 
-1.249772e-02 -1.133270e-01 
-6.994243e-03 -1.944257e-01 
1.859590e-03 -7.943032e-02 
1.646288e-03 -6.629812e-03 
3.094253e-05 3.310478e-02 
-1.630038e-03 3.979806e-02 
-1.306381e-03 1.865283e-02 
-4.984738e-04 8.302929e-03 
-7.370281e-05 1.391256e-03 
1.063593e+00 9.911897e-01 
3.126974e-01 1.434793e+00 
1.854204e-01 1.241011e+00 
5.791655e-02 5.951855e-01 
-3.881371e-03 9.447438e-02 
-2.135855e-02 -2.365669e-01 
-9.189875e-03 -3.474708e-01 
4.862507e-03 -1.564027e-01 
3.932130e-03 -1.117865e-02 
-7.319991e-05 8.378323e-02 
-5.300315e-03 1.218981e-01 
-5.133733e-03 8.025793e-02 
-1.065009e-03 2.199041e-02 
2.885202e-03 -5.198879e-02 
2.961522e-01 -8.558672e-01 
-3.657213e-02 -2.268639e-01 
9.079105e-03 9.828645e-02 
3.429761e-03 1.091501e-01 
-2.090720e-03 7.086219e-02 
-8.194094e-03 1.202122e-02 
-1.188064e-02 -5.682854e-02 
-3.232418e-03 -7.974748e-02 
6.273394e-04 -8.081558e-02 
1.707699e-03 -6.402536e-02 
1.353124e-03 -3.186272e-02 
2.912994e-04 -2.799814e-03 
4.755827e-05 8.403076e-04 
1.521366e-03 -2.568403e-02 
