poroelastic
-4.918469e-03 1.226413e-02 
-3.440745e-03 3.316173e-02 
9.778886e-04 5.117545e-02 
4.432495e-03 3.406053e-02 
2.082300e-03 1.649168e-02 
8.670405e-04 1.672522e-03 
3.697136e-04 -1.845666e-02 
-1.603594e-04 -4.237115e-02 
3.749391e-04 -4.084162e-02 
1.629108e-03 -2.112965e-02 
1.836259e-03 1.878762e-02 
-4.319856e-04 5.887371e-02 
-9.470212e-06 6.367617e-02 
1.839879e-04 4.174875e-02 
3.491428e-01 7.072617e-02 
9.158884e-03 1.100869e-01 
-1.021944e-02 1.506873e-01 
2.700000e-02 1.699313e-01 
2.079784e-02 1.640566e-01 
1.545253e-02 1.268122e-01 
1.199543e-02 5.762477e-02 
5.661668e-03 -8.267487e-03 
3.459269e-03 -3.279814e-02 
4.712097e-03 -2.220597e-02 
5.134445e-03 3.854906e-02 
-9.781784e-04 1.286358e-01 
-2.310853e-04 1.594456e-01 
5.532296e-04 1.768172e-01 
2.573468e-03 -5.561193e-02 
3.057646e-03 5.969406e-02 
9.693917e-03 1.006566e-01 
2.174874e-03 4.971505e-02 
-1.892105e-03 4.441837e-04 
-4.937335e-03 -5.081163e-02 
-4.768656e-03 -7.020767e-02 
-1.073889e-03 -2.101795e-02 
-2.594287e-04 -2.620196e-03 
-1.864823e-04 5.417393e-03 
-3.084346e-04 1.122547e-02 
7.219013e-05 3.972068e-04 
5.654452e-05 -1.964479e-02 
-1.495169e-05 -2.186812e-02 
-2.645416e-02 3.762524e-02 
-6.577877e-03 9.378334e-02 
3.400012e-03 1.278745e-01 
1.915528e-02 1.387057e-01 
1.417631e-02 1.387630e-01 
9.553117e-03 1.062505e-01 
4.973825e-03 3.852095e-02 
1.134375e-03 -2.740161e-02 
4.825578e-04 -6.446176e-02 
1.866327e-03 -6.435269e-02 
2.707794e-03 -1.017549e-02 
-7.186950e-04 7.222139e-02 
-3.331407e-04 1.101052e-01 
1.513895e-04 1.378155e-01 
2.751663e-01 3.678798e-02 
2.085700e-02 6.697116e-02 
2.030143e-03 1.249564e-01 
2.546613e-02 1.616381e-01 
1.885417e-02 1.618944e-01 
1.359314e-02 1.247034e-01 
9.365786e-03 4.430500e-02 
3.091422e-03 -4.945879e-02 
2.103737e-03 -7.524732e-02 
3.894944e-03 -4.887553e-02 
4.541080e-03 4.297433e-02 
-1.035196e-03 1.659871e-01 
-4.636399e-04 1.869331e-01 
6.228100e-05 1.484268e-01 
-1.280324e-01 7.110574e-02 
1.584500e-03 1.279134e-01 
1.222108e-02 1.433608e-01 
6.923849e-03 8.630666e-02 
6.613903e-04 2.010409e-02 
-1.804800e-03 -2.071301e-02 
-1.584345e-03 -3.050987e-02 
-5.164180e-04 -2.500991e-02 
8.536268e-05 1.441754e-04 
2.032855e-04 2.740310e-02 
-2.283387e-04 4.375014e-02 
-3.681257e-05 3.305061e-02 
8.509139e-05 -6.790018e-03 
1.257859e-04 -8.347842e-02 
-5.314472e-02 6.645105e-02 
2.346632e-03 1.400273e-01 
1.963413e-02 2.318654e-01 
3.505949e-02 2.868851e-01 
2.302218e-02 2.661799e-01 
1.445489e-02 2.197171e-01 
5.176910e-03 1.192538e-01 
-6.602047e-04 -3.841592e-02 
-8.599280e-04 -1.008407e-01 
5.128824e-04 -1.012557e-01 
1.688958e-03 -4.671367e-02 
-3.341284e-04 4.679174e-02 
-3.129059e-04 1.104821e-01 
-1.236001e-04 1.263959e-01 
1.747365e-01 2.729904e-02 
2.134993e-02 5.269507e-02 
1.143623e-02 1.102583e-01 
1.951360e-02 1.451128e-01 
1.258282e-02 1.335656e-01 
7.385930e-03 8.972185e-02 
3.209977e-03 8.392504e-03 
4.187785e-05 -8.017328e-02 
2.279971e-04 -1.028384e-01 
1.652417e-03 -7.309401e-02 
2.423787e-03 2.820040e-02 
-4.779251e-04 1.550728e-01 
-3.820589e-04 1.556230e-01 
-1.092573e-04 6.673767e-02 
-2.152494e-01 3.242730e-01 
2.063100e-02 2.942353e-01 
1.647601e-02 1.909870e-01 
-3.910082e-04 3.220269e-02 
-5.374424e-03 -6.320671e-02 
-6.123324e-03 -1.321784e-01 
-1.550394e-03 -1.408386e-01 
5.711191e-04 -4.864598e-02 
8.580920e-04 8.820051e-03 
9.587582e-04 4.672523e-02 
5.688475e-04 8.437294e-02 
-2.217381e-04 9.139394e-02 
-1.284786e-04 3.569159e-02 
1.516163e-04 -4.299855e-02 
-4.326401e-02 4.197045e-02 
1.001604e-02 7.938110e-02 
1.930082e-02 1.284226e-01 
2.236269e-02 1.672296e-01 
1.452894e-02 1.647680e-01 
8.930855e-03 1.232833e-01 
4.155350e-03 4.797175e-02 
4.956901e-04 -2.686982e-02 
1.850422e-04 -6.466315e-02 
8.004475e-04 -6.194952e-02 
1.312328e-03 -8.192572e-03 
-6.100940e-05 6.786482e-02 
-2.832186e-04 1.038153e-01 
-3.936000e-04 1.240608e-01 
1.155955e-01 1.996565e-02 
1.829638e-02 2.859077e-02 
1.431340e-02 8.925376e-02 
1.500781e-02 1.341749e-01 
9.338549e-03 1.357921e-01 
4.124632e-03 9.367428e-02 
-3.362595e-04 2.198029e-03 
-8.811687e-04 -9.398605e-02 
-4.278691e-04 -1.285942e-01 
5.038477e-04 -1.061442e-01 
1.317127e-03 -7.961446e-03 
-1.007541e-04 1.222360e-01 
-4.432744e-04 1.304819e-01 
-2.622877e-04 6.197628e-02 
-3.562911e-01 4.167471e-01 
3.104443e-02 3.364523e-01 
2.444929e-02 2.173928e-01 
6.204904e-03 7.012332e-02 
-3.467052e-04 -2.495968e-02 
-8.387320e-04 -7.980455e-02 
2.349303e-03 -7.668502e-02 
7.506462e-04 -4.754783e-03 
4.516419e-04 4.608488e-02 
3.014025e-04 7.878058e-02 
-5.333400e-06 9.446325e-02 
-3.486519e-04 7.390962e-02 
-1.560397e-04 1.101482e-02 
4.604152e-04 -7.010882e-02 
