poroelastic
-4.037499e-02 3.432084e-02 
-3.771624e-02 8.281149e-02 
-1.204553e-02 1.509025e-01 
4.453784e-02 2.147755e-01 
2.963140e-02 2.039822e-01 
1.746878e-02 1.499548e-01 
8.292354e-03 9.098545e-02 
1.692262e-03 4.690738e-02 
3.740057e-04 -9.866989e-03 
2.617087e-03 -5.649062e-02 
5.650507e-03 -7.467486e-02 
-3.580566e-04 -2.882287e-02 
-3.296842e-03 4.596452e-02 
-4.956498e-03 1.350152e-01 
4.844197e-01 4.874203e-01 
2.890552e-02 5.241804e-01 
2.927794e-02 3.887933e-01 
3.514574e-02 2.420087e-01 
1.387565e-02 1.426187e-01 
2.406883e-03 6.938316e-02 
-5.082970e-03 1.551525e-02 
-4.429424e-03 -2.346460e-02 
-1.591255e-03 -6.932422e-02 
2.037119e-03 -1.033343e-01 
6.225453e-03 -1.065520e-01 
8.841858e-04 -4.560902e-02 
-2.915012e-03 4.155481e-02 
-5.090533e-03 1.364905e-01 
1.998475e-01 -5.118658e-01 
-3.667330e-02 -4.125893e-01 
-3.795832e-02 -2.315194e-01 
1.364139e-02 -3.224422e-03 
2.258112e-02 1.377754e-01 
2.117285e-02 2.037610e-01 
1.037510e-02 1.869348e-01 
-6.553861e-04 8.540633e-02 
-1.578545e-03 -5.727110e-03 
9.162265e-04 -7.149980e-02 
4.648741e-03 -9.350561e-02 
1.330437e-03 -4.182591e-02 
-1.632153e-03 2.190780e-02 
-3.397652e-03 8.817149e-02 
-3.718264e-02 1.379954e-01 
1.443273e-03 2.562149e-01 
2.707052e-02 2.989649e-01 
3.358175e-02 2.500447e-01 
1.302673e-02 1.556658e-01 
-2.770548e-04 5.328272e-02 
-6.925767e-03 -2.069517e-02 
-3.614423e-03 -3.936709e-02 
-7.707744e-04 -6.436446e-02 
1.950405e-03 -8.064240e-02 
4.228791e-03 -7.217592e-02 
4.562913e-05 -1.984757e-02 
-2.105769e-03 3.395647e-02 
-2.979969e-03 7.949698e-02 
7.292338e-01 5.860754e-01 
8.199453e-02 7.489687e-01 
5.744559e-02 6.390228e-01 
6.431243e-02 4.239415e-01 
2.650884e-02 2.493501e-01 
7.450408e-03 1.050481e-01 
-1.030589e-03 -4.765533e-04 
-5.338684e-04 -3.816298e-02 
1.395106e-03 -6.713237e-02 
4.155574e-03 -7.864027e-02 
5.609007e-03 -5.855019e-02 
-2.010860e-03 8.095161e-03 
-4.225061e-03 7.477711e-02 
-4.952080e-03 1.303363e-01 
2.632712e-01 -5.914613e-01 
-3.090520e-02 -3.496359e-01 
-1.505486e-02 -1.172653e-01 
1.068723e-02 5.162130e-02 
1.203637e-02 1.231535e-01 
6.854555e-03 1.334785e-01 
-2.824588e-03 9.113180e-02 
-4.233099e-03 1.596016e-02 
-1.941861e-03 -4.464441e-02 
5.731479e-04 -8.355710e-02 
3.336744e-03 -8.732631e-02 
1.838656e-03 -4.073236e-02 
-3.541649e-04 2.860383e-03 
-1.474636e-03 3.768308e-02 
-5.051669e-02 1.996060e-01 
2.768453e-02 3.878474e-01 
4.887536e-02 4.306366e-01 
3.473056e-02 2.992686e-01 
8.661293e-03 1.384863e-01 
-4.812164e-03 -9.039124e-03 
-6.748863e-03 -9.095176e-02 
-1.044845e-03 -6.241052e-02 
7.957973e-04 -4.664983e-02 
1.668811e-03 -3.166990e-02 
1.305213e-03 -9.450968e-03 
-1.386995e-03 1.938916e-02 
-1.475396e-03 3.056923e-02 
-7.538368e-04 1.981839e-02 
9.372929e-01 7.717988e-01 
1.722241e-01 1.065610e+00 
1.127494e-01 9.371977e-01 
7.164380e-02 5.657005e-01 
2.053631e-02 2.626846e-01 
-1.297377e-03 3.270687e-02 
-5.543568e-03 -1.040401e-01 
1.814435e-04 -9.565066e-02 
2.548351e-03 -8.070087e-02 
4.181910e-03 -5.931490e-02 
3.849993e-03 -2.285345e-02 
-2.754424e-03 3.191961e-02 
-4.099675e-03 7.874769e-02 
-4.265033e-03 1.092576e-01 
4.094225e-01 -7.053193e-01 
-3.076864e-02 -3.228234e-01 
-1.169985e-02 -7.697376e-02 
-6.328572e-03 -2.956932e-03 
-3.876601e-03 7.556640e-03 
-5.213671e-03 -4.241923e-03 
-6.986383e-03 -2.005718e-02 
-3.073365e-03 -1.254751e-02 
-1.592700e-03 -1.587435e-02 
-1.130198e-03 -2.303823e-02 
-3.396130e-05 -3.018696e-02 
2.010459e-03 -3.155300e-02 
1.712975e-03 -3.372512e-02 
1.703713e-03 -4.238585e-02 
-6.049685e-02 2.786313e-01 
7.214310e-02 5.651485e-01 
7.506705e-02 6.008072e-01 
3.097127e-02 3.417062e-01 
1.165503e-03 8.566213e-02 
-9.951090e-03 -1.113825e-01 
-5.345749e-03 -1.803229e-01 
1.430676e-03 -7.394361e-02 
1.337118e-03 -6.884586e-03 
2.027088e-04 3.090526e-02 
-1.167060e-03 3.949824e-02 
-1.210663e-03 2.237487e-02 
-5.074140e-04 1.138360e-02 
-1.535946e-05 3.921161e-04 
1.044827e+00 9.959473e-01 
2.768083e-01 1.392005e+00 
1.536923e-01 1.183918e+00 
4.586550e-02 5.579920e-01 
-2.966356e-03 8.521911e-02 
-1.677719e-02 -2.231502e-01 
-7.306989e-03 -3.216788e-01 
3.467466e-03 -1.434680e-01 
2.986996e-03 -1.234497e-02 
3.212938e-04 7.284214e-02 
-3.355313e-03 1.075736e-01 
-3.674714e-03 7.339838e-02 
-1.020256e-03 2.589537e-02 
1.485319e-03 -3.604473e-02 
3.961016e-01 -8.875400e-01 
-4.301076e-02 -2.942037e-01 
-4.328473e-03 2.513909e-02 
-2.623553e-03 5.443603e-02 
-3.594057e-03 3.549694e-02 
-6.744125e-03 -3.820323e-03 
-8.822929e-03 -5.275158e-02 
-2.444143e-03 -6.695424e-02 
2.086298e-04 -6.769237e-02 
9.988232e-04 -5.570677e-02 
9.944955e-04 -3.159447e-02 
5.129535e-04 -7.943454e-03 
2.293913e-04 -3.140861e-03 
9.641496e-04 -2.171558e-02 
