poroelastic
-2.833506e-05 -7.578051e-03 
-5.054867e-04 -1.484432e-02 
-1.229582e-03 -2.185537e-02 
1.403432e-04 -1.849952e-02 
6.162117e-04 -1.127891e-04 
7.733368e-04 1.943709e-02 
2.369121e-04 3.753599e-02 
-4.641275e-04 4.610661e-02 
-4.965856e-04 4.093038e-02 
-4.325730e-04 2.815171e-02 
3.948942e-05 7.663683e-03 
6.676855e-04 -1.870809e-02 
4.582451e-04 -4.206623e-02 
1.491377e-04 -5.302149e-02 
-7.573127e-02 -1.164230e-02 
2.040937e-03 6.316806e-02 
6.332793e-03 4.383599e-02 
-4.684803e-03 -4.455971e-02 
-3.696884e-03 -8.849310e-02 
-2.369673e-03 -9.627783e-02 
-8.676979e-04 -6.531260e-02 
1.163271e-06 -1.143928e-02 
-2.620664e-04 2.170700e-02 
-4.805032e-04 3.627518e-02 
-2.253091e-04 2.693295e-02 
6.390712e-04 -7.210892e-03 
5.235956e-04 -4.209203e-02 
2.329465e-04 -8.137649e-02 
-1.145312e-01 1.236079e-01 
-7.271531e-03 9.535732e-02 
2.375340e-04 5.353341e-02 
1.081392e-03 1.443440e-02 
5.632492e-04 3.250967e-03 
5.596284e-04 8.025115e-03 
4.585816e-04 1.009864e-02 
1.331068e-04 -7.339976e-03 
1.105911e-04 -7.992924e-03 
2.456784e-05 -9.494811e-04 
-2.261509e-04 1.192912e-02 
-4.027464e-04 2.672820e-02 
-1.799589e-04 2.413869e-02 
4.208020e-06 -8.999704e-04 
3.032153e-04 5.081713e-02 
1.304358e-03 5.009654e-02 
6.989131e-04 1.304277e-02 
-1.636292e-03 -4.318927e-02 
-8.099198e-04 -6.038126e-02 
1.547964e-04 -5.376529e-02 
8.019869e-04 -2.496880e-02 
-1.189483e-04 1.261934e-02 
-4.252944e-04 3.288352e-02 
-5.118751e-04 3.849075e-02 
-3.398680e-04 2.989100e-02 
8.363364e-05 9.330554e-03 
1.994881e-04 -1.297037e-02 
1.477115e-04 -3.300437e-02 
-1.172297e-01 -1.698443e-02 
-3.969433e-03 3.400398e-02 
1.317147e-03 -1.563869e-03 
-5.052004e-03 -9.336130e-02 
-2.899619e-03 -1.253535e-01 
-1.312485e-03 -1.220142e-01 
-2.996152e-05 -7.075308e-02 
-3.137939e-04 2.356308e-02 
-8.845056e-04 6.747554e-02 
-1.081517e-03 7.479001e-02 
-3.241568e-04 4.418809e-02 
1.259263e-03 -2.341581e-02 
1.058028e-03 -8.357387e-02 
5.321939e-04 -1.255531e-01 
-1.663936e-01 1.283663e-01 
-8.938476e-03 8.822061e-02 
2.189010e-03 6.344660e-02 
2.582130e-03 5.878583e-02 
1.144344e-03 6.361568e-02 
3.115549e-04 6.538016e-02 
-4.234574e-04 4.914109e-02 
-1.807937e-04 1.148653e-02 
1.387793e-04 -8.520216e-03 
2.357604e-04 -1.575786e-02 
1.127546e-04 -1.049694e-02 
-1.120140e-04 4.746494e-03 
-8.441999e-05 7.840634e-03 
-3.583122e-05 6.057420e-03 
1.629436e-03 3.144346e-02 
1.440270e-04 1.603390e-02 
-5.944177e-04 -7.102178e-03 
-7.379272e-04 -3.477164e-02 
-1.169553e-04 -4.316417e-02 
3.458079e-04 -2.790691e-02 
2.735663e-04 1.808914e-03 
-3.563074e-04 2.147231e-02 
-5.691674e-04 3.603327e-02 
-5.803952e-04 3.922786e-02 
-1.634482e-04 2.381857e-02 
3.554251e-04 -4.213638e-03 
3.759613e-04 -2.658254e-02 
2.962244e-04 -5.047917e-02 
-1.741287e-01 -6.045004e-02 
-1.343217e-02 -2.840569e-02 
-5.539700e-03 -5.478920e-02 
-4.447796e-03 -1.253192e-01 
-1.626492e-03 -1.525177e-01 
-7.907583e-05 -1.403901e-01 
7.669663e-04 -8.045251e-02 
-1.360486e-04 8.852845e-03 
-9.154752e-04 5.951684e-02 
-1.111270e-03 7.341143e-02 
-3.290373e-04 4.453584e-02 
9.382385e-04 -1.937670e-02 
8.703800e-04 -6.409434e-02 
5.527473e-04 -9.435318e-02 
-1.411295e-01 1.052467e-01 
-4.834796e-03 3.219661e-02 
4.713973e-03 6.977074e-03 
2.369832e-03 2.723069e-02 
9.920674e-04 5.376943e-02 
3.219983e-04 6.712239e-02 
-2.885666e-04 5.661519e-02 
-5.831285e-04 2.592884e-02 
-1.515991e-04 5.003160e-03 
9.413599e-05 -9.583647e-03 
-2.358811e-05 -1.142207e-02 
-2.878031e-04 4.507192e-03 
-3.180895e-04 2.005427e-02 
-3.532491e-04 4.592125e-02 
5.346024e-03 1.134427e-02 
-2.225392e-03 -1.758076e-02 
-1.986744e-03 -3.072324e-02 
-4.291916e-04 -3.098761e-02 
-1.231452e-05 -2.194741e-02 
-9.656184e-06 -6.925331e-03 
-2.669186e-04 9.840804e-03 
-3.066841e-04 1.722668e-02 
-2.590776e-04 1.642550e-02 
-7.014552e-05 7.955415e-03 
3.121319e-04 -8.573866e-03 
4.452556e-04 -2.334841e-02 
2.590638e-04 -2.281946e-02 
6.817642e-05 -8.988571e-03 
-1.803328e-01 -1.134654e-01 
-2.051525e-02 -1.028306e-01 
-9.662446e-03 -1.042577e-01 
-1.622333e-03 -1.167185e-01 
2.814427e-04 -1.148524e-01 
8.113129e-04 -8.738401e-02 
4.696874e-04 -2.887221e-02 
-7.009539e-04 3.783109e-02 
-1.264842e-03 7.144873e-02 
-1.193780e-03 7.253715e-02 
-5.057156e-05 2.995668e-02 
1.279534e-03 -4.208685e-02 
1.074114e-03 -7.545478e-02 
6.633303e-04 -8.401838e-02 
-1.311323e-01 9.815948e-02 
-7.273303e-04 9.321124e-03 
8.244527e-03 -1.672726e-03 
1.367688e-03 5.150323e-02 
-4.235630e-04 8.334718e-02 
-1.216532e-03 9.401361e-02 
-1.412489e-03 6.903326e-02 
-1.839755e-04 8.935895e-03 
4.801039e-04 -2.141093e-02 
6.593795e-04 -3.329458e-02 
3.397315e-04 -2.774165e-02 
-1.948694e-04 -2.120226e-03 
-3.764187e-04 2.063846e-02 
-4.287624e-04 4.256225e-02 
