poroelastic
8.648128e-02 3.212723e-03 
9.128814e-02 -4.045479e-02 
3.937561e-02 -1.410852e-01 
-1.064879e-01 -2.717284e-01 
-7.538344e-02 -3.036538e-01 
-4.882629e-02 -2.634827e-01 
-2.587876e-02 -2.101541e-01 
-8.401802e-04 -1.348618e-01 
1.652522e-03 -1.935683e-02 
-8.926900e-03 7.621342e-02 
-2.095144e-02 1.160672e-01 
1.454062e-07 3.533535e-02 
1.128536e-02 -5.840890e-02 
1.693447e-02 -1.497267e-01 
-3.849671e-01 -3.356787e-01 
-2.093242e-02 -3.742593e-01 
-1.070335e-02 -2.337764e-01 
-5.496098e-02 -1.564628e-01 
-3.614903e-02 -1.578458e-01 
-2.492344e-02 -1.794868e-01 
-6.127556e-03 -1.867671e-01 
1.071932e-02 -1.072098e-01 
5.689668e-03 2.866952e-02 
-9.917243e-03 1.472335e-01 
-2.889085e-02 1.959003e-01 
-8.700154e-03 8.941009e-02 
1.032847e-02 -4.914700e-02 
2.159666e-02 -1.887114e-01 
1.000375e-02 4.398163e-01 
9.160684e-02 3.858906e-01 
7.815970e-02 2.304917e-01 
-5.724372e-02 -3.927292e-02 
-6.646800e-02 -2.366626e-01 
-5.603101e-02 -3.387438e-01 
-2.457797e-02 -3.383542e-01 
9.399357e-03 -1.936785e-01 
7.970483e-03 -2.185914e-02 
-6.889202e-03 1.172912e-01 
-2.450513e-02 1.746919e-01 
-8.052855e-03 7.479185e-02 
6.922671e-03 -3.353715e-02 
1.518469e-02 -1.311762e-01 
6.883949e-02 -1.240242e-01 
2.208340e-02 -2.133970e-01 
-2.529138e-02 -2.584911e-01 
-7.815685e-02 -2.762922e-01 
-4.188354e-02 -2.360207e-01 
-1.675942e-02 -1.656674e-01 
3.239005e-03 -1.053400e-01 
1.000507e-02 -6.089297e-02 
4.754782e-03 2.583200e-02 
-6.261500e-03 1.075747e-01 
-1.986300e-02 1.442618e-01 
-7.772816e-03 6.975669e-02 
5.098234e-03 -2.270701e-02 
1.349645e-02 -1.172374e-01 
-7.205534e-01 -4.563703e-01 
-8.770502e-02 -6.819776e-01 
-7.329461e-02 -6.207623e-01 
-1.496160e-01 -4.958775e-01 
-7.815564e-02 -3.885574e-01 
-3.694488e-02 -2.703846e-01 
-9.043943e-03 -1.479068e-01 
2.520306e-03 -4.364526e-02 
-2.709997e-03 5.228391e-02 
-1.362891e-02 1.149649e-01 
-2.152322e-02 1.163792e-01 
2.625178e-03 1.159625e-02 
1.401130e-02 -8.586510e-02 
1.867827e-02 -1.590427e-01 
-3.408691e-02 5.746490e-01 
7.804956e-02 3.390889e-01 
2.774505e-02 8.139253e-02 
-6.213706e-02 -1.523136e-01 
-5.134485e-02 -2.633691e-01 
-2.993179e-02 -2.848515e-01 
3.112028e-03 -2.310551e-01 
1.654794e-02 -1.109684e-01 
8.709960e-03 1.686212e-02 
-3.574039e-03 1.185555e-01 
-1.744907e-02 1.567022e-01 
-1.157385e-02 8.056190e-02 
-7.622825e-04 1.032190e-02 
4.946223e-03 -4.173924e-02 
9.991827e-02 -2.172488e-01 
-2.219132e-02 -4.212773e-01 
-9.148612e-02 -5.215154e-01 
-1.063908e-01 -4.547567e-01 
-3.920669e-02 -2.838808e-01 
-2.394672e-03 -8.761786e-02 
8.551634e-03 4.591068e-02 
1.858729e-03 3.452992e-02 
-1.868151e-03 4.091599e-02 
-5.532216e-03 5.009623e-02 
-7.714807e-03 4.451904e-02 
1.568674e-03 -1.592096e-03 
5.094668e-03 -3.353405e-02 
5.353978e-03 -4.520359e-02 
-9.924733e-01 -6.972646e-01 
-2.509071e-01 -1.121154e+00 
-2.021782e-01 -1.060979e+00 
-1.862080e-01 -7.462525e-01 
-6.999758e-02 -4.511520e-01 
-1.560419e-02 -1.987229e-01 
5.679218e-03 -5.555532e-03 
9.826883e-04 4.813467e-02 
-5.501719e-03 7.864200e-02 
-1.172671e-02 9.113039e-02 
-1.364162e-02 6.700532e-02 
4.236328e-03 -1.286416e-02 
1.120338e-02 -7.405402e-02 
1.304973e-02 -1.079226e-01 
-1.726633e-01 7.427026e-01 
5.677042e-02 2.888394e-01 
-6.139243e-03 -2.232466e-02 
-3.367781e-02 -1.529617e-01 
-1.708210e-02 -1.518220e-01 
-5.226684e-04 -9.717095e-02 
1.287539e-02 -3.533819e-02 
9.997107e-03 -2.628091e-02 
6.003857e-03 3.271085e-03 
2.279602e-03 3.867216e-02 
-3.520919e-03 5.993360e-02 
-7.954608e-03 4.668280e-02 
-5.970866e-03 4.068580e-02 
-5.932969e-03 4.839905e-02 
1.057518e-01 -3.871175e-01 
-1.251512e-01 -7.423655e-01 
-1.822445e-01 -8.540477e-01 
-1.091292e-01 -5.915265e-01 
-1.857756e-02 -2.406806e-01 
1.728615e-02 6.501391e-02 
1.070497e-02 2.034591e-01 
-2.761503e-03 6.748314e-02 
-5.192948e-04 -3.356208e-03 
1.808656e-03 -2.204210e-02 
-1.173637e-04 -1.076985e-04 
-3.944392e-03 2.997298e-02 
-6.967342e-04 8.816080e-03 
5.349426e-03 -4.362689e-02 
-1.221550e+00 -1.026006e+00 
-4.817401e-01 -1.653798e+00 
-3.397085e-01 -1.530056e+00 
-1.396872e-01 -8.430101e-01 
-5.613646e-03 -2.264318e-01 
3.317410e-02 2.215788e-01 
9.565564e-03 4.201586e-01 
-1.642660e-02 2.074238e-01 
-9.879856e-03 2.016722e-02 
2.466118e-03 -1.040969e-01 
1.553295e-02 -1.535026e-01 
1.446975e-02 -1.017159e-01 
3.347101e-03 -2.823696e-02 
-7.153075e-03 5.615148e-02 
9.770512e-03 9.384809e-01 
3.762869e-02 1.869982e-01 
-6.985836e-02 -2.651995e-01 
-5.963171e-02 -3.361483e-01 
-2.190527e-02 -2.852290e-01 
7.973030e-03 -1.701543e-01 
2.915071e-02 -1.872825e-03 
8.543231e-03 1.009988e-01 
-4.463525e-03 1.328612e-01 
-8.589243e-03 1.172507e-01 
-6.819962e-03 6.335104e-02 
-6.395071e-04 3.054060e-03 
7.388747e-04 -7.011932e-03 
-5.044561e-03 3.773473e-02 
