poroelastic
1.211244e-02 2.913101e-02 
1.514142e-02 2.644170e-02 
7.556841e-03 -2.315787e-02 
-1.711610e-02 -1.022648e-01 
-1.168547e-02 -1.093237e-01 
-7.374918e-03 -8.013214e-02 
-4.455979e-03 -5.143999e-02 
-9.274356e-04 -4.896994e-02 
-1.913541e-04 -2.990904e-02 
-1.531647e-04 -6.417669e-03 
-2.855310e-04 1.113095e-02 
1.550261e-04 8.265574e-03 
2.623420e-04 -8.397479e-03 
2.266736e-04 -4.197920e-02 
-7.303012e-01 -6.421825e-01 
-4.899427e-02 -7.386517e-01 
-3.139438e-02 -5.913050e-01 
-3.660690e-02 -3.784421e-01 
-1.315844e-02 -2.080018e-01 
-1.307272e-03 -6.612798e-02 
2.838471e-03 3.659517e-02 
5.404665e-04 7.486800e-02 
-5.196548e-04 9.247015e-02 
-1.512296e-03 8.814141e-02 
-1.574127e-03 5.391005e-02 
1.407133e-03 -1.692355e-02 
1.380131e-03 -8.351624e-02 
8.205402e-04 -1.378872e-01 
-4.439501e-01 7.175932e-01 
2.059034e-02 6.353395e-01 
3.183817e-02 3.933487e-01 
-2.870071e-03 7.550478e-02 
-1.176195e-02 -1.106986e-01 
-1.088408e-02 -2.013933e-01 
-3.006378e-03 -1.841658e-01 
8.284228e-04 -6.424831e-02 
4.575114e-04 1.549722e-02 
-1.818011e-04 5.756530e-02 
-7.189271e-04 5.607647e-02 
-1.987930e-04 1.229982e-02 
4.215900e-05 -4.774011e-03 
-2.839758e-05 3.596451e-03 
2.052255e-02 -5.700541e-02 
-8.474307e-04 -1.458681e-01 
-1.297055e-02 -2.028169e-01 
-1.769971e-02 -1.885944e-01 
-7.139392e-03 -1.178431e-01 
-1.142317e-03 -3.310036e-02 
3.810016e-04 2.795105e-02 
-2.297394e-04 3.147774e-02 
-5.053748e-04 3.524140e-02 
-8.601331e-04 3.324722e-02 
-5.598656e-04 1.442920e-02 
9.331269e-04 -2.280858e-02 
7.583366e-04 -4.590651e-02 
4.319022e-04 -5.926690e-02 
-8.042218e-01 -7.060224e-01 
-9.458363e-02 -8.522041e-01 
-4.917516e-02 -6.992724e-01 
-3.726458e-02 -4.301809e-01 
-1.203978e-02 -2.187617e-01 
-8.222227e-04 -5.330173e-02 
1.865486e-03 4.943950e-02 
-5.373045e-05 5.681936e-02 
-6.408460e-04 5.687903e-02 
-1.101838e-03 4.840900e-02 
-8.419377e-04 2.449712e-02 
1.083278e-03 -1.818855e-02 
1.000788e-03 -5.462103e-02 
6.262307e-04 -8.301089e-02 
-4.538593e-01 8.230572e-01 
3.319823e-02 6.407863e-01 
2.391484e-02 3.315164e-01 
-6.375629e-03 1.679661e-02 
-1.077692e-02 -1.470878e-01 
-7.534939e-03 -2.133822e-01 
6.382796e-04 -1.709585e-01 
1.288876e-03 -3.319932e-02 
8.048419e-05 4.791875e-02 
-7.965346e-04 8.599924e-02 
-1.262948e-03 7.842948e-02 
-2.749057e-04 2.324409e-02 
2.045426e-04 -1.042471e-02 
1.699534e-04 -1.837522e-02 
2.506520e-02 -6.081354e-02 
-1.261550e-02 -1.851949e-01 
-2.007172e-02 -2.423572e-01 
-1.432853e-02 -1.918751e-01 
-4.121479e-03 -9.897157e-02 
7.035141e-04 -8.876684e-03 
1.054320e-03 4.575565e-02 
-2.721758e-04 3.951552e-02 
-4.787284e-04 3.173558e-02 
-6.012073e-04 2.284551e-02 
-2.846419e-04 7.980251e-03 
6.649885e-04 -1.605009e-02 
5.836851e-04 -3.368109e-02 
3.454689e-04 -3.915816e-02 
-8.789805e-01 -8.153782e-01 
-1.419965e-01 -1.008427e+00 
-6.953891e-02 -8.234467e-01 
-3.253241e-02 -4.513881e-01 
-6.847961e-03 -1.725126e-01 
2.037892e-03 3.152938e-02 
6.843885e-04 1.350751e-01 
-1.294709e-03 9.055525e-02 
-1.292357e-03 5.613373e-02 
-1.317538e-03 2.832038e-02 
-4.076390e-04 -3.972116e-03 
1.894105e-03 -4.330717e-02 
1.582742e-03 -8.071513e-02 
1.130160e-03 -1.214833e-01 
-5.756485e-01 9.428176e-01 
4.350960e-02 6.765904e-01 
2.500702e-02 3.399767e-01 
-2.113289e-04 5.749330e-02 
-5.271817e-03 -9.584777e-02 
-3.073771e-03 -1.573501e-01 
2.616882e-03 -1.261006e-01 
1.273577e-03 -3.188156e-02 
-1.583502e-05 3.314360e-02 
-8.141951e-04 7.011497e-02 
-1.297961e-03 7.196500e-02 
-7.924046e-04 3.756020e-02 
-2.380497e-04 1.642264e-02 
4.973979e-06 -4.480318e-04 
3.256392e-02 -6.809273e-02 
-2.824151e-02 -2.575843e-01 
-2.827063e-02 -3.184020e-01 
-1.131167e-02 -2.057540e-01 
-1.124540e-03 -7.041092e-02 
2.285005e-03 3.674802e-02 
8.698589e-04 7.479360e-02 
-3.002367e-04 2.513190e-02 
2.553903e-06 -2.909223e-03 
2.390583e-04 -1.502299e-02 
1.649786e-04 -8.520009e-03 
-1.406072e-04 6.613827e-03 
-6.555574e-05 5.235141e-03 
2.785224e-05 -2.613881e-03 
-9.268719e-01 -9.422714e-01 
-1.892591e-01 -1.181626e+00 
-8.411658e-02 -9.490255e-01 
-2.168794e-02 -4.399275e-01 
8.712171e-04 -7.305564e-02 
5.412180e-03 1.620314e-01 
-3.940902e-04 2.337567e-01 
-2.055869e-03 1.066917e-01 
-9.058637e-04 1.779145e-02 
-2.327910e-05 -3.672357e-02 
8.986901e-04 -5.667256e-02 
1.497061e-03 -4.481697e-02 
1.052690e-03 -5.159667e-02 
7.868089e-04 -6.813784e-02 
-6.415364e-01 1.088419e+00 
6.099386e-02 6.808678e-01 
2.440778e-02 2.979114e-01 
1.425573e-03 5.455336e-02 
-2.171681e-03 -7.043245e-02 
-2.578173e-04 -1.152377e-01 
3.273378e-03 -7.527124e-02 
2.995345e-04 1.650772e-02 
-1.102168e-03 6.808377e-02 
-1.760051e-03 8.877842e-02 
-1.559101e-03 7.232373e-02 
-9.110377e-05 1.891835e-02 
5.231468e-04 -2.050820e-02 
7.094239e-04 -5.160830e-02 
