poroelastic
-8.470364e-02 -9.178483e-02 
-1.007400e-01 -3.169115e-02 
-5.072047e-02 1.314182e-01 
9.239023e-02 2.435030e-01 
7.301484e-02 2.590948e-01 
4.676991e-02 1.887270e-01 
2.629749e-02 5.977886e-02 
1.769308e-02 -2.697919e-02 
1.482007e-02 -1.857056e-02 
1.355588e-02 3.491537e-02 
9.735626e-04 8.923899e-02 
-1.285135e-02 7.293847e-02 
-8.204323e-03 5.848778e-02 
-5.705678e-03 5.410229e-02 
4.614797e-01 1.326508e-01 
-3.990074e-02 2.899310e-01 
-7.921861e-03 3.993372e-01 
1.381875e-01 4.029190e-01 
8.827935e-02 3.412912e-01 
4.944232e-02 2.337694e-01 
2.104940e-02 9.961875e-02 
7.444965e-03 -4.228455e-03 
6.196117e-03 -1.906307e-02 
7.193272e-03 -2.860961e-03 
6.698069e-03 4.618676e-03 
1.271721e-03 -2.736529e-02 
-4.671339e-03 1.971368e-02 
-1.566910e-02 1.462546e-01 
7.336496e-02 -3.902559e-01 
-6.737697e-02 -3.075505e-01 
-5.618003e-02 -1.335955e-01 
3.090968e-02 3.673274e-02 
3.828285e-02 1.176656e-01 
3.329456e-02 1.374044e-01 
2.281347e-02 1.076652e-01 
7.657992e-03 6.554439e-02 
-3.901140e-04 6.617921e-02 
-6.661918e-03 6.977183e-02 
-9.133609e-03 4.159316e-02 
6.873009e-03 -4.153573e-02 
7.838510e-03 -6.266678e-02 
1.309306e-03 -1.212718e-02 
-1.357803e-01 -2.563939e-02 
-9.299144e-02 1.028059e-01 
-1.687164e-03 3.027600e-01 
1.485896e-01 4.050761e-01 
1.001482e-01 3.969004e-01 
5.747986e-02 2.985288e-01 
1.951183e-02 1.365210e-01 
2.507495e-03 -2.158473e-02 
6.252255e-03 -7.902343e-02 
1.381179e-02 -7.761161e-02 
1.522027e-02 -3.992506e-02 
-4.632761e-03 5.110257e-03 
-1.186730e-02 7.718800e-02 
-1.908123e-02 1.774582e-01 
3.685965e-01 4.511128e-02 
-2.623417e-03 1.814832e-01 
5.293893e-03 3.078302e-01 
1.469894e-01 3.809987e-01 
1.012516e-01 3.822712e-01 
6.213200e-02 3.166457e-01 
2.507101e-02 1.931309e-01 
1.686132e-03 3.947530e-02 
1.337151e-03 -3.272385e-02 
6.315662e-03 -5.786069e-02 
1.058540e-02 -5.127872e-02 
1.358289e-03 -2.353868e-02 
-5.789171e-03 3.552270e-02 
-1.377748e-02 1.256580e-01 
-2.257793e-01 -3.003342e-01 
-8.315159e-02 -1.630898e-01 
-1.551516e-02 5.054037e-02 
9.067370e-02 2.151652e-01 
6.917227e-02 2.662967e-01 
4.351403e-02 2.354886e-01 
1.569888e-02 1.419953e-01 
-1.013339e-04 2.973452e-02 
7.435822e-05 -1.506621e-02 
1.877025e-03 -2.251877e-02 
2.346307e-03 -1.285057e-02 
7.177143e-04 -8.660519e-03 
-7.834241e-04 3.396505e-03 
-3.838292e-03 3.475933e-02 
-1.400712e-01 3.683337e-02 
-4.847174e-02 1.535688e-01 
4.244248e-02 3.248254e-01 
1.619497e-01 4.379598e-01 
1.066418e-01 4.609464e-01 
5.804997e-02 3.873941e-01 
5.993262e-03 2.088502e-01 
-9.775024e-03 -3.246961e-02 
1.813233e-03 -1.503470e-01 
1.516097e-02 -1.749309e-01 
2.026419e-02 -1.117838e-01 
-3.862931e-03 8.772107e-03 
-1.288937e-02 9.345905e-02 
-1.707405e-02 1.547756e-01 
3.422291e-01 -2.387338e-02 
3.880172e-02 1.311449e-01 
4.525170e-02 2.882722e-01 
1.765734e-01 4.204974e-01 
1.182526e-01 4.584252e-01 
6.939204e-02 4.032079e-01 
2.075909e-02 2.571024e-01 
-2.869931e-03 3.520456e-02 
2.554027e-03 -9.218988e-02 
1.327242e-02 -1.438238e-01 
2.041310e-02 -1.168221e-01 
-9.375527e-04 -5.161205e-03 
-1.289837e-02 9.588536e-02 
-2.053257e-02 1.823745e-01 
-3.682941e-01 -6.677736e-02 
-1.197677e-02 5.235268e-02 
5.414790e-02 2.147495e-01 
9.734279e-02 3.014298e-01 
5.607771e-02 2.877361e-01 
2.192933e-02 2.114541e-01 
-8.262895e-03 9.079559e-02 
-7.955558e-03 -3.192490e-02 
3.904379e-04 -8.808520e-02 
6.374589e-03 -9.839161e-02 
8.461082e-03 -6.554910e-02 
1.721653e-04 -5.040665e-03 
-3.659925e-03 2.787585e-02 
-5.497193e-03 4.824824e-02 
-1.227069e-01 1.258357e-01 
2.410883e-02 2.438428e-01 
1.091699e-01 3.867275e-01 
1.646152e-01 4.646948e-01 
9.583852e-02 4.606409e-01 
4.376156e-02 3.683384e-01 
-3.897770e-03 1.772039e-01 
-7.750457e-03 -6.150310e-02 
5.632376e-03 -1.728539e-01 
1.678270e-02 -1.808944e-01 
1.580205e-02 -8.321647e-02 
-1.048753e-02 7.404249e-02 
-1.391401e-02 1.124414e-01 
-7.412923e-03 6.536122e-02 
2.535500e-01 -6.928754e-02 
8.146337e-02 8.633521e-02 
1.001928e-01 2.588383e-01 
1.609745e-01 4.300719e-01 
9.717300e-02 4.851135e-01 
4.332441e-02 4.184320e-01 
-8.786625e-03 2.185297e-01 
-1.019416e-02 -8.302949e-02 
8.477304e-03 -2.470249e-01 
2.503412e-02 -2.823197e-01 
2.967485e-02 -1.744295e-01 
-8.375992e-03 6.709733e-02 
-2.330525e-02 1.851817e-01 
-2.160090e-02 1.816122e-01 
-4.884803e-01 1.488519e-01 
4.440394e-02 1.081090e-01 
9.937644e-02 2.199472e-01 
1.162820e-01 3.512361e-01 
6.448396e-02 3.594454e-01 
2.490588e-02 2.928175e-01 
-1.164199e-02 1.590150e-01 
-8.308559e-03 -1.233892e-02 
2.910155e-03 -1.149405e-01 
1.245875e-02 -1.643240e-01 
1.799985e-02 -1.430961e-01 
4.622999e-03 -3.386184e-02 
-7.820202e-03 6.241200e-02 
-1.634513e-02 1.304115e-01 
