poroelastic
-7.222591e-02 -7.835259e-02 
-8.429013e-02 -2.230380e-02 
-3.973796e-02 1.250728e-01 
8.072753e-02 2.277147e-01 
6.261213e-02 2.424665e-01 
4.040636e-02 1.816789e-01 
2.223378e-02 6.591751e-02 
1.293399e-02 -2.018436e-02 
1.086545e-02 -2.041334e-02 
1.081416e-02 1.977472e-02 
2.489451e-03 6.423860e-02 
-9.474825e-03 5.777088e-02 
-7.003987e-03 5.633145e-02 
-5.837475e-03 6.522605e-02 
4.616603e-01 1.255860e-01 
-2.909675e-02 2.750331e-01 
-5.034777e-03 3.850288e-01 
1.271034e-01 4.007410e-01 
8.127316e-02 3.446630e-01 
4.539094e-02 2.395992e-01 
1.830793e-02 1.053874e-01 
5.073200e-03 -8.547473e-03 
5.091686e-03 -3.517054e-02 
7.953386e-03 -2.793839e-02 
9.583280e-03 -1.997379e-02 
6.266537e-04 -3.064201e-02 
-6.478969e-03 3.834819e-02 
-1.608277e-02 1.764106e-01 
6.936285e-02 -3.646808e-01 
-5.679882e-02 -2.791230e-01 
-4.398286e-02 -1.142764e-01 
2.759806e-02 4.125124e-02 
3.196493e-02 1.103936e-01 
2.685733e-02 1.246975e-01 
1.738890e-02 9.506632e-02 
5.203627e-03 5.524214e-02 
-5.319337e-04 5.470156e-02 
-4.990742e-03 5.699014e-02 
-6.334885e-03 3.125005e-02 
5.616053e-03 -3.993675e-02 
5.716058e-03 -5.377339e-02 
3.779988e-04 -4.097474e-03 
-1.184312e-01 -2.313292e-02 
-7.817401e-02 9.511085e-02 
1.582197e-03 2.848761e-01 
1.315952e-01 3.921667e-01 
8.859184e-02 3.889758e-01 
5.073264e-02 2.976326e-01 
1.579716e-02 1.373345e-01 
8.581218e-04 -2.753455e-02 
5.197524e-03 -9.061353e-02 
1.289643e-02 -9.245677e-02 
1.474388e-02 -5.212734e-02 
-4.679056e-03 6.044709e-03 
-1.129797e-02 8.511672e-02 
-1.706379e-02 1.859839e-01 
3.614629e-01 3.596641e-02 
3.622776e-03 1.598180e-01 
7.271728e-03 2.860864e-01 
1.314606e-01 3.745031e-01 
9.038173e-02 3.814191e-01 
5.476567e-02 3.180820e-01 
1.996759e-02 1.901462e-01 
-6.462661e-05 2.634899e-02 
1.301934e-03 -5.158437e-02 
7.117722e-03 -7.814697e-02 
1.167402e-02 -6.632028e-02 
5.126682e-04 -2.284695e-02 
-6.705200e-03 4.846981e-02 
-1.373248e-02 1.465836e-01 
-2.083194e-01 -2.759173e-01 
-6.880967e-02 -1.452975e-01 
-9.098529e-03 5.265331e-02 
7.796455e-02 2.071644e-01 
5.805797e-02 2.503109e-01 
3.573372e-02 2.183670e-01 
1.198799e-02 1.283437e-01 
-4.274955e-04 2.161488e-02 
3.111547e-04 -2.083596e-02 
2.292675e-03 -2.846213e-02 
3.050745e-03 -1.868227e-02 
4.690012e-04 -9.262596e-03 
-1.415406e-03 9.081104e-03 
-4.309253e-03 4.551758e-02 
-1.222694e-01 3.165478e-02 
-3.826370e-02 1.388243e-01 
3.995727e-02 3.028151e-01 
1.403247e-01 4.212061e-01 
9.214969e-02 4.451035e-01 
4.959774e-02 3.747201e-01 
3.809157e-03 1.980822e-01 
-8.559003e-03 -3.992572e-02 
2.090697e-03 -1.550967e-01 
1.406692e-02 -1.789269e-01 
1.843538e-02 -1.153001e-01 
-3.898425e-03 8.527467e-03 
-1.192269e-02 9.835484e-02 
-1.565381e-02 1.659969e-01 
3.332548e-01 -3.734534e-02 
3.742080e-02 1.018778e-01 
4.121548e-02 2.604225e-01 
1.549635e-01 4.093528e-01 
1.034542e-01 4.504802e-01 
6.024228e-02 3.965167e-01 
1.673855e-02 2.487032e-01 
-2.920864e-03 2.512518e-02 
2.653176e-03 -1.010564e-01 
1.254652e-02 -1.511689e-01 
1.876652e-02 -1.213729e-01 
-1.472932e-03 -4.716067e-03 
-1.206114e-02 1.012915e-01 
-1.861289e-02 1.929141e-01 
-3.360665e-01 -5.759057e-02 
-7.018842e-03 5.883959e-02 
4.973800e-02 2.084079e-01 
8.110899e-02 2.850406e-01 
4.535995e-02 2.644808e-01 
1.655672e-02 1.881327e-01 
-7.933790e-03 7.330377e-02 
-6.248914e-03 -3.802163e-02 
8.735574e-04 -8.651541e-02 
5.818903e-03 -9.339958e-02 
7.361365e-03 -6.135646e-02 
-1.238646e-04 -4.208906e-03 
-3.497132e-03 2.993718e-02 
-5.343347e-03 5.461276e-02 
-1.110632e-01 1.078224e-01 
2.284073e-02 2.166842e-01 
9.499547e-02 3.563495e-01 
1.405153e-01 4.409538e-01 
8.223313e-02 4.406817e-01 
3.771905e-02 3.542797e-01 
-3.423988e-03 1.687710e-01 
-6.294595e-03 -6.260978e-02 
5.283307e-03 -1.689905e-01 
1.487277e-02 -1.758900e-01 
1.367721e-02 -8.061085e-02 
-9.275364e-03 7.082055e-02 
-1.210809e-02 1.112820e-01 
-7.068478e-03 7.266064e-02 
2.400472e-01 -8.252123e-02 
6.941213e-02 5.678520e-02 
8.570981e-02 2.297528e-01 
1.378670e-01 4.105506e-01 
8.383110e-02 4.677189e-01 
3.752329e-02 4.045877e-01 
-7.725561e-03 2.086139e-01 
-8.370109e-03 -8.599476e-02 
7.954270e-03 -2.430759e-01 
2.233824e-02 -2.757256e-01 
2.584833e-02 -1.694914e-01 
-7.938006e-03 6.413073e-02 
-2.031972e-02 1.824790e-01 
-1.949598e-02 1.909224e-01 
-4.583338e-01 1.313160e-01 
4.085027e-02 1.086835e-01 
8.709038e-02 2.141964e-01 
9.648710e-02 3.287777e-01 
5.254591e-02 3.270248e-01 
2.006990e-02 2.603417e-01 
-8.959102e-03 1.373367e-01 
-6.325130e-03 -1.224825e-02 
2.430882e-03 -1.009017e-01 
9.989071e-03 -1.442123e-01 
1.433462e-02 -1.264540e-01 
3.424670e-03 -3.164953e-02 
-6.262321e-03 5.530794e-02 
-1.330567e-02 1.234680e-01 
