poroelastic
-1.839153e-02 -1.437284e-02 
-1.980179e-02 1.636420e-02 
-9.637262e-03 8.284660e-02 
1.909830e-02 1.439617e-01 
1.572269e-02 1.565761e-01 
1.143237e-02 1.356141e-01 
6.488372e-03 9.440810e-02 
1.816990e-03 4.503085e-02 
-7.894303e-05 3.470383e-04 
-3.431474e-04 -2.788823e-02 
2.392203e-04 -3.369373e-02 
-1.830461e-04 -1.297742e-02 
-1.004631e-04 1.703044e-02 
2.055843e-04 4.830045e-02 
7.831742e-01 5.144112e-01 
3.678417e-02 6.397133e-01 
1.950155e-02 6.280512e-01 
5.417232e-02 5.187726e-01 
3.296431e-02 3.987113e-01 
1.620671e-02 2.613696e-01 
5.000020e-04 1.006434e-01 
-5.263015e-03 -4.631020e-02 
-4.887471e-03 -1.336446e-01 
-2.897131e-03 -1.759495e-01 
6.706117e-04 -1.652788e-01 
-5.471361e-04 -6.886791e-02 
-3.468717e-04 6.469126e-02 
7.198718e-04 2.219855e-01 
1.806106e-01 -3.000766e-01 
-3.865612e-03 -2.065412e-01 
-8.428781e-03 -1.064526e-01 
-3.405688e-03 -5.266079e-02 
2.491068e-04 -1.147669e-02 
1.861604e-03 1.145966e-02 
2.666203e-03 2.679341e-02 
1.951894e-03 4.761895e-02 
9.710528e-04 4.957735e-02 
4.796741e-05 4.059241e-02 
-6.720246e-04 2.172065e-02 
1.297849e-04 -5.725020e-03 
8.709966e-05 -3.446226e-02 
-4.715354e-05 -5.022463e-02 
-4.080647e-02 1.479999e-01 
-1.589360e-03 2.839950e-01 
1.809974e-02 3.515577e-01 
3.167285e-02 3.192679e-01 
1.877943e-02 2.486846e-01 
8.424843e-03 1.551177e-01 
-4.853704e-04 5.044601e-02 
-2.803469e-03 -3.547056e-02 
-2.396938e-03 -8.380494e-02 
-1.146539e-03 -9.871935e-02 
5.154145e-04 -7.085169e-02 
-2.074745e-04 -1.828497e-03 
-1.293204e-04 4.611194e-02 
8.707919e-05 6.805734e-02 
7.647003e-01 4.662484e-01 
7.748417e-02 6.557849e-01 
3.920794e-02 6.719885e-01 
5.503097e-02 5.570043e-01 
3.148439e-02 4.199118e-01 
1.513918e-02 2.802716e-01 
4.084554e-04 1.157099e-01 
-4.835185e-03 -6.359438e-02 
-4.045124e-03 -1.458616e-01 
-2.046728e-03 -1.721562e-01 
8.228034e-04 -1.456813e-01 
-2.548764e-04 -3.883176e-02 
-2.575837e-04 7.927893e-02 
1.502891e-04 1.723536e-01 
1.039191e-01 -3.658825e-01 
-1.535796e-02 -1.904462e-01 
-2.350552e-03 -2.060283e-02 
7.449892e-03 6.145428e-02 
5.833921e-03 7.219681e-02 
4.090912e-03 6.865103e-02 
1.722530e-03 5.331895e-02 
-4.240521e-05 1.537529e-02 
-2.128205e-04 6.940060e-03 
-3.233770e-04 9.822590e-03 
-4.952992e-04 1.003320e-02 
1.708975e-05 3.372495e-03 
5.984363e-05 -1.726187e-02 
6.746050e-05 -6.350181e-02 
-5.890378e-02 2.064873e-01 
2.068938e-02 3.951240e-01 
3.637388e-02 4.661919e-01 
3.448402e-02 3.890617e-01 
1.751708e-02 2.768050e-01 
5.479599e-03 1.511566e-01 
-3.422720e-03 1.990261e-02 
-3.397953e-03 -7.374262e-02 
-2.371616e-03 -1.162690e-01 
-9.894880e-04 -1.182076e-01 
5.058765e-04 -6.891086e-02 
-8.944847e-05 1.733669e-02 
-9.918287e-05 5.535969e-02 
-3.121796e-05 5.373977e-02 
7.749467e-01 4.913748e-01 
1.147580e-01 7.176167e-01 
6.249109e-02 7.285019e-01 
5.338505e-02 5.778217e-01 
2.787234e-02 4.280573e-01 
1.091250e-02 2.649850e-01 
-2.342740e-03 8.025929e-02 
-3.694798e-03 -6.886148e-02 
-2.932913e-03 -1.463899e-01 
-1.561571e-03 -1.750290e-01 
5.357989e-04 -1.404325e-01 
5.408445e-05 -2.596543e-02 
-1.278066e-04 7.057085e-02 
-1.684782e-04 1.535058e-01 
9.010877e-02 -3.548897e-01 
-8.504983e-03 -9.329717e-02 
8.478294e-03 9.612038e-02 
7.923768e-03 1.266361e-01 
3.518963e-03 9.908464e-02 
-1.014214e-03 4.708997e-02 
-4.286230e-03 -8.657610e-03 
-1.803504e-03 -3.777599e-02 
-1.100799e-03 -5.044581e-02 
-7.842781e-04 -5.258741e-02 
-4.068147e-04 -4.388350e-02 
-5.910974e-06 -2.494331e-02 
2.667810e-05 -1.485747e-02 
3.558928e-05 -1.178779e-02 
-6.782186e-02 2.212166e-01 
4.365306e-02 4.376980e-01 
4.766885e-02 4.949272e-01 
2.802455e-02 3.502975e-01 
1.092738e-02 2.008994e-01 
1.430085e-03 6.676512e-02 
-2.713553e-03 -3.783163e-02 
-1.365106e-03 -7.532111e-02 
-6.669615e-04 -7.931984e-02 
6.495204e-05 -5.877375e-02 
6.027739e-04 -8.124405e-03 
3.466143e-06 5.215971e-02 
-1.157786e-04 6.006366e-02 
-5.067856e-05 1.980634e-02 
7.306212e-01 4.934309e-01 
1.457917e-01 7.740728e-01 
8.061970e-02 7.637575e-01 
4.221079e-02 5.316376e-01 
1.651100e-02 3.154186e-01 
2.991868e-03 1.303378e-01 
-3.705992e-03 -2.672115e-02 
-2.170172e-03 -1.177617e-01 
-1.213568e-03 -1.437004e-01 
-1.463538e-04 -1.269049e-01 
1.024765e-03 -6.578164e-02 
3.007438e-04 3.547523e-02 
-1.830354e-04 1.042174e-01 
-4.686960e-04 1.293039e-01 
8.781721e-03 -4.401578e-01 
-7.220611e-03 -7.695282e-02 
2.066521e-02 1.682641e-01 
1.428426e-02 2.195900e-01 
7.143379e-03 1.930894e-01 
7.724624e-04 1.358672e-01 
-4.702620e-03 5.045901e-02 
-1.523439e-03 -3.682506e-02 
-9.529303e-04 -8.558194e-02 
-6.891780e-04 -1.118971e-01 
-2.539545e-04 -1.156047e-01 
2.454585e-04 -7.789726e-02 
1.612016e-04 -1.426190e-02 
-3.524229e-04 5.952065e-02 
