poroelastic
-8.932938e-02 1.008269e-02 
-9.102738e-02 6.816128e-02 
-4.672365e-02 1.530934e-01 
8.716264e-02 2.286925e-01 
6.777070e-02 2.621560e-01 
4.962419e-02 2.383188e-01 
3.352691e-02 1.985753e-01 
9.357339e-03 1.394648e-01 
-1.613399e-04 3.742930e-02 
5.527780e-03 -5.685458e-02 
1.900445e-02 -1.207020e-01 
5.713245e-03 -8.292127e-02 
-9.147235e-03 4.538921e-02 
-2.122667e-02 2.177432e-01 
2.351030e-01 2.982176e-01 
2.259680e-02 2.965779e-01 
1.723662e-02 1.490537e-01 
1.319145e-02 4.724599e-02 
8.739250e-03 4.574109e-02 
1.085804e-02 9.484688e-02 
2.782792e-03 1.484305e-01 
-1.280095e-02 1.058233e-01 
-1.314019e-02 8.902955e-03 
-5.920161e-03 -9.813144e-02 
1.478762e-02 -1.941551e-01 
2.057231e-02 -1.744229e-01 
1.763829e-03 -3.785762e-02 
-1.622800e-02 1.651464e-01 
-8.414328e-02 -3.448161e-01 
-8.823075e-02 -2.984890e-01 
-7.670766e-02 -1.718958e-01 
4.707787e-02 3.670977e-02 
6.129618e-02 2.103482e-01 
5.891407e-02 3.084156e-01 
3.739247e-02 3.105580e-01 
2.330324e-03 1.721261e-01 
-3.857783e-03 1.935957e-02 
5.784090e-03 -1.073572e-01 
2.263999e-02 -1.736869e-01 
8.244619e-03 -9.847421e-02 
-8.793538e-03 4.913874e-02 
-2.285339e-02 2.314364e-01 
-6.221082e-02 1.456062e-01 
-1.229174e-02 2.418702e-01 
2.834063e-02 2.629969e-01 
6.025474e-02 2.327959e-01 
3.187606e-02 1.855373e-01 
1.249427e-02 1.288405e-01 
-4.661632e-03 8.408282e-02 
-1.080142e-02 4.910269e-02 
-8.047884e-03 -1.738509e-02 
-1.701326e-03 -8.571192e-02 
1.124633e-02 -1.325282e-01 
1.125508e-02 -9.842857e-02 
3.532273e-04 -1.465012e-02 
-9.167729e-03 9.385765e-02 
5.770209e-01 3.988174e-01 
6.034464e-02 5.710226e-01 
5.185278e-02 4.957388e-01 
1.063429e-01 3.582337e-01 
5.787706e-02 2.761348e-01 
3.075987e-02 2.024159e-01 
9.727009e-03 1.229357e-01 
-1.820224e-03 3.857094e-02 
-1.473441e-04 -4.020932e-02 
7.322553e-03 -9.574325e-02 
1.606538e-02 -1.092194e-01 
2.182329e-03 -3.901597e-02 
-8.436526e-03 5.908636e-02 
-1.596348e-02 1.610459e-01 
-2.302128e-02 -4.283350e-01 
-5.937929e-02 -2.185303e-01 
-1.860646e-02 -2.018364e-02 
5.130335e-02 1.371752e-01 
4.432983e-02 2.217667e-01 
2.931606e-02 2.428623e-01 
2.384937e-03 2.000285e-01 
-1.205341e-02 9.110712e-02 
-8.613428e-03 -1.494652e-02 
-9.772583e-04 -1.010855e-01 
1.104879e-02 -1.435703e-01 
1.101458e-02 -9.461351e-02 
1.610878e-03 -2.047724e-02 
-6.185160e-03 6.203485e-02 
-9.068299e-02 2.512689e-01 
3.014934e-02 4.480414e-01 
8.740167e-02 5.028688e-01 
8.532511e-02 3.817037e-01 
2.901312e-02 2.133002e-01 
-2.248704e-03 4.097711e-02 
-1.140849e-02 -7.071362e-02 
-2.761277e-03 -5.231214e-02 
1.019601e-03 -4.331970e-02 
3.157966e-03 -3.625728e-02 
3.985552e-03 -2.386090e-02 
-1.219691e-03 5.059794e-03 
-3.001033e-03 2.482421e-02 
-2.838755e-03 2.869177e-02 
8.586212e-01 6.326995e-01 
2.092560e-01 1.007860e+00 
1.739707e-01 9.348877e-01 
1.490929e-01 6.131999e-01 
5.431656e-02 3.485084e-01 
1.017361e-02 1.401846e-01 
-8.428466e-03 -1.574224e-02 
-3.373505e-03 -5.487584e-02 
1.798526e-03 -6.783831e-02 
5.669259e-03 -6.735604e-02 
7.817187e-03 -4.925124e-02 
-9.081797e-04 9.275643e-04 
-5.460382e-03 4.508538e-02 
-7.108458e-03 7.041964e-02 
1.038176e-01 -5.386533e-01 
-2.592508e-02 -1.246823e-01 
2.118196e-02 1.038408e-01 
2.260596e-02 1.355635e-01 
7.137283e-03 9.589402e-02 
-5.475511e-03 3.380028e-02 
-1.304884e-02 -1.845448e-02 
-6.675027e-03 -1.234898e-02 
-3.679071e-03 -1.361832e-02 
-2.741223e-03 -2.127494e-02 
-6.004275e-04 -2.898445e-02 
3.759656e-03 -2.733838e-02 
3.985728e-03 -3.338212e-02 
5.604940e-03 -5.501383e-02 
-9.719167e-02 4.391527e-01 
1.357244e-01 7.831654e-01 
1.783773e-01 8.449423e-01 
9.371407e-02 5.266411e-01 
1.121967e-02 1.753620e-01 
-2.177382e-02 -1.114711e-01 
-1.417688e-02 -2.323155e-01 
2.805711e-03 -8.942398e-02 
1.673367e-03 6.906090e-03 
-2.680307e-03 5.502998e-02 
-5.569488e-03 5.303688e-02 
-5.729891e-04 7.557925e-03 
1.853410e-03 -1.557004e-02 
2.481012e-03 -2.453951e-02 
1.093334e+00 9.525474e-01 
4.425315e-01 1.543746e+00 
3.107418e-01 1.412918e+00 
1.078518e-01 7.174399e-01 
-8.225221e-03 1.253635e-01 
-4.201125e-02 -2.833799e-01 
-1.922694e-02 -4.425758e-01 
1.004408e-02 -2.117427e-01 
7.614921e-03 -9.169778e-03 
-2.731717e-03 1.275961e-01 
-1.566922e-02 1.827320e-01 
-1.245855e-02 1.130160e-01 
6.424871e-06 5.511289e-03 
1.318959e-02 -1.250276e-01 
-6.531762e-02 -6.773660e-01 
1.065611e-02 1.589118e-02 
7.898120e-02 3.513338e-01 
3.936940e-02 2.884223e-01 
7.654975e-03 1.833064e-01 
-1.392219e-02 6.107099e-02 
-2.536055e-02 -7.340999e-02 
-6.266328e-03 -1.224726e-01 
2.426777e-03 -1.176415e-01 
3.685113e-03 -7.790481e-02 
1.872132e-04 -1.549521e-02 
-2.684488e-03 2.396588e-02 
-2.688599e-04 3.922340e-03 
8.626834e-03 -7.740033e-02 
