poroelastic
-6.249455e-02 -1.714687e-02 
-6.563643e-02 4.074904e-02 
-2.824758e-02 1.565747e-01 
6.897780e-02 2.560195e-01 
5.130393e-02 2.700690e-01 
3.442539e-02 2.186356e-01 
1.977951e-02 1.310071e-01 
6.906151e-03 4.755490e-02 
3.548912e-03 -1.206714e-02 
6.136370e-03 -4.463586e-02 
7.985964e-03 -4.609829e-02 
-2.864807e-03 -1.080768e-03 
-5.813701e-03 7.266777e-02 
-7.650739e-03 1.645704e-01 
5.339323e-01 3.200332e-01 
1.266322e-02 4.248505e-01 
1.609735e-02 4.076961e-01 
7.653364e-02 3.523345e-01 
4.541158e-02 2.874612e-01 
2.387382e-02 2.080586e-01 
5.058336e-03 1.090577e-01 
-3.410174e-03 -2.730043e-03 
-1.207867e-03 -7.744540e-02 
4.388343e-03 -1.223203e-01 
1.132691e-02 -1.312004e-01 
1.482104e-03 -6.628023e-02 
-5.705420e-03 6.414066e-02 
-1.120426e-02 2.352762e-01 
9.034332e-02 -4.561552e-01 
-5.451199e-02 -3.601353e-01 
-4.499262e-02 -1.810699e-01 
2.491964e-02 3.188355e-02 
3.256350e-02 1.556555e-01 
2.987341e-02 2.082537e-01 
1.793230e-02 1.872822e-01 
2.378973e-03 9.678122e-02 
-1.134524e-03 2.431651e-02 
3.822570e-05 -3.064049e-02 
3.805776e-03 -6.478366e-02 
2.563613e-03 -5.173010e-02 
-9.185001e-04 2.843853e-03 
-4.419421e-03 9.031924e-02 
-7.909561e-02 8.463184e-02 
-2.951216e-02 2.138576e-01 
2.144247e-02 3.368316e-01 
8.232735e-02 3.804330e-01 
4.943070e-02 3.341337e-01 
2.393812e-02 2.308200e-01 
2.644252e-03 9.428758e-02 
-3.147404e-03 -2.762434e-02 
3.920200e-04 -9.948354e-02 
6.342312e-03 -1.279965e-01 
1.035802e-02 -1.047042e-01 
-1.693755e-03 -1.649691e-02 
-6.390865e-03 8.431752e-02 
-9.114121e-03 1.895974e-01 
6.484091e-01 3.354489e-01 
6.619543e-02 5.165319e-01 
4.691280e-02 5.339827e-01 
1.058905e-01 4.819565e-01 
6.091964e-02 3.982516e-01 
3.105041e-02 2.831030e-01 
7.150816e-03 1.355399e-01 
-1.831343e-03 -1.187471e-02 
9.637304e-04 -9.826151e-02 
6.879416e-03 -1.348401e-01 
1.142520e-02 -1.131332e-01 
-1.620510e-03 -1.515801e-02 
-7.168247e-03 9.734826e-02 
-1.048882e-02 2.138287e-01 
-2.685283e-02 -4.695938e-01 
-5.244707e-02 -2.512217e-01 
-1.019629e-02 -1.436387e-02 
4.478662e-02 1.684628e-01 
3.580534e-02 2.335145e-01 
2.257822e-02 2.229872e-01 
5.002238e-03 1.472082e-01 
-2.990590e-03 3.503397e-02 
-1.516497e-03 -3.787457e-02 
1.653327e-03 -7.919133e-02 
5.081180e-03 -8.333900e-02 
1.576406e-03 -3.661737e-02 
-1.684658e-03 1.946532e-02 
-4.117988e-03 8.193925e-02 
-9.261966e-02 1.650875e-01 
1.248401e-02 3.469853e-01 
6.267911e-02 4.688853e-01 
8.797674e-02 4.574138e-01 
4.509653e-02 3.597218e-01 
1.559030e-02 2.131255e-01 
-4.741516e-03 4.653570e-02 
-4.106057e-03 -7.294256e-02 
1.402394e-03 -1.315158e-01 
6.979753e-03 -1.390090e-01 
8.719862e-03 -8.711552e-02 
-3.037955e-03 1.600664e-02 
-6.240224e-03 9.243285e-02 
-7.080689e-03 1.436824e-01 
7.912343e-01 4.198352e-01 
1.553347e-01 7.104558e-01 
1.125401e-01 7.415694e-01 
1.256904e-01 6.179451e-01 
6.152919e-02 4.586083e-01 
2.494658e-02 2.819417e-01 
1.594867e-03 9.346995e-02 
-1.681512e-03 -5.414325e-02 
2.797845e-03 -1.300053e-01 
8.505198e-03 -1.504112e-01 
1.106575e-02 -1.042438e-01 
-3.159647e-03 1.676835e-02 
-8.265952e-03 1.233273e-01 
-1.061814e-02 2.094306e-01 
-1.122213e-02 -4.389540e-01 
-2.126057e-02 -1.071321e-01 
2.271468e-02 1.263061e-01 
3.230700e-02 1.990910e-01 
1.627649e-02 1.729476e-01 
2.426173e-03 1.035361e-01 
-8.144092e-03 1.704117e-02 
-4.046749e-03 -3.887500e-02 
-4.401315e-04 -6.636457e-02 
1.835219e-03 -7.374236e-02 
3.196424e-03 -5.750065e-02 
8.327730e-04 -1.758600e-02 
-9.034519e-04 1.268036e-02 
-1.756395e-03 3.380112e-02 
-9.651975e-02 2.736195e-01 
7.923941e-02 5.301433e-01 
1.119331e-01 6.359232e-01 
8.298586e-02 5.005895e-01 
3.185865e-02 3.090838e-01 
4.574601e-03 1.123591e-01 
-5.745072e-03 -4.523526e-02 
-5.744314e-04 -8.723578e-02 
2.833840e-03 -9.287413e-02 
4.968979e-03 -7.023814e-02 
3.417387e-03 -1.504145e-02 
-4.074461e-03 5.080458e-02 
-4.328634e-03 7.077002e-02 
-2.786669e-03 5.462968e-02 
8.409992e-01 5.724529e-01 
2.655047e-01 9.638430e-01 
1.787428e-01 9.560323e-01 
9.668743e-02 6.415657e-01 
2.855948e-02 3.363378e-01 
-2.456249e-03 7.255131e-02 
-1.023388e-02 -1.253330e-01 
1.257288e-04 -1.685161e-01 
5.451414e-03 -1.576405e-01 
8.275708e-03 -1.098397e-01 
6.085604e-03 -1.918047e-02 
-6.659503e-03 8.908981e-02 
-8.042027e-03 1.290899e-01 
-5.756351e-03 1.069485e-01 
-1.385118e-01 -4.807738e-01 
1.900065e-03 -4.041614e-02 
5.455093e-02 2.355092e-01 
4.172814e-02 2.815934e-01 
1.894183e-02 2.383068e-01 
2.153069e-03 1.515342e-01 
-1.033956e-02 3.011450e-02 
-3.473596e-03 -6.611706e-02 
1.617757e-03 -1.114735e-01 
4.758417e-03 -1.199624e-01 
5.735233e-03 -8.588037e-02 
4.843568e-04 -1.349400e-02 
-2.803411e-03 4.211680e-02 
-4.351508e-03 7.556053e-02 
