poroelastic
-2.998509e-02 5.745725e-02 
-2.354714e-02 8.209737e-02 
-7.203263e-03 8.468225e-02 
3.000933e-02 1.027760e-01 
2.025884e-02 1.058937e-01 
1.300071e-02 9.608871e-02 
5.425935e-03 1.012610e-01 
-4.104494e-03 8.818525e-02 
-5.043199e-03 1.463423e-02 
7.868427e-04 -6.521255e-02 
1.233746e-02 -1.184911e-01 
7.259657e-03 -7.771232e-02 
-2.628663e-03 7.370999e-03 
-9.473241e-03 1.090836e-01 
1.015284e-01 3.079924e-01 
3.501368e-02 2.557073e-01 
2.495607e-02 6.450603e-02 
-2.270951e-02 -6.153839e-02 
-1.704343e-02 -7.531909e-02 
-9.542670e-03 -3.319641e-02 
-8.397402e-03 2.821688e-02 
-9.460911e-03 4.333897e-02 
-6.778747e-03 -1.014485e-02 
-1.273036e-03 -7.527773e-02 
8.475086e-03 -1.139721e-01 
7.946722e-03 -7.115614e-02 
5.767715e-04 -1.171419e-02 
-3.633252e-03 4.165647e-02 
2.353066e-02 -2.430061e-01 
-3.759174e-02 -2.055704e-01 
-3.716100e-02 -1.347268e-01 
1.947601e-02 2.051985e-03 
2.809919e-02 1.230374e-01 
2.591500e-02 1.930973e-01 
1.111090e-02 1.963339e-01 
-4.585011e-03 9.576049e-02 
-2.742945e-03 -2.066436e-02 
6.099896e-03 -1.099806e-01 
1.552451e-02 -1.338010e-01 
2.141599e-03 -4.099893e-02 
-6.649644e-03 4.967510e-02 
-1.030732e-02 1.171779e-01 
8.098253e-03 1.395862e-01 
2.915289e-02 1.825573e-01 
2.795676e-02 1.153521e-01 
-1.320543e-02 1.811059e-02 
-1.677792e-02 -4.803963e-02 
-1.661996e-02 -7.526562e-02 
-1.373740e-02 -4.465891e-02 
-8.358094e-03 1.867406e-02 
-6.726716e-03 1.074366e-02 
-4.890182e-03 -2.739171e-02 
2.327793e-03 -6.855804e-02 
8.612160e-03 -6.459393e-02 
4.817764e-03 -4.481701e-02 
2.221328e-03 -2.563482e-02 
4.395448e-01 4.507630e-01 
6.427483e-02 5.577175e-01 
5.269082e-02 4.081777e-01 
3.613276e-02 1.933871e-01 
8.083450e-03 6.622118e-02 
-1.168335e-03 -7.555101e-03 
-8.988666e-04 -2.952581e-02 
6.774615e-04 9.206784e-05 
8.531037e-04 -6.913554e-03 
2.658378e-03 -2.285589e-02 
4.691148e-03 -2.952837e-02 
-9.633589e-04 -5.368623e-04 
-3.634385e-03 3.084798e-02 
-4.108624e-03 4.679052e-02 
2.476371e-01 -3.562130e-01 
-1.171298e-02 -1.996217e-01 
-1.205713e-02 -9.189123e-02 
-6.865047e-03 -1.698232e-02 
1.060050e-04 3.354848e-02 
-1.164813e-03 6.221838e-02 
-1.014240e-02 6.620929e-02 
-1.018860e-02 3.526356e-02 
-5.819951e-03 -1.949540e-02 
-1.037272e-03 -7.170132e-02 
5.928980e-03 -9.711268e-02 
7.524903e-03 -6.371183e-02 
2.926018e-03 -2.882266e-02 
5.889556e-04 -6.654930e-03 
-1.363536e-02 1.881331e-01 
3.840517e-02 3.147960e-01 
4.625279e-02 2.795001e-01 
1.045908e-03 1.008372e-01 
-1.671498e-02 -6.182232e-02 
-1.926627e-02 -1.695487e-01 
-5.923655e-03 -1.614792e-01 
2.198871e-03 -1.739328e-02 
-1.458353e-03 5.205936e-02 
-5.843528e-03 7.197430e-02 
-6.836979e-03 4.871433e-02 
1.060886e-03 2.973278e-03 
4.196072e-03 -3.460832e-02 
6.685384e-03 -7.638744e-02 
6.594647e-01 6.944434e-01 
1.604148e-01 9.429213e-01 
1.210270e-01 7.626217e-01 
4.302838e-02 3.507397e-01 
-5.986734e-03 5.376665e-02 
-1.984305e-02 -1.311041e-01 
-1.162213e-02 -1.871980e-01 
9.378479e-04 -7.721378e-02 
9.572943e-04 -6.670546e-03 
-1.637290e-03 2.969677e-02 
-3.545555e-03 3.350734e-02 
-6.318250e-04 9.382673e-03 
1.165472e-03 -8.985546e-03 
2.831595e-03 -3.171683e-02 
4.424414e-01 -5.727963e-01 
-2.735197e-02 -2.664240e-01 
-2.261504e-02 -1.243760e-01 
-2.883560e-02 -1.057068e-01 
-1.655689e-02 -9.486155e-02 
-1.026585e-02 -7.930074e-02 
-5.490203e-03 -4.146285e-02 
-3.446200e-03 2.928861e-02 
-5.435329e-03 5.327790e-02 
-7.562256e-03 4.623544e-02 
-5.603533e-03 1.172897e-02 
5.634610e-03 -3.835151e-02 
7.856867e-03 -7.209024e-02 
9.239678e-03 -1.024597e-01 
-2.229517e-02 2.739863e-01 
7.997546e-02 5.166051e-01 
7.638600e-02 4.960478e-01 
3.918065e-03 1.898821e-01 
-2.377725e-02 -8.944129e-02 
-2.685746e-02 -2.699542e-01 
-6.880286e-03 -2.653522e-01 
3.974758e-03 -4.383297e-02 
-2.033089e-03 7.596941e-02 
-8.473720e-03 1.116618e-01 
-7.945297e-03 6.001768e-02 
5.201184e-03 -4.060374e-02 
6.156049e-03 -6.074514e-02 
2.481399e-03 -2.774970e-02 
8.564997e-01 9.487882e-01 
2.885371e-01 1.321167e+00 
1.711999e-01 1.064392e+00 
2.033472e-02 3.673477e-01 
-3.181297e-02 -1.412050e-01 
-3.468172e-02 -4.287388e-01 
-3.340764e-03 -4.365558e-01 
1.212419e-02 -9.726711e-02 
2.111822e-04 1.344977e-01 
-1.471550e-02 2.491528e-01 
-2.391701e-02 2.245539e-01 
-3.126464e-03 4.618256e-02 
1.025278e-02 -9.012675e-02 
1.702201e-02 -1.834194e-01 
4.731149e-01 -8.146208e-01 
-4.896167e-02 -2.324511e-01 
-1.843430e-02 9.334251e-03 
-2.698304e-02 -3.582749e-02 
-2.009146e-02 -7.664559e-02 
-1.798417e-02 -1.085967e-01 
-1.398391e-02 -1.238838e-01 
-2.862348e-03 -7.334862e-02 
-1.282930e-03 -2.387948e-02 
-4.564472e-03 2.170693e-02 
-7.921906e-03 4.513672e-02 
-8.810078e-05 1.010646e-02 
6.340193e-03 -5.419480e-02 
1.437294e-02 -1.466389e-01 
