poroelastic
-1.674931e-02 5.260172e-02 
-1.170036e-02 7.374119e-02 
-5.122492e-04 8.005902e-02 
1.803325e-02 9.673417e-02 
9.889763e-03 7.896857e-02 
4.203583e-03 4.962857e-02 
5.931534e-04 4.264185e-02 
-2.044169e-03 4.782822e-02 
-2.195490e-03 7.932479e-03 
9.765172e-05 -3.979098e-02 
4.646271e-03 -7.100081e-02 
2.740220e-03 -4.406724e-02 
-8.122117e-04 2.553810e-03 
-2.988791e-03 5.455909e-02 
2.385689e-01 4.205956e-01 
3.110913e-02 3.905197e-01 
2.868680e-02 2.013303e-01 
-3.323772e-03 3.708519e-02 
-9.595618e-03 -3.860258e-02 
-9.399929e-03 -6.144859e-02 
-7.025002e-03 -4.227727e-02 
-3.273236e-03 -6.524053e-03 
-1.608626e-03 -1.766894e-02 
1.335544e-04 -3.906193e-02 
2.518143e-03 -4.720481e-02 
1.259984e-03 -1.781034e-02 
-2.808697e-04 3.245010e-03 
-3.657470e-04 6.647582e-03 
1.881693e-01 -3.650034e-01 
-2.001257e-02 -3.071090e-01 
-2.846850e-02 -1.962165e-01 
5.575817e-03 -3.287958e-02 
1.430043e-02 8.477515e-02 
1.371984e-02 1.489676e-01 
4.425277e-03 1.480894e-01 
-3.201231e-03 6.755377e-02 
-1.822140e-03 -1.654427e-02 
2.188225e-03 -7.706510e-02 
6.135587e-03 -8.850628e-02 
1.074955e-03 -2.494170e-02 
-2.050633e-03 2.396604e-02 
-2.760983e-03 4.923927e-02 
4.146471e-03 1.215418e-01 
2.062395e-02 1.803924e-01 
2.266044e-02 1.386528e-01 
-7.964607e-03 3.727253e-02 
-1.313032e-02 -5.162631e-02 
-1.394488e-02 -1.044476e-01 
-9.452280e-03 -8.866589e-02 
-3.246860e-03 -1.334013e-02 
-2.375182e-03 2.987251e-03 
-2.204183e-03 -7.519814e-03 
-9.453585e-05 -2.570239e-02 
2.794989e-03 -2.591827e-02 
2.177311e-03 -2.775240e-02 
2.209508e-03 -4.029829e-02 
5.194484e-01 5.537630e-01 
6.574781e-02 6.548992e-01 
4.959380e-02 4.856711e-01 
2.776340e-02 2.250122e-01 
2.716152e-03 5.098126e-02 
-4.858433e-03 -5.615110e-02 
-1.696250e-03 -8.400521e-02 
1.745501e-03 -2.192685e-02 
1.252679e-03 1.347662e-03 
9.567006e-04 8.270502e-03 
3.278751e-04 1.111219e-02 
-1.918707e-03 2.109451e-02 
-1.594797e-03 2.355917e-02 
-4.768738e-04 8.604880e-03 
3.872982e-01 -4.707813e-01 
-8.886172e-03 -3.072228e-01 
-1.666493e-02 -1.656897e-01 
-1.283009e-02 -6.268529e-02 
-4.048068e-03 -3.074898e-03 
-3.203207e-03 2.763093e-02 
-7.275160e-03 3.259566e-02 
-5.358949e-03 1.286810e-02 
-2.706971e-03 -2.201527e-02 
-5.478469e-04 -5.267647e-02 
2.270644e-03 -6.267931e-02 
3.302785e-03 -3.767931e-02 
1.797667e-03 -2.431404e-02 
1.629344e-03 -2.891451e-02 
-8.212554e-03 1.519128e-01 
2.702979e-02 2.743794e-01 
2.919052e-02 2.435132e-01 
-2.891854e-03 7.220187e-02 
-1.305800e-02 -7.772583e-02 
-1.335501e-02 -1.716324e-01 
-3.374249e-03 -1.542796e-01 
1.658459e-03 -1.581409e-02 
-9.369023e-04 5.219095e-02 
-4.020488e-03 7.499265e-02 
-5.051387e-03 5.740927e-02 
4.172964e-04 1.135870e-02 
2.928775e-03 -3.464340e-02 
4.911589e-03 -8.886739e-02 
6.964146e-01 7.627269e-01 
1.353706e-01 9.719308e-01 
8.966974e-02 7.669036e-01 
2.718602e-02 3.333783e-01 
-6.775109e-03 2.432035e-02 
-1.518586e-02 -1.659529e-01 
-6.734257e-03 -2.117204e-01 
2.123081e-03 -8.177497e-02 
1.378146e-03 -5.348043e-04 
-8.767510e-04 4.248790e-02 
-2.793375e-03 4.886776e-02 
-1.371676e-03 2.178322e-02 
1.537733e-04 4.122288e-04 
1.370976e-03 -2.431569e-02 
5.739024e-01 -6.658098e-01 
-2.874921e-02 -3.904653e-01 
-3.089781e-02 -2.217969e-01 
-2.659777e-02 -1.615471e-01 
-1.303779e-02 -1.187282e-01 
-6.655461e-03 -7.569472e-02 
-3.527071e-03 -2.447250e-02 
-2.626778e-03 3.444682e-02 
-3.647533e-03 4.834285e-02 
-4.623125e-03 3.683590e-02 
-3.043865e-03 5.986025e-03 
3.799145e-03 -3.439826e-02 
4.979931e-03 -6.741875e-02 
5.842307e-03 -1.018242e-01 
-1.571448e-02 1.936580e-01 
4.898610e-02 4.080524e-01 
4.067696e-02 3.876318e-01 
-2.043793e-03 1.269126e-01 
-1.565033e-02 -9.971117e-02 
-1.584036e-02 -2.398044e-01 
-3.266519e-03 -2.225884e-01 
2.535283e-03 -3.577562e-02 
-1.039061e-03 6.249188e-02 
-4.659109e-03 9.280081e-02 
-4.414371e-03 5.288778e-02 
2.440391e-03 -2.507018e-02 
3.026918e-03 -4.457727e-02 
1.539452e-03 -2.726447e-02 
8.276858e-01 9.603875e-01 
2.157668e-01 1.243808e+00 
1.105495e-01 9.629036e-01 
1.150937e-02 3.144934e-01 
-1.922826e-02 -1.339361e-01 
-2.008543e-02 -3.781156e-01 
-8.638591e-04 -3.676902e-01 
7.072989e-03 -6.809984e-02 
-3.121029e-04 1.218836e-01 
-8.753810e-03 2.099598e-01 
-1.315351e-02 1.808603e-01 
-7.719052e-04 3.224752e-02 
5.767367e-03 -7.411124e-02 
8.452494e-03 -1.441358e-01 
6.522403e-01 -8.879330e-01 
-5.985792e-02 -3.976898e-01 
-3.815595e-02 -1.495659e-01 
-2.504162e-02 -1.236727e-01 
-1.411380e-02 -1.119177e-01 
-1.024644e-02 -1.032017e-01 
-7.545575e-03 -8.907776e-02 
-2.068132e-03 -4.404548e-02 
-1.318553e-03 -1.090489e-02 
-2.786186e-03 1.481427e-02 
-3.565728e-03 2.320404e-02 
1.373502e-03 -4.834507e-03 
3.979809e-03 -4.953484e-02 
6.999138e-03 -1.122131e-01 
