poroelastic
2.590973e-02 -1.253629e-02 
2.595279e-02 -3.635084e-02 
7.554462e-03 -8.788914e-02 
-3.505948e-02 -1.564924e-01 
-2.204860e-02 -1.460698e-01 
-1.312503e-02 -1.018383e-01 
-7.937206e-03 -7.124886e-02 
-1.601830e-03 -6.375003e-02 
-4.663373e-05 -2.635288e-02 
-1.018817e-03 1.329987e-02 
-2.474538e-03 3.571488e-02 
4.328720e-04 9.939029e-03 
1.609084e-03 -2.371077e-02 
2.181970e-03 -6.216819e-02 
-5.510055e-01 -5.324893e-01 
-5.284102e-02 -6.319084e-01 
-4.145687e-02 -4.717120e-01 
-3.637165e-02 -2.662819e-01 
-1.059353e-02 -1.281984e-01 
1.004218e-03 -2.878504e-02 
4.470257e-03 3.023363e-02 
1.035868e-03 4.540155e-02 
-1.374293e-03 6.997494e-02 
-3.941081e-03 8.256436e-02 
-4.955793e-03 6.350842e-02 
2.194448e-03 -8.135732e-03 
3.827123e-03 -6.678266e-02 
3.789244e-03 -1.057134e-01 
-2.412147e-01 5.387785e-01 
3.822804e-02 4.603648e-01 
3.903949e-02 2.833459e-01 
-1.274057e-02 3.340872e-02 
-2.189423e-02 -1.298700e-01 
-1.958754e-02 -2.134332e-01 
-7.226117e-03 -2.029624e-01 
2.112943e-03 -9.132586e-02 
1.233442e-03 6.226880e-03 
-1.667786e-03 7.077143e-02 
-3.992595e-03 7.888278e-02 
-1.755128e-04 1.319264e-02 
1.305708e-03 -2.292185e-02 
1.202024e-03 -3.206301e-02 
2.509922e-02 -1.276401e-01 
-6.941582e-03 -2.286480e-01 
-2.506002e-02 -2.522297e-01 
-2.480324e-02 -1.922666e-01 
-7.066211e-03 -9.398314e-02 
1.546910e-03 -1.155057e-03 
2.155178e-03 4.092491e-02 
2.269238e-05 1.577564e-02 
-6.181176e-04 2.067060e-02 
-1.722388e-03 3.207003e-02 
-2.233759e-03 3.049202e-02 
1.098823e-03 -5.132725e-03 
1.813357e-03 -3.207541e-02 
1.642304e-03 -4.492580e-02 
-7.602911e-01 -6.402577e-01 
-1.135839e-01 -8.480196e-01 
-7.318030e-02 -7.058958e-01 
-5.870100e-02 -4.255423e-01 
-1.854642e-02 -2.078979e-01 
-1.629671e-03 -4.250406e-02 
1.433395e-03 5.131513e-02 
-1.023760e-03 4.302167e-02 
-2.011158e-03 4.315573e-02 
-3.117102e-03 3.974845e-02 
-2.650137e-03 2.014788e-02 
2.821879e-03 -2.654033e-02 
3.283033e-03 -5.884471e-02 
2.702124e-03 -7.249214e-02 
-3.198148e-01 6.732738e-01 
4.192070e-02 4.683094e-01 
2.531013e-02 2.185995e-01 
-1.048080e-02 -8.359482e-03 
-1.428743e-02 -1.244064e-01 
-9.441260e-03 -1.628178e-01 
8.733209e-04 -1.253774e-01 
2.828104e-03 -3.067265e-02 
2.011384e-04 4.262956e-02 
-2.642917e-03 8.527749e-02 
-4.214817e-03 7.945444e-02 
-1.345341e-04 1.393167e-02 
1.500588e-03 -2.552924e-02 
1.564493e-03 -4.052926e-02 
3.684353e-02 -1.593634e-01 
-2.712290e-02 -3.243924e-01 
-4.321331e-02 -3.667695e-01 
-2.797736e-02 -2.512091e-01 
-5.365749e-03 -1.008568e-01 
3.955606e-03 3.058042e-02 
2.305090e-03 8.417909e-02 
-6.676093e-04 2.681620e-02 
-4.801978e-04 4.424673e-03 
-3.731145e-04 -1.217294e-03 
-1.907050e-04 -1.703836e-03 
7.860584e-04 -1.025375e-02 
6.858314e-04 -1.375636e-02 
2.576202e-04 -6.808310e-03 
-9.250632e-01 -8.095819e-01 
-1.955111e-01 -1.116415e+00 
-1.179708e-01 -9.521769e-01 
-6.123948e-02 -5.328862e-01 
-1.199796e-02 -2.037782e-01 
5.204684e-03 3.274860e-02 
3.173220e-03 1.487827e-01 
-2.666439e-03 9.439931e-02 
-3.117163e-03 5.324509e-02 
-3.051219e-03 2.199785e-02 
-1.423233e-03 -6.031394e-03 
3.536240e-03 -3.744897e-02 
3.689818e-03 -6.503910e-02 
3.216563e-03 -8.282804e-02 
-4.561967e-01 8.529302e-01 
5.341008e-02 5.157275e-01 
2.523072e-02 2.185192e-01 
-1.357379e-04 2.965155e-02 
-5.172358e-03 -5.971914e-02 
-2.929467e-03 -9.177809e-02 
3.002834e-03 -7.302546e-02 
2.676979e-03 -2.728531e-02 
8.195880e-04 1.607885e-02 
-9.042964e-04 4.728109e-02 
-2.422488e-03 5.427477e-02 
-1.613293e-03 2.684719e-02 
-4.005242e-04 8.233794e-03 
-4.709841e-05 1.169132e-03 
4.007643e-02 -1.978693e-01 
-5.886945e-02 -4.466659e-01 
-6.016760e-02 -4.873376e-01 
-2.064886e-02 -2.700842e-01 
2.944050e-03 -4.167795e-02 
9.074856e-03 1.281529e-01 
1.692961e-03 1.653492e-01 
-1.723006e-03 3.788745e-02 
1.022096e-04 -2.341111e-02 
1.338403e-03 -3.995130e-02 
9.057887e-04 -1.818766e-02 
-6.766965e-04 1.434418e-02 
-1.750722e-04 7.236403e-03 
8.610470e-04 -2.174306e-02 
-1.031979e+00 -1.006136e+00 
-2.840318e-01 -1.388333e+00 
-1.512861e-01 -1.157731e+00 
-4.200823e-02 -5.319270e-01 
4.874865e-03 -6.386175e-02 
1.399180e-02 2.348968e-01 
3.101838e-04 3.144441e-01 
-5.602981e-03 1.137523e-01 
-1.827389e-03 -2.060438e-02 
1.945233e-03 -9.367452e-02 
4.525988e-03 -1.010969e-01 
2.678565e-03 -4.444623e-02 
6.505255e-04 -1.341972e-02 
-2.488227e-05 6.005021e-04 
-4.826471e-01 1.080177e+00 
7.154948e-02 5.304811e-01 
1.550867e-02 1.338770e-01 
-3.608873e-03 -3.924444e-02 
-3.818908e-03 -1.050682e-01 
1.548177e-03 -1.041239e-01 
7.845152e-03 -3.814415e-02 
1.694562e-03 4.251468e-02 
-1.984304e-03 8.326596e-02 
-3.805919e-03 9.219057e-02 
-3.802344e-03 6.685773e-02 
-3.361395e-04 1.283221e-02 
1.208343e-03 -1.950073e-02 
1.405255e-03 -3.160913e-02 
