poroelastic
4.286237e-02 7.718005e-03 
4.500903e-02 -2.708154e-02 
1.291711e-02 -1.243154e-01 
-6.039701e-02 -2.447655e-01 
-3.714319e-02 -2.408003e-01 
-2.004693e-02 -1.780280e-01 
-7.928608e-03 -1.098131e-01 
2.409707e-04 -6.036710e-02 
-9.547838e-05 -5.054285e-04 
-3.699016e-03 4.565895e-02 
-6.328437e-03 5.779602e-02 
1.354007e-03 7.288271e-03 
4.002999e-03 -3.778792e-02 
4.986025e-03 -7.865103e-02 
-6.457329e-01 -5.142756e-01 
-3.786600e-02 -5.929310e-01 
-3.135709e-02 -4.771472e-01 
-6.961549e-02 -3.632312e-01 
-3.257713e-02 -2.596712e-01 
-1.193802e-02 -1.570468e-01 
2.480791e-04 -5.854102e-02 
8.764255e-04 1.997689e-02 
-3.900747e-03 8.643094e-02 
-1.014993e-02 1.227989e-01 
-1.266089e-02 1.038195e-01 
4.377685e-03 -1.889802e-03 
9.712869e-03 -9.738982e-02 
1.139217e-02 -1.777369e-01 
-2.598158e-01 6.404626e-01 
5.087709e-02 5.243221e-01 
4.779801e-02 2.923610e-01 
-2.474504e-02 -1.153249e-02 
-3.081137e-02 -1.818396e-01 
-2.318603e-02 -2.538655e-01 
-4.491292e-03 -2.287440e-01 
6.461323e-03 -1.099348e-01 
3.261589e-03 1.398612e-03 
-2.706907e-03 8.250784e-02 
-8.255575e-03 1.060191e-01 
-3.222872e-03 4.189775e-02 
9.761859e-04 -6.628645e-03 
2.481288e-03 -3.778946e-02 
4.785689e-02 -8.985210e-02 
9.497935e-03 -2.003207e-01 
-2.537365e-02 -2.812572e-01 
-5.164433e-02 -2.951897e-01 
-2.275124e-02 -2.160762e-01 
-5.442982e-03 -1.086589e-01 
2.879827e-03 -2.181966e-02 
1.587165e-03 9.913987e-03 
-1.690905e-03 5.098556e-02 
-5.881495e-03 8.058591e-02 
-7.852213e-03 7.467679e-02 
1.575634e-03 7.143808e-03 
5.066862e-03 -5.092503e-02 
6.160267e-03 -9.508154e-02 
-8.613612e-01 -6.098510e-01 
-1.049177e-01 -8.156464e-01 
-7.482897e-02 -7.335007e-01 
-1.004970e-01 -5.563076e-01 
-4.296420e-02 -3.724075e-01 
-1.402126e-02 -1.953095e-01 
-8.123789e-04 -4.565371e-02 
-7.323899e-04 2.872767e-02 
-4.622431e-03 7.763287e-02 
-9.116504e-03 9.664972e-02 
-9.357803e-03 6.866758e-02 
5.469539e-03 -2.302935e-02 
8.911246e-03 -9.337226e-02 
9.252188e-03 -1.403313e-01 
-2.982496e-01 7.514592e-01 
5.263954e-02 4.941724e-01 
2.611717e-02 1.919571e-01 
-2.347849e-02 -7.418113e-02 
-2.151363e-02 -1.841682e-01 
-1.087548e-02 -2.023138e-01 
4.861469e-03 -1.460603e-01 
6.568687e-03 -4.568701e-02 
1.537232e-03 3.695044e-02 
-3.592594e-03 9.119607e-02 
-7.390132e-03 9.637689e-02 
-2.806964e-03 3.424872e-02 
5.533227e-04 -4.115428e-03 
1.406067e-03 -2.092279e-02 
6.567775e-02 -1.430089e-01 
-1.971633e-02 -3.309974e-01 
-5.544800e-02 -4.319370e-01 
-5.619924e-02 -3.774189e-01 
-1.918015e-02 -2.299346e-01 
-5.690701e-04 -6.989102e-02 
3.955126e-03 3.824692e-02 
-3.414788e-05 3.741686e-02 
-2.115666e-03 4.377481e-02 
-3.900876e-03 4.647693e-02 
-3.706679e-03 3.138322e-02 
2.254286e-03 -1.235296e-02 
3.349806e-03 -3.695557e-02 
2.842524e-03 -4.266041e-02 
-1.040087e+00 -7.813041e-01 
-2.040052e-01 -1.110337e+00 
-1.379850e-01 -1.012301e+00 
-1.047668e-01 -6.869546e-01 
-3.398560e-02 -3.801736e-01 
-4.312757e-03 -1.231303e-01 
2.368248e-03 5.464685e-02 
-3.021543e-03 8.336833e-02 
-6.322068e-03 9.105284e-02 
-8.932808e-03 8.179568e-02 
-7.243128e-03 4.242712e-02 
6.420159e-03 -3.721821e-02 
9.185259e-03 -9.796343e-02 
9.415937e-03 -1.384082e-01 
-4.189784e-01 8.797840e-01 
5.381422e-02 4.780502e-01 
1.856464e-02 1.489685e-01 
-6.106249e-03 -3.594624e-02 
-5.982286e-03 -9.136732e-02 
-2.143160e-04 -8.815359e-02 
7.287201e-03 -5.317209e-02 
5.406646e-03 -2.602298e-02 
2.439003e-03 1.079014e-02 
-1.771601e-04 4.356748e-02 
-3.188614e-03 5.603965e-02 
-4.105265e-03 3.589088e-02 
-2.649823e-03 2.875553e-02 
-2.546909e-03 3.662664e-02 
7.491372e-02 -2.250819e-01 
-7.022229e-02 -5.178003e-01 
-8.957545e-02 -6.143785e-01 
-4.855034e-02 -4.249484e-01 
-8.050392e-03 -1.755371e-01 
6.728258e-03 3.812633e-02 
3.019162e-03 1.349061e-01 
-2.199020e-03 5.526810e-02 
-1.600568e-03 1.666974e-02 
-1.248472e-03 4.017121e-03 
-1.417152e-03 7.624287e-03 
3.980881e-04 5.534909e-03 
2.080289e-03 -1.965000e-02 
3.517725e-03 -5.089248e-02 
-1.139025e+00 -9.958696e-01 
-3.150615e-01 -1.425428e+00 
-1.882549e-01 -1.255750e+00 
-7.283490e-02 -6.824947e-01 
-6.349827e-03 -2.061790e-01 
1.148740e-02 1.315103e-01 
4.628126e-04 2.775066e-01 
-8.639749e-03 1.419070e-01 
-5.727253e-03 3.446474e-02 
-1.569598e-03 -3.827675e-02 
3.673387e-03 -7.564212e-02 
7.524793e-03 -7.087280e-02 
4.783741e-03 -5.515538e-02 
2.233346e-03 -3.117103e-02 
-3.809133e-01 1.069497e+00 
6.498049e-02 4.567459e-01 
8.449719e-04 3.506508e-02 
-1.261617e-02 -1.228585e-01 
-5.749653e-03 -1.494862e-01 
3.629215e-03 -1.119297e-01 
1.193344e-02 -2.501572e-02 
3.725558e-03 4.487432e-02 
-1.873858e-03 7.887403e-02 
-4.516036e-03 8.602034e-02 
-5.076482e-03 6.397437e-02 
-1.763183e-03 1.866326e-02 
1.637487e-04 -2.097416e-03 
-1.154404e-04 1.524629e-03 
