poroelastic
-6.009122e-02 -6.718469e-02 
-6.928748e-02 -1.679815e-02 
-3.102940e-02 1.148423e-01 
6.875446e-02 2.093858e-01 
5.279890e-02 2.248451e-01 
3.445077e-02 1.741622e-01 
1.837517e-02 7.070003e-02 
9.053263e-03 -1.528478e-02 
7.729732e-03 -2.355159e-02 
8.552220e-03 5.717385e-03 
3.286453e-03 4.341786e-02 
-6.981902e-03 4.668308e-02 
-5.807419e-03 5.456497e-02 
-5.273599e-03 7.136436e-02 
4.563018e-01 1.153664e-01 
-2.040111e-02 2.531918e-01 
-3.988808e-03 3.632273e-01 
1.148157e-01 3.932142e-01 
7.404376e-02 3.460090e-01 
4.153344e-02 2.455834e-01 
1.603417e-02 1.118700e-01 
3.339663e-03 -1.105780e-02 
4.076981e-03 -4.902610e-02 
8.049993e-03 -5.048554e-02 
1.095853e-02 -4.178682e-02 
-2.854111e-04 -2.945327e-02 
-7.281587e-03 5.539635e-02 
-1.497217e-02 1.982943e-01 
7.047225e-02 -3.380694e-01 
-4.628770e-02 -2.521433e-01 
-3.360368e-02 -9.823236e-02 
2.322045e-02 4.213770e-02 
2.552485e-02 9.979993e-02 
2.078506e-02 1.094616e-01 
1.269097e-02 8.144424e-02 
3.337857e-03 4.575250e-02 
-5.909196e-04 4.477220e-02 
-3.678869e-03 4.597843e-02 
-4.298504e-03 2.260726e-02 
4.422594e-03 -3.766071e-02 
4.086282e-03 -4.627831e-02 
-1.707604e-05 2.224265e-04 
-1.018670e-01 -2.336529e-02 
-6.504968e-02 8.277809e-02 
2.978628e-03 2.612652e-01 
1.141129e-01 3.732050e-01 
7.717767e-02 3.764590e-01 
4.444079e-02 2.940761e-01 
1.308142e-02 1.382757e-01 
-4.559420e-05 -2.999992e-02 
4.171338e-03 -9.758288e-02 
1.143763e-02 -1.029471e-01 
1.342267e-02 -6.125677e-02 
-4.511325e-03 7.400265e-03 
-1.014951e-02 9.069270e-02 
-1.447089e-02 1.899832e-01 
3.496152e-01 2.661426e-02 
8.224611e-03 1.360892e-01 
8.068901e-03 2.608852e-01 
1.150342e-01 3.627342e-01 
7.918867e-02 3.755275e-01 
4.757752e-02 3.158982e-01 
1.574752e-02 1.861951e-01 
-1.155489e-03 1.540465e-02 
1.157726e-03 -6.720136e-02 
7.197476e-03 -9.532507e-02 
1.167747e-02 -7.911679e-02 
-2.039127e-04 -2.167439e-02 
-6.901619e-03 5.949904e-02 
-1.268559e-02 1.629120e-01 
-1.875297e-01 -2.531381e-01 
-5.614561e-02 -1.298113e-01 
-4.597380e-03 5.137076e-02 
6.522236e-02 1.944676e-01 
4.766523e-02 2.307576e-01 
2.891177e-02 1.994681e-01 
9.254691e-03 1.154427e-01 
-4.667144e-04 1.674189e-02 
3.704630e-04 -2.285838e-02 
2.229626e-03 -3.109114e-02 
3.110387e-03 -2.245914e-02 
3.102753e-04 -9.976475e-03 
-1.585471e-03 1.241831e-02 
-4.095336e-03 5.183923e-02 
-1.055716e-01 2.477993e-02 
-2.948486e-02 1.218707e-01 
3.648552e-02 2.778560e-01 
1.191554e-01 3.996138e-01 
7.823466e-02 4.245424e-01 
4.180983e-02 3.583012e-01 
2.440449e-03 1.864100e-01 
-7.190103e-03 -4.465641e-02 
2.047184e-03 -1.558589e-01 
1.236046e-02 -1.790569e-01 
1.598545e-02 -1.163607e-01 
-3.741563e-03 8.204404e-03 
-1.048796e-02 1.009595e-01 
-1.356848e-02 1.730432e-01 
3.205817e-01 -4.931167e-02 
3.535418e-02 7.252935e-02 
3.657603e-02 2.301422e-01 
1.332681e-01 3.924755e-01 
8.917735e-02 4.383123e-01 
5.176220e-02 3.871864e-01 
1.354858e-02 2.397482e-01 
-2.714858e-03 1.682908e-02 
2.534333e-03 -1.073281e-01 
1.129794e-02 -1.557365e-01 
1.649335e-02 -1.235559e-01 
-1.930555e-03 -3.186400e-03 
-1.076856e-02 1.049437e-01 
-1.601124e-02 1.990993e-01 
-3.034594e-01 -5.010250e-02 
-3.349075e-03 6.328385e-02 
4.466347e-02 1.999592e-01 
6.614961e-02 2.654869e-01 
3.590096e-02 2.392881e-01 
1.222281e-02 1.646415e-01 
-7.097876e-03 5.791038e-02 
-4.743001e-03 -4.066432e-02 
1.000963e-03 -8.175770e-02 
4.896477e-03 -8.622123e-02 
6.031376e-03 -5.652385e-02 
-2.510453e-04 -4.149725e-03 
-3.041285e-03 2.998125e-02 
-4.702302e-03 5.750137e-02 
-9.925102e-02 9.039596e-02 
2.160715e-02 1.893992e-01 
8.129674e-02 3.235241e-01 
1.172133e-01 4.116185e-01 
6.907335e-02 4.149293e-01 
3.201252e-02 3.357920e-01 
-2.603391e-03 1.592681e-01 
-4.895752e-03 -6.102791e-02 
4.634532e-03 -1.614777e-01 
1.258184e-02 -1.679744e-01 
1.138443e-02 -7.725546e-02 
-7.869480e-03 6.637819e-02 
-1.012057e-02 1.084447e-01 
-6.381789e-03 7.866233e-02 
2.264050e-01 -9.297001e-02 
5.914232e-02 2.998518e-02 
7.276297e-02 2.012960e-01 
1.162390e-01 3.880228e-01 
7.132660e-02 4.472206e-01 
3.226226e-02 3.889492e-01 
-6.379273e-03 1.994088e-01 
-6.715184e-03 -8.550067e-02 
6.991710e-03 -2.353438e-01 
1.908789e-02 -2.663137e-01 
2.172219e-02 -1.640493e-01 
-7.096653e-03 5.912058e-02 
-1.702875e-02 1.771300e-01 
-1.686489e-02 1.977683e-01 
-4.236659e-01 1.147410e-01 
3.704252e-02 1.088079e-01 
7.508961e-02 2.055337e-01 
7.800638e-02 3.020005e-01 
4.172110e-02 2.918483e-01 
1.585382e-02 2.270146e-01 
-6.467604e-03 1.166139e-01 
-4.570158e-03 -1.087427e-02 
1.898707e-03 -8.570008e-02 
7.580616e-03 -1.230888e-01 
1.086700e-02 -1.094192e-01 
2.471743e-03 -2.974019e-02 
-4.755236e-03 4.750688e-02 
-1.036604e-02 1.149006e-01 
