poroelastic
-2.345379e-02 -4.344796e-02 
-2.786797e-02 -2.137302e-02 
-1.262837e-02 5.484171e-02 
2.876957e-02 1.245575e-01 
2.274827e-02 1.463185e-01 
1.580838e-02 1.297787e-01 
7.402269e-03 6.911435e-02 
1.488692e-03 -4.005241e-03 
1.189832e-03 -2.855996e-02 
2.333879e-03 -2.482760e-02 
2.023341e-03 -1.301986e-03 
-1.703496e-03 2.483808e-02 
-1.561883e-03 4.246771e-02 
-1.226880e-03 5.838694e-02 
3.870635e-01 6.103039e-02 
-3.192123e-03 1.340134e-01 
-7.617559e-03 2.357547e-01 
6.552981e-02 3.208784e-01 
4.578182e-02 3.185926e-01 
2.787854e-02 2.554002e-01 
1.043343e-02 1.340451e-01 
5.421819e-04 -9.876716e-03 
7.308528e-04 -7.720474e-02 
3.789275e-03 -9.881828e-02 
6.280906e-03 -7.982932e-02 
-1.647757e-03 -1.078213e-02 
-3.778569e-03 9.013659e-02 
-4.829123e-03 2.169832e-01 
1.003915e-01 -2.374536e-01 
-1.438771e-02 -1.655600e-01 
-1.030676e-02 -6.427791e-02 
5.888674e-03 2.035882e-02 
6.110064e-03 4.176812e-02 
4.337521e-03 4.058270e-02 
1.957374e-03 2.870534e-02 
2.269090e-04 2.015992e-02 
-3.769269e-04 2.306495e-02 
-1.094195e-03 2.201551e-02 
-1.039612e-03 4.408247e-03 
1.289342e-03 -2.906092e-02 
9.686896e-04 -3.183087e-02 
1.258878e-04 -5.243330e-03 
-4.982404e-02 -3.953646e-02 
-2.902258e-02 1.333137e-02 
2.246587e-04 1.390296e-01 
5.291753e-02 2.554398e-01 
3.833720e-02 2.850378e-01 
2.404144e-02 2.462244e-01 
7.780086e-03 1.324204e-01 
-2.724782e-04 -1.403008e-02 
6.397095e-04 -8.370325e-02 
3.698720e-03 -1.012898e-01 
5.039868e-03 -6.763540e-02 
-2.140907e-03 1.001258e-02 
-3.429581e-03 8.517885e-02 
-3.770191e-03 1.627384e-01 
2.804171e-01 -1.645050e-03 
1.436709e-02 4.963992e-02 
5.371242e-03 1.579017e-01 
5.820897e-02 2.872419e-01 
4.165898e-02 3.194735e-01 
2.540553e-02 2.805565e-01 
6.990305e-03 1.630726e-01 
-1.522763e-03 -6.987986e-03 
-2.036782e-04 -9.465446e-02 
3.154730e-03 -1.259778e-01 
5.681112e-03 -1.007185e-01 
-1.208496e-03 -1.330228e-02 
-3.416994e-03 8.144287e-02 
-4.398290e-03 1.836103e-01 
-8.143939e-02 -1.780603e-01 
-2.173482e-02 -8.608423e-02 
1.188667e-03 2.471215e-02 
2.343323e-02 1.120065e-01 
1.656751e-02 1.277319e-01 
1.008148e-02 1.085749e-01 
3.593987e-03 6.455496e-02 
1.267273e-04 1.632592e-02 
-4.243644e-05 -4.558148e-03 
2.926443e-04 -1.378583e-02 
7.325787e-04 -1.698033e-02 
2.362373e-04 -1.302173e-02 
-2.989975e-04 3.891731e-03 
-9.148155e-04 3.595522e-02 
-5.490287e-02 -5.675634e-03 
-8.164119e-03 5.167968e-02 
1.997110e-02 1.675454e-01 
5.224880e-02 2.807617e-01 
3.550946e-02 3.097194e-01 
1.978642e-02 2.686152e-01 
2.027714e-03 1.402173e-01 
-2.468596e-03 -3.613283e-02 
1.840839e-04 -1.236765e-01 
3.857824e-03 -1.465431e-01 
5.398938e-03 -1.002966e-01 
-1.825182e-03 4.813204e-03 
-3.558648e-03 9.014995e-02 
-4.012132e-03 1.634697e-01 
2.485385e-01 -6.994088e-02 
2.607827e-02 -1.546621e-02 
2.007563e-02 1.168959e-01 
6.166420e-02 2.909326e-01 
4.323017e-02 3.504924e-01 
2.622822e-02 3.233195e-01 
6.863194e-03 1.993895e-01 
-1.130995e-03 3.248524e-03 
5.924940e-04 -1.038837e-01 
3.967236e-03 -1.439687e-01 
5.852548e-03 -1.103333e-01 
-1.605478e-03 1.525889e-03 
-3.882428e-03 9.831884e-02 
-4.730766e-03 1.845561e-01 
-1.753692e-01 -3.357227e-02 
2.582299e-03 6.377468e-02 
2.317798e-02 1.444189e-01 
2.362813e-02 1.687805e-01 
1.119629e-02 1.314583e-01 
2.698918e-03 7.366637e-02 
-2.640955e-03 1.129783e-02 
-1.036650e-03 -3.041767e-02 
2.219379e-04 -4.401962e-02 
1.016631e-03 -4.303223e-02 
1.266980e-03 -2.873575e-02 
-1.676301e-04 -3.333214e-03 
-7.289949e-04 1.794229e-02 
-1.077549e-03 3.965266e-02 
-5.731783e-02 3.833221e-02 
1.703191e-02 9.972488e-02 
3.958038e-02 1.964760e-01 
4.719978e-02 2.721037e-01 
2.916717e-02 2.846957e-01 
1.486298e-02 2.393183e-01 
6.331425e-04 1.186859e-01 
-1.360215e-03 -3.608337e-02 
1.102531e-03 -1.089553e-01 
3.591679e-03 -1.186756e-01 
3.389500e-03 -5.888354e-02 
-2.464403e-03 4.231245e-02 
-2.895056e-03 8.194580e-02 
-2.052822e-03 7.816466e-02 
1.790620e-01 -9.906169e-02 
3.555305e-02 -3.165879e-02 
3.836768e-02 1.119634e-01 
5.182521e-02 2.855112e-01 
3.344889e-02 3.453658e-01 
1.667295e-02 3.099148e-01 
-1.075258e-03 1.616869e-01 
-2.211873e-03 -6.503434e-02 
2.009076e-03 -1.821837e-01 
6.118477e-03 -2.090698e-01 
7.009293e-03 -1.327309e-01 
-2.877133e-03 3.756394e-02 
-5.376016e-03 1.425054e-01 
-5.437939e-03 1.926338e-01 
-2.657648e-01 6.412799e-02 
2.227802e-02 1.028937e-01 
3.624706e-02 1.536984e-01 
2.586803e-02 1.787597e-01 
1.265587e-02 1.491991e-01 
4.830428e-03 1.025022e-01 
-6.876585e-04 4.761553e-02 
-6.923010e-04 7.612441e-04 
1.820276e-04 -2.583262e-02 
1.059666e-03 -4.264753e-02 
1.756587e-03 -4.525476e-02 
5.622552e-04 -2.194575e-02 
-6.535280e-04 1.356993e-02 
-1.874846e-03 6.031494e-02 
