poroelastic
4.336613e-02 -3.035617e-02 
4.273824e-02 -5.215421e-02 
1.860646e-02 -8.318503e-02 
-5.157755e-02 -1.460868e-01 
-3.667246e-02 -1.563976e-01 
-2.543712e-02 -1.342196e-01 
-1.740657e-02 -1.298849e-01 
-2.633490e-03 -1.173936e-01 
1.506898e-03 -3.536572e-02 
-3.466742e-03 4.950053e-02 
-1.142651e-02 9.483036e-02 
-7.809287e-04 3.363238e-02 
5.574408e-03 -4.030560e-02 
8.871930e-03 -1.142726e-01 
-2.652736e-01 -3.515484e-01 
-4.293743e-02 -3.855343e-01 
-2.944160e-02 -1.993916e-01 
-6.926893e-03 -4.575941e-02 
6.065112e-04 -7.280208e-03 
3.236352e-04 -2.071532e-02 
2.902738e-03 -5.587813e-02 
6.104208e-03 -4.990551e-02 
3.688364e-03 2.207437e-02 
-2.976797e-03 9.422933e-02 
-1.173095e-02 1.225904e-01 
-3.145318e-03 4.500860e-02 
3.831368e-03 -2.896000e-02 
6.351994e-03 -8.051231e-02 
-2.311506e-02 3.138167e-01 
5.551593e-02 2.917905e-01 
5.270861e-02 2.062805e-01 
-2.711704e-02 1.608624e-02 
-3.953102e-02 -1.473910e-01 
-3.745899e-02 -2.439613e-01 
-1.945249e-02 -2.563275e-01 
2.857974e-03 -1.418978e-01 
3.000460e-03 -5.016733e-03 
-5.446310e-03 1.011019e-01 
-1.413512e-02 1.301391e-01 
-5.409238e-04 2.689651e-02 
6.180150e-03 -5.186868e-02 
7.776364e-03 -9.670989e-02 
1.957029e-02 -1.553438e-01 
-1.375684e-02 -2.199198e-01 
-2.751519e-02 -1.857646e-01 
-1.925900e-02 -1.134387e-01 
-2.995657e-03 -4.117538e-02 
3.805606e-03 1.193085e-02 
3.725513e-03 7.894277e-03 
3.256019e-03 -3.941806e-02 
3.090420e-03 -1.099282e-02 
-2.292930e-04 3.963449e-02 
-6.453848e-03 7.414100e-02 
-3.256314e-03 3.614170e-02 
1.055795e-03 -6.104269e-03 
2.908996e-03 -3.651812e-02 
-6.097681e-01 -5.063367e-01 
-1.092829e-01 -7.164683e-01 
-8.083016e-02 -5.829339e-01 
-7.620584e-02 -3.434545e-01 
-2.851183e-02 -1.830063e-01 
-7.811479e-03 -6.731512e-02 
-1.428277e-03 -4.120273e-03 
-5.693966e-04 -5.942043e-03 
-1.620835e-03 2.248898e-02 
-5.123970e-03 4.945011e-02 
-7.569521e-03 4.978355e-02 
2.897196e-03 -1.009046e-02 
6.037883e-03 -5.479012e-02 
5.842123e-03 -7.178248e-02 
-1.635095e-01 4.840591e-01 
4.571417e-02 3.055533e-01 
2.544638e-02 1.311743e-01 
-1.860301e-02 -2.704851e-02 
-2.182411e-02 -1.202865e-01 
-1.542673e-02 -1.586483e-01 
-6.604987e-05 -1.436367e-01 
7.195625e-03 -7.136865e-02 
3.566789e-03 1.748690e-02 
-2.956131e-03 8.894074e-02 
-9.715690e-03 1.096276e-01 
-3.674688e-03 4.084476e-02 
1.678566e-03 -1.279004e-02 
3.352351e-03 -4.058771e-02 
4.207218e-02 -2.221025e-01 
-4.087243e-02 -3.905390e-01 
-6.851194e-02 -4.086910e-01 
-4.011367e-02 -2.562090e-01 
-2.741399e-03 -7.100990e-02 
1.155098e-02 8.550791e-02 
4.451436e-03 1.296805e-01 
-1.894886e-03 1.674160e-02 
2.778782e-04 -2.582675e-02 
1.743783e-03 -2.926812e-02 
1.208599e-03 -1.133936e-02 
1.417281e-04 -3.118096e-03 
-2.098189e-04 6.024500e-04 
-1.082014e-03 1.317686e-02 
-8.596722e-01 -7.558947e-01 
-2.403018e-01 -1.124980e+00 
-1.710770e-01 -9.715130e-01 
-9.561810e-02 -5.386564e-01 
-1.833103e-02 -2.044228e-01 
9.562375e-03 2.966171e-02 
8.245962e-03 1.430073e-01 
-2.335028e-03 8.096783e-02 
-3.663892e-03 4.101136e-02 
-3.721639e-03 1.708007e-02 
-2.489311e-03 7.850148e-05 
3.513461e-03 -2.317186e-02 
4.516081e-03 -4.245991e-02 
3.987421e-03 -4.742154e-02 
-3.223601e-01 7.348283e-01 
5.575879e-02 3.603578e-01 
1.926186e-02 1.109211e-01 
-2.752186e-03 -5.125481e-03 
-4.900365e-03 -4.307596e-02 
-1.565345e-03 -4.292028e-02 
3.182011e-03 -2.983579e-02 
3.959746e-03 -3.585688e-02 
3.217222e-03 -1.478565e-02 
1.510503e-03 1.489302e-02 
-1.700575e-03 3.607254e-02 
-3.653102e-03 2.902092e-02 
-2.420591e-03 2.286279e-02 
-2.153790e-03 2.516552e-02 
4.311515e-02 -3.227003e-01 
-1.033188e-01 -6.149873e-01 
-1.163898e-01 -6.459880e-01 
-3.716397e-02 -3.429237e-01 
1.244843e-02 -2.009765e-02 
2.484481e-02 2.172525e-01 
6.097590e-03 2.574095e-01 
-3.796540e-03 4.104914e-02 
1.976554e-03 -6.385256e-02 
6.544187e-03 -8.582399e-02 
4.443007e-03 -3.419632e-02 
-5.108735e-03 4.421362e-02 
-3.812617e-03 4.109517e-02 
8.418815e-04 -9.874990e-03 
-1.085956e+00 -1.056314e+00 
-4.138711e-01 -1.583770e+00 
-2.593846e-01 -1.362201e+00 
-6.977183e-02 -6.104083e-01 
1.978930e-02 -1.706288e-02 
3.591810e-02 3.631985e-01 
3.840367e-03 4.574658e-01 
-1.344729e-02 1.524579e-01 
-3.272906e-03 -6.456279e-02 
8.722876e-03 -1.811073e-01 
1.670866e-02 -1.837223e-01 
5.600769e-03 -6.159380e-02 
-3.162654e-03 2.532572e-02 
-7.243528e-03 8.145158e-02 
-2.578077e-01 1.013774e+00 
6.309458e-02 3.251429e-01 
-1.626667e-02 -7.563602e-02 
-1.783148e-02 -1.496863e-01 
-6.111838e-03 -1.462848e-01 
7.519550e-03 -9.124193e-02 
1.802419e-02 1.450042e-02 
3.639197e-03 8.560121e-02 
-3.650563e-03 1.063168e-01 
-5.757688e-03 9.022392e-02 
-4.241926e-03 4.543318e-02 
3.366041e-04 -2.903695e-03 
1.385617e-03 -1.458000e-02 
-1.090503e-03 1.164366e-02 
