poroelastic
6.416005e-02 2.172327e-02 
6.759601e-02 -3.031494e-02 
1.951002e-02 -1.644367e-01 
-8.777896e-02 -3.063178e-01 
-5.370182e-02 -3.072693e-01 
-2.742572e-02 -2.309176e-01 
-7.766577e-03 -1.258481e-01 
8.638936e-04 -3.670400e-02 
-2.217460e-03 2.975045e-02 
-8.516289e-03 6.757531e-02 
-1.151028e-02 6.619137e-02 
3.045681e-03 7.000145e-03 
8.157513e-03 -5.169913e-02 
1.055524e-02 -1.098988e-01 
-5.086930e-01 -3.246455e-01 
-6.324305e-03 -3.816877e-01 
-1.159622e-02 -3.519243e-01 
-8.613270e-02 -3.450796e-01 
-4.687050e-02 -2.971159e-01 
-2.091243e-02 -2.183191e-01 
-1.044209e-03 -1.153154e-01 
3.445794e-03 -9.409093e-03 
-3.469921e-03 7.385454e-02 
-1.316415e-02 1.242968e-01 
-1.956170e-02 1.218733e-01 
1.157024e-03 3.266067e-02 
1.203685e-02 -7.525367e-02 
1.869861e-02 -1.929277e-01 
-1.163086e-01 5.191761e-01 
6.200352e-02 4.076358e-01 
4.665951e-02 1.852557e-01 
-4.320650e-02 -8.880215e-02 
-4.039011e-02 -2.174499e-01 
-2.632870e-02 -2.484590e-01 
-4.159149e-03 -2.004556e-01 
8.055274e-03 -9.296389e-02 
3.970328e-03 3.395187e-03 
-3.723626e-03 7.472867e-02 
-1.198543e-02 1.035950e-01 
-6.377425e-03 5.851805e-02 
1.492085e-03 -2.359549e-03 
7.215488e-03 -7.336129e-02 
7.361152e-02 -4.997347e-02 
3.236573e-02 -1.594341e-01 
-2.181732e-02 -2.898000e-01 
-8.402421e-02 -3.710118e-01 
-4.286597e-02 -3.249889e-01 
-1.378004e-02 -2.158890e-01 
6.789473e-03 -8.497408e-02 
5.470920e-03 1.484071e-02 
-2.855146e-03 8.520802e-02 
-1.132758e-02 1.218329e-01 
-1.566640e-02 1.088759e-01 
6.994260e-05 2.708499e-02 
8.290160e-03 -5.451626e-02 
1.268752e-02 -1.301351e-01 
-6.596159e-01 -3.604426e-01 
-5.285658e-02 -5.085603e-01 
-4.666362e-02 -5.207274e-01 
-1.218247e-01 -5.039111e-01 
-6.196899e-02 -4.169124e-01 
-2.580756e-02 -2.858991e-01 
-1.822748e-03 -1.277397e-01 
1.595075e-03 7.692906e-03 
-6.159794e-03 9.231264e-02 
-1.510589e-02 1.290927e-01 
-1.781441e-02 1.024631e-01 
5.384382e-03 -4.278235e-03 
1.374831e-02 -9.720740e-02 
1.734249e-02 -1.746892e-01 
-5.282094e-02 5.618672e-01 
5.970550e-02 3.244392e-01 
1.354659e-02 4.279643e-02 
-5.204857e-02 -1.949049e-01 
-3.559130e-02 -2.658660e-01 
-1.500336e-02 -2.430873e-01 
8.287845e-03 -1.547511e-01 
1.047170e-02 -4.292666e-02 
2.745964e-03 4.320521e-02 
-4.895196e-03 9.910682e-02 
-1.131557e-02 1.079317e-01 
-6.174630e-03 5.087321e-02 
-2.451740e-05 4.278964e-03 
3.372612e-03 -3.357866e-02 
8.879505e-02 -1.102139e-01 
-3.288622e-03 -2.780658e-01 
-5.790797e-02 -4.149181e-01 
-8.527760e-02 -4.364088e-01 
-3.601223e-02 -3.317768e-01 
-5.862864e-03 -1.765216e-01 
9.908287e-03 -2.111390e-02 
2.800903e-03 6.033079e-02 
-5.408096e-03 1.031136e-01 
-1.133627e-02 1.102952e-01 
-1.105073e-02 7.060532e-02 
4.116876e-03 -1.320455e-02 
8.055136e-03 -6.106203e-02 
8.139620e-03 -8.131629e-02 
-8.242361e-01 -4.755264e-01 
-1.441889e-01 -7.453461e-01 
-1.159382e-01 -7.630220e-01 
-1.368879e-01 -6.448339e-01 
-5.854113e-02 -4.644998e-01 
-1.836531e-02 -2.670912e-01 
2.018675e-03 -7.612349e-02 
2.850801e-04 4.046268e-02 
-7.646179e-03 1.059815e-01 
-1.521148e-02 1.276603e-01 
-1.579134e-02 8.803024e-02 
6.585248e-03 -2.264342e-02 
1.385647e-02 -1.039225e-01 
1.598835e-02 -1.565657e-01 
-1.338583e-01 5.778447e-01 
3.462135e-02 2.208623e-01 
-1.025159e-02 -5.463871e-02 
-2.615099e-02 -1.784228e-01 
-1.072952e-02 -1.657584e-01 
3.797033e-03 -9.904335e-02 
1.510837e-02 -2.051120e-02 
8.099685e-03 1.453434e-02 
1.939831e-03 4.524863e-02 
-2.032506e-03 6.769988e-02 
-5.642263e-03 6.810788e-02 
-5.301514e-03 3.602362e-02 
-2.890428e-03 2.248364e-02 
-2.781133e-03 2.681710e-02 
1.033187e-01 -2.207162e-01 
-6.557968e-02 -4.794708e-01 
-1.071092e-01 -6.070779e-01 
-8.196275e-02 -4.968585e-01 
-2.577589e-02 -2.941420e-01 
4.290307e-04 -8.657626e-02 
5.942076e-03 6.179258e-02 
-1.607144e-03 7.144835e-02 
-5.464129e-03 6.989521e-02 
-7.535352e-03 5.683912e-02 
-5.358620e-03 2.386142e-02 
4.811890e-03 -2.545034e-02 
6.724836e-03 -5.279973e-02 
5.862135e-03 -5.659981e-02 
-8.917000e-01 -6.610426e-01 
-2.593596e-01 -1.037186e+00 
-1.801866e-01 -9.976464e-01 
-9.477197e-02 -6.502816e-01 
-2.059585e-02 -3.047643e-01 
7.121014e-03 -1.996579e-02 
6.638698e-03 1.612560e-01 
-6.149384e-03 1.419113e-01 
-9.691911e-03 9.955675e-02 
-9.295474e-03 4.787338e-02 
-2.747837e-03 -1.859051e-02 
1.172459e-02 -8.087525e-02 
1.019880e-02 -8.345664e-02 
4.149843e-03 -3.873387e-02 
-8.512414e-03 6.484791e-01 
2.332001e-02 1.522186e-01 
-3.901723e-02 -1.733199e-01 
-3.560879e-02 -2.554102e-01 
-1.312924e-02 -2.177074e-01 
3.595487e-03 -1.309536e-01 
1.540495e-02 -1.646636e-02 
5.623043e-03 5.477248e-02 
-2.596774e-03 8.871541e-02 
-6.783018e-03 9.490463e-02 
-7.540225e-03 6.784277e-02 
-1.625138e-03 1.359153e-02 
1.512890e-03 -1.219730e-02 
4.340472e-04 -3.851719e-03 
