poroelastic
-2.307813e-02 5.604343e-02 
-1.717888e-02 7.973016e-02 
-3.061285e-03 8.540559e-02 
2.422876e-02 1.038566e-01 
1.476944e-02 9.477214e-02 
7.963134e-03 7.280653e-02 
2.399177e-03 6.975865e-02 
-3.017691e-03 6.547456e-02 
-3.341379e-03 9.369022e-03 
5.563459e-04 -5.348620e-02 
8.027411e-03 -9.420417e-02 
4.477516e-03 -5.893394e-02 
-1.693258e-03 6.215834e-03 
-5.725379e-03 8.141084e-02 
1.708731e-01 3.642707e-01 
3.309005e-02 3.253676e-01 
2.779385e-02 1.364822e-01 
-1.137158e-02 -8.423575e-03 
-1.285494e-02 -5.483447e-02 
-9.807566e-03 -4.812677e-02 
-8.019329e-03 -1.079234e-02 
-5.853911e-03 1.470334e-02 
-3.594796e-03 -1.567340e-02 
-3.098795e-04 -5.628560e-02 
4.891326e-03 -7.708926e-02 
3.701065e-03 -4.052311e-02 
-3.860353e-06 -3.056842e-03 
-1.452510e-03 2.056638e-02 
1.048325e-01 -3.046022e-01 
-2.873016e-02 -2.549677e-01 
-3.236026e-02 -1.631747e-01 
1.220477e-02 -1.255983e-02 
2.075388e-02 1.063487e-01 
1.917017e-02 1.717954e-01 
7.100465e-03 1.706132e-01 
-3.959289e-03 7.960406e-02 
-2.214464e-03 -1.972951e-02 
3.897845e-03 -9.304036e-02 
9.999191e-03 -1.085855e-01 
1.424840e-03 -3.129639e-02 
-3.939686e-03 3.619098e-02 
-5.705937e-03 7.975199e-02 
5.841588e-03 1.320875e-01 
2.494097e-02 1.846110e-01 
2.588606e-02 1.308162e-01 
-1.023066e-02 3.033807e-02 
-1.509749e-02 -4.957077e-02 
-1.567698e-02 -9.190518e-02 
-1.171919e-02 -6.991701e-02 
-5.439788e-03 2.581239e-04 
-4.140554e-03 5.317972e-03 
-3.242732e-03 -1.813057e-02 
9.800088e-04 -4.665667e-02 
5.142516e-03 -4.385734e-02 
3.224193e-03 -3.492658e-02 
2.271111e-03 -3.232238e-02 
4.830014e-01 5.029301e-01 
6.615967e-02 6.098959e-01 
5.239321e-02 4.515140e-01 
3.254575e-02 2.130836e-01 
5.240850e-03 6.026483e-02 
-3.425768e-03 -3.242408e-02 
-1.414300e-03 -5.868209e-02 
1.442230e-03 -1.195684e-02 
1.200226e-03 -2.871472e-03 
1.716472e-03 -6.495970e-03 
2.041259e-03 -7.549443e-03 
-1.766032e-03 1.201390e-02 
-2.529978e-03 2.765938e-02 
-1.843021e-03 2.590971e-02 
3.177212e-01 -4.148599e-01 
-1.056457e-02 -2.514954e-01 
-1.438624e-02 -1.257241e-01 
-1.038300e-02 -3.726607e-02 
-2.469270e-03 1.598369e-02 
-2.688444e-03 4.367056e-02 
-8.950064e-03 4.664767e-02 
-7.556405e-03 2.145899e-02 
-3.987374e-03 -2.267553e-02 
-6.416770e-04 -6.301381e-02 
3.904132e-03 -7.933662e-02 
5.036881e-03 -4.933582e-02 
2.241552e-03 -2.550730e-02 
1.284344e-03 -1.784863e-02 
-1.117744e-02 1.711742e-01 
3.267064e-02 2.970818e-01 
3.754465e-02 2.644685e-01 
-1.009295e-03 8.819273e-02 
-1.486795e-02 -6.965823e-02 
-1.615517e-02 -1.713465e-01 
-4.419162e-03 -1.582756e-01 
1.994712e-03 -1.603955e-02 
-1.192988e-03 5.275115e-02 
-4.941423e-03 7.391712e-02 
-5.998033e-03 5.334390e-02 
6.612873e-04 7.442317e-03 
3.545905e-03 -3.441438e-02 
5.865026e-03 -8.271914e-02 
6.815903e-01 7.313798e-01 
1.486693e-01 9.622200e-01 
1.055940e-01 7.693083e-01 
3.469062e-02 3.445725e-01 
-6.740181e-03 3.914226e-02 
-1.774930e-02 -1.505106e-01 
-9.057676e-03 -2.022898e-01 
1.770528e-03 -8.104663e-02 
1.329146e-03 -4.433225e-03 
-1.148535e-03 3.573218e-02 
-3.144316e-03 4.121677e-02 
-1.167089e-03 1.603033e-02 
4.867107e-04 -3.303466e-03 
1.923726e-03 -2.659225e-02 
5.090989e-01 -6.226718e-01 
-2.910505e-02 -3.290901e-01 
-2.766580e-02 -1.732632e-01 
-2.827437e-02 -1.351305e-01 
-1.472364e-02 -1.060879e-01 
-8.208014e-03 -7.587544e-02 
-4.402511e-03 -3.161706e-02 
-3.109705e-03 3.305242e-02 
-4.614141e-03 5.185378e-02 
-6.068191e-03 4.142235e-02 
-3.978011e-03 5.606528e-03 
4.821772e-03 -3.785088e-02 
6.312959e-03 -6.925937e-02 
7.340182e-03 -1.001670e-01 
-1.909704e-02 2.336987e-01 
6.351514e-02 4.631685e-01 
5.695000e-02 4.423444e-01 
2.650425e-04 1.578993e-01 
-1.959615e-02 -9.547987e-02 
-2.094562e-02 -2.557142e-01 
-4.843774e-03 -2.440788e-01 
3.237031e-03 -3.978175e-02 
-1.468014e-03 6.859835e-02 
-6.336161e-03 1.010346e-01 
-5.888348e-03 5.505246e-02 
3.695012e-03 -3.321488e-02 
4.329347e-03 -5.154338e-02 
1.807508e-03 -2.495359e-02 
8.447456e-01 9.574869e-01 
2.505204e-01 1.284897e+00 
1.388436e-01 1.014042e+00 
1.558404e-02 3.401969e-01 
-2.495725e-02 -1.375694e-01 
-2.663667e-02 -4.024681e-01 
-1.788817e-03 -4.000151e-01 
9.409557e-03 -8.061747e-02 
-1.757617e-04 1.288519e-01 
-1.159262e-02 2.288792e-01 
-1.803533e-02 2.010276e-01 
-1.636333e-03 3.785411e-02 
7.856987e-03 -8.211210e-02 
1.219609e-02 -1.622252e-01 
5.685437e-01 -8.579565e-01 
-5.681718e-02 -3.191877e-01 
-3.046841e-02 -7.359965e-02 
-2.676412e-02 -8.130904e-02 
-1.705306e-02 -9.452807e-02 
-1.375132e-02 -1.053517e-01 
-1.045950e-02 -1.054172e-01 
-2.496228e-03 -5.815137e-02 
-1.336280e-03 -1.781513e-02 
-3.541776e-03 1.686354e-02 
-5.332995e-03 3.217144e-02 
9.237019e-04 1.468036e-03 
5.041248e-03 -5.101465e-02 
1.002179e-02 -1.259004e-01 
