poroelastic
-3.729359e-02 5.704111e-02 
-3.073730e-02 8.138734e-02 
-1.323516e-02 7.865851e-02 
3.464462e-02 9.340878e-02 
2.604715e-02 1.116167e-01 
1.939775e-02 1.185027e-01 
1.013593e-02 1.365524e-01 
-5.072599e-03 1.163873e-01 
-7.435794e-03 2.464451e-02 
4.515983e-04 -7.382278e-02 
1.734476e-02 -1.429142e-01 
1.144720e-02 -1.005936e-01 
-3.399826e-03 5.481710e-03 
-1.423318e-02 1.368713e-01 
3.303746e-02 2.544105e-01 
3.757499e-02 1.848607e-01 
2.049917e-02 -1.169595e-02 
-3.782986e-02 -1.215178e-01 
-2.260863e-02 -1.015700e-01 
-8.627871e-03 -1.914864e-02 
-7.677682e-03 7.362657e-02 
-1.406589e-02 8.075722e-02 
-1.154176e-02 7.681956e-04 
-3.138189e-03 -9.508697e-02 
1.343489e-02 -1.583303e-01 
1.471638e-02 -1.112569e-01 
1.648963e-03 -2.356819e-02 
-7.405967e-03 7.091181e-02 
-5.271424e-02 -1.819411e-01 
-4.640761e-02 -1.597027e-01 
-4.304580e-02 -1.115781e-01 
2.634072e-02 8.584248e-03 
3.571168e-02 1.326029e-01 
3.392290e-02 2.122195e-01 
1.680113e-02 2.250380e-01 
-4.908183e-03 1.165752e-01 
-3.528754e-03 -1.827319e-02 
8.586376e-03 -1.265985e-01 
2.283425e-02 -1.634895e-01 
3.902742e-03 -5.762097e-02 
-1.017773e-02 6.334181e-02 
-1.710153e-02 1.629901e-01 
1.090594e-02 1.441912e-01 
3.305559e-02 1.749565e-01 
2.845699e-02 9.333257e-02 
-1.705040e-02 8.422456e-04 
-1.807388e-02 -4.749787e-02 
-1.645391e-02 -5.545146e-02 
-1.511818e-02 -1.377944e-02 
-1.192033e-02 4.140645e-02 
-1.022081e-02 1.922629e-02 
-7.329843e-03 -3.488712e-02 
3.762018e-03 -9.066373e-02 
1.327788e-02 -8.740294e-02 
7.067807e-03 -5.703003e-02 
2.129849e-03 -2.056586e-02 
3.916036e-01 3.988572e-01 
6.019003e-02 5.005424e-01 
5.006958e-02 3.575568e-01 
3.786889e-02 1.665755e-01 
1.106163e-02 6.853953e-02 
2.044890e-03 1.773700e-02 
6.338888e-05 3.043093e-03 
-5.740536e-04 1.446602e-02 
8.867352e-05 -9.998746e-03 
3.626309e-03 -3.966785e-02 
8.214670e-03 -5.365935e-02 
6.840482e-04 -1.602500e-02 
-4.772714e-03 3.264355e-02 
-7.303304e-03 6.956577e-02 
1.807351e-01 -2.969537e-01 
-1.250396e-02 -1.533301e-01 
-1.026893e-02 -6.571504e-02 
-2.762861e-03 -3.299456e-03 
3.584419e-03 4.823035e-02 
1.567158e-03 8.217946e-02 
-1.051919e-02 9.073799e-02 
-1.318227e-02 5.412860e-02 
-8.322663e-03 -1.229502e-02 
-1.949355e-03 -7.829302e-02 
8.173246e-03 -1.154668e-01 
1.088279e-02 -8.052049e-02 
4.004724e-03 -3.455346e-02 
-3.685426e-04 3.493696e-03 
-1.549230e-02 2.019751e-01 
4.390543e-02 3.264998e-01 
5.470560e-02 2.876757e-01 
3.067406e-03 1.096477e-01 
-1.848158e-02 -5.422466e-02 
-2.251784e-02 -1.658282e-01 
-7.887325e-03 -1.633894e-01 
2.227962e-03 -1.980252e-02 
-1.705989e-03 5.018608e-02 
-6.675048e-03 6.937099e-02 
-7.546215e-03 4.392755e-02 
1.575449e-03 -1.471332e-03 
4.854213e-03 -3.496469e-02 
7.355002e-03 -7.029916e-02 
6.311483e-01 6.536928e-01 
1.696680e-01 9.145718e-01 
1.348390e-01 7.467321e-01 
5.187400e-02 3.512730e-01 
-4.320206e-03 6.755242e-02 
-2.104667e-02 -1.078820e-01 
-1.415644e-02 -1.657641e-01 
-4.361736e-04 -6.966335e-02 
1.369857e-04 -6.727210e-03 
-2.471955e-03 2.470148e-02 
-4.112797e-03 2.590663e-02 
2.484987e-04 2.097779e-03 
2.313038e-03 -1.672903e-02 
4.313811e-03 -4.044771e-02 
3.780882e-01 -5.180768e-01 
-2.338009e-02 -2.050221e-01 
-1.581682e-02 -7.705164e-02 
-2.877966e-02 -7.795464e-02 
-1.873110e-02 -8.652103e-02 
-1.281937e-02 -8.435224e-02 
-6.852429e-03 -5.245446e-02 
-3.676326e-03 2.423914e-02 
-6.133825e-03 5.384547e-02 
-8.990080e-03 5.009842e-02 
-7.377974e-03 1.742814e-02 
5.640814e-03 -3.276208e-02 
9.441501e-03 -7.433272e-02 
1.172068e-02 -1.090033e-01 
-2.533781e-02 3.125883e-01 
9.771931e-02 5.658019e-01 
9.848592e-02 5.463152e-01 
9.169004e-03 2.220442e-01 
-2.788731e-02 -8.126964e-02 
-3.335329e-02 -2.816029e-01 
-9.345551e-03 -2.856737e-01 
4.746329e-03 -4.814882e-02 
-2.693321e-03 8.417076e-02 
-1.105806e-02 1.244487e-01 
-1.077018e-02 6.830978e-02 
6.689925e-03 -4.572529e-02 
8.523496e-03 -7.142148e-02 
3.948860e-03 -3.695930e-02 
8.627425e-01 9.349473e-01 
3.287613e-01 1.351299e+00 
2.071379e-01 1.112710e+00 
2.580710e-02 3.962894e-01 
-3.975709e-02 -1.439350e-01 
-4.429722e-02 -4.558630e-01 
-5.747259e-03 -4.765088e-01 
1.511523e-02 -1.182541e-01 
9.318522e-04 1.381608e-01 
-1.793881e-02 2.698883e-01 
-3.068830e-02 2.508636e-01 
-5.491632e-03 5.782438e-02 
1.282468e-02 -9.767826e-02 
2.308708e-02 -2.081570e-01 
3.697318e-01 -7.586416e-01 
-3.566707e-02 -1.411203e-01 
-1.631725e-03 9.630360e-02 
-2.545454e-02 1.134828e-02 
-2.316454e-02 -5.883915e-02 
-2.290744e-02 -1.128271e-01 
-1.803485e-02 -1.439130e-01 
-3.115132e-03 -8.908264e-02 
-1.168920e-03 -2.883258e-02 
-5.898238e-03 2.921373e-02 
-1.145866e-02 6.186460e-02 
-1.897192e-03 2.143393e-02 
7.850857e-03 -5.874059e-02 
2.039725e-02 -1.743485e-01 
