poroelastic
3.127027e-02 1.610508e-02 
3.387349e-02 -1.032667e-02 
9.765203e-03 -1.003675e-01 
-4.538454e-02 -2.136533e-01 
-2.721204e-02 -2.070559e-01 
-1.417297e-02 -1.481763e-01 
-5.376428e-03 -8.549734e-02 
1.545752e-04 -4.731070e-02 
-2.159477e-05 -3.375502e-03 
-2.040713e-03 3.020583e-02 
-3.346412e-03 3.869024e-02 
9.626943e-04 2.675978e-03 
2.218020e-03 -2.688782e-02 
2.581851e-03 -5.292565e-02 
-7.158297e-01 -5.669447e-01 
-3.938349e-02 -6.418638e-01 
-3.087740e-02 -5.267723e-01 
-6.557105e-02 -4.013883e-01 
-2.930477e-02 -2.764634e-01 
-9.784776e-03 -1.522813e-01 
6.907197e-05 -3.748015e-02 
-4.752301e-04 3.931306e-02 
-4.150724e-03 9.245909e-02 
-8.428194e-03 1.143464e-01 
-8.992853e-03 8.523583e-02 
4.863468e-03 -1.635720e-02 
8.132152e-03 -1.047418e-01 
8.796235e-03 -1.784320e-01 
-3.532707e-01 6.959034e-01 
3.791091e-02 5.731658e-01 
4.141704e-02 3.252597e-01 
-1.490377e-02 1.446235e-02 
-2.173658e-02 -1.529719e-01 
-1.610067e-02 -2.229615e-01 
-1.524296e-03 -1.989602e-01 
5.094854e-03 -9.003117e-02 
2.282297e-03 4.697946e-03 
-1.724988e-03 7.064635e-02 
-5.252588e-03 8.766016e-02 
-2.503177e-03 3.597978e-02 
7.750047e-06 2.314117e-03 
7.440136e-04 -1.462466e-02 
4.057247e-02 -7.023656e-02 
7.371925e-03 -1.773324e-01 
-2.117190e-02 -2.629625e-01 
-4.161653e-02 -2.784250e-01 
-1.782653e-02 -1.997955e-01 
-4.103073e-03 -9.438029e-02 
1.611218e-03 -8.959450e-03 
2.754317e-04 1.863238e-02 
-1.888769e-03 4.789795e-02 
-4.406539e-03 6.528869e-02 
-4.752552e-03 5.240246e-02 
2.217907e-03 -6.782331e-03 
3.927691e-03 -5.170241e-02 
3.964920e-03 -7.933226e-02 
-8.827707e-01 -6.503046e-01 
-1.022020e-01 -8.343862e-01 
-6.765190e-02 -7.406130e-01 
-8.238834e-02 -5.495589e-01 
-3.332832e-02 -3.540661e-01 
-9.638579e-03 -1.716460e-01 
-1.031672e-04 -2.325558e-02 
-1.175897e-03 4.216540e-02 
-4.150545e-03 7.960886e-02 
-7.168307e-03 8.918254e-02 
-6.497752e-03 5.701927e-02 
4.935338e-03 -2.777421e-02 
6.990804e-03 -9.193719e-02 
6.895473e-03 -1.359060e-01 
-3.843636e-01 7.951102e-01 
4.417953e-02 5.480526e-01 
2.651811e-02 2.415660e-01 
-1.376022e-02 -3.247851e-02 
-1.490718e-02 -1.499497e-01 
-7.666742e-03 -1.771847e-01 
3.896501e-03 -1.297105e-01 
4.480093e-03 -3.812781e-02 
8.038423e-04 3.224968e-02 
-2.595509e-03 7.610818e-02 
-4.825248e-03 7.768238e-02 
-1.771059e-03 2.577967e-02 
1.832775e-04 -1.534845e-03 
4.807758e-04 -9.240081e-03 
5.471372e-02 -1.122564e-01 
-1.726175e-02 -2.868766e-01 
-4.342602e-02 -3.830078e-01 
-4.205417e-02 -3.362030e-01 
-1.413606e-02 -2.051427e-01 
-4.502804e-04 -6.378213e-02 
2.645848e-03 3.297245e-02 
-3.409256e-04 3.529308e-02 
-1.778215e-03 4.041764e-02 
-2.909071e-03 4.063857e-02 
-2.375267e-03 2.440411e-02 
1.962352e-03 -1.452565e-02 
2.459204e-03 -3.428377e-02 
1.907099e-03 -3.711052e-02 
-1.028953e+00 -7.937231e-01 
-1.837950e-01 -1.080523e+00 
-1.155820e-01 -9.698498e-01 
-8.184102e-02 -6.478482e-01 
-2.545835e-02 -3.499008e-01 
-2.841919e-03 -1.039662e-01 
1.106988e-03 6.203926e-02 
-3.159520e-03 8.470079e-02 
-5.352117e-03 8.695532e-02 
-6.967589e-03 7.346378e-02 
-4.920668e-03 3.293068e-02 
5.821808e-03 -4.147826e-02 
7.373315e-03 -9.782731e-02 
7.163501e-03 -1.366518e-01 
-4.914206e-01 9.033873e-01 
4.898249e-02 5.314979e-01 
2.250590e-02 2.032886e-01 
-6.176423e-04 3.795621e-03 
-3.329740e-03 -6.654579e-02 
9.309593e-05 -7.779644e-02 
5.605942e-03 -5.231814e-02 
3.822730e-03 -2.284163e-02 
1.610339e-03 9.319506e-03 
-1.214174e-04 3.563034e-02 
-2.127276e-03 4.520531e-02 
-3.023977e-03 3.005827e-02 
-2.190328e-03 2.900330e-02 
-2.206309e-03 4.093700e-02 
6.385613e-02 -1.745120e-01 
-5.607537e-02 -4.414585e-01 
-6.714214e-02 -5.307567e-01 
-3.435378e-02 -3.659497e-01 
-5.556351e-03 -1.515371e-01 
4.495561e-03 3.096804e-02 
1.513259e-03 1.140655e-01 
-1.879496e-03 4.949630e-02 
-1.354766e-03 1.693613e-02 
-1.013302e-03 4.031352e-03 
-7.278879e-04 2.934750e-03 
9.359756e-04 -2.897272e-03 
1.708350e-03 -2.146244e-02 
2.087008e-03 -3.911248e-02 
-1.095424e+00 -9.713622e-01 
-2.700278e-01 -1.338216e+00 
-1.506581e-01 -1.161846e+00 
-5.557480e-02 -6.286591e-01 
-5.391570e-03 -1.959054e-01 
7.464501e-03 1.084268e-01 
-8.958879e-04 2.399914e-01 
-6.718387e-03 1.262905e-01 
-4.517149e-03 3.708523e-02 
-1.730033e-03 -2.451744e-02 
2.157054e-03 -5.962888e-02 
6.029951e-03 -6.450442e-02 
4.300145e-03 -6.009395e-02 
2.680848e-03 -4.849685e-02 
-4.808548e-01 1.070621e+00 
6.368687e-02 5.183982e-01 
1.247936e-02 1.157341e-01 
-3.937623e-03 -5.615534e-02 
-2.441702e-03 -1.025162e-01 
2.858085e-03 -8.826333e-02 
8.207439e-03 -2.720580e-02 
2.539624e-03 2.897083e-02 
-1.110905e-03 5.843453e-02 
-2.892982e-03 6.794442e-02 
-3.503134e-03 5.427552e-02 
-1.642255e-03 1.960790e-02 
-3.788995e-04 4.736749e-03 
-4.354440e-04 7.410989e-03 
