poroelastic
1.935451e-02 6.507283e-02 
2.764449e-02 4.690471e-02 
1.092457e-02 -3.776567e-02 
-2.900292e-02 -9.351849e-02 
-1.763111e-02 -8.648705e-02 
-8.412092e-03 -4.347214e-02 
-5.407952e-03 3.099053e-02 
-8.931752e-03 6.552061e-02 
-8.558029e-03 2.472780e-02 
-4.023364e-03 -3.572621e-02 
7.601823e-03 -8.457435e-02 
1.102237e-02 -6.678010e-02 
3.568271e-03 -2.896672e-02 
-1.106929e-03 1.013981e-02 
-1.601837e-01 1.083769e-01 
3.497710e-02 2.250007e-02 
1.407322e-02 -1.460547e-01 
-6.911687e-02 -2.446679e-01 
-4.034618e-02 -2.173034e-01 
-1.834939e-02 -1.283079e-01 
-6.901112e-03 -1.852847e-02 
-6.071438e-03 3.781740e-02 
-5.827146e-03 1.827006e-02 
-3.349156e-03 -1.961157e-02 
1.903593e-03 -4.346724e-02 
4.308545e-03 -1.948002e-02 
3.113519e-03 -1.704942e-02 
5.375221e-03 -4.901304e-02 
-7.481025e-03 5.058866e-02 
5.292767e-03 2.593923e-02 
-4.636455e-03 -3.448094e-02 
-8.517768e-03 -5.612051e-02 
1.108155e-04 -1.499221e-02 
4.743156e-03 3.576547e-02 
1.346457e-03 7.244209e-02 
-4.349432e-03 4.230975e-02 
-1.537916e-03 -1.666168e-02 
4.833300e-03 -6.393413e-02 
9.854948e-03 -6.875489e-02 
-7.620419e-04 -3.386508e-03 
-4.806390e-03 3.389569e-02 
-3.089552e-03 2.798189e-02 
6.372396e-02 8.697979e-02 
5.375434e-02 4.701411e-02 
1.243781e-02 -9.914681e-02 
-7.324242e-02 -2.221780e-01 
-4.761102e-02 -2.467200e-01 
-2.700512e-02 -1.987443e-01 
-1.006431e-02 -8.539775e-02 
-5.266080e-03 3.364853e-02 
-8.429631e-03 6.007266e-02 
-1.062018e-02 3.769241e-02 
-5.111369e-03 -9.789410e-03 
9.212944e-03 -4.106777e-02 
9.864304e-03 -6.573061e-02 
1.072387e-02 -9.833450e-02 
7.359815e-02 2.308174e-01 
4.007561e-02 2.520363e-01 
2.900608e-02 1.041109e-01 
-3.123674e-02 -7.865434e-02 
-2.700813e-02 -1.500879e-01 
-1.575963e-02 -1.509295e-01 
-9.431704e-04 -8.944582e-02 
2.559118e-03 8.164291e-03 
-1.486488e-03 4.291967e-02 
-4.382591e-03 4.506071e-02 
-4.575826e-03 2.602419e-02 
2.557668e-04 5.003255e-03 
2.341581e-03 -1.331974e-02 
5.035148e-03 -4.549340e-02 
2.672543e-01 -4.606697e-02 
2.819948e-02 -3.633243e-02 
-5.128776e-03 -9.653343e-02 
-4.705574e-02 -1.531990e-01 
-2.753753e-02 -1.413584e-01 
-1.495349e-02 -9.438922e-02 
-8.835180e-03 -2.941389e-02 
-5.676777e-03 1.688863e-02 
-4.959622e-03 1.505551e-02 
-3.961091e-03 -5.904043e-03 
-1.185391e-04 -2.806581e-02 
5.418085e-03 -2.940024e-02 
4.834391e-03 -3.323368e-02 
5.966187e-03 -5.359566e-02 
4.787035e-02 9.026389e-02 
3.656821e-02 1.032186e-01 
8.385782e-03 -4.211105e-03 
-5.670282e-02 -1.677230e-01 
-4.197487e-02 -2.574362e-01 
-2.328100e-02 -2.671792e-01 
2.736863e-03 -1.642103e-01 
5.426779e-03 2.767567e-02 
-5.355807e-03 1.199195e-01 
-1.452269e-02 1.391141e-01 
-1.510322e-02 8.682427e-02 
3.988295e-03 -7.961405e-03 
1.023845e-02 -7.064412e-02 
1.314650e-02 -1.188670e-01 
1.700218e-01 3.977293e-01 
8.061456e-02 4.764986e-01 
5.519514e-02 2.939214e-01 
-4.022895e-02 -2.080025e-02 
-4.324761e-02 -2.030287e-01 
-3.183938e-02 -2.714785e-01 
-9.040122e-03 -2.209872e-01 
2.950430e-03 -4.956005e-02 
-2.765492e-03 5.695876e-02 
-1.102173e-02 1.049475e-01 
-1.439709e-02 8.532543e-02 
2.214336e-03 -9.430316e-04 
9.514806e-03 -6.650519e-02 
1.335324e-02 -1.184554e-01 
4.094119e-01 -2.697744e-01 
-1.216351e-02 -1.892569e-01 
-3.764885e-02 -2.049658e-01 
-5.114333e-02 -2.332128e-01 
-2.520671e-02 -2.007684e-01 
-7.544071e-03 -1.344684e-01 
5.279624e-03 -3.966248e-02 
8.346876e-04 5.974541e-02 
-6.665055e-03 9.900146e-02 
-1.155197e-02 9.535580e-02 
-9.975156e-03 4.834292e-02 
4.925780e-03 -2.366552e-02 
9.104983e-03 -6.638387e-02 
1.098473e-02 -9.652553e-02 
4.739670e-02 9.711629e-02 
3.439091e-02 1.700104e-01 
5.711836e-03 8.777261e-02 
-5.248227e-02 -1.164899e-01 
-4.288349e-02 -2.585560e-01 
-2.709068e-02 -3.069956e-01 
-1.375395e-03 -2.125488e-01 
3.562567e-03 9.108481e-03 
-6.772640e-03 1.182212e-01 
-1.497930e-02 1.341561e-01 
-1.078915e-02 5.207069e-02 
1.166668e-02 -7.636283e-02 
1.160688e-02 -9.178085e-02 
3.557021e-03 -3.138017e-02 
3.133786e-01 5.226586e-01 
1.281051e-01 6.484970e-01 
6.082485e-02 4.278818e-01 
-3.623827e-02 -1.712023e-02 
-4.344765e-02 -2.978611e-01 
-2.682730e-02 -4.073080e-01 
7.446053e-03 -3.126115e-01 
1.278658e-02 -8.860586e-04 
-6.102275e-03 1.978631e-01 
-2.435207e-02 2.757672e-01 
-3.070528e-02 2.067661e-01 
3.206897e-03 -6.276060e-03 
1.827046e-02 -1.338259e-01 
2.101993e-02 -1.792386e-01 
5.264758e-01 -4.852551e-01 
-4.994879e-02 -2.161430e-01 
-5.364425e-02 -1.535104e-01 
-5.459412e-02 -2.063984e-01 
-3.051135e-02 -2.058363e-01 
-1.682488e-02 -1.766194e-01 
-4.977961e-03 -1.200928e-01 
4.219080e-04 -2.565384e-02 
-3.919451e-03 4.433294e-02 
-1.136095e-02 9.076470e-02 
-1.580575e-02 8.997905e-02 
-3.951312e-05 1.081048e-02 
1.108041e-02 -7.759955e-02 
2.052849e-02 -1.662167e-01 
