poroelastic
-3.885196e-02 -5.200264e-02 
-4.481194e-02 -1.593592e-02 
-1.933071e-02 8.586244e-02 
4.633778e-02 1.674097e-01 
3.569303e-02 1.864626e-01 
2.397679e-02 1.550158e-01 
1.191555e-02 7.428586e-02 
3.936447e-03 -8.261356e-03 
3.460695e-03 -2.820270e-02 
4.902314e-03 -1.502388e-02 
3.158096e-03 1.403637e-02 
-3.647564e-03 3.258516e-02 
-3.441326e-03 4.958944e-02 
-3.167102e-03 7.035075e-02 
4.284348e-01 8.822936e-02 
-8.894041e-03 1.949870e-01 
-5.192602e-03 3.025959e-01 
8.891303e-02 3.631038e-01 
5.927640e-02 3.387105e-01 
3.438240e-02 2.557023e-01 
1.255605e-02 1.244017e-01 
1.264700e-03 -1.362585e-02 
2.269452e-03 -7.027924e-02 
6.572874e-03 -8.461443e-02 
9.816899e-03 -6.955847e-02 
-1.630279e-03 -1.955782e-02 
-6.356280e-03 8.014835e-02 
-1.017744e-02 2.192021e-01 
8.301223e-02 -2.851918e-01 
-2.781322e-02 -2.044944e-01 
-1.877986e-02 -7.646683e-02 
1.374115e-02 3.515318e-02 
1.409025e-02 7.186121e-02 
1.082271e-02 7.476944e-02 
5.844537e-03 5.378565e-02 
1.117336e-03 3.069510e-02 
-5.537380e-04 3.065482e-02 
-1.997055e-03 3.023538e-02 
-1.991781e-03 1.056308e-02 
2.528877e-03 -3.287879e-02 
2.044775e-03 -3.634010e-02 
-2.662942e-05 5.552948e-04 
-7.240068e-02 -3.059994e-02 
-4.389419e-02 4.803545e-02 
2.227244e-03 2.008737e-01 
8.040580e-02 3.191003e-01 
5.579103e-02 3.368659e-01 
3.319536e-02 2.762426e-01 
9.750082e-03 1.380343e-01 
-4.926809e-04 -2.535211e-02 
2.196736e-03 -9.719473e-02 
7.491937e-03 -1.094540e-01 
9.239347e-03 -6.945417e-02 
-3.512737e-03 9.787660e-03 
-6.768476e-03 9.282800e-02 
-8.638814e-03 1.831695e-01 
3.168637e-01 1.003767e-02 
1.316102e-02 8.873396e-02 
7.343685e-03 2.070427e-01 
8.359345e-02 3.284123e-01 
5.826458e-02 3.522041e-01 
3.488563e-02 3.023623e-01 
9.931294e-03 1.755409e-01 
-1.868779e-03 -1.463690e-04 
5.807267e-04 -8.819391e-02 
5.713259e-03 -1.187600e-01 
9.346862e-03 -9.615810e-02 
-1.092718e-03 -1.784091e-02 
-5.683974e-03 7.527358e-02 
-8.802574e-03 1.820532e-01 
-1.363834e-01 -2.130515e-01 
-3.580288e-02 -1.051548e-01 
6.268863e-05 4.055251e-02 
4.160018e-02 1.571028e-01 
2.970822e-02 1.821697e-01 
1.785530e-02 1.559996e-01 
5.690526e-03 9.012916e-02 
-2.044388e-04 1.435730e-02 
1.454512e-04 -1.721830e-02 
1.250122e-03 -2.669650e-02 
2.021844e-03 -2.328563e-02 
2.371598e-04 -1.164369e-02 
-1.018092e-03 1.140371e-02 
-2.487416e-03 5.008680e-02 
-7.656611e-02 8.514009e-03 
-1.624883e-02 8.481509e-02 
2.799111e-02 2.219353e-01 
8.100601e-02 3.435701e-01 
5.371965e-02 3.709060e-01 
2.886008e-02 3.161779e-01 
1.579877e-03 1.622963e-01 
-4.522593e-03 -4.524346e-02 
1.248336e-03 -1.456967e-01 
7.983211e-03 -1.683735e-01 
1.035507e-02 -1.117624e-01 
-2.929006e-03 7.060202e-03 
-6.910068e-03 9.928517e-02 
-8.521550e-03 1.746305e-01 
2.864402e-01 -6.503007e-02 
3.055457e-02 2.087331e-02 
2.742375e-02 1.690841e-01 
9.290882e-02 3.447959e-01 
6.322292e-02 3.995224e-01 
3.714602e-02 3.599461e-01 
9.162773e-03 2.203221e-01 
-1.974626e-03 5.879251e-03 
1.709650e-03 -1.115377e-01 
7.719206e-03 -1.557652e-01 
1.095154e-02 -1.205145e-01 
-2.145217e-03 -2.493200e-05 
-7.309274e-03 1.054957e-01 
-9.985178e-03 1.984330e-01 
-2.372237e-01 -3.934028e-02 
9.716016e-04 6.622807e-02 
3.343562e-02 1.750237e-01 
4.113801e-02 2.190795e-01 
2.093430e-02 1.848359e-01 
6.141342e-03 1.175309e-01 
-4.767966e-03 3.188030e-02 
-2.422922e-03 -3.837847e-02 
6.822573e-04 -6.524433e-02 
2.721157e-03 -6.658380e-02 
3.299471e-03 -4.412401e-02 
-2.732793e-04 -4.178903e-03 
-1.794582e-03 2.571175e-02 
-2.761205e-03 5.338969e-02 
-7.645696e-02 5.996800e-02 
1.929431e-02 1.387765e-01 
5.727586e-02 2.559855e-01 
7.651399e-02 3.422332e-01 
4.600210e-02 3.515569e-01 
2.215062e-02 2.894653e-01 
-7.253871e-04 1.388592e-01 
-2.688466e-03 -5.069569e-02 
2.797298e-03 -1.375518e-01 
7.635645e-03 -1.451410e-01 
6.869833e-03 -6.860865e-02 
-4.901978e-03 5.474677e-02 
-6.081123e-03 9.719686e-02 
-4.221142e-03 8.297695e-02 
2.006959e-01 -1.031293e-01 
4.434139e-02 -1.056385e-02 
5.224167e-02 1.503613e-01 
7.911163e-02 3.369936e-01 
4.964717e-02 3.981605e-01 
2.336283e-02 3.513506e-01 
-3.404441e-03 1.805980e-01 
-3.974098e-03 -7.760166e-02 
4.464310e-03 -2.115204e-01 
1.212305e-02 -2.402400e-01 
1.358656e-02 -1.499330e-01 
-4.967557e-03 4.768075e-02 
-1.058652e-02 1.617507e-01 
-1.088284e-02 2.023796e-01 
-3.449938e-01 8.503649e-02 
2.920318e-02 1.063569e-01 
5.333505e-02 1.809189e-01 
4.710168e-02 2.404566e-01 
2.426195e-02 2.182955e-01 
9.268313e-03 1.614648e-01 
-2.645116e-03 7.933750e-02 
-2.020538e-03 -5.145074e-03 
8.531794e-04 -5.398762e-02 
3.505807e-03 -8.037826e-02 
5.169897e-03 -7.552958e-02 
1.216924e-03 -2.618814e-02 
-2.199015e-03 3.023212e-02 
-5.220939e-03 9.081450e-02 
