poroelastic
7.092450e-02 1.560462e-03 
7.397299e-02 -4.169162e-02 
2.713999e-02 -1.445345e-01 
-9.235825e-02 -2.752145e-01 
-6.179238e-02 -2.908733e-01 
-3.731377e-02 -2.371071e-01 
-1.762360e-02 -1.728144e-01 
5.087666e-05 -1.036778e-01 
6.070590e-04 -7.312435e-03 
-7.509312e-03 7.030860e-02 
-1.540220e-02 9.789281e-02 
1.160970e-03 2.347594e-02 
8.768468e-03 -5.436082e-02 
1.229907e-02 -1.282910e-01 
-4.761831e-01 -3.954268e-01 
-2.787275e-02 -4.553523e-01 
-2.140531e-02 -3.274815e-01 
-6.562850e-02 -2.399900e-01 
-3.673460e-02 -2.017247e-01 
-1.942994e-02 -1.724818e-01 
-2.165352e-03 -1.333666e-01 
6.473133e-03 -5.161956e-02 
4.995237e-04 5.599760e-02 
-1.145148e-02 1.397617e-01 
-2.265110e-02 1.586713e-01 
-1.624910e-03 4.974908e-02 
1.119037e-02 -7.018281e-02 
1.766694e-02 -1.821033e-01 
-7.347272e-02 5.095667e-01 
7.812075e-02 4.289141e-01 
6.578588e-02 2.433722e-01 
-4.739042e-02 -4.149761e-02 
-5.401605e-02 -2.274863e-01 
-4.316325e-02 -3.131188e-01 
-1.553429e-02 -2.977301e-01 
8.787833e-03 -1.599102e-01 
5.958210e-03 -1.055787e-02 
-5.396061e-03 1.055625e-01 
-1.763457e-02 1.480668e-01 
-5.712862e-03 6.017516e-02 
4.425780e-03 -2.487423e-02 
9.402318e-03 -9.546426e-02 
6.223637e-02 -1.171982e-01 
1.670840e-02 -2.185317e-01 
-2.834253e-02 -2.789389e-01 
-7.080448e-02 -2.946248e-01 
-3.490491e-02 -2.347946e-01 
-1.135463e-02 -1.446417e-01 
4.317475e-03 -6.995383e-02 
6.564334e-03 -2.947712e-02 
1.373836e-03 4.079520e-02 
-7.284836e-03 1.029704e-01 
-1.581898e-02 1.218515e-01 
-3.160472e-03 4.594235e-02 
5.992006e-03 -3.655793e-02 
1.124401e-02 -1.150024e-01 
-7.781979e-01 -5.103518e-01 
-9.795151e-02 -7.378104e-01 
-7.868143e-02 -6.726936e-01 
-1.358070e-01 -5.299782e-01 
-6.598948e-02 -3.908375e-01 
-2.762026e-02 -2.458068e-01 
-4.967678e-03 -1.085571e-01 
1.144953e-03 -1.423579e-02 
-4.103464e-03 6.434986e-02 
-1.264576e-02 1.101486e-01 
-1.702882e-02 9.877110e-02 
4.640828e-03 -3.670189e-03 
1.267811e-02 -9.097971e-02 
1.521375e-02 -1.525372e-01 
-1.187102e-01 6.383063e-01 
6.946960e-02 3.865746e-01 
2.586467e-02 1.088432e-01 
-4.859332e-02 -1.370076e-01 
-3.992709e-02 -2.429492e-01 
-2.166477e-02 -2.570037e-01 
5.084156e-03 -1.964415e-01 
1.273802e-02 -8.131622e-02 
5.257046e-03 3.043527e-02 
-4.491364e-03 1.136399e-01 
-1.401622e-02 1.366861e-01 
-7.476436e-03 6.164433e-02 
3.651932e-04 1.334468e-03 
3.822680e-03 -3.787791e-02 
8.864934e-02 -1.970858e-01 
-2.258293e-02 -4.004613e-01 
-8.060495e-02 -5.034329e-01 
-8.923482e-02 -4.382444e-01 
-3.182069e-02 -2.695474e-01 
-1.365672e-03 -8.100304e-02 
7.033051e-03 4.557423e-02 
1.076118e-03 3.700014e-02 
-2.231554e-03 4.400204e-02 
-5.391161e-03 5.140532e-02 
-6.593934e-03 4.180076e-02 
2.115423e-03 -5.643092e-03 
4.832597e-03 -3.674708e-02 
4.770001e-03 -4.739128e-02 
-1.021845e+00 -7.325091e-01 
-2.392991e-01 -1.132600e+00 
-1.831816e-01 -1.060417e+00 
-1.581467e-01 -7.384705e-01 
-5.631610e-02 -4.318928e-01 
-1.022785e-02 -1.697542e-01 
5.015265e-03 2.112979e-02 
-9.955253e-04 6.580309e-02 
-6.664407e-03 8.795735e-02 
-1.165456e-02 9.106854e-02 
-1.194862e-02 5.977857e-02 
5.733301e-03 -2.254123e-02 
1.141780e-02 -8.613368e-02 
1.283496e-02 -1.248297e-01 
-2.557665e-01 7.981959e-01 
5.793277e-02 3.532946e-01 
4.063785e-03 3.326497e-02 
-2.309293e-02 -1.177973e-01 
-1.302542e-02 -1.355723e-01 
-4.496114e-04 -9.645345e-02 
1.103285e-02 -4.241502e-02 
8.583607e-03 -2.698565e-02 
4.790994e-03 6.092765e-03 
1.192583e-03 4.236239e-02 
-4.201993e-03 6.408197e-02 
-7.071324e-03 4.739635e-02 
-4.502872e-03 3.524472e-02 
-4.083348e-03 3.909657e-02 
9.606136e-02 -3.343068e-01 
-1.054293e-01 -6.725229e-01 
-1.479342e-01 -7.800914e-01 
-8.609249e-02 -5.393549e-01 
-1.440922e-02 -2.196542e-01 
1.331820e-02 5.692184e-02 
7.677985e-03 1.813827e-01 
-2.660016e-03 6.468578e-02 
-1.269347e-03 6.602164e-03 
-6.132811e-05 -8.844167e-03 
-1.516905e-03 6.751952e-03 
-2.160368e-03 2.292278e-02 
1.052394e-03 -3.738862e-03 
5.796278e-03 -5.554868e-02 
-1.204404e+00 -1.024654e+00 
-4.228309e-01 -1.588365e+00 
-2.838853e-01 -1.444591e+00 
-1.153235e-01 -7.912071e-01 
-6.606020e-03 -2.211596e-01 
2.425561e-02 1.894488e-01 
5.559555e-03 3.690431e-01 
-1.354174e-02 1.824732e-01 
-8.394681e-03 2.541216e-02 
5.307616e-04 -7.891665e-02 
1.024136e-02 -1.231165e-01 
1.156658e-02 -8.910768e-02 
4.343652e-03 -3.860176e-02 
-2.369728e-03 2.187429e-02 
-1.310576e-01 1.004629e+00 
5.316035e-02 2.878320e-01 
-3.972383e-02 -1.589990e-01 
-4.055228e-02 -2.653729e-01 
-1.560711e-02 -2.423766e-01 
6.168549e-03 -1.532305e-01 
2.253509e-02 -1.160051e-02 
6.806412e-03 8.194605e-02 
-3.654120e-03 1.171976e-01 
-7.654036e-03 1.116017e-01 
-7.181515e-03 6.913796e-02 
-1.454679e-03 1.070597e-02 
8.972037e-04 -8.379162e-03 
-1.783568e-03 1.566815e-02 
