poroelastic
-3.020365e-03 -6.043326e-02 
-8.286131e-03 -4.541785e-02 
8.688062e-04 1.996217e-02 
9.963841e-03 4.901531e-02 
6.107227e-03 4.608349e-02 
2.959416e-04 2.171302e-02 
-6.179072e-03 -4.646876e-02 
-8.194278e-04 -9.681985e-02 
4.066431e-03 -4.657148e-02 
2.051939e-03 3.096047e-02 
-6.831660e-03 8.946521e-02 
-4.846998e-03 5.466709e-02 
8.972921e-04 -4.666982e-04 
4.352807e-03 -5.794553e-02 
1.777113e-01 -1.206546e-01 
-3.530620e-02 -4.683947e-02 
-1.790449e-02 1.468021e-01 
8.064819e-02 2.724947e-01 
5.359923e-02 2.578819e-01 
2.755413e-02 1.634309e-01 
1.015028e-02 2.737742e-02 
6.322590e-03 -5.967056e-02 
7.460051e-03 -3.930665e-02 
7.061169e-03 1.334989e-02 
1.435659e-03 5.745324e-02 
-5.823333e-03 3.917535e-02 
-4.908591e-03 4.300217e-02 
-6.221388e-03 8.114063e-02 
7.749772e-02 -6.577089e-02 
9.870095e-03 -6.480576e-03 
1.779180e-02 5.918181e-02 
-1.589319e-03 4.648420e-02 
-1.160581e-02 -2.177205e-02 
-1.668479e-02 -8.513304e-02 
-1.277047e-02 -1.203455e-01 
-5.269015e-04 -7.287300e-02 
4.463827e-04 1.510219e-02 
-5.872346e-03 8.763864e-02 
-1.232354e-02 9.889447e-02 
2.490981e-03 -1.291900e-03 
7.482774e-03 -6.993190e-02 
7.264035e-03 -9.299105e-02 
-4.700025e-02 -1.242168e-01 
-4.767308e-02 -9.884524e-02 
-1.421620e-02 4.309820e-02 
5.786281e-02 1.703509e-01 
4.430470e-02 2.154047e-01 
2.782539e-02 1.914270e-01 
8.571290e-03 8.546640e-02 
1.725726e-03 -5.133778e-02 
5.374699e-03 -7.431513e-02 
8.112227e-03 -4.257925e-02 
4.385918e-03 1.123553e-02 
-5.831398e-03 3.536590e-02 
-6.175702e-03 5.645973e-02 
-6.946807e-03 8.968278e-02 
-1.240277e-01 -2.723413e-01 
-5.838081e-02 -3.357614e-01 
-4.170334e-02 -1.731264e-01 
2.616955e-02 4.496778e-02 
3.041854e-02 1.417067e-01 
2.200631e-02 1.611490e-01 
6.225990e-03 1.061562e-01 
-1.550361e-03 -4.262969e-03 
5.492112e-04 -3.564186e-02 
2.293281e-03 -3.161256e-02 
2.385420e-03 -1.454869e-02 
4.966038e-04 -1.155868e-02 
-1.146900e-03 6.452954e-03 
-3.986409e-03 5.029952e-02 
-1.606053e-01 9.095888e-02 
-4.719001e-03 6.882451e-02 
1.342163e-02 9.195440e-02 
2.523615e-02 1.020990e-01 
1.165170e-02 6.855972e-02 
3.134115e-03 2.142288e-02 
7.170763e-04 -2.729947e-02 
2.772236e-03 -4.482197e-02 
2.847636e-03 -1.218020e-02 
4.388564e-04 3.082060e-02 
-3.806725e-03 5.462453e-02 
-2.280160e-03 2.289546e-02 
2.024932e-04 -1.687662e-03 
3.785773e-04 -4.706405e-03 
-3.491863e-02 -1.497732e-01 
-4.732396e-02 -2.001601e-01 
-2.649048e-02 -1.061203e-01 
4.352024e-02 8.259302e-02 
4.456359e-02 2.208933e-01 
3.310672e-02 2.831017e-01 
4.964213e-03 2.070830e-01 
-5.391904e-03 -1.019396e-02 
1.646803e-03 -1.089199e-01 
8.838541e-03 -1.287210e-01 
1.052925e-02 -8.124170e-02 
-2.104445e-03 3.470064e-04 
-6.436305e-03 5.851452e-02 
-8.815331e-03 1.103086e-01 
-3.188498e-01 -4.832775e-01 
-1.354082e-01 -6.532571e-01 
-9.168277e-02 -4.629755e-01 
1.536892e-02 -8.377897e-02 
3.951579e-02 1.483367e-01 
3.561570e-02 2.532950e-01 
1.325269e-02 2.302023e-01 
-2.368677e-03 5.734930e-02 
3.275675e-04 -4.331654e-02 
5.631585e-03 -8.700283e-02 
8.715574e-03 -7.478838e-02 
-1.081953e-05 -1.262082e-02 
-4.605848e-03 4.119262e-02 
-7.836689e-03 9.561319e-02 
-3.202686e-01 3.681288e-01 
2.745576e-02 2.048309e-01 
3.147140e-02 1.466599e-01 
3.363966e-02 1.397852e-01 
1.676649e-02 1.152444e-01 
5.715434e-03 7.983081e-02 
-3.017361e-03 2.836723e-02 
-1.146325e-03 -3.583702e-02 
2.053800e-03 -5.151937e-02 
3.504614e-03 -4.099049e-02 
2.621546e-03 -1.525471e-02 
-1.187470e-03 6.179588e-03 
-2.121584e-03 1.957123e-02 
-3.394941e-03 4.070620e-02 
-3.302479e-02 -1.898873e-01 
-6.587304e-02 -3.221772e-01 
-4.005493e-02 -2.516125e-01 
4.068632e-02 1.946448e-02 
4.962143e-02 2.437424e-01 
3.780255e-02 3.582506e-01 
3.835311e-03 2.797053e-01 
-5.453514e-03 -3.957033e-03 
4.225470e-03 -1.429280e-01 
1.260952e-02 -1.688474e-01 
1.118831e-02 -8.377184e-02 
-7.633178e-03 6.062953e-02 
-9.156945e-03 9.492931e-02 
-4.808083e-03 5.798407e-02 
-5.424412e-01 -7.170800e-01 
-2.557578e-01 -1.009494e+00 
-1.451300e-01 -7.746012e-01 
1.956536e-02 -1.610302e-01 
5.840662e-02 2.716680e-01 
4.798774e-02 4.908114e-01 
2.252467e-03 4.405895e-01 
-1.191973e-02 6.149952e-02 
2.389091e-03 -1.807236e-01 
1.744624e-02 -2.838889e-01 
2.442076e-02 -2.297867e-01 
-6.661269e-04 -1.263756e-02 
-1.283240e-02 1.238048e-01 
-1.622233e-02 1.865903e-01 
-3.210115e-01 6.305443e-01 
4.515516e-02 1.875851e-01 
1.641590e-02 5.534892e-03 
2.735093e-02 5.349051e-02 
1.822424e-02 6.874464e-02 
1.414730e-02 7.781447e-02 
8.750108e-03 8.996972e-02 
-6.213164e-04 6.396919e-02 
-1.473878e-03 3.091452e-02 
6.863412e-04 -8.043481e-03 
4.027945e-03 -3.828457e-02 
2.628481e-03 -2.956652e-02 
-1.030342e-03 7.327345e-03 
-6.366839e-03 6.940744e-02 
