poroelastic
-6.252560e-02 2.623934e-02 
-6.073229e-02 8.167859e-02 
-2.435314e-02 1.616755e-01 
6.671675e-02 2.368017e-01 
4.727331e-02 2.429618e-01 
3.081157e-02 1.970647e-01 
1.734587e-02 1.405058e-01 
3.925506e-03 8.441095e-02 
4.062043e-04 4.600000e-03 
4.720597e-03 -6.442155e-02 
1.177214e-02 -1.005905e-01 
1.100588e-03 -5.089215e-02 
-6.370088e-03 5.104072e-02 
-1.169835e-02 1.794066e-01 
3.665867e-01 3.927821e-01 
2.619066e-02 4.192787e-01 
2.698005e-02 2.836467e-01 
3.103381e-02 1.632257e-01 
1.394741e-02 1.085850e-01 
5.519612e-03 8.523394e-02 
-3.877013e-03 7.015719e-02 
-8.039092e-03 2.651991e-02 
-5.016655e-03 -4.376972e-02 
9.188750e-04 -1.100861e-01 
1.081230e-02 -1.463958e-01 
6.476323e-03 -9.478825e-02 
-2.738312e-03 1.342745e-02 
-9.816942e-03 1.490053e-01 
5.124413e-02 -4.318744e-01 
-6.107487e-02 -3.524339e-01 
-5.353826e-02 -1.932570e-01 
3.067432e-02 3.131267e-02 
4.052153e-02 1.863068e-01 
3.707658e-02 2.606689e-01 
2.026196e-02 2.440538e-01 
-1.841431e-04 1.201414e-01 
-2.333696e-03 -3.970431e-04 
3.286899e-03 -9.220312e-02 
1.160356e-02 -1.291847e-01 
3.103781e-03 -6.069958e-02 
-4.667012e-03 3.964235e-02 
-1.005775e-02 1.505153e-01 
-4.896215e-02 1.470322e-01 
-3.015864e-03 2.597899e-01 
3.150083e-02 2.954986e-01 
4.749108e-02 2.553314e-01 
2.106158e-02 1.763757e-01 
3.562207e-03 8.769760e-02 
-7.821686e-03 2.109942e-02 
-6.693894e-03 -6.716525e-03 
-2.869385e-03 -5.091844e-02 
1.839786e-03 -8.984224e-02 
7.974378e-03 -1.030385e-01 
3.367295e-03 -5.340324e-02 
-2.271434e-03 1.702250e-02 
-6.072034e-03 9.234294e-02 
6.655651e-01 4.959010e-01 
7.696197e-02 6.725696e-01 
6.083239e-02 5.839326e-01 
8.703638e-02 4.077191e-01 
4.079844e-02 2.714047e-01 
1.632930e-02 1.531295e-01 
2.194348e-03 5.299487e-02 
-1.000388e-03 -8.118598e-03 
1.503296e-03 -6.003300e-02 
6.452789e-03 -9.065588e-02 
1.042666e-02 -8.298078e-02 
-1.359557e-03 -1.047441e-02 
-6.879262e-03 7.197800e-02 
-9.882557e-03 1.481154e-01 
1.169323e-01 -5.140808e-01 
-4.361326e-02 -2.769723e-01 
-1.436975e-02 -5.622162e-02 
2.881612e-02 1.078513e-01 
2.540447e-02 1.794865e-01 
1.499937e-02 1.871138e-01 
-2.374138e-03 1.367304e-01 
-7.744541e-03 4.247780e-02 
-4.081862e-03 -3.964500e-02 
9.123757e-04 -9.865668e-02 
7.136739e-03 -1.159925e-01 
4.877720e-03 -6.284874e-02 
-2.801902e-04 -2.433242e-03 
-3.734332e-03 5.521315e-02 
-6.904052e-02 2.304945e-01 
3.121733e-02 4.280465e-01 
6.885717e-02 4.790723e-01 
5.735476e-02 3.491035e-01 
1.686731e-02 1.776003e-01 
-4.601679e-03 1.265852e-02 
-9.129430e-03 -8.551134e-02 
-1.570041e-03 -6.023744e-02 
1.267622e-03 -4.766607e-02 
2.795003e-03 -3.636284e-02 
2.713090e-03 -1.743188e-02 
-1.808721e-03 1.418565e-02 
-2.593653e-03 3.132735e-02 
-1.887149e-03 2.833392e-02 
9.128895e-01 7.101867e-01 
1.953574e-01 1.053077e+00 
1.457056e-01 9.533385e-01 
1.068560e-01 6.019917e-01 
3.410177e-02 3.080583e-01 
1.743346e-03 7.904410e-02 
-7.705650e-03 -6.978192e-02 
-9.056354e-04 -8.211553e-02 
3.055035e-03 -8.108939e-02 
5.954176e-03 -7.012160e-02 
6.472453e-03 -3.955153e-02 
-2.711804e-03 1.786716e-02 
-5.840630e-03 6.806877e-02 
-6.847307e-03 1.004947e-01 
2.584312e-01 -6.322171e-01 
-3.071616e-02 -2.235853e-01 
1.939184e-03 1.589187e-02 
4.824280e-03 6.954085e-02 
4.074461e-04 5.550888e-02 
-5.640165e-03 1.623210e-02 
-9.917640e-03 -1.974556e-02 
-4.761735e-03 -1.364035e-02 
-2.444543e-03 -1.692106e-02 
-1.641596e-03 -2.441509e-02 
5.848177e-07 -3.077507e-02 
3.008448e-03 -3.014940e-02 
2.781224e-03 -3.348420e-02 
2.902159e-03 -4.197270e-02 
-7.792337e-02 3.588628e-01 
1.015661e-01 6.783197e-01 
1.199577e-01 7.270684e-01 
5.638088e-02 4.348635e-01 
4.544323e-03 1.285857e-01 
-1.546170e-02 -1.143601e-01 
-9.094679e-03 -2.083364e-01 
2.230457e-03 -8.406971e-02 
1.839494e-03 -4.412404e-03 
-4.309813e-04 3.760874e-02 
-2.385596e-03 4.165629e-02 
-1.185047e-03 1.426009e-02 
-1.809862e-04 2.572697e-03 
1.192936e-04 -1.748686e-03 
1.078267e+00 9.822473e-01 
3.528177e-01 1.475447e+00 
2.224063e-01 1.299303e+00 
7.221986e-02 6.342140e-01 
-5.087673e-03 1.038606e-01 
-2.706247e-02 -2.516685e-01 
-1.171309e-02 -3.767760e-01 
6.473388e-03 -1.721545e-01 
5.029768e-03 -1.009164e-02 
-7.047873e-04 9.684978e-02 
-7.953882e-03 1.394101e-01 
-7.008807e-03 8.902146e-02 
-9.313248e-04 1.724310e-02 
5.125488e-03 -7.188171e-02 
1.835478e-01 -8.099980e-01 
-2.585688e-02 -1.510078e-01 
2.711118e-02 1.785369e-01 
1.229405e-02 1.673969e-01 
2.432395e-04 1.079195e-01 
-9.892475e-03 2.830666e-02 
-1.567815e-02 -6.186040e-02 
-4.148067e-03 -9.358806e-02 
1.165247e-03 -9.381143e-02 
2.470175e-03 -7.070022e-02 
1.471965e-03 -2.939131e-02 
-2.180180e-04 4.068873e-03 
-1.315442e-04 3.387210e-03 
2.720282e-03 -3.593580e-02 
