poroelastic
1.844453e-02 4.225955e-03 
1.850803e-02 -2.988787e-02 
3.391429e-03 -9.944851e-02 
-2.334837e-02 -1.567190e-01 
-1.260684e-02 -1.501465e-01 
-4.564795e-03 -1.075150e-01 
1.079472e-03 -3.654448e-02 
-4.633505e-05 2.670683e-02 
-2.223545e-03 5.301065e-02 
-3.827937e-03 5.524212e-02 
-3.239602e-03 3.502440e-02 
1.795151e-03 -2.473540e-03 
3.095236e-03 -3.992298e-02 
3.609602e-03 -7.818396e-02 
-2.478036e-01 -7.780225e-02 
6.166784e-03 -7.970192e-02 
5.461532e-03 -1.348496e-01 
-3.177682e-02 -2.070921e-01 
-1.802291e-02 -2.057770e-01 
-7.802557e-03 -1.607324e-01 
1.842376e-04 -7.801715e-02 
4.770646e-04 1.142368e-02 
-2.211184e-03 5.943509e-02 
-4.851277e-03 7.866052e-02 
-5.588630e-03 6.649612e-02 
1.165626e-03 1.573938e-02 
4.161282e-03 -5.130033e-02 
6.111073e-03 -1.319697e-01 
-6.347368e-02 1.903506e-01 
8.323153e-03 1.203783e-01 
4.003190e-03 2.354503e-02 
-7.279481e-03 -5.573702e-02 
-4.200658e-03 -6.284776e-02 
-9.537609e-04 -4.152415e-02 
1.197606e-03 -1.177197e-02 
5.579476e-04 2.670154e-03 
-1.636930e-05 8.646483e-03 
-4.960474e-04 1.383739e-02 
-1.414577e-03 2.225061e-02 
-1.423909e-03 2.668488e-02 
9.478553e-05 4.834617e-03 
1.895724e-03 -3.973921e-02 
2.890649e-02 4.226607e-03 
1.260152e-02 -4.708183e-02 
-4.429776e-03 -1.354069e-01 
-2.705236e-02 -2.091463e-01 
-1.393082e-02 -2.059197e-01 
-4.045595e-03 -1.537628e-01 
3.279632e-03 -5.964790e-02 
7.271974e-04 3.360414e-02 
-2.650955e-03 7.669877e-02 
-4.937773e-03 8.484215e-02 
-4.654344e-03 5.962581e-02 
1.148056e-03 8.011119e-03 
3.313352e-03 -4.285560e-02 
4.522504e-03 -9.680838e-02 
-2.410898e-01 -5.184286e-02 
-6.759954e-03 -6.392515e-02 
-3.311458e-03 -1.320186e-01 
-3.206696e-02 -2.261097e-01 
-1.776223e-02 -2.380047e-01 
-7.174040e-03 -1.951714e-01 
1.520178e-03 -9.656706e-02 
4.711661e-04 2.651742e-02 
-3.627996e-03 9.224701e-02 
-7.099047e-03 1.133648e-01 
-7.002216e-03 8.277284e-02 
2.744702e-03 -8.254381e-04 
5.796795e-03 -7.769255e-02 
7.071743e-03 -1.500905e-01 
3.344323e-02 1.566246e-01 
1.124986e-02 4.687879e-02 
-3.998449e-03 -5.644478e-02 
-1.204226e-02 -1.144213e-01 
-5.437699e-03 -1.049994e-01 
-5.874306e-04 -6.801836e-02 
2.559001e-03 -2.208849e-02 
1.005076e-03 7.507821e-03 
-3.531662e-04 2.298743e-02 
-1.215277e-03 3.031066e-02 
-1.820497e-03 2.961147e-02 
-1.018611e-03 1.871222e-02 
1.624867e-04 7.553369e-04 
1.147424e-03 -2.375410e-02 
3.223100e-02 -2.497648e-02 
-1.182762e-03 -9.053578e-02 
-1.416361e-02 -1.674288e-01 
-2.158044e-02 -2.135528e-01 
-9.399068e-03 -1.948401e-01 
-8.016768e-04 -1.342417e-01 
4.768280e-03 -3.570300e-02 
2.108817e-04 5.897020e-02 
-3.772066e-03 1.003232e-01 
-6.026935e-03 1.011078e-01 
-4.668043e-03 5.881728e-02 
2.337945e-03 -1.080979e-02 
3.901584e-03 -5.581969e-02 
4.007795e-03 -8.413519e-02 
-2.868511e-01 -4.622813e-02 
-2.505006e-02 -9.084961e-02 
-1.837477e-02 -1.709195e-01 
-3.419099e-02 -2.617398e-01 
-1.761568e-02 -2.710630e-01 
-7.015841e-03 -2.240360e-01 
1.214475e-03 -1.173716e-01 
3.284173e-04 1.720582e-02 
-3.856887e-03 9.073034e-02 
-7.271648e-03 1.138149e-01 
-6.499289e-03 7.630926e-02 
3.519739e-03 -1.734317e-02 
5.962152e-03 -8.437338e-02 
6.338669e-03 -1.311088e-01 
4.505651e-02 6.994698e-02 
-2.029464e-03 -6.443148e-02 
-1.069946e-02 -1.376171e-01 
-4.495844e-03 -1.232113e-01 
1.071276e-03 -6.744193e-02 
4.253815e-03 -3.862773e-03 
4.771192e-03 4.555908e-02 
1.353597e-04 5.364052e-02 
-1.534612e-03 5.071125e-02 
-1.875936e-03 4.091801e-02 
-1.471128e-03 2.361283e-02 
-2.174616e-04 4.356391e-03 
2.553654e-04 -3.881914e-03 
1.895724e-04 -3.814489e-03 
4.246783e-02 -6.946904e-02 
-1.828885e-02 -1.519860e-01 
-2.468037e-02 -2.087864e-01 
-1.882052e-02 -2.065015e-01 
-7.499819e-03 -1.676651e-01 
-1.470838e-03 -1.055720e-01 
1.417315e-03 -2.349352e-02 
-8.981896e-04 4.116310e-02 
-3.063354e-03 6.325941e-02 
-3.880150e-03 5.347361e-02 
-1.392722e-03 9.935323e-03 
3.660582e-03 -4.173409e-02 
2.959214e-03 -4.770957e-02 
1.193269e-03 -2.430177e-02 
-2.607774e-01 -8.465404e-02 
-4.444541e-02 -1.657674e-01 
-3.143982e-02 -2.301926e-01 
-2.149125e-02 -2.558817e-01 
-8.294828e-03 -2.263090e-01 
-7.490981e-04 -1.577060e-01 
3.633154e-03 -4.749409e-02 
-3.788863e-04 6.926665e-02 
-5.224839e-03 1.246355e-01 
-8.092079e-03 1.258646e-01 
-5.723042e-03 6.205261e-02 
5.095784e-03 -4.651023e-02 
6.185676e-03 -9.223825e-02 
4.411772e-03 -8.733743e-02 
1.271801e-01 3.040819e-02 
-1.003214e-02 -1.093104e-01 
-1.678156e-02 -1.668254e-01 
-5.726567e-03 -1.252357e-01 
-4.334658e-04 -6.460857e-02 
1.570565e-03 -8.470552e-03 
1.615250e-03 2.729793e-02 
-7.355992e-05 2.475861e-02 
-8.439261e-04 2.392695e-02 
-1.261680e-03 2.312813e-02 
-1.199325e-03 1.654157e-02 
4.062295e-05 2.257243e-03 
6.102654e-04 -8.310722e-03 
6.503222e-04 -1.206422e-02 
