poroelastic
1.674278e-02 1.139472e-02 
1.863695e-02 -1.638385e-03 
6.886237e-03 -5.518786e-02 
-2.334008e-02 -1.288398e-01 
-1.486359e-02 -1.239630e-01 
-8.993937e-03 -8.646984e-02 
-5.419299e-03 -5.565295e-02 
-1.089729e-03 -4.949476e-02 
-1.688693e-04 -2.816090e-02 
-2.632691e-04 -4.564009e-03 
-5.390361e-04 1.217329e-02 
2.731101e-04 4.680833e-03 
4.975601e-04 -1.351575e-02 
5.606152e-04 -4.037630e-02 
-6.847556e-01 -6.195736e-01 
-5.188417e-02 -7.233246e-01 
-3.684967e-02 -5.695684e-01 
-3.791899e-02 -3.468122e-01 
-1.226221e-02 -1.771466e-01 
-1.342017e-04 -4.260042e-02 
3.212850e-03 4.757917e-02 
2.291303e-04 7.208030e-02 
-1.182140e-03 8.523892e-02 
-2.474966e-03 8.126181e-02 
-2.424149e-03 4.879999e-02 
2.005540e-03 -2.146741e-02 
2.313347e-03 -8.233883e-02 
1.852096e-03 -1.281092e-01 
-3.701092e-01 6.492334e-01 
2.617430e-02 5.597453e-01 
3.300717e-02 3.425964e-01 
-5.319292e-03 6.000187e-02 
-1.409885e-02 -1.127216e-01 
-1.265840e-02 -1.967851e-01 
-3.635637e-03 -1.802279e-01 
1.241909e-03 -6.941767e-02 
5.960535e-04 1.180516e-02 
-5.737933e-04 5.918086e-02 
-1.415866e-03 5.982968e-02 
-1.747335e-04 1.011311e-02 
2.476663e-04 -1.001782e-02 
1.034562e-04 -6.368643e-03 
2.362567e-02 -9.453373e-02 
-3.371631e-03 -1.955145e-01 
-1.843723e-02 -2.433532e-01 
-2.133940e-02 -2.039232e-01 
-7.549086e-03 -1.156264e-01 
-3.861518e-04 -2.337182e-02 
9.347929e-04 3.360393e-02 
-2.664066e-04 2.909387e-02 
-6.652237e-04 3.029429e-02 
-1.114849e-03 2.918927e-02 
-8.287057e-04 1.534051e-02 
1.112304e-03 -1.841144e-02 
1.064100e-03 -3.912237e-02 
6.989595e-04 -4.527028e-02 
-8.018600e-01 -6.914899e-01 
-1.033330e-01 -8.704305e-01 
-5.872286e-02 -7.201040e-01 
-4.365877e-02 -4.324516e-01 
-1.314777e-02 -2.064829e-01 
-4.246077e-04 -3.490488e-02 
1.569260e-03 6.413225e-02 
-6.513264e-04 5.988631e-02 
-1.278360e-03 5.231345e-02 
-1.770692e-03 3.903460e-02 
-1.158026e-03 1.320107e-02 
1.855718e-03 -2.928775e-02 
1.760814e-03 -6.138608e-02 
1.241748e-03 -7.875709e-02 
-4.118284e-01 7.564508e-01 
3.519515e-02 5.644187e-01 
2.435558e-02 2.868928e-01 
-5.721483e-03 2.158635e-02 
-1.040946e-02 -1.175357e-01 
-7.276568e-03 -1.690998e-01 
3.886716e-04 -1.301943e-01 
1.337823e-03 -2.347769e-02 
-1.785157e-04 4.583564e-02 
-1.502687e-03 8.003604e-02 
-1.936803e-03 6.803022e-02 
1.914943e-04 7.821264e-03 
7.666821e-04 -2.562822e-02 
6.369353e-04 -3.686066e-02 
3.067393e-02 -1.071632e-01 
-1.893518e-02 -2.545374e-01 
-2.862187e-02 -3.056360e-01 
-1.923577e-02 -2.239232e-01 
-4.945649e-03 -1.078058e-01 
1.431329e-03 -5.400155e-04 
1.462373e-03 5.610265e-02 
-3.215493e-04 3.195242e-02 
-4.895524e-04 2.035263e-02 
-5.764021e-04 1.326229e-02 
-2.671918e-04 3.401440e-03 
6.728768e-04 -1.324323e-02 
5.756440e-04 -2.136055e-02 
3.204170e-04 -1.924957e-02 
-9.168516e-01 -8.077191e-01 
-1.629343e-01 -1.058501e+00 
-8.669259e-02 -8.921423e-01 
-4.259895e-02 -5.017169e-01 
-8.995061e-03 -1.973537e-01 
2.630301e-03 2.161003e-02 
1.386272e-03 1.307341e-01 
-1.671532e-03 8.949284e-02 
-1.759985e-03 5.286188e-02 
-1.645982e-03 2.143795e-02 
-4.860356e-04 -8.357969e-03 
2.270910e-03 -3.913051e-02 
2.022915e-03 -6.730218e-02 
1.527457e-03 -8.858152e-02 
-5.250359e-01 8.922244e-01 
4.626641e-02 5.966183e-01 
2.468873e-02 2.833401e-01 
6.293265e-04 5.136049e-02 
-4.349714e-03 -6.518792e-02 
-2.639268e-03 -1.111714e-01 
2.243582e-03 -8.852885e-02 
1.338701e-03 -1.955618e-02 
-6.047226e-06 2.780391e-02 
-9.400021e-04 5.431662e-02 
-1.462564e-03 5.354726e-02 
-6.585579e-04 2.236617e-02 
-4.190507e-05 2.977583e-03 
1.101256e-04 -5.841049e-03 
3.436368e-02 -1.206288e-01 
-3.860165e-02 -3.325249e-01 
-3.685395e-02 -3.783151e-01 
-1.292801e-02 -2.179512e-01 
3.541644e-04 -4.794403e-02 
3.931191e-03 8.107448e-02 
3.836828e-04 1.162192e-01 
-9.092848e-04 3.354743e-02 
-1.247831e-04 -9.161448e-03 
3.666355e-04 -2.489023e-02 
4.248420e-04 -1.682737e-02 
1.503165e-04 5.588413e-04 
1.948042e-04 -3.674249e-03 
3.735041e-04 -2.051375e-02 
-9.729774e-01 -9.538107e-01 
-2.209115e-01 -1.249356e+00 
-1.046527e-01 -1.025550e+00 
-2.814599e-02 -4.799345e-01 
1.125975e-03 -8.195548e-02 
7.044973e-03 1.731095e-01 
-3.857324e-04 2.477326e-01 
-2.829206e-03 9.963565e-02 
-1.028951e-03 -3.829937e-04 
4.940014e-04 -5.746834e-02 
1.692320e-03 -6.946637e-02 
1.658312e-03 -3.929840e-02 
9.132958e-04 -2.981810e-02 
6.546885e-04 -3.390249e-02 
-5.767291e-01 1.072110e+00 
6.460095e-02 6.131344e-01 
2.149252e-02 2.298957e-01 
4.109566e-04 2.090378e-02 
-2.284788e-03 -7.623724e-02 
2.977266e-04 -1.030329e-01 
4.250288e-03 -5.805760e-02 
6.265581e-04 2.305152e-02 
-1.234368e-03 6.623813e-02 
-2.142958e-03 8.106698e-02 
-2.062924e-03 6.406631e-02 
-2.145236e-04 1.619480e-02 
5.807523e-04 -1.554165e-02 
7.600488e-04 -3.506845e-02 
