poroelastic
6.631665e-03 -4.357154e-02 
3.234061e-03 -5.399518e-02 
-8.319948e-04 -4.202250e-02 
-7.184599e-03 -3.520293e-02 
-3.098781e-03 -1.424807e-02 
-1.409043e-03 6.157655e-03 
-2.886876e-03 -6.819073e-03 
-1.620947e-03 -4.233196e-02 
-1.063975e-04 -3.147464e-02 
1.499460e-04 -3.537821e-03 
-8.143396e-04 2.416682e-02 
-4.385959e-04 2.002364e-02 
3.102623e-04 -2.548324e-03 
7.581786e-04 -3.419316e-02 
-9.757172e-02 -2.944317e-01 
-3.538152e-02 -3.291962e-01 
-3.214914e-02 -1.667031e-01 
1.826042e-02 3.284021e-02 
2.150216e-02 1.251841e-01 
1.786535e-02 1.500584e-01 
1.002121e-02 1.094512e-01 
2.135288e-03 2.729858e-02 
1.007150e-03 -3.527109e-04 
1.255654e-03 -5.519385e-03 
1.159836e-03 -1.444346e-03 
-6.993343e-04 2.540920e-03 
-1.000398e-03 2.114547e-02 
-1.413822e-03 6.085919e-02 
-5.044266e-02 1.663793e-01 
1.786433e-02 1.659559e-01 
1.888750e-02 1.251206e-01 
-5.084053e-03 3.011285e-02 
-1.147924e-02 -5.868225e-02 
-1.228308e-02 -1.138777e-01 
-6.843479e-03 -1.145391e-01 
-3.686747e-04 -4.684679e-02 
6.396408e-05 1.557078e-02 
-1.351123e-03 5.398434e-02 
-2.402575e-03 4.847644e-02 
1.055054e-03 -1.135771e-02 
1.534225e-03 -4.117347e-02 
1.066317e-03 -4.265103e-02 
-9.518448e-03 -1.282474e-01 
-2.181566e-02 -1.732804e-01 
-1.782353e-02 -1.124592e-01 
1.181306e-02 8.888251e-03 
1.537298e-02 9.664825e-02 
1.382598e-02 1.406202e-01 
6.130161e-03 1.088217e-01 
3.429924e-04 1.378897e-02 
3.937630e-04 -2.248629e-02 
1.168635e-03 -2.774772e-02 
1.150985e-03 -1.353612e-02 
-6.693586e-04 3.481540e-03 
-9.258554e-04 2.063328e-02 
-1.129850e-03 4.688222e-02 
-3.030164e-01 -3.959180e-01 
-6.513181e-02 -5.106099e-01 
-4.324485e-02 -3.575419e-01 
-2.671839e-03 -9.161096e-02 
1.160269e-02 6.648079e-02 
1.281873e-02 1.461241e-01 
4.777512e-03 1.328420e-01 
-9.003956e-04 2.602569e-02 
-4.745832e-04 -2.594183e-02 
6.627332e-04 -4.673488e-02 
1.670686e-03 -4.362708e-02 
3.228367e-04 -2.066204e-02 
-6.346635e-04 9.675534e-03 
-1.329857e-03 5.355263e-02 
-1.934290e-01 2.821772e-01 
1.450579e-02 2.054888e-01 
1.407793e-02 1.195464e-01 
3.910131e-03 4.106687e-02 
-1.902090e-03 -1.742778e-02 
-2.373068e-03 -4.801094e-02 
8.207434e-04 -4.348714e-02 
1.212318e-03 -3.562175e-03 
1.726601e-04 3.355456e-02 
-1.106356e-03 5.430824e-02 
-1.835098e-03 4.487614e-02 
3.989541e-04 -6.296875e-04 
9.700392e-04 -2.538609e-02 
7.119644e-04 -2.709184e-02 
-5.737392e-03 -1.341598e-01 
-2.518501e-02 -2.160722e-01 
-1.964487e-02 -1.704605e-01 
9.064974e-03 -1.358537e-02 
1.483975e-02 1.074251e-01 
1.318200e-02 1.750962e-01 
3.328192e-03 1.426042e-01 
-1.132377e-03 9.630340e-03 
1.809637e-04 -5.401838e-02 
1.928389e-03 -7.378355e-02 
2.543307e-03 -5.412289e-02 
-5.669545e-04 -6.680428e-03 
-1.501748e-03 3.312148e-02 
-1.921614e-03 7.549715e-02 
-4.415769e-01 -5.465544e-01 
-1.150063e-01 -7.281097e-01 
-6.600336e-02 -5.500890e-01 
-5.992351e-03 -1.718631e-01 
1.480781e-02 7.387454e-02 
1.709203e-02 2.090009e-01 
6.190367e-03 2.118751e-01 
-1.396866e-03 6.680295e-02 
-7.160119e-04 -1.992283e-02 
9.042592e-04 -6.346116e-02 
2.219681e-03 -6.396391e-02 
5.118744e-04 -2.260215e-02 
-5.807715e-04 1.012758e-02 
-1.154075e-03 4.362728e-02 
-3.363126e-01 4.797775e-01 
3.257090e-02 3.164284e-01 
2.407837e-02 1.799918e-01 
1.022378e-02 9.054787e-02 
1.505071e-03 2.245208e-02 
-9.383167e-04 -2.192036e-02 
4.649010e-04 -3.454863e-02 
8.929610e-04 -1.943295e-02 
4.725491e-04 2.319399e-03 
-9.049502e-05 1.993009e-02 
-7.421568e-04 2.609401e-02 
-5.561189e-04 1.344979e-02 
-9.422176e-05 2.760925e-03 
-1.304155e-05 4.660530e-04 
-6.009760e-03 -1.340564e-01 
-3.346496e-02 -2.644883e-01 
-2.072192e-02 -2.276838e-01 
1.056919e-02 -2.746169e-02 
1.693118e-02 1.348164e-01 
1.410439e-02 2.242607e-01 
2.101850e-03 1.837756e-01 
-1.486575e-03 1.393832e-02 
6.758622e-04 -7.040873e-02 
2.635324e-03 -9.264005e-02 
2.405851e-03 -5.207485e-02 
-1.468447e-03 2.303478e-02 
-1.631218e-03 4.412286e-02 
-8.741742e-04 3.217139e-02 
-5.559894e-01 -6.984235e-01 
-1.711730e-01 -9.249096e-01 
-8.051445e-02 -6.972663e-01 
1.878241e-04 -1.825331e-01 
2.125624e-02 1.584639e-01 
1.938324e-02 3.345016e-01 
1.902610e-03 3.042874e-01 
-3.207143e-03 4.740061e-02 
5.931339e-04 -1.056542e-01 
4.400192e-03 -1.705384e-01 
5.775493e-03 -1.374717e-01 
-7.056815e-04 -9.761273e-03 
-2.887236e-03 6.761047e-02 
-3.154399e-03 1.089570e-01 
-3.947505e-01 6.832841e-01 
5.204600e-02 3.482832e-01 
2.286294e-02 1.285851e-01 
8.325092e-03 4.771231e-02 
2.480083e-03 -2.826476e-03 
2.630494e-03 -2.018027e-02 
4.446138e-03 2.509996e-03 
5.392655e-04 4.060801e-02 
-1.064113e-03 5.787211e-02 
-1.685121e-03 5.411344e-02 
-1.272317e-03 2.896599e-02 
4.715458e-04 -6.707278e-03 
8.173781e-04 -2.090127e-02 
4.178794e-04 -1.318146e-02 
