poroelastic
1.403346e-02 4.144761e-02 
1.806168e-02 3.744870e-02 
7.519788e-03 -3.407989e-02 
-2.214957e-02 -1.360516e-01 
-1.325971e-02 -1.360424e-01 
-6.865191e-03 -9.567446e-02 
-2.715033e-03 -5.225652e-02 
1.157232e-04 -3.455109e-02 
2.800528e-04 -1.506028e-02 
-6.560413e-05 8.049327e-04 
-3.385828e-04 7.664237e-03 
1.556607e-04 -1.033373e-03 
1.981730e-04 -4.635054e-03 
1.691365e-04 -7.026093e-03 
-8.162473e-01 -6.476536e-01 
-3.611288e-02 -6.954636e-01 
-2.338865e-02 -5.766467e-01 
-5.247368e-02 -4.388642e-01 
-2.262247e-02 -2.936587e-01 
-7.340229e-03 -1.504774e-01 
-8.547797e-04 -2.100072e-02 
-1.265852e-03 5.541019e-02 
-3.014689e-03 9.331951e-02 
-4.754921e-03 9.889254e-02 
-3.840102e-03 6.047691e-02 
3.888967e-03 -3.144557e-02 
4.733353e-03 -1.111654e-01 
4.381830e-03 -1.799774e-01 
-5.203698e-01 7.808726e-01 
1.455929e-02 6.647422e-01 
3.177031e-02 3.983931e-01 
-1.349887e-03 7.631551e-02 
-9.582509e-03 -9.487499e-02 
-7.211348e-03 -1.701084e-01 
1.205330e-03 -1.536318e-01 
2.759485e-03 -6.189986e-02 
9.682795e-04 6.667030e-03 
-6.333136e-04 5.036521e-02 
-1.968222e-03 5.972173e-02 
-1.557680e-03 2.919096e-02 
-7.184127e-04 1.758572e-02 
-5.427197e-04 2.088505e-02 
2.752957e-02 -2.548298e-02 
5.076592e-03 -1.139306e-01 
-1.198249e-02 -1.995831e-01 
-2.472136e-02 -2.247435e-01 
-1.060007e-02 -1.618764e-01 
-2.911318e-03 -7.479713e-02 
-2.754771e-04 -1.311786e-03 
-5.865646e-04 2.092367e-02 
-1.209795e-03 3.356396e-02 
-1.792494e-03 3.497471e-02 
-1.040220e-03 1.625314e-02 
1.838136e-03 -2.430664e-02 
1.730430e-03 -4.348297e-02 
1.191766e-03 -4.731711e-02 
-8.896995e-01 -7.074088e-01 
-8.948141e-02 -8.375161e-01 
-4.979667e-02 -7.199322e-01 
-5.171763e-02 -5.112699e-01 
-1.905772e-02 -3.101673e-01 
-4.430281e-03 -1.322170e-01 
1.589245e-04 4.928176e-03 
-1.297229e-03 5.670334e-02 
-2.702207e-03 7.787953e-02 
-3.802379e-03 7.506003e-02 
-2.584578e-03 3.976552e-02 
3.343517e-03 -3.160710e-02 
3.757866e-03 -8.673214e-02 
3.240036e-03 -1.276657e-01 
-5.322117e-01 8.559339e-01 
2.771733e-02 6.444297e-01 
2.553931e-02 3.392599e-01 
-1.643278e-03 5.259078e-02 
-6.539202e-03 -8.495180e-02 
-3.895910e-03 -1.364715e-01 
2.208825e-03 -1.115499e-01 
2.043055e-03 -3.589034e-02 
3.268875e-04 1.559039e-02 
-9.523862e-04 4.571838e-02 
-1.704829e-03 4.688884e-02 
-9.634528e-04 1.704541e-02 
-4.460607e-04 9.763986e-03 
-4.696265e-04 1.753346e-02 
3.600058e-02 -5.273202e-02 
-1.194061e-02 -1.958110e-01 
-2.442745e-02 -2.791342e-01 
-2.127538e-02 -2.489214e-01 
-6.991493e-03 -1.543121e-01 
-3.210512e-04 -5.220482e-02 
9.784520e-04 2.123955e-02 
-4.908423e-04 2.887460e-02 
-9.949403e-04 3.106696e-02 
-1.261884e-03 2.740152e-02 
-6.443549e-04 1.163515e-02 
1.134254e-03 -1.602813e-02 
1.036209e-03 -2.628905e-02 
6.198341e-04 -2.367423e-02 
-9.787906e-01 -7.997725e-01 
-1.457814e-01 -1.003821e+00 
-7.778565e-02 -8.713490e-01 
-4.672891e-02 -5.610180e-01 
-1.334856e-02 -2.893395e-01 
-1.265550e-03 -7.315507e-02 
-4.124150e-04 6.606059e-02 
-2.455261e-03 7.931698e-02 
-3.065814e-03 7.279493e-02 
-3.346112e-03 5.374161e-02 
-1.475513e-03 1.516935e-02 
3.849393e-03 -4.470047e-02 
3.878210e-03 -8.925029e-02 
3.228312e-03 -1.210346e-01 
-6.084940e-01 9.205899e-01 
3.691429e-02 6.159125e-01 
2.544264e-02 2.993829e-01 
5.064672e-03 8.029980e-02 
-3.012242e-04 -1.792632e-02 
3.429278e-04 -5.672073e-02 
3.090408e-03 -5.013815e-02 
1.715911e-03 -2.203204e-02 
7.067687e-04 7.198106e-04 
6.179019e-05 1.795636e-02 
-8.306308e-04 2.543949e-02 
-1.672059e-03 2.169526e-02 
-1.475799e-03 3.246053e-02 
-1.483874e-03 5.262958e-02 
4.349198e-02 -8.936711e-02 
-3.453241e-02 -3.044016e-01 
-3.560466e-02 -3.780956e-01 
-1.514479e-02 -2.553373e-01 
-2.093797e-03 -1.029561e-01 
1.778021e-03 2.354918e-02 
-1.927504e-04 8.055706e-02 
-1.192443e-03 3.688204e-02 
-6.107898e-04 1.034320e-02 
-1.505546e-04 -4.548254e-03 
3.832714e-04 -1.122371e-02 
7.960894e-04 -1.232651e-02 
5.624071e-04 -1.322201e-02 
4.251279e-04 -1.540503e-02 
-1.002295e+00 -9.144476e-01 
-2.000866e-01 -1.175265e+00 
-9.572986e-02 -9.934959e-01 
-3.004065e-02 -5.317234e-01 
-3.083882e-03 -1.728277e-01 
2.790878e-03 7.540550e-02 
-2.113476e-03 1.830786e-01 
-3.862068e-03 1.027797e-01 
-2.444969e-03 3.815808e-02 
-1.058374e-03 -9.264309e-03 
1.125791e-03 -4.119111e-02 
3.639884e-03 -5.552733e-02 
2.736380e-03 -6.356716e-02 
1.930759e-03 -6.744245e-02 
-6.272518e-01 1.040882e+00 
5.484984e-02 6.023233e-01 
2.412126e-02 2.410284e-01 
4.246471e-03 5.655582e-02 
7.713681e-04 -1.963266e-02 
1.707612e-03 -4.377327e-02 
3.552056e-03 -2.620237e-02 
1.032639e-03 3.901907e-03 
-1.279467e-04 2.099088e-02 
-6.688320e-04 2.991278e-02 
-1.178383e-03 2.895468e-02 
-1.312950e-03 1.851800e-02 
-1.023030e-03 2.151449e-02 
-9.964732e-04 3.190484e-02 
