poroelastic
3.535840e-02 2.514148e-02 
3.762532e-02 -1.606107e-02 
9.511513e-03 -1.192312e-01 
-4.754174e-02 -2.093082e-01 
-2.774210e-02 -2.061940e-01 
-1.277120e-02 -1.502404e-01 
-2.044710e-03 -5.810521e-02 
-9.177442e-04 1.929249e-02 
-3.776865e-03 4.788899e-02 
-6.340427e-03 4.846996e-02 
-5.240492e-03 2.713893e-02 
3.672105e-03 -7.904538e-03 
5.717966e-03 -4.583250e-02 
6.885201e-03 -8.903715e-02 
-3.103339e-01 -9.699123e-02 
1.086240e-02 -1.349404e-01 
3.606824e-03 -2.044943e-01 
-5.737722e-02 -2.726810e-01 
-3.218939e-02 -2.538980e-01 
-1.399770e-02 -1.860531e-01 
-4.942583e-04 -8.346244e-02 
9.498425e-04 1.316744e-02 
-3.302549e-03 6.219318e-02 
-7.902292e-03 8.173223e-02 
-1.007648e-02 7.181402e-02 
9.389938e-04 2.374646e-02 
6.967866e-03 -5.170172e-02 
1.174897e-02 -1.511398e-01 
-4.544842e-02 2.561708e-01 
2.469015e-02 1.781271e-01 
1.260588e-02 4.191385e-02 
-2.070339e-02 -8.786409e-02 
-1.428425e-02 -1.144436e-01 
-6.543993e-03 -9.254168e-02 
1.716715e-04 -4.562511e-02 
1.356630e-03 -8.803562e-03 
1.891559e-04 8.637610e-03 
-1.075292e-03 1.915675e-02 
-2.942537e-03 2.869812e-02 
-2.635619e-03 3.150114e-02 
3.382393e-04 4.111483e-03 
4.147655e-03 -5.245784e-02 
5.372765e-02 7.559098e-03 
2.862769e-02 -6.485022e-02 
-7.496659e-03 -1.938673e-01 
-5.794791e-02 -2.951360e-01 
-3.146785e-02 -2.869622e-01 
-1.160909e-02 -2.120288e-01 
3.730939e-03 -8.532447e-02 
1.850298e-03 3.592811e-02 
-4.356803e-03 9.035314e-02 
-9.083418e-03 9.994548e-02 
-9.117517e-03 6.851717e-02 
2.261603e-03 6.211597e-03 
6.505698e-03 -5.355013e-02 
9.353879e-03 -1.199584e-01 
-2.827867e-01 -5.449551e-02 
-4.182731e-03 -9.164712e-02 
-5.395208e-03 -1.757721e-01 
-5.883093e-02 -2.810801e-01 
-3.355525e-02 -2.876549e-01 
-1.462232e-02 -2.305155e-01 
1.259285e-03 -1.146115e-01 
1.660037e-03 2.194642e-02 
-4.881567e-03 9.437870e-02 
-1.101374e-02 1.188508e-01 
-1.221665e-02 8.942961e-02 
3.186595e-03 3.926005e-03 
9.066236e-03 -7.674420e-02 
1.240399e-02 -1.567774e-01 
1.064657e-01 2.185298e-01 
2.925527e-02 9.082411e-02 
-3.606121e-03 -6.519122e-02 
-3.494780e-02 -1.824353e-01 
-1.973681e-02 -1.914640e-01 
-7.179562e-03 -1.468586e-01 
3.104483e-03 -7.085326e-02 
2.718965e-03 -1.289202e-03 
-7.257858e-04 3.626143e-02 
-3.494911e-03 5.305713e-02 
-5.001655e-03 4.868603e-02 
-1.407626e-03 2.123808e-02 
1.510364e-03 -1.019379e-02 
3.915468e-03 -4.881876e-02 
5.539848e-02 -2.491806e-02 
5.857987e-03 -1.065909e-01 
-2.394695e-02 -2.184122e-01 
-4.919816e-02 -2.961618e-01 
-2.421608e-02 -2.788615e-01 
-5.735098e-03 -2.004830e-01 
8.276492e-03 -6.733125e-02 
2.299527e-03 6.606748e-02 
-5.984632e-03 1.269301e-01 
-1.145751e-02 1.325187e-01 
-1.015136e-02 7.920186e-02 
3.994139e-03 -1.323108e-02 
7.660036e-03 -7.032120e-02 
8.363038e-03 -1.051055e-01 
-3.379011e-01 -3.777686e-02 
-2.938468e-02 -1.167238e-01 
-2.777290e-02 -2.218244e-01 
-6.774475e-02 -3.331614e-01 
-3.687760e-02 -3.397356e-01 
-1.639045e-02 -2.772484e-01 
2.263715e-04 -1.486322e-01 
1.424366e-03 8.796975e-03 
-5.497825e-03 9.825518e-02 
-1.212769e-02 1.302820e-01 
-1.252694e-02 9.197152e-02 
4.767121e-03 -1.564004e-02 
1.025784e-02 -9.368997e-02 
1.201977e-02 -1.483121e-01 
1.188432e-01 1.092181e-01 
2.036155e-03 -4.893648e-02 
-2.261222e-02 -1.709152e-01 
-2.146427e-02 -2.019180e-01 
-6.305181e-03 -1.494841e-01 
4.141635e-03 -6.684532e-02 
9.802650e-03 1.721585e-02 
2.238683e-03 6.037989e-02 
-2.650367e-03 7.502815e-02 
-4.815151e-03 7.094738e-02 
-4.667817e-03 4.621122e-02 
-1.634779e-04 6.379259e-03 
1.685584e-03 -1.544223e-02 
2.103481e-03 -2.553109e-02 
6.757191e-02 -8.280819e-02 
-2.238939e-02 -1.848588e-01 
-4.458060e-02 -2.772517e-01 
-4.609584e-02 -2.985792e-01 
-2.091403e-02 -2.540681e-01 
-6.051448e-03 -1.690918e-01 
3.016529e-03 -4.960378e-02 
-4.973057e-04 5.257267e-02 
-5.761800e-03 9.190062e-02 
-8.518687e-03 8.250050e-02 
-4.405048e-03 2.194675e-02 
7.038332e-03 -5.386454e-02 
6.433263e-03 -6.516947e-02 
3.234230e-03 -3.946156e-02 
-3.032551e-01 -8.392560e-02 
-6.185826e-02 -2.034029e-01 
-5.176733e-02 -2.913542e-01 
-4.551659e-02 -3.268354e-01 
-1.952700e-02 -2.852412e-01 
-3.578847e-03 -1.943953e-01 
6.855418e-03 -5.703857e-02 
1.149650e-03 8.188841e-02 
-7.942215e-03 1.500775e-01 
-1.403388e-02 1.542115e-01 
-1.160104e-02 7.979364e-02 
7.890098e-03 -5.306756e-02 
1.116206e-02 -1.081040e-01 
8.318651e-03 -9.840837e-02 
2.378978e-01 4.573598e-02 
-1.646700e-02 -1.094079e-01 
-3.767624e-02 -2.120321e-01 
-2.441067e-02 -2.127489e-01 
-8.675903e-03 -1.568417e-01 
-1.140592e-04 -8.510201e-02 
4.587146e-03 -1.362789e-02 
1.357477e-03 2.813409e-02 
-2.356684e-03 5.296594e-02 
-5.164766e-03 6.364114e-02 
-5.722072e-03 4.916446e-02 
3.716274e-04 4.015437e-03 
3.384199e-03 -3.023534e-02 
4.354277e-03 -4.880550e-02 
