poroelastic
-1.660824e-03 3.025005e-02 
6.399457e-05 4.041949e-02 
2.118065e-03 4.027266e-02 
1.663511e-03 4.047032e-02 
3.964666e-04 2.461792e-02 
-7.189729e-04 6.531732e-03 
-1.221286e-03 8.747374e-03 
-4.526734e-04 3.365048e-02 
-5.612408e-04 2.972054e-02 
-9.851313e-04 1.359713e-02 
-7.225254e-04 -1.179429e-02 
6.789658e-04 -3.786123e-02 
3.239014e-04 -5.758068e-02 
-6.649024e-05 -7.801997e-02 
5.359970e-01 6.699024e-01 
1.719529e-02 6.713416e-01 
1.691874e-02 4.729271e-01 
9.347051e-03 2.058962e-01 
-7.116459e-04 2.751201e-02 
-4.336881e-03 -7.286187e-02 
-3.760287e-03 -9.127852e-02 
-9.875918e-04 -4.098311e-02 
-2.491574e-04 -9.080808e-03 
-1.794241e-04 6.370012e-03 
-2.102441e-04 3.999063e-03 
1.377267e-04 -6.723550e-03 
7.796930e-05 -1.146535e-02 
-1.515289e-05 -2.723621e-02 
5.012046e-01 -5.451117e-01 
2.274663e-02 -4.732593e-01 
-9.117916e-03 -3.172793e-01 
-8.334179e-03 -1.547462e-01 
-2.009502e-03 -4.895035e-02 
5.460947e-04 2.357393e-02 
3.410115e-04 5.437420e-02 
-2.696415e-04 2.902959e-02 
-3.774131e-04 8.496776e-03 
-4.750196e-04 -8.876767e-03 
-3.091314e-04 -1.892516e-02 
2.363890e-04 -1.670952e-02 
1.534301e-04 -2.386112e-02 
6.485050e-05 -4.982491e-02 
-8.218620e-04 1.176573e-01 
7.262928e-03 1.882874e-01 
8.952271e-03 1.474010e-01 
-2.593517e-03 1.685763e-02 
-5.063695e-03 -7.847724e-02 
-5.414075e-03 -1.362362e-01 
-2.940468e-03 -1.234915e-01 
-2.606192e-04 -3.316957e-02 
1.226048e-04 1.838190e-02 
-6.672311e-05 4.307595e-02 
-3.758222e-04 4.650294e-02 
1.442052e-04 2.292874e-02 
2.273927e-04 -2.286011e-02 
7.872436e-05 -8.633230e-02 
6.137530e-01 7.310244e-01 
4.403073e-02 8.066644e-01 
2.241914e-02 5.909143e-01 
8.860392e-03 2.377515e-01 
-1.148360e-03 1.358530e-02 
-4.511228e-03 -1.181628e-01 
-2.977549e-03 -1.370948e-01 
-1.503599e-04 -3.253416e-02 
2.320973e-04 2.313626e-02 
3.026727e-05 4.744615e-02 
-3.138175e-04 4.397724e-02 
1.271372e-04 1.186858e-02 
1.678875e-04 -2.370608e-02 
5.127938e-05 -5.827676e-02 
5.216640e-01 -5.955086e-01 
1.084349e-02 -4.532568e-01 
-1.006832e-02 -2.519936e-01 
-6.138158e-03 -1.053479e-01 
-1.717119e-03 -1.658747e-02 
-7.039209e-04 3.776055e-02 
-1.770680e-03 5.396548e-02 
-9.292226e-04 2.983423e-02 
-6.950485e-04 7.042392e-03 
-7.720531e-04 -1.092984e-02 
-5.756384e-04 -2.712446e-02 
4.899895e-04 -4.535869e-02 
4.302300e-04 -8.151079e-02 
3.406055e-04 -1.341422e-01 
-5.646306e-03 1.216401e-01 
9.238562e-03 2.323226e-01 
7.900558e-03 2.058780e-01 
-1.222654e-03 5.112691e-02 
-3.863316e-03 -6.450805e-02 
-4.134339e-03 -1.212015e-01 
-2.263885e-03 -9.967708e-02 
-3.001162e-04 -1.472016e-02 
-1.276055e-04 4.169530e-02 
-4.603438e-04 7.079408e-02 
-6.758263e-04 6.030657e-02 
3.310905e-04 4.895133e-03 
4.243730e-04 -6.743734e-02 
3.568896e-04 -1.660797e-01 
6.652842e-01 8.247567e-01 
6.986952e-02 9.441818e-01 
2.872659e-02 7.096994e-01 
6.244732e-03 2.671273e-01 
-3.124800e-03 -2.876961e-02 
-5.527537e-03 -1.944867e-01 
-2.966645e-03 -2.116258e-01 
-1.329085e-04 -8.187722e-02 
2.668831e-04 8.558903e-03 
1.360210e-04 5.866351e-02 
-2.053559e-04 6.423073e-02 
-6.546102e-05 2.792813e-02 
6.647130e-05 -4.614259e-03 
1.077525e-04 -4.614906e-02 
7.171905e-01 -6.400080e-01 
4.799074e-03 -5.138735e-01 
-2.288457e-02 -3.518030e-01 
-1.166407e-02 -2.549188e-01 
-5.281856e-03 -1.736223e-01 
-2.551449e-03 -1.050527e-01 
-1.055500e-03 -4.361006e-02 
-1.766720e-04 1.145525e-02 
-1.828745e-04 3.482149e-02 
-2.839014e-04 3.464766e-02 
-2.650693e-04 1.660089e-02 
1.338251e-04 -1.876543e-02 
2.871415e-04 -5.834713e-02 
3.920783e-04 -9.615152e-02 
-5.646190e-03 7.987368e-02 
1.085482e-02 2.256544e-01 
4.562780e-03 2.035258e-01 
-1.874871e-03 2.940170e-02 
-3.308765e-03 -9.021347e-02 
-3.062211e-03 -1.572254e-01 
-9.298886e-04 -1.340804e-01 
1.065134e-04 -1.576308e-02 
-1.379650e-05 4.716017e-02 
-2.506087e-04 7.144454e-02 
-3.657444e-04 5.540663e-02 
8.547534e-05 9.530629e-04 
2.370115e-04 -4.403006e-02 
2.716766e-04 -7.314758e-02 
7.233094e-01 8.584522e-01 
9.877533e-02 1.026032e+00 
3.278419e-02 7.925403e-01 
4.646277e-03 3.007071e-01 
-2.333154e-03 -2.445724e-02 
-3.772372e-03 -2.005318e-01 
-1.619145e-03 -2.020702e-01 
3.668796e-05 -3.313760e-02 
-6.910127e-05 6.792153e-02 
-4.821721e-04 1.119007e-01 
-7.257890e-04 8.494188e-02 
2.080609e-04 -1.073793e-02 
4.828406e-04 -7.967978e-02 
5.693908e-04 -1.317249e-01 
7.603745e-01 -8.007317e-01 
-2.124100e-02 -5.484758e-01 
-2.933745e-02 -3.093042e-01 
-6.831984e-03 -1.924911e-01 
-2.723720e-03 -1.189196e-01 
-1.612678e-03 -5.593836e-02 
-1.373690e-03 -9.588072e-03 
-3.447017e-04 3.929913e-03 
-2.512159e-04 1.334994e-02 
-2.854342e-04 1.472880e-02 
-1.292603e-04 -1.824257e-03 
2.490898e-04 -3.863636e-02 
5.347568e-04 -8.025185e-02 
8.733112e-04 -1.376128e-01 
