poroelastic
-3.970107e-04 9.486415e-02 
7.825299e-03 1.820201e-01 
1.660105e-02 2.141333e-01 
5.844111e-03 1.699349e-01 
5.191835e-04 1.099851e-01 
-5.652247e-03 2.625510e-02 
-1.138212e-02 -5.836181e-02 
-6.889249e-03 -1.222077e-01 
-3.581067e-03 -1.712278e-01 
-1.243529e-03 -1.752304e-01 
7.310255e-04 -1.150475e-01 
1.884564e-05 -3.243622e-02 
-2.580383e-04 1.710511e-02 
5.091499e-06 3.688403e-02 
-1.122317e+00 -2.849759e-01 
-3.152611e-02 -3.201806e-01 
1.652789e-02 -5.128342e-01 
-8.264501e-02 -8.952146e-01 
-6.574820e-02 -1.036344e+00 
-4.362269e-02 -9.687366e-01 
-1.072986e-02 -6.019817e-01 
6.545434e-03 1.024701e-02 
5.675328e-03 3.763278e-01 
1.535512e-05 5.893144e-01 
-7.811955e-03 6.352893e-01 
3.554895e-03 3.316444e-01 
5.255951e-03 -2.551079e-01 
6.037890e-05 -1.013068e+00 
-8.742942e-01 1.034529e+00 
-5.666418e-03 1.097983e+00 
4.027015e-02 7.275486e-01 
5.886525e-03 1.346418e-01 
-1.126320e-02 -2.257596e-01 
-1.204561e-02 -4.077454e-01 
1.243787e-03 -3.651642e-01 
5.659650e-03 -1.046290e-01 
4.833615e-03 8.218417e-02 
3.804909e-03 2.203839e-01 
5.976328e-05 2.973108e-01 
-2.571287e-03 2.499831e-01 
-3.879584e-04 1.143289e-01 
1.425423e-04 -6.858340e-02 
3.403302e-02 5.665815e-02 
1.279030e-02 3.454324e-03 
-7.328264e-04 -1.174037e-01 
-2.514019e-02 -2.422009e-01 
-1.906255e-02 -2.860231e-01 
-1.321370e-02 -2.651015e-01 
-5.841850e-03 -1.592161e-01 
-8.037450e-04 -2.590974e-02 
-2.794925e-04 4.920361e-02 
-1.171497e-03 1.036988e-01 
-1.903936e-03 1.079306e-01 
1.266007e-03 1.296506e-02 
1.264888e-03 -9.647197e-02 
4.616269e-04 -2.397854e-01 
-9.345364e-01 -4.215732e-01 
-7.380183e-02 -4.313680e-01 
-1.844833e-02 -5.119727e-01 
-6.258849e-02 -7.423914e-01 
-4.440896e-02 -8.013371e-01 
-2.689450e-02 -7.368077e-01 
-3.607388e-03 -4.567604e-01 
4.776842e-03 2.284239e-02 
3.322331e-03 2.898821e-01 
-1.338063e-04 4.514305e-01 
-4.960064e-03 5.114166e-01 
1.100955e-03 2.962535e-01 
3.142429e-03 -1.620273e-01 
1.268162e-03 -7.794606e-01 
-9.313382e-01 1.412322e+00 
4.308597e-02 1.480623e+00 
5.645826e-02 9.677833e-01 
-7.150551e-03 1.385783e-01 
-2.306242e-02 -3.601741e-01 
-2.164280e-02 -6.222301e-01 
-4.948467e-03 -5.571281e-01 
2.061779e-03 -1.614364e-01 
1.850135e-03 8.450745e-02 
7.552495e-04 2.593790e-01 
-1.685031e-03 3.536140e-01 
-1.107397e-03 2.507520e-01 
4.907481e-04 2.026380e-02 
9.915945e-04 -3.232423e-01 
7.868445e-02 5.158063e-02 
-3.239073e-04 -9.291675e-02 
-2.469990e-02 -3.252613e-01 
-4.357886e-02 -5.216806e-01 
-2.905315e-02 -5.728138e-01 
-1.570484e-02 -5.068406e-01 
-9.553575e-04 -2.923892e-01 
1.480173e-03 -1.241661e-02 
9.204608e-04 1.566456e-01 
-2.625993e-04 2.606187e-01 
-1.643347e-03 2.617766e-01 
1.554864e-04 1.028856e-01 
8.195137e-04 -8.678887e-02 
8.346790e-04 -3.252267e-01 
-8.905960e-01 -5.714083e-01 
-1.009389e-01 -5.749688e-01 
-4.313369e-02 -5.801958e-01 
-5.265985e-02 -6.832808e-01 
-3.183456e-02 -6.802248e-01 
-1.545369e-02 -6.009266e-01 
2.392864e-03 -3.588482e-01 
2.785001e-03 2.562502e-02 
1.399362e-03 2.378915e-01 
-1.712406e-04 3.809479e-01 
-2.445896e-03 4.544329e-01 
-3.657958e-04 2.918718e-01 
1.213108e-03 -8.649499e-02 
1.504499e-03 -6.315038e-01 
-8.627918e-01 1.649639e+00 
8.151524e-02 1.637969e+00 
4.835292e-02 1.016432e+00 
-2.190105e-02 8.528988e-02 
-3.062454e-02 -4.581488e-01 
-2.544308e-02 -7.512378e-01 
-6.130367e-03 -6.782257e-01 
8.329548e-04 -2.220520e-01 
1.677254e-04 3.490421e-02 
-4.738737e-04 2.240809e-01 
-1.260102e-03 3.597886e-01 
-1.073105e-03 2.744378e-01 
-5.578526e-06 3.746282e-03 
1.723970e-03 -4.477770e-01 
6.641533e-02 7.743092e-02 
-1.361013e-02 -9.874935e-02 
-2.904641e-02 -2.785137e-01 
-2.632833e-02 -3.537570e-01 
-1.412887e-02 -3.243560e-01 
-5.898850e-03 -2.476380e-01 
4.792964e-04 -1.314704e-01 
1.824560e-04 -2.743659e-02 
-4.317630e-05 4.106535e-02 
-1.715810e-04 9.888455e-02 
-2.910458e-04 1.299776e-01 
-2.870800e-04 8.428023e-02 
-3.078373e-05 -9.731622e-03 
5.154032e-04 -1.577449e-01 
-8.605113e-01 -7.832100e-01 
-1.323725e-01 -8.655798e-01 
-6.464152e-02 -7.983816e-01 
-3.783184e-02 -7.022153e-01 
-1.554006e-02 -5.823695e-01 
6.368269e-04 -4.289540e-01 
1.251704e-02 -1.922895e-01 
9.518633e-04 8.333133e-02 
-4.875591e-04 2.603974e-01 
-9.198837e-04 3.842745e-01 
-1.225426e-03 4.464763e-01 
-1.209529e-03 3.291657e-01 
-1.846672e-04 1.389567e-02 
1.632068e-03 -4.210951e-01 
-7.924096e-01 1.918781e+00 
1.144565e-01 1.767960e+00 
2.443741e-02 1.052733e+00 
-3.473879e-02 6.672566e-02 
-3.538254e-02 -5.073470e-01 
-2.742265e-02 -8.037583e-01 
-7.641842e-03 -6.998041e-01 
1.477121e-03 -1.915792e-01 
-3.754644e-04 9.102896e-02 
-7.087765e-04 2.690342e-01 
-2.903054e-04 3.510198e-01 
-2.295241e-03 1.769065e-01 
-2.072782e-04 -2.032256e-01 
4.322880e-03 -7.538549e-01 
