poroelastic
8.221482e-02 2.800087e-02 
8.760148e-02 -2.884987e-02 
2.959022e-02 -1.742856e-01 
-1.089720e-01 -3.265434e-01 
-6.960642e-02 -3.367224e-01 
-3.804420e-02 -2.606524e-01 
-1.378455e-02 -1.524863e-01 
-5.027627e-06 -5.543122e-02 
-2.314934e-03 2.075803e-02 
-1.013140e-02 6.630878e-02 
-1.475141e-02 7.056038e-02 
3.496677e-03 9.801320e-03 
1.042508e-02 -5.565930e-02 
1.388685e-02 -1.221306e-01 
-4.677684e-01 -2.902504e-01 
1.368163e-04 -3.507940e-01 
-6.869368e-03 -3.196656e-01 
-9.310093e-02 -3.178273e-01 
-5.403199e-02 -2.890845e-01 
-2.694688e-02 -2.325303e-01 
-2.949764e-03 -1.485024e-01 
6.441225e-03 -4.031032e-02 
-8.524037e-04 5.850261e-02 
-1.330273e-02 1.274174e-01 
-2.445959e-02 1.421790e-01 
-3.173520e-03 5.785584e-02 
1.213971e-02 -6.016158e-02 
2.260770e-02 -1.969221e-01 
-5.102008e-02 4.959724e-01 
7.927183e-02 3.973685e-01 
5.926841e-02 1.815999e-01 
-5.707577e-02 -9.920659e-02 
-5.417429e-02 -2.433738e-01 
-3.758429e-02 -2.846685e-01 
-9.891305e-03 -2.396671e-01 
9.464186e-03 -1.193957e-01 
5.644702e-03 -4.778193e-03 
-4.625981e-03 8.263721e-02 
-1.638629e-02 1.203952e-01 
-8.602312e-03 6.931917e-02 
2.621813e-03 -5.926385e-03 
1.119019e-02 -9.639541e-02 
8.914985e-02 -5.608660e-02 
4.331659e-02 -1.678463e-01 
-2.184611e-02 -3.012250e-01 
-1.035104e-01 -3.890668e-01 
-5.559359e-02 -3.515972e-01 
-2.048099e-02 -2.456848e-01 
6.569710e-03 -1.135187e-01 
8.408442e-03 -4.359042e-03 
-1.256164e-03 7.894679e-02 
-1.226463e-02 1.282094e-01 
-1.999461e-02 1.254235e-01 
-2.646295e-03 4.340759e-02 
8.768566e-03 -4.683443e-02 
1.605597e-02 -1.392947e-01 
-6.396390e-01 -3.267719e-01 
-4.625729e-02 -4.881514e-01 
-4.530468e-02 -5.093780e-01 
-1.443838e-01 -5.056933e-01 
-7.753689e-02 -4.362290e-01 
-3.515218e-02 -3.158900e-01 
-4.459464e-03 -1.599806e-01 
3.202474e-03 -1.360956e-02 
-5.364438e-03 8.385155e-02 
-1.657441e-02 1.318058e-01 
-2.184658e-02 1.133609e-01 
4.066835e-03 6.215380e-03 
1.513530e-02 -9.143319e-02 
2.055913e-02 -1.750659e-01 
2.924776e-02 5.426257e-01 
7.457392e-02 3.061594e-01 
1.583290e-02 1.880805e-02 
-7.216556e-02 -2.293861e-01 
-5.026271e-02 -3.090834e-01 
-2.346683e-02 -2.870050e-01 
7.850310e-03 -1.915943e-01 
1.409649e-02 -6.295403e-02 
4.849478e-03 4.038214e-02 
-5.390334e-03 1.103245e-01 
-1.492001e-02 1.267170e-01 
-9.011620e-03 6.378454e-02 
-3.093722e-04 7.122265e-03 
5.071283e-03 -4.280185e-02 
1.069638e-01 -1.268940e-01 
1.131012e-03 -3.030416e-01 
-6.874348e-02 -4.491811e-01 
-1.098577e-01 -4.762171e-01 
-4.849446e-02 -3.692299e-01 
-9.810220e-03 -2.031550e-01 
1.185247e-02 -3.404319e-02 
4.716724e-03 5.691574e-02 
-5.432804e-03 1.066506e-01 
-1.317264e-02 1.183154e-01 
-1.404048e-02 7.978738e-02 
3.920367e-03 -9.079714e-03 
9.355721e-03 -6.114220e-02 
9.979230e-03 -8.434884e-02 
-8.241785e-01 -4.541536e-01 
-1.543865e-01 -7.555877e-01 
-1.325048e-01 -7.875438e-01 
-1.697464e-01 -6.760221e-01 
-7.578457e-02 -4.998418e-01 
-2.576618e-02 -3.008859e-01 
1.861309e-03 -1.027795e-01 
2.115081e-03 2.618584e-02 
-7.275886e-03 1.027388e-01 
-1.682935e-02 1.329796e-01 
-1.917521e-02 9.801074e-02 
5.688372e-03 -1.519705e-02 
1.511392e-02 -9.867684e-02 
1.820469e-02 -1.508314e-01 
-5.105717e-02 5.584346e-01 
3.777654e-02 1.840801e-01 
-2.033456e-02 -1.016501e-01 
-4.196337e-02 -2.271308e-01 
-1.834536e-02 -2.059421e-01 
2.409594e-03 -1.251968e-01 
1.854079e-02 -3.129723e-02 
1.079268e-02 1.268190e-02 
2.929802e-03 4.961202e-02 
-2.210128e-03 7.546156e-02 
-7.067469e-03 7.734596e-02 
-6.765766e-03 4.141175e-02 
-3.523588e-03 2.404408e-02 
-3.269030e-03 2.672294e-02 
1.204075e-01 -2.626845e-01 
-7.828885e-02 -5.408886e-01 
-1.362924e-01 -6.806314e-01 
-1.094875e-01 -5.601669e-01 
-3.559862e-02 -3.348272e-01 
-1.950700e-04 -1.016778e-01 
8.319405e-03 6.545814e-02 
-9.734501e-04 7.403813e-02 
-5.807857e-03 7.199149e-02 
-8.524754e-03 5.992911e-02 
-6.766824e-03 2.822857e-02 
4.568803e-03 -2.104028e-02 
7.230553e-03 -4.890209e-02 
7.297956e-03 -5.965875e-02 
-9.222752e-01 -6.658710e-01 
-3.031160e-01 -1.099201e+00 
-2.224993e-01 -1.076958e+00 
-1.210564e-01 -7.080138e-01 
-2.622213e-02 -3.298076e-01 
1.019681e-02 -1.492219e-02 
1.013255e-02 1.863802e-01 
-6.820649e-03 1.585682e-01 
-1.112719e-02 1.036087e-01 
-1.001174e-02 4.202373e-02 
-1.917321e-03 -2.980121e-02 
1.394421e-02 -8.904431e-02 
1.126721e-02 -8.116950e-02 
2.490433e-03 -1.965981e-02 
1.160976e-01 6.171122e-01 
1.397741e-02 9.093300e-02 
-6.389079e-02 -2.534952e-01 
-5.659514e-02 -3.296240e-01 
-2.206784e-02 -2.780743e-01 
2.951806e-03 -1.706437e-01 
2.088569e-02 -2.694807e-02 
7.920016e-03 6.736433e-02 
-3.524370e-03 1.098679e-01 
-9.237021e-03 1.150949e-01 
-9.975816e-03 7.904229e-02 
-1.691026e-03 1.257262e-02 
2.587637e-03 -1.816331e-02 
5.890420e-04 -4.426372e-03 
