poroelastic
2.592032e-02 1.444697e-02 
2.690099e-02 -2.300305e-02 
5.899427e-03 -1.091396e-01 
-3.420640e-02 -1.830994e-01 
-1.931910e-02 -1.786994e-01 
-8.123845e-03 -1.300156e-01 
-5.915181e-05 -4.835952e-02 
-2.721522e-04 2.320966e-02 
-2.925994e-03 5.164910e-02 
-5.088112e-03 5.367467e-02 
-4.347831e-03 3.288709e-02 
2.586446e-03 -4.427102e-03 
4.349139e-03 -4.337574e-02 
5.224743e-03 -8.551871e-02 
-2.814181e-01 -8.806409e-02 
8.065991e-03 -1.077747e-01 
4.580350e-03 -1.704691e-01 
-4.356970e-02 -2.411116e-01 
-2.450811e-02 -2.310081e-01 
-1.059826e-02 -1.742626e-01 
-2.838195e-05 -8.078842e-02 
6.871020e-04 1.343450e-02 
-2.830833e-03 6.262057e-02 
-6.460542e-03 8.213877e-02 
-7.825927e-03 7.046272e-02 
1.203852e-03 1.937542e-02 
5.634243e-03 -5.321439e-02 
8.838353e-03 -1.440775e-01 
-5.485566e-02 2.231783e-01 
1.559461e-02 1.484759e-01 
7.487595e-03 3.149264e-02 
-1.317941e-02 -7.287305e-02 
-8.462161e-03 -8.895277e-02 
-3.171590e-03 -6.664123e-02 
9.579580e-04 -2.776882e-02 
9.250266e-04 -1.922127e-03 
2.581308e-05 9.562961e-03 
-8.043165e-04 1.711771e-02 
-2.130996e-03 2.579404e-02 
-1.946498e-03 2.893249e-02 
2.409093e-04 3.949556e-03 
2.927613e-03 -4.668288e-02 
4.016087e-02 5.538600e-03 
1.952326e-02 -5.609427e-02 
-6.021299e-03 -1.647592e-01 
-4.083912e-02 -2.530493e-01 
-2.165513e-02 -2.475168e-01 
-7.254365e-03 -1.839695e-01 
3.706197e-03 -7.270410e-02 
1.247214e-03 3.594945e-02 
-3.514021e-03 8.517878e-02 
-6.939399e-03 9.393252e-02 
-6.749788e-03 6.488857e-02 
1.675306e-03 7.194476e-03 
4.823379e-03 -4.895066e-02 
6.792817e-03 -1.101768e-01 
-2.627428e-01 -5.326611e-02 
-5.892534e-03 -7.747896e-02 
-4.435141e-03 -1.538166e-01 
-4.417217e-02 -2.539553e-01 
-2.482816e-02 -2.630449e-01 
-1.043314e-02 -2.129112e-01 
1.536689e-03 -1.051982e-01 
9.821887e-04 2.536900e-02 
-4.350949e-03 9.479684e-02 
-9.124317e-03 1.176597e-01 
-9.588947e-03 8.725909e-02 
3.065661e-03 1.579418e-03 
7.498681e-03 -7.851525e-02 
9.732594e-03 -1.559641e-01 
6.958998e-02 1.870436e-01 
1.915835e-02 6.746859e-02 
-4.346118e-03 -6.223045e-02 
-2.196617e-02 -1.494198e-01 
-1.142604e-02 -1.484951e-01 
-3.174056e-03 -1.072593e-01 
3.020229e-03 -4.587357e-02 
1.755997e-03 4.023345e-03 
-5.722287e-04 3.046166e-02 
-2.257065e-03 4.232307e-02 
-3.217210e-03 3.947186e-02 
-1.175860e-03 1.983808e-02 
7.674739e-04 -5.278480e-03 
2.354250e-03 -3.705216e-02 
4.276523e-02 -2.509747e-02 
1.532105e-03 -9.878166e-02 
-1.884938e-02 -1.932262e-01 
-3.362696e-02 -2.552367e-01 
-1.571901e-02 -2.369967e-01 
-2.729276e-03 -1.672829e-01 
6.512141e-03 -5.077453e-02 
1.064823e-03 6.398354e-02 
-4.913309e-03 1.150733e-01 
-8.606218e-03 1.179155e-01 
-7.169968e-03 6.947882e-02 
3.171250e-03 -1.227040e-02 
5.678413e-03 -6.396076e-02 
6.039172e-03 -9.607231e-02 
-3.134190e-01 -4.156604e-02 
-2.733228e-02 -1.028087e-01 
-2.279977e-02 -1.959252e-01 
-4.916778e-02 -2.976952e-01 
-2.613203e-02 -3.055643e-01 
-1.110187e-02 -2.506954e-01 
8.822515e-04 -1.325778e-01 
7.874133e-04 1.400891e-02 
-4.721947e-03 9.535446e-02 
-9.617024e-03 1.225347e-01 
-9.283926e-03 8.415548e-02 
4.219466e-03 -1.682878e-02 
8.018578e-03 -8.959235e-02 
8.986302e-03 -1.405653e-01 
8.077683e-02 8.840727e-02 
-4.341107e-04 -5.801247e-02 
-1.635682e-02 -1.548754e-01 
-1.148457e-02 -1.622370e-01 
-1.723048e-03 -1.076404e-01 
4.537357e-03 -3.453681e-02 
7.126870e-03 3.212653e-02 
9.926991e-04 5.782434e-02 
-2.119068e-03 6.356545e-02 
-3.228534e-03 5.639603e-02 
-2.861739e-03 3.503914e-02 
-1.427724e-04 5.158080e-03 
9.146636e-04 -1.032166e-02 
1.035214e-03 -1.586204e-02 
5.416057e-02 -7.559611e-02 
-2.051159e-02 -1.674585e-01 
-3.366228e-02 -2.420685e-01 
-3.053383e-02 -2.517513e-01 
-1.316831e-02 -2.102937e-01 
-3.335125e-03 -1.370532e-01 
2.150953e-03 -3.620052e-02 
-8.120005e-04 4.743276e-02 
-4.340390e-03 7.772610e-02 
-5.947845e-03 6.750247e-02 
-2.679463e-03 1.580579e-02 
5.171550e-03 -4.708389e-02 
4.533032e-03 -5.668780e-02 
2.140783e-03 -3.307394e-02 
-2.815856e-01 -8.344186e-02 
-5.221362e-02 -1.825615e-01 
-4.041947e-02 -2.590213e-01 
-3.206210e-02 -2.903521e-01 
-1.323321e-02 -2.551673e-01 
-1.999825e-03 -1.757865e-01 
5.039212e-03 -5.212574e-02 
2.155194e-04 7.590641e-02 
-6.574887e-03 1.375716e-01 
-1.090365e-02 1.400475e-01 
-8.401185e-03 7.069083e-02 
6.498109e-03 -5.001221e-02 
8.522111e-03 -1.006321e-01 
6.267200e-03 -9.400284e-02 
1.807566e-01 3.855872e-02 
-1.300477e-02 -1.101070e-01 
-2.635967e-02 -1.896401e-01 
-1.336782e-02 -1.681652e-01 
-3.561666e-03 -1.092236e-01 
1.141764e-03 -4.508409e-02 
2.940728e-03 8.073726e-03 
4.594954e-04 2.660775e-02 
-1.536525e-03 3.782768e-02 
-2.910890e-03 4.234678e-02 
-3.022204e-03 3.186294e-02 
2.655803e-04 2.782576e-03 
1.775574e-03 -1.914238e-02 
2.149326e-03 -3.042206e-02 
