poroelastic
-4.257195e-03 6.286197e-02 
-1.311193e-03 8.832396e-02 
1.413893e-03 6.065065e-02 
1.739424e-04 -3.608578e-03 
-3.801667e-06 -1.513612e-02 
4.633007e-04 -1.021076e-02 
7.611596e-04 -3.981347e-03 
2.248148e-04 -9.366648e-03 
2.391640e-04 -1.241614e-02 
2.750771e-04 -1.221315e-02 
-5.491756e-05 -4.969833e-03 
-6.055246e-04 1.183353e-02 
-4.541645e-04 2.910967e-02 
-2.182798e-04 4.887738e-02 
-5.626295e-01 -4.667375e-01 
-5.100053e-03 -3.674964e-01 
3.625350e-03 -2.975648e-01 
-1.837882e-02 -2.856836e-01 
-9.023729e-03 -2.382313e-01 
-3.547861e-03 -1.679802e-01 
-2.062356e-04 -7.621642e-02 
-5.581954e-05 5.561363e-03 
-6.637339e-04 4.909742e-02 
-1.039643e-03 6.704763e-02 
-6.204958e-04 5.208132e-02 
9.187714e-04 -2.092599e-03 
8.890591e-04 -5.449384e-02 
5.035182e-04 -1.106443e-01 
-5.791485e-01 5.891707e-01 
-2.969806e-02 5.566357e-01 
8.575428e-03 3.787544e-01 
7.151327e-03 1.580414e-01 
1.592271e-03 3.861594e-02 
8.777783e-04 -2.288472e-02 
1.835823e-03 -3.629419e-02 
3.887372e-04 -1.384182e-02 
1.230632e-05 1.922766e-03 
-2.146932e-04 1.603917e-02 
-6.151896e-04 2.710545e-02 
-8.047628e-04 3.060662e-02 
-4.637059e-04 3.329595e-02 
-2.335984e-04 3.648220e-02 
-7.173839e-04 9.009525e-02 
2.511989e-03 8.685363e-02 
1.352445e-03 3.439807e-02 
-2.224685e-03 -3.420023e-02 
-1.234051e-03 -4.514618e-02 
-3.479441e-04 -3.379330e-02 
1.238909e-04 -1.192664e-02 
-5.332618e-05 3.705367e-03 
-1.206877e-04 7.360438e-03 
-8.899750e-05 5.163372e-03 
3.681011e-05 -1.286321e-03 
1.143863e-04 -7.587268e-03 
3.629139e-05 -5.838140e-03 
-3.513510e-05 5.721206e-03 
-5.544596e-01 -4.813830e-01 
-3.121685e-02 -4.469570e-01 
-9.221114e-03 -3.692178e-01 
-1.328910e-02 -3.025263e-01 
-4.939999e-03 -2.208258e-01 
-9.632779e-04 -1.302388e-01 
6.164437e-04 -3.499225e-02 
-4.359717e-04 3.317003e-02 
-1.094881e-03 6.821074e-02 
-1.346957e-03 7.605997e-02 
-6.030240e-04 4.992610e-02 
1.116710e-03 -9.413824e-03 
1.069921e-03 -6.142849e-02 
6.558036e-04 -1.102517e-01 
-5.879680e-01 6.272422e-01 
-1.437101e-02 5.482401e-01 
1.240247e-02 3.610106e-01 
5.502849e-03 1.643599e-01 
1.154653e-03 5.407461e-02 
6.171403e-04 -7.330738e-03 
1.344412e-03 -3.384742e-02 
7.408094e-04 -3.719154e-02 
5.135370e-04 -2.957403e-02 
2.364873e-04 -1.606709e-02 
-4.777298e-04 3.169808e-03 
-1.197609e-03 3.077332e-02 
-9.724227e-04 6.034777e-02 
-6.483129e-04 8.446257e-02 
2.545631e-03 6.958341e-02 
4.160531e-04 2.152689e-02 
-1.462324e-03 -2.921514e-02 
-1.397189e-03 -5.782475e-02 
-1.443869e-04 -4.648495e-02 
5.798376e-04 -2.392980e-02 
6.326955e-04 4.464373e-04 
-2.249935e-04 1.214925e-02 
-2.764154e-04 1.401587e-02 
-2.004683e-04 1.025821e-02 
-1.212642e-04 3.603195e-03 
-1.005471e-04 -1.809507e-04 
-1.107276e-04 4.619543e-03 
-1.251360e-04 1.648389e-02 
-5.924884e-01 -5.313869e-01 
-5.443961e-02 -5.367188e-01 
-2.000292e-02 -4.484489e-01 
-9.636751e-03 -3.191511e-01 
-2.284227e-03 -2.019854e-01 
2.211627e-04 -9.936798e-02 
4.916471e-04 -1.062757e-02 
-7.267854e-04 3.997473e-02 
-1.123686e-03 5.933739e-02 
-1.116651e-03 5.824599e-02 
-3.047295e-04 3.271929e-02 
9.920345e-04 -1.679343e-02 
9.285110e-04 -5.373695e-02 
6.012944e-04 -7.853921e-02 
-6.076665e-01 6.100559e-01 
-2.885483e-03 4.882738e-01 
1.799726e-02 3.097259e-01 
5.872854e-03 1.724130e-01 
1.741782e-03 9.324508e-02 
1.058052e-03 4.132335e-02 
1.165288e-03 7.065145e-03 
2.513550e-04 -1.468059e-02 
3.990736e-04 -2.466377e-02 
2.651783e-04 -2.180188e-02 
-5.322344e-04 -5.011471e-03 
-1.241156e-03 2.687598e-02 
-1.186269e-03 6.526794e-02 
-1.020548e-03 1.072131e-01 
7.692663e-03 4.489358e-02 
-3.922922e-03 -4.112493e-02 
-3.537688e-03 -8.100503e-02 
-5.887112e-04 -5.649798e-02 
1.790735e-04 -1.740585e-02 
5.488176e-05 1.250015e-02 
-4.343437e-04 2.445600e-02 
-2.794083e-04 1.275917e-02 
5.384412e-05 -1.700782e-03 
3.061143e-04 -1.389915e-02 
3.707815e-04 -1.998491e-02 
1.145287e-04 -1.387267e-02 
-1.056596e-04 1.263423e-03 
-2.443645e-04 2.605921e-02 
-5.957709e-01 -5.788379e-01 
-7.536810e-02 -6.282081e-01 
-2.652466e-02 -5.118470e-01 
-4.086126e-03 -3.026808e-01 
2.907091e-04 -1.394476e-01 
4.932552e-04 -1.806310e-02 
-8.577165e-04 5.605549e-02 
-1.366566e-03 6.292601e-02 
-1.153245e-03 5.474427e-02 
-6.767101e-04 3.437481e-02 
4.016927e-04 -4.430988e-04 
1.333442e-03 -3.942368e-02 
1.016493e-03 -5.870814e-02 
5.834622e-04 -5.982994e-02 
-6.186508e-01 6.507419e-01 
1.445154e-02 4.526511e-01 
2.451455e-02 2.721241e-01 
3.908383e-03 1.799079e-01 
4.246159e-04 1.196406e-01 
-1.399712e-04 7.534187e-02 
-2.916408e-05 3.176921e-02 
4.522015e-04 -2.030813e-02 
8.900339e-04 -4.002527e-02 
7.464559e-04 -3.898977e-02 
-2.906897e-04 -1.831380e-02 
-1.302151e-03 2.506825e-02 
-1.409908e-03 6.855856e-02 
-1.259505e-03 1.051996e-01 
