poroelastic
1.662886e-02 5.607464e-02 
2.301066e-02 3.933068e-02 
9.453144e-03 -3.308781e-02 
-2.366459e-02 -8.066469e-02 
-1.516376e-02 -8.248295e-02 
-8.237589e-03 -5.404787e-02 
-4.681309e-03 8.791564e-03 
-5.948019e-03 5.130012e-02 
-6.119829e-03 2.680001e-02 
-3.766505e-03 -1.818861e-02 
3.592104e-03 -5.736960e-02 
7.442759e-03 -4.828899e-02 
3.546971e-03 -2.985283e-02 
1.323296e-03 -1.446062e-02 
-1.082750e-01 1.464940e-01 
3.014434e-02 7.791901e-02 
1.647826e-02 -8.545742e-02 
-5.215537e-02 -1.977701e-01 
-3.253151e-02 -1.967897e-01 
-1.625167e-02 -1.367677e-01 
-5.456589e-03 -4.539275e-02 
-3.029681e-03 2.181328e-02 
-3.671112e-03 2.286739e-02 
-3.476131e-03 3.989739e-03 
-1.640468e-03 -1.051651e-02 
1.762262e-03 -2.704568e-04 
3.263086e-03 -1.919822e-02 
6.725730e-03 -7.320113e-02 
4.308348e-02 -7.459308e-03 
4.163332e-03 -2.463153e-02 
-7.277994e-03 -6.277425e-02 
-8.643722e-03 -6.206168e-02 
-2.739151e-05 -1.426039e-02 
3.700079e-03 3.508844e-02 
4.680686e-04 6.625508e-02 
-3.700365e-03 3.887336e-02 
-1.554523e-03 -1.102632e-02 
2.765445e-03 -5.009973e-02 
6.040792e-03 -5.356847e-02 
-4.371833e-04 -2.311194e-04 
-2.438227e-03 2.210191e-02 
-3.374047e-04 3.634011e-03 
5.183775e-02 7.803359e-02 
4.270471e-02 4.956418e-02 
1.071581e-02 -7.813905e-02 
-5.868309e-02 -1.988843e-01 
-3.891690e-02 -2.341403e-01 
-2.236833e-02 -2.011759e-01 
-7.072894e-03 -9.746191e-02 
-2.854606e-03 2.584360e-02 
-6.140215e-03 6.070946e-02 
-8.683509e-03 4.762143e-02 
-5.324474e-03 7.201609e-03 
6.267360e-03 -2.742382e-02 
7.793244e-03 -5.958136e-02 
9.308298e-03 -1.016893e-01 
1.091021e-01 2.639891e-01 
3.888158e-02 2.928145e-01 
2.899822e-02 1.431415e-01 
-2.311560e-02 -5.399230e-02 
-2.247015e-02 -1.433883e-01 
-1.375597e-02 -1.594639e-01 
-1.020890e-04 -1.028050e-01 
2.870234e-03 6.488130e-03 
-1.526735e-03 5.245893e-02 
-5.204598e-03 6.270800e-02 
-6.409515e-03 4.550983e-02 
-1.774787e-04 1.316792e-02 
3.245058e-03 -2.163143e-02 
6.605763e-03 -7.115209e-02 
2.979183e-01 -1.017510e-01 
2.080301e-02 -8.565659e-02 
-9.535426e-03 -1.217514e-01 
-3.995978e-02 -1.553251e-01 
-2.234650e-02 -1.356355e-01 
-1.190959e-02 -8.977555e-02 
-6.876129e-03 -3.043090e-02 
-4.166603e-03 1.293440e-02 
-3.737396e-03 1.430718e-02 
-3.320622e-03 -6.636636e-04 
-8.979740e-04 -1.726054e-02 
3.785288e-03 -2.054815e-02 
4.121720e-03 -3.209296e-02 
5.754827e-03 -6.145609e-02 
3.950411e-02 7.745403e-02 
2.773130e-02 9.353873e-02 
5.118338e-03 -3.471536e-03 
-4.519615e-02 -1.585289e-01 
-3.306000e-02 -2.436535e-01 
-1.751328e-02 -2.521011e-01 
3.683300e-03 -1.507643e-01 
4.322823e-03 3.360826e-02 
-5.038140e-03 1.206650e-01 
-1.265513e-02 1.379913e-01 
-1.287086e-02 8.720137e-02 
3.451339e-03 -5.572308e-03 
8.819727e-03 -7.036691e-02 
1.139741e-02 -1.227906e-01 
1.914545e-01 4.204974e-01 
7.325403e-02 4.974614e-01 
4.795457e-02 3.109501e-01 
-3.219121e-02 -1.045521e-02 
-3.556670e-02 -1.984744e-01 
-2.603274e-02 -2.725019e-01 
-6.135222e-03 -2.215746e-01 
3.092173e-03 -4.520456e-02 
-2.476479e-03 6.132346e-02 
-9.677315e-03 1.079925e-01 
-1.230291e-02 8.697276e-02 
1.983352e-03 7.356522e-04 
7.965813e-03 -6.422423e-02 
1.096396e-02 -1.158771e-01 
4.309414e-01 -3.136334e-01 
-1.574596e-02 -2.383154e-01 
-3.767762e-02 -2.333617e-01 
-4.213572e-02 -2.379068e-01 
-1.889557e-02 -1.878441e-01 
-4.373517e-03 -1.129077e-01 
4.681417e-03 -1.967923e-02 
-2.446804e-04 6.693830e-02 
-6.151492e-03 9.568292e-02 
-9.430004e-03 8.456552e-02 
-7.370186e-03 3.833804e-02 
4.456463e-03 -2.355808e-02 
7.541263e-03 -6.341910e-02 
9.040850e-03 -9.447606e-02 
4.072412e-02 7.545361e-02 
2.396279e-02 1.446416e-01 
7.423293e-04 7.014565e-02 
-4.191959e-02 -1.154741e-01 
-3.321090e-02 -2.419627e-01 
-2.026038e-02 -2.821659e-01 
-2.297726e-04 -1.900445e-01 
2.591892e-03 1.298648e-02 
-5.733960e-03 1.091475e-01 
-1.188976e-02 1.203734e-01 
-7.895416e-03 4.360707e-02 
9.401548e-03 -6.979422e-02 
8.685504e-03 -8.016038e-02 
2.774654e-03 -2.916067e-02 
3.161773e-01 5.286453e-01 
1.107077e-01 6.379962e-01 
4.887543e-02 4.137181e-01 
-2.818112e-02 -1.497029e-02 
-3.346802e-02 -2.783299e-01 
-1.995983e-02 -3.783271e-01 
6.964323e-03 -2.832688e-01 
9.669233e-03 1.023784e-02 
-6.013077e-03 1.898378e-01 
-2.044153e-02 2.556975e-01 
-2.423434e-02 1.851222e-01 
4.067806e-03 -1.279888e-02 
1.502171e-02 -1.271361e-01 
1.628855e-02 -1.656019e-01 
5.568019e-01 -5.127627e-01 
-5.190917e-02 -2.760627e-01 
-5.348830e-02 -1.998837e-01 
-4.423305e-02 -2.144076e-01 
-2.283670e-02 -1.913149e-01 
-1.179574e-02 -1.502711e-01 
-3.642140e-03 -9.311588e-02 
-3.005677e-04 -1.532805e-02 
-3.459695e-03 3.968931e-02 
-8.694849e-03 7.459121e-02 
-1.113908e-02 7.002872e-02 
1.243147e-03 2.906577e-03 
8.681274e-03 -6.943188e-02 
1.467736e-02 -1.415343e-01 
