poroelastic
-1.034462e-01 3.249422e-04 
-1.080298e-01 5.850066e-02 
-6.207040e-02 1.429856e-01 
9.418814e-02 2.125985e-01 
7.760975e-02 2.617350e-01 
6.056078e-02 2.534807e-01 
4.505194e-02 2.283836e-01 
1.440263e-02 1.743480e-01 
-6.245301e-04 6.306792e-02 
4.672529e-03 -4.457381e-02 
2.200394e-02 -1.262678e-01 
9.769540e-03 -1.022492e-01 
-9.731466e-03 3.745299e-02 
-2.652433e-02 2.321812e-01 
1.702028e-01 2.548352e-01 
2.212472e-02 2.345212e-01 
1.035914e-02 7.696703e-02 
-1.767940e-03 -1.961277e-02 
3.488029e-03 7.215917e-03 
1.480253e-02 1.033806e-01 
7.878039e-03 1.870259e-01 
-1.537230e-02 1.449613e-01 
-1.875531e-02 3.712917e-02 
-1.191831e-02 -8.537108e-02 
1.393531e-02 -2.043557e-01 
3.116503e-02 -2.194974e-01 
6.856491e-03 -7.370824e-02 
-1.933668e-02 1.681118e-01 
-1.420815e-01 -3.030145e-01 
-1.023226e-01 -2.760867e-01 
-9.154483e-02 -1.690595e-01 
5.251747e-02 2.565754e-02 
7.116769e-02 2.105495e-01 
7.162325e-02 3.262303e-01 
4.957667e-02 3.456310e-01 
5.254037e-03 2.061741e-01 
-5.032151e-03 3.821117e-02 
6.257167e-03 -1.083130e-01 
2.890926e-02 -1.952854e-01 
1.285869e-02 -1.239486e-01 
-1.047997e-02 4.770143e-02 
-3.148587e-02 2.734532e-01 
-6.867701e-02 1.420025e-01 
-1.840465e-02 2.272496e-01 
2.317488e-02 2.384884e-01 
6.463286e-02 2.117986e-01 
3.763393e-02 1.842565e-01 
1.894616e-02 1.488428e-01 
-7.884785e-04 1.201357e-01 
-1.277750e-02 8.351781e-02 
-1.189657e-02 5.569997e-03 
-5.244174e-03 -7.905677e-02 
1.207029e-02 -1.459822e-01 
1.706120e-02 -1.236774e-01 
3.091782e-03 -3.455397e-02 
-1.042346e-02 9.142626e-02 
5.282739e-01 3.518400e-01 
4.805337e-02 5.146294e-01 
4.159649e-02 4.421636e-01 
1.124553e-01 3.215517e-01 
6.652401e-02 2.704721e-01 
4.017912e-02 2.249935e-01 
1.603725e-02 1.622911e-01 
-1.891500e-03 6.886011e-02 
-1.836627e-03 -2.362386e-02 
6.549834e-03 -9.303265e-02 
1.830889e-02 -1.200416e-01 
5.210280e-03 -5.507770e-02 
-8.188473e-03 4.812749e-02 
-1.865620e-02 1.613498e-01 
-8.391699e-02 -3.860320e-01 
-6.847364e-02 -1.964968e-01 
-2.373572e-02 -1.270996e-02 
6.224293e-02 1.397840e-01 
5.508671e-02 2.351518e-01 
3.883522e-02 2.686387e-01 
7.111323e-03 2.353889e-01 
-1.406979e-02 1.215750e-01 
-1.183863e-02 3.426896e-03 
-3.132098e-03 -9.803786e-02 
1.256145e-02 -1.563154e-01 
1.522935e-02 -1.123895e-01 
3.476071e-03 -3.274698e-02 
-7.187330e-03 6.198299e-02 
-1.022189e-01 2.563356e-01 
2.702991e-02 4.482441e-01 
9.390274e-02 5.026709e-01 
9.991939e-02 3.884892e-01 
3.655726e-02 2.282162e-01 
3.785919e-04 5.767433e-02 
-1.189355e-02 -5.824961e-02 
-3.557483e-03 -4.386154e-02 
3.427228e-04 -3.671504e-02 
2.503225e-03 -3.228770e-02 
3.969576e-03 -2.512375e-02 
-3.424027e-04 -8.083615e-04 
-2.416099e-03 1.727624e-02 
-2.584591e-03 2.240133e-02 
8.226823e-01 5.911700e-01 
2.107059e-01 9.744349e-01 
1.836586e-01 9.139163e-01 
1.716670e-01 6.112688e-01 
6.759666e-02 3.714000e-01 
1.648026e-02 1.711882e-01 
-7.942604e-03 1.114558e-02 
-4.794642e-03 -4.044681e-02 
6.812638e-04 -5.920874e-02 
4.702431e-03 -6.182901e-02 
6.989133e-03 -4.535495e-02 
-4.495358e-05 -3.154107e-03 
-4.251188e-03 3.110448e-02 
-5.376726e-03 4.575555e-02 
3.161065e-02 -4.895744e-01 
-2.256311e-02 -8.165176e-02 
3.183813e-02 1.411364e-01 
3.332957e-02 1.623517e-01 
1.158061e-02 1.138342e-01 
-4.809493e-03 4.365208e-02 
-1.450956e-02 -1.504506e-02 
-7.785179e-03 -9.478329e-03 
-4.606146e-03 -9.661212e-03 
-3.793272e-03 -1.752056e-02 
-1.508334e-03 -2.664128e-02 
4.061099e-03 -2.623170e-02 
5.028146e-03 -3.689379e-02 
7.942800e-03 -6.707305e-02 
-1.071795e-01 4.752709e-01 
1.527045e-01 8.265783e-01 
2.103099e-01 8.940849e-01 
1.162457e-01 5.675154e-01 
1.602989e-02 1.982447e-01 
-2.475137e-02 -1.080370e-01 
-1.687820e-02 -2.424155e-01 
3.106370e-03 -9.094884e-02 
1.374383e-03 1.503383e-02 
-4.451939e-03 6.729075e-02 
-8.218328e-03 6.291937e-02 
-4.843434e-04 7.202896e-03 
3.529239e-03 -2.607547e-02 
5.125086e-03 -4.355859e-02 
1.093176e+00 9.329607e-01 
4.893939e-01 1.568487e+00 
3.603449e-01 1.464467e+00 
1.291261e-01 7.606051e-01 
-9.942041e-03 1.382240e-01 
-5.110049e-02 -2.981728e-01 
-2.435662e-02 -4.767410e-01 
1.177837e-02 -2.344847e-01 
9.002966e-03 -9.242137e-03 
-4.104046e-03 1.444523e-01 
-2.067980e-02 2.073558e-01 
-1.619876e-02 1.280198e-01 
8.145729e-04 -1.350015e-03 
1.942818e-02 -1.582887e-01 
-1.924549e-01 -5.928075e-01 
3.639370e-02 1.008126e-01 
1.127905e-01 4.384274e-01 
5.747684e-02 3.480299e-01 
1.270803e-02 2.199352e-01 
-1.612629e-02 7.725878e-02 
-3.103261e-02 -7.903494e-02 
-7.379871e-03 -1.367758e-01 
3.085846e-03 -1.282854e-01 
3.999526e-03 -7.886414e-02 
-1.414827e-03 -4.832362e-03 
-4.929505e-03 3.698355e-02 
-2.551317e-04 2.615466e-03 
1.387482e-02 -1.070892e-01 
