poroelastic
5.935994e-02 4.745620e-02 
6.568466e-02 -1.487394e-03 
2.130165e-02 -1.376220e-01 
-7.941052e-02 -2.554706e-01 
-4.880656e-02 -2.533293e-01 
-2.491205e-02 -1.801925e-01 
-9.055583e-03 -6.856152e-02 
-4.398023e-03 1.179118e-02 
-6.152767e-03 3.361827e-02 
-8.263225e-03 2.630240e-02 
-5.018824e-03 2.624097e-03 
7.183738e-03 -2.159008e-02 
8.307474e-03 -4.794395e-02 
9.083876e-03 -8.084358e-02 
-3.476576e-01 -1.077686e-01 
2.055906e-02 -1.789863e-01 
3.202151e-03 -2.593987e-01 
-8.815519e-02 -3.204497e-01 
-5.003626e-02 -2.875111e-01 
-2.259367e-02 -2.028338e-01 
-2.904005e-03 -9.029074e-02 
1.459646e-03 3.085989e-03 
-3.067498e-03 4.748624e-02 
-8.678657e-03 6.611019e-02 
-1.268468e-02 6.378330e-02 
-1.150478e-03 3.365299e-02 
7.676072e-03 -3.617037e-02 
1.620832e-02 -1.432381e-01 
-2.725051e-02 3.156659e-01 
4.742451e-02 2.372986e-01 
2.893348e-02 7.061830e-02 
-3.853224e-02 -1.044264e-01 
-3.006301e-02 -1.571588e-01 
-1.725455e-02 -1.431236e-01 
-3.962303e-03 -8.761941e-02 
2.377281e-03 -3.271049e-02 
1.426669e-03 -1.571165e-03 
-8.934852e-04 1.894038e-02 
-4.538582e-03 3.394198e-02 
-5.026565e-03 3.951526e-02 
-1.632152e-04 9.346211e-03 
6.682915e-03 -5.850578e-02 
8.639422e-02 1.355200e-02 
5.317673e-02 -7.868587e-02 
-8.005638e-03 -2.423930e-01 
-9.899078e-02 -3.625933e-01 
-5.618317e-02 -3.504454e-01 
-2.383291e-02 -2.568450e-01 
1.490114e-03 -1.088449e-01 
2.938039e-03 2.670199e-02 
-5.432529e-03 8.799419e-02 
-1.269479e-02 1.001723e-01 
-1.367659e-02 6.929960e-02 
2.942621e-03 6.772977e-03 
9.716001e-03 -5.702952e-02 
1.454783e-02 -1.286049e-01 
-3.136891e-01 -5.484320e-02 
2.857212e-03 -1.188837e-01 
-5.373079e-03 -2.163085e-01 
-9.412279e-02 -3.270472e-01 
-5.562803e-02 -3.311920e-01 
-2.619279e-02 -2.639748e-01 
-9.869783e-04 -1.375814e-01 
3.497600e-03 5.399363e-03 
-4.558900e-03 8.156058e-02 
-1.288448e-02 1.091175e-01 
-1.589410e-02 8.488268e-02 
2.395606e-03 8.300353e-03 
1.045366e-02 -6.314026e-02 
1.569026e-02 -1.363911e-01 
1.744877e-01 2.781269e-01 
5.540878e-02 1.394638e-01 
2.437258e-03 -6.324631e-02 
-6.751184e-02 -2.343722e-01 
-4.233301e-02 -2.657220e-01 
-1.942065e-02 -2.185772e-01 
1.570205e-03 -1.202249e-01 
5.227994e-03 -1.792379e-02 
-2.658786e-04 3.953627e-02 
-5.546805e-03 6.646395e-02 
-8.809291e-03 6.245732e-02 
-2.543249e-03 2.577853e-02 
2.569024e-03 -1.301201e-02 
7.059878e-03 -6.090495e-02 
8.649469e-02 -2.531164e-02 
1.975729e-02 -1.218064e-01 
-3.390439e-02 -2.643656e-01 
-8.964574e-02 -3.678911e-01 
-4.754456e-02 -3.542852e-01 
-1.556334e-02 -2.626653e-01 
1.083535e-02 -1.041858e-01 
5.902600e-03 5.921014e-02 
-7.072525e-03 1.383502e-01 
-1.668652e-02 1.518177e-01 
-1.665329e-02 9.472937e-02 
4.918767e-03 -1.200758e-02 
1.133032e-02 -7.538998e-02 
1.291638e-02 -1.118388e-01 
-3.737278e-01 -3.384407e-02 
-3.214478e-02 -1.488794e-01 
-3.819311e-02 -2.721171e-01 
-1.133593e-01 -3.937696e-01 
-6.416821e-02 -3.993842e-01 
-3.044591e-02 -3.258051e-01 
-2.300062e-03 -1.829385e-01 
3.462279e-03 -9.586212e-03 
-5.952418e-03 9.563104e-02 
-1.638391e-02 1.396604e-01 
-1.936518e-02 1.060842e-01 
4.601531e-03 -9.539075e-03 
1.412188e-02 -9.428847e-02 
1.787694e-02 -1.518168e-01 
1.971350e-01 1.479442e-01 
9.453509e-03 -2.814322e-02 
-3.548231e-02 -1.957722e-01 
-4.899781e-02 -2.686268e-01 
-2.079562e-02 -2.255323e-01 
4.277825e-04 -1.331306e-01 
1.546682e-02 -2.228389e-02 
6.280425e-03 5.560783e-02 
-3.005780e-03 9.264449e-02 
-8.237620e-03 9.835492e-02 
-9.092007e-03 6.760862e-02 
-6.622587e-04 9.495393e-03 
3.115615e-03 -2.111708e-02 
4.054026e-03 -3.402370e-02 
9.756446e-02 -1.014637e-01 
-2.509689e-02 -2.232560e-01 
-7.135589e-02 -3.459859e-01 
-8.768644e-02 -3.855278e-01 
-4.223061e-02 -3.346523e-01 
-1.414169e-02 -2.281404e-01 
4.719521e-03 -7.756525e-02 
1.062329e-03 5.503846e-02 
-8.149313e-03 1.124848e-01 
-1.402567e-02 1.086363e-01 
-9.166556e-03 3.736326e-02 
1.083502e-02 -6.454358e-02 
1.093968e-02 -8.047701e-02 
5.186781e-03 -4.359773e-02 
-3.453420e-01 -8.872398e-02 
-8.750047e-02 -2.542406e-01 
-8.217986e-02 -3.625303e-01 
-8.106688e-02 -4.009013e-01 
-3.610258e-02 -3.449434e-01 
-7.723286e-03 -2.307631e-01 
1.155999e-02 -6.748498e-02 
4.172355e-03 8.989014e-02 
-1.005505e-02 1.702794e-01 
-2.016895e-02 1.785288e-01 
-1.870235e-02 9.711778e-02 
9.950600e-03 -5.622094e-02 
1.652482e-02 -1.177043e-01 
1.213455e-02 -9.865523e-02 
3.554649e-01 5.124858e-02 
-2.529840e-02 -1.062584e-01 
-6.525330e-02 -2.522070e-01 
-5.650424e-02 -2.979164e-01 
-2.513324e-02 -2.522252e-01 
-5.466208e-03 -1.686599e-01 
8.735769e-03 -6.154544e-02 
4.382293e-03 2.914519e-02 
-4.019546e-03 8.322093e-02 
-1.091666e-02 1.074490e-01 
-1.338737e-02 8.626110e-02 
-4.184240e-04 9.827267e-03 
7.482267e-03 -5.020919e-02 
1.076390e-02 -8.320235e-02 
