poroelastic
8.715267e-03 -1.255708e-02 
7.846841e-03 -4.115085e-02 
6.531207e-04 -8.160950e-02 
-9.042485e-03 -1.074665e-01 
-4.103484e-03 -9.517024e-02 
-4.741611e-04 -6.152265e-02 
1.603464e-03 -1.137463e-02 
-1.520810e-04 3.103122e-02 
-1.176287e-03 4.930439e-02 
-1.733064e-03 4.953695e-02 
-1.259605e-03 3.113360e-02 
7.979766e-04 -1.391318e-03 
1.217041e-03 -3.070679e-02 
1.182001e-03 -5.581249e-02 
-1.773147e-01 -5.780630e-02 
3.806754e-03 -2.764458e-02 
6.103554e-03 -6.790963e-02 
-1.513193e-02 -1.407558e-01 
-8.898660e-03 -1.554772e-01 
-3.913876e-03 -1.328952e-01 
2.935788e-04 -7.281800e-02 
2.273513e-04 3.717522e-03 
-1.064273e-03 4.677066e-02 
-2.142861e-03 6.483820e-02 
-2.163083e-03 5.446576e-02 
7.496666e-04 1.063276e-02 
1.732530e-03 -4.131925e-02 
2.106958e-03 -9.928158e-02 
-7.773444e-02 1.320064e-01 
-1.297211e-03 7.239082e-02 
2.812974e-04 1.215670e-02 
-3.566620e-04 -2.195151e-02 
3.390245e-04 -1.543341e-02 
1.001786e-03 2.012538e-03 
9.726408e-04 1.431685e-02 
8.938071e-05 8.139056e-03 
2.068765e-05 4.168475e-03 
-4.967627e-05 5.563679e-03 
-4.819087e-04 1.463206e-02 
-7.380814e-04 2.320250e-02 
-1.268916e-04 8.962529e-03 
5.053268e-04 -2.222699e-02 
1.300979e-02 2.770348e-03 
4.252003e-03 -3.084000e-02 
-1.988334e-03 -8.408750e-02 
-9.406440e-03 -1.274356e-01 
-4.306270e-03 -1.254867e-01 
-4.212689e-04 -9.289302e-02 
2.093221e-03 -3.276686e-02 
2.302321e-05 2.665779e-02 
-1.285886e-03 5.549398e-02 
-1.995766e-03 6.167047e-02 
-1.664799e-03 4.454970e-02 
4.195041e-04 8.152995e-03 
1.141811e-03 -2.742807e-02 
1.362162e-03 -6.189259e-02 
-1.977228e-01 -4.735300e-02 
-6.973616e-03 -4.091535e-02 
-1.408946e-03 -9.329585e-02 
-1.533218e-02 -1.745188e-01 
-8.160661e-03 -1.919794e-01 
-2.901579e-03 -1.632209e-01 
1.234179e-03 -8.296219e-02 
-6.382508e-05 2.425958e-02 
-2.132078e-03 8.207496e-02 
-3.572108e-03 9.998892e-02 
-2.911985e-03 7.087533e-02 
1.814244e-03 -4.714750e-03 
2.800323e-03 -7.067036e-02 
2.813756e-03 -1.283042e-01 
-3.103362e-02 1.060060e-01 
1.007584e-03 1.724142e-02 
-1.782324e-03 -3.988448e-02 
-9.467362e-04 -4.876009e-02 
5.265406e-04 -2.680685e-02 
1.339463e-03 7.616890e-04 
1.291983e-03 1.782547e-02 
1.083052e-04 1.137742e-02 
-2.875451e-05 7.778523e-03 
-4.743217e-05 7.237999e-03 
-3.344432e-04 1.066138e-02 
-7.359708e-04 1.635062e-02 
-4.143410e-04 1.327307e-02 
-1.200033e-04 5.151635e-03 
1.706676e-02 -2.319606e-02 
-2.990596e-03 -7.354957e-02 
-6.901889e-03 -1.193336e-01 
-6.998591e-03 -1.380083e-01 
-2.243652e-03 -1.190087e-01 
8.229928e-04 -7.584990e-02 
2.156102e-03 -1.209680e-02 
-5.253620e-04 4.480705e-02 
-1.855113e-03 6.887838e-02 
-2.359204e-03 6.716375e-02 
-1.455452e-03 3.809053e-02 
9.703679e-04 -7.108936e-03 
1.370845e-03 -3.661771e-02 
1.212989e-03 -5.319479e-02 
-2.346437e-01 -5.776316e-02 
-2.031461e-02 -7.375793e-02 
-1.154727e-02 -1.278660e-01 
-1.440104e-02 -1.963732e-01 
-6.595308e-03 -2.074924e-01 
-1.909213e-03 -1.747236e-01 
1.319686e-03 -9.064205e-02 
-1.927336e-04 2.033991e-02 
-2.305612e-03 7.978133e-02 
-3.609483e-03 9.627237e-02 
-2.534767e-03 6.151291e-02 
2.142726e-03 -1.821030e-02 
2.817754e-03 -7.355488e-02 
2.519792e-03 -1.094203e-01 
-1.849530e-02 4.510044e-02 
-3.340043e-03 -6.641292e-02 
-1.747835e-03 -1.010966e-01 
2.102020e-03 -5.419807e-02 
2.606826e-03 5.530936e-04 
2.521625e-03 4.620814e-02 
1.383994e-03 6.521948e-02 
-6.549765e-04 4.323230e-02 
-6.216449e-04 2.621958e-02 
-2.937789e-04 1.302764e-02 
-1.279256e-04 3.985589e-03 
-3.939022e-04 4.057058e-03 
-4.321116e-04 1.011249e-02 
-5.565736e-04 2.268973e-02 
2.476629e-02 -5.750439e-02 
-1.294648e-02 -1.240827e-01 
-1.198510e-02 -1.528043e-01 
-5.309797e-03 -1.296579e-01 
-1.390758e-03 -9.357110e-02 
2.084792e-04 -4.893117e-02 
3.562442e-04 4.466976e-04 
-7.722341e-04 3.056189e-02 
-1.261093e-03 3.728199e-02 
-1.145919e-03 2.590323e-02 
1.023274e-04 -3.716619e-03 
1.482964e-03 -3.216201e-02 
8.919478e-04 -2.893950e-02 
9.208242e-05 -3.837329e-03 
-2.264913e-01 -9.291647e-02 
-3.327016e-02 -1.437710e-01 
-1.922158e-02 -1.844920e-01 
-7.940786e-03 -1.980164e-01 
-2.047778e-03 -1.771452e-01 
8.125368e-04 -1.269011e-01 
1.855800e-03 -4.058363e-02 
-8.835447e-04 5.587848e-02 
-3.031085e-03 1.010056e-01 
-3.943050e-03 1.012983e-01 
-2.134487e-03 4.837256e-02 
2.733476e-03 -3.942633e-02 
2.810835e-03 -7.627077e-02 
1.786145e-03 -7.241102e-02 
3.105805e-02 2.205800e-02 
-5.119438e-03 -9.970645e-02 
-2.311859e-03 -1.218192e-01 
1.352438e-03 -4.987448e-02 
1.328287e-03 1.047670e-02 
7.287080e-04 5.090108e-02 
-2.469593e-04 5.704048e-02 
-4.439295e-04 2.111536e-02 
1.913436e-05 1.828178e-03 
3.559469e-04 -6.666533e-03 
2.883235e-04 -6.628048e-03 
-3.514403e-04 2.260907e-03 
-4.910118e-04 1.072337e-02 
-6.170412e-04 2.265369e-02 
