poroelastic
1.154208e-02 1.991022e-02 
1.293191e-02 -8.893594e-04 
4.484770e-03 -4.617577e-02 
-1.344236e-02 -7.179651e-02 
-8.900728e-03 -8.298467e-02 
-5.059884e-03 -7.425156e-02 
-1.237309e-03 -2.815788e-02 
-1.054054e-03 3.175646e-02 
-2.294898e-03 4.274998e-02 
-3.056498e-03 3.041724e-02 
-1.694250e-03 5.846192e-03 
2.419398e-03 -1.568580e-02 
2.784073e-03 -3.916458e-02 
2.968076e-03 -6.789250e-02 
6.291017e-02 2.695251e-01 
1.908374e-02 2.356961e-01 
1.743843e-02 8.058622e-02 
-1.687175e-02 -7.095204e-02 
-1.444810e-02 -1.364000e-01 
-8.953831e-03 -1.439826e-01 
-1.537745e-03 -9.368326e-02 
8.025419e-04 -6.450989e-03 
-7.046602e-04 3.348720e-02 
-2.415833e-03 4.884234e-02 
-3.538971e-03 4.719825e-02 
-4.328968e-04 2.696436e-02 
1.981390e-03 -2.130984e-02 
4.151487e-03 -9.478196e-02 
2.008549e-01 -1.846925e-01 
6.094751e-03 -1.903595e-01 
-1.091632e-02 -1.599805e-01 
-8.027003e-03 -8.935909e-02 
-4.976843e-04 -1.976885e-02 
1.771262e-03 3.316993e-02 
-3.115890e-04 5.604950e-02 
-1.784868e-03 3.181552e-02 
-9.741096e-04 1.844280e-04 
1.113320e-04 -2.204893e-02 
7.414209e-04 -2.089728e-02 
1.095026e-04 5.433553e-03 
4.454632e-04 -1.787413e-03 
1.847534e-03 -4.100800e-02 
2.498686e-02 4.148236e-02 
1.703761e-02 3.524802e-02 
5.011361e-03 -3.758304e-02 
-2.448182e-02 -1.335550e-01 
-1.692209e-02 -1.825576e-01 
-9.503724e-03 -1.794471e-01 
-8.917165e-04 -1.048384e-01 
3.869180e-04 1.174349e-02 
-2.095385e-03 6.168460e-02 
-4.255361e-03 7.114298e-02 
-4.141301e-03 4.909545e-02 
1.304604e-03 7.062159e-03 
3.380600e-03 -4.576888e-02 
4.979059e-03 -1.133778e-01 
1.961963e-01 3.593586e-01 
3.063878e-02 3.879562e-01 
2.191938e-02 2.279936e-01 
-9.015218e-03 -1.264817e-03 
-1.206680e-02 -1.292825e-01 
-8.035817e-03 -1.772356e-01 
7.395460e-04 -1.310163e-01 
2.023118e-03 -9.994889e-04 
-1.252957e-03 6.821306e-02 
-4.336579e-03 9.537319e-02 
-5.580656e-03 8.019101e-02 
1.308151e-04 2.282071e-02 
3.026317e-03 -3.968346e-02 
4.912149e-03 -1.110169e-01 
3.789392e-01 -2.618958e-01 
8.423449e-03 -2.476082e-01 
-1.573069e-02 -2.127118e-01 
-1.998035e-02 -1.642458e-01 
-8.669259e-03 -1.085685e-01 
-3.572524e-03 -5.461262e-02 
-1.952417e-03 -8.948638e-03 
-1.378172e-03 1.421216e-02 
-1.432709e-03 1.582629e-02 
-1.577594e-03 9.895515e-03 
-1.090297e-03 3.208672e-03 
1.162791e-03 -3.576923e-03 
2.028596e-03 -2.821273e-02 
3.173871e-03 -7.004350e-02 
2.330417e-02 2.900350e-02 
8.223893e-03 4.423052e-02 
-1.894007e-03 -2.091677e-02 
-1.981646e-02 -1.340223e-01 
-1.334736e-02 -1.947377e-01 
-5.860093e-03 -1.956528e-01 
3.121120e-03 -1.095567e-01 
1.414866e-03 3.680441e-02 
-3.020732e-03 1.069516e-01 
-6.352042e-03 1.227078e-01 
-6.108243e-03 8.328715e-02 
1.730279e-03 3.035404e-03 
4.364202e-03 -6.439162e-02 
5.599514e-03 -1.260026e-01 
2.394722e-01 4.623709e-01 
4.756401e-02 5.189275e-01 
2.494238e-02 3.300344e-01 
-1.367134e-02 1.435800e-02 
-1.605374e-02 -1.748192e-01 
-1.110946e-02 -2.550956e-01 
-5.573652e-04 -2.055698e-01 
2.169193e-03 -3.236154e-02 
-1.551654e-03 6.847158e-02 
-5.290172e-03 1.109582e-01 
-6.164895e-03 8.873144e-02 
1.126091e-03 6.219753e-03 
3.793760e-03 -5.654068e-02 
4.824792e-03 -1.068407e-01 
4.870251e-01 -4.198724e-01 
-1.468079e-02 -3.765820e-01 
-3.008113e-02 -3.088090e-01 
-1.880442e-02 -2.288463e-01 
-6.084153e-03 -1.438107e-01 
4.818694e-05 -5.941831e-02 
2.123618e-03 1.705199e-02 
-1.119869e-03 6.452961e-02 
-3.185966e-03 7.509197e-02 
-4.159856e-03 6.341789e-02 
-2.948777e-03 3.091814e-02 
2.252119e-03 -1.587642e-02 
3.582044e-03 -5.540189e-02 
4.232138e-03 -9.135314e-02 
2.542706e-02 8.025856e-03 
1.819012e-03 5.878563e-02 
-7.187954e-03 1.613940e-02 
-1.668854e-02 -1.006319e-01 
-1.160691e-02 -1.777435e-01 
-6.048347e-03 -1.963074e-01 
1.038933e-03 -1.241723e-01 
6.979040e-04 1.388146e-02 
-2.624228e-03 7.711201e-02 
-4.760215e-03 8.461575e-02 
-3.028280e-03 3.598418e-02 
3.191162e-03 -3.632966e-02 
3.255039e-03 -5.560701e-02 
1.881897e-03 -4.130585e-02 
3.033594e-01 5.186057e-01 
6.422986e-02 5.773108e-01 
1.958057e-02 3.607348e-01 
-1.143666e-02 -4.940070e-03 
-1.239135e-02 -2.205340e-01 
-6.202333e-03 -2.993438e-01 
4.343784e-03 -2.135274e-01 
3.188077e-03 2.243733e-02 
-3.897928e-03 1.548866e-01 
-9.518101e-03 1.961978e-01 
-9.473236e-03 1.325012e-01 
3.150934e-03 -1.807356e-02 
6.443277e-03 -1.013311e-01 
6.044327e-03 -1.285501e-01 
6.027630e-01 -5.555667e-01 
-4.203452e-02 -4.205149e-01 
-4.201542e-02 -3.067480e-01 
-1.813920e-02 -2.225904e-01 
-6.823921e-03 -1.468418e-01 
-2.500571e-03 -8.011239e-02 
-9.698468e-04 -2.560940e-02 
-9.348896e-04 1.027610e-02 
-1.907539e-03 3.088503e-02 
-3.177670e-03 4.027584e-02 
-2.934645e-03 3.008925e-02 
1.656487e-03 -7.360805e-03 
3.442163e-03 -4.941048e-02 
4.686708e-03 -9.324300e-02 
