poroelastic
-2.833015e-03 2.907192e-02 
-9.694655e-04 3.363309e-02 
1.397304e-03 3.184749e-02 
3.237641e-03 4.085570e-02 
6.434923e-04 1.814054e-02 
-1.015729e-03 -9.396517e-03 
-8.057007e-04 -9.591496e-03 
-3.073318e-04 2.124410e-02 
-5.842433e-04 1.882380e-02 
-6.935118e-04 3.745760e-03 
-6.372706e-05 -1.388978e-02 
7.742783e-04 -1.863105e-02 
4.451062e-04 -1.627647e-02 
2.361351e-04 -1.413826e-02 
4.117844e-01 5.710861e-01 
2.257191e-02 5.403788e-01 
2.242404e-02 3.413452e-01 
7.013246e-03 1.288422e-01 
-3.362444e-03 -5.468593e-03 
-6.095772e-03 -8.184776e-02 
-3.654592e-03 -9.192436e-02 
-2.267227e-04 -3.667380e-02 
2.329130e-04 -1.221201e-02 
2.475101e-04 -5.643316e-04 
-1.543665e-07 7.544072e-03 
-4.512221e-04 1.557413e-02 
-2.041758e-04 1.135484e-02 
1.507349e-04 -8.910159e-03 
4.161475e-01 -5.170864e-01 
4.696135e-03 -4.576206e-01 
-1.911188e-02 -3.029835e-01 
-6.285309e-03 -1.075793e-01 
2.550746e-03 1.767501e-02 
4.176006e-03 8.713944e-02 
8.166395e-04 9.573865e-02 
-1.200598e-03 4.261341e-02 
-8.495274e-04 -6.028498e-03 
-1.382573e-04 -3.904949e-02 
7.178033e-04 -4.413344e-02 
5.577080e-04 -1.545351e-02 
1.922420e-04 -5.398147e-03 
2.791984e-04 -1.522691e-02 
2.348149e-03 8.263605e-02 
1.006766e-02 1.416844e-01 
1.156904e-02 1.201486e-01 
-4.296417e-03 2.987586e-02 
-7.459534e-03 -6.012565e-02 
-7.747467e-03 -1.188054e-01 
-4.025777e-03 -1.094195e-01 
-3.777241e-04 -2.948121e-02 
-2.841446e-04 8.963513e-03 
-8.016306e-04 2.439503e-02 
-1.011811e-03 2.328763e-02 
3.011604e-04 8.186193e-03 
7.756195e-04 -2.065467e-02 
1.151056e-03 -6.616797e-02 
5.819683e-01 6.777224e-01 
5.434004e-02 7.422003e-01 
3.356228e-02 5.376707e-01 
1.367844e-02 2.246570e-01 
-1.537680e-03 1.400505e-02 
-5.500826e-03 -1.122944e-01 
-1.901144e-03 -1.342248e-01 
1.059077e-03 -4.082260e-02 
7.274795e-04 1.180464e-02 
6.812518e-05 3.919582e-02 
-8.012482e-04 4.558234e-02 
-8.174775e-04 3.118836e-02 
-1.524010e-04 1.114196e-02 
3.501168e-04 -2.009647e-02 
5.604304e-01 -5.990535e-01 
8.169469e-04 -4.650163e-01 
-1.874748e-02 -2.914518e-01 
-1.332639e-02 -1.459854e-01 
-4.564579e-03 -5.638512e-02 
-2.076205e-03 -3.077175e-03 
-2.668548e-03 1.756565e-02 
-1.459925e-03 9.672768e-03 
-8.456333e-04 -6.259030e-03 
-5.703237e-04 -1.969961e-02 
-3.744959e-05 -2.381543e-02 
9.573810e-04 -1.888041e-02 
9.094479e-04 -3.001219e-02 
1.079032e-03 -5.766051e-02 
3.172127e-04 9.155043e-02 
1.263830e-02 1.929316e-01 
1.026233e-02 1.629002e-01 
-5.197628e-03 1.565496e-02 
-7.861087e-03 -1.001149e-01 
-6.811120e-03 -1.645991e-01 
-1.614822e-03 -1.365780e-01 
6.218736e-04 -1.546748e-02 
-3.165241e-04 4.929764e-02 
-1.578852e-03 7.660409e-02 
-2.112927e-03 6.594868e-02 
2.896475e-04 1.729830e-02 
1.275443e-03 -3.788673e-02 
1.830774e-03 -1.025118e-01 
7.011358e-01 8.167628e-01 
9.566397e-02 9.562321e-01 
4.839606e-02 7.242085e-01 
1.155459e-02 2.861542e-01 
-4.640951e-03 -1.381401e-02 
-7.903509e-03 -1.907775e-01 
-2.472356e-03 -2.163129e-01 
1.354888e-03 -7.447839e-02 
7.309058e-04 1.431356e-02 
-3.965856e-04 6.231451e-02 
-1.433611e-03 6.808453e-02 
-7.492076e-04 3.157737e-02 
4.237863e-05 2.771093e-03 
4.692369e-04 -2.565988e-02 
7.234585e-01 -7.455968e-01 
-1.835247e-02 -5.408445e-01 
-3.131086e-02 -3.470029e-01 
-1.765227e-02 -2.282366e-01 
-7.463641e-03 -1.451314e-01 
-3.241018e-03 -7.709859e-02 
-1.579211e-03 -1.693443e-02 
-9.851427e-04 3.047403e-02 
-1.333892e-03 4.513099e-02 
-1.770970e-03 4.032679e-02 
-1.212001e-03 1.598448e-02 
1.506166e-03 -2.699397e-02 
1.969182e-03 -6.881004e-02 
2.210821e-03 -1.126511e-01 
-5.537882e-03 9.202637e-02 
1.884563e-02 2.562197e-01 
1.052307e-02 2.392584e-01 
-3.717541e-03 4.646540e-02 
-6.848001e-03 -1.066626e-01 
-5.872230e-03 -1.926085e-01 
-8.259737e-04 -1.646345e-01 
8.783506e-04 -2.495622e-02 
-3.369267e-04 5.097776e-02 
-1.549027e-03 7.861138e-02 
-1.624148e-03 5.388020e-02 
5.611628e-04 -5.967886e-03 
9.592104e-04 -3.461829e-02 
8.264453e-04 -4.401019e-02 
7.584679e-01 9.402774e-01 
1.360626e-01 1.112395e+00 
5.112008e-02 8.222565e-01 
3.668616e-03 2.494978e-01 
-7.798250e-03 -1.245400e-01 
-7.702822e-03 -3.195006e-01 
-1.027241e-04 -2.966439e-01 
2.349547e-03 -4.990576e-02 
-1.245331e-04 9.899614e-02 
-2.758111e-03 1.655791e-01 
-3.932238e-03 1.398186e-01 
2.345418e-05 2.537113e-02 
1.675828e-03 -5.353870e-02 
2.073380e-03 -1.047861e-01 
8.162463e-01 -9.090887e-01 
-5.021295e-02 -5.635761e-01 
-4.283539e-02 -3.169460e-01 
-1.476780e-02 -2.209189e-01 
-6.434865e-03 -1.539093e-01 
-3.550859e-03 -1.002523e-01 
-2.282626e-03 -5.404599e-02 
-8.262246e-04 -1.190746e-02 
-8.258334e-04 1.037755e-02 
-1.259963e-03 2.036661e-02 
-1.005525e-03 1.425484e-02 
1.097864e-03 -1.502393e-02 
1.724864e-03 -5.385579e-02 
2.272397e-03 -1.025126e-01 
