poroelastic
6.496984e-04 -5.623709e-02 
-4.197138e-03 -4.934979e-02 
-1.153467e-04 -4.587927e-04 
3.258676e-03 2.134269e-02 
2.795283e-03 2.797033e-02 
1.573612e-04 2.027433e-02 
-4.607104e-03 -2.974563e-02 
-1.287824e-03 -7.757194e-02 
2.299545e-03 -4.093943e-02 
1.249666e-03 2.012551e-02 
-4.367332e-03 6.774069e-02 
-2.906341e-03 4.170189e-02 
7.196738e-04 -1.579484e-03 
2.897251e-03 -4.820556e-02 
1.067890e-01 -1.668489e-01 
-3.409122e-02 -1.254291e-01 
-2.348044e-02 5.850865e-02 
5.971078e-02 2.043366e-01 
4.325807e-02 2.205321e-01 
2.519310e-02 1.621808e-01 
1.095686e-02 5.565178e-02 
4.765085e-03 -3.252231e-02 
4.893293e-03 -2.880463e-02 
5.038699e-03 4.417166e-03 
2.075478e-03 3.422970e-02 
-3.625901e-03 2.457369e-02 
-3.753218e-03 3.869584e-02 
-5.207775e-03 8.465014e-02 
4.490690e-02 -1.522300e-03 
1.345914e-02 4.021497e-02 
1.886483e-02 7.606375e-02 
-3.612209e-03 3.948956e-02 
-1.250185e-02 -3.511243e-02 
-1.572719e-02 -9.412207e-02 
-1.079798e-02 -1.173930e-01 
-4.325382e-04 -6.411131e-02 
2.102355e-04 1.558204e-02 
-4.358141e-03 7.689294e-02 
-8.532647e-03 8.164009e-02 
2.318439e-03 -6.910040e-03 
5.326619e-03 -6.143241e-02 
4.676494e-03 -7.416207e-02 
-3.480491e-02 -1.278688e-01 
-3.967128e-02 -1.245848e-01 
-1.663640e-02 -4.841264e-03 
4.276371e-02 1.249700e-01 
3.558695e-02 1.864676e-01 
2.431256e-02 1.847566e-01 
8.298000e-03 9.882114e-02 
1.076946e-03 -3.144974e-02 
3.427532e-03 -6.119989e-02 
5.675728e-03 -4.141577e-02 
3.538524e-03 1.040800e-03 
-3.840315e-03 2.510593e-02 
-4.350464e-03 4.751453e-02 
-5.066963e-03 8.135368e-02 
-1.763519e-01 -3.095441e-01 
-6.217426e-02 -3.928877e-01 
-4.479169e-02 -2.329700e-01 
1.526814e-02 2.825252e-03 
2.429308e-02 1.207289e-01 
1.954328e-02 1.601159e-01 
5.877805e-03 1.172892e-01 
-1.603919e-03 4.053446e-03 
1.354905e-04 -3.559066e-02 
2.065185e-03 -3.993256e-02 
2.882242e-03 -2.701254e-02 
5.952250e-04 -1.593252e-02 
-1.291578e-03 9.624020e-03 
-3.698254e-03 5.798957e-02 
-1.704006e-01 1.453817e-01 
2.104043e-03 1.040697e-01 
1.387877e-02 9.589666e-02 
1.810351e-02 8.368300e-02 
7.190844e-03 4.592878e-02 
1.665555e-03 6.142292e-03 
1.269554e-03 -2.663006e-02 
2.349091e-03 -3.003099e-02 
1.681816e-03 2.054710e-03 
-4.704255e-04 3.682226e-02 
-3.273289e-03 4.956234e-02 
-1.020690e-03 1.414540e-02 
7.169098e-04 -8.567558e-03 
5.498337e-04 -8.455243e-03 
-2.524923e-02 -1.499917e-01 
-4.081898e-02 -2.121645e-01 
-2.545901e-02 -1.304689e-01 
3.186851e-02 5.557493e-02 
3.510819e-02 1.932628e-01 
2.682064e-02 2.584364e-01 
4.212231e-03 1.912967e-01 
-3.978160e-03 -7.828551e-03 
1.331057e-03 -9.798239e-02 
6.820963e-03 -1.171849e-01 
8.108805e-03 -7.569253e-02 
-1.722602e-03 -1.150328e-03 
-4.989906e-03 5.403435e-02 
-6.770419e-03 1.052274e-01 
-3.580570e-01 -5.095856e-01 
-1.329616e-01 -6.890288e-01 
-8.699803e-02 -4.995125e-01 
7.550348e-03 -1.119562e-01 
3.212452e-02 1.306364e-01 
3.060369e-02 2.491717e-01 
1.105881e-02 2.311872e-01 
-2.359207e-03 6.054536e-02 
-1.860743e-04 -3.752946e-02 
4.037842e-03 -8.169931e-02 
6.675399e-03 -7.348026e-02 
2.827821e-04 -1.612405e-02 
-3.146415e-03 3.279170e-02 
-5.457672e-03 8.255131e-02 
-3.257066e-01 4.047498e-01 
3.067501e-02 2.366935e-01 
3.029469e-02 1.568650e-01 
2.585186e-02 1.268340e-01 
1.124470e-02 8.916130e-02 
3.212097e-03 5.167728e-02 
-1.689700e-03 1.051787e-02 
-8.950552e-05 -3.261797e-02 
1.658675e-03 -3.763383e-02 
2.226719e-03 -2.491337e-02 
1.292355e-03 -4.646460e-03 
-1.132875e-03 7.988623e-03 
-1.539929e-03 1.708034e-02 
-2.215413e-03 3.280251e-02 
-2.485535e-02 -1.792788e-01 
-5.655953e-02 -3.141795e-01 
-3.458532e-02 -2.508984e-01 
3.105371e-02 7.111660e-03 
3.939036e-02 2.178471e-01 
3.039875e-02 3.266237e-01 
3.260034e-03 2.560394e-01 
-4.125445e-03 5.306033e-04 
3.067979e-03 -1.234181e-01 
9.250999e-03 -1.476598e-01 
8.071420e-03 -7.399053e-02 
-5.566413e-03 5.059719e-02 
-6.451091e-03 8.052348e-02 
-3.383261e-03 5.055086e-02 
-5.537966e-01 -7.231983e-01 
-2.336892e-01 -1.001337e+00 
-1.268162e-01 -7.624176e-01 
1.277013e-02 -1.668615e-01 
4.638373e-02 2.431777e-01 
3.869067e-02 4.505780e-01 
1.868883e-03 4.029727e-01 
-9.003280e-03 5.392697e-02 
2.052682e-03 -1.630263e-01 
1.343879e-02 -2.541663e-01 
1.827532e-02 -2.039637e-01 
-1.053005e-03 -1.074202e-02 
-9.617137e-03 1.098510e-01 
-1.184197e-02 1.685183e-01 
-3.494424e-01 6.558476e-01 
5.044174e-02 2.370697e-01 
2.071720e-02 4.318465e-02 
2.131632e-02 5.329877e-02 
1.269751e-02 4.861646e-02 
1.020729e-02 4.992059e-02 
7.762982e-03 6.502707e-02 
5.278789e-05 5.792376e-02 
-1.481488e-03 4.061993e-02 
-6.622709e-04 1.267938e-02 
1.432316e-03 -1.625151e-02 
1.673759e-03 -2.240910e-02 
-5.984525e-05 -2.152505e-03 
-3.256155e-03 4.374902e-02 
