poroelastic
2.166928e-02 2.742323e-02 
2.495613e-02 1.146740e-02 
8.178009e-03 -6.958099e-02 
-3.246649e-02 -1.761285e-01 
-1.925663e-02 -1.711712e-01 
-9.865001e-03 -1.202639e-01 
-3.733730e-03 -6.632973e-02 
1.141786e-04 -3.899042e-02 
1.396884e-04 -8.603685e-03 
-8.202378e-04 1.489700e-02 
-1.413698e-03 2.182318e-02 
5.227563e-04 5.940497e-05 
9.593484e-04 -1.551532e-02 
1.016127e-03 -2.852503e-02 
-7.727977e-01 -6.118611e-01 
-3.862609e-02 -6.759392e-01 
-2.790332e-02 -5.593961e-01 
-5.944647e-02 -4.256863e-01 
-2.588250e-02 -2.872270e-01 
-8.327224e-03 -1.501597e-01 
-3.719900e-04 -2.561568e-02 
-1.106643e-03 5.040094e-02 
-3.735755e-03 9.428686e-02 
-6.541514e-03 1.062810e-01 
-6.086344e-03 7.112250e-02 
4.552511e-03 -2.563037e-02 
6.396732e-03 -1.089157e-01 
6.446564e-03 -1.791015e-01 
-4.408357e-01 7.423039e-01 
2.572215e-02 6.197523e-01 
3.614173e-02 3.606794e-01 
-7.048828e-03 4.433358e-02 
-1.469380e-02 -1.234872e-01 
-1.084522e-02 -1.947092e-01 
3.048001e-04 -1.734958e-01 
3.851765e-03 -7.389703e-02 
1.544094e-03 6.346156e-03 
-1.038490e-03 5.985565e-02 
-3.233093e-03 7.230397e-02 
-1.990449e-03 3.202414e-02 
-5.357863e-04 1.069425e-02 
-1.971515e-04 5.244744e-03 
3.371506e-02 -4.887680e-02 
5.909595e-03 -1.484459e-01 
-1.656057e-02 -2.355351e-01 
-3.246270e-02 -2.541310e-01 
-1.375768e-02 -1.812450e-01 
-3.305808e-03 -8.312858e-02 
5.653771e-04 -2.487097e-03 
-3.672033e-04 2.199394e-02 
-1.637438e-03 4.180998e-02 
-2.972522e-03 4.985763e-02 
-2.505521e-03 3.288971e-02 
2.189597e-03 -1.703763e-02 
2.737893e-03 -4.871611e-02 
2.289531e-03 -6.235294e-02 
-8.916778e-01 -6.828182e-01 
-9.670939e-02 -8.411961e-01 
-5.895635e-02 -7.354875e-01 
-6.591154e-02 -5.337017e-01 
-2.536634e-02 -3.328268e-01 
-6.532437e-03 -1.506796e-01 
1.731325e-04 -6.884298e-03 
-1.319434e-03 5.107350e-02 
-3.447034e-03 7.939881e-02 
-5.351130e-03 8.187942e-02 
-4.263917e-03 4.758830e-02 
4.145447e-03 -3.017354e-02 
5.231827e-03 -8.924806e-02 
4.876159e-03 -1.312359e-01 
-4.624963e-01 8.291952e-01 
3.580927e-02 5.979754e-01 
2.630798e-02 2.909401e-01 
-6.547416e-03 1.049641e-02 
-9.992469e-03 -1.163243e-01 
-5.423588e-03 -1.551093e-01 
2.977803e-03 -1.185244e-01 
3.026638e-03 -3.532706e-02 
4.731414e-04 2.464045e-02 
-1.658403e-03 6.055989e-02 
-2.943668e-03 6.109490e-02 
-1.241649e-03 2.032165e-02 
-1.993959e-04 3.548822e-03 
-1.598554e-04 4.153152e-03 
4.476363e-02 -8.214425e-02 
-1.465007e-02 -2.415584e-01 
-3.304148e-02 -3.315121e-01 
-3.039409e-02 -2.927186e-01 
-1.007951e-02 -1.795757e-01 
-3.630463e-04 -5.786976e-02 
1.682557e-03 2.714551e-02 
-4.665994e-04 3.231468e-02 
-1.373669e-03 3.599316e-02 
-1.993717e-03 3.405859e-02 
-1.348420e-03 1.771413e-02 
1.544323e-03 -1.557385e-02 
1.653959e-03 -3.033230e-02 
1.144202e-03 -3.024022e-02 
-1.007636e+00 -7.993199e-01 
-1.641265e-01 -1.044030e+00 
-9.534925e-02 -9.218307e-01 
-6.246471e-02 -6.049806e-01 
-1.863068e-02 -3.191693e-01 
-1.886741e-03 -8.738771e-02 
1.840672e-04 6.536953e-02 
-2.909527e-03 8.291615e-02 
-4.195925e-03 8.047179e-02 
-5.029584e-03 6.376756e-02 
-2.960910e-03 2.367061e-02 
4.887410e-03 -4.378928e-02 
5.523483e-03 -9.445348e-02 
5.020994e-03 -1.302080e-01 
-5.540668e-01 9.156944e-01 
4.314398e-02 5.768786e-01 
2.462785e-02 2.534233e-01 
3.001241e-03 4.284426e-02 
-1.478682e-03 -4.189316e-02 
2.676038e-04 -6.705899e-02 
4.186708e-03 -5.095528e-02 
2.607382e-03 -2.188968e-02 
1.079400e-03 5.361988e-03 
-1.244642e-06 2.667075e-02 
-1.331552e-03 3.480198e-02 
-2.250557e-03 2.546440e-02 
-1.826822e-03 3.054690e-02 
-1.865993e-03 4.660751e-02 
5.328290e-02 -1.292479e-01 
-4.430834e-02 -3.699530e-01 
-4.936421e-02 -4.514860e-01 
-2.334798e-02 -3.090553e-01 
-3.585780e-03 -1.271701e-01 
2.877100e-03 2.609907e-02 
4.571850e-04 9.584530e-02 
-1.543002e-03 4.326820e-02 
-9.960517e-04 1.458379e-02 
-5.849828e-04 7.773029e-04 
-6.883910e-05 -3.787262e-03 
1.056939e-03 -1.000322e-02 
1.086916e-03 -1.826752e-02 
1.050721e-03 -2.664328e-02 
-1.049140e+00 -9.432130e-01 
-2.319075e-01 -1.253645e+00 
-1.200930e-01 -1.073666e+00 
-4.138367e-02 -5.780990e-01 
-4.254232e-03 -1.846619e-01 
4.647721e-03 8.972756e-02 
-1.718689e-03 2.084660e-01 
-5.142057e-03 1.131967e-01 
-3.410891e-03 3.806341e-02 
-1.490024e-03 -1.525950e-02 
1.421339e-03 -4.855229e-02 
4.746998e-03 -5.945668e-02 
3.557867e-03 -6.270574e-02 
2.461688e-03 -6.025176e-02 
-5.622017e-01 1.059395e+00 
5.987009e-02 5.657705e-01 
1.980196e-02 1.837619e-01 
1.461529e-03 3.973406e-03 
-3.217129e-04 -5.855273e-02 
2.240097e-03 -6.485313e-02 
5.454065e-03 -2.713783e-02 
1.640229e-03 1.538825e-02 
-5.271586e-04 3.879382e-02 
-1.576151e-03 4.859961e-02 
-2.135771e-03 4.192937e-02 
-1.477312e-03 1.928937e-02 
-7.976233e-04 1.282104e-02 
-8.029029e-04 1.831244e-02 
