poroelastic
-3.037105e-02 -4.726461e-02 
-3.545585e-02 -1.855646e-02 
-1.554403e-02 6.981016e-02 
3.680947e-02 1.454739e-01 
2.866802e-02 1.662642e-01 
1.958204e-02 1.429711e-01 
9.425982e-03 7.269081e-02 
2.463235e-03 -5.756020e-03 
2.127288e-03 -2.883877e-02 
3.478620e-03 -2.111170e-02 
2.621890e-03 4.950477e-03 
-2.540848e-03 2.816693e-02 
-2.411914e-03 4.618497e-02 
-2.102323e-03 6.507273e-02 
4.086231e-01 7.396939e-02 
-5.507051e-03 1.637468e-01 
-6.425204e-03 2.688021e-01 
7.666468e-02 3.427783e-01 
5.224655e-02 3.298836e-01 
3.101459e-02 2.568646e-01 
1.137888e-02 1.299463e-01 
7.916078e-04 -1.238218e-02 
1.453553e-03 -7.545763e-02 
5.225990e-03 -9.386302e-02 
8.125480e-03 -7.623822e-02 
-1.761417e-03 -1.476442e-02 
-5.130299e-03 8.672055e-02 
-7.399621e-03 2.200709e-01 
9.160759e-02 -2.604631e-01 
-2.045173e-02 -1.839298e-01 
-1.389975e-02 -6.944246e-02 
9.510448e-03 2.852022e-02 
9.647814e-03 5.673385e-02 
7.167407e-03 5.737397e-02 
3.583220e-03 4.092370e-02 
5.429670e-04 2.498691e-02 
-4.873613e-04 2.616369e-02 
-1.490714e-03 2.527940e-02 
-1.416358e-03 6.822569e-03 
1.845515e-03 -3.087401e-02 
1.434202e-03 -3.363645e-02 
7.683448e-05 -2.178992e-03 
-6.018034e-02 -3.529581e-02 
-3.572550e-02 2.984823e-02 
1.229358e-03 1.691257e-01 
6.566378e-02 2.875807e-01 
4.646319e-02 3.118322e-01 
2.832717e-02 2.624885e-01 
8.651843e-03 1.360782e-01 
-4.266032e-04 -2.009228e-02 
1.333824e-03 -9.157265e-02 
5.471742e-03 -1.067355e-01 
7.015505e-03 -6.947542e-02 
-2.822124e-03 1.018216e-02 
-4.997986e-03 8.983545e-02 
-5.978077e-03 1.736759e-01 
2.987120e-01 3.488889e-03 
1.408661e-02 6.777782e-02 
6.418127e-03 1.815125e-01 
7.001335e-02 3.082941e-01 
4.935796e-02 3.367002e-01 
2.974702e-02 2.923948e-01 
8.182923e-03 1.696778e-01 
-1.771452e-03 -4.473974e-03 
1.863523e-04 -9.302981e-02 
4.462738e-03 -1.242050e-01 
7.531682e-03 -9.984934e-02 
-1.229214e-03 -1.555903e-02 
-4.584698e-03 7.940032e-02 
-6.521490e-03 1.842934e-01 
-1.084789e-01 -1.954782e-01 
-2.803022e-02 -9.505851e-02 
9.562914e-04 3.305005e-02 
3.170273e-02 1.349649e-01 
2.249632e-02 1.551626e-01 
1.356631e-02 1.325104e-01 
4.485678e-03 7.741851e-02 
-4.899376e-05 1.500463e-02 
1.453966e-05 -1.143512e-02 
7.022086e-04 -2.100307e-02 
1.321898e-03 -2.088393e-02 
2.453054e-04 -1.238592e-02 
-6.173178e-04 8.092823e-03 
-1.601448e-03 4.354544e-02 
-6.479537e-02 1.064481e-03 
-1.160725e-02 6.754323e-02 
2.384466e-02 1.942950e-01 
6.533688e-02 3.123708e-01 
4.377997e-02 3.406864e-01 
2.385328e-02 2.927872e-01 
1.696249e-03 1.510512e-01 
-3.421080e-03 -4.163935e-02 
6.869280e-04 -1.357846e-01 
5.781761e-03 -1.585856e-01 
7.698342e-03 -1.068885e-01 
-2.370813e-03 5.954434e-03 
-5.126243e-03 9.529262e-02 
-6.089616e-03 1.698014e-01 
2.675025e-01 -6.844767e-02 
2.830007e-02 1.081577e-03 
2.355112e-02 1.418968e-01 
7.594224e-02 3.179261e-01 
5.235469e-02 3.755008e-01 
3.117459e-02 3.423167e-01 
7.776292e-03 2.099442e-01 
-1.560031e-03 3.567034e-03 
1.134692e-03 -1.089751e-01 
5.758037e-03 -1.510946e-01 
8.239129e-03 -1.162442e-01 
-1.926513e-03 8.698581e-04 
-5.504687e-03 1.025144e-01 
-7.142601e-03 1.922722e-01 
-2.053631e-01 -3.531616e-02 
2.024754e-03 6.538375e-02 
2.803343e-02 1.598296e-01 
3.148312e-02 1.943262e-01 
1.543849e-02 1.574103e-01 
4.142382e-03 9.486332e-02 
-3.634210e-03 2.093464e-02 
-1.624391e-03 -3.488978e-02 
4.365266e-04 -5.493600e-02 
1.766156e-03 -5.504338e-02 
2.155363e-03 -3.665769e-02 
-2.297978e-04 -3.818295e-03 
-1.206766e-03 2.209168e-02 
-1.822599e-03 4.721652e-02 
-6.630485e-02 4.778748e-02 
1.812840e-02 1.171576e-01 
4.758611e-02 2.243008e-01 
6.038781e-02 3.064289e-01 
3.678105e-02 3.177912e-01 
1.819775e-02 2.643768e-01 
6.842359e-05 1.288294e-01 
-1.922916e-03 -4.335026e-02 
1.882131e-03 -1.231882e-01 
5.427393e-03 -1.318287e-01 
4.951964e-03 -6.366584e-02 
-3.578545e-03 4.841614e-02 
-4.332165e-03 8.969917e-02 
-3.066829e-03 8.135369e-02 
1.894074e-01 -1.026340e-01 
3.939737e-02 -2.345989e-02 
4.458986e-02 1.293138e-01 
6.424088e-02 3.109083e-01 
4.084287e-02 3.716935e-01 
1.975132e-02 3.306553e-01 
-2.099889e-03 1.710673e-01 
-2.965319e-03 -7.151002e-02 
3.176515e-03 -1.970180e-01 
8.910750e-03 -2.247703e-01 
1.002093e-02 -1.413733e-01 
-3.890926e-03 4.241125e-02 
-7.772269e-03 1.523965e-01 
-7.984065e-03 1.991612e-01 
-3.041008e-01 7.196858e-02 
2.553101e-02 1.042335e-01 
4.413070e-02 1.669038e-01 
3.525873e-02 2.087470e-01 
1.775541e-02 1.824641e-01 
6.811114e-03 1.306989e-01 
-1.433012e-03 6.267693e-02 
-1.217242e-03 -1.994809e-03 
4.614417e-04 -3.910821e-02 
2.070196e-03 -6.048672e-02 
3.172831e-03 -5.962129e-02 
8.263374e-04 -2.405303e-02 
-1.297068e-03 2.172529e-02 
-3.300657e-03 7.618609e-02 
