poroelastic
7.292472e-02 5.915350e-02 
8.223692e-02 6.860296e-03 
2.993467e-02 -1.444405e-01 
-9.614576e-02 -2.735915e-01 
-6.062210e-02 -2.719817e-01 
-3.189722e-02 -1.896127e-01 
-1.392219e-02 -6.860163e-02 
-7.634062e-03 9.657548e-03 
-7.903750e-03 2.444970e-02 
-8.802452e-03 1.010657e-02 
-3.260546e-03 -1.631076e-02 
9.932492e-03 -3.282874e-02 
9.286163e-03 -4.801143e-02 
8.874503e-03 -6.799591e-02 
-3.556115e-01 -1.095382e-01 
2.780278e-02 -1.940209e-01 
4.676752e-03 -2.779503e-01 
-1.032174e-01 -3.342279e-01 
-5.934884e-02 -2.965206e-01 
-2.767323e-02 -2.072854e-01 
-5.269276e-03 -9.506249e-02 
1.467807e-03 -7.378947e-03 
-2.111248e-03 3.288132e-02 
-7.308054e-03 5.075600e-02 
-1.200046e-02 5.393472e-02 
-3.060528e-03 3.798204e-02 
6.338008e-03 -2.253387e-02 
1.665689e-02 -1.266970e-01 
-2.187392e-02 3.395939e-01 
5.975589e-02 2.649867e-01 
4.012886e-02 8.860319e-02 
-4.706425e-02 -1.048177e-01 
-3.904731e-02 -1.723194e-01 
-2.417597e-02 -1.645752e-01 
-7.451682e-03 -1.084632e-01 
2.779486e-03 -4.820917e-02 
2.729107e-03 -1.157512e-02 
1.532294e-04 1.462020e-02 
-4.881249e-03 3.570515e-02 
-7.076135e-03 4.567141e-02 
-1.227900e-03 1.574582e-02 
7.577226e-03 -5.731294e-02 
1.045759e-01 1.778175e-02 
6.828167e-02 -8.231249e-02 
-5.844869e-03 -2.590328e-01 
-1.207305e-01 -3.845613e-01 
-7.019155e-02 -3.722553e-01 
-3.166604e-02 -2.729376e-01 
-1.433672e-03 -1.201803e-01 
3.061469e-03 1.671926e-02 
-5.482621e-03 7.982754e-02 
-1.365913e-02 9.403802e-02 
-1.533149e-02 6.618879e-02 
2.845098e-03 8.107955e-03 
1.073203e-02 -5.463063e-02 
1.692105e-02 -1.291251e-01 
-3.220336e-01 -5.389133e-02 
8.591934e-03 -1.300588e-01 
-3.542815e-03 -2.320986e-01 
-1.127724e-01 -3.421466e-01 
-6.813667e-02 -3.470056e-01 
-3.347702e-02 -2.780523e-01 
-3.354040e-03 -1.508067e-01 
4.529042e-03 -8.255583e-03 
-3.400644e-03 6.871242e-02 
-1.222044e-02 9.811101e-02 
-1.611854e-02 7.832802e-02 
1.381686e-03 1.039989e-02 
9.691340e-03 -5.125374e-02 
1.531579e-02 -1.149341e-01 
2.032132e-01 3.033494e-01 
7.075622e-02 1.623957e-01 
8.226471e-03 -5.835537e-02 
-8.504397e-02 -2.502509e-01 
-5.560330e-02 -2.932999e-01 
-2.742907e-02 -2.474147e-01 
-5.483662e-04 -1.426850e-01 
6.474614e-03 -2.917531e-02 
4.967455e-04 3.601657e-02 
-5.855456e-03 6.750846e-02 
-1.016161e-02 6.531427e-02 
-3.426333e-03 2.802042e-02 
2.540404e-03 -1.087831e-02 
8.054234e-03 -6.014087e-02 
1.043659e-01 -2.528365e-02 
2.941037e-02 -1.279682e-01 
-3.762560e-02 -2.827905e-01 
-1.130646e-01 -3.955365e-01 
-6.187878e-02 -3.855030e-01 
-2.254806e-02 -2.904920e-01 
1.102626e-02 -1.246127e-01 
8.169289e-03 4.929774e-02 
-6.665118e-03 1.367791e-01 
-1.832164e-02 1.555748e-01 
-1.954708e-02 1.002288e-01 
4.626974e-03 -9.015213e-03 
1.243875e-02 -7.305373e-02 
1.457591e-02 -1.090715e-01 
-3.832714e-01 -3.320008e-02 
-3.230309e-02 -1.647854e-01 
-4.258699e-02 -2.934821e-01 
-1.384257e-01 -4.149160e-01 
-7.988810e-02 -4.214419e-01 
-3.914341e-02 -3.456661e-01 
-4.654931e-03 -2.005485e-01 
4.673886e-03 -2.342919e-02 
-5.380881e-03 8.882409e-02 
-1.755144e-02 1.396796e-01 
-2.226878e-02 1.108753e-01 
3.767972e-03 -5.116100e-03 
1.528843e-02 -9.070394e-02 
2.008322e-02 -1.474711e-01 
2.350527e-01 1.635272e-01 
1.427640e-02 -1.791815e-02 
-4.120150e-02 -2.031135e-01 
-6.536860e-02 -2.932055e-01 
-3.038481e-02 -2.580854e-01 
-3.013283e-03 -1.641656e-01 
1.795594e-02 -4.397918e-02 
8.978661e-03 4.781910e-02 
-2.388665e-03 9.563548e-02 
-9.424589e-03 1.084628e-01 
-1.157366e-02 7.935895e-02 
-1.437658e-03 1.301707e-02 
3.493722e-03 -2.113924e-02 
4.637338e-03 -3.370421e-02 
1.131645e-01 -1.124000e-01 
-2.582692e-02 -2.421548e-01 
-8.623254e-02 -3.762318e-01 
-1.123067e-01 -4.212712e-01 
-5.518163e-02 -3.680586e-01 
-1.945723e-02 -2.532564e-01 
5.199734e-03 -9.185890e-02 
2.268526e-03 5.125024e-02 
-8.713088e-03 1.169529e-01 
-1.631192e-02 1.177036e-01 
-1.180460e-02 4.538262e-02 
1.199234e-02 -6.517066e-02 
1.306737e-02 -8.501782e-02 
6.049569e-03 -4.400219e-02 
-3.638105e-01 -9.221703e-02 
-1.031976e-01 -2.817242e-01 
-1.009080e-01 -3.986426e-01 
-1.025865e-01 -4.356063e-01 
-4.612241e-02 -3.726482e-01 
-1.029104e-02 -2.476855e-01 
1.421527e-02 -7.309336e-02 
6.191707e-03 9.115179e-02 
-1.050259e-02 1.766625e-01 
-2.260918e-02 1.873486e-01 
-2.207795e-02 1.047684e-01 
1.027946e-02 -5.540266e-02 
1.879723e-02 -1.191748e-01 
1.354853e-02 -9.522886e-02 
4.125094e-01 4.578226e-02 
-3.088985e-02 -1.058271e-01 
-8.119036e-02 -2.695629e-01 
-7.658282e-02 -3.353034e-01 
-3.604141e-02 -2.964831e-01 
-9.443505e-03 -2.092982e-01 
1.118231e-02 -8.614536e-02 
6.446769e-03 2.881865e-02 
-4.698018e-03 9.724669e-02 
-1.397902e-02 1.280557e-01 
-1.786490e-02 1.044457e-01 
-1.556361e-03 1.451795e-02 
9.601482e-03 -5.802108e-02 
1.464155e-02 -9.788948e-02 
