poroelastic
-1.805345e-02 -3.948628e-02 
-2.184399e-02 -2.275410e-02 
-1.030203e-02 4.265557e-02 
2.223324e-02 1.055925e-01 
1.793743e-02 1.277133e-01 
1.272181e-02 1.168662e-01 
5.835674e-03 6.505826e-02 
8.622292e-04 -2.178828e-03 
5.291881e-04 -2.708327e-02 
1.411969e-03 -2.630471e-02 
1.434430e-03 -5.270655e-03 
-1.049951e-03 2.194202e-02 
-8.768873e-04 3.790121e-02 
-5.560837e-04 4.967708e-02 
3.663831e-01 4.989258e-02 
-1.480767e-03 1.084489e-01 
-8.494832e-03 2.068970e-01 
5.582413e-02 2.999572e-01 
4.007739e-02 3.066723e-01 
2.508877e-02 2.527554e-01 
9.661399e-03 1.376558e-01 
3.895660e-04 -6.265031e-03 
8.226611e-05 -7.621139e-02 
2.383458e-03 -1.003302e-01 
4.495536e-03 -8.127698e-02 
-1.357909e-03 -8.334015e-03 
-2.452948e-03 9.025428e-02 
-2.600604e-03 2.098837e-01 
1.071564e-01 -2.138420e-01 
-9.261277e-03 -1.462058e-01 
-7.370881e-03 -5.801777e-02 
2.894314e-03 1.168776e-02 
3.224237e-03 2.629519e-02 
2.090237e-03 2.361416e-02 
7.623222e-04 1.637570e-02 
6.732267e-05 1.547843e-02 
-2.356169e-04 2.099178e-02 
-7.667810e-04 2.044190e-02 
-7.912960e-04 3.404015e-03 
8.359544e-04 -2.739354e-02 
6.004907e-04 -3.058375e-02 
1.211861e-04 -8.486501e-03 
-4.119197e-02 -4.101340e-02 
-2.339388e-02 1.619076e-03 
-4.930769e-04 1.132218e-01 
4.211134e-02 2.239225e-01 
3.132545e-02 2.568763e-01 
2.027741e-02 2.275270e-01 
7.041115e-03 1.268044e-01 
-9.538172e-05 -7.967011e-03 
1.149160e-04 -7.456662e-02 
2.243279e-03 -9.397139e-02 
3.406981e-03 -6.446674e-02 
-1.517388e-03 9.326383e-03 
-2.130417e-03 7.954323e-02 
-2.042124e-03 1.513342e-01 
2.638180e-01 -4.555845e-03 
1.442522e-02 3.611390e-02 
4.474260e-03 1.385668e-01 
4.828070e-02 2.672552e-01 
3.519950e-02 3.022083e-01 
2.182253e-02 2.682872e-01 
6.152078e-03 1.566298e-01 
-1.269247e-03 -7.439565e-03 
-6.121405e-04 -9.340656e-02 
1.866138e-03 -1.248111e-01 
3.945508e-03 -9.978881e-02 
-1.031055e-03 -1.208252e-02 
-2.269858e-03 8.052544e-02 
-2.539349e-03 1.793205e-01 
-5.992238e-02 -1.590869e-01 
-1.649010e-02 -7.359136e-02 
1.508657e-03 2.086595e-02 
1.698462e-02 9.190291e-02 
1.187862e-02 1.023386e-01 
7.258109e-03 8.578832e-02 
2.779781e-03 5.211707e-02 
2.202614e-04 1.811829e-02 
-7.267086e-05 2.794290e-03 
1.683220e-07 -6.011583e-03 
2.819962e-04 -1.286232e-02 
2.435592e-04 -1.465181e-02 
-5.841393e-05 -2.184858e-03 
-4.168330e-04 2.640807e-02 
-4.676132e-02 -8.225373e-03 
-5.287747e-03 4.217696e-02 
1.690504e-02 1.465775e-01 
4.159284e-02 2.514684e-01 
2.868681e-02 2.794196e-01 
1.638937e-02 2.442675e-01 
2.241911e-03 1.291643e-01 
-1.773196e-03 -3.053961e-02 
-2.658950e-04 -1.112640e-01 
2.258446e-03 -1.340296e-01 
3.535899e-03 -9.348281e-02 
-1.298971e-03 3.176230e-03 
-2.247030e-03 8.393922e-02 
-2.330644e-03 1.557039e-01 
2.299649e-01 -6.991307e-02 
2.405587e-02 -2.717136e-02 
1.712564e-02 9.644558e-02 
4.984029e-02 2.652109e-01 
3.563845e-02 3.252131e-01 
2.210992e-02 3.034237e-01 
6.160812e-03 1.884928e-01 
-7.881627e-04 3.724286e-03 
9.380870e-05 -9.757664e-02 
2.419367e-03 -1.356915e-01 
3.883443e-03 -1.040080e-01 
-1.210405e-03 1.415331e-03 
-2.497055e-03 9.295826e-02 
-2.796357e-03 1.756620e-01 
-1.515460e-01 -2.672613e-02 
3.115096e-03 6.565195e-02 
1.921291e-02 1.320248e-01 
1.749155e-02 1.445095e-01 
7.930875e-03 1.068187e-01 
1.638120e-03 5.383588e-02 
-1.859128e-03 2.617670e-03 
-6.368770e-04 -2.524631e-02 
5.723156e-05 -3.273383e-02 
4.788436e-04 -3.078100e-02 
6.392538e-04 -2.076743e-02 
-8.278490e-05 -3.472287e-03 
-3.651948e-04 1.277792e-02 
-5.579956e-04 3.170993e-02 
-4.989305e-02 3.207721e-02 
1.587672e-02 8.651388e-02 
3.304237e-02 1.728563e-01 
3.693349e-02 2.411484e-01 
2.317939e-02 2.538025e-01 
1.222928e-02 2.154439e-01 
1.104200e-03 1.093381e-01 
-9.327900e-04 -2.874899e-02 
4.948268e-04 -9.510501e-02 
2.153308e-03 -1.057373e-01 
2.179252e-03 -5.398390e-02 
-1.565045e-03 3.640736e-02 
-1.781218e-03 7.442183e-02 
-1.255984e-03 7.502786e-02 
1.684311e-01 -9.719547e-02 
3.193499e-02 -3.968546e-02 
3.303540e-02 9.562419e-02 
4.198175e-02 2.618835e-01 
2.762702e-02 3.209014e-01 
1.432049e-02 2.909343e-01 
-1.421765e-04 1.542737e-01 
-1.638443e-03 -5.731939e-02 
1.018965e-03 -1.668209e-01 
3.809567e-03 -1.930357e-01 
4.587933e-03 -1.238320e-01 
-1.946207e-03 3.281350e-02 
-3.431449e-03 1.324415e-01 
-3.394210e-03 1.847052e-01 
-2.335474e-01 5.907658e-02 
1.947370e-02 1.032796e-01 
2.987689e-02 1.430092e-01 
1.890843e-02 1.525245e-01 
8.902420e-03 1.196574e-01 
3.367095e-03 7.723041e-02 
-1.792058e-04 3.427197e-02 
-3.431165e-04 3.423387e-03 
1.996329e-05 -1.372480e-02 
4.237325e-04 -2.643985e-02 
8.375927e-04 -3.220276e-02 
3.780684e-04 -1.995791e-02 
-2.546754e-04 6.319578e-03 
-9.510663e-04 4.538195e-02 
