poroelastic
-5.104462e-02 -1.092644e-02 
-5.316025e-02 4.155530e-02 
-2.185996e-02 1.467156e-01 
5.728046e-02 2.397354e-01 
4.211739e-02 2.498529e-01 
2.786691e-02 2.005983e-01 
1.523419e-02 1.172683e-01 
4.812505e-03 3.753752e-02 
2.449886e-03 -1.801565e-02 
4.549799e-03 -4.746998e-02 
5.984325e-03 -4.533836e-02 
-2.352867e-03 1.948498e-03 
-4.185546e-03 6.969727e-02 
-5.051533e-03 1.510165e-01 
5.621843e-01 3.392084e-01 
1.658500e-02 4.407664e-01 
1.644359e-02 4.241585e-01 
7.120874e-02 3.698017e-01 
4.179345e-02 2.983667e-01 
2.115896e-02 2.087622e-01 
3.687972e-03 9.797743e-02 
-3.039733e-03 -1.869590e-02 
-9.131275e-04 -9.222721e-02 
3.945940e-03 -1.306877e-01 
9.261003e-03 -1.271882e-01 
-6.364804e-05 -4.991777e-02 
-4.996548e-03 7.857829e-02 
-8.211257e-03 2.378719e-01 
1.352433e-01 -4.666494e-01 
-4.366098e-02 -3.652187e-01 
-3.732855e-02 -1.861264e-01 
1.811042e-02 2.111155e-02 
2.497414e-02 1.357674e-01 
2.301255e-02 1.840075e-01 
1.329901e-02 1.642236e-01 
1.553113e-03 8.280763e-02 
-9.544061e-04 1.870257e-02 
-2.261346e-04 -2.916242e-02 
2.380996e-03 -5.780344e-02 
1.719521e-03 -4.536404e-02 
-5.123517e-04 3.678648e-04 
-2.620642e-03 7.286036e-02 
-6.833770e-02 8.063989e-02 
-2.283333e-02 2.050648e-01 
2.004805e-02 3.231628e-01 
6.953994e-02 3.653393e-01 
4.156965e-02 3.182244e-01 
1.980460e-02 2.165212e-01 
1.862088e-03 8.244061e-02 
-2.582332e-03 -3.552459e-02 
2.437481e-04 -1.030224e-01 
5.015869e-03 -1.269545e-01 
7.954177e-03 -9.813371e-02 
-1.978034e-03 -7.099839e-03 
-5.055681e-03 8.895266e-02 
-6.467649e-03 1.843416e-01 
6.605325e-01 3.579670e-01 
6.918714e-02 5.282700e-01 
4.574507e-02 5.383613e-01 
9.142720e-02 4.796463e-01 
5.160552e-02 3.876035e-01 
2.536505e-02 2.670388e-01 
4.907472e-03 1.178779e-01 
-1.855315e-03 -2.481224e-02 
5.848822e-04 -1.063299e-01 
5.435760e-03 -1.380430e-01 
8.989873e-03 -1.108590e-01 
-1.816096e-03 -9.190531e-03 
-5.695303e-03 1.020064e-01 
-7.671324e-03 2.139265e-01 
2.843924e-02 -4.819945e-01 
-4.413358e-02 -2.642631e-01 
-9.236829e-03 -3.278186e-02 
3.358504e-02 1.435427e-01 
2.742282e-02 2.054072e-01 
1.724255e-02 1.965523e-01 
3.498932e-03 1.271539e-01 
-2.252540e-03 2.593295e-02 
-1.137436e-03 -3.888482e-02 
1.164074e-03 -7.466345e-02 
3.612019e-03 -7.598301e-02 
9.019371e-04 -3.123353e-02 
-1.311014e-03 2.023637e-02 
-2.831503e-03 7.619005e-02 
-8.041053e-02 1.531015e-01 
1.461656e-02 3.277662e-01 
5.448305e-02 4.421181e-01 
7.172991e-02 4.288007e-01 
3.669265e-02 3.348905e-01 
1.252593e-02 1.966751e-01 
-4.062158e-03 3.988798e-02 
-3.383968e-03 -7.280466e-02 
8.198546e-04 -1.282225e-01 
5.195009e-03 -1.350657e-01 
6.609648e-03 -8.427151e-02 
-2.501763e-03 1.636900e-02 
-4.707673e-03 9.131615e-02 
-5.131700e-03 1.419448e-01 
7.905654e-01 4.348216e-01 
1.478079e-01 7.031470e-01 
1.006984e-01 7.230396e-01 
1.047591e-01 5.953979e-01 
5.080183e-02 4.352820e-01 
2.022854e-02 2.610147e-01 
1.119408e-03 7.805617e-02 
-1.287463e-03 -6.111234e-02 
2.168558e-03 -1.311336e-01 
6.659567e-03 -1.473261e-01 
8.543675e-03 -9.869272e-02 
-2.923593e-03 2.121340e-02 
-6.465259e-03 1.260540e-01 
-7.893366e-03 2.113947e-01 
4.878528e-02 -4.578596e-01 
-2.083690e-02 -1.338288e-01 
1.552401e-02 9.348747e-02 
2.263241e-02 1.663269e-01 
1.141530e-02 1.465587e-01 
1.105000e-03 8.689721e-02 
-6.853868e-03 1.116577e-02 
-3.178877e-03 -3.792227e-02 
-4.718367e-04 -6.226737e-02 
1.194687e-03 -6.871368e-02 
2.251432e-03 -5.402404e-02 
6.505099e-04 -1.795821e-02 
-5.928729e-04 1.046251e-02 
-1.217125e-03 3.146872e-02 
-8.598929e-02 2.435653e-01 
6.984211e-02 4.856264e-01 
9.248772e-02 5.820107e-01 
6.535226e-02 4.541247e-01 
2.527663e-02 2.789565e-01 
3.898776e-03 1.007462e-01 
-4.181244e-03 -4.164511e-02 
-3.975699e-04 -8.061970e-02 
2.089376e-03 -8.677673e-02 
3.777024e-03 -6.614197e-02 
2.628112e-03 -1.388471e-02 
-3.172468e-03 4.960729e-02 
-3.283136e-03 7.033180e-02 
-2.143520e-03 5.688343e-02 
8.272230e-01 5.754486e-01 
2.392428e-01 9.310440e-01 
1.527227e-01 9.097984e-01 
7.931009e-02 6.054088e-01 
2.393910e-02 3.182655e-01 
-1.353612e-03 7.208790e-02 
-8.030471e-03 -1.124340e-01 
-1.575251e-04 -1.568265e-01 
3.955168e-03 -1.516212e-01 
6.390419e-03 -1.101199e-01 
4.996338e-03 -2.528155e-02 
-4.966909e-03 8.106202e-02 
-6.109652e-03 1.272546e-01 
-4.721021e-03 1.180275e-01 
-5.337070e-02 -5.127364e-01 
-6.189888e-03 -8.227363e-02 
3.894786e-02 1.841580e-01 
2.908440e-02 2.318589e-01 
1.328464e-02 1.976048e-01 
1.311734e-03 1.249487e-01 
-7.612248e-03 2.326256e-02 
-2.503568e-03 -5.675851e-02 
9.714006e-04 -9.553533e-02 
3.157664e-03 -1.042824e-01 
3.970957e-03 -7.743883e-02 
4.469960e-04 -1.601284e-02 
-1.855348e-03 3.540625e-02 
-3.115977e-03 7.203743e-02 
