poroelastic
1.017914e-02 -2.204271e-02 
9.069440e-03 -5.694369e-02 
2.225262e-03 -8.961185e-02 
-7.927474e-03 -9.460545e-02 
-4.536662e-03 -9.230177e-02 
-1.947466e-03 -7.623101e-02 
3.635897e-04 -3.124865e-02 
-3.705674e-05 3.108985e-02 
-7.055104e-04 5.702270e-02 
-1.226929e-03 5.883739e-02 
-9.188032e-04 3.733498e-02 
8.707353e-04 -4.447008e-03 
1.027230e-03 -4.650992e-02 
8.191803e-04 -8.816574e-02 
2.153300e-01 3.702002e-01 
8.693293e-03 3.471030e-01 
1.052200e-02 1.969738e-01 
-2.140574e-03 2.255407e-02 
-4.648784e-03 -7.799302e-02 
-3.517031e-03 -1.208143e-01 
-1.346234e-04 -9.690868e-02 
5.401957e-04 -1.508224e-02 
-9.519940e-05 3.421971e-02 
-7.346312e-04 5.940581e-02 
-1.112895e-03 5.903963e-02 
-2.806373e-05 2.764003e-02 
5.319874e-04 -1.767961e-02 
7.024247e-04 -7.482194e-02 
3.217294e-01 -3.134845e-01 
1.608594e-02 -3.254941e-01 
-7.293016e-03 -2.428387e-01 
-5.250598e-03 -1.160828e-01 
-3.606746e-04 -2.418443e-02 
8.018342e-04 3.681142e-02 
-3.803711e-04 5.607117e-02 
-5.760998e-04 2.646155e-02 
-2.987103e-04 4.846859e-03 
-1.479380e-04 -6.831295e-03 
-1.000309e-05 -5.503206e-03 
3.183312e-04 2.254152e-03 
4.566089e-04 -1.675998e-02 
6.495786e-04 -5.924742e-02 
1.180303e-02 1.085635e-02 
5.153564e-03 8.329724e-03 
1.368652e-03 -3.371468e-02 
-7.712857e-03 -9.469025e-02 
-5.122786e-03 -1.293954e-01 
-2.365204e-03 -1.293773e-01 
7.192745e-04 -7.708565e-02 
2.462157e-04 1.135430e-02 
-6.652075e-04 5.961713e-02 
-1.361233e-03 7.792309e-02 
-1.322116e-03 6.455077e-02 
4.009561e-04 1.765994e-02 
9.672349e-04 -3.955178e-02 
1.082490e-03 -1.048704e-01 
2.429666e-01 4.238136e-01 
1.856813e-02 4.352824e-01 
1.111592e-02 2.654219e-01 
-3.462046e-03 2.105106e-02 
-5.357415e-03 -1.219755e-01 
-3.548582e-03 -1.817791e-01 
5.368630e-04 -1.402195e-01 
6.447038e-04 -6.618524e-03 
-5.985792e-04 7.021103e-02 
-1.623494e-03 1.025520e-01 
-1.760868e-03 8.558803e-02 
4.668907e-04 1.762749e-02 
1.081578e-03 -4.603641e-02 
1.081090e-03 -1.062290e-01 
4.168345e-01 -3.598268e-01 
1.148780e-02 -3.654241e-01 
-1.101052e-02 -2.824288e-01 
-7.104332e-03 -1.693413e-01 
-1.855322e-03 -8.090197e-02 
-9.757140e-05 -1.472539e-02 
-1.390131e-04 2.253955e-02 
-4.080937e-04 2.443007e-02 
-4.262208e-04 2.086465e-02 
-4.311933e-04 1.571639e-02 
-2.541315e-04 1.063712e-02 
3.747650e-04 7.878264e-04 
5.868788e-04 -2.513523e-02 
7.145541e-04 -6.140882e-02 
1.580558e-02 -8.393517e-03 
-4.142784e-05 -2.378162e-04 
-3.317580e-03 -4.250606e-02 
-6.664450e-03 -1.158893e-01 
-3.767653e-03 -1.501494e-01 
-1.022959e-03 -1.419335e-01 
1.495209e-03 -7.518336e-02 
4.091623e-05 2.934525e-02 
-1.167492e-03 8.421110e-02 
-1.886446e-03 1.003629e-01 
-1.489238e-03 7.333797e-02 
6.509821e-04 7.393349e-03 
1.197267e-03 -5.346732e-02 
1.222715e-03 -1.093241e-01 
2.599669e-01 4.624696e-01 
2.714938e-02 4.984739e-01 
8.737497e-03 3.213383e-01 
-4.333450e-03 3.048393e-02 
-4.938146e-03 -1.460599e-01 
-2.804937e-03 -2.224567e-01 
9.720199e-04 -1.768479e-01 
6.777413e-04 -2.086474e-02 
-8.545214e-04 7.164332e-02 
-1.967945e-03 1.107699e-01 
-1.828726e-03 8.786363e-02 
6.265916e-04 6.791293e-03 
1.188653e-03 -5.349034e-02 
1.132824e-03 -9.977885e-02 
4.942115e-01 -4.490822e-01 
-2.148807e-03 -4.456826e-01 
-1.724526e-02 -3.430985e-01 
-5.387471e-03 -2.122991e-01 
-7.910555e-04 -1.080542e-01 
6.626104e-04 -2.286581e-02 
4.160585e-04 3.582885e-02 
-7.871296e-04 5.371157e-02 
-1.062386e-03 5.625506e-02 
-1.057091e-03 4.711537e-02 
-4.787325e-04 2.438073e-02 
7.046365e-04 -1.030236e-02 
9.373048e-04 -4.340667e-02 
9.586670e-04 -7.418021e-02 
1.753339e-02 -3.097855e-02 
-5.279373e-03 -1.101707e-03 
-7.015307e-03 -2.335279e-02 
-4.361659e-03 -8.615449e-02 
-2.168899e-03 -1.216179e-01 
-5.237974e-04 -1.210402e-01 
8.112734e-04 -6.949670e-02 
-7.605000e-05 1.365806e-02 
-9.432506e-04 5.430281e-02 
-1.298988e-03 6.053447e-02 
-5.894883e-04 2.833629e-02 
8.856665e-04 -2.383042e-02 
8.236672e-04 -4.282835e-02 
4.647484e-04 -3.745016e-02 
2.736686e-01 4.747342e-01 
3.465711e-02 5.037790e-01 
3.593475e-03 3.154805e-01 
-3.559438e-03 9.038682e-03 
-2.411287e-03 -1.716494e-01 
-1.307231e-04 -2.397693e-01 
2.296971e-03 -1.714910e-01 
4.029126e-04 1.528177e-02 
-1.762210e-03 1.191185e-01 
-3.020560e-03 1.514695e-01 
-2.294163e-03 1.015248e-01 
1.224925e-03 -1.483033e-02 
1.727996e-03 -7.947166e-02 
1.319210e-03 -1.017636e-01 
5.731135e-01 -5.266121e-01 
-2.147147e-02 -4.741562e-01 
-2.473135e-02 -3.438475e-01 
-3.316565e-03 -2.088109e-01 
-3.208556e-04 -1.092059e-01 
6.613343e-05 -3.335740e-02 
-3.243779e-04 1.338063e-02 
-5.406733e-04 2.333822e-02 
-6.967102e-04 2.809271e-02 
-7.820460e-04 2.707354e-02 
-3.444783e-04 1.608380e-02 
7.087376e-04 -8.236032e-03 
9.995877e-04 -3.965254e-02 
1.103949e-03 -7.269355e-02 
