poroelastic
1.436876e-02 4.577507e-02 
1.895391e-02 2.931663e-02 
7.816223e-03 -3.234820e-02 
-1.938246e-02 -7.260554e-02 
-1.289085e-02 -8.079133e-02 
-7.481766e-03 -6.304394e-02 
-3.546186e-03 -8.555719e-03 
-3.672815e-03 4.131311e-02 
-4.381797e-03 3.101721e-02 
-3.620790e-03 -8.233319e-04 
7.822674e-04 -3.301619e-02 
5.027309e-03 -3.397493e-02 
3.440091e-03 -3.220121e-02 
2.659993e-03 -3.571085e-02 
-5.221993e-02 1.875176e-01 
2.618654e-02 1.339206e-01 
1.802104e-02 -2.566867e-02 
-3.772010e-02 -1.522384e-01 
-2.559328e-02 -1.764904e-01 
-1.390003e-02 -1.427538e-01 
-3.996785e-03 -6.725489e-02 
-9.932793e-04 9.295089e-03 
-2.222533e-03 2.715986e-02 
-3.338468e-03 2.323362e-02 
-3.405471e-03 1.513861e-02 
3.827605e-04 1.312269e-02 
3.042321e-03 -2.083378e-02 
6.574933e-03 -8.798281e-02 
9.566759e-02 -6.765808e-02 
3.755085e-03 -7.863857e-02 
-9.304393e-03 -9.365082e-02 
-8.680359e-03 -7.011157e-02 
-2.622386e-04 -1.582192e-02 
2.928711e-03 3.451592e-02 
2.695978e-05 6.251181e-02 
-3.059119e-03 3.707119e-02 
-1.474770e-03 -6.058555e-03 
1.436208e-03 -3.955613e-02 
3.517994e-03 -4.165232e-02 
-1.737590e-04 2.021372e-03 
-9.255262e-04 1.260287e-02 
1.134625e-03 -1.496336e-02 
4.125828e-02 6.738933e-02 
3.273895e-02 4.884625e-02 
8.898137e-03 -5.977871e-02 
-4.541886e-02 -1.754811e-01 
-3.068895e-02 -2.188152e-01 
-1.773192e-02 -1.987903e-01 
-4.502336e-03 -1.050118e-01 
-1.171390e-03 1.931951e-02 
-4.355199e-03 6.107508e-02 
-6.989310e-03 5.661641e-02 
-5.221974e-03 2.291184e-02 
3.988728e-03 -1.465199e-02 
5.992776e-03 -5.364952e-02 
7.894372e-03 -1.058923e-01 
1.424971e-01 2.974377e-01 
3.693927e-02 3.300137e-01 
2.769137e-02 1.776279e-01 
-1.684111e-02 -3.227542e-02 
-1.848378e-02 -1.375020e-01 
-1.177750e-02 -1.668431e-01 
4.084402e-04 -1.144574e-01 
2.805782e-03 4.254031e-03 
-1.508392e-03 5.990377e-02 
-5.398347e-03 7.721626e-02 
-7.004745e-03 6.129022e-02 
-2.395051e-04 1.882937e-02 
3.603559e-03 -2.907365e-02 
6.864154e-03 -9.090508e-02 
3.278104e-01 -1.580930e-01 
1.480280e-02 -1.393678e-01 
-1.297635e-02 -1.508879e-01 
-3.284314e-02 -1.581429e-01 
-1.724657e-02 -1.279835e-01 
-8.786933e-03 -8.104440e-02 
-4.955380e-03 -2.676630e-02 
-2.959285e-03 1.148606e-02 
-2.767367e-03 1.430435e-02 
-2.700918e-03 3.705704e-03 
-1.245350e-03 -8.539737e-03 
2.587948e-03 -1.339673e-02 
3.397286e-03 -3.093628e-02 
5.091211e-03 -6.662380e-02 
3.266173e-02 6.240797e-02 
1.996252e-02 7.985471e-02 
2.242053e-03 -6.312105e-03 
-3.513489e-02 -1.494469e-01 
-2.523710e-02 -2.280376e-01 
-1.269604e-02 -2.346807e-01 
3.908948e-03 -1.370675e-01 
3.236775e-03 3.674588e-02 
-4.460965e-03 1.182831e-01 
-1.052821e-02 1.345679e-01 
-1.052428e-02 8.676218e-02 
2.828862e-03 -2.606523e-03 
7.279261e-03 -6.896961e-02 
9.461678e-03 -1.252673e-01 
2.107145e-01 4.394328e-01 
6.488028e-02 5.115150e-01 
4.013546e-02 3.224943e-01 
-2.494026e-02 -8.521820e-04 
-2.827049e-02 -1.918040e-01 
-2.047242e-02 -2.695501e-01 
-3.758543e-03 -2.185556e-01 
2.933936e-03 -4.058432e-02 
-2.182592e-03 6.466724e-02 
-8.216292e-03 1.097986e-01 
-1.015795e-02 8.787710e-02 
1.711731e-03 2.462871e-03 
6.468570e-03 -6.188393e-02 
8.720103e-03 -1.133183e-01 
4.525250e-01 -3.547658e-01 
-1.724068e-02 -2.876670e-01 
-3.624092e-02 -2.607018e-01 
-3.346055e-02 -2.374581e-01 
-1.374611e-02 -1.753915e-01 
-2.183355e-03 -9.322983e-02 
3.839056e-03 -2.738278e-03 
-8.758164e-04 6.949801e-02 
-5.137423e-03 8.783840e-02 
-7.337550e-03 7.482272e-02 
-5.615905e-03 3.478139e-02 
3.663128e-03 -2.084481e-02 
6.078805e-03 -6.050122e-02 
7.340385e-03 -9.406095e-02 
3.470311e-02 5.240625e-02 
1.489014e-02 1.168122e-01 
-3.053706e-03 5.180161e-02 
-3.214670e-02 -1.118974e-01 
-2.459405e-02 -2.219647e-01 
-1.441790e-02 -2.544742e-01 
4.834468e-04 -1.673266e-01 
1.781898e-03 1.482677e-02 
-4.621883e-03 9.874962e-02 
-9.075240e-03 1.070312e-01 
-5.697392e-03 3.798221e-02 
6.994454e-03 -5.967783e-02 
6.202954e-03 -6.812977e-02 
2.534176e-03 -3.274497e-02 
3.152106e-01 5.301139e-01 
9.379537e-02 6.219652e-01 
3.780445e-02 3.972809e-01 
-2.138252e-02 -1.193117e-02 
-2.498258e-02 -2.584215e-01 
-1.430382e-02 -3.501791e-01 
6.152416e-03 -2.567156e-01 
6.998438e-03 1.754517e-02 
-5.512767e-03 1.794335e-01 
-1.648938e-02 2.350937e-01 
-1.842549e-02 1.651817e-01 
4.173759e-03 -1.653760e-02 
1.184297e-02 -1.191431e-01 
1.221393e-02 -1.527952e-01 
5.805423e-01 -5.341982e-01 
-5.082561e-02 -3.319303e-01 
-5.119925e-02 -2.420237e-01 
-3.449680e-02 -2.198702e-01 
-1.628977e-02 -1.763540e-01 
-7.739661e-03 -1.249510e-01 
-2.505766e-03 -6.794611e-02 
-7.364682e-04 -5.686430e-03 
-2.945629e-03 3.582971e-02 
-6.415950e-03 6.046527e-02 
-7.472814e-03 5.313756e-02 
1.792721e-03 -2.492645e-03 
6.562256e-03 -6.171952e-02 
1.023389e-02 -1.211546e-01 
