poroelastic
1.483203e-02 -1.776256e-01 
4.182684e-03 -2.742677e-01 
-3.045826e-02 -2.154433e-01 
-1.454591e-02 2.193532e-02 
-7.941554e-04 2.568138e-01 
1.577830e-02 4.697537e-01 
-5.956010e-02 8.182598e-02 
2.423461e-02 -3.323367e-02 
2.424033e-02 -1.312549e-01 
2.871704e-03 -1.516571e-01 
-1.686880e-03 -1.138232e-01 
-1.442453e-03 -4.452214e-02 
6.881119e-02 3.263257e-01 
-1.240838e-02 2.045842e-01 
1.010757e-02 4.743821e-02 
3.722591e-03 -7.234881e-02 
-8.402192e-04 -1.006953e-01 
-2.019883e-03 -6.497057e-02 
9.572535e-01 3.097200e-01 
-4.373046e-02 3.405606e-01 
-8.563015e-02 3.516987e-01 
-2.370857e-02 3.825363e-01 
-1.861791e-03 4.192249e-01 
1.216617e-02 4.555967e-01 
6.374292e-01 -1.903343e-01 
1.690385e-01 -4.162309e-01 
7.463695e-02 -4.239934e-01 
2.430153e-02 -3.422480e-01 
4.575145e-03 -3.217267e-01 
-7.018866e-03 -3.562874e-01 
-2.380140e-02 -1.867754e-01 
-1.696875e-03 -1.497671e-01 
-1.985715e-02 -1.241988e-02 
-1.316802e-02 1.742258e-01 
-2.789254e-03 2.230270e-01 
2.179448e-03 1.534943e-01 
-2.494823e-02 -2.286506e-02 
-1.588526e-02 -8.615429e-04 
-2.737601e-02 8.202118e-02 
-1.584029e-02 2.013982e-01 
-4.100590e-03 2.385032e-01 
2.651213e-03 2.009881e-01 
-6.138782e-02 4.418044e-02 
1.363883e-02 -3.426339e-02 
1.968403e-02 -1.191438e-01 
9.182029e-03 -1.541881e-01 
1.543737e-03 -1.310292e-01 
-1.044026e-03 -6.856869e-02 
-2.367967e-02 1.986449e-01 
-7.038854e-04 9.197011e-02 
1.222050e-02 -5.172399e-02 
7.171535e-03 -1.439580e-01 
4.089452e-04 -1.167189e-01 
3.618060e-06 2.434726e-04 
6.790409e-01 1.916884e-01 
6.855913e-03 2.356738e-01 
-4.386550e-02 2.287303e-01 
-2.844928e-02 2.480149e-01 
-1.044797e-02 3.181772e-01 
4.387546e-03 4.210604e-01 
5.629859e-01 -1.522636e-01 
1.184536e-01 -3.655662e-01 
4.861725e-02 -3.824014e-01 
3.048214e-02 -3.204176e-01 
1.083189e-02 -2.940009e-01 
-8.280181e-04 -3.008543e-01 
-5.346562e-02 -1.692186e-01 
5.316762e-03 -1.320809e-01 
-1.142178e-02 2.812680e-03 
-2.085296e-02 1.808864e-01 
-8.786149e-03 2.410152e-01 
-1.920292e-04 1.936960e-01 
-1.573968e-02 -3.786846e-02 
-2.316433e-04 -2.298099e-02 
-1.128930e-02 4.773468e-02 
-1.652213e-02 1.441213e-01 
-7.053201e-03 1.806020e-01 
-2.477053e-04 1.548531e-01 
-5.727627e-02 4.762533e-03 
5.474199e-03 -4.962016e-02 
1.210844e-02 -1.046608e-01 
1.138474e-02 -1.315597e-01 
3.673225e-03 -1.117998e-01 
1.598111e-05 -6.214357e-02 
-1.110892e-01 1.092645e-01 
-7.071384e-04 2.998452e-02 
1.272318e-02 -9.486078e-02 
1.571592e-02 -1.902258e-01 
4.516240e-03 -1.648246e-01 
9.297390e-06 -4.078778e-02 
5.859351e-01 7.395052e-02 
3.901227e-02 1.721883e-01 
-2.290395e-02 2.043628e-01 
-3.662218e-02 2.305434e-01 
-1.834416e-02 3.094654e-01 
-2.192817e-03 4.374684e-01 
5.160179e-01 -1.231317e-01 
7.383186e-02 -3.222381e-01 
2.809089e-02 -3.385987e-01 
3.539939e-02 -2.950410e-01 
1.549857e-02 -2.743303e-01 
2.902241e-03 -2.554151e-01 
-5.888170e-02 -1.331229e-01 
1.124860e-02 -9.789788e-02 
-1.765308e-03 2.851170e-02 
-2.311940e-02 1.646852e-01 
-1.152598e-02 2.006151e-01 
-2.440009e-03 1.633224e-01 
-2.114019e-02 -3.404259e-02 
8.963910e-03 4.800753e-03 
-6.287925e-03 9.338480e-02 
-2.229850e-02 1.717393e-01 
-1.009403e-02 1.778710e-01 
-1.931066e-03 1.326248e-01 
-9.315736e-02 -3.135977e-02 
-4.773112e-03 -6.965279e-02 
8.120477e-03 -1.132089e-01 
2.430589e-02 -1.676485e-01 
1.200140e-02 -1.961330e-01 
2.208651e-03 -1.864728e-01 
-9.780397e-02 2.841406e-02 
-4.475290e-03 -1.318531e-02 
4.109448e-03 -6.687946e-02 
1.411643e-02 -1.254667e-01 
5.308433e-03 -1.172145e-01 
3.833183e-04 -3.178522e-02 
4.741299e-01 -6.201759e-02 
7.062336e-02 3.770945e-02 
1.571298e-03 1.315774e-01 
-4.789974e-02 2.276019e-01 
-2.823866e-02 3.451911e-01 
-7.989101e-03 4.960763e-01 
5.143737e-01 -1.723251e-01 
3.755295e-02 -3.855354e-01 
1.812874e-02 -3.785478e-01 
3.441668e-02 -2.799712e-01 
1.254594e-02 -1.952050e-01 
2.085603e-03 -9.236644e-02 
