poroelastic
-6.905958e-02 1.528690e-01 
-7.673175e-02 2.551703e-01 
-7.152122e-02 3.261811e-01 
-1.762683e-02 3.298001e-01 
-2.988909e-03 3.093015e-01 
3.554992e-03 2.633070e-01 
-2.721424e-03 3.431884e-02 
-1.020672e-02 1.633759e-01 
6.678259e-03 1.551676e-01 
6.176665e-03 1.338707e-02 
2.960822e-03 -1.192233e-01 
-2.705576e-03 -2.385045e-01 
-5.565379e-02 -1.114427e-01 
-1.033348e-03 7.933401e-02 
6.917307e-03 1.047311e-01 
5.963666e-03 -6.833338e-03 
2.852830e-03 -1.082576e-01 
-1.799391e-03 -1.815504e-01 
2.238147e-01 -2.657291e-01 
-1.087418e-02 1.451126e-02 
-3.790938e-02 1.849224e-01 
-1.317175e-02 2.029190e-01 
-3.449876e-03 1.762423e-01 
8.108638e-04 1.305229e-01 
-2.172716e-01 2.775824e-01 
-5.074583e-02 3.186331e-01 
-1.062530e-02 2.443410e-01 
4.256633e-03 8.891388e-02 
5.305112e-03 -8.096644e-02 
2.239033e-04 -2.421615e-01 
-3.576477e-01 3.056078e-01 
-6.377965e-02 4.306129e-01 
-5.014607e-02 4.477690e-01 
-1.826939e-02 3.352172e-01 
-3.013752e-03 1.654381e-01 
2.801158e-04 -4.223418e-02 
-6.809943e-02 2.302528e-01 
-4.676417e-02 3.599654e-01 
-4.321239e-02 3.973263e-01 
-1.747951e-02 3.008499e-01 
-3.154331e-03 1.494980e-01 
2.918664e-04 -3.446828e-02 
-8.139435e-04 -4.346232e-02 
-4.243913e-03 5.306537e-02 
-2.827960e-03 8.283703e-02 
2.471436e-03 3.054678e-02 
3.239055e-03 -4.485973e-02 
8.328473e-04 -1.159977e-01 
-6.692256e-02 -2.300232e-01 
7.419795e-03 -8.012334e-02 
-4.025003e-04 -1.823415e-03 
-8.984537e-04 1.432021e-02 
-1.518987e-04 5.196518e-03 
-5.369515e-06 6.971511e-04 
8.689548e-02 -3.342445e-01 
1.730953e-02 -1.109579e-01 
-1.771878e-02 7.246940e-02 
-1.927097e-02 1.667647e-01 
-8.907423e-03 1.889110e-01 
-1.934243e-03 1.691788e-01 
-2.175423e-01 2.731993e-01 
-4.289879e-02 2.906489e-01 
-1.631276e-02 2.287944e-01 
1.463362e-04 1.117753e-01 
6.530171e-03 -5.049963e-02 
4.385625e-03 -2.279271e-01 
-3.498720e-01 2.783375e-01 
-3.009190e-02 3.765944e-01 
-4.055907e-02 4.153156e-01 
-3.048597e-02 3.519267e-01 
-8.292999e-03 1.992729e-01 
3.085104e-04 -1.335786e-02 
-5.160637e-02 1.626653e-01 
-1.667179e-02 2.580041e-01 
-3.055312e-02 3.177020e-01 
-2.547102e-02 2.819309e-01 
-7.446111e-03 1.655693e-01 
3.045522e-06 -1.237995e-04 
1.563318e-03 -9.301415e-02 
1.005171e-03 -1.030665e-02 
-4.555380e-03 5.499528e-02 
-2.871058e-03 6.033012e-02 
9.742922e-04 8.848846e-03 
1.558156e-03 -6.457560e-02 
-1.359217e-01 -2.852604e-01 
1.291014e-02 -1.732866e-01 
6.358429e-03 -7.788352e-02 
3.355277e-04 -1.308015e-02 
-6.633370e-04 6.669725e-03 
-3.839317e-04 1.586197e-02 
-3.513422e-02 -3.687229e-01 
2.701907e-02 -1.963395e-01 
1.052794e-03 -1.470671e-02 
-2.022155e-02 1.133209e-01 
-1.277186e-02 1.687335e-01 
-5.136259e-03 1.800013e-01 
-2.403533e-01 2.566891e-01 
-3.373131e-02 2.476576e-01 
-1.686440e-02 1.979848e-01 
-7.031512e-03 1.211111e-01 
2.784921e-03 3.249872e-03 
4.398207e-03 -1.260802e-01 
-3.013933e-01 2.410143e-01 
-2.785933e-03 2.989255e-01 
-2.377457e-02 3.382662e-01 
-3.651880e-02 3.049502e-01 
-1.335946e-02 1.983869e-01 
-1.826935e-03 4.754403e-02 
-4.281827e-02 1.169760e-01 
7.050950e-03 1.855721e-01 
-1.744402e-02 2.551169e-01 
-3.113577e-02 2.506304e-01 
-1.186303e-02 1.698633e-01 
-1.890026e-03 4.870203e-02 
-5.107035e-02 -1.532433e-01 
2.067799e-03 -1.059326e-01 
1.844385e-03 -3.970292e-02 
6.085047e-03 -1.306750e-02 
5.661812e-03 -4.945879e-02 
3.749028e-03 -1.017852e-01 
-1.799879e-01 -3.127045e-01 
9.576457e-03 -2.155590e-01 
8.205123e-03 -1.019205e-01 
2.012300e-03 -1.630312e-02 
4.192244e-04 -1.807675e-03 
4.305183e-04 -1.163586e-02 
-6.418200e-02 -4.047975e-01 
3.684880e-02 -2.580669e-01 
1.382797e-02 -3.872974e-02 
-2.802981e-02 1.377077e-01 
-1.860350e-02 1.997658e-01 
-7.762878e-03 1.930193e-01 
-3.483596e-01 1.460705e-01 
-1.029739e-02 1.260123e-01 
9.476468e-04 1.696487e-01 
-3.894837e-02 2.425222e-01 
-2.005690e-02 2.138968e-01 
-6.546548e-03 1.403066e-01 
