poroelastic
1.253173e-01 -8.242009e-01 
1.217787e-01 -1.339804e+00 
9.153181e-02 -1.676090e+00 
3.917879e-03 -1.490306e+00 
-1.932208e-02 -8.684068e-01 
7.293753e-03 2.428953e-01 
1.409041e+00 2.044727e-01 
-1.394068e-01 -2.679030e-01 
-2.605191e-01 4.767719e-01 
-1.048398e-01 2.141535e+00 
1.958129e-02 3.261891e+00 
1.178483e-01 3.984999e+00 
3.431971e+00 -4.047019e-01 
9.627714e-02 -6.565288e-01 
-3.169038e-01 8.546654e-01 
-1.272906e-01 3.458509e+00 
3.186667e-02 4.584745e+00 
1.165123e-01 4.422198e+00 
1.444567e+00 -1.243969e+00 
3.356626e-01 -1.730196e+00 
-1.062357e-01 -4.419766e-01 
-7.131340e-02 2.133138e+00 
1.831099e-02 3.055809e+00 
5.229468e-02 2.435637e+00 
1.260806e+00 -3.002485e+00 
8.832316e-02 -3.272931e+00 
-4.457730e-02 -1.695225e+00 
-3.995152e-02 7.739636e-01 
7.573327e-03 1.962315e+00 
2.795983e-02 1.622200e+00 
-1.515530e-01 -8.703341e-01 
-1.948431e-02 -5.561222e-01 
-3.291973e-02 8.941654e-02 
-1.625212e-02 7.325358e-01 
4.386937e-03 1.013822e+00 
8.509891e-03 5.782862e-01 
-1.314703e-01 6.162560e-01 
-5.051046e-02 1.100096e+00 
-4.015497e-02 1.137317e+00 
-9.705894e-03 8.153684e-01 
3.232575e-03 6.162500e-01 
4.092333e-03 2.721090e-01 
9.505155e-01 7.083789e-01 
-5.269013e-02 7.763334e-01 
-8.589875e-02 1.032429e+00 
-3.725553e-02 1.389719e+00 
2.183993e-03 1.636933e+00 
2.822497e-02 1.719988e+00 
2.021914e+00 -9.383568e-01 
1.397786e-01 -1.313991e+00 
-1.266237e-01 -2.015135e-01 
-8.733311e-02 2.101854e+00 
-3.176349e-03 3.544524e+00 
6.522088e-02 4.352933e+00 
2.604001e-01 -2.365233e+00 
2.454792e-01 -3.311372e+00 
-2.683169e-02 -2.006924e+00 
-6.799745e-02 1.299728e+00 
-8.048374e-03 3.262126e+00 
4.705704e-02 4.246647e+00 
5.667321e-01 -3.207879e+00 
-3.999968e-02 -3.874389e+00 
-3.851379e-02 -2.277473e+00 
-4.327628e-02 9.749488e-01 
-7.559281e-03 3.040991e+00 
2.705127e-02 4.027395e+00 
-7.454469e-01 -1.249269e+00 
-4.482170e-02 -1.334082e+00 
-2.601509e-02 -3.745918e-01 
-2.621417e-02 1.325623e+00 
-4.357456e-03 2.552910e+00 
1.475592e-02 3.121021e+00 
-1.783629e-01 2.016169e-01 
-1.455313e-02 4.501058e-01 
-1.873817e-02 6.325098e-01 
-1.207846e-02 8.143490e-01 
-1.217215e-03 1.188985e+00 
7.438877e-03 1.380222e+00 
5.557596e-01 1.361950e-01 
-2.068018e-03 1.432344e-01 
-2.270489e-02 3.814307e-01 
-1.535007e-02 8.480478e-01 
-1.167925e-03 1.384528e+00 
1.093314e-02 1.706844e+00 
7.185862e-01 -1.472945e+00 
8.800560e-02 -1.873946e+00 
-2.359077e-02 -8.842658e-01 
-2.648282e-02 1.195898e+00 
-2.136908e-03 2.590111e+00 
1.963633e-02 3.320809e+00 
-1.179258e+00 -3.251110e+00 
1.649470e-02 -4.084025e+00 
1.697975e-02 -2.570558e+00 
-1.392299e-02 7.115944e-01 
-2.553843e-03 2.679276e+00 
1.026847e-02 3.674945e+00 
-1.016072e+00 -2.529926e+00 
-2.418151e-01 -2.765411e+00 
5.954560e-03 -1.128151e+00 
-1.096344e-03 1.905324e+00 
-4.796693e-03 3.657911e+00 
-5.720549e-03 4.448687e+00 
-1.781141e+00 -7.586493e-02 
-4.013077e-02 2.529440e-01 
4.184091e-02 1.100993e+00 
3.874945e-03 2.139423e+00 
-7.118542e-03 2.675408e+00 
-1.243614e-02 2.700882e+00 
-3.712546e-01 1.153241e+00 
3.277002e-02 1.751409e+00 
2.024944e-02 1.800857e+00 
-1.464658e-03 1.331087e+00 
-3.519571e-03 9.846480e-01 
-2.364557e-03 4.843378e-01 
3.027759e-01 4.343451e-01 
1.353840e-02 7.969745e-01 
4.389265e-03 8.177889e-01 
-1.256455e-03 4.976459e-01 
-9.930939e-04 3.029235e-01 
4.873555e-04 -1.433174e-01 
-1.134590e-01 -1.343221e+00 
1.732905e-02 -1.735792e+00 
1.863070e-02 -9.624032e-01 
3.735681e-04 5.551126e-01 
-4.985528e-03 1.520115e+00 
-6.310203e-03 1.644323e+00 
-1.925711e+00 -3.036002e+00 
-1.740096e-01 -4.025380e+00 
3.461937e-02 -2.695201e+00 
1.024094e-02 2.737475e-01 
-7.939943e-03 1.961355e+00 
-1.747755e-02 2.485597e+00 
-2.227067e+00 -1.838586e+00 
-3.180587e-01 -2.053594e+00 
1.278157e-01 -4.377665e-01 
3.302992e-02 2.639254e+00 
-2.328190e-02 4.135683e+00 
-5.663107e-02 4.679209e+00 
