poroelastic
1.783319e-02 -1.907153e-01 
7.667610e-03 -2.921555e-01 
-2.927907e-02 -2.252211e-01 
-1.598035e-02 2.853537e-02 
-2.765292e-03 2.694822e-01 
1.303158e-02 4.778043e-01 
-4.984395e-02 7.745030e-02 
2.026141e-02 -3.524517e-02 
2.023981e-02 -1.185373e-01 
3.129507e-03 -1.227470e-01 
-6.630368e-04 -8.543496e-02 
-8.011441e-04 -3.122961e-02 
6.167412e-02 3.218631e-01 
-1.281009e-02 2.006251e-01 
1.011355e-02 5.077988e-02 
4.806442e-03 -6.397526e-02 
2.515427e-04 -1.022134e-01 
-2.117754e-03 -8.745866e-02 
9.372578e-01 3.111799e-01 
-4.554793e-02 3.300231e-01 
-8.377581e-02 3.442387e-01 
-2.665791e-02 3.778093e-01 
-4.789152e-03 4.060096e-01 
8.582161e-03 4.268604e-01 
6.359738e-01 -1.911545e-01 
1.731020e-01 -4.254709e-01 
7.733367e-02 -4.319541e-01 
2.754300e-02 -3.407481e-01 
7.203453e-03 -3.189729e-01 
-4.717990e-03 -3.592307e-01 
-2.740545e-02 -1.898003e-01 
-7.408376e-04 -1.509753e-01 
-2.046689e-02 -8.927748e-03 
-1.571682e-02 1.866817e-01 
-4.581539e-03 2.353259e-01 
1.193050e-03 1.556894e-01 
-2.485718e-02 -2.304914e-02 
-1.547914e-02 2.583870e-03 
-2.858870e-02 9.280364e-02 
-1.863774e-02 2.190579e-01 
-5.935189e-03 2.498844e-01 
1.227155e-03 1.920713e-01 
-6.041892e-02 4.169997e-02 
1.253953e-02 -3.351757e-02 
1.898892e-02 -1.079422e-01 
1.035581e-02 -1.363277e-01 
2.913360e-03 -1.240727e-01 
-7.199919e-04 -8.843741e-02 
-2.168017e-02 1.834407e-01 
-1.704872e-03 8.582600e-02 
1.083082e-02 -4.213139e-02 
7.839648e-03 -1.239476e-01 
1.474966e-03 -1.061415e-01 
-9.972471e-05 -1.297686e-02 
6.731910e-01 1.692203e-01 
7.447323e-03 2.169748e-01 
-4.378394e-02 2.263863e-01 
-3.189563e-02 2.596963e-01 
-1.316875e-02 3.262463e-01 
1.467700e-03 4.148355e-01 
5.461116e-01 -1.527132e-01 
1.168962e-01 -3.641371e-01 
4.855343e-02 -3.733679e-01 
3.250015e-02 -3.036788e-01 
1.307498e-02 -2.836386e-01 
1.234965e-03 -3.017033e-01 
-5.947501e-02 -1.710205e-01 
6.889238e-03 -1.294511e-01 
-1.159650e-02 1.287594e-02 
-2.412346e-02 1.968534e-01 
-1.100321e-02 2.514859e-01 
-1.501894e-03 1.934409e-01 
-1.534849e-02 -4.089991e-02 
1.056398e-03 -2.189496e-02 
-1.171920e-02 5.729425e-02 
-1.917613e-02 1.602271e-01 
-8.688942e-03 1.895966e-01 
-1.285834e-03 1.488696e-01 
-5.444775e-02 -5.036664e-03 
4.941224e-03 -5.376422e-02 
1.104194e-02 -9.569808e-02 
1.125033e-02 -1.118152e-01 
4.305336e-03 -9.867406e-02 
4.970999e-04 -6.532268e-02 
-1.166626e-01 8.891607e-02 
-9.296391e-04 1.522054e-02 
1.219447e-02 -9.525569e-02 
1.673445e-02 -1.781359e-01 
5.765920e-03 -1.571989e-01 
3.428540e-04 -4.502347e-02 
5.544702e-01 5.560296e-02 
3.919050e-02 1.483856e-01 
-2.046058e-02 1.897361e-01 
-3.816071e-02 2.234507e-01 
-2.047471e-02 2.998242e-01 
-5.153946e-03 4.224342e-01 
4.874064e-01 -1.258214e-01 
7.026936e-02 -3.182150e-01 
2.734958e-02 -3.265265e-01 
3.545525e-02 -2.748955e-01 
1.642909e-02 -2.529048e-01 
4.318102e-03 -2.339959e-01 
-6.834977e-02 -1.326254e-01 
1.322923e-02 -9.132897e-02 
-1.587419e-03 4.016264e-02 
-2.663708e-02 1.777734e-01 
-1.392142e-02 2.127594e-01 
-3.768941e-03 1.720318e-01 
-2.021970e-02 -3.656321e-02 
1.093868e-02 5.088060e-03 
-6.262029e-03 1.002580e-01 
-2.496693e-02 1.806778e-01 
-1.179235e-02 1.841313e-01 
-2.817766e-03 1.296402e-01 
-9.516152e-02 -4.421727e-02 
-5.594521e-03 -7.886603e-02 
7.228937e-03 -1.107391e-01 
2.522140e-02 -1.575598e-01 
1.357522e-02 -1.890904e-01 
3.701809e-03 -1.924779e-01 
-1.041096e-01 3.863538e-03 
-4.082979e-03 -2.965227e-02 
3.895450e-03 -6.782291e-02 
1.415219e-02 -1.144166e-01 
5.890894e-03 -1.075624e-01 
6.542329e-04 -3.370195e-02 
4.499757e-01 -8.366991e-02 
7.218380e-02 1.564633e-02 
4.601504e-03 1.195065e-01 
-5.002157e-02 2.244768e-01 
-3.097809e-02 3.430313e-01 
-1.128060e-02 4.884596e-01 
4.842486e-01 -1.610250e-01 
3.464002e-02 -3.697469e-01 
1.776873e-02 -3.589014e-01 
3.491594e-02 -2.621586e-01 
1.346814e-02 -1.850453e-01 
2.640105e-03 -8.981268e-02 
