poroelastic
-1.368371e-01 5.119812e-01 
-1.617181e-01 8.265137e-01 
-1.330518e-01 8.908354e-01 
-3.966552e-02 6.077871e-01 
-4.924667e-03 2.637155e-01 
5.837256e-04 -9.358726e-02 
4.161255e-02 2.083043e-02 
-4.645073e-02 3.562857e-01 
-1.957125e-02 4.099512e-01 
8.495560e-03 1.353454e-01 
1.304887e-02 -1.670758e-01 
5.150593e-03 -4.483035e-01 
-1.491679e-01 -4.742922e-01 
1.159655e-02 -4.284433e-02 
-9.204071e-04 1.265187e-01 
6.814410e-03 3.676545e-02 
7.978757e-03 -1.009433e-01 
3.315095e-03 -2.260757e-01 
-5.147994e-01 -7.335105e-01 
3.458870e-02 -2.528266e-01 
1.209693e-02 -1.212860e-02 
1.005568e-02 -2.491179e-02 
7.061353e-03 -9.062277e-02 
2.896908e-03 -1.609257e-01 
-9.420723e-01 6.301313e-01 
-2.796040e-01 9.691788e-01 
-1.234111e-01 8.623700e-01 
-4.556451e-02 4.980176e-01 
-7.943702e-03 1.843223e-01 
1.180147e-03 -4.618966e-02 
-5.503335e-01 6.782477e-01 
-1.130674e-01 8.649606e-01 
-8.955277e-02 7.578040e-01 
-2.403280e-02 3.657906e-01 
4.227030e-03 2.091020e-02 
7.643196e-03 -2.465652e-01 
-7.667161e-02 4.018738e-01 
-6.961568e-02 5.905888e-01 
-6.133473e-02 5.578139e-01 
-1.149667e-02 2.554923e-01 
9.592849e-03 -4.821579e-02 
1.049728e-02 -3.008161e-01 
7.562766e-02 -7.147706e-02 
-1.884695e-02 1.550055e-01 
-3.275387e-02 2.697036e-01 
-1.614680e-02 1.970778e-01 
4.611656e-04 4.186756e-02 
4.272142e-03 -1.190930e-01 
-1.421201e-02 -4.868658e-01 
1.715946e-02 -1.597021e-01 
-1.413342e-02 7.828503e-02 
-2.315233e-02 1.746529e-01 
-9.655101e-03 1.359708e-01 
-1.280469e-03 3.399849e-02 
-4.322381e-01 -6.340942e-01 
2.325409e-02 -2.997607e-01 
5.820287e-03 -4.345260e-02 
-2.260986e-04 5.111079e-02 
3.476940e-03 6.020605e-04 
5.578962e-03 -1.370281e-01 
-7.769284e-01 5.371854e-01 
-1.745992e-01 7.730577e-01 
-8.583375e-02 6.912220e-01 
-5.513311e-02 4.547514e-01 
-1.323942e-02 1.968911e-01 
3.124989e-03 -6.373138e-02 
-4.340014e-01 5.591024e-01 
-5.439514e-02 6.711579e-01 
-7.086682e-02 6.006991e-01 
-3.296132e-02 3.399865e-01 
2.286646e-03 4.827648e-02 
1.234067e-02 -2.329038e-01 
-5.033994e-02 2.770252e-01 
-2.468958e-02 4.055378e-01 
-5.031023e-02 4.297676e-01 
-3.284542e-02 2.890510e-01 
-2.874098e-03 7.925089e-02 
7.778525e-03 -1.383569e-01 
7.748562e-02 -1.147687e-01 
5.496005e-03 4.963997e-02 
-1.921756e-02 1.809685e-01 
-2.980122e-02 2.067861e-01 
-1.071817e-02 1.245522e-01 
-4.418474e-05 7.611903e-04 
-5.714741e-02 -4.555010e-01 
3.080467e-02 -2.384624e-01 
5.708063e-03 -1.962245e-02 
-2.680169e-02 1.424676e-01 
-1.690735e-02 1.610776e-01 
-5.564879e-03 9.364941e-02 
-4.854972e-01 -5.440857e-01 
7.423291e-03 -3.810998e-01 
1.958911e-02 -1.798400e-01 
4.255202e-03 -1.927537e-02 
6.383919e-04 1.012238e-02 
3.468066e-03 -5.444222e-02 
-6.708017e-01 4.529385e-01 
-9.302542e-02 5.967924e-01 
-4.974441e-02 5.223413e-01 
-5.845641e-02 3.724898e-01 
-2.112703e-02 2.045364e-01 
-1.890197e-03 2.700316e-02 
-3.357561e-01 4.169147e-01 
-7.255033e-03 4.562850e-01 
-3.908259e-02 4.049460e-01 
-4.111767e-02 2.699842e-01 
-1.043177e-02 1.141552e-01 
2.885537e-03 -3.957136e-02 
-3.088601e-02 1.686440e-01 
9.949562e-03 2.167088e-01 
-1.903154e-02 2.355577e-01 
-3.416543e-02 1.935846e-01 
-1.323056e-02 1.161637e-01 
-3.035450e-03 4.055313e-02 
1.533906e-02 -1.685309e-01 
1.886667e-02 -9.668017e-02 
7.116402e-03 2.436573e-03 
-1.969746e-02 8.875318e-02 
-1.352296e-02 1.029043e-01 
-6.733445e-03 9.034798e-02 
-1.702627e-01 -3.888678e-01 
1.973994e-02 -2.689867e-01 
1.956227e-02 -1.308116e-01 
-7.429058e-03 1.401188e-02 
-9.860475e-03 7.181983e-02 
-5.489216e-03 7.352896e-02 
-4.641634e-01 -4.088142e-01 
-2.371132e-02 -3.245602e-01 
1.076816e-02 -1.709092e-01 
1.392153e-02 -5.062273e-02 
8.247397e-03 -4.374256e-02 
8.537445e-03 -1.119403e-01 
-8.178806e-01 2.600650e-01 
1.334242e-03 4.002695e-01 
1.315132e-02 4.646150e-01 
-1.178858e-01 5.203842e-01 
-7.168357e-02 4.975769e-01 
-3.434167e-02 4.186207e-01 
