poroelastic
3.637376e-02 -3.247386e-01 
8.694664e-03 -4.789780e-01 
-4.296863e-02 -3.849060e-01 
-1.481193e-02 -3.025260e-02 
1.302848e-02 2.587151e-01 
4.261923e-02 5.171593e-01 
-4.300381e-02 3.317605e-01 
2.809053e-02 1.105265e-02 
2.117816e-02 -1.891345e-01 
-9.602315e-03 -2.073137e-01 
-9.898557e-03 -1.371328e-01 
8.319148e-04 1.020257e-02 
3.021509e-01 9.048704e-01 
-1.832512e-02 4.825302e-01 
1.535344e-02 9.584138e-02 
-4.078666e-03 -1.294382e-01 
-9.323385e-03 -1.372393e-01 
-4.711156e-04 -5.942719e-03 
1.477268e+00 9.765936e-01 
-5.340523e-03 8.335223e-01 
-8.307150e-02 5.440543e-01 
-2.561510e-03 4.028279e-01 
2.069799e-02 4.471365e-01 
4.311701e-02 5.850387e-01 
1.321407e+00 -6.344845e-01 
2.456173e-01 -9.117853e-01 
8.468183e-02 -8.791632e-01 
-8.481535e-03 -6.909716e-01 
-2.216977e-02 -4.702015e-01 
-1.896758e-02 -2.818746e-01 
3.163725e-01 -6.043470e-01 
3.327413e-02 -5.816792e-01 
-5.690291e-03 -4.329455e-01 
-1.167877e-02 -1.390945e-01 
1.718146e-03 1.054707e-01 
1.780394e-02 2.843245e-01 
1.352326e-02 -1.540433e-01 
2.121476e-03 -1.981469e-01 
-1.373688e-02 -1.763730e-01 
-8.805898e-03 -3.287627e-02 
2.537465e-03 1.257208e-01 
1.778030e-02 2.841204e-01 
-1.700582e-02 3.767937e-01 
1.048766e-02 1.512067e-01 
1.971183e-02 -9.900638e-02 
-3.441926e-03 -2.375022e-01 
-9.421132e-03 -1.862018e-01 
-4.534052e-04 -6.985491e-03 
3.163779e-01 8.779467e-01 
-1.822692e-02 5.488347e-01 
1.262719e-02 1.461253e-01 
-5.722110e-04 -1.564322e-01 
-8.795110e-03 -1.797930e-01 
-4.643094e-04 -7.295838e-03 
1.368579e+00 9.089895e-01 
4.020765e-02 8.791787e-01 
-5.074967e-02 5.734838e-01 
-1.076353e-02 3.476134e-01 
7.543878e-03 3.397729e-01 
2.855381e-02 4.934813e-01 
1.253246e+00 -7.624783e-01 
1.748934e-01 -9.035622e-01 
5.090873e-02 -7.894214e-01 
5.438516e-03 -5.888437e-01 
-1.065426e-02 -3.870573e-01 
-1.010626e-02 -1.999018e-01 
2.794063e-01 -6.655645e-01 
1.780176e-02 -5.503667e-01 
-4.214190e-03 -3.473870e-01 
-1.043333e-02 -6.010593e-02 
2.929792e-04 1.524764e-01 
1.374474e-02 2.907631e-01 
1.826920e-02 -1.590883e-01 
4.587671e-03 -1.725805e-01 
-3.089287e-03 -1.482316e-01 
-6.505956e-03 -5.226822e-02 
-7.435058e-04 7.419971e-02 
9.209832e-03 1.920330e-01 
-2.944224e-02 3.576873e-01 
5.301905e-03 1.832856e-01 
1.812714e-02 -6.247967e-02 
6.145908e-03 -2.562142e-01 
-6.070188e-03 -2.467914e-01 
-6.111988e-03 -1.231453e-01 
2.256224e-01 8.795289e-01 
-1.122966e-02 5.787283e-01 
1.577132e-02 1.295503e-01 
8.522969e-03 -2.663422e-01 
-7.605073e-03 -3.085023e-01 
-5.865044e-03 -1.206158e-01 
1.325901e+00 9.466941e-01 
7.884135e-02 9.300249e-01 
-2.921525e-02 5.689439e-01 
-1.948466e-02 2.607643e-01 
-2.174878e-03 2.683275e-01 
2.064499e-02 4.845791e-01 
1.394258e+00 -6.754249e-01 
1.330399e-01 -8.300062e-01 
4.093965e-02 -8.070573e-01 
2.917652e-02 -7.425780e-01 
-3.881156e-03 -5.619526e-01 
-1.182239e-02 -3.229250e-01 
3.372958e-01 -6.132437e-01 
1.218021e-02 -5.083779e-01 
8.178847e-03 -3.697745e-01 
-2.776848e-03 -1.866158e-01 
-3.541752e-03 4.950923e-03 
6.256160e-03 1.867763e-01 
1.079508e-02 -1.497286e-01 
2.723768e-03 -1.182379e-01 
-4.796185e-05 -9.932162e-02 
-6.651719e-03 -4.475721e-02 
-3.168884e-03 6.281492e-02 
7.068598e-03 2.032579e-01 
2.029004e-02 3.715025e-01 
-5.825498e-03 2.492873e-01 
4.086406e-03 2.532182e-02 
7.891470e-03 -1.889752e-01 
-2.772465e-03 -1.849278e-01 
-6.170066e-04 -1.627902e-02 
4.023167e-01 8.406621e-01 
-1.243764e-02 6.222237e-01 
-3.799038e-03 2.512430e-01 
5.089436e-03 -1.258422e-01 
-3.671386e-03 -1.646238e-01 
2.010613e-03 5.454729e-02 
1.283868e+00 8.771170e-01 
1.164616e-01 9.314494e-01 
-1.441439e-02 6.007530e-01 
-2.641958e-02 2.496660e-01 
-8.497913e-03 2.297551e-01 
1.446767e-02 4.611102e-01 
1.489861e+00 -7.334059e-01 
5.137234e-02 -7.887479e-01 
1.217986e-02 -7.677776e-01 
5.449980e-02 -7.700083e-01 
7.823986e-03 -6.079721e-01 
-8.854440e-03 -3.523457e-01 
