poroelastic
-4.148168e-02 3.536508e-01 
-2.339599e-02 5.280709e-01 
2.477167e-02 4.311065e-01 
1.096875e-02 5.240699e-02 
-4.381735e-03 -2.841534e-01 
-1.951977e-02 -5.643954e-01 
-2.370695e-02 -2.480570e-01 
4.383884e-03 -5.733648e-02 
9.011355e-04 4.403550e-02 
1.212385e-03 2.859764e-02 
-3.524259e-05 -1.603889e-02 
-1.940457e-03 -6.113997e-02 
-2.820164e-01 -6.977242e-01 
3.010092e-02 -4.488022e-01 
-4.002252e-03 -1.976413e-01 
-2.940897e-03 -4.101580e-03 
1.072001e-03 9.950352e-02 
4.357784e-03 1.468221e-01 
-1.372632e+00 -6.869243e-01 
2.822019e-02 -6.106382e-01 
7.763954e-02 -5.064557e-01 
1.304522e-02 -4.866418e-01 
-4.136642e-03 -4.770675e-01 
-1.222600e-02 -4.656569e-01 
-1.042472e+00 5.779070e-01 
-2.067727e-01 8.417970e-01 
-6.986363e-02 7.307947e-01 
-1.232744e-02 4.574505e-01 
1.002975e-04 3.167611e-01 
5.937568e-03 2.970877e-01 
-1.327198e-01 5.241936e-01 
-1.822958e-02 4.658649e-01 
1.242415e-02 2.231038e-01 
1.081230e-02 -1.448901e-01 
8.644438e-04 -3.013414e-01 
-4.199627e-03 -2.717693e-01 
8.341031e-03 1.336970e-01 
4.234804e-03 1.314756e-01 
1.967132e-02 4.835795e-03 
1.230921e-02 -2.093035e-01 
1.860393e-03 -2.903130e-01 
-3.463716e-03 -2.469293e-01 
2.993349e-02 -2.096174e-01 
-3.078115e-03 -6.437518e-02 
-1.122660e-02 5.769985e-02 
-6.197909e-03 1.126430e-01 
-1.320247e-03 1.234867e-01 
1.736174e-03 1.152721e-01 
-2.025471e-01 -5.517151e-01 
1.708623e-02 -3.255741e-01 
-7.058375e-04 -9.360113e-02 
-3.829417e-03 6.997572e-02 
-5.022139e-04 9.869049e-02 
4.450489e-04 3.206891e-02 
-1.152392e+00 -5.379534e-01 
-3.679433e-02 -5.166789e-01 
4.156082e-02 -4.075798e-01 
2.836068e-02 -3.725655e-01 
8.680763e-03 -4.190554e-01 
-5.178144e-03 -5.137092e-01 
-9.159650e-01 5.341713e-01 
-1.355970e-01 7.381250e-01 
-4.393666e-02 6.367554e-01 
-2.448276e-02 4.274979e-01 
-6.962841e-03 2.915373e-01 
6.380807e-04 2.265186e-01 
-1.198467e-01 4.911038e-01 
-1.978879e-02 4.098487e-01 
-3.515830e-03 1.964185e-01 
1.593021e-02 -9.881467e-02 
8.104109e-03 -2.535359e-01 
1.000561e-04 -2.734587e-01 
-3.358742e-03 1.491314e-01 
-8.394650e-03 1.457809e-01 
6.124662e-04 5.817912e-02 
1.221205e-02 -9.023898e-02 
6.064236e-03 -1.753759e-01 
2.508552e-04 -1.832213e-01 
1.179484e-02 -1.656166e-01 
3.296362e-03 -5.605831e-02 
-3.351468e-03 4.159242e-02 
-6.715593e-03 9.518247e-02 
-2.163081e-03 8.076270e-02 
-4.872576e-05 3.610282e-02 
-1.385427e-01 -4.688185e-01 
1.410544e-02 -3.005023e-01 
2.563993e-03 -7.949601e-02 
-1.007129e-02 1.191130e-01 
-4.067895e-03 1.471895e-01 
-1.194968e-04 5.295107e-02 
-9.905882e-01 -4.476745e-01 
-7.806997e-02 -5.020413e-01 
1.575573e-02 -4.034576e-01 
3.564217e-02 -3.029054e-01 
1.688720e-02 -3.248627e-01 
3.027760e-03 -4.394164e-01 
-8.375155e-01 4.943447e-01 
-7.219835e-02 6.326409e-01 
-2.284935e-02 5.436881e-01 
-3.463693e-02 4.087315e-01 
-1.254454e-02 2.833943e-01 
-2.139855e-03 1.690429e-01 
-1.148397e-01 4.392613e-01 
-1.738564e-02 3.510625e-01 
-1.377358e-02 1.704994e-01 
1.455025e-02 -3.848813e-02 
1.121299e-02 -1.801171e-01 
3.778624e-03 -2.484146e-01 
-1.275311e-03 1.364790e-01 
-1.125421e-02 1.035954e-01 
-5.295981e-03 2.860707e-02 
1.229246e-02 -5.844381e-02 
8.021382e-03 -1.283777e-01 
2.429320e-03 -1.582384e-01 
4.989064e-02 -1.526333e-01 
1.556224e-02 -8.050460e-02 
4.340639e-03 3.289950e-02 
-2.160899e-02 1.683516e-01 
-1.133787e-02 2.032331e-01 
-2.367492e-03 1.733910e-01 
-1.789038e-01 -3.893329e-01 
8.044701e-03 -2.883011e-01 
9.023046e-03 -1.259895e-01 
-7.428619e-03 6.757882e-02 
-3.725082e-03 9.766307e-02 
-2.845341e-05 2.029448e-03 
-8.955185e-01 -3.146414e-01 
-1.225644e-01 -4.040015e-01 
-8.985500e-03 -3.461704e-01 
4.834936e-02 -2.754378e-01 
2.770640e-02 -3.526370e-01 
9.083057e-03 -5.394095e-01 
-9.527528e-01 4.800147e-01 
-2.345174e-03 6.068985e-01 
-1.310346e-03 5.670096e-01 
-5.943242e-02 4.997282e-01 
-2.218290e-02 3.652926e-01 
-3.686476e-03 1.671786e-01 
