poroelastic
2.450034e-02 -2.107866e-01 
1.655952e-02 -3.218746e-01 
-2.412173e-02 -2.480852e-01 
-1.953017e-02 2.677234e-02 
-6.942042e-03 2.775125e-01 
8.842245e-03 4.811245e-01 
-3.851716e-02 7.988615e-02 
1.525187e-02 -3.126721e-02 
1.624129e-02 -1.010290e-01 
3.583397e-03 -9.012231e-02 
2.560583e-04 -5.488113e-02 
-3.040246e-04 -1.924349e-02 
6.863147e-02 3.317105e-01 
-1.725396e-02 2.098568e-01 
7.729998e-03 6.700633e-02 
6.220270e-03 -4.668042e-02 
2.048748e-03 -9.906479e-02 
-1.503248e-03 -1.080931e-01 
9.506214e-01 3.230169e-01 
-4.978252e-02 3.280531e-01 
-8.600833e-02 3.497576e-01 
-3.536064e-02 3.862733e-01 
-1.043845e-02 4.043122e-01 
4.166498e-03 4.096448e-01 
6.288243e-01 -2.065696e-01 
1.789675e-01 -4.494511e-01 
8.152876e-02 -4.444998e-01 
3.357029e-02 -3.319993e-01 
1.151451e-02 -3.038058e-01 
-1.102219e-03 -3.442600e-01 
-3.445489e-02 -1.991248e-01 
1.696335e-03 -1.573647e-01 
-2.225837e-02 -4.236116e-03 
-2.223788e-02 2.080569e-01 
-8.571321e-03 2.605230e-01 
-3.813624e-04 1.754508e-01 
-2.298147e-02 -2.594695e-02 
-1.351102e-02 4.293971e-03 
-3.053395e-02 1.037428e-01 
-2.491455e-02 2.382529e-01 
-9.736004e-03 2.636434e-01 
-7.676781e-04 1.899798e-01 
-6.227362e-02 3.362906e-02 
1.140264e-02 -3.806990e-02 
1.907266e-02 -1.034933e-01 
1.287729e-02 -1.255079e-01 
4.959821e-03 -1.207264e-01 
2.945436e-04 -9.983305e-02 
-1.799569e-02 1.707376e-01 
-3.212828e-03 7.574259e-02 
9.377420e-03 -3.946709e-02 
8.915490e-03 -1.098449e-01 
2.508415e-03 -9.374742e-02 
1.978196e-05 -5.321493e-03 
6.812435e-01 1.509315e-01 
9.301142e-03 1.914786e-01 
-4.380963e-02 2.161825e-01 
-4.030743e-02 2.674398e-01 
-1.938091e-02 3.420453e-01 
-3.229050e-03 4.368805e-01 
5.227738e-01 -1.527645e-01 
1.161397e-01 -3.636348e-01 
5.013740e-02 -3.668722e-01 
3.765784e-02 -2.921635e-01 
1.703442e-02 -2.746158e-01 
4.388559e-03 -2.918634e-01 
-6.666461e-02 -1.670991e-01 
9.904111e-03 -1.198850e-01 
-1.150768e-02 2.659124e-02 
-3.023943e-02 2.098372e-01 
-1.510495e-02 2.600616e-01 
-3.638790e-03 1.953623e-01 
-1.372023e-02 -4.221708e-02 
3.706939e-03 -1.786806e-02 
-1.213198e-02 6.873569e-02 
-2.408566e-02 1.734520e-01 
-1.181033e-02 1.976875e-01 
-2.885049e-03 1.436281e-01 
-4.906403e-02 -1.362873e-02 
3.803125e-03 -5.416716e-02 
9.485511e-03 -8.054627e-02 
1.121820e-02 -8.858747e-02 
5.029490e-03 -8.029158e-02 
1.263322e-03 -6.385911e-02 
-1.138904e-01 6.695091e-02 
-2.229859e-03 3.385916e-03 
1.078955e-02 -8.753036e-02 
1.827509e-02 -1.592714e-01 
7.439668e-03 -1.413726e-01 
8.751571e-04 -4.370045e-02 
5.104447e-01 3.368901e-02 
3.943989e-02 1.232023e-01 
-1.717889e-02 1.747102e-01 
-4.114824e-02 2.082606e-01 
-2.404364e-02 2.804707e-01 
-9.589287e-03 3.932669e-01 
4.302344e-01 -1.151584e-01 
6.376368e-02 -2.961431e-01 
2.592013e-02 -2.955016e-01 
3.641472e-02 -2.430399e-01 
1.822997e-02 -2.232917e-01 
6.404501e-03 -2.096975e-01 
-8.160030e-02 -1.155239e-01 
1.599153e-02 -6.982466e-02 
-1.721951e-03 6.135822e-02 
-3.188941e-02 1.879612e-01 
-1.748178e-02 2.182904e-01 
-5.797538e-03 1.714974e-01 
-1.804919e-02 -2.996485e-02 
1.313907e-02 1.699211e-02 
-6.918934e-03 1.139481e-01 
-2.824307e-02 1.828763e-01 
-1.377048e-02 1.778244e-01 
-3.780782e-03 1.106957e-01 
-9.470063e-02 -5.364899e-02 
-8.233027e-03 -7.495330e-02 
4.625070e-03 -9.322640e-02 
2.736806e-02 -1.413650e-01 
1.676595e-02 -1.829549e-01 
6.607721e-03 -2.052319e-01 
-9.792327e-02 -2.772159e-02 
-3.639255e-03 -3.886618e-02 
2.373964e-03 -5.116685e-02 
1.325750e-02 -8.911438e-02 
6.492691e-03 -8.975957e-02 
1.110655e-03 -3.430371e-02 
4.184913e-01 -1.286766e-01 
7.706495e-02 -1.724208e-02 
9.150068e-03 1.115257e-01 
-5.567837e-02 2.265462e-01 
-3.653582e-02 3.431046e-01 
-1.693255e-02 4.781011e-01 
4.117496e-01 -1.278668e-01 
2.915232e-02 -3.243281e-01 
1.619234e-02 -3.089031e-01 
3.468911e-02 -2.229538e-01 
1.480861e-02 -1.651713e-01 
3.645775e-03 -8.792729e-02 
