poroelastic
4.101496e-02 -2.571206e-01 
4.165024e-02 -3.925638e-01 
-8.948777e-03 -3.054504e-01 
-3.219335e-02 2.092700e-02 
-1.945172e-02 3.003233e-01 
6.810674e-04 5.007111e-01 
-1.032775e-02 9.236933e-02 
4.559597e-03 -1.817270e-02 
6.009498e-03 -5.692993e-02 
1.101330e-04 -1.186790e-02 
-4.775672e-04 1.525113e-02 
-1.078936e-05 2.928170e-03 
9.833336e-02 3.657383e-01 
-3.153147e-02 2.381919e-01 
-2.065275e-03 1.148701e-01 
7.791258e-03 5.030446e-03 
6.392336e-03 -8.230731e-02 
1.097831e-03 -1.537302e-01 
9.805993e-01 3.724715e-01 
-6.070934e-02 3.324367e-01 
-9.340145e-02 3.674625e-01 
-5.952989e-02 4.010318e-01 
-2.357082e-02 3.892399e-01 
-3.772969e-03 3.491145e-01 
5.987642e-01 -2.353017e-01 
1.926003e-01 -4.887629e-01 
9.393913e-02 -4.584912e-01 
5.011275e-02 -3.074117e-01 
2.156289e-02 -2.707571e-01 
5.872360e-03 -3.208327e-01 
-5.600227e-02 -2.097160e-01 
8.927409e-03 -1.525277e-01 
-2.747467e-02 2.073689e-02 
-4.464917e-02 2.583756e-01 
-2.143322e-02 3.181162e-01 
-5.090370e-03 2.157749e-01 
-1.829320e-02 -1.558008e-02 
-9.070989e-03 3.199215e-02 
-3.749924e-02 1.480773e-01 
-4.407583e-02 2.837602e-01 
-1.954623e-02 2.853403e-01 
-4.229727e-03 1.555127e-01 
-6.026442e-02 2.915637e-02 
5.478674e-03 -2.569671e-02 
1.630079e-02 -6.742815e-02 
1.831368e-02 -8.601955e-02 
1.054899e-02 -1.094771e-01 
4.134379e-03 -1.480545e-01 
-1.056024e-04 1.468894e-01 
-7.746820e-03 6.980771e-02 
4.430011e-03 -1.119748e-02 
9.819984e-03 -6.711698e-02 
4.357848e-03 -6.602226e-02 
3.924659e-04 -1.323016e-02 
7.002685e-01 1.055376e-01 
1.662975e-02 1.405671e-01 
-4.272695e-02 2.051256e-01 
-6.509358e-02 2.849278e-01 
-3.685707e-02 3.714523e-01 
-1.525112e-02 4.648929e-01 
4.461551e-01 -1.369066e-01 
1.081479e-01 -3.365440e-01 
5.146536e-02 -3.294147e-01 
5.017798e-02 -2.590885e-01 
2.637092e-02 -2.515633e-01 
1.108695e-02 -2.704148e-01 
-8.646111e-02 -1.373179e-01 
1.603269e-02 -7.298592e-02 
-1.339844e-02 7.603522e-02 
-4.700294e-02 2.352696e-01 
-2.507845e-02 2.644260e-01 
-7.981540e-03 1.782660e-01 
-9.136739e-03 -3.420078e-02 
1.021900e-02 8.519318e-03 
-1.535452e-02 1.097482e-01 
-3.876543e-02 2.037868e-01 
-1.995581e-02 2.087251e-01 
-5.871537e-03 1.230515e-01 
-3.145480e-02 -3.324141e-02 
2.143901e-03 -4.503910e-02 
4.214418e-03 -3.362951e-02 
7.853201e-03 -3.147411e-02 
5.083330e-03 -4.038748e-02 
2.926359e-03 -5.949331e-02 
-9.552210e-02 5.037434e-03 
-3.248886e-03 -2.028233e-02 
6.686950e-03 -5.890100e-02 
1.814146e-02 -1.063465e-01 
8.983224e-03 -9.835229e-02 
1.390506e-03 -2.761998e-02 
3.958365e-01 -3.566115e-02 
4.198987e-02 6.117601e-02 
-9.651460e-03 1.393161e-01 
-4.675792e-02 1.708850e-01 
-3.077851e-02 2.305906e-01 
-1.810575e-02 3.312418e-01 
2.764424e-01 -8.181329e-02 
4.440108e-02 -2.214507e-01 
1.950476e-02 -2.004763e-01 
3.251882e-02 -1.564905e-01 
1.844858e-02 -1.491636e-01 
8.195655e-03 -1.344255e-01 
-1.163925e-01 -7.092896e-02 
2.374143e-02 -8.822887e-03 
-3.590920e-03 1.192231e-01 
-4.776741e-02 2.101432e-01 
-2.762846e-02 2.263277e-01 
-1.201373e-02 1.879298e-01 
-1.180347e-02 -1.710813e-02 
1.869153e-02 4.482477e-02 
-1.006443e-02 1.459245e-01 
-3.678602e-02 1.828716e-01 
-1.817051e-02 1.574362e-01 
-5.609628e-03 8.552623e-02 
-8.620507e-02 -8.015687e-02 
-1.264125e-02 -6.713549e-02 
-2.967853e-03 -4.849943e-02 
2.868201e-02 -9.764530e-02 
2.238651e-02 -1.587009e-01 
1.302624e-02 -2.006455e-01 
-7.941293e-02 -1.067827e-01 
1.018371e-03 -6.525055e-02 
-6.886232e-04 -1.327038e-02 
7.239468e-03 -3.145656e-02 
5.363985e-03 -4.768388e-02 
1.170368e-03 -1.797467e-02 
3.338518e-01 -2.350372e-01 
9.070187e-02 -9.706036e-02 
2.192071e-02 8.842469e-02 
-6.881085e-02 2.210680e-01 
-5.006537e-02 3.335246e-01 
-3.053340e-02 4.558167e-01 
2.296894e-01 -4.198580e-02 
1.420370e-02 -1.919422e-01 
7.178338e-03 -1.680475e-01 
2.850192e-02 -1.240131e-01 
1.676447e-02 -1.230462e-01 
6.266690e-03 -8.616714e-02 
