poroelastic
-5.426411e-02 3.882681e-01 
-4.332301e-02 5.874887e-01 
8.050115e-03 4.988499e-01 
1.474330e-02 1.021604e-01 
2.270296e-03 -2.584696e-01 
-1.392821e-02 -5.563174e-01 
-2.754062e-02 -2.387991e-01 
5.959582e-03 -3.376521e-02 
3.118965e-03 5.594219e-02 
2.139950e-03 1.236647e-02 
4.327397e-04 -4.917235e-02 
-1.979593e-03 -9.446645e-02 
-2.894613e-01 -7.069863e-01 
3.816062e-02 -4.412852e-01 
2.063807e-03 -2.011687e-01 
-3.610260e-03 -2.141127e-02 
-1.157411e-03 8.220432e-02 
2.593155e-03 1.424707e-01 
-1.362603e+00 -7.188591e-01 
3.863056e-02 -5.944417e-01 
8.062565e-02 -4.922469e-01 
2.815670e-02 -4.712146e-01 
5.012449e-03 -4.532849e-01 
-6.445609e-03 -4.319255e-01 
-1.037894e+00 5.912399e-01 
-2.237739e-01 8.803049e-01 
-8.370308e-02 7.609647e-01 
-2.544927e-02 4.650314e-01 
-5.927509e-03 3.069614e-01 
2.350780e-03 2.745969e-01 
-1.505230e-01 5.395748e-01 
-2.986174e-02 4.924823e-01 
5.589927e-03 2.483455e-01 
1.787613e-02 -1.351313e-01 
6.887831e-03 -3.083791e-01 
-1.188161e-03 -2.877241e-01 
9.509162e-04 1.491952e-01 
-3.716368e-03 1.540592e-01 
1.664446e-02 2.506435e-02 
2.020415e-02 -2.014239e-01 
7.663140e-03 -2.933357e-01 
-4.626850e-04 -2.481019e-01 
4.045255e-02 -1.895861e-01 
-1.658413e-03 -4.139076e-02 
-1.228123e-02 7.306103e-02 
-1.032986e-02 1.159297e-01 
-3.991928e-03 1.199733e-01 
2.378440e-04 1.172534e-01 
-1.784166e-01 -5.271626e-01 
2.023673e-02 -2.951814e-01 
8.139073e-04 -7.517166e-02 
-6.413220e-03 7.564153e-02 
-2.348117e-03 9.678608e-02 
1.264396e-05 2.854779e-02 
-1.113793e+00 -5.149454e-01 
-3.101261e-02 -4.605327e-01 
4.141469e-02 -3.633860e-01 
4.189018e-02 -3.448616e-01 
1.838326e-02 -4.100541e-01 
1.602275e-03 -5.242332e-01 
-8.829730e-01 5.143768e-01 
-1.418029e-01 7.361483e-01 
-5.366077e-02 6.400697e-01 
-3.736891e-02 4.337367e-01 
-1.281817e-02 2.914160e-01 
-2.176442e-03 2.076521e-01 
-1.255233e-01 4.775027e-01 
-2.802068e-02 4.092679e-01 
-1.045491e-02 2.050552e-01 
2.064634e-02 -8.238399e-02 
1.362757e-02 -2.451344e-01 
3.862256e-03 -2.808744e-01 
-7.980929e-03 1.571527e-01 
-1.350773e-02 1.592476e-01 
-3.478274e-03 7.367402e-02 
1.560583e-02 -7.489716e-02 
9.918155e-03 -1.694932e-01 
2.886246e-03 -1.863766e-01 
2.085520e-02 -1.347290e-01 
4.081887e-03 -2.748478e-02 
-4.304524e-03 5.775530e-02 
-9.433159e-03 9.850689e-02 
-3.347648e-03 7.373058e-02 
-3.941458e-04 2.416814e-02 
-1.081342e-01 -4.169747e-01 
1.737605e-02 -2.561923e-01 
4.285766e-03 -5.734646e-02 
-1.373269e-02 1.225858e-01 
-6.577061e-03 1.398019e-01 
-6.778860e-04 3.844357e-02 
-8.889865e-01 -4.038065e-01 
-6.800496e-02 -4.391265e-01 
1.560195e-02 -3.542676e-01 
4.133976e-02 -2.554918e-01 
2.225396e-02 -2.793913e-01 
8.965210e-03 -4.038964e-01 
-7.502615e-01 4.568291e-01 
-7.094321e-02 6.020525e-01 
-2.832478e-02 5.136564e-01 
-4.223732e-02 3.810871e-01 
-1.593638e-02 2.515199e-01 
-3.331707e-03 1.192691e-01 
-1.061301e-01 4.054580e-01 
-2.290389e-02 3.307587e-01 
-1.866707e-02 1.628977e-01 
1.693249e-02 -2.800056e-02 
1.521436e-02 -1.705222e-01 
7.721246e-03 -2.551103e-01 
-5.423101e-03 1.360067e-01 
-1.294703e-02 1.085128e-01 
-7.475919e-03 3.820601e-02 
1.220866e-02 -3.716059e-02 
9.611013e-03 -1.069671e-01 
4.521523e-03 -1.456619e-01 
5.921419e-02 -1.177631e-01 
1.949053e-02 -5.640210e-02 
6.096885e-03 3.867698e-02 
-2.678677e-02 1.645509e-01 
-1.566466e-02 1.979718e-01 
-5.039634e-03 1.681650e-01 
-1.516598e-01 -3.154232e-01 
8.680832e-03 -2.349668e-01 
1.045691e-02 -1.121562e-01 
-7.246400e-03 5.407607e-02 
-4.303322e-03 7.999341e-02 
3.406479e-04 -1.128418e-02 
-8.033007e-01 -2.307466e-01 
-1.183149e-01 -3.141290e-01 
-1.231188e-02 -2.946967e-01 
5.696519e-02 -2.551502e-01 
3.595974e-02 -3.444330e-01 
1.722119e-02 -5.338997e-01 
-8.510103e-01 3.949811e-01 
1.935389e-03 5.327985e-01 
-5.576518e-04 5.041485e-01 
-7.135381e-02 4.627140e-01 
-3.064645e-02 3.636934e-01 
-7.247923e-03 1.955855e-01 
