poroelastic
3.239684e-02 4.397608e-02 
4.260995e-02 5.777239e-02 
5.162287e-02 -4.182536e-03 
-3.351758e-03 -1.570967e-01 
-1.869413e-02 -3.250844e-01 
-3.190328e-02 -4.893234e-01 
4.743405e-02 -1.422526e-01 
-2.319881e-02 -8.903353e-02 
-2.609596e-02 4.307604e-02 
7.352065e-03 1.697068e-01 
1.152731e-02 1.961943e-01 
9.096381e-03 1.426868e-01 
-1.311113e-02 -2.859596e-01 
-8.396517e-03 -2.265578e-01 
-2.402039e-02 -4.849310e-02 
4.219119e-03 1.335034e-01 
1.044776e-02 1.902327e-01 
9.365400e-03 1.512943e-01 
-8.118653e-01 -1.954202e-01 
-8.908715e-04 -3.363072e-01 
5.261268e-02 -3.457823e-01 
-7.277979e-03 -3.394412e-01 
-1.754393e-02 -3.694890e-01 
-2.365949e-02 -4.110738e-01 
-4.871097e-01 1.006856e-01 
-9.287169e-02 2.380118e-01 
-3.729037e-02 2.725700e-01 
3.027725e-03 2.602906e-01 
1.070139e-02 2.765549e-01 
1.682867e-02 3.280117e-01 
1.096374e-01 6.709522e-02 
1.545293e-02 -7.087564e-03 
1.700208e-02 -1.056442e-01 
-3.356089e-03 -1.985877e-01 
-7.258032e-03 -1.890235e-01 
-4.159605e-03 -8.856781e-02 
3.756721e-02 -6.786832e-02 
2.022745e-02 -1.218672e-01 
1.654671e-02 -1.677415e-01 
-2.463122e-03 -1.976515e-01 
-6.184335e-03 -1.751835e-01 
-5.277136e-03 -1.128441e-01 
4.490575e-02 -9.276046e-02 
-1.139538e-02 -4.339514e-02 
-1.417167e-02 5.535366e-02 
4.775163e-04 1.407944e-01 
5.435440e-03 1.604885e-01 
5.998902e-03 1.228578e-01 
-2.021948e-02 -2.091763e-01 
-1.708071e-03 -1.491821e-01 
-8.901036e-03 -1.128615e-02 
7.046092e-04 1.111869e-01 
4.307731e-03 1.222801e-01 
2.232700e-03 4.680300e-02 
-6.728262e-01 -1.628678e-01 
-3.765658e-02 -2.984335e-01 
2.613185e-02 -2.970437e-01 
3.721346e-03 -2.797424e-01 
-7.239999e-03 -3.066572e-01 
-1.531417e-02 -3.567871e-01 
-4.952011e-01 1.262280e-01 
-6.697015e-02 2.541300e-01 
-2.073629e-02 2.689660e-01 
-5.599898e-03 2.480035e-01 
3.679689e-03 2.688058e-01 
1.184403e-02 3.311591e-01 
9.097260e-02 1.143703e-01 
2.014581e-03 4.248586e-02 
9.119163e-03 -7.581193e-02 
3.507704e-03 -1.934174e-01 
-3.320317e-03 -1.988941e-01 
-3.600364e-03 -1.097503e-01 
2.400277e-02 -1.083589e-02 
4.094830e-03 -4.860094e-02 
7.155680e-03 -1.019842e-01 
3.108256e-03 -1.493100e-01 
-2.024042e-03 -1.424322e-01 
-3.112787e-03 -9.391930e-02 
3.190700e-02 -6.822187e-02 
-2.331136e-03 -3.163113e-02 
-5.244748e-03 3.715151e-02 
-3.006651e-03 1.029996e-01 
1.480925e-03 1.193129e-01 
3.086792e-03 8.997525e-02 
2.292955e-02 -1.822259e-01 
1.077186e-03 -1.208994e-01 
-5.220173e-03 1.293149e-02 
-3.522033e-03 1.425700e-01 
2.217878e-03 1.533671e-01 
2.219087e-03 6.625812e-02 
-6.403167e-01 -1.360899e-01 
-6.880715e-02 -2.848545e-01 
8.620753e-03 -2.918566e-01 
1.406185e-02 -2.686635e-01 
8.055042e-04 -2.984046e-01 
-1.035676e-02 -3.674527e-01 
-5.588717e-01 1.551311e-01 
-3.914851e-02 2.778145e-01 
-6.410436e-03 2.943783e-01 
-1.478866e-02 2.896466e-01 
-2.238835e-03 2.966295e-01 
6.985111e-03 3.126332e-01 
5.326209e-02 1.563254e-01 
-6.351668e-03 9.284740e-02 
-8.262684e-05 -3.035464e-02 
9.161146e-03 -1.489708e-01 
1.245228e-03 -1.797604e-01 
-2.727625e-03 -1.381064e-01 
2.372632e-02 3.021067e-02 
-7.075674e-03 -1.241897e-02 
8.791530e-04 -8.664218e-02 
9.455607e-03 -1.515735e-01 
1.493915e-03 -1.637255e-01 
-2.793616e-03 -1.344416e-01 
7.358163e-02 -3.346886e-02 
6.211044e-03 1.589460e-02 
-9.638455e-04 8.862655e-02 
-1.130635e-02 1.688262e-01 
-1.950299e-03 1.946231e-01 
4.018854e-03 1.710383e-01 
2.308374e-02 -1.690072e-01 
6.293540e-03 -1.164197e-01 
1.486554e-03 -2.789375e-03 
-8.284289e-03 1.289350e-01 
-1.014737e-03 1.530656e-01 
2.007340e-03 8.835626e-02 
-5.789088e-01 -1.022113e-01 
-9.311725e-02 -2.360248e-01 
-8.253915e-03 -2.498199e-01 
2.351396e-02 -2.371433e-01 
8.009671e-03 -2.913411e-01 
-7.366006e-03 -3.996976e-01 
-5.985874e-01 2.820867e-01 
4.187089e-03 3.991477e-01 
3.244553e-03 3.741220e-01 
-1.791039e-02 2.867673e-01 
-3.290207e-03 1.892284e-01 
1.039401e-03 8.147940e-02 
