poroelastic
1.128036e-01 -4.843342e-01 
1.109747e-01 -7.742097e-01 
5.341148e-02 -7.746625e-01 
-6.390868e-03 -3.960061e-01 
-6.470347e-03 -6.245812e-03 
1.338498e-02 3.431226e-01 
-3.026921e-02 1.851059e-01 
2.131120e-02 -1.595755e-01 
7.801167e-03 -2.887011e-01 
-7.041644e-03 -1.341566e-01 
-3.252064e-03 6.515226e-02 
8.919059e-03 2.531687e-01 
2.252087e-01 7.854061e-01 
-2.944016e-02 3.223995e-01 
5.036356e-03 1.263919e-02 
2.005847e-03 -7.882103e-02 
-1.081327e-03 -5.458343e-02 
6.017696e-04 1.876942e-02 
1.197899e+00 9.489503e-01 
-4.630799e-02 5.953921e-01 
-7.185381e-02 3.282778e-01 
-3.060708e-02 2.908130e-01 
-5.987119e-03 3.418591e-01 
1.217032e-02 4.313729e-01 
1.333210e+00 -7.563628e-01 
3.197781e-01 -1.153775e+00 
1.293742e-01 -1.038750e+00 
3.759776e-02 -6.596691e-01 
3.723506e-03 -3.652799e-01 
-3.976985e-03 -1.804728e-01 
4.449567e-01 -7.524275e-01 
8.351669e-02 -8.304725e-01 
3.257209e-02 -6.250961e-01 
-9.648840e-03 -1.620026e-01 
-6.915045e-03 1.581818e-01 
5.752257e-03 3.218557e-01 
5.130688e-02 -3.206847e-01 
3.751929e-02 -4.385187e-01 
1.213349e-02 -3.608426e-01 
-1.219365e-02 -6.263351e-02 
-7.029954e-03 1.659040e-01 
4.685621e-03 2.916440e-01 
-8.318473e-02 2.126560e-01 
1.490484e-02 -3.821152e-02 
2.972094e-02 -2.200870e-01 
1.577705e-02 -2.395864e-01 
2.164614e-03 -1.581885e-01 
-7.737903e-04 -4.671639e-02 
1.386862e-01 7.246454e-01 
-2.354673e-02 3.422492e-01 
1.181756e-02 4.416423e-03 
1.522162e-02 -1.902900e-01 
2.724076e-03 -1.773997e-01 
-6.250634e-04 -4.182523e-02 
1.052169e+00 8.192319e-01 
-6.069389e-05 5.847448e-01 
-4.343971e-02 3.087955e-01 
-3.323120e-02 1.898866e-01 
-1.380928e-02 2.568480e-01 
4.850194e-03 4.339101e-01 
1.191781e+00 -6.881101e-01 
2.216159e-01 -9.994428e-01 
9.360805e-02 -9.091282e-01 
5.274548e-02 -6.434626e-01 
1.097051e-02 -3.703419e-01 
-5.026180e-04 -1.232479e-01 
4.174756e-01 -6.825560e-01 
5.448099e-02 -7.174075e-01 
4.024829e-02 -5.568646e-01 
-1.687798e-05 -2.169674e-01 
-8.893229e-03 7.534567e-02 
3.281348e-04 2.835909e-01 
4.957090e-02 -2.741731e-01 
2.495632e-02 -3.593231e-01 
2.489001e-02 -3.357907e-01 
2.057158e-03 -1.624629e-01 
-5.639197e-03 3.256297e-02 
2.710859e-07 1.874712e-01 
-6.131984e-02 2.058733e-01 
-2.218428e-03 1.526228e-02 
1.720302e-02 -1.590379e-01 
2.074656e-02 -2.296012e-01 
4.816654e-03 -1.558369e-01 
6.101166e-06 -2.273910e-02 
1.158256e-01 6.623181e-01 
-2.948981e-02 3.808043e-01 
1.772977e-03 5.098471e-02 
2.649833e-02 -2.199144e-01 
9.654787e-03 -2.383132e-01 
1.333515e-04 -9.585992e-02 
9.813359e-01 7.262984e-01 
3.431162e-02 6.311265e-01 
-3.053762e-02 3.829947e-01 
-3.270028e-02 1.675029e-01 
-1.609676e-02 1.773840e-01 
-2.131634e-03 3.467601e-01 
1.126922e+00 -6.205333e-01 
1.351550e-01 -8.489255e-01 
6.128144e-02 -7.755778e-01 
7.013205e-02 -6.160569e-01 
2.157614e-02 -4.040706e-01 
1.983654e-03 -1.697565e-01 
3.552753e-01 -5.879375e-01 
2.701315e-02 -5.775028e-01 
3.485122e-02 -4.395567e-01 
9.146574e-03 -2.129215e-01 
-6.309335e-03 1.343625e-02 
-2.766914e-03 1.986409e-01 
3.634441e-02 -2.228926e-01 
8.482164e-03 -2.468320e-01 
1.803038e-02 -2.230612e-01 
5.501258e-03 -1.302595e-01 
-4.173241e-03 7.826043e-03 
-1.807512e-03 1.280586e-01 
-5.970438e-02 2.214259e-01 
-2.014432e-02 1.012218e-01 
2.789565e-03 -7.314336e-02 
3.458755e-02 -2.335362e-01 
1.452008e-02 -2.293932e-01 
1.749825e-03 -1.413586e-01 
1.916411e-01 5.739268e-01 
-2.586759e-02 3.851204e-01 
-1.259060e-02 1.238965e-01 
2.068252e-02 -1.451281e-01 
8.579359e-03 -1.701712e-01 
3.452182e-04 -2.728617e-02 
8.755957e-01 5.719366e-01 
7.419341e-02 5.436945e-01 
-1.239957e-02 3.302021e-01 
-3.920886e-02 1.309340e-01 
-2.363573e-02 1.892670e-01 
-6.536286e-03 4.298253e-01 
1.282511e+00 -5.087785e-01 
3.230886e-02 -7.178061e-01 
2.124552e-02 -7.553662e-01 
1.215418e-01 -7.709422e-01 
4.583240e-02 -6.115580e-01 
6.466769e-03 -3.259857e-01 
