poroelastic
4.602183e-02 -2.689946e-01 
5.020236e-02 -4.116988e-01 
-3.145606e-03 -3.221636e-01 
-3.652010e-02 1.863533e-02 
-2.381980e-02 3.065199e-01 
-1.839580e-03 5.046908e-01 
-1.057752e-03 9.733825e-02 
1.512894e-03 -1.268352e-02 
2.313406e-03 -4.186115e-02 
-2.557694e-03 1.346520e-02 
-1.456705e-03 3.649991e-02 
-5.813833e-05 6.135388e-03 
1.099136e-01 3.750094e-01 
-3.655376e-02 2.463307e-01 
-6.389367e-03 1.312356e-01 
7.248664e-03 2.478557e-02 
7.609257e-03 -7.374025e-02 
2.264799e-03 -1.675482e-01 
9.836489e-01 3.866877e-01 
-6.420457e-02 3.321566e-01 
-9.585321e-02 3.716086e-01 
-6.691987e-02 4.039234e-01 
-2.717547e-02 3.817359e-01 
-5.638039e-03 3.248116e-01 
5.846933e-01 -2.402509e-01 
1.960486e-01 -4.947686e-01 
9.770984e-02 -4.579333e-01 
5.501516e-02 -2.976687e-01 
2.453953e-02 -2.609988e-01 
7.968357e-03 -3.162843e-01 
-6.307717e-02 -2.107501e-01 
1.175391e-02 -1.486148e-01 
-2.909084e-02 2.864137e-02 
-5.338251e-02 2.721168e-01 
-2.656845e-02 3.354147e-01 
-7.059171e-03 2.313969e-01 
-1.629872e-02 -1.127876e-02 
-7.555126e-03 4.193144e-02 
-4.003659e-02 1.617587e-01 
-5.075832e-02 2.956726e-01 
-2.275339e-02 2.892815e-01 
-4.972808e-03 1.431226e-01 
-5.803985e-02 2.777571e-02 
3.341192e-03 -2.041451e-02 
1.440565e-02 -5.372870e-02 
1.914188e-02 -7.097629e-02 
1.219431e-02 -1.037805e-01 
5.829837e-03 -1.615484e-01 
5.242959e-03 1.379897e-01 
-8.778846e-03 6.803216e-02 
2.566601e-03 -1.444750e-03 
9.372377e-03 -5.331183e-02 
4.735480e-03 -5.817982e-02 
6.814155e-04 -1.785236e-02 
6.995573e-01 8.987980e-02 
1.983684e-02 1.241933e-01 
-4.141538e-02 2.009223e-01 
-7.296243e-02 2.872905e-01 
-4.260920e-02 3.757555e-01 
-1.931805e-02 4.675372e-01 
4.180800e-01 -1.309623e-01 
1.038999e-01 -3.246517e-01 
5.079768e-02 -3.148101e-01 
5.288342e-02 -2.465438e-01 
2.859346e-02 -2.403102e-01 
1.284550e-02 -2.578125e-01 
-9.154723e-02 -1.260010e-01 
1.763132e-02 -5.576546e-02 
-1.445923e-02 9.245354e-02 
-5.218987e-02 2.405127e-01 
-2.801897e-02 2.617051e-01 
-9.139623e-03 1.700761e-01 
-7.110200e-03 -3.129387e-02 
1.240389e-02 1.811083e-02 
-1.683280e-02 1.237275e-01 
-4.383716e-02 2.122350e-01 
-2.263373e-02 2.105166e-01 
-6.640653e-03 1.162042e-01 
-2.520054e-02 -4.019710e-02 
2.307821e-03 -4.214077e-02 
2.184011e-03 -1.839607e-02 
5.659428e-03 -1.411339e-02 
4.556734e-03 -2.855248e-02 
3.409653e-03 -5.762764e-02 
-8.896952e-02 -1.599155e-02 
-2.562498e-03 -2.819662e-02 
5.350133e-03 -4.918614e-02 
1.685467e-02 -8.914034e-02 
8.763436e-03 -8.433068e-02 
1.355775e-03 -2.234889e-02 
3.556554e-01 -5.993135e-02 
4.297142e-02 4.088534e-02 
-7.256429e-03 1.281127e-01 
-4.723177e-02 1.588770e-01 
-3.194800e-02 2.141143e-01 
-2.015056e-02 3.097412e-01 
2.291428e-01 -6.949523e-02 
3.779972e-02 -1.937302e-01 
1.644365e-02 -1.666789e-01 
2.929421e-02 -1.281993e-01 
1.745218e-02 -1.267513e-01 
8.094819e-03 -1.132195e-01 
-1.251398e-01 -5.661352e-02 
2.631384e-02 1.058048e-02 
-4.482037e-03 1.373393e-01 
-5.269981e-02 2.151141e-01 
-3.076509e-02 2.258929e-01 
-1.417063e-02 1.904853e-01 
-9.303916e-03 -1.478153e-02 
2.029151e-02 5.150029e-02 
-1.130632e-02 1.542722e-01 
-3.892658e-02 1.808857e-01 
-1.908038e-02 1.491545e-01 
-5.907078e-03 7.727745e-02 
-8.220727e-02 -9.003858e-02 
-1.312902e-02 -6.576934e-02 
-5.644457e-03 -3.428705e-02 
2.768077e-02 -8.271070e-02 
2.341619e-02 -1.487799e-01 
1.483649e-02 -1.949097e-01 
-7.478068e-02 -1.333061e-01 
3.510895e-03 -7.482477e-02 
-1.513754e-03 -1.961621e-03 
4.304268e-03 -1.374696e-02 
4.464767e-03 -3.530353e-02 
1.071719e-03 -1.404507e-02 
3.023117e-01 -2.692428e-01 
9.503329e-02 -1.224314e-01 
2.635295e-02 8.091889e-02 
-7.199063e-02 2.186901e-01 
-5.376893e-02 3.278940e-01 
-3.458464e-02 4.438866e-01 
1.733908e-01 -1.423649e-02 
9.487711e-03 -1.480773e-01 
3.076935e-03 -1.216922e-01 
2.431886e-02 -9.127380e-02 
1.665934e-02 -1.084371e-01 
7.256786e-03 -8.678111e-02 
