poroelastic
-9.352895e-02 4.922773e-01 
-7.190156e-02 7.486927e-01 
-8.424577e-03 6.747839e-01 
8.791243e-03 2.551919e-01 
-9.988977e-04 -1.050920e-01 
-1.249116e-02 -4.062043e-01 
-3.143563e-02 -2.062726e-01 
4.442257e-03 7.534396e-02 
1.309445e-02 1.448400e-01 
2.855809e-03 1.059054e-03 
-2.316416e-03 -1.346913e-01 
-6.914022e-03 -2.359105e-01 
-3.487529e-01 -7.701465e-01 
3.701460e-02 -3.974905e-01 
6.756741e-03 -1.505951e-01 
-8.066968e-04 -5.203900e-02 
-3.093253e-04 -7.769302e-03 
6.551428e-04 2.323448e-02 
-1.302011e+00 -8.647798e-01 
3.871974e-02 -6.049692e-01 
6.789900e-02 -4.129466e-01 
6.667477e-03 -4.072265e-01 
-4.402651e-03 -4.041144e-01 
-9.462149e-03 -3.878807e-01 
-1.222860e+00 7.826147e-01 
-2.489158e-01 1.083503e+00 
-7.411599e-02 9.083568e-01 
-7.956892e-03 5.123477e-01 
1.179753e-03 2.696595e-01 
3.085975e-03 1.745571e-01 
-3.606436e-01 7.574207e-01 
-4.631691e-02 7.735295e-01 
-3.832921e-03 5.120271e-01 
6.983435e-03 3.273436e-02 
1.602663e-03 -2.372646e-01 
-4.039075e-03 -3.258236e-01 
-2.948974e-02 3.031379e-01 
-1.541113e-02 3.819834e-01 
7.009161e-03 2.496901e-01 
8.431781e-03 -6.228732e-02 
2.321006e-03 -2.448397e-01 
-3.474348e-03 -3.052547e-01 
2.140588e-02 -2.236985e-01 
-4.975407e-03 -1.614413e-02 
-9.586058e-03 1.070471e-01 
-2.783813e-03 1.050207e-01 
-1.179632e-04 6.645502e-02 
3.212349e-04 2.424793e-02 
-2.502497e-01 -6.841907e-01 
2.007299e-02 -3.610227e-01 
-6.701563e-04 -8.880041e-02 
-2.582222e-03 6.332221e-02 
-1.301050e-04 8.308000e-02 
2.338793e-04 1.833938e-02 
-1.129887e+00 -7.421572e-01 
-1.883811e-02 -5.727631e-01 
3.808711e-02 -3.587062e-01 
1.912422e-02 -2.932542e-01 
6.074688e-03 -3.309271e-01 
-3.729659e-03 -4.354655e-01 
-1.078820e+00 7.401434e-01 
-1.681942e-01 9.637510e-01 
-5.041549e-02 8.068050e-01 
-1.972555e-02 4.890329e-01 
-3.645513e-03 2.405483e-01 
6.574666e-05 6.548463e-02 
-3.296648e-01 7.024088e-01 
-2.971505e-02 6.696804e-01 
-1.607391e-02 4.527877e-01 
6.900374e-03 7.788625e-02 
7.042374e-03 -1.799711e-01 
8.550818e-04 -3.228244e-01 
-3.242768e-02 2.659675e-01 
-1.449370e-02 3.181877e-01 
-8.759651e-03 2.441638e-01 
4.731340e-03 4.491035e-02 
4.904460e-03 -1.140066e-01 
6.972112e-04 -2.088901e-01 
1.038330e-02 -2.123764e-01 
2.045618e-03 -4.698268e-02 
-5.260317e-03 7.808462e-02 
-5.735504e-03 1.167567e-01 
-1.192561e-03 7.107342e-02 
8.425395e-06 -3.518855e-03 
-2.136977e-01 -6.330095e-01 
1.733582e-02 -3.845847e-01 
2.874971e-03 -1.111954e-01 
-8.457136e-03 1.070739e-01 
-3.625725e-03 1.415130e-01 
-1.622302e-04 6.140801e-02 
-1.053885e+00 -6.550617e-01 
-5.938070e-02 -5.972667e-01 
1.961604e-02 -4.043322e-01 
2.704204e-02 -2.647745e-01 
1.275357e-02 -2.721226e-01 
2.774481e-03 -3.792767e-01 
-9.992192e-01 6.740146e-01 
-9.854232e-02 8.130041e-01 
-3.119404e-02 6.780298e-01 
-3.222608e-02 4.672844e-01 
-9.602908e-03 2.636343e-01 
-1.162703e-03 8.601733e-02 
-2.861605e-01 5.997654e-01 
-1.451717e-02 5.340237e-01 
-1.978944e-02 3.564397e-01 
1.561590e-03 1.056989e-01 
7.182591e-03 -9.387659e-02 
3.782229e-03 -2.251133e-01 
-2.361619e-02 2.063759e-01 
-5.725992e-03 2.051965e-01 
-9.132494e-03 1.541192e-01 
1.378069e-03 5.180901e-02 
4.212340e-03 -5.353351e-02 
2.058215e-03 -1.240539e-01 
1.544516e-02 -2.389342e-01 
1.277580e-02 -1.413965e-01 
3.513954e-03 6.721267e-04 
-1.600683e-02 1.425170e-01 
-8.312712e-03 1.659640e-01 
-1.861931e-03 1.302505e-01 
-2.843800e-01 -5.577217e-01 
9.399729e-03 -3.956778e-01 
1.020884e-02 -1.772453e-01 
-4.461691e-03 4.441849e-02 
-2.524980e-03 7.904504e-02 
1.947172e-04 -1.332575e-02 
-9.614899e-01 -5.298746e-01 
-9.935298e-02 -5.257642e-01 
-3.438383e-04 -3.570577e-01 
3.594219e-02 -2.201989e-01 
2.110560e-02 -2.766548e-01 
8.553976e-03 -4.681005e-01 
-1.172550e+00 5.900715e-01 
-2.348899e-02 7.186075e-01 
-3.706144e-03 6.899698e-01 
-6.869793e-02 6.304231e-01 
-2.758298e-02 4.681554e-01 
-5.610749e-03 2.291285e-01 
