poroelastic
-6.131826e-02 4.077266e-01 
-5.537987e-02 6.216127e-01 
-2.964200e-03 5.387432e-01 
1.600884e-02 1.319643e-01 
5.915403e-03 -2.436429e-01 
-1.091546e-02 -5.528582e-01 
-2.879064e-02 -2.312383e-01 
5.904992e-03 -1.782944e-02 
3.816852e-03 6.535601e-02 
3.321995e-03 4.680433e-03 
1.301345e-03 -6.746993e-02 
-1.695615e-03 -1.134983e-01 
-2.917080e-01 -7.082075e-01 
4.249322e-02 -4.329196e-01 
5.580546e-03 -2.002923e-01 
-3.552360e-03 -3.107158e-02 
-2.176327e-03 7.087655e-02 
1.614438e-03 1.376819e-01 
-1.349425e+00 -7.345978e-01 
4.471446e-02 -5.827120e-01 
8.220820e-02 -4.824603e-01 
3.639774e-02 -4.607576e-01 
9.859922e-03 -4.371994e-01 
-3.433638e-03 -4.079632e-01 
-1.029971e+00 5.956933e-01 
-2.337604e-01 8.989238e-01 
-9.234307e-02 7.761354e-01 
-3.327605e-02 4.679508e-01 
-9.250810e-03 3.002580e-01 
4.938746e-04 2.596800e-01 
-1.600604e-01 5.459129e-01 
-3.701407e-02 5.063157e-01 
9.361978e-04 2.631883e-01 
2.210670e-02 -1.281027e-01 
1.069174e-02 -3.116012e-01 
7.489281e-04 -2.987716e-01 
-3.357920e-03 1.574432e-01 
-8.639130e-03 1.665270e-01 
1.431727e-02 3.730580e-02 
2.469926e-02 -1.951161e-01 
1.114615e-02 -2.930403e-01 
1.317600e-03 -2.482274e-01 
4.632740e-02 -1.766390e-01 
-9.844275e-04 -2.759572e-02 
-1.313096e-02 8.194990e-02 
-1.278202e-02 1.172129e-01 
-5.478035e-03 1.170325e-01 
-6.619092e-04 1.166318e-01 
-1.626994e-01 -5.101558e-01 
2.169868e-02 -2.763685e-01 
1.342359e-03 -6.414534e-02 
-8.103385e-03 7.896288e-02 
-3.429125e-03 9.612358e-02 
-2.048563e-04 2.727069e-02 
-1.085701e+00 -4.986880e-01 
-2.847404e-02 -4.263023e-01 
4.043503e-02 -3.368565e-01 
4.922672e-02 -3.274146e-01 
2.400552e-02 -4.028732e-01 
5.776886e-03 -5.280109e-01 
-8.597925e-01 5.005126e-01 
-1.443608e-01 7.306786e-01 
-5.905725e-02 6.382699e-01 
-4.499049e-02 4.353824e-01 
-1.624609e-02 2.908140e-01 
-3.642689e-03 1.964225e-01 
-1.275065e-01 4.668282e-01 
-3.251945e-02 4.058172e-01 
-1.462832e-02 2.078044e-01 
2.292616e-02 -7.260206e-02 
1.673962e-02 -2.384786e-01 
6.206630e-03 -2.831863e-01 
-1.024200e-02 1.604899e-01 
-1.640293e-02 1.649581e-01 
-6.030847e-03 8.051631e-02 
1.728998e-02 -6.663798e-02 
1.213371e-02 -1.657677e-01 
4.524208e-03 -1.878777e-01 
2.607499e-02 -1.166355e-01 
4.342638e-03 -1.223316e-02 
-5.043058e-03 6.519202e-02 
-1.109814e-02 9.975398e-02 
-4.005430e-03 7.069380e-02 
-5.000708e-04 1.970157e-02 
-9.051037e-02 -3.850822e-01 
1.879477e-02 -2.306236e-01 
4.987244e-03 -4.600164e-02 
-1.582269e-02 1.230735e-01 
-7.946161e-03 1.354009e-01 
-8.694775e-04 3.222992e-02 
-8.277607e-01 -3.755240e-01 
-6.282557e-02 -4.028415e-01 
1.520705e-02 -3.270602e-01 
4.318851e-02 -2.283801e-01 
2.453019e-02 -2.539847e-01 
1.206059e-02 -3.822088e-01 
-6.984918e-01 4.330368e-01 
-6.941190e-02 5.795472e-01 
-3.080616e-02 4.915358e-01 
-4.571788e-02 3.625663e-01 
-1.743922e-02 2.339641e-01 
-3.556480e-03 9.527268e-02 
-9.970366e-02 3.837653e-01 
-2.567642e-02 3.159540e-01 
-2.113419e-02 1.551285e-01 
1.799440e-02 -2.351974e-02 
1.729675e-02 -1.637624e-01 
1.009796e-02 -2.552764e-01 
-7.239212e-03 1.346735e-01 
-1.345275e-02 1.093142e-01 
-8.439646e-03 4.086579e-02 
1.147962e-02 -2.651724e-02 
9.977534e-03 -9.348143e-02 
5.489925e-03 -1.349346e-01 
6.355671e-02 -9.734473e-02 
2.139375e-02 -4.355241e-02 
7.235307e-03 3.947993e-02 
-2.932003e-02 1.595785e-01 
-1.804291e-02 1.937193e-01 
-6.608523e-03 1.654419e-01 
-1.367498e-01 -2.719430e-01 
8.250201e-03 -2.054796e-01 
1.108469e-02 -1.067493e-01 
-6.619832e-03 4.396828e-02 
-4.435721e-03 7.017269e-02 
6.119258e-04 -1.526979e-02 
-7.499748e-01 -1.811583e-01 
-1.171490e-01 -2.641625e-01 
-1.500451e-02 -2.681496e-01 
6.139586e-02 -2.463847e-01 
4.047902e-02 -3.393689e-01 
2.197264e-02 -5.261210e-01 
-7.904031e-01 3.458263e-01 
5.677439e-03 4.866082e-01 
1.711911e-03 4.634272e-01 
-7.702666e-02 4.362915e-01 
-3.585784e-02 3.618777e-01 
-1.008863e-02 2.175019e-01 
