poroelastic
-1.217466e-01 4.519654e-01 
-1.191509e-01 7.117971e-01 
-7.003923e-02 7.237756e-01 
-5.248948e-03 4.410483e-01 
1.711342e-03 1.708472e-01 
-1.171440e-03 -7.922050e-02 
-2.364183e-03 -6.117009e-02 
-1.294727e-02 2.283112e-01 
8.598311e-03 2.609230e-01 
6.683224e-03 3.547822e-02 
2.322064e-03 -1.761130e-01 
-4.455878e-03 -3.506039e-01 
-2.272965e-01 -5.344438e-01 
2.471287e-02 -1.464846e-01 
1.103786e-02 1.630886e-02 
3.985339e-03 -2.788057e-02 
1.313755e-03 -9.251557e-02 
-1.587831e-03 -1.389083e-01 
-6.483345e-01 -7.340278e-01 
3.173164e-02 -3.328032e-01 
2.436356e-02 -1.056167e-01 
7.457469e-03 -1.070223e-01 
2.290299e-03 -1.322968e-01 
-1.240785e-03 -1.576128e-01 
-9.366695e-01 6.671792e-01 
-2.248666e-01 9.311697e-01 
-7.487827e-02 7.814251e-01 
-1.522813e-02 4.160172e-01 
-1.148105e-03 1.383515e-01 
-3.457289e-05 -3.933003e-02 
-4.928397e-01 6.889159e-01 
-8.333220e-02 8.096848e-01 
-4.352290e-02 6.605651e-01 
-4.195821e-03 2.653876e-01 
3.686176e-03 -3.699125e-02 
1.169308e-03 -2.465551e-01 
-7.104158e-02 3.700477e-01 
-4.805027e-02 5.222547e-01 
-2.742509e-02 4.622164e-01 
-9.668451e-04 1.775621e-01 
4.535752e-03 -6.349409e-02 
1.570774e-03 -2.429270e-01 
3.317287e-02 -1.307041e-01 
-9.820156e-03 7.477669e-02 
-1.288307e-02 1.696229e-01 
-3.536919e-03 1.141923e-01 
7.859808e-04 1.741679e-02 
3.821874e-04 -7.453434e-02 
-1.430435e-01 -5.441320e-01 
1.700367e-02 -2.311948e-01 
-3.408408e-03 -1.093156e-02 
-5.423221e-03 8.208215e-02 
-1.789280e-03 7.248260e-02 
-7.231383e-05 1.278687e-02 
-5.918026e-01 -6.648052e-01 
1.087925e-02 -3.763154e-01 
1.451700e-02 -1.281174e-01 
7.446027e-03 -4.115542e-02 
4.400651e-03 -6.828996e-02 
1.571371e-03 -1.671356e-01 
-8.176606e-01 6.120032e-01 
-1.544269e-01 8.038217e-01 
-5.701179e-02 6.812597e-01 
-2.433448e-02 4.068529e-01 
-3.094630e-03 1.400655e-01 
1.707505e-03 -9.956681e-02 
-4.447861e-01 6.112476e-01 
-4.475040e-02 6.800953e-01 
-4.253691e-02 5.765461e-01 
-1.321852e-02 2.924706e-01 
3.234960e-03 1.723663e-02 
4.763596e-03 -2.269675e-01 
-5.793971e-02 2.840159e-01 
-2.359907e-02 3.910051e-01 
-2.901497e-02 3.855179e-01 
-1.235836e-02 2.280214e-01 
9.651194e-04 3.864760e-02 
3.160880e-03 -1.410529e-01 
2.865731e-02 -1.544020e-01 
6.203724e-04 6.637678e-03 
-9.926203e-03 1.230365e-01 
-9.672419e-03 1.385674e-01 
-1.827350e-03 6.396165e-02 
9.146699e-04 -4.164573e-02 
-1.566987e-01 -5.256738e-01 
2.075083e-02 -2.970353e-01 
4.019636e-03 -7.314620e-02 
-1.037118e-02 9.039753e-02 
-5.799675e-03 1.123382e-01 
-1.199422e-03 5.418045e-02 
-6.038607e-01 -6.043025e-01 
-7.174048e-03 -4.386854e-01 
1.539065e-02 -2.166565e-01 
8.698149e-03 -6.068159e-02 
4.079121e-03 -3.872967e-02 
2.943704e-03 -1.110740e-01 
-7.482646e-01 5.446837e-01 
-9.386708e-02 6.598303e-01 
-3.904817e-02 5.555411e-01 
-3.361434e-02 3.729578e-01 
-8.519912e-03 1.702248e-01 
1.019090e-03 -3.107313e-02 
-3.656101e-01 4.979974e-01 
-1.350071e-02 5.124053e-01 
-3.031182e-02 4.342608e-01 
-2.161591e-02 2.609779e-01 
-1.971978e-03 7.274590e-02 
3.785211e-03 -1.044218e-01 
-4.305461e-02 2.002010e-01 
6.044137e-04 2.473739e-01 
-1.707574e-02 2.582025e-01 
-1.854577e-02 1.923936e-01 
-4.102088e-03 8.162890e-02 
1.129156e-03 -3.085016e-02 
-7.096384e-03 -2.105349e-01 
1.112848e-02 -1.247499e-01 
2.910919e-03 -7.836236e-03 
-1.099558e-02 8.667798e-02 
-5.575890e-03 8.163302e-02 
-1.258769e-03 3.628033e-02 
-2.393656e-01 -4.784776e-01 
1.390600e-02 -3.258385e-01 
1.194310e-02 -1.455855e-01 
-3.535256e-03 2.225497e-02 
-3.078702e-03 5.257264e-02 
2.980786e-05 -8.543893e-04 
-5.655069e-01 -5.109775e-01 
-3.003119e-02 -4.068797e-01 
8.711156e-03 -1.985948e-01 
1.112084e-02 -3.998497e-02 
7.488778e-03 -5.042415e-02 
6.651551e-03 -1.746946e-01 
-9.059809e-01 3.877349e-01 
-2.779518e-02 4.946149e-01 
-4.305966e-03 5.218922e-01 
-7.916168e-02 5.416310e-01 
-3.880380e-02 4.459967e-01 
-1.223963e-02 2.755097e-01 
