poroelastic
9.157104e-02 -3.674939e-01 
8.606341e-02 -5.838833e-01 
4.576167e-02 -5.951071e-01 
-3.791489e-03 -3.474382e-01 
-5.464802e-03 -1.139108e-01 
4.382859e-03 8.469955e-02 
3.748568e-02 1.634565e-01 
-6.288197e-03 -8.592489e-02 
-1.794767e-02 -1.391699e-01 
-8.448884e-03 1.518473e-02 
1.859930e-03 1.604962e-01 
1.271011e-02 2.640348e-01 
2.673699e-01 6.079434e-01 
-2.846161e-02 2.625138e-01 
-8.583431e-03 6.405484e-02 
-1.678074e-03 2.864065e-02 
4.262453e-04 3.873943e-02 
2.196529e-03 4.888130e-02 
7.052679e-01 7.423942e-01 
-1.908463e-02 4.344601e-01 
-2.650887e-02 1.796835e-01 
-7.430890e-03 1.197627e-01 
5.206798e-04 1.250406e-01 
6.342502e-03 1.546294e-01 
9.279197e-01 -6.540477e-01 
1.851468e-01 -8.629240e-01 
6.011902e-02 -7.260426e-01 
7.021246e-03 -4.058586e-01 
-2.945106e-03 -1.514984e-01 
6.018360e-04 1.712558e-02 
4.165811e-01 -6.410621e-01 
6.014656e-02 -7.061979e-01 
2.421665e-02 -5.633021e-01 
-5.359590e-03 -2.118544e-01 
-3.087238e-03 5.929735e-02 
7.440621e-03 2.374484e-01 
4.961547e-02 -2.816078e-01 
3.014438e-02 -3.903690e-01 
1.242504e-02 -3.449856e-01 
-4.922096e-03 -1.215461e-01 
-2.490987e-03 6.422982e-02 
5.537163e-03 1.848918e-01 
-7.855721e-03 2.230380e-01 
1.368577e-03 3.936764e-02 
7.945005e-03 -8.048935e-02 
2.449143e-03 -8.850821e-02 
-5.639357e-04 -4.191382e-02 
1.752623e-04 5.720584e-03 
2.208478e-01 6.284548e-01 
-2.094284e-02 3.316484e-01 
1.030481e-03 8.594917e-02 
4.549596e-03 -6.073158e-02 
1.592400e-04 -8.018790e-02 
-1.085588e-03 -3.758420e-02 
7.155559e-01 7.065210e-01 
3.728417e-03 4.884131e-01 
-1.986031e-02 2.215674e-01 
-1.064133e-02 8.680486e-02 
-3.367806e-03 9.475414e-02 
4.546683e-03 1.827554e-01 
8.283850e-01 -6.219377e-01 
1.266264e-01 -7.574018e-01 
4.489686e-02 -6.376878e-01 
1.575897e-02 -4.013195e-01 
-1.030930e-03 -1.515829e-01 
1.321569e-03 7.344893e-02 
4.010002e-01 -5.834961e-01 
3.313983e-02 -6.004494e-01 
2.919792e-02 -5.022013e-01 
4.851116e-03 -2.638259e-01 
-3.898424e-03 -2.155111e-02 
2.850418e-03 1.863673e-01 
4.528638e-02 -2.258928e-01 
1.542450e-02 -2.986525e-01 
1.862152e-02 -3.048684e-01 
5.165085e-03 -1.911715e-01 
-2.249075e-03 -3.399626e-02 
1.635353e-03 1.120404e-01 
1.827525e-03 2.376561e-01 
-4.796041e-03 8.955934e-02 
4.941531e-03 -4.949870e-02 
6.232782e-03 -1.126904e-01 
2.503408e-04 -6.665155e-02 
2.217641e-04 1.532386e-02 
2.480809e-01 6.228477e-01 
-2.069808e-02 4.024707e-01 
-5.612424e-03 1.487175e-01 
8.321457e-03 -6.727237e-02 
2.687331e-03 -1.090583e-01 
-7.489277e-04 -5.697180e-02 
7.384900e-01 6.784141e-01 
2.739143e-02 5.653799e-01 
-1.761793e-02 3.072219e-01 
-1.180619e-02 9.314035e-02 
-4.637762e-03 5.928654e-02 
1.152101e-03 1.411873e-01 
8.068274e-01 -5.779295e-01 
7.677092e-02 -6.397616e-01 
3.178687e-02 -5.402059e-01 
3.027756e-02 -4.006460e-01 
5.078228e-03 -2.083608e-01 
-2.132752e-05 -7.614516e-03 
3.577788e-01 -5.178186e-01 
9.012952e-03 -4.914467e-01 
2.393196e-02 -4.151425e-01 
1.484818e-02 -2.647552e-01 
-1.138034e-03 -7.238512e-02 
9.397809e-05 1.139346e-01 
3.709172e-02 -1.791907e-01 
-1.342377e-03 -2.060491e-01 
1.337086e-02 -2.299709e-01 
1.212387e-02 -1.870547e-01 
5.283910e-05 -6.732448e-02 
6.181820e-05 6.295081e-02 
2.613967e-02 2.797734e-01 
-1.109056e-02 1.898340e-01 
-2.972633e-03 3.664751e-02 
1.067180e-02 -1.019773e-01 
3.041305e-03 -9.301043e-02 
-6.150825e-05 -2.146344e-02 
3.105062e-01 5.966690e-01 
-1.307753e-02 4.368135e-01 
-1.235326e-02 1.982675e-01 
5.485806e-03 -4.337270e-02 
1.894688e-03 -7.788104e-02 
2.016671e-05 8.226351e-03 
6.911219e-01 6.339856e-01 
4.773693e-02 5.734889e-01 
-1.321013e-02 3.018692e-01 
-1.068330e-02 4.438192e-02 
-5.778771e-03 2.600721e-02 
-5.388396e-05 1.605878e-01 
9.667280e-01 -4.784661e-01 
5.025307e-03 -4.981037e-01 
4.731334e-03 -5.091770e-01 
7.351393e-02 -5.546709e-01 
2.361524e-02 -4.318310e-01 
1.012617e-03 -2.153345e-01 
