poroelastic
6.125637e-02 -1.815056e-01 
5.479464e-02 -2.783898e-01 
3.427239e-02 -2.864944e-01 
-6.533225e-03 -2.140219e-01 
-1.069224e-02 -1.897083e-01 
-1.339772e-02 -1.938899e-01 
8.435700e-02 4.264684e-02 
-3.158109e-02 -3.527670e-02 
-3.423637e-02 3.354747e-02 
4.842000e-03 1.803977e-01 
1.338513e-02 2.390503e-01 
1.428817e-02 2.130179e-01 
2.063670e-01 2.011938e-01 
-2.338724e-02 7.693251e-02 
-2.035647e-02 7.931674e-02 
4.102005e-03 1.448939e-01 
7.951184e-03 1.476292e-01 
5.623662e-03 8.686140e-02 
-1.849475e-02 2.955496e-01 
-1.358797e-03 8.763749e-02 
1.809740e-02 -5.125053e-02 
7.063195e-04 -8.661003e-02 
-5.194043e-03 -1.232815e-01 
-9.823193e-03 -1.624973e-01 
2.089909e-01 -3.457444e-01 
1.840560e-02 -3.328352e-01 
-1.159185e-02 -2.068122e-01 
-5.665480e-03 -2.147410e-02 
3.545770e-03 1.218011e-01 
1.225717e-02 2.251085e-01 
2.618463e-01 -3.354490e-01 
2.659885e-02 -3.829979e-01 
7.902805e-03 -3.331045e-01 
-5.768528e-03 -1.804938e-01 
-2.393838e-03 -3.763774e-02 
4.791919e-03 9.501035e-02 
4.012892e-02 -1.803350e-01 
1.852711e-02 -2.500601e-01 
7.303230e-03 -2.299849e-01 
-2.921236e-03 -1.262657e-01 
-1.811159e-03 -3.945500e-02 
1.121491e-03 2.238545e-02 
5.821952e-02 1.088803e-01 
-1.143393e-02 5.707311e-02 
-1.030163e-02 6.516567e-02 
-2.636448e-04 1.027172e-01 
3.572582e-03 1.066829e-01 
3.440476e-03 6.636207e-02 
2.005997e-01 2.593505e-01 
-1.229482e-02 1.550479e-01 
-7.619425e-03 1.139508e-01 
8.252019e-04 1.022809e-01 
2.607493e-03 7.156669e-02 
6.001457e-04 1.189930e-02 
9.280624e-02 3.080541e-01 
-3.862423e-03 1.509163e-01 
6.574039e-03 1.288751e-02 
2.718699e-03 -5.232460e-02 
-1.736965e-03 -8.824325e-02 
-4.847598e-03 -1.059069e-01 
1.514983e-01 -3.273559e-01 
7.770661e-03 -2.729945e-01 
-5.906753e-03 -1.614176e-01 
-7.054858e-03 -2.013295e-02 
-9.525163e-05 1.229342e-01 
9.980051e-03 2.569516e-01 
2.513706e-01 -2.857982e-01 
9.461881e-03 -2.973112e-01 
9.314079e-03 -2.843924e-01 
2.887107e-04 -2.086069e-01 
-2.731119e-03 -9.321204e-02 
1.616565e-03 4.471715e-02 
3.168044e-02 -1.236782e-01 
6.436600e-03 -1.649623e-01 
6.440331e-03 -1.778419e-01 
9.665128e-04 -1.376355e-01 
-1.635013e-03 -6.812204e-02 
2.932519e-04 8.045598e-03 
5.791886e-02 1.340406e-01 
-4.695707e-03 9.031515e-02 
-4.671304e-03 6.947702e-02 
-2.641782e-03 6.924164e-02 
7.582487e-04 7.491645e-02 
2.212466e-03 5.926899e-02 
2.453859e-01 2.854200e-01 
-4.930000e-03 2.172216e-01 
-5.965484e-03 1.653785e-01 
-1.977717e-03 1.177504e-01 
1.329423e-03 7.476258e-02 
4.058532e-04 1.118408e-02 
1.271721e-01 3.227861e-01 
-4.202894e-03 2.056193e-01 
1.088790e-03 5.902399e-02 
5.871331e-03 -4.807526e-02 
7.386737e-04 -1.034089e-01 
-4.077433e-03 -1.316945e-01 
1.053782e-01 -3.003787e-01 
3.151308e-03 -1.990019e-01 
4.471145e-04 -9.670760e-02 
-7.443956e-03 -6.126864e-04 
-2.864422e-03 1.107552e-01 
5.450625e-03 2.146144e-01 
2.157778e-01 -2.360250e-01 
-3.956877e-03 -2.190797e-01 
4.933136e-03 -2.251162e-01 
6.753165e-03 -1.986160e-01 
-6.257439e-04 -1.142519e-01 
1.842863e-05 7.965045e-04 
2.994629e-02 -7.550962e-02 
-5.184041e-03 -9.637940e-02 
3.422175e-03 -1.425450e-01 
7.747409e-03 -1.601713e-01 
3.257451e-04 -1.167665e-01 
-1.153687e-03 -4.777401e-02 
9.337267e-02 1.875979e-01 
1.836125e-03 1.793825e-01 
-3.273665e-03 1.391456e-01 
-6.863579e-03 9.468837e-02 
-1.331002e-03 9.226709e-02 
2.461025e-03 9.190822e-02 
2.855116e-01 3.011079e-01 
6.355320e-03 2.563317e-01 
-3.266415e-03 1.846695e-01 
-6.660957e-03 1.087718e-01 
-1.075809e-03 8.260713e-02 
1.748458e-03 6.727402e-02 
1.517184e-01 3.539187e-01 
-4.828365e-03 2.695567e-01 
-5.739336e-03 9.463450e-02 
1.055192e-02 -6.861437e-02 
3.531139e-03 -1.379220e-01 
-3.413653e-03 -1.556082e-01 
1.866402e-01 -1.960905e-01 
-1.292185e-03 -6.142207e-02 
-2.203033e-03 -4.350821e-02 
7.037420e-03 -9.740344e-02 
1.096539e-03 -7.643704e-02 
-3.617539e-04 -2.160175e-02 
