poroelastic
-2.481284e-02 -2.059674e-01 
-4.582773e-02 -1.553730e-01 
-4.726385e-02 1.028948e-01 
1.916647e-02 3.462974e-01 
2.965874e-02 4.218919e-01 
2.488572e-02 3.333961e-01 
6.702479e-02 -1.449005e-01 
-3.045283e-02 -1.361136e-01 
-3.053295e-02 6.135470e-02 
1.376881e-02 2.279283e-01 
1.798754e-02 2.531562e-01 
1.609148e-02 2.176450e-01 
-1.718673e-01 -7.240531e-02 
1.284472e-02 -1.682707e-01 
9.446130e-03 -9.978575e-02 
-1.824883e-03 -4.610156e-02 
-5.518645e-03 -8.363027e-02 
-9.064578e-03 -1.273844e-01 
1.468568e-01 8.077566e-02 
9.077478e-03 7.002735e-02 
1.031719e-04 1.579565e-01 
8.844560e-03 1.506623e-01 
2.909903e-03 4.119115e-02 
-7.458762e-03 -1.142121e-01 
-6.482897e-01 -4.260566e-02 
-1.097602e-01 3.478503e-01 
-2.821707e-02 5.945858e-01 
2.401180e-02 5.649142e-01 
2.138524e-02 3.916427e-01 
6.639738e-03 1.123575e-01 
-5.380060e-01 2.637418e-01 
-5.114384e-02 6.140219e-01 
-1.471013e-02 7.829299e-01 
2.614849e-02 6.207731e-01 
1.798483e-02 3.510192e-01 
9.342851e-05 1.711244e-03 
-2.764293e-02 1.237564e-01 
-9.120331e-03 2.421981e-01 
4.695499e-03 2.993349e-01 
9.253702e-03 1.833223e-01 
9.556089e-04 6.226608e-03 
-9.446244e-03 -1.725772e-01 
-8.582372e-02 -2.178481e-01 
7.504083e-03 -2.761793e-01 
-1.583567e-03 -1.846979e-01 
-2.293462e-03 -4.981743e-02 
-9.146814e-04 -1.575407e-02 
1.094124e-03 1.915473e-02 
2.210734e-01 -2.864098e-01 
-1.722887e-02 -2.317943e-01 
-3.726391e-02 3.156377e-02 
8.373911e-03 3.583361e-01 
2.122375e-02 4.553926e-01 
2.610209e-02 4.682251e-01 
1.774371e-01 -2.713833e-01 
2.965399e-02 -1.460203e-01 
-1.488466e-02 1.486853e-01 
1.122045e-02 3.863420e-01 
1.383341e-02 3.137188e-01 
4.911267e-03 9.817437e-02 
-7.190531e-01 1.807351e-01 
-8.012379e-02 5.202518e-01 
-5.111897e-03 6.886002e-01 
1.818115e-02 6.186055e-01 
1.195777e-02 2.943456e-01 
-6.789984e-03 -1.590626e-01 
-4.429910e-01 3.342395e-01 
-1.205248e-02 5.683378e-01 
1.549816e-03 6.665284e-01 
1.435643e-02 5.233810e-01 
8.404985e-03 2.140204e-01 
-8.181015e-03 -2.075559e-01 
-8.478597e-03 7.860468e-02 
4.256204e-04 1.281909e-01 
5.016398e-03 1.747501e-01 
5.791183e-03 1.226822e-01 
3.307569e-04 -3.287390e-02 
-1.131847e-02 -2.784142e-01 
8.052831e-02 -9.911117e-02 
-8.586522e-03 -2.707449e-02 
-9.113317e-03 1.382012e-01 
4.501274e-03 2.773833e-01 
9.018304e-03 2.672660e-01 
5.871650e-03 1.386245e-01 
3.477061e-01 -2.725113e-01 
-7.518222e-04 -6.324103e-02 
-1.778672e-02 2.455688e-01 
6.024906e-03 5.053555e-01 
1.600111e-02 5.113581e-01 
1.465047e-02 3.575768e-01 
-2.549420e-01 -2.846059e-01 
-2.318716e-02 -2.369404e-01 
1.485374e-04 -3.416529e-02 
4.184806e-03 1.145177e-01 
1.566025e-03 8.459559e-03 
-7.839688e-03 -2.258304e-01 
-7.014941e-01 4.006898e-01 
-4.065486e-02 5.410965e-01 
3.763973e-03 5.469193e-01 
5.608337e-03 4.484794e-01 
5.103321e-03 1.942719e-01 
-3.478634e-03 -1.217915e-01 
-2.996924e-01 4.495344e-01 
6.367699e-03 5.108126e-01 
4.610287e-03 4.621152e-01 
5.060084e-03 2.682173e-01 
2.262301e-03 1.868614e-02 
-7.338299e-03 -2.885073e-01 
-3.774579e-02 2.498707e-01 
5.165932e-03 3.126756e-01 
2.812182e-03 2.993930e-01 
3.625043e-03 1.568607e-01 
1.772741e-03 7.442920e-03 
-6.001594e-03 -2.260282e-01 
1.433524e-01 -1.723173e-02 
5.017737e-03 1.232503e-01 
5.635563e-04 2.633815e-01 
-2.545898e-03 3.248128e-01 
5.462385e-03 3.438920e-01 
7.078846e-03 2.436281e-01 
2.440603e-01 -3.842844e-01 
1.629837e-02 -1.900378e-01 
1.013304e-03 8.632321e-02 
-8.480395e-03 3.561783e-01 
5.476146e-03 5.099211e-01 
1.525548e-02 5.579546e-01 
-7.108281e-01 -4.402797e-01 
-1.010258e-01 -5.405454e-01 
-9.227473e-03 -4.029674e-01 
2.619775e-03 -2.154130e-01 
-1.009561e-03 -1.616057e-01 
-2.870069e-03 -1.331950e-01 
-6.065419e-01 6.642079e-01 
-2.730083e-03 6.014166e-01 
2.625013e-03 4.202166e-01 
1.509908e-03 2.264182e-01 
1.647710e-03 -4.366509e-02 
-3.011802e-03 -2.053874e-01 
