poroelastic
7.016558e-02 -3.635951e-01 
4.731497e-02 -5.727504e-01 
-1.190457e-02 -5.442818e-01 
-1.851749e-02 -2.089601e-01 
2.668804e-03 1.248337e-01 
3.107899e-02 4.439740e-01 
-1.940499e-02 2.512942e-01 
1.493228e-02 -4.590066e-02 
4.328876e-03 -2.039785e-01 
-8.227350e-03 -1.444119e-01 
-2.520104e-03 -1.731553e-02 
1.008606e-02 1.462781e-01 
2.571456e-01 7.755752e-01 
-2.075314e-02 3.713656e-01 
7.466333e-03 5.283009e-02 
-1.855374e-03 -7.932220e-02 
-4.379676e-03 -7.642912e-02 
6.396440e-04 9.532083e-03 
1.221999e+00 8.569141e-01 
-2.361020e-02 6.420302e-01 
-7.237348e-02 3.901525e-01 
-6.024109e-03 3.406145e-01 
1.331931e-02 3.794612e-01 
2.876943e-02 4.624802e-01 
1.244092e+00 -7.105865e-01 
2.424776e-01 -9.859404e-01 
7.671512e-02 -8.747204e-01 
-1.589682e-03 -5.669772e-01 
-1.167417e-02 -3.303251e-01 
-1.045010e-02 -1.870504e-01 
3.679258e-01 -6.670637e-01 
4.596650e-02 -6.854631e-01 
-8.884811e-05 -4.952593e-01 
-9.922691e-03 -1.166186e-01 
1.826311e-03 1.355991e-01 
1.329493e-02 2.592606e-01 
3.310609e-02 -2.312796e-01 
1.400383e-02 -3.086163e-01 
-7.251122e-03 -2.488038e-01 
-7.627694e-03 -3.276402e-02 
1.822678e-03 1.298166e-01 
1.142259e-02 2.233019e-01 
-2.658224e-02 2.886421e-01 
1.005486e-02 7.245091e-02 
1.656306e-02 -1.143244e-01 
2.789451e-04 -1.769165e-01 
-4.633767e-03 -1.309399e-01 
-1.597093e-03 -2.986711e-02 
2.692042e-01 7.704504e-01 
-1.959404e-02 4.393515e-01 
7.538765e-03 1.043246e-01 
1.316501e-03 -1.116904e-01 
-4.521354e-03 -1.263723e-01 
-6.461228e-04 -1.229990e-02 
1.161054e+00 8.254863e-01 
2.095532e-02 7.100207e-01 
-4.521898e-02 4.335659e-01 
-1.397163e-02 2.808052e-01 
2.903342e-03 2.948089e-01 
1.972542e-02 4.163882e-01 
1.213093e+00 -7.166568e-01 
1.833221e-01 -9.351829e-01 
5.619930e-02 -8.297258e-01 
1.150203e-02 -5.819181e-01 
-5.791444e-03 -3.456677e-01 
-6.059958e-03 -1.506456e-01 
4.002647e-01 -6.780778e-01 
3.204155e-02 -6.603189e-01 
1.092428e-02 -4.942968e-01 
-6.568159e-03 -1.803203e-01 
-2.540203e-03 6.675706e-02 
8.697327e-03 2.339572e-01 
4.192560e-02 -2.333221e-01 
1.370380e-02 -2.910378e-01 
5.073076e-03 -2.680369e-01 
-4.945452e-03 -1.211931e-01 
-2.336915e-03 4.076450e-02 
6.882405e-03 1.823564e-01 
-1.900667e-02 2.971870e-01 
1.653834e-03 1.158275e-01 
1.179135e-02 -8.031275e-02 
5.510418e-03 -1.930596e-01 
-2.609621e-03 -1.555613e-01 
-1.517585e-03 -3.852145e-02 
2.444305e-01 7.820229e-01 
-1.654551e-02 5.003477e-01 
6.789189e-03 1.407632e-01 
8.777110e-03 -1.665930e-01 
-2.556368e-03 -2.117601e-01 
-3.410972e-03 -8.796949e-02 
1.181129e+00 8.024393e-01 
6.319212e-02 7.733582e-01 
-2.963208e-02 4.999964e-01 
-2.256890e-02 2.738819e-01 
-4.489479e-03 2.689153e-01 
1.371050e-02 4.125284e-01 
1.267180e+00 -7.057577e-01 
1.236221e-01 -8.588442e-01 
3.978830e-02 -7.734211e-01 
3.085422e-02 -6.221312e-01 
1.642352e-03 -4.229037e-01 
-6.070752e-03 -2.213872e-01 
3.742259e-01 -6.517056e-01 
1.641905e-02 -5.959101e-01 
1.395717e-02 -4.382928e-01 
-1.738005e-03 -1.947889e-01 
-4.114592e-03 2.931644e-02 
4.956963e-03 2.013656e-01 
3.339661e-02 -2.164985e-01 
5.137010e-03 -2.229194e-01 
5.939442e-03 -1.985844e-01 
-2.958729e-03 -1.035610e-01 
-3.319086e-03 3.225190e-02 
4.083393e-03 1.573691e-01 
-1.240669e-02 3.166264e-01 
-7.310767e-03 1.844331e-01 
5.302882e-03 -2.611497e-02 
1.401404e-02 -2.126588e-01 
6.848278e-04 -2.035060e-01 
-2.426204e-03 -8.319223e-02 
3.122277e-01 7.503025e-01 
-1.460344e-02 5.267105e-01 
-4.314944e-03 1.864231e-01 
9.191535e-03 -1.444987e-01 
-9.725016e-04 -1.723725e-01 
2.165930e-04 7.596032e-03 
1.089072e+00 7.659957e-01 
9.425209e-02 7.637725e-01 
-1.280810e-02 4.624826e-01 
-2.705050e-02 1.799682e-01 
-1.108937e-02 1.991123e-01 
1.036239e-02 4.368054e-01 
1.478609e+00 -7.160092e-01 
4.432636e-02 -8.400335e-01 
1.691267e-02 -8.332377e-01 
6.262826e-02 -7.918321e-01 
1.126818e-02 -5.734477e-01 
-4.390261e-03 -2.447482e-01 
