poroelastic
5.831784e-02 -1.799161e-01 
4.878165e-02 -2.689703e-01 
2.633424e-02 -2.628547e-01 
-8.984713e-03 -1.800236e-01 
-1.087721e-02 -1.554244e-01 
-1.311287e-02 -1.639919e-01 
9.307691e-02 5.873940e-02 
-3.739943e-02 -4.092865e-03 
-3.520890e-02 6.964109e-02 
9.867092e-03 2.030297e-01 
1.698799e-02 2.406676e-01 
1.518774e-02 1.928746e-01 
2.218747e-01 2.136594e-01 
-2.570857e-02 1.030917e-01 
-1.990397e-02 1.046912e-01 
7.449574e-03 1.546857e-01 
9.803934e-03 1.429413e-01 
5.712157e-03 7.448571e-02 
1.888981e-02 2.933766e-01 
1.169985e-04 1.015272e-01 
1.587090e-02 -3.147679e-02 
-7.806057e-04 -6.851583e-02 
-6.200246e-03 -1.078473e-01 
-1.029595e-02 -1.432577e-01 
1.954620e-01 -3.562962e-01 
1.067862e-02 -3.310697e-01 
-1.686630e-02 -1.968633e-01 
-4.962214e-03 -8.298878e-03 
6.179498e-03 1.344423e-01 
1.581595e-02 2.409162e-01 
2.424819e-01 -3.354517e-01 
2.167346e-02 -3.690485e-01 
1.658166e-03 -3.090103e-01 
-7.621883e-03 -1.554431e-01 
-1.812441e-03 -1.960050e-02 
6.456973e-03 1.051150e-01 
3.682722e-02 -1.703945e-01 
1.515267e-02 -2.280276e-01 
3.496509e-03 -1.991665e-01 
-3.937708e-03 -1.001432e-01 
-1.619251e-03 -2.810164e-02 
8.853927e-04 1.438847e-02 
6.638546e-02 1.186362e-01 
-1.423831e-02 7.620925e-02 
-1.108375e-02 9.057757e-02 
2.642157e-03 1.228539e-01 
5.716465e-03 1.151768e-01 
3.937966e-03 6.174189e-02 
2.294137e-01 2.652102e-01 
-1.415665e-02 1.704220e-01 
-8.895772e-03 1.371278e-01 
3.209190e-03 1.259221e-01 
4.588335e-03 9.167775e-02 
1.683258e-03 2.693206e-02 
1.245227e-01 3.067950e-01 
2.204200e-04 1.607364e-01 
5.987015e-03 3.036373e-02 
1.394507e-03 -3.315083e-02 
-2.468009e-03 -7.039302e-02 
-5.232038e-03 -9.131311e-02 
1.354692e-01 -3.315907e-01 
1.587959e-03 -2.664164e-01 
-9.856332e-03 -1.469597e-01 
-6.213957e-03 -5.905350e-03 
2.556061e-03 1.336869e-01 
1.313952e-02 2.617724e-01 
2.359052e-01 -2.832222e-01 
7.757757e-03 -2.837044e-01 
4.981925e-03 -2.622599e-01 
-3.262306e-03 -1.873422e-01 
-3.398923e-03 -7.877168e-02 
2.303938e-03 4.864891e-02 
2.916206e-02 -1.173222e-01 
5.642722e-03 -1.491271e-01 
3.620308e-03 -1.529579e-01 
-1.360646e-03 -1.137407e-01 
-2.056163e-03 -5.459390e-02 
3.184173e-04 6.615226e-03 
7.064807e-02 1.418807e-01 
-6.486630e-03 1.123878e-01 
-5.551087e-03 1.026444e-01 
-7.309566e-04 1.023531e-01 
2.726664e-03 9.467763e-02 
2.926760e-03 5.902899e-02 
2.687508e-01 2.856698e-01 
-4.975979e-03 2.333710e-01 
-5.365966e-03 1.909668e-01 
4.933978e-04 1.436746e-01 
2.963089e-03 8.949908e-02 
6.578345e-04 1.352742e-02 
1.310768e-01 3.162841e-01 
-6.259623e-04 2.090591e-01 
2.950646e-03 6.680551e-02 
4.382474e-03 -4.075296e-02 
-1.076619e-03 -1.039529e-01 
-5.840790e-03 -1.360254e-01 
6.689015e-02 -3.069614e-01 
-2.817626e-03 -1.878590e-01 
-2.642107e-03 -7.399702e-02 
-7.429596e-03 2.735564e-02 
-5.451055e-04 1.360382e-01 
8.959104e-03 2.412790e-01 
2.017291e-01 -2.336397e-01 
-3.405425e-03 -2.055551e-01 
2.296216e-03 -2.061100e-01 
2.382915e-03 -1.810857e-01 
-2.140910e-03 -1.033215e-01 
3.586744e-04 1.036370e-02 
2.955425e-02 -6.880574e-02 
-3.537782e-03 -8.128543e-02 
2.166171e-03 -1.230873e-01 
4.361642e-03 -1.463018e-01 
-1.294530e-03 -1.151676e-01 
-2.026421e-03 -5.621630e-02 
1.015434e-01 1.958278e-01 
1.716385e-03 1.988572e-01 
-2.639320e-03 1.656954e-01 
-4.774832e-03 1.167320e-01 
5.435800e-04 1.013294e-01 
3.478077e-03 8.895667e-02 
3.132823e-01 3.001190e-01 
8.039533e-03 2.713097e-01 
-2.015441e-03 2.110951e-01 
-5.221525e-03 1.363684e-01 
4.964033e-04 1.034421e-01 
3.091798e-03 8.110821e-02 
1.570916e-01 3.471927e-01 
9.485683e-05 2.733711e-01 
-3.082809e-03 1.056787e-01 
8.297247e-03 -6.049948e-02 
1.242395e-03 -1.376907e-01 
-5.357600e-03 -1.611651e-01 
1.380761e-01 -2.001725e-01 
-5.398567e-04 -4.656990e-02 
-1.137739e-03 -1.632033e-02 
2.423261e-03 -6.664682e-02 
-5.445320e-04 -4.621246e-02 
3.223807e-04 1.173100e-02 
