poroelastic
1.011952e-01 -4.019917e-01 
1.068502e-01 -6.489222e-01 
7.456478e-02 -6.873340e-01 
8.836599e-03 -4.395947e-01 
-4.790703e-03 -1.768891e-01 
2.358560e-03 5.823874e-02 
1.928576e-02 1.333688e-01 
5.155188e-03 -1.484346e-01 
-1.056899e-02 -2.119182e-01 
-1.295348e-02 -2.679409e-02 
-3.202378e-03 1.667878e-01 
1.141074e-02 3.199189e-01 
2.459363e-01 6.033113e-01 
-2.811620e-02 2.237626e-01 
-8.366048e-03 1.906321e-02 
-4.145731e-03 6.757822e-03 
-1.238847e-03 5.084583e-02 
2.900757e-03 9.163798e-02 
6.791630e-01 7.726249e-01 
-2.683012e-02 4.132376e-01 
-2.521928e-02 1.460543e-01 
-1.119045e-02 8.861806e-02 
-2.723432e-03 1.092864e-01 
4.339663e-03 1.567044e-01 
9.682368e-01 -6.520107e-01 
2.177970e-01 -9.098403e-01 
8.467614e-02 -7.889265e-01 
2.209209e-02 -4.632825e-01 
1.854223e-04 -1.880411e-01 
8.657476e-05 4.008137e-03 
4.582558e-01 -6.570648e-01 
7.596306e-02 -7.543101e-01 
4.462105e-02 -6.263731e-01 
5.360154e-04 -2.651980e-01 
-5.383025e-03 3.491745e-02 
4.347749e-03 2.435115e-01 
5.529498e-02 -3.091494e-01 
4.038128e-02 -4.404033e-01 
2.568958e-02 -4.063492e-01 
-2.869531e-03 -1.643506e-01 
-5.450714e-03 6.083363e-02 
3.446211e-03 2.216183e-01 
-3.271013e-02 1.955855e-01 
4.482495e-03 -6.613499e-03 
1.482775e-02 -1.392345e-01 
7.063668e-03 -1.360222e-01 
-7.077635e-05 -5.695373e-02 
3.839119e-04 2.501787e-02 
1.589087e-01 6.140260e-01 
-2.256448e-02 2.960484e-01 
4.130588e-03 3.553378e-02 
1.084053e-02 -1.122594e-01 
2.608868e-03 -1.116979e-01 
-5.636146e-04 -4.262127e-02 
6.567464e-01 7.096905e-01 
-6.682560e-03 4.515614e-01 
-1.825098e-02 1.737044e-01 
-1.120926e-02 3.723124e-02 
-5.769069e-03 6.474817e-02 
1.710132e-03 1.819182e-01 
8.372598e-01 -5.993274e-01 
1.435397e-01 -7.728190e-01 
6.183410e-02 -6.722166e-01 
3.139319e-02 -4.451351e-01 
2.692971e-03 -1.832249e-01 
1.519316e-04 6.818934e-02 
4.140730e-01 -5.761417e-01 
4.036010e-02 -6.206687e-01 
4.403242e-02 -5.380503e-01 
1.381595e-02 -3.023540e-01 
-4.262677e-03 -3.883228e-02 
-1.384836e-04 1.997581e-01 
4.652909e-02 -2.356616e-01 
1.767709e-02 -3.253446e-01 
2.948049e-02 -3.475991e-01 
1.397976e-02 -2.362909e-01 
-1.489982e-03 -5.767241e-02 
-2.566926e-04 1.166945e-01 
-2.626930e-02 2.104327e-01 
-6.111989e-03 5.072569e-02 
9.797873e-03 -9.988217e-02 
1.445408e-02 -1.626028e-01 
2.604303e-03 -9.556335e-02 
-4.772363e-05 1.519192e-02 
1.894747e-01 5.899568e-01 
-2.625803e-02 3.618767e-01 
-6.622663e-03 1.038643e-01 
1.554091e-02 -1.102819e-01 
6.465183e-03 -1.355153e-01 
2.863003e-04 -5.901278e-02 
6.785845e-01 6.571044e-01 
1.511813e-02 5.273957e-01 
-2.055908e-02 2.747199e-01 
-1.115588e-02 5.792362e-02 
-5.104372e-03 3.109619e-02 
-1.238117e-03 1.265328e-01 
7.865277e-01 -5.369954e-01 
8.392807e-02 -6.343510e-01 
4.117558e-02 -5.517753e-01 
4.627925e-02 -4.233065e-01 
1.130686e-02 -2.311095e-01 
2.945951e-04 -1.928960e-02 
3.584345e-01 -4.882048e-01 
9.260295e-03 -4.847971e-01 
3.228821e-02 -4.239179e-01 
2.623446e-02 -2.884632e-01 
1.727915e-03 -9.734714e-02 
-1.632709e-03 9.534591e-02 
3.544510e-02 -1.768955e-01 
-3.759704e-03 -2.123287e-01 
1.818479e-02 -2.436484e-01 
2.087994e-02 -2.079120e-01 
2.595324e-03 -8.552125e-02 
-9.031108e-04 5.116773e-02 
6.881584e-03 2.483172e-01 
-1.561621e-02 1.582342e-01 
-3.449292e-03 8.841740e-03 
1.743514e-02 -1.244479e-01 
6.503293e-03 -1.092515e-01 
5.274174e-04 -3.218655e-02 
2.570234e-01 5.415828e-01 
-1.836209e-02 3.881205e-01 
-1.553943e-02 1.661970e-01 
1.000001e-02 -6.107268e-02 
4.921624e-03 -9.171310e-02 
1.188544e-04 -7.157042e-03 
6.219821e-01 5.752149e-01 
3.737357e-02 5.072664e-01 
-1.537405e-02 2.597901e-01 
-1.093958e-02 2.694753e-02 
-6.773558e-03 2.099182e-02 
-2.967014e-03 1.592877e-01 
9.340961e-01 -4.042941e-01 
-1.285881e-03 -4.646206e-01 
2.564542e-03 -5.001228e-01 
9.915734e-02 -5.684363e-01 
3.896540e-02 -4.695338e-01 
6.188121e-03 -2.735588e-01 
