poroelastic
7.774655e-02 -3.307614e-01 
6.183228e-02 -5.132819e-01 
1.694768e-02 -4.940389e-01 
-1.145598e-02 -2.452667e-01 
-3.319809e-03 -3.639239e-02 
8.723516e-03 1.318769e-01 
5.255503e-02 1.909188e-01 
-1.544815e-02 -2.148751e-02 
-2.139092e-02 -6.647047e-02 
-2.750566e-03 5.164113e-02 
6.292365e-03 1.472233e-01 
1.283681e-02 2.005961e-01 
2.817627e-01 6.026600e-01 
-2.660124e-02 2.959984e-01 
-6.171492e-03 1.030489e-01 
1.031968e-03 4.386896e-02 
1.148906e-03 2.437804e-02 
6.630740e-04 1.076589e-02 
7.257048e-01 6.985429e-01 
-1.003422e-02 4.503512e-01 
-2.717128e-02 2.122512e-01 
-1.543853e-03 1.517018e-01 
4.865613e-03 1.449578e-01 
9.286123e-03 1.620494e-01 
8.691649e-01 -6.489946e-01 
1.498944e-01 -8.054946e-01 
3.555407e-02 -6.553830e-01 
-5.552999e-03 -3.440317e-01 
-4.789658e-03 -1.100891e-01 
2.028895e-03 3.951944e-02 
3.642153e-01 -6.151439e-01 
4.228969e-02 -6.465550e-01 
4.573008e-03 -4.898089e-01 
-8.576235e-03 -1.538256e-01 
2.741038e-04 8.527422e-02 
1.106644e-02 2.340341e-01 
4.132797e-02 -2.477304e-01 
1.918121e-02 -3.299120e-01 
7.338434e-04 -2.727003e-01 
-5.279648e-03 -7.284439e-02 
4.747734e-04 6.905350e-02 
6.934293e-03 1.481191e-01 
1.864128e-02 2.483591e-01 
-2.112334e-03 8.805076e-02 
2.853349e-03 -1.715061e-02 
9.312258e-05 -3.668117e-02 
-6.771006e-04 -2.289455e-02 
-3.566062e-04 -7.354417e-03 
2.854894e-01 6.350133e-01 
-1.964420e-02 3.678254e-01 
-8.505176e-04 1.403865e-01 
1.396702e-03 -3.667200e-03 
-9.909152e-04 -4.306872e-02 
-1.212083e-03 -2.572073e-02 
7.702789e-01 6.942843e-01 
1.635341e-02 5.262038e-01 
-1.986030e-02 2.744349e-01 
-6.306531e-03 1.409842e-01 
7.233366e-04 1.267023e-01 
7.821186e-03 1.838490e-01 
8.066208e-01 -6.398859e-01 
1.052615e-01 -7.278803e-01 
2.665275e-02 -5.882521e-01 
2.032220e-03 -3.484131e-01 
-3.513519e-03 -1.192716e-01 
2.599717e-03 7.287026e-02 
3.739831e-01 -5.830983e-01 
2.364261e-02 -5.659135e-01 
1.343533e-02 -4.493318e-01 
-2.608697e-03 -2.130010e-01 
-2.781078e-03 5.973439e-04 
5.679317e-03 1.720683e-01 
3.985795e-02 -2.089794e-01 
1.125462e-02 -2.593869e-01 
7.685690e-03 -2.463345e-01 
-1.302990e-03 -1.344458e-01 
-1.892033e-03 -6.257314e-03 
3.489584e-03 1.050501e-01 
3.260368e-02 2.698314e-01 
-4.673106e-03 1.417122e-01 
1.130488e-03 1.834472e-02 
1.248952e-03 -5.051277e-02 
-6.521296e-04 -3.698835e-02 
1.125102e-04 3.300223e-03 
3.142140e-01 6.542725e-01 
-1.503463e-02 4.509016e-01 
-3.259759e-03 2.065263e-01 
3.725627e-03 -1.276186e-02 
6.122182e-05 -7.925505e-02 
-2.048709e-03 -6.185333e-02 
7.992843e-01 6.940452e-01 
4.266531e-02 6.113419e-01 
-1.355646e-02 3.533374e-01 
-8.998871e-03 1.388909e-01 
-2.116903e-03 8.836287e-02 
3.975778e-03 1.426868e-01 
8.099220e-01 -6.180198e-01 
6.428435e-02 -6.295756e-01 
1.963739e-02 -5.091309e-01 
1.401442e-02 -3.619072e-01 
-3.259195e-04 -1.788974e-01 
-4.301370e-06 -1.920098e-04 
3.439334e-01 -5.399830e-01 
6.046972e-03 -4.821802e-01 
1.301797e-02 -3.868171e-01 
4.415422e-03 -2.271171e-01 
-2.552923e-03 -4.453075e-02 
2.505102e-03 1.242810e-01 
3.540586e-02 -1.719573e-01 
-3.793008e-04 -1.824986e-01 
7.022332e-03 -1.950657e-01 
4.517687e-03 -1.529713e-01 
-1.234614e-03 -5.059266e-02 
1.228310e-03 5.809440e-02 
5.095241e-02 3.176636e-01 
-6.426036e-03 2.360741e-01 
-2.318220e-03 8.411208e-02 
4.798961e-03 -6.455558e-02 
4.384249e-04 -7.336202e-02 
-4.688399e-04 -1.967915e-02 
3.784686e-01 6.548808e-01 
-6.219781e-03 5.006781e-01 
-8.231412e-03 2.508602e-01 
1.797514e-03 -9.643431e-03 
-2.507323e-04 -6.014701e-02 
3.102964e-04 1.339774e-02 
7.685657e-01 6.921361e-01 
6.312876e-02 6.543088e-01 
-8.905402e-03 3.631246e-01 
-8.694662e-03 7.511300e-02 
-3.815008e-03 2.976743e-02 
2.754020e-03 1.432683e-01 
9.804456e-01 -5.583531e-01 
6.498365e-03 -5.196074e-01 
2.367699e-03 -4.993013e-01 
4.520114e-02 -5.199499e-01 
9.367280e-03 -3.825928e-01 
-2.258774e-03 -1.593078e-01 
