poroelastic
-8.833584e-02 4.776367e-01 
-6.385186e-02 7.241293e-01 
-8.985987e-04 6.465996e-01 
9.734829e-03 2.335635e-01 
-2.370800e-03 -1.191370e-01 
-1.504550e-02 -4.102212e-01 
-3.139836e-02 -2.067592e-01 
5.096258e-03 6.513149e-02 
1.343175e-02 1.361420e-01 
2.506037e-03 2.336372e-03 
-3.155487e-03 -1.263767e-01 
-7.890278e-03 -2.212298e-01 
-3.402779e-01 -7.555661e-01 
3.387022e-02 -3.951983e-01 
4.895298e-03 -1.461813e-01 
-1.117406e-03 -4.400166e-02 
-1.561609e-04 -8.427523e-04 
8.739962e-04 2.520316e-02 
-1.290891e+00 -8.397620e-01 
3.381424e-02 -6.029565e-01 
6.729581e-02 -4.109956e-01 
2.698979e-03 -4.072675e-01 
-7.505165e-03 -4.088422e-01 
-1.229284e-02 -4.019226e-01 
-1.209851e+00 7.820225e-01 
-2.378152e-01 1.069854e+00 
-6.657701e-02 8.933579e-01 
-3.298593e-03 4.993669e-01 
3.107013e-03 2.588552e-01 
3.793686e-03 1.594347e-01 
-3.483146e-01 7.556790e-01 
-4.083355e-02 7.649778e-01 
1.399355e-03 4.999782e-01 
6.787927e-03 2.121761e-02 
-1.694470e-04 -2.436052e-01 
-6.182041e-03 -3.349080e-01 
-2.728334e-02 3.005826e-01 
-1.201416e-02 3.747254e-01 
9.991749e-03 2.401913e-01 
7.332425e-03 -7.033503e-02 
4.144672e-04 -2.449435e-01 
-5.410912e-03 -3.055459e-01 
1.681958e-02 -2.277808e-01 
-4.860131e-03 -2.279064e-02 
-8.618111e-03 1.000672e-01 
-1.726068e-03 9.793546e-02 
4.066251e-04 6.505903e-02 
4.416806e-04 2.223231e-02 
-2.572746e-01 -6.918629e-01 
1.851281e-02 -3.678827e-01 
-1.369636e-03 -9.256751e-02 
-1.921750e-03 5.965298e-02 
5.178565e-04 8.310010e-02 
3.726712e-04 1.914388e-02 
-1.132213e+00 -7.527856e-01 
-2.134666e-02 -5.873151e-01 
3.754429e-02 -3.662812e-01 
1.553097e-02 -2.965725e-01 
3.210036e-03 -3.277556e-01 
-6.384722e-03 -4.260906e-01 
-1.088397e+00 7.430512e-01 
-1.643867e-01 9.612279e-01 
-4.596286e-02 8.048881e-01 
-1.542793e-02 4.867166e-01 
-1.919842e-03 2.409356e-01 
5.328356e-04 7.248459e-02 
-3.296996e-01 7.047297e-01 
-2.643921e-02 6.691182e-01 
-1.219832e-02 4.499861e-01 
6.832853e-03 7.261260e-02 
5.389973e-03 -1.799627e-01 
-1.133885e-03 -3.139772e-01 
-3.147453e-02 2.664096e-01 
-1.283255e-02 3.164692e-01 
-6.169967e-03 2.378923e-01 
5.071311e-03 3.454322e-02 
3.936606e-03 -1.197427e-01 
-6.623348e-04 -2.078282e-01 
5.233731e-03 -2.144378e-01 
1.517847e-03 -5.153054e-02 
-4.580017e-03 7.037954e-02 
-4.168646e-03 1.062047e-01 
-5.512459e-04 6.426675e-02 
-2.420494e-05 -5.425300e-03 
-2.264874e-01 -6.389621e-01 
1.536833e-02 -3.909139e-01 
1.909297e-03 -1.172518e-01 
-6.758280e-03 9.839015e-02 
-2.268002e-03 1.336826e-01 
2.360481e-04 5.520802e-02 
-1.082017e+00 -6.608334e-01 
-6.333396e-02 -6.079534e-01 
1.956520e-02 -4.131820e-01 
2.531589e-02 -2.805147e-01 
1.093581e-02 -2.919544e-01 
2.360682e-04 -4.013702e-01 
-1.026992e+00 6.959263e-01 
-9.891900e-02 8.312557e-01 
-2.883222e-02 6.913823e-01 
-2.811656e-02 4.721749e-01 
-7.542536e-03 2.641283e-01 
-5.983454e-04 8.650236e-02 
-2.925839e-01 6.199377e-01 
-1.321236e-02 5.496855e-01 
-1.745849e-02 3.647091e-01 
2.532355e-03 1.023698e-01 
6.632655e-03 -1.013725e-01 
2.398249e-03 -2.317650e-01 
-2.384044e-02 2.132842e-01 
-5.441954e-03 2.114879e-01 
-8.051632e-03 1.564136e-01 
2.205088e-03 4.628451e-02 
4.019214e-03 -6.137253e-02 
1.284778e-03 -1.294152e-01 
1.249807e-02 -2.475704e-01 
1.114828e-02 -1.456891e-01 
2.519131e-03 -4.573893e-05 
-1.434812e-02 1.412770e-01 
-6.832419e-03 1.637207e-01 
-9.653124e-04 1.303340e-01 
-2.941982e-01 -5.793348e-01 
8.401028e-03 -4.105415e-01 
9.028215e-03 -1.810919e-01 
-4.151219e-03 4.591209e-02 
-1.976222e-03 7.999964e-02 
9.186069e-05 -1.181704e-02 
-9.886100e-01 -5.561528e-01 
-1.008269e-01 -5.514110e-01 
2.778564e-04 -3.703924e-01 
3.363182e-02 -2.264847e-01 
1.875377e-02 -2.805446e-01 
5.556570e-03 -4.700638e-01 
-1.207428e+00 6.234177e-01 
-2.731100e-02 7.528204e-01 
-4.399481e-03 7.167789e-01 
-6.224668e-02 6.400229e-01 
-2.315756e-02 4.610965e-01 
-3.821768e-03 2.092814e-01 
