poroelastic
9.750851e-02 -4.537810e-01 
9.573296e-02 -7.185815e-01 
3.335321e-02 -6.830997e-01 
-1.283818e-02 -2.733288e-01 
-8.522316e-03 1.372380e-01 
1.308944e-02 5.004607e-01 
-6.094145e-02 1.302207e-01 
3.276773e-02 -1.704090e-01 
2.213839e-02 -2.952542e-01 
-8.434271e-04 -1.702268e-01 
-3.052363e-03 1.330906e-03 
3.866793e-03 1.702620e-01 
1.496578e-01 6.704993e-01 
-2.532100e-02 2.837614e-01 
1.042454e-02 4.439276e-03 
5.720687e-03 -9.768599e-02 
3.795559e-04 -8.938279e-02 
-4.622974e-04 -2.309084e-02 
1.297898e+00 7.971762e-01 
-6.263120e-02 5.407881e-01 
-9.732249e-02 3.852122e-01 
-4.544429e-02 3.993410e-01 
-1.308412e-02 4.574333e-01 
8.649381e-03 5.310874e-01 
1.228953e+00 -5.977600e-01 
3.318545e-01 -1.023064e+00 
1.443774e-01 -9.527413e-01 
5.250819e-02 -6.360279e-01 
1.224979e-02 -4.207960e-01 
-3.043582e-03 -3.144942e-01 
2.851641e-01 -6.005080e-01 
6.653377e-02 -6.473891e-01 
1.637671e-02 -4.308393e-01 
-1.767565e-02 -2.660128e-03 
-1.039358e-02 2.435978e-01 
1.527096e-03 3.102267e-01 
2.797660e-02 -2.412341e-01 
2.444028e-02 -3.125344e-01 
-3.598074e-03 -2.059473e-01 
-2.178619e-02 7.573312e-02 
-1.137187e-02 2.522550e-01 
8.890426e-04 3.054750e-01 
-1.059390e-01 1.224474e-01 
2.090134e-02 -8.794583e-02 
3.594108e-02 -2.404971e-01 
2.145002e-02 -2.507515e-01 
5.457319e-03 -1.785763e-01 
-2.750423e-04 -7.802200e-02 
4.017313e-02 5.324020e-01 
-1.543684e-02 2.272493e-01 
1.612852e-02 -5.227516e-02 
1.786591e-02 -2.049607e-01 
4.457615e-03 -1.737414e-01 
-4.873154e-05 -2.166487e-02 
1.030314e+00 5.953287e-01 
5.349846e-04 4.499795e-01 
-5.295956e-02 2.941355e-01 
-4.751077e-02 2.600178e-01 
-2.243924e-02 3.578706e-01 
-7.220637e-04 5.385770e-01 
1.070732e+00 -5.102207e-01 
2.261288e-01 -8.616759e-01 
9.975608e-02 -8.152836e-01 
6.498033e-02 -6.010516e-01 
2.089326e-02 -4.141070e-01 
2.260153e-03 -2.586971e-01 
2.429988e-01 -5.302553e-01 
4.872902e-02 -5.481500e-01 
2.553065e-02 -3.638816e-01 
-1.564180e-02 -3.241729e-02 
-1.472899e-02 1.922374e-01 
-3.576072e-03 2.988204e-01 
2.940643e-02 -2.146769e-01 
2.292641e-02 -2.664099e-01 
1.358680e-02 -2.001880e-01 
-1.098870e-02 -1.827500e-02 
-1.048310e-02 1.302974e-01 
-2.804502e-03 2.086077e-01 
-8.161442e-02 9.285281e-02 
2.726757e-03 -5.477385e-02 
2.020759e-02 -1.760584e-01 
2.334340e-02 -2.138346e-01 
7.453687e-03 -1.527722e-01 
6.554768e-04 -4.818261e-02 
-3.457594e-02 4.250349e-01 
-2.071144e-02 2.083058e-01 
9.716085e-03 -4.815637e-02 
3.166202e-02 -2.510260e-01 
1.280466e-02 -2.451237e-01 
1.265316e-03 -8.830216e-02 
8.703618e-01 4.571453e-01 
3.745900e-02 4.352361e-01 
-2.949972e-02 3.162078e-01 
-4.542822e-02 2.088408e-01 
-2.511269e-02 2.628666e-01 
-8.342876e-03 4.432053e-01 
9.601615e-01 -4.398735e-01 
1.345120e-01 -7.194441e-01 
6.101573e-02 -6.792087e-01 
7.290524e-02 -5.416551e-01 
2.814622e-02 -3.946454e-01 
5.737661e-03 -2.326374e-01 
1.815956e-01 -4.291113e-01 
3.134861e-02 -4.140442e-01 
2.461006e-02 -2.514841e-01 
-1.152001e-02 -2.893560e-02 
-1.390848e-02 1.327327e-01 
-6.151524e-03 2.246095e-01 
1.601609e-02 -1.663461e-01 
1.524880e-02 -1.612267e-01 
9.439772e-03 -8.508115e-02 
-1.188746e-02 2.055019e-02 
-1.010342e-02 1.043774e-01 
-3.864709e-03 1.390128e-01 
-1.059261e-01 8.019179e-02 
-1.803389e-02 -7.650427e-03 
6.145612e-03 -1.185172e-01 
4.172288e-02 -2.367967e-01 
2.151783e-02 -2.579738e-01 
5.687922e-03 -2.181207e-01 
2.833306e-02 3.048007e-01 
-1.983126e-02 1.822701e-01 
-5.806158e-03 2.608843e-02 
2.305859e-02 -1.492324e-01 
1.086232e-02 -1.630006e-01 
1.110810e-03 -4.225134e-02 
7.496133e-01 2.437389e-01 
8.659508e-02 2.809303e-01 
-1.508432e-03 2.407531e-01 
-5.966818e-02 2.061191e-01 
-3.831917e-02 3.218808e-01 
-1.616237e-02 5.588753e-01 
1.041026e+00 -3.572369e-01 
4.841489e-02 -6.431381e-01 
2.688078e-02 -6.698759e-01 
1.059021e-01 -6.302790e-01 
4.491492e-02 -5.041562e-01 
9.709921e-03 -2.838093e-01 
