poroelastic
-1.308983e-01 4.851449e-01 
-1.422209e-01 7.752559e-01 
-1.023429e-01 8.158861e-01 
-2.157176e-02 5.326505e-01 
-1.405982e-03 2.242298e-01 
-2.183401e-04 -8.116069e-02 
1.993065e-02 -1.857512e-02 
-2.963599e-02 2.975159e-01 
-4.454871e-03 3.404978e-01 
8.358745e-03 8.661948e-02 
7.906216e-03 -1.738249e-01 
4.477430e-04 -4.055174e-01 
-1.895561e-01 -5.067119e-01 
1.903829e-02 -9.304803e-02 
6.280616e-03 7.278609e-02 
6.003484e-03 3.598535e-03 
4.624590e-03 -9.892700e-02 
6.165539e-04 -1.860013e-01 
-5.813367e-01 -7.405187e-01 
3.434211e-02 -2.926107e-01 
1.861192e-02 -5.708258e-02 
9.853432e-03 -6.387459e-02 
5.111565e-03 -1.088865e-01 
1.019695e-03 -1.559179e-01 
-9.477804e-01 6.500673e-01 
-2.557420e-01 9.569368e-01 
-1.005569e-01 8.293459e-01 
-3.041403e-02 4.626545e-01 
-4.548838e-03 1.654623e-01 
5.441228e-04 -3.977085e-02 
-5.268148e-01 6.875118e-01 
-1.000650e-01 8.438157e-01 
-6.722813e-02 7.161671e-01 
-1.323659e-02 3.193703e-01 
4.494560e-03 -7.621396e-03 
4.761394e-03 -2.484955e-01 
-7.506124e-02 3.894491e-01 
-5.982030e-02 5.623429e-01 
-4.461947e-02 5.166122e-01 
-5.771433e-03 2.200595e-01 
7.246412e-03 -5.635126e-02 
6.061398e-03 -2.755553e-01 
5.604046e-02 -1.001539e-01 
-1.467529e-02 1.179378e-01 
-2.257257e-02 2.239166e-01 
-9.358926e-03 1.593594e-01 
6.485257e-04 3.140267e-02 
2.112164e-03 -9.650787e-02 
-7.380263e-02 -5.166012e-01 
1.675084e-02 -1.929813e-01 
-8.757328e-03 3.802931e-02 
-1.352152e-02 1.336316e-01 
-5.383139e-03 1.080929e-01 
-5.894204e-04 2.554890e-02 
-5.074538e-01 -6.517141e-01 
1.794905e-02 -3.344898e-01 
1.007180e-02 -8.042092e-02 
4.732608e-03 1.061082e-02 
4.640082e-03 -3.071747e-02 
3.996557e-03 -1.521918e-01 
-7.991155e-01 5.733456e-01 
-1.672281e-01 7.920327e-01 
-7.317486e-02 6.913089e-01 
-3.979844e-02 4.345367e-01 
-7.688906e-03 1.689442e-01 
2.830475e-03 -8.280037e-02 
-4.429432e-01 5.858152e-01 
-5.092434e-02 6.800856e-01 
-5.817294e-02 5.951143e-01 
-2.321064e-02 3.217553e-01 
3.059700e-03 3.415841e-02 
8.871886e-03 -2.334968e-01 
-5.528149e-02 2.820569e-01 
-2.500402e-02 4.018597e-01 
-4.063016e-02 4.134828e-01 
-2.260490e-02 2.643211e-01 
-7.164975e-04 6.171947e-02 
5.688604e-03 -1.407564e-01 
5.477994e-02 -1.320675e-01 
2.289629e-03 3.254465e-02 
-1.521258e-02 1.582244e-01 
-1.933559e-02 1.785720e-01 
-5.705914e-03 9.653263e-02 
9.657074e-04 -2.342277e-02 
-1.018040e-01 -4.879893e-01 
2.560508e-02 -2.633994e-01 
4.597919e-03 -4.076463e-02 
-1.843455e-02 1.220518e-01 
-1.103310e-02 1.392287e-01 
-2.990079e-03 7.119101e-02 
-5.383815e-01 -5.738272e-01 
1.090161e-03 -4.061229e-01 
1.731112e-02 -1.942065e-01 
6.746912e-03 -3.411567e-02 
2.826324e-03 -1.053175e-02 
3.839340e-03 -8.308254e-02 
-7.097451e-01 4.958147e-01 
-9.532372e-02 6.299618e-01 
-4.627008e-02 5.431038e-01 
-4.701914e-02 3.774846e-01 
-1.463281e-02 1.893459e-01 
2.795091e-04 -5.332164e-03 
-3.529248e-01 4.557670e-01 
-1.123221e-02 4.857969e-01 
-3.636958e-02 4.236274e-01 
-3.208440e-02 2.706029e-01 
-5.921716e-03 9.619685e-02 
4.051868e-03 -7.294641e-02 
-3.742383e-02 1.851811e-01 
4.779642e-03 2.347781e-01 
-1.949111e-02 2.516639e-01 
-2.701888e-02 1.979968e-01 
-8.321004e-03 1.003783e-01 
-8.281332e-05 1.458442e-03 
5.941427e-03 -1.866025e-01 
1.502497e-02 -1.067384e-01 
4.481496e-03 2.240573e-03 
-1.591633e-02 9.236603e-02 
-9.426455e-03 9.379614e-02 
-3.382669e-03 6.063082e-02 
-1.988565e-01 -4.291462e-01 
1.711421e-02 -2.920164e-01 
1.545902e-02 -1.330438e-01 
-6.068709e-03 2.257755e-02 
-6.382950e-03 6.430998e-02 
-1.981316e-03 3.540481e-02 
-5.076141e-01 -4.551417e-01 
-2.587671e-02 -3.587627e-01 
9.483923e-03 -1.788132e-01 
1.233304e-02 -4.117304e-02 
8.221348e-03 -4.644846e-02 
8.542304e-03 -1.468037e-01 
-8.602377e-01 3.167561e-01 
-1.397885e-02 4.443687e-01 
3.035346e-03 4.929446e-01 
-1.008615e-01 5.343780e-01 
-5.582611e-02 4.765612e-01 
-2.253338e-02 3.512860e-01 
