poroelastic
1.482206e-02 9.087018e-02 
2.519764e-02 1.232210e-01 
4.793183e-02 4.072390e-02 
1.448396e-02 -1.562367e-01 
-4.639647e-03 -3.428767e-01 
-2.034207e-02 -4.998948e-01 
1.452445e-02 -1.688531e-01 
-2.679861e-03 -1.284972e-01 
-1.482046e-02 -3.258878e-02 
-3.342408e-03 7.601352e-02 
1.892126e-03 1.265809e-01 
5.048308e-03 1.376072e-01 
-7.121937e-02 -3.388050e-01 
1.071869e-02 -2.872410e-01 
-1.424104e-02 -1.285650e-01 
-6.022443e-03 6.844861e-02 
1.435757e-03 1.720537e-01 
6.581510e-03 1.959198e-01 
-8.888276e-01 -2.469525e-01 
1.141062e-02 -3.536122e-01 
6.093883e-02 -3.761564e-01 
1.766421e-02 -3.646163e-01 
-1.123586e-03 -3.657796e-01 
-1.138454e-02 -3.789985e-01 
-4.733184e-01 1.533200e-01 
-9.850437e-02 2.975649e-01 
-4.220328e-02 2.920010e-01 
-1.417871e-02 2.364243e-01 
-1.956814e-03 2.397506e-01 
6.963613e-03 2.901354e-01 
1.160275e-01 1.033112e-01 
9.821629e-03 1.312258e-02 
2.387426e-02 -1.181123e-01 
1.187216e-02 -2.437536e-01 
4.136591e-05 -2.369066e-01 
-2.325166e-03 -1.159178e-01 
3.186682e-02 -5.751378e-02 
1.755524e-02 -1.246710e-01 
2.447443e-02 -1.988798e-01 
1.197317e-02 -2.460633e-01 
7.385757e-04 -2.061719e-01 
-1.709856e-03 -9.374460e-02 
3.858355e-02 -8.913004e-02 
-2.230674e-03 -5.358829e-02 
-1.020663e-02 1.612490e-02 
-8.790751e-03 9.140109e-02 
-2.438127e-03 1.348399e-01 
2.726157e-03 1.466879e-01 
-5.548806e-02 -1.917982e-01 
7.286761e-03 -1.409203e-01 
-1.533239e-03 -4.009014e-02 
-3.920450e-03 5.886433e-02 
-5.126626e-04 7.574977e-02 
3.277939e-04 1.949576e-02 
-6.996238e-01 -1.319376e-01 
-3.406452e-02 -2.423246e-01 
3.116011e-02 -2.754638e-01 
2.872892e-02 -2.927224e-01 
8.804129e-03 -3.343782e-01 
-5.126213e-03 -3.932047e-01 
-4.364070e-01 1.315304e-01 
-6.525470e-02 2.627047e-01 
-2.455942e-02 2.572857e-01 
-2.255033e-02 2.226738e-01 
-8.807223e-03 2.389951e-01 
1.718219e-03 2.916138e-01 
9.567091e-02 1.166563e-01 
-6.912113e-03 3.933058e-02 
1.030195e-02 -9.063316e-02 
1.966348e-02 -2.122532e-01 
6.000559e-03 -2.184895e-01 
-3.723429e-04 -1.264488e-01 
1.758328e-02 3.362574e-03 
-2.470839e-03 -4.100981e-02 
9.842585e-03 -1.144554e-01 
1.618456e-02 -1.738189e-01 
5.042675e-03 -1.653113e-01 
-1.690131e-04 -9.740038e-02 
1.824145e-02 -3.672000e-02 
1.816131e-03 -1.676906e-02 
-1.573730e-03 1.145053e-02 
-5.615534e-03 4.621730e-02 
-2.444144e-03 6.015734e-02 
6.299716e-05 5.556796e-02 
1.858793e-02 -1.212691e-01 
6.554574e-03 -8.201386e-02 
-9.320696e-04 4.281122e-03 
-9.443231e-03 1.008866e-01 
-3.303997e-03 1.081665e-01 
-1.211454e-05 3.455864e-02 
-5.173901e-01 -7.828709e-02 
-5.597403e-02 -1.938901e-01 
8.021401e-03 -2.222320e-01 
3.026679e-02 -2.082774e-01 
1.443911e-02 -2.415580e-01 
1.664414e-03 -3.221908e-01 
-3.880977e-01 1.307126e-01 
-3.122790e-02 2.429958e-01 
-9.374072e-03 2.336786e-01 
-2.531348e-02 2.102452e-01 
-1.137872e-02 1.996932e-01 
-1.992413e-03 1.862846e-01 
7.475145e-02 1.259092e-01 
-1.766014e-02 6.776986e-02 
-2.469389e-03 -5.196050e-02 
2.382851e-02 -1.574061e-01 
1.134867e-02 -1.959368e-01 
2.266215e-03 -1.782181e-01 
1.382918e-02 3.507251e-02 
-1.429794e-02 -5.686721e-03 
4.754854e-04 -8.254284e-02 
1.970641e-02 -1.366906e-01 
8.853829e-03 -1.494438e-01 
1.645427e-03 -1.259277e-01 
7.578610e-02 6.973532e-03 
1.241717e-02 3.209111e-02 
1.390326e-03 6.962741e-02 
-2.065176e-02 1.357823e-01 
-1.058999e-02 1.661910e-01 
-1.827209e-03 1.559878e-01 
1.976071e-02 -6.414231e-02 
6.906877e-03 -5.011935e-02 
3.169359e-03 -5.061345e-03 
-9.225849e-03 7.613045e-02 
-3.915463e-03 8.524414e-02 
-2.244007e-04 1.862337e-02 
-4.569705e-01 1.908591e-02 
-8.684275e-02 -1.011179e-01 
-1.215296e-02 -1.722607e-01 
4.221077e-02 -2.067918e-01 
2.394123e-02 -2.840775e-01 
5.858693e-03 -4.082108e-01 
-4.047973e-01 1.816938e-01 
3.129980e-04 3.013416e-01 
-4.664920e-03 2.724209e-01 
-2.610775e-02 2.084028e-01 
-8.160386e-03 1.394627e-01 
-7.173254e-04 3.827046e-02 
