poroelastic
8.689274e-02 -3.539109e-01 
7.722381e-02 -5.577033e-01 
3.460166e-02 -5.574295e-01 
-7.468376e-03 -3.091191e-01 
-5.059573e-03 -8.581249e-02 
5.716645e-03 1.007037e-01 
4.384894e-02 1.745277e-01 
-1.018296e-02 -6.142613e-02 
-1.984047e-02 -1.109632e-01 
-6.343989e-03 3.040479e-02 
3.684803e-03 1.565799e-01 
1.293354e-02 2.409197e-01 
2.740893e-01 6.078272e-01 
-2.802419e-02 2.761400e-01 
-7.974783e-03 8.010850e-02 
-6.267038e-04 3.575473e-02 
8.384109e-04 3.362926e-02 
1.683095e-03 3.313525e-02 
7.141845e-01 7.280905e-01 
-1.573997e-02 4.415141e-01 
-2.678668e-02 1.927059e-01 
-5.404776e-03 1.323024e-01 
2.048347e-03 1.322288e-01 
7.263625e-03 1.551918e-01 
9.074353e-01 -6.531700e-01 
1.717739e-01 -8.417836e-01 
5.057377e-02 -6.990536e-01 
1.824045e-03 -3.819526e-01 
-3.813216e-03 -1.357637e-01 
9.644338e-04 2.355820e-02 
3.976211e-01 -6.320246e-01 
5.347538e-02 -6.842096e-01 
1.649756e-02 -5.355734e-01 
-6.916644e-03 -1.896553e-01 
-1.902244e-03 6.925574e-02 
8.686176e-03 2.343504e-01 
4.673130e-02 -2.689072e-01 
2.597255e-02 -3.678274e-01 
7.684597e-03 -3.177491e-01 
-5.255418e-03 -1.031740e-01 
-1.325613e-03 6.589495e-02 
6.092764e-03 1.691029e-01 
2.284813e-03 2.333669e-01 
4.954699e-05 5.847254e-02 
5.741331e-03 -5.573637e-02 
1.250223e-03 -6.854971e-02 
-6.485171e-04 -3.505157e-02 
-6.160700e-05 -1.661323e-03 
2.457572e-01 6.318093e-01 
-2.042198e-02 3.461340e-01 
1.335365e-04 1.073177e-01 
2.907398e-03 -3.880309e-02 
-4.544569e-04 -6.650458e-02 
-1.244427e-03 -3.507790e-02 
7.373517e-01 7.025591e-01 
8.330807e-03 5.033508e-01 
-2.008241e-02 2.420809e-01 
-9.435604e-03 1.077449e-01 
-1.989594e-03 1.068935e-01 
5.699073e-03 1.820156e-01 
8.214895e-01 -6.295219e-01 
1.188560e-01 -7.474906e-01 
3.791794e-02 -6.199062e-01 
1.018359e-02 -3.814325e-01 
-2.115169e-03 -1.391160e-01 
1.788134e-03 7.306590e-02 
3.923839e-01 -5.843879e-01 
2.973057e-02 -5.886546e-01 
2.314482e-02 -4.834878e-01 
1.736596e-03 -2.453436e-01 
-3.554882e-03 -1.368764e-02 
3.929692e-03 1.800896e-01 
4.373570e-02 -2.201303e-01 
1.404174e-02 -2.847981e-01 
1.432093e-02 -2.838066e-01 
2.320901e-03 -1.703237e-01 
-2.246009e-03 -2.381499e-02 
2.336890e-03 1.089084e-01 
1.351008e-02 2.497735e-01 
-4.630396e-03 1.082525e-01 
3.232595e-03 -2.507201e-02 
3.843283e-03 -8.981719e-02 
-2.596243e-04 -5.520802e-02 
2.534576e-04 1.168641e-02 
2.729581e-01 6.354409e-01 
-1.852851e-02 4.204196e-01 
-4.952295e-03 1.698947e-01 
6.144996e-03 -4.720688e-02 
1.537322e-03 -9.784701e-02 
-1.201850e-03 -5.861020e-02 
7.620084e-01 6.851306e-01 
3.288782e-02 5.821920e-01 
-1.626049e-02 3.235600e-01 
-1.120233e-02 1.096915e-01 
-3.908886e-03 7.059458e-02 
2.210111e-03 1.430040e-01 
8.101932e-01 -5.936897e-01 
7.255835e-02 -6.377599e-01 
2.734616e-02 -5.304309e-01 
2.390963e-02 -3.873419e-01 
2.873082e-03 -1.975469e-01 
-4.433224e-05 -4.392076e-03 
3.541244e-01 -5.275811e-01 
8.216467e-03 -4.900880e-01 
1.995184e-02 -4.067083e-01 
1.059998e-02 -2.517617e-01 
-1.875562e-03 -6.167933e-02 
9.579166e-04 1.191717e-01 
3.690298e-02 -1.778676e-01 
-7.930562e-04 -1.994586e-01 
1.101288e-02 -2.193496e-01 
8.961706e-03 -1.754792e-01 
-5.926428e-04 -6.042523e-02 
5.399874e-04 6.356724e-02 
3.508844e-02 2.935236e-01 
-9.294275e-03 2.055949e-01 
-2.822623e-03 5.235575e-02 
8.182076e-03 -8.935368e-02 
1.908408e-03 -8.564100e-02 
-2.048442e-04 -1.921417e-02 
3.351663e-01 6.190133e-01 
-1.062336e-02 4.593406e-01 
-1.095136e-02 2.157996e-01 
3.837884e-03 -3.234667e-02 
9.284306e-04 -7.125159e-02 
1.228242e-04 1.209140e-02 
7.203505e-01 6.570183e-01 
5.301941e-02 6.028553e-01 
-1.189674e-02 3.229450e-01 
-1.020143e-02 5.451746e-02 
-5.135837e-03 2.782518e-02 
1.095012e-03 1.567096e-01 
9.752220e-01 -5.093066e-01 
6.209602e-03 -5.083456e-01 
4.344611e-03 -5.080806e-01 
6.277487e-02 -5.442074e-01 
1.792861e-02 -4.142800e-01 
-4.647599e-04 -1.932139e-01 
