poroelastic
-2.069766e-02 2.882855e-01 
5.373921e-03 4.280666e-01 
4.602073e-02 3.455494e-01 
4.895412e-03 1.891753e-02 
-1.691839e-02 -2.950498e-01 
-3.618665e-02 -5.726824e-01 
-5.225693e-03 -2.304250e-01 
-5.644561e-03 -6.175534e-02 
-4.866304e-03 6.832044e-02 
4.942027e-03 8.965891e-02 
2.736699e-03 4.414328e-02 
-2.003830e-03 -3.203261e-02 
-2.308123e-01 -6.134601e-01 
1.070091e-02 -3.956663e-01 
-1.366058e-02 -1.380791e-01 
7.498596e-04 4.291452e-02 
6.211662e-03 1.124536e-01 
6.851043e-03 1.119485e-01 
-1.276988e+00 -5.508761e-01 
2.600099e-03 -5.731034e-01 
7.154611e-02 -4.869907e-01 
-1.476795e-02 -4.948815e-01 
-2.486205e-02 -5.078258e-01 
-2.893017e-02 -5.127224e-01 
-9.751726e-01 5.597307e-01 
-1.618326e-01 7.545675e-01 
-4.111034e-02 6.400152e-01 
8.890847e-03 3.849275e-01 
1.090436e-02 2.707699e-01 
1.385189e-02 2.784558e-01 
-1.021502e-01 4.919249e-01 
1.121204e-03 4.281849e-01 
2.315296e-02 1.847303e-01 
-6.785107e-04 -1.629712e-01 
-1.034177e-02 -2.912185e-01 
-1.082750e-02 -2.415103e-01 
1.282671e-02 1.273408e-01 
1.289162e-02 1.249403e-01 
2.052615e-02 5.583369e-03 
-1.200828e-03 -1.876127e-01 
-8.378165e-03 -2.497470e-01 
-9.144026e-03 -2.044175e-01 
3.035357e-02 -2.028788e-01 
-1.046079e-02 -6.176298e-02 
-1.303383e-02 7.580613e-02 
1.212580e-03 1.379837e-01 
4.858333e-03 1.419589e-01 
5.159198e-03 1.093172e-01 
-1.994192e-01 -5.568793e-01 
5.899089e-03 -3.374103e-01 
-7.124489e-03 -7.872545e-02 
8.620015e-04 9.100696e-02 
4.105047e-03 1.116382e-01 
1.333873e-03 2.873578e-02 
-1.165553e+00 -5.358236e-01 
-5.306800e-02 -5.771929e-01 
3.892246e-02 -4.547440e-01 
2.756546e-03 -4.109502e-01 
-1.066995e-02 -4.369546e-01 
-2.096090e-02 -5.082929e-01 
-9.016647e-01 5.872429e-01 
-1.095203e-01 7.247327e-01 
-2.199978e-02 5.856407e-01 
-1.241263e-03 3.449988e-01 
3.891909e-03 2.259645e-01 
6.894432e-03 2.046816e-01 
-8.087428e-02 5.198803e-01 
-2.574012e-03 4.058125e-01 
1.084624e-02 1.492951e-01 
6.288516e-03 -1.796227e-01 
-3.845119e-03 -3.005991e-01 
-7.952787e-03 -2.634994e-01 
4.582742e-03 1.526995e-01 
1.050424e-03 1.443314e-01 
7.342141e-03 3.120760e-02 
4.304914e-03 -1.383972e-01 
-2.299640e-03 -1.940129e-01 
-4.850082e-03 -1.588242e-01 
2.312162e-02 -1.807557e-01 
-2.463481e-03 -6.058349e-02 
-6.163321e-03 5.011095e-02 
-3.023836e-03 1.138374e-01 
1.358985e-03 1.259606e-01 
3.668512e-03 1.140767e-01 
-1.116747e-01 -5.362212e-01 
3.467696e-03 -3.284051e-01 
-6.915508e-03 -5.380900e-02 
-4.700096e-03 1.704390e-01 
2.600846e-03 2.055954e-01 
3.912133e-03 1.239714e-01 
-1.099972e+00 -5.449848e-01 
-9.271490e-02 -5.965413e-01 
1.389358e-02 -4.492486e-01 
1.572652e-02 -3.433576e-01 
6.608679e-04 -3.744836e-01 
-1.234914e-02 -4.746490e-01 
-1.003524e+00 5.608152e-01 
-7.481604e-02 6.923869e-01 
-1.191328e-02 6.047833e-01 
-1.494551e-02 4.610817e-01 
-1.090544e-03 3.343303e-01 
4.992618e-03 2.541633e-01 
-1.033926e-01 5.074749e-01 
-6.288145e-03 3.849326e-01 
-3.049845e-03 1.600524e-01 
1.082726e-02 -9.676939e-02 
2.940134e-03 -2.341777e-01 
-4.222809e-03 -2.578479e-01 
1.328250e-02 1.443346e-01 
-6.680179e-03 9.443798e-02 
-2.976175e-04 -1.512085e-02 
1.007483e-02 -1.415251e-01 
2.206137e-03 -1.968510e-01 
-3.128254e-03 -1.800287e-01 
3.612272e-02 -1.952700e-01 
6.064563e-03 -1.038072e-01 
-3.220052e-04 2.350441e-02 
-1.117258e-02 1.553227e-01 
-2.450902e-03 2.053238e-01 
4.172970e-03 2.061328e-01 
-1.836214e-01 -5.190920e-01 
4.044938e-03 -3.720751e-01 
3.157662e-03 -1.347662e-01 
-7.889475e-03 1.060941e-01 
-1.279899e-03 1.664331e-01 
2.031039e-03 1.043501e-01 
-1.022206e+00 -4.874086e-01 
-1.276916e-01 -5.755366e-01 
-5.643866e-03 -4.331978e-01 
2.619204e-02 -2.989576e-01 
9.331962e-03 -3.336383e-01 
-7.050045e-03 -4.832131e-01 
-1.161592e+00 6.425308e-01 
-8.919527e-03 7.473487e-01 
5.238548e-03 6.865974e-01 
-3.274265e-02 5.633487e-01 
-6.874202e-03 3.773485e-01 
1.227848e-03 1.522357e-01 
