poroelastic
9.206575e-02 -4.186734e-01 
7.690783e-02 -6.622231e-01 
1.677144e-02 -6.406674e-01 
-1.429864e-02 -2.858614e-01 
-2.421407e-03 5.801597e-02 
1.936550e-02 3.668811e-01 
-2.327729e-02 2.156769e-01 
1.587751e-02 -9.604750e-02 
4.257893e-03 -2.295283e-01 
-6.081465e-03 -1.239697e-01 
-1.245371e-03 2.320560e-02 
8.775789e-03 1.736907e-01 
2.328403e-01 7.722845e-01 
-2.359752e-02 3.452716e-01 
7.179451e-03 3.707652e-02 
5.749133e-04 -7.514443e-02 
-2.378040e-03 -7.264667e-02 
-5.440581e-04 -1.127637e-02 
1.201371e+00 8.929158e-01 
-3.459149e-02 6.111638e-01 
-7.120446e-02 3.559457e-01 
-1.653982e-02 3.188264e-01 
4.187375e-03 3.616533e-01 
1.933232e-02 4.382754e-01 
1.282409e+00 -7.353741e-01 
2.744540e-01 -1.066878e+00 
9.660537e-02 -9.472559e-01 
1.354677e-02 -5.965804e-01 
-4.568791e-03 -3.343683e-01 
-6.811719e-03 -1.794153e-01 
4.005241e-01 -7.158236e-01 
6.144841e-02 -7.592576e-01 
1.158926e-02 -5.517710e-01 
-9.993547e-03 -1.217024e-01 
-1.507963e-03 1.589139e-01 
9.821062e-03 2.922160e-01 
4.254899e-02 -2.825613e-01 
2.402275e-02 -3.785655e-01 
-3.741876e-04 -3.001857e-01 
-9.374800e-03 -3.511071e-02 
-1.443609e-03 1.528798e-01 
8.205329e-03 2.502219e-01 
-5.638905e-02 2.453914e-01 
1.365531e-02 1.024004e-02 
2.209798e-02 -1.670266e-01 
6.533359e-03 -2.023857e-01 
-1.486582e-03 -1.465320e-01 
-1.859324e-03 -5.412819e-02 
1.967006e-01 7.456045e-01 
-1.966501e-02 3.830497e-01 
9.894644e-03 4.989177e-02 
6.619977e-03 -1.499664e-01 
-1.492556e-03 -1.549667e-01 
-1.387167e-03 -4.177595e-02 
1.101804e+00 8.271617e-01 
9.875512e-03 6.449676e-01 
-4.418148e-02 3.673209e-01 
-2.274033e-02 2.359304e-01 
-4.848436e-03 2.747852e-01 
1.198748e-02 4.149577e-01 
1.204309e+00 -7.085896e-01 
2.004418e-01 -9.736935e-01 
7.147511e-02 -8.699113e-01 
2.805582e-02 -6.028739e-01 
1.764803e-03 -3.459903e-01 
-2.894533e-03 -1.321040e-01 
4.054348e-01 -6.885640e-01 
4.183396e-02 -6.929020e-01 
2.251092e-02 -5.202715e-01 
-4.552461e-03 -1.827158e-01 
-5.176739e-03 8.437908e-02 
4.977849e-03 2.612775e-01 
4.567840e-02 -2.586846e-01 
1.884945e-02 -3.278156e-01 
1.253964e-02 -2.942956e-01 
-2.933567e-03 -1.240106e-01 
-3.793648e-03 4.874172e-02 
3.458300e-03 1.833188e-01 
-3.745060e-02 2.463021e-01 
8.972799e-05 6.036996e-02 
1.289182e-02 -1.166183e-01 
1.116306e-02 -1.983802e-01 
9.429265e-04 -1.467614e-01 
-6.486116e-04 -3.298327e-02 
1.770080e-01 7.217458e-01 
-2.189847e-02 4.362577e-01 
4.178271e-03 9.290889e-02 
1.595193e-02 -1.905461e-01 
3.009068e-03 -2.255033e-01 
-1.907670e-03 -1.006363e-01 
1.087158e+00 7.715086e-01 
4.878296e-02 7.009258e-01 
-2.968632e-02 4.365562e-01 
-2.860181e-02 2.232572e-01 
-1.095834e-02 2.274368e-01 
5.352246e-03 3.827823e-01 
1.213540e+00 -6.721505e-01 
1.298216e-01 -8.659384e-01 
4.956747e-02 -7.843321e-01 
4.839085e-02 -6.206420e-01 
1.116769e-02 -4.134078e-01 
-1.666668e-03 -1.975961e-01 
3.680442e-01 -6.327584e-01 
2.205382e-02 -5.974610e-01 
2.366746e-02 -4.433428e-01 
2.288252e-03 -1.965755e-01 
-5.437705e-03 2.954154e-02 
1.221213e-03 2.046129e-01 
3.613771e-02 -2.284101e-01 
7.550344e-03 -2.453035e-01 
1.167309e-02 -2.157902e-01 
-1.871717e-04 -1.101083e-01 
-4.189162e-03 2.800184e-02 
9.773581e-04 1.467168e-01 
-3.920644e-02 2.670262e-01 
-1.274803e-02 1.341029e-01 
4.490079e-03 -5.799292e-02 
2.339847e-02 -2.253342e-01 
7.012240e-03 -2.194624e-01 
-1.123642e-03 -1.214882e-01 
2.451270e-01 6.709221e-01 
-2.044702e-02 4.531561e-01 
-8.127324e-03 1.470253e-01 
1.518517e-02 -1.505842e-01 
3.864717e-03 -1.767147e-01 
-1.800972e-04 -2.041550e-02 
9.867853e-01 6.854623e-01 
8.246991e-02 6.603519e-01 
-1.345510e-02 3.953549e-01 
-3.242126e-02 1.529513e-01 
-1.662100e-02 1.915569e-01 
2.225300e-03 4.272716e-01 
1.396674e+00 -6.242635e-01 
3.951410e-02 -7.913828e-01 
2.060168e-02 -8.043881e-01 
8.919552e-02 -7.857489e-01 
2.634070e-02 -5.891219e-01 
-2.190018e-05 -2.780784e-01 
