poroelastic
1.201408e-01 -5.313023e-01 
1.379954e-01 -8.461214e-01 
7.753902e-02 -8.207049e-01 
-5.641462e-03 -3.614686e-01 
-1.586446e-02 1.111185e-01 
5.964300e-03 5.196044e-01 
-5.342339e-02 1.043802e-01 
3.704879e-02 -2.173260e-01 
2.604343e-02 -3.237206e-01 
-3.369264e-03 -1.433751e-01 
-7.551111e-03 6.791470e-02 
1.485343e-03 2.452620e-01 
1.524309e-01 6.809898e-01 
-3.397137e-02 2.703112e-01 
7.076449e-03 3.408938e-03 
7.624884e-03 -7.627258e-02 
1.954036e-03 -6.306949e-02 
-2.972956e-05 -1.493111e-02 
1.283642e+00 8.476539e-01 
-7.479831e-02 5.170697e-01 
-9.874366e-02 3.646255e-01 
-6.645704e-02 3.805236e-01 
-2.689847e-02 4.321771e-01 
-9.412538e-04 4.880645e-01 
1.217775e+00 -6.167027e-01 
3.735276e-01 -1.092041e+00 
1.800860e-01 -1.016718e+00 
8.442111e-02 -6.623642e-01 
2.517359e-02 -4.178074e-01 
2.646928e-03 -2.903883e-01 
2.949503e-01 -6.178567e-01 
8.809464e-02 -6.840650e-01 
3.405979e-02 -4.632596e-01 
-2.686047e-02 -4.891867e-03 
-2.154381e-02 2.742167e-01 
-4.957180e-03 3.575507e-01 
3.464204e-02 -2.554906e-01 
3.813953e-02 -3.306707e-01 
6.451900e-03 -2.178990e-01 
-3.213888e-02 8.099376e-02 
-2.153117e-02 2.713011e-01 
-5.457048e-03 3.140776e-01 
-1.223835e-01 9.116024e-02 
1.855521e-02 -1.140339e-01 
4.294073e-02 -2.540850e-01 
3.420918e-02 -2.513374e-01 
1.159816e-02 -1.757566e-01 
1.710627e-03 -9.371315e-02 
3.615196e-03 4.880211e-01 
-2.044138e-02 1.922829e-01 
1.690608e-02 -6.601554e-02 
2.835611e-02 -2.069078e-01 
1.011979e-02 -1.739092e-01 
5.974443e-04 -2.944629e-02 
9.846549e-01 5.446617e-01 
1.114641e-03 3.714892e-01 
-4.839081e-02 2.462202e-01 
-6.513808e-02 2.359685e-01 
-3.747652e-02 3.572297e-01 
-1.323877e-02 5.598812e-01 
9.904708e-01 -4.731131e-01 
2.303344e-01 -8.386558e-01 
1.152773e-01 -7.974193e-01 
9.343494e-02 -5.975883e-01 
3.511612e-02 -4.179320e-01 
7.845386e-03 -2.479211e-01 
2.227370e-01 -4.926370e-01 
5.880044e-02 -5.174423e-01 
3.792539e-02 -3.414520e-01 
-1.891423e-02 -3.275599e-02 
-2.225563e-02 1.882164e-01 
-1.054746e-02 2.997158e-01 
2.939159e-02 -2.109169e-01 
2.895070e-02 -2.581502e-01 
2.138208e-02 -1.895971e-01 
-1.263019e-02 -1.943851e-02 
-1.529265e-02 1.266240e-01 
-7.516801e-03 1.982217e-01 
-8.726802e-02 5.473910e-02 
-1.140110e-03 -6.985092e-02 
2.055484e-02 -1.630808e-01 
3.107702e-02 -1.941376e-01 
1.196556e-02 -1.398841e-01 
2.132837e-03 -5.403505e-02 
-6.382990e-02 3.365856e-01 
-2.649545e-02 1.583960e-01 
5.686835e-03 -4.938302e-02 
4.085006e-02 -2.293715e-01 
2.001070e-02 -2.269243e-01 
3.514796e-03 -8.586436e-02 
7.177674e-01 3.665470e-01 
3.151831e-02 3.491858e-01 
-2.503911e-02 2.638499e-01 
-4.641996e-02 1.568209e-01 
-2.890219e-02 2.004719e-01 
-1.682425e-02 3.699764e-01 
7.847171e-01 -3.755627e-01 
1.187022e-01 -6.361742e-01 
6.089997e-02 -5.875962e-01 
8.380606e-02 -4.662182e-01 
3.592536e-02 -3.394814e-01 
9.354078e-03 -1.813021e-01 
1.361103e-01 -3.579570e-01 
3.502398e-02 -3.416658e-01 
2.805131e-02 -1.907029e-01 
-1.447987e-02 -1.321835e-02 
-1.845627e-02 1.250843e-01 
-1.174517e-02 2.168584e-01 
1.487152e-02 -1.432607e-01 
1.570479e-02 -1.257999e-01 
8.795759e-03 -4.749574e-02 
-1.058988e-02 2.025376e-02 
-9.760756e-03 7.353170e-02 
-4.983310e-03 8.954826e-02 
-1.092029e-01 3.569453e-02 
-2.606820e-02 -1.366673e-02 
-1.931613e-03 -8.269918e-02 
4.908518e-02 -1.991999e-01 
3.105338e-02 -2.461093e-01 
1.311066e-02 -2.386929e-01 
1.097985e-02 1.867287e-01 
-1.898511e-02 1.288995e-01 
-1.200081e-02 5.102178e-02 
2.173657e-02 -9.465941e-02 
1.431374e-02 -1.325045e-01 
3.134147e-03 -5.690292e-02 
6.250552e-01 9.203275e-02 
9.446591e-02 1.611484e-01 
8.287642e-03 2.003074e-01 
-7.068668e-02 2.050073e-01 
-4.968089e-02 3.152466e-01 
-2.971171e-02 5.230570e-01 
8.293531e-01 -2.242996e-01 
2.410404e-02 -4.903623e-01 
1.221798e-02 -5.245923e-01 
1.211917e-01 -5.332785e-01 
6.320529e-02 -4.854599e-01 
2.070503e-02 -3.345558e-01 
