poroelastic
-1.248600e-01 4.624683e-01 
-1.262224e-01 7.316838e-01 
-7.937252e-02 7.523546e-01 
-9.605485e-03 4.690282e-01 
8.969676e-04 1.878015e-01 
-8.486148e-04 -7.919433e-02 
4.058190e-03 -4.852518e-02 
-1.767594e-02 2.494976e-01 
5.130437e-03 2.850546e-01 
7.282327e-03 5.030838e-02 
3.957216e-03 -1.757815e-01 
-2.990177e-03 -3.684778e-01 
-2.174027e-01 -5.277563e-01 
2.338024e-02 -1.310219e-01 
1.001850e-02 3.263505e-02 
4.683155e-03 -1.949704e-02 
2.249531e-03 -9.486317e-02 
-1.012706e-03 -1.538966e-01 
-6.305451e-01 -7.387087e-01 
3.283181e-02 -3.217282e-01 
2.286220e-02 -9.172822e-02 
8.427695e-03 -9.487483e-02 
3.232750e-03 -1.250878e-01 
-4.990378e-04 -1.565813e-01 
-9.422035e-01 6.633231e-01 
-2.345092e-01 9.403530e-01 
-8.246270e-02 7.967579e-01 
-1.949984e-02 4.302597e-01 
-2.111779e-03 1.471436e-01 
1.472353e-04 -3.861719e-02 
-5.036185e-01 6.897729e-01 
-8.848624e-02 8.207180e-01 
-5.034576e-02 6.776280e-01 
-6.568911e-03 2.811019e-01 
4.028255e-03 -2.868717e-02 
2.320996e-03 -2.474542e-01 
-7.240523e-02 3.761619e-01 
-5.156262e-02 5.346188e-01 
-3.228183e-02 4.786658e-01 
-2.223894e-03 1.899764e-01 
5.339614e-03 -6.180429e-02 
2.891005e-03 -2.529659e-01 
3.979987e-02 -1.223176e-01 
-1.122326e-02 8.723367e-02 
-1.549924e-02 1.853680e-01 
-5.035338e-03 1.274448e-01 
7.622672e-04 2.158348e-02 
8.419181e-04 -8.050058e-02 
-1.229400e-01 -5.370332e-01 
1.691939e-02 -2.202740e-01 
-4.835655e-03 3.244015e-03 
-7.462085e-03 9.744396e-02 
-2.708441e-03 8.322003e-02 
-1.922693e-04 1.720525e-02 
-5.680472e-01 -6.620438e-01 
1.312921e-02 -3.642746e-01 
1.333360e-02 -1.141975e-01 
7.013504e-03 -2.581873e-02 
4.659783e-03 -5.732463e-02 
2.391215e-03 -1.626274e-01 
-8.128606e-01 6.011637e-01 
-1.586847e-01 8.015077e-01 
-6.193863e-02 6.849673e-01 
-2.872322e-02 4.153715e-01 
-4.316652e-03 1.482763e-01 
2.137748e-03 -9.514409e-02 
-4.450512e-01 6.042938e-01 
-4.677293e-02 6.806284e-01 
-4.721929e-02 5.824602e-01 
-1.607328e-02 3.015620e-01 
3.216103e-03 2.242136e-02 
6.002853e-03 -2.285005e-01 
-5.738573e-02 2.830917e-01 
-2.412315e-02 3.937530e-01 
-3.241952e-02 3.936716e-01 
-1.525569e-02 2.392032e-01 
4.974165e-04 4.617465e-02 
3.907777e-03 -1.395612e-01 
3.629876e-02 -1.489866e-01 
1.045747e-03 1.341304e-02 
-1.143180e-02 1.331959e-01 
-1.232657e-02 1.509075e-01 
-2.876110e-03 7.435106e-02 
9.766947e-04 -3.494657e-02 
-1.403746e-01 -5.161031e-01 
2.223550e-02 -2.882717e-01 
4.286647e-03 -6.412932e-02 
-1.262779e-02 1.002398e-01 
-7.313176e-03 1.213514e-01 
-1.730811e-03 6.119100e-02 
-5.843169e-01 -5.968856e-01 
-4.447416e-03 -4.302411e-01 
1.605057e-02 -2.110104e-01 
8.196048e-03 -5.231731e-02 
3.742841e-03 -2.896772e-02 
3.255504e-03 -9.997160e-02 
-7.369535e-01 5.288481e-01 
-9.457682e-02 6.502115e-01 
-4.135911e-02 5.516209e-01 
-3.766822e-02 3.748779e-01 
-1.033558e-02 1.768352e-01 
8.447375e-04 -2.176882e-02 
-3.621204e-01 4.844676e-01 
-1.298736e-02 5.039701e-01 
-3.228702e-02 4.310992e-01 
-2.473059e-02 2.644099e-01 
-3.085756e-03 8.035998e-02 
3.960915e-03 -9.398231e-02 
-4.150611e-02 1.956070e-01 
1.700139e-03 2.437720e-01 
-1.799061e-02 2.567992e-01 
-2.105262e-02 1.947948e-01 
-5.247560e-03 8.736060e-02 
9.314646e-04 -2.177777e-02 
-3.051992e-03 -2.028116e-01 
1.223306e-02 -1.188168e-01 
3.295453e-03 -4.061381e-03 
-1.245758e-02 8.923432e-02 
-6.638880e-03 8.543887e-02 
-1.748029e-03 4.247392e-02 
-2.264586e-01 -4.627141e-01 
1.484497e-02 -3.146515e-01 
1.287809e-02 -1.406535e-01 
-4.313010e-03 2.342439e-02 
-3.959663e-03 5.630926e-02 
-3.478239e-04 8.413045e-03 
-5.474569e-01 -4.935570e-01 
-2.868276e-02 -3.912702e-01 
8.842850e-03 -1.912380e-01 
1.148069e-02 -3.915938e-02 
7.823784e-03 -4.927970e-02 
7.467153e-03 -1.689258e-01 
-8.928579e-01 3.664653e-01 
-2.403356e-02 4.799556e-01 
-2.571835e-03 5.138489e-01 
-8.579271e-02 5.406244e-01 
-4.374369e-02 4.558255e-01 
-1.496808e-02 2.969346e-01 
