poroelastic
6.264650e-02 -1.840114e-01 
6.844549e-02 -3.038793e-01 
6.346971e-02 -3.622709e-01 
1.450744e-02 -3.263317e-01 
-3.644989e-03 -2.898906e-01 
-1.109539e-02 -2.570798e-01 
4.209699e-02 -5.768770e-03 
-5.616286e-03 -1.348679e-01 
-2.152834e-02 -1.031003e-01 
-1.044578e-02 6.867660e-02 
4.444342e-04 1.982004e-01 
1.047903e-02 2.725161e-01 
1.466968e-01 1.664730e-01 
-1.177873e-02 -6.973194e-03 
-1.667619e-02 -2.344141e-02 
-7.729213e-03 8.079390e-02 
7.273843e-05 1.497178e-01 
5.541515e-03 1.600754e-01 
-9.723735e-02 3.032669e-01 
-4.746021e-03 5.154782e-02 
2.379639e-02 -1.118563e-01 
1.039382e-02 -1.397147e-01 
8.610260e-04 -1.432244e-01 
-4.577952e-03 -1.486846e-01 
2.767954e-01 -3.105305e-01 
5.147213e-02 -3.496318e-01 
1.140790e-02 -2.671321e-01 
-4.085284e-03 -1.033467e-01 
-3.173750e-03 5.190735e-02 
4.400033e-03 1.774799e-01 
3.249343e-01 -3.355593e-01 
4.180644e-02 -4.297883e-01 
3.465279e-02 -4.211764e-01 
8.148472e-03 -2.785514e-01 
-1.705739e-03 -1.050590e-01 
1.621261e-03 7.674571e-02 
4.560193e-02 -2.100614e-01 
2.907318e-02 -3.183720e-01 
2.576698e-02 -3.332930e-01 
6.224990e-03 -2.168153e-01 
-1.513772e-03 -6.875172e-02 
1.509000e-03 7.951364e-02 
2.293224e-02 7.987442e-02 
-1.068906e-03 -1.047983e-02 
-2.476266e-03 -3.921074e-02 
-5.434882e-03 7.049875e-03 
-2.547873e-03 6.823571e-02 
1.999132e-03 1.058976e-01 
1.003830e-01 2.608973e-01 
-8.189235e-03 1.123456e-01 
-1.227206e-03 2.596988e-02 
4.738757e-04 -1.111538e-03 
3.056939e-04 -1.273909e-03 
-2.137011e-04 -1.274064e-02 
6.813588e-03 3.420597e-01 
-1.780692e-02 1.405961e-01 
9.506921e-03 -3.868198e-02 
1.456004e-02 -1.278320e-01 
4.364962e-03 -1.460183e-01 
-1.679314e-03 -1.300097e-01 
2.164687e-01 -2.990416e-01 
3.194091e-02 -2.955876e-01 
1.153390e-02 -2.226418e-01 
-4.538095e-03 -9.820497e-02 
-6.628623e-03 6.417743e-02 
1.332899e-03 2.305629e-01 
2.841144e-01 -2.806643e-01 
1.358541e-02 -3.332364e-01 
2.715852e-02 -3.514332e-01 
1.856725e-02 -2.801826e-01 
1.575048e-03 -1.335246e-01 
1.458328e-04 5.039896e-02 
3.321780e-02 -1.313676e-01 
6.071924e-03 -2.022347e-01 
1.996814e-02 -2.529749e-01 
1.669104e-02 -2.218063e-01 
2.365264e-03 -1.181400e-01 
2.169316e-05 1.433738e-02 
1.121002e-02 1.192661e-01 
-2.598270e-03 4.045950e-02 
1.856675e-03 -2.791426e-02 
1.142417e-03 -4.440026e-02 
-1.137927e-03 -3.491683e-03 
2.813527e-05 4.734650e-02 
1.643619e-01 2.920215e-01 
-8.335073e-03 1.865589e-01 
-6.057684e-03 9.026610e-02 
-1.552309e-03 2.359811e-02 
-5.951403e-05 7.100207e-03 
6.160155e-06 -5.213439e-03 
1.358317e-01 3.460322e-01 
-1.451511e-02 2.141485e-01 
-4.776055e-03 5.092128e-02 
1.226670e-02 -6.315969e-02 
6.433654e-03 -1.025683e-01 
6.593647e-04 -1.074119e-01 
2.187145e-01 -2.648842e-01 
2.122660e-02 -2.263064e-01 
1.180948e-02 -1.686794e-01 
2.955910e-03 -9.885515e-02 
-3.654996e-03 8.821861e-03 
-1.358958e-03 1.172563e-01 
2.474033e-01 -2.255968e-01 
-9.174004e-03 -2.406417e-01 
1.454171e-02 -2.699736e-01 
2.844389e-02 -2.506448e-01 
7.937893e-03 -1.629901e-01 
5.989302e-04 -4.479810e-02 
2.566458e-02 -7.790473e-02 
-1.217507e-02 -1.161263e-01 
9.167320e-03 -1.800029e-01 
2.323771e-02 -1.934603e-01 
6.901621e-03 -1.323582e-01 
5.851994e-04 -4.229705e-02 
6.546906e-02 1.710574e-01 
2.877692e-04 1.362028e-01 
-3.064192e-03 6.961299e-02 
-7.292177e-03 2.656101e-02 
-4.658533e-03 4.915243e-02 
-1.032703e-03 8.192863e-02 
2.028792e-01 3.037389e-01 
-1.913869e-03 2.249933e-01 
-7.204866e-03 1.195217e-01 
-3.913067e-03 3.147637e-02 
-1.204319e-03 1.509095e-02 
-2.139597e-04 1.662461e-02 
1.395401e-01 3.687312e-01 
-2.015290e-02 2.674099e-01 
-1.399208e-02 7.540936e-02 
1.994563e-02 -8.614973e-02 
1.157020e-02 -1.417722e-01 
2.180430e-03 -1.461887e-01 
3.037823e-01 -1.662914e-01 
-7.341099e-03 -9.587243e-02 
-6.204237e-03 -1.185312e-01 
3.229576e-02 -1.875998e-01 
1.342445e-02 -1.680395e-01 
2.270795e-03 -1.204047e-01 
