poroelastic
6.293965e-02 -1.822222e-01 
6.560111e-02 -2.964458e-01 
5.586123e-02 -3.429521e-01 
7.738953e-03 -2.986050e-01 
-6.185870e-03 -2.673903e-01 
-1.210068e-02 -2.467153e-01 
5.409647e-02 7.007172e-03 
-1.262102e-02 -1.096779e-01 
-2.595485e-02 -6.783050e-02 
-7.471132e-03 9.889656e-02 
3.524257e-03 2.101591e-01 
1.163670e-02 2.586646e-01 
1.638944e-01 1.757091e-01 
-1.527946e-02 1.480323e-02 
-1.861930e-02 4.566005e-03 
-5.101364e-03 1.001251e-01 
2.227743e-03 1.507510e-01 
5.828206e-03 1.402020e-01 
-8.055228e-02 3.025594e-01 
-4.281972e-03 6.092764e-02 
2.224781e-02 -9.658821e-02 
7.612603e-03 -1.273092e-01 
-7.385681e-04 -1.417086e-01 
-5.992089e-03 -1.586746e-01 
2.590347e-01 -3.196872e-01 
4.267107e-02 -3.444974e-01 
4.989302e-03 -2.502403e-01 
-5.635678e-03 -8.024085e-02 
-2.071209e-03 7.137940e-02 
6.057137e-03 1.899956e-01 
3.098072e-01 -3.362403e-01 
3.830197e-02 -4.185271e-01 
2.723662e-02 -3.996716e-01 
3.362338e-03 -2.537404e-01 
-2.381079e-03 -8.754337e-02 
2.311138e-03 8.200036e-02 
4.493118e-02 -2.031333e-01 
2.654531e-02 -3.024323e-01 
2.040872e-02 -3.090260e-01 
3.139789e-03 -1.955237e-01 
-1.684069e-03 -6.270283e-02 
1.695950e-03 6.392716e-02 
3.243925e-02 8.751627e-02 
-3.589978e-03 6.356613e-03 
-5.264171e-03 -1.276699e-02 
-5.145575e-03 3.184337e-02 
-1.233361e-03 7.836290e-02 
2.560648e-03 9.518946e-02 
1.258957e-01 2.609380e-01 
-8.793930e-03 1.224253e-01 
-3.192373e-03 4.770756e-02 
-7.989694e-04 2.495363e-02 
2.423574e-04 1.677857e-02 
-2.030828e-04 -8.129019e-03 
2.813577e-02 3.333698e-01 
-1.420438e-02 1.417937e-01 
8.663494e-03 -2.726159e-02 
1.052452e-02 -1.096205e-01 
2.307312e-03 -1.315128e-01 
-2.608868e-03 -1.239508e-01 
2.003667e-01 -3.067216e-01 
2.595396e-02 -2.908604e-01 
6.758839e-03 -2.081029e-01 
-6.406965e-03 -7.814515e-02 
-5.606009e-03 8.101403e-02 
3.385394e-03 2.406789e-01 
2.787473e-01 -2.826034e-01 
1.288909e-02 -3.259049e-01 
2.250777e-02 -3.372809e-01 
1.325175e-02 -2.648928e-01 
1.918144e-04 -1.252361e-01 
5.477663e-04 4.847436e-02 
3.386152e-02 -1.305934e-01 
6.685917e-03 -1.948548e-01 
1.629224e-02 -2.367380e-01 
1.171921e-02 -2.026988e-01 
9.161846e-04 -1.062371e-01 
1.463035e-04 1.415158e-02 
2.311997e-02 1.218235e-01 
-2.413289e-03 5.038313e-02 
-1.217832e-04 -6.743016e-03 
-1.353613e-03 -1.807177e-02 
-1.457288e-03 1.607569e-02 
5.263703e-04 5.347589e-02 
1.846466e-01 2.900112e-01 
-6.906406e-03 1.923951e-01 
-6.219488e-03 1.067589e-01 
-3.014690e-03 4.599390e-02 
-4.395924e-04 2.460751e-02 
1.450784e-05 1.752984e-03 
1.323890e-01 3.407481e-01 
-1.204614e-02 2.109461e-01 
-3.258505e-03 5.063306e-02 
1.063402e-02 -6.130534e-02 
5.022811e-03 -1.031107e-01 
-3.670915e-04 -1.113328e-01 
1.944314e-01 -2.745406e-01 
1.738342e-02 -2.209190e-01 
9.050107e-03 -1.529273e-01 
-1.188834e-03 -7.624287e-02 
-4.599867e-03 3.375847e-02 
-3.008705e-04 1.432747e-01 
2.424669e-01 -2.301404e-01 
-7.278392e-03 -2.381368e-01 
1.243825e-02 -2.625175e-01 
2.233328e-02 -2.405742e-01 
5.217700e-03 -1.515771e-01 
1.225667e-04 -3.096991e-02 
2.754405e-02 -7.956135e-02 
-1.015725e-02 -1.150302e-01 
7.932911e-03 -1.755020e-01 
1.908248e-02 -1.886211e-01 
5.003243e-03 -1.287145e-01 
1.601648e-04 -3.929875e-02 
7.201312e-02 1.740680e-01 
9.997413e-04 1.439890e-01 
-3.287326e-03 8.292643e-02 
-8.085238e-03 4.065054e-02 
-4.374596e-03 5.999591e-02 
-2.239906e-04 8.851982e-02 
2.209127e-01 3.033695e-01 
4.323269e-04 2.302550e-01 
-6.192992e-03 1.316270e-01 
-5.492645e-03 4.680844e-02 
-1.885287e-03 3.021774e-02 
-8.974899e-05 3.077966e-02 
1.423071e-01 3.656861e-01 
-1.639644e-02 2.664936e-01 
-1.180045e-02 7.749790e-02 
1.747883e-02 -8.380327e-02 
9.401432e-03 -1.400881e-01 
7.745079e-04 -1.442807e-01 
2.788627e-01 -1.746800e-01 
-5.095155e-03 -8.883098e-02 
-4.862692e-03 -1.018255e-01 
2.476128e-02 -1.669726e-01 
9.346457e-03 -1.458832e-01 
9.091560e-04 -9.535463e-02 
