poroelastic
-6.592785e-02 1.671962e-01 
-8.808235e-02 2.918227e-01 
-1.107024e-01 4.099629e-01 
-6.228285e-02 4.528251e-01 
-2.165794e-02 3.935069e-01 
-3.062407e-03 2.532306e-01 
5.552599e-02 1.126711e-01 
-4.750821e-02 2.734685e-01 
-2.948042e-02 3.098658e-01 
-1.308526e-04 1.621188e-01 
9.636064e-03 -5.275966e-02 
5.538252e-03 -3.043711e-01 
3.231931e-02 -3.420661e-02 
-2.684087e-02 1.780090e-01 
-1.672008e-02 2.308248e-01 
5.899366e-03 9.513189e-02 
1.208590e-02 -9.524966e-02 
6.438235e-03 -2.907048e-01 
3.407302e-01 -2.151775e-01 
-2.140664e-02 7.400364e-02 
-5.652091e-02 2.656806e-01 
-3.599810e-02 2.730885e-01 
-1.152747e-02 1.852847e-01 
-1.523319e-03 5.891504e-02 
-2.492569e-01 2.294893e-01 
-8.359183e-02 3.201657e-01 
-4.035949e-02 3.010948e-01 
-8.740309e-03 1.788846e-01 
7.698212e-03 -1.468220e-02 
7.740829e-03 -2.278280e-01 
-4.130613e-01 2.890705e-01 
-7.903136e-02 4.789071e-01 
-9.290667e-02 5.403609e-01 
-5.988430e-02 4.494839e-01 
-1.695160e-02 2.554416e-01 
2.090750e-04 -5.284721e-03 
-6.412526e-02 2.630844e-01 
-5.838917e-02 4.343356e-01 
-7.834268e-02 5.025833e-01 
-4.679979e-02 3.905796e-01 
-8.933817e-03 1.694645e-01 
5.221017e-03 -1.180843e-01 
3.301596e-02 -3.196655e-03 
-1.623871e-02 1.218607e-01 
-2.407854e-02 1.884628e-01 
-6.510213e-03 1.285601e-01 
7.189916e-03 -1.618424e-02 
8.888531e-03 -1.938169e-01 
4.259887e-02 -2.073279e-01 
4.785276e-03 -3.747841e-02 
-1.453457e-02 8.508599e-02 
-1.794583e-02 1.190395e-01 
-6.359135e-03 7.622882e-02 
-3.959785e-04 8.247096e-03 
2.097800e-01 -3.486439e-01 
3.274590e-02 -1.056237e-01 
-2.234603e-02 1.161797e-01 
-5.083719e-02 2.397232e-01 
-2.747827e-02 2.568235e-01 
-1.068622e-02 2.092256e-01 
-2.528368e-01 2.351670e-01 
-6.457866e-02 2.931262e-01 
-3.764109e-02 2.682619e-01 
-1.718754e-02 1.769353e-01 
3.946841e-03 1.676676e-02 
1.024095e-02 -1.711913e-01 
-3.461568e-01 2.678577e-01 
-2.977616e-02 4.095313e-01 
-6.431680e-02 4.685192e-01 
-6.336493e-02 3.952817e-01 
-1.912190e-02 2.137835e-01 
2.417295e-03 -3.780911e-02 
-3.668301e-02 1.610882e-01 
-9.391737e-03 2.872710e-01 
-5.047783e-02 3.793535e-01 
-5.750484e-02 3.447018e-01 
-1.910246e-02 1.986685e-01 
1.185074e-03 -1.750337e-02 
5.319490e-02 -8.671354e-02 
6.160232e-03 2.112074e-02 
-1.611860e-02 1.301175e-01 
-2.504769e-02 1.544006e-01 
-8.396289e-03 8.849992e-02 
1.399586e-03 -1.997637e-02 
-4.878137e-02 -2.910423e-01 
2.234598e-02 -1.582477e-01 
5.123655e-03 -2.093985e-02 
-1.580005e-02 6.643719e-02 
-1.076920e-02 8.131177e-02 
-4.939539e-03 6.890106e-02 
-6.516554e-02 -3.836677e-01 
3.918679e-02 -2.142890e-01 
1.172104e-02 -2.850287e-02 
-2.902875e-02 9.788036e-02 
-2.210698e-02 1.522849e-01 
-1.273078e-02 1.674412e-01 
-3.073025e-01 2.224820e-01 
-4.625195e-02 2.668177e-01 
-2.867708e-02 2.525443e-01 
-3.263315e-02 1.886194e-01 
-1.014231e-02 9.027284e-02 
7.999227e-04 -9.688393e-03 
-2.954239e-01 2.177487e-01 
1.227374e-02 3.021068e-01 
-3.033611e-02 3.538558e-01 
-6.624362e-02 3.157885e-01 
-3.012550e-02 2.263768e-01 
-9.528591e-03 1.113787e-01 
-2.329713e-02 9.499410e-02 
2.094422e-02 1.709196e-01 
-1.974335e-02 2.468350e-01 
-5.021148e-02 2.348942e-01 
-2.345538e-02 1.712649e-01 
-7.867345e-03 8.950348e-02 
-2.794496e-02 -1.530181e-01 
6.407982e-03 -9.056234e-02 
-5.837320e-06 -6.008540e-03 
-1.157688e-03 1.885210e-02 
2.343348e-03 -8.927478e-03 
3.313653e-03 -3.771723e-02 
-1.207605e-01 -3.198090e-01 
2.008083e-02 -2.074892e-01 
1.362418e-02 -7.057173e-02 
-7.711389e-03 1.809889e-02 
-8.145025e-03 4.760805e-02 
-6.044984e-03 6.867305e-02 
-8.243333e-02 -4.200162e-01 
5.150049e-02 -2.743592e-01 
2.831106e-02 -5.092854e-02 
-3.695838e-02 1.113081e-01 
-3.072367e-02 1.866180e-01 
-1.960870e-02 2.191040e-01 
-4.306775e-01 1.343721e-01 
3.827242e-03 1.748358e-01 
8.538901e-03 2.494664e-01 
-7.613744e-02 3.070239e-01 
-4.623732e-02 2.823021e-01 
-2.318087e-02 2.428990e-01 
