poroelastic
2.326636e-02 6.924929e-02 
3.406298e-02 9.206776e-02 
5.012089e-02 1.793988e-02 
5.516048e-03 -1.588667e-01 
-1.144269e-02 -3.364121e-01 
-2.525536e-02 -4.962980e-01 
3.002965e-02 -1.587200e-01 
-1.194260e-02 -1.135585e-01 
-2.065517e-02 -1.109787e-04 
5.807606e-04 1.192602e-01 
5.769638e-03 1.606516e-01 
6.901635e-03 1.436626e-01 
-4.479823e-02 -3.176948e-01 
1.538667e-03 -2.628823e-01 
-1.961957e-02 -9.298308e-02 
-1.706451e-03 1.001598e-01 
5.589758e-03 1.832049e-01 
8.070677e-03 1.770206e-01 
-8.634402e-01 -2.242852e-01 
5.317430e-03 -3.488928e-01 
5.708571e-02 -3.652036e-01 
5.594696e-03 -3.568596e-01 
-8.735727e-03 -3.730316e-01 
-1.682557e-02 -4.018675e-01 
-4.860147e-01 1.310945e-01 
-9.631672e-02 2.730704e-01 
-3.992621e-02 2.861615e-01 
-6.343551e-03 2.509575e-01 
3.605263e-03 2.607655e-01 
1.117177e-02 3.115379e-01 
1.131898e-01 8.843491e-02 
1.302180e-02 4.552945e-03 
2.064040e-02 -1.128340e-01 
3.781147e-03 -2.239499e-01 
-3.810347e-03 -2.150430e-01 
-3.260975e-03 -1.025576e-01 
3.531850e-02 -6.225667e-02 
1.933712e-02 -1.242434e-01 
2.074271e-02 -1.864354e-01 
4.546487e-03 -2.265925e-01 
-2.732127e-03 -1.949433e-01 
-3.253183e-03 -1.057374e-01 
4.171064e-02 -9.246671e-02 
-6.339920e-03 -5.002163e-02 
-1.232423e-02 3.404990e-02 
-4.965388e-03 1.151083e-01 
1.030868e-03 1.477349e-01 
4.325365e-03 1.355297e-01 
-4.122512e-02 -2.033351e-01 
3.685917e-03 -1.472475e-01 
-4.839342e-03 -2.788085e-02 
-2.549533e-03 8.318182e-02 
1.186267e-03 9.710415e-02 
9.127709e-04 2.995928e-02 
-6.939387e-01 -1.504666e-01 
-3.533549e-02 -2.727388e-01 
2.927175e-02 -2.888491e-01 
1.647062e-02 -2.890076e-01 
9.524558e-04 -3.232058e-01 
-9.975456e-03 -3.781035e-01 
-4.678910e-01 1.314124e-01 
-6.667540e-02 2.620113e-01 
-2.297421e-02 2.652406e-01 
-1.505405e-02 2.365160e-01 
-3.377151e-03 2.549634e-01 
6.057550e-03 3.129778e-01 
9.449630e-02 1.177494e-01 
-2.573772e-03 4.187116e-02 
9.834494e-03 -8.425602e-02 
1.178666e-02 -2.056837e-01 
1.433940e-03 -2.119713e-01 
-1.980868e-03 -1.200241e-01 
2.101282e-02 -3.523425e-03 
9.509900e-04 -4.531442e-02 
8.613579e-03 -1.098105e-01 
9.595778e-03 -1.637482e-01 
1.483786e-03 -1.553070e-01 
-1.508568e-03 -9.427160e-02 
2.431098e-02 -5.353347e-02 
6.551067e-04 -2.596219e-02 
-3.113190e-03 2.146955e-02 
-5.344161e-03 7.112041e-02 
-1.335578e-03 8.670526e-02 
1.171338e-03 7.240604e-02 
1.980758e-02 -1.532963e-01 
4.798415e-03 -1.034242e-01 
-2.643583e-03 6.317209e-03 
-7.515024e-03 1.203014e-01 
-1.372571e-03 1.305524e-01 
7.820215e-04 5.196875e-02 
-5.801718e-01 -1.084178e-01 
-6.153866e-02 -2.382155e-01 
8.684538e-03 -2.558832e-01 
2.387399e-02 -2.372380e-01 
8.838037e-03 -2.690853e-01 
-3.484790e-03 -3.442648e-01 
-4.678237e-01 1.421190e-01 
-3.503171e-02 2.611812e-01 
-8.164892e-03 2.635428e-01 
-2.214001e-02 2.484414e-01 
-8.491135e-03 2.461000e-01 
1.126055e-03 2.474271e-01 
6.522822e-02 1.399474e-01 
-1.224706e-02 7.924660e-02 
-1.292499e-03 -4.243073e-02 
1.669148e-02 -1.544591e-01 
6.345767e-03 -1.890221e-01 
-3.669076e-04 -1.580478e-01 
1.859458e-02 3.192789e-02 
-1.105985e-02 -1.023012e-02 
7.771379e-04 -8.609877e-02 
1.531621e-02 -1.456090e-01 
5.596374e-03 -1.575970e-01 
-3.336624e-04 -1.288494e-01 
7.507587e-02 -1.282724e-02 
9.981088e-03 2.314959e-02 
3.005486e-04 7.740847e-02 
-1.694662e-02 1.507768e-01 
-7.009602e-03 1.800322e-01 
7.516587e-04 1.655986e-01 
1.985179e-02 -1.130679e-01 
7.577754e-03 -8.164826e-02 
2.887523e-03 -4.793100e-03 
-9.670788e-03 9.933507e-02 
-3.381073e-03 1.146806e-01 
1.931702e-04 4.823161e-02 
-5.140611e-01 -3.795608e-02 
-8.850103e-02 -1.636913e-01 
-9.402768e-03 -2.078939e-01 
3.398348e-02 -2.202937e-01 
1.661060e-02 -2.869514e-01 
-3.661749e-04 -4.045598e-01 
-4.944331e-01 2.276089e-01 
1.662482e-03 3.491198e-01 
-1.950019e-03 3.225533e-01 
-2.377789e-02 2.475481e-01 
-6.422506e-03 1.629456e-01 
-2.153063e-04 5.416972e-02 
