poroelastic
2.981355e-02 5.054229e-02 
4.022017e-02 6.640505e-02 
5.105418e-02 5.441397e-04 
-1.014395e-03 -1.587054e-01 
-1.653834e-02 -3.285160e-01 
-2.941953e-02 -4.884966e-01 
4.230864e-02 -1.490899e-01 
-1.980819e-02 -9.929731e-02 
-2.482752e-02 2.774754e-02 
5.047902e-03 1.541732e-01 
9.665804e-03 1.870847e-01 
8.641447e-03 1.481120e-01 
-2.311071e-02 -2.975150e-01 
-5.465405e-03 -2.406136e-01 
-2.305158e-02 -6.412449e-02 
2.315846e-03 1.233568e-01 
8.988161e-03 1.897387e-01 
9.177599e-03 1.629035e-01 
-8.311015e-01 -2.048665e-01 
9.857621e-04 -3.428217e-01 
5.386615e-02 -3.544890e-01 
-3.709145e-03 -3.466861e-01 
-1.488047e-02 -3.715074e-01 
-2.130516e-02 -4.078087e-01 
-4.876644e-01 1.088995e-01 
-9.399321e-02 2.478582e-01 
-3.812184e-02 2.762861e-01 
2.201577e-04 2.578265e-01 
8.493445e-03 2.734951e-01 
1.503319e-02 3.261183e-01 
1.118306e-01 7.262336e-02 
1.495905e-02 -4.831175e-03 
1.810048e-02 -1.093074e-01 
-1.485612e-03 -2.076149e-01 
-6.296843e-03 -1.970777e-01 
-3.855637e-03 -9.211920e-02 
3.734967e-02 -6.680214e-02 
2.023046e-02 -1.238319e-01 
1.786720e-02 -1.750902e-01 
-5.772453e-04 -2.083531e-01 
-5.210112e-03 -1.824609e-01 
-4.649688e-03 -1.122846e-01 
4.352537e-02 -9.248719e-02 
-9.735819e-03 -4.578547e-02 
-1.353284e-02 4.829742e-02 
-1.237116e-03 1.322993e-01 
4.031113e-03 1.562387e-01 
5.385451e-03 1.246723e-01 
-2.814294e-02 -2.067545e-01 
1.499212e-04 -1.486530e-01 
-7.456876e-03 -1.673296e-02 
-4.113534e-04 1.017803e-01 
3.197870e-03 1.135015e-01 
1.589322e-03 3.785229e-02 
-6.827945e-01 -1.589319e-01 
-3.705089e-02 -2.911808e-01 
2.727801e-02 -2.953973e-01 
7.425324e-03 -2.841643e-01 
-4.830306e-03 -3.135892e-01 
-1.377842e-02 -3.677730e-01 
-4.879643e-01 1.311086e-01 
-6.687790e-02 2.587574e-01 
-2.130550e-02 2.688425e-01 
-8.403414e-03 2.443300e-01 
1.458136e-03 2.640096e-01 
9.813618e-03 3.230234e-01 
9.289817e-02 1.178214e-01 
6.803800e-04 4.285040e-02 
9.405476e-03 -7.899347e-02 
5.944074e-03 -1.987142e-01 
-1.914055e-03 -2.046211e-01 
-3.176066e-03 -1.155578e-01 
2.339762e-02 -8.938505e-03 
3.255156e-03 -4.871794e-02 
7.618224e-03 -1.058106e-01 
4.953964e-03 -1.550382e-01 
-1.009323e-03 -1.471438e-01 
-2.595535e-03 -9.416033e-02 
2.887921e-02 -6.670193e-02 
-1.190310e-03 -3.240112e-02 
-4.521543e-03 3.024364e-02 
-3.956640e-03 9.204973e-02 
4.070682e-04 1.089959e-01 
2.449296e-03 8.618816e-02 
2.032673e-02 -1.778624e-01 
2.419761e-03 -1.189555e-01 
-4.364838e-03 8.353664e-03 
-4.973816e-03 1.350907e-01 
9.209350e-04 1.471444e-01 
1.812339e-03 6.583717e-02 
-6.253085e-01 -1.318001e-01 
-6.652766e-02 -2.740680e-01 
8.695917e-03 -2.837238e-01 
1.715818e-02 -2.600981e-01 
3.375984e-03 -2.892629e-01 
-7.973301e-03 -3.562511e-01 
-5.309534e-01 1.495918e-01 
-3.784051e-02 2.708663e-01 
-6.892539e-03 2.831088e-01 
-1.747067e-02 2.769847e-01 
-4.558371e-03 2.823519e-01 
4.968298e-03 2.983535e-01 
5.748376e-02 1.490090e-01 
-8.067348e-03 8.642238e-02 
-4.199792e-04 -3.609751e-02 
1.123961e-02 -1.512503e-01 
2.670087e-03 -1.822233e-01 
-1.979685e-03 -1.395278e-01 
2.231305e-02 2.904235e-02 
-8.292376e-03 -1.371719e-02 
8.778121e-04 -8.835003e-02 
1.122349e-02 -1.506136e-01 
2.737258e-03 -1.621346e-01 
-1.942862e-03 -1.296520e-01 
7.402475e-02 -2.741061e-02 
7.469854e-03 1.691600e-02 
-5.322686e-04 8.407477e-02 
-1.316945e-02 1.629914e-01 
-3.629016e-03 1.902040e-01 
2.991023e-03 1.712529e-01 
2.184725e-02 -1.507026e-01 
6.915388e-03 -1.061968e-01 
2.070881e-03 -3.903373e-03 
-8.918465e-03 1.194540e-01 
-1.973972e-03 1.406257e-01 
1.262655e-03 7.530448e-02 
-5.589961e-01 -8.150916e-02 
-9.150552e-02 -2.137583e-01 
-8.462276e-03 -2.368411e-01 
2.679558e-02 -2.318835e-01 
1.068826e-02 -2.899719e-01 
-5.180633e-03 -4.022736e-01 
-5.665825e-01 2.655745e-01 
3.371214e-03 3.850250e-01 
1.428513e-03 3.594967e-01 
-1.997059e-02 2.753375e-01 
-4.360150e-03 1.811439e-01 
5.270477e-04 7.048233e-02 
