poroelastic
-1.037622e-01 5.219544e-01 
-8.925297e-02 8.010465e-01 
-2.559925e-02 7.395849e-01 
6.656748e-03 3.089891e-01 
1.566086e-03 -7.392932e-02 
-8.754261e-03 -4.008730e-01 
-2.647180e-02 -1.888787e-01 
5.925241e-04 1.112925e-01 
1.139914e-02 1.780856e-01 
4.436232e-03 8.983317e-03 
-1.645828e-04 -1.513802e-01 
-5.326031e-03 -2.744093e-01 
-3.425821e-01 -7.716822e-01 
3.992633e-02 -3.779904e-01 
9.163904e-03 -1.345937e-01 
2.946492e-04 -5.155906e-02 
-2.224969e-04 -1.800951e-02 
1.035561e-04 5.795403e-03 
-1.285958e+00 -8.910227e-01 
4.593704e-02 -5.869265e-01 
6.807458e-02 -3.921418e-01 
1.555183e-02 -3.889642e-01 
1.528985e-03 -3.870511e-01 
-5.400140e-03 -3.728648e-01 
-1.237053e+00 7.888704e-01 
-2.694050e-01 1.118670e+00 
-8.894350e-02 9.452333e-01 
-1.790230e-02 5.346922e-01 
-2.599605e-03 2.780055e-01 
1.327775e-03 1.692821e-01 
-3.838588e-01 7.697496e-01 
-5.767723e-02 8.011642e-01 
-1.414363e-02 5.444037e-01 
8.093841e-03 5.408459e-02 
5.166656e-03 -2.318676e-01 
-8.977047e-04 -3.332330e-01 
-3.490596e-02 3.177378e-01 
-2.308765e-02 4.067004e-01 
6.620488e-04 2.778629e-01 
1.119260e-02 -4.528855e-02 
6.223837e-03 -2.450244e-01 
-3.424681e-04 -3.165456e-01 
3.500994e-02 -2.083078e-01 
-6.137997e-03 7.787462e-03 
-1.267997e-02 1.329718e-01 
-5.582577e-03 1.241596e-01 
-1.180610e-03 7.353224e-02 
5.662139e-05 2.496694e-02 
-2.164348e-01 -6.718435e-01 
2.158043e-02 -3.369754e-01 
-1.250399e-03 -6.464456e-02 
-5.177191e-03 8.477097e-02 
-1.680544e-03 9.718671e-02 
4.033996e-05 2.756282e-02 
-1.091085e+00 -7.341385e-01 
-1.292214e-02 -5.361499e-01 
3.703547e-02 -3.248117e-01 
2.561033e-02 -2.646808e-01 
1.136245e-02 -3.152290e-01 
9.723709e-04 -4.329413e-01 
-1.061874e+00 7.161767e-01 
-1.775215e-01 9.616180e-01 
-6.093043e-02 8.149548e-01 
-2.990259e-02 5.039709e-01 
-7.401653e-03 2.525731e-01 
-6.570881e-04 6.726936e-02 
-3.341522e-01 6.863911e-01 
-3.642232e-02 6.701151e-01 
-2.471525e-02 4.643142e-01 
6.450774e-03 9.627462e-02 
9.962154e-03 -1.694372e-01 
4.336760e-03 -3.255363e-01 
-3.491971e-02 2.687418e-01 
-1.800001e-02 3.284489e-01 
-1.451527e-02 2.625330e-01 
3.659699e-03 6.639752e-02 
6.551835e-03 -1.007522e-01 
3.027335e-03 -2.073312e-01 
2.371889e-02 -1.887558e-01 
2.567895e-03 -2.317550e-02 
-7.210921e-03 1.007647e-01 
-9.172068e-03 1.345295e-01 
-2.469633e-03 8.035251e-02 
9.001742e-05 -6.251635e-03 
-1.793865e-01 -5.944647e-01 
2.042709e-02 -3.510151e-01 
4.145417e-03 -8.666229e-02 
-1.193212e-02 1.225025e-01 
-6.063119e-03 1.493373e-01 
-8.253146e-04 5.535043e-02 
-9.838547e-01 -6.251864e-01 
-5.192860e-02 -5.560355e-01 
1.957927e-02 -3.716021e-01 
3.051775e-02 -2.316001e-01 
1.602101e-02 -2.380628e-01 
6.888351e-03 -3.559591e-01 
-9.497769e-01 6.408542e-01 
-9.956751e-02 7.926627e-01 
-3.710120e-02 6.659616e-01 
-4.027605e-02 4.607936e-01 
-1.297940e-02 2.580280e-01 
-1.652728e-03 6.508069e-02 
-2.801082e-01 5.716920e-01 
-1.737482e-02 5.174611e-01 
-2.501732e-02 3.532545e-01 
-4.354454e-04 1.172745e-01 
8.309784e-03 -8.017430e-02 
6.364447e-03 -2.238203e-01 
-2.454767e-02 2.020089e-01 
-6.077323e-03 2.045878e-01 
-1.168456e-02 1.599463e-01 
-8.422598e-04 6.688391e-02 
4.275342e-03 -3.729672e-02 
3.312474e-03 -1.152470e-01 
2.472250e-02 -2.149643e-01 
1.593545e-02 -1.227644e-01 
4.909656e-03 9.918357e-03 
-1.980581e-02 1.466414e-01 
-1.134397e-02 1.693031e-01 
-3.566433e-03 1.321168e-01 
-2.568925e-01 -5.075746e-01 
1.118527e-02 -3.581128e-01 
1.217163e-02 -1.643516e-01 
-5.207585e-03 4.156433e-02 
-3.617575e-03 7.614088e-02 
2.715260e-04 -9.962371e-03 
-8.982432e-01 -4.722414e-01 
-9.577202e-02 -4.668834e-01 
-1.740562e-03 -3.249240e-01 
4.071340e-02 -2.080699e-01 
2.572426e-02 -2.709737e-01 
1.387893e-02 -4.595151e-01 
-1.111058e+00 5.227115e-01 
-1.734550e-02 6.634765e-01 
-2.277102e-03 6.490515e-01 
-8.230985e-02 6.144074e-01 
-3.683996e-02 4.817504e-01 
-9.780262e-03 2.714102e-01 
