poroelastic
3.636637e-02 -2.451807e-01 
3.409972e-02 -3.738287e-01 
-1.381554e-02 -2.897153e-01 
-2.834477e-02 2.275446e-02 
-1.563520e-02 2.942324e-01 
2.978790e-03 4.963579e-01 
-1.866471e-02 8.824557e-02 
7.483208e-03 -2.274976e-02 
9.167242e-03 -7.035417e-02 
1.868330e-03 -3.479710e-02 
1.158091e-04 -4.507169e-03 
-2.427252e-06 -1.458766e-03 
8.864357e-02 3.567252e-01 
-2.712420e-02 2.302789e-01 
1.357960e-03 1.003011e-01 
7.785859e-03 -1.161422e-02 
5.191138e-03 -8.871785e-02 
1.828615e-04 -1.408478e-01 
9.750109e-01 3.590296e-01 
-5.755329e-02 3.319512e-01 
-9.117696e-02 3.629289e-01 
-5.260749e-02 3.975677e-01 
-2.002093e-02 3.949591e-01 
-1.799755e-03 3.690781e-01 
6.098809e-01 -2.288937e-01 
1.891015e-01 -4.804298e-01 
9.042057e-02 -4.568354e-01 
4.551063e-02 -3.156253e-01 
1.881072e-02 -2.802828e-01 
3.967257e-03 -3.268611e-01 
-4.958519e-02 -2.077615e-01 
6.572663e-03 -1.550607e-01 
-2.595364e-02 1.349673e-02 
-3.734327e-02 2.447575e-01 
-1.720881e-02 3.018417e-01 
-3.528892e-03 2.025765e-01 
-1.990230e-02 -1.909347e-02 
-1.043103e-02 2.341089e-02 
-3.531475e-02 1.354128e-01 
-3.818333e-02 2.717625e-01 
-1.664161e-02 2.804946e-01 
-3.402715e-03 1.660616e-01 
-6.163448e-02 3.039786e-02 
7.343445e-03 -2.992560e-02 
1.758289e-02 -7.896076e-02 
1.713686e-02 -9.870390e-02 
8.981971e-03 -1.137975e-01 
2.795811e-03 -1.352039e-01 
-5.415303e-03 1.542857e-01 
-6.620332e-03 7.142148e-02 
6.009711e-03 -1.984245e-02 
9.951580e-03 -7.974764e-02 
3.964467e-03 -7.377156e-02 
2.273446e-04 -1.027506e-02 
6.973058e-01 1.190631e-01 
1.404788e-02 1.553991e-01 
-4.348396e-02 2.086293e-01 
-5.777263e-02 2.812361e-01 
-3.161580e-02 3.650136e-01 
-1.163002e-02 4.592107e-01 
4.699713e-01 -1.417908e-01 
1.112937e-01 -3.460259e-01 
5.160428e-02 -3.415937e-01 
4.704470e-02 -2.691357e-01 
2.397116e-02 -2.599064e-01 
9.305077e-03 -2.794993e-01 
-8.135513e-02 -1.468515e-01 
1.442871e-02 -8.795982e-02 
-1.262900e-02 6.115228e-02 
-4.218154e-02 2.293339e-01 
-2.228389e-02 2.652882e-01 
-6.836864e-03 1.849559e-01 
-1.070605e-02 -3.695885e-02 
8.307424e-03 -2.141830e-05 
-1.418572e-02 9.718702e-02 
-3.432029e-02 1.956362e-01 
-1.756423e-02 2.064500e-01 
-5.117947e-03 1.296139e-01 
-3.688769e-02 -2.766501e-02 
2.343575e-03 -4.810686e-02 
5.946243e-03 -4.770541e-02 
9.350413e-03 -4.763057e-02 
5.312205e-03 -5.142907e-02 
2.440768e-03 -6.032598e-02 
-1.013910e-01 2.326859e-02 
-3.389056e-03 -1.369830e-02 
7.937736e-03 -6.792302e-02 
1.876901e-02 -1.219933e-01 
8.864646e-03 -1.110059e-01 
1.312048e-03 -3.174838e-02 
4.308398e-01 -1.454284e-02 
4.118048e-02 7.903199e-02 
-1.179255e-02 1.491843e-01 
-4.578873e-02 1.817410e-01 
-2.932601e-02 2.454557e-01 
-1.599656e-02 3.507836e-01 
3.204510e-01 -9.274674e-02 
5.031114e-02 -2.454860e-01 
2.189967e-02 -2.301257e-01 
3.458812e-02 -1.819945e-01 
1.889232e-02 -1.699363e-01 
7.997332e-03 -1.543297e-01 
-1.072956e-01 -8.428834e-02 
2.146273e-02 -2.681635e-02 
-2.876781e-03 1.023555e-01 
-4.318233e-02 2.047245e-01 
-2.471607e-02 2.255586e-01 
-1.012724e-02 1.846475e-01 
-1.385812e-02 -2.016293e-02 
1.717248e-02 3.759280e-02 
-9.005974e-03 1.373734e-01 
-3.456667e-02 1.838533e-01 
-1.712683e-02 1.643244e-01 
-5.217507e-03 9.292570e-02 
-8.932903e-02 -7.176332e-02 
-1.176073e-02 -6.898374e-02 
-5.998551e-04 -6.155835e-02 
2.896565e-02 -1.108151e-01 
2.109812e-02 -1.667323e-01 
1.126248e-02 -2.042614e-01 
-8.422070e-02 -8.310760e-02 
-8.317316e-04 -5.705730e-02 
1.314790e-04 -2.388728e-02 
9.493647e-03 -4.775121e-02 
5.968891e-03 -5.926291e-02 
1.241502e-03 -2.243870e-02 
3.604910e-01 -2.039045e-01 
8.667902e-02 -7.388967e-02 
1.800644e-02 9.527500e-02 
-6.545157e-02 2.231493e-01 
-4.639269e-02 3.376285e-01 
-2.667223e-02 4.640274e-01 
2.816825e-01 -6.693696e-02 
1.860436e-02 -2.312864e-01 
1.043064e-02 -2.096542e-01 
3.134703e-02 -1.530659e-01 
1.652580e-02 -1.354505e-01 
5.493234e-03 -8.682092e-02 
