poroelastic
6.013276e-02 -1.823677e-01 
5.192298e-02 -2.757704e-01 
3.002527e-02 -2.763444e-01 
-8.061191e-03 -1.969987e-01 
-1.092065e-02 -1.727155e-01 
-1.302872e-02 -1.758764e-01 
8.903017e-02 4.882724e-02 
-3.475696e-02 -2.210154e-02 
-3.517411e-02 5.047758e-02 
7.437692e-03 1.932637e-01 
1.528036e-02 2.418210e-01 
1.499507e-02 2.069084e-01 
2.133060e-01 2.058590e-01 
-2.455609e-02 8.693465e-02 
-2.035882e-02 9.004274e-02 
5.804300e-03 1.502611e-01 
8.906294e-03 1.459122e-01 
5.838449e-03 8.304671e-02 
-2.808139e-03 2.940902e-01 
-6.239911e-04 9.142030e-02 
1.700834e-02 -4.435496e-02 
-2.531130e-04 -7.871746e-02 
-5.809531e-03 -1.163185e-01 
-1.002421e-02 -1.524027e-01 
2.027473e-01 -3.533761e-01 
1.441579e-02 -3.336884e-01 
-1.443270e-02 -2.028186e-01 
-5.317779e-03 -1.435745e-02 
4.893498e-03 1.296554e-01 
1.404196e-02 2.353276e-01 
2.531426e-01 -3.375911e-01 
2.420441e-02 -3.777091e-01 
4.631681e-03 -3.222746e-01 
-6.829501e-03 -1.682592e-01 
-2.105062e-03 -2.777561e-02 
5.598523e-03 1.007815e-01 
3.878387e-02 -1.763132e-01 
1.693583e-02 -2.403042e-01 
5.323484e-03 -2.154802e-01 
-3.548696e-03 -1.136933e-01 
-1.712550e-03 -3.342474e-02 
9.548617e-04 1.722106e-02 
6.215877e-02 1.141618e-01 
-1.279539e-02 6.638067e-02 
-1.065840e-02 7.809227e-02 
1.195172e-03 1.131440e-01 
4.663123e-03 1.115090e-01 
3.515956e-03 6.119319e-02 
2.139050e-01 2.621692e-01 
-1.310669e-02 1.625817e-01 
-8.100234e-03 1.258871e-01 
2.002289e-03 1.143848e-01 
3.551476e-03 8.157346e-02 
8.334112e-04 1.484827e-02 
1.055781e-01 3.062325e-01 
-1.982043e-03 1.552803e-01 
6.442816e-03 2.166268e-02 
2.013060e-03 -4.289549e-02 
-2.151542e-03 -8.021488e-02 
-5.336260e-03 -1.041987e-01 
1.431774e-01 -3.274352e-01 
4.699068e-03 -2.688171e-01 
-7.843924e-03 -1.532344e-01 
-6.543143e-03 -1.214375e-02 
1.259249e-03 1.284091e-01 
1.129038e-02 2.553942e-01 
2.444150e-01 -2.830627e-01 
8.636480e-03 -2.907697e-01 
7.127485e-03 -2.735245e-01 
-1.543272e-03 -1.980274e-01 
-3.073491e-03 -8.657611e-02 
1.798089e-03 4.337105e-02 
3.069185e-02 -1.211669e-01 
6.105747e-03 -1.583070e-01 
4.959452e-03 -1.662201e-01 
-3.128958e-04 -1.257604e-01 
-1.870621e-03 -6.137046e-02 
2.695222e-04 6.416370e-03 
6.381992e-02 1.351670e-01 
-5.507432e-03 9.888601e-02 
-5.174933e-03 8.444259e-02 
-1.850404e-03 8.557986e-02 
1.660934e-03 8.526397e-02 
2.615087e-03 6.056108e-02 
2.556195e-01 2.823905e-01 
-4.876449e-03 2.220374e-01 
-5.710205e-03 1.758227e-01 
-9.179033e-04 1.303174e-01 
2.061524e-03 8.289608e-02 
6.379237e-04 1.511455e-02 
1.268458e-01 3.177060e-01 
-2.557989e-03 2.041800e-01 
1.996564e-03 6.001972e-02 
4.991752e-03 -4.542926e-02 
-2.048711e-04 -1.034162e-01 
-4.817351e-03 -1.311882e-01 
8.725470e-02 -3.062276e-01 
1.920239e-04 -1.955430e-01 
-1.113372e-03 -8.711112e-02 
-7.627517e-03 1.324026e-02 
-1.832002e-03 1.244928e-01 
7.175495e-03 2.311047e-01 
2.094471e-01 -2.377354e-01 
-3.647488e-03 -2.144305e-01 
3.546360e-03 -2.170950e-01 
4.354644e-03 -1.898723e-01 
-1.444343e-03 -1.075641e-01 
2.350990e-04 8.201403e-03 
2.989069e-02 -7.383133e-02 
-4.343047e-03 -9.057983e-02 
2.707871e-03 -1.339344e-01 
5.899179e-03 -1.532233e-01 
-4.940001e-04 -1.148448e-01 
-1.509359e-03 -5.047093e-02 
9.748193e-02 1.917058e-01 
1.809314e-03 1.881000e-01 
-2.989002e-03 1.519042e-01 
-5.913885e-03 1.058876e-01 
-4.101700e-04 9.768987e-02 
2.958030e-03 9.029270e-02 
2.991195e-01 3.017918e-01 
7.232817e-03 2.633852e-01 
-2.630542e-03 1.976073e-01 
-6.013450e-03 1.224179e-01 
-3.362570e-04 9.314793e-02 
2.300669e-03 7.215651e-02 
1.534514e-01 3.515548e-01 
-2.592245e-03 2.711709e-01 
-4.484413e-03 9.996773e-02 
9.442599e-03 -6.483264e-02 
2.444444e-03 -1.380345e-01 
-4.423622e-03 -1.612739e-01 
1.638640e-01 -1.975041e-01 
-9.104630e-04 -5.409378e-02 
-1.735080e-03 -3.013865e-02 
4.623577e-03 -8.241850e-02 
2.116980e-04 -6.169351e-02 
-1.707046e-04 -7.772314e-03 
