poroelastic
1.813003e-02 -1.925561e-01 
5.519518e-04 -2.151719e-01 
-9.195507e-03 -5.401804e-02 
9.826351e-03 1.138989e-01 
9.713255e-03 9.564859e-02 
-8.033508e-03 -7.837984e-02 
8.593683e-02 1.733568e-01 
-2.619956e-02 1.162891e-01 
-1.012020e-02 1.619752e-01 
1.458694e-02 1.711792e-01 
1.069292e-02 1.090076e-01 
-2.235119e-03 -2.200530e-02 
3.330542e-01 4.248940e-01 
-2.412365e-02 3.304079e-01 
-4.616908e-03 2.426418e-01 
1.015085e-02 1.281829e-01 
5.668782e-03 6.080996e-02 
7.981224e-04 8.090521e-03 
7.282843e-01 5.122358e-01 
3.024480e-02 5.058861e-01 
-1.648057e-02 3.688040e-01 
1.281707e-02 2.153152e-01 
1.257280e-02 1.548562e-01 
1.449754e-02 1.567858e-01 
4.527731e-01 -4.004516e-01 
4.913672e-02 -3.257836e-01 
9.954550e-03 -2.204621e-01 
-1.029051e-02 -1.736957e-01 
-8.782682e-03 -1.127656e-01 
-3.204482e-03 -3.724593e-02 
1.568296e-01 -3.016147e-01 
9.711372e-03 -1.736345e-01 
2.747101e-03 -1.078905e-01 
-4.802846e-03 -8.186868e-02 
-3.801883e-03 -5.067582e-02 
-2.632925e-04 -3.224975e-03 
5.648574e-03 -2.877655e-02 
3.162142e-03 1.341022e-02 
4.396997e-03 7.908899e-03 
-8.952727e-04 -2.681704e-02 
-2.617604e-03 -3.846048e-02 
-3.427997e-03 -4.180309e-02 
8.744247e-02 2.924218e-01 
-1.064171e-02 2.395798e-01 
4.891048e-04 1.671989e-01 
4.114909e-03 6.648249e-02 
2.286477e-03 2.897609e-02 
-6.058053e-04 -7.183996e-03 
4.309787e-01 4.991483e-01 
-1.748280e-02 4.383601e-01 
-3.442112e-03 3.353382e-01 
9.869881e-03 1.735917e-01 
6.496241e-03 8.734505e-02 
8.376627e-04 1.016924e-02 
6.102626e-01 4.549422e-01 
4.569318e-02 5.291125e-01 
2.706458e-03 4.082400e-01 
1.123004e-02 2.025876e-01 
4.233184e-03 5.687229e-02 
-3.403785e-03 -4.478509e-02 
2.981310e-01 -3.540722e-01 
1.930209e-02 -2.120433e-01 
3.987048e-03 -7.295931e-02 
1.006126e-04 -3.773176e-02 
-3.133241e-03 -6.366009e-02 
-6.394782e-03 -9.319309e-02 
-1.271679e-02 -2.640827e-01 
-6.563189e-03 -6.818747e-02 
-5.683114e-03 7.826839e-02 
3.838531e-03 1.340103e-01 
5.394403e-03 1.044898e-01 
4.424220e-03 6.753641e-02 
-3.611532e-02 2.745547e-02 
-9.318533e-03 1.264454e-01 
-4.632611e-03 1.956377e-01 
6.285799e-03 1.897116e-01 
6.836082e-03 1.252042e-01 
2.834055e-03 4.250553e-02 
1.371812e-01 3.609087e-01 
-8.691239e-03 3.417717e-01 
1.430913e-03 3.134920e-01 
9.234241e-03 2.012266e-01 
5.213886e-03 7.528762e-02 
-5.745790e-03 -8.433030e-02 
3.520455e-01 5.007180e-01 
8.522286e-04 4.535408e-01 
7.526942e-03 3.483569e-01 
8.848692e-03 1.449564e-01 
1.169285e-03 -9.374511e-03 
-1.185751e-02 -1.786463e-01 
4.141757e-01 4.013455e-01 
4.043637e-02 4.432194e-01 
7.237629e-03 3.098466e-01 
5.754656e-03 9.514300e-02 
-3.557781e-04 -3.402159e-02 
-7.820811e-03 -1.308846e-01 
2.152494e-01 -2.009884e-01 
9.139123e-03 -1.394988e-01 
4.015377e-04 -8.749700e-02 
-1.404456e-03 -9.093754e-02 
-2.395679e-03 -5.919471e-02 
-7.021180e-04 -1.309150e-02 
8.004328e-02 -1.966871e-01 
-8.782892e-04 -6.752293e-02 
3.745890e-05 -3.380931e-02 
-1.221167e-03 -6.118642e-02 
-2.262233e-03 -4.791146e-02 
1.700862e-03 3.360216e-02 
5.450613e-03 1.479249e-02 
1.404061e-03 9.202180e-02 
2.545043e-03 3.786451e-02 
9.673480e-04 -7.383476e-02 
-3.593479e-03 -1.074894e-01 
-3.000876e-03 -5.760165e-02 
9.295184e-02 3.693967e-01 
3.941458e-03 3.318881e-01 
4.028332e-03 2.029337e-01 
2.457889e-03 1.434524e-02 
-1.410301e-03 -5.362528e-02 
-3.631928e-03 -6.600650e-02 
3.853628e-01 5.325749e-01 
1.168416e-02 4.401138e-01 
3.787196e-03 3.096475e-01 
2.122965e-03 9.151434e-02 
1.136356e-03 1.911846e-02 
-1.491942e-03 -2.802925e-02 
3.911591e-01 3.777265e-01 
4.679730e-02 4.412746e-01 
5.123860e-03 3.272600e-01 
4.813627e-03 7.128447e-02 
2.190596e-04 -5.632719e-02 
-6.899288e-03 -1.466152e-01 
-8.611889e-02 -7.248941e-02 
1.727885e-05 6.484021e-02 
2.425724e-03 1.453554e-01 
1.010744e-04 7.548822e-02 
7.038997e-04 2.155864e-02 
-4.298480e-04 -1.064352e-02 
