poroelastic
1.055047e-01 -4.598364e-01 
9.828897e-02 -7.324070e-01 
3.919201e-02 -7.244180e-01 
-1.006087e-02 -3.548371e-01 
-5.214123e-03 1.686022e-02 
1.529145e-02 3.489994e-01 
-2.725204e-02 1.971569e-01 
1.871963e-02 -1.350860e-01 
5.932038e-03 -2.654013e-01 
-6.493875e-03 -1.291167e-01 
-2.162889e-03 5.017511e-02 
9.046796e-03 2.229039e-01 
2.287107e-01 7.817435e-01 
-2.748900e-02 3.324397e-01 
5.666102e-03 2.307454e-02 
1.572723e-03 -7.683539e-02 
-1.403455e-03 -6.185473e-02 
2.156092e-04 5.709291e-03 
1.201342e+00 9.287949e-01 
-4.199217e-02 6.022789e-01 
-7.174610e-02 3.392660e-01 
-2.557489e-02 3.018441e-01 
-2.321357e-03 3.498947e-01 
1.471879e-02 4.345057e-01 
1.317448e+00 -7.495246e-01 
3.029830e-01 -1.122987e+00 
1.168221e-01 -1.005831e+00 
2.814951e-02 -6.367270e-01 
5.208873e-04 -3.548485e-01 
-5.040692e-03 -1.816184e-01 
4.295370e-01 -7.404187e-01 
7.526227e-02 -8.055957e-01 
2.435620e-02 -5.988746e-01 
-9.942954e-03 -1.468558e-01 
-4.847729e-03 1.583690e-01 
7.316632e-03 3.107799e-01 
4.827265e-02 -3.076584e-01 
3.238820e-02 -4.176040e-01 
7.090890e-03 -3.393068e-01 
-1.122722e-02 -5.221490e-02 
-4.837141e-03 1.612680e-01 
6.129262e-03 2.771336e-01 
-7.332876e-02 2.249866e-01 
1.450101e-02 -2.064794e-02 
2.664255e-02 -2.009293e-01 
1.206242e-02 -2.259626e-01 
7.633039e-04 -1.544703e-01 
-1.137762e-03 -4.945282e-02 
1.606846e-01 7.335924e-01 
-2.207927e-02 3.572672e-01 
1.090533e-02 2.083701e-02 
1.165230e-02 -1.754478e-01 
1.027774e-03 -1.692883e-01 
-8.835522e-04 -4.097042e-02 
1.072400e+00 8.235994e-01 
3.387320e-03 6.073212e-01 
-4.403271e-02 3.302859e-01 
-2.967343e-02 2.073170e-01 
-1.056826e-02 2.639542e-01 
7.559241e-03 4.282592e-01 
1.198984e+00 -6.973520e-01 
2.144027e-01 -9.929335e-01 
8.544457e-02 -8.973771e-01 
4.318567e-02 -6.295197e-01 
7.390828e-03 -3.612152e-01 
-1.329614e-03 -1.249983e-01 
4.147413e-01 -6.868434e-01 
5.002588e-02 -7.110952e-01 
3.360623e-02 -5.458342e-01 
-1.947778e-03 -2.050467e-01 
-7.554852e-03 7.897330e-02 
2.151749e-03 2.767966e-01 
4.866010e-02 -2.698605e-01 
2.290761e-02 -3.496605e-01 
2.023296e-02 -3.224383e-01 
-1.035222e-04 -1.489349e-01 
-5.055607e-03 3.861149e-02 
1.303944e-03 1.869819e-01 
-5.253993e-02 2.205285e-01 
-1.264148e-03 3.058981e-02 
1.548959e-02 -1.451133e-01 
1.689041e-02 -2.187669e-01 
3.279895e-03 -1.520319e-01 
-1.734575e-04 -2.447889e-02 
1.380888e-01 6.857650e-01 
-2.671002e-02 4.011665e-01 
2.581050e-03 6.534855e-02 
2.239266e-02 -2.101492e-01 
7.117111e-03 -2.341240e-01 
-5.950992e-04 -9.709461e-02 
1.022528e+00 7.454115e-01 
3.945303e-02 6.569164e-01 
-3.029504e-02 4.018993e-01 
-3.181226e-02 1.880873e-01 
-1.458551e-02 1.961722e-01 
4.808569e-04 3.619201e-01 
1.162110e+00 -6.407208e-01 
1.339829e-01 -8.580569e-01 
5.730907e-02 -7.817814e-01 
6.231897e-02 -6.199038e-01 
1.782862e-02 -4.085211e-01 
7.543133e-04 -1.805008e-01 
3.616830e-01 -6.059400e-01 
2.550235e-02 -5.870173e-01 
3.096214e-02 -4.431420e-01 
6.499815e-03 -2.079649e-01 
-6.086781e-03 1.954910e-02 
-1.303061e-03 2.008851e-01 
3.665624e-02 -2.257944e-01 
8.383180e-03 -2.478859e-01 
1.587298e-02 -2.222647e-01 
3.170543e-03 -1.236113e-01 
-4.366147e-03 1.603867e-02 
-8.625870e-04 1.357209e-01 
-5.271670e-02 2.383284e-01 
-1.740556e-02 1.126141e-01 
3.542401e-03 -6.903692e-02 
3.050212e-02 -2.318752e-01 
1.169665e-02 -2.262201e-01 
5.828352e-04 -1.349520e-01 
2.105444e-01 6.101198e-01 
-2.411619e-02 4.097466e-01 
-1.097923e-02 1.311128e-01 
1.876592e-02 -1.483059e-01 
6.851049e-03 -1.725722e-01 
1.132165e-04 -2.436544e-02 
9.166108e-01 6.144550e-01 
7.666030e-02 5.862034e-01 
-1.311915e-02 3.529635e-01 
-3.689716e-02 1.381094e-01 
-2.111279e-02 1.904895e-01 
-3.249341e-03 4.303527e-01 
1.327431e+00 -5.512965e-01 
3.592351e-02 -7.479190e-01 
2.191795e-02 -7.769352e-01 
1.099000e-01 -7.792295e-01 
3.838191e-02 -6.041270e-01 
3.783480e-03 -3.068001e-01 
