poroelastic
7.728209e-03 2.246386e-02 
1.413518e-02 1.107664e-01 
3.349823e-02 1.876336e-01 
1.219621e-02 9.707208e-02 
-1.144416e-02 -1.425112e-01 
-4.492650e-02 -4.784671e-01 
7.669634e-02 1.332658e-01 
-1.708381e-02 2.317328e-01 
1.157118e-02 2.883512e-01 
1.582454e-02 1.718884e-01 
-1.755413e-04 -6.958195e-03 
-1.917251e-02 -2.059411e-01 
2.088519e-01 2.208985e-01 
-1.166090e-02 2.770766e-01 
1.112021e-02 2.919728e-01 
1.261426e-02 1.404391e-01 
-1.719500e-03 -2.467379e-02 
-1.498623e-02 -1.662602e-01 
3.870473e-01 2.647817e-01 
2.357925e-02 3.584275e-01 
8.854926e-03 3.624819e-01 
1.466224e-02 1.852830e-01 
9.080994e-04 4.417078e-03 
-1.334801e-02 -1.590054e-01 
-2.530169e-01 -1.832397e-02 
-3.968828e-02 2.858380e-01 
6.489844e-03 3.988094e-01 
1.642569e-02 2.319211e-01 
2.830388e-03 2.862149e-02 
-1.408397e-02 -1.817021e-01 
-1.697938e-01 1.564655e-01 
-9.819018e-03 3.616897e-01 
1.505676e-02 4.029795e-01 
1.433107e-02 1.953739e-01 
-1.592123e-03 -3.944292e-02 
-2.028699e-02 -2.776436e-01 
-2.804507e-02 1.837728e-01 
-4.465272e-03 3.102210e-01 
1.563683e-02 3.242977e-01 
1.152177e-02 1.458290e-01 
-3.223422e-03 -6.535472e-02 
-2.058320e-02 -2.806909e-01 
1.330728e-01 2.202879e-01 
-1.818255e-02 3.619492e-01 
5.868454e-03 4.279262e-01 
1.921180e-02 2.895904e-01 
5.560713e-03 6.357046e-02 
-1.596742e-02 -2.111478e-01 
5.391672e-01 3.329081e-01 
-2.014830e-02 5.450334e-01 
1.264165e-03 6.534721e-01 
2.867627e-02 4.681747e-01 
1.241294e-02 1.634244e-01 
-1.726606e-02 -2.340548e-01 
4.018470e-01 3.985739e-01 
3.595571e-02 5.705763e-01 
2.760188e-02 5.560987e-01 
1.917621e-02 2.358818e-01 
-5.835737e-03 -1.415385e-01 
-3.916289e-02 -5.800909e-01 
-2.582899e-01 2.277258e-01 
-1.286927e-02 4.801817e-01 
2.143626e-02 4.840862e-01 
1.393554e-02 1.818107e-01 
-5.154368e-03 -1.441046e-01 
-2.957678e-02 -4.927269e-01 
-1.323215e-01 2.362050e-01 
2.785247e-03 3.573458e-01 
1.314865e-02 3.242717e-01 
8.126802e-03 1.061225e-01 
-3.698094e-03 -1.083988e-01 
-1.710540e-02 -3.009045e-01 
-4.385769e-03 1.176192e-01 
4.146526e-03 1.817443e-01 
1.018946e-02 1.523672e-01 
4.556262e-03 2.353423e-02 
-4.781010e-03 -1.244413e-01 
-1.418627e-02 -2.440116e-01 
8.321161e-02 2.269339e-01 
1.825670e-05 3.487177e-01 
1.171277e-02 3.452602e-01 
1.142617e-02 1.768618e-01 
-1.008987e-03 -6.121827e-02 
-1.909814e-02 -3.196257e-01 
3.227086e-01 3.818784e-01 
6.251567e-03 5.384015e-01 
1.624812e-02 5.178729e-01 
1.585391e-02 2.510388e-01 
-8.075353e-04 -7.895795e-02 
-2.656809e-02 -4.572033e-01 
2.181143e-01 4.378366e-01 
1.612929e-02 5.335627e-01 
1.916759e-02 4.342018e-01 
1.370426e-02 8.970653e-02 
-7.108729e-03 -2.787765e-01 
-3.574033e-02 -6.931384e-01 
-5.162276e-01 1.799127e-01 
-2.651317e-02 4.897297e-01 
8.445282e-03 5.478894e-01 
9.989304e-03 3.364560e-01 
5.028276e-03 9.213224e-02 
-9.050284e-03 -1.998281e-01 
-1.588445e-01 2.112217e-01 
5.847295e-03 3.136505e-01 
5.319875e-03 2.801826e-01 
4.616838e-03 1.152244e-01 
2.715739e-04 -2.980674e-02 
-6.301359e-03 -1.496809e-01 
-9.940126e-04 1.557658e-01 
3.360277e-03 2.022866e-01 
4.065683e-03 1.282041e-01 
4.054032e-03 -3.068893e-02 
-3.481730e-03 -1.613144e-01 
-9.566753e-03 -2.203808e-01 
9.152033e-02 2.283958e-01 
5.900040e-03 3.564484e-01 
6.001794e-03 3.173025e-01 
6.367593e-03 1.330114e-01 
-2.625718e-04 -5.872160e-02 
-8.706819e-03 -1.885503e-01 
4.178353e-01 2.749773e-01 
2.013932e-02 5.044248e-01 
7.909968e-03 5.349965e-01 
8.206151e-03 3.218183e-01 
4.105756e-03 6.239643e-02 
-8.526032e-03 -1.923006e-01 
2.807605e-01 3.134848e-01 
3.549439e-02 5.118697e-01 
5.601724e-03 4.881315e-01 
1.318028e-02 1.682788e-01 
1.186802e-03 -1.893526e-01 
-2.201353e-02 -5.764034e-01 
-9.079842e-01 2.272337e-01 
2.198071e-03 6.575937e-01 
1.948039e-02 7.888979e-01 
-1.113256e-03 5.657967e-01 
6.529447e-03 2.790584e-01 
-2.985932e-03 -9.556074e-02 
