poroelastic
-2.558647e-02 3.121848e-01 
-1.395267e-03 4.591526e-01 
4.132448e-02 3.565873e-01 
5.017429e-03 -2.162513e-04 
-1.279106e-02 -3.119666e-01 
-2.802789e-02 -5.799789e-01 
-1.620948e-02 -2.513375e-01 
-1.206888e-04 -7.543632e-02 
-2.901888e-03 4.071067e-02 
2.132749e-03 5.427366e-02 
1.187377e-03 2.517617e-02 
-1.278323e-03 -2.722498e-02 
-2.651312e-01 -6.735248e-01 
1.970698e-02 -4.424172e-01 
-1.081187e-02 -1.810892e-01 
-1.132180e-03 2.013777e-02 
4.330872e-03 1.164136e-01 
6.384005e-03 1.401719e-01 
-1.355046e+00 -6.421647e-01 
1.559683e-02 -6.187550e-01 
7.361157e-02 -5.126220e-01 
-4.886319e-03 -4.933085e-01 
-1.579549e-02 -4.927822e-01 
-2.056898e-02 -4.955552e-01 
-1.029605e+00 5.541262e-01 
-1.862178e-01 7.869086e-01 
-5.504089e-02 6.898727e-01 
1.984100e-03 4.446022e-01 
7.596923e-03 3.208725e-01 
1.081753e-02 3.084945e-01 
-1.105961e-01 4.991990e-01 
-5.837912e-03 4.309124e-01 
1.884426e-02 1.959651e-01 
3.370012e-03 -1.500083e-01 
-5.554083e-03 -2.907085e-01 
-7.853202e-03 -2.592226e-01 
1.618176e-02 1.143057e-01 
1.220483e-02 1.054031e-01 
2.169754e-02 -1.424121e-02 
3.443086e-03 -2.099063e-01 
-4.586884e-03 -2.795211e-01 
-7.195911e-03 -2.417937e-01 
1.872631e-02 -2.279156e-01 
-5.291635e-03 -8.723922e-02 
-1.089375e-02 4.317644e-02 
-1.801488e-03 1.106259e-01 
1.925701e-03 1.256817e-01 
3.480473e-03 1.094823e-01 
-2.218343e-01 -5.709655e-01 
1.210633e-02 -3.545343e-01 
-3.740828e-03 -1.099760e-01 
-1.293086e-03 6.735149e-02 
1.837998e-03 1.022548e-01 
1.211305e-03 3.905769e-02 
-1.175787e+00 -5.554605e-01 
-4.526100e-02 -5.734792e-01 
3.956851e-02 -4.511524e-01 
1.197008e-02 -3.959193e-01 
-2.657778e-03 -4.232415e-01 
-1.314024e-02 -4.955031e-01 
-9.435415e-01 5.476512e-01 
-1.260981e-01 7.293368e-01 
-3.262879e-02 6.253559e-01 
-1.026002e-02 4.180217e-01 
8.627468e-06 2.901057e-01 
4.719086e-03 2.460479e-01 
-1.109654e-01 4.974089e-01 
-9.786638e-03 4.040184e-01 
3.898918e-03 1.834026e-01 
9.640982e-03 -1.142419e-01 
1.523667e-03 -2.576708e-01 
-4.137408e-03 -2.604653e-01 
2.850880e-03 1.373523e-01 
-2.386076e-03 1.272545e-01 
4.654241e-03 3.810168e-02 
7.558565e-03 -1.071238e-01 
1.447765e-03 -1.805887e-01 
-2.846813e-03 -1.805660e-01 
2.696042e-03 -1.979097e-01 
1.495197e-03 -8.956172e-02 
-3.349534e-03 2.178253e-02 
-3.824793e-03 9.240809e-02 
-3.583958e-04 9.332661e-02 
9.245985e-04 5.485019e-02 
-1.707064e-01 -5.207900e-01 
8.859952e-03 -3.485128e-01 
-7.881691e-04 -1.042959e-01 
-5.934950e-03 1.139923e-01 
-6.052332e-04 1.562435e-01 
1.159258e-03 7.099049e-02 
-1.097164e+00 -4.906841e-01 
-9.120912e-02 -5.749507e-01 
1.519747e-02 -4.630814e-01 
2.502375e-02 -3.600019e-01 
7.963445e-03 -3.742548e-01 
-5.374530e-03 -4.735392e-01 
-9.364904e-01 5.343656e-01 
-7.222098e-02 6.585152e-01 
-1.556409e-02 5.703788e-01 
-2.345589e-02 4.364368e-01 
-6.665723e-03 3.222000e-01 
1.236294e-03 2.316506e-01 
-1.224984e-01 4.750046e-01 
-1.002257e-02 3.695883e-01 
-7.616828e-03 1.745332e-01 
1.108464e-02 -5.240808e-02 
6.176963e-03 -1.878488e-01 
-5.720516e-04 -2.366562e-01 
4.757043e-03 1.357663e-01 
-8.123545e-03 9.497276e-02 
-2.541557e-03 1.329410e-02 
1.044169e-02 -8.480240e-02 
4.886330e-03 -1.490493e-01 
-5.111102e-04 -1.668798e-01 
3.730538e-02 -1.918675e-01 
1.011303e-02 -1.095831e-01 
2.052011e-03 2.215037e-02 
-1.503257e-02 1.679072e-01 
-5.915503e-03 2.075003e-01 
9.970546e-04 1.787703e-01 
-2.105462e-01 -4.734267e-01 
5.065625e-03 -3.525885e-01 
6.230045e-03 -1.467063e-01 
-6.623505e-03 7.995237e-02 
-2.216655e-03 1.209834e-01 
1.362151e-04 2.702047e-02 
-1.002080e+00 -4.090758e-01 
-1.309592e-01 -5.115738e-01 
-7.393545e-03 -4.119165e-01 
3.673690e-02 -3.048536e-01 
1.745112e-02 -3.621706e-01 
-5.832980e-04 -5.378289e-01 
-1.069059e+00 5.811747e-01 
-4.540261e-03 6.884889e-01 
1.859166e-03 6.332976e-01 
-4.298469e-02 5.330948e-01 
-1.268676e-02 3.644558e-01 
-6.941547e-04 1.440999e-01 
