poroelastic
2.676640e-02 5.965448e-02 
3.745091e-02 7.876335e-02 
5.074040e-02 8.815783e-03 
1.965231e-03 -1.591606e-01 
-1.417046e-02 -3.326965e-01 
-2.742773e-02 -4.935335e-01 
3.647992e-02 -1.532711e-01 
-1.601356e-02 -1.060402e-01 
-2.284421e-02 1.466847e-02 
2.810715e-03 1.376043e-01 
7.730782e-03 1.746710e-01 
7.716327e-03 1.449625e-01 
-3.350580e-02 -3.066836e-01 
-2.164049e-03 -2.510096e-01 
-2.143193e-02 -7.729598e-02 
3.871285e-04 1.126217e-01 
7.374078e-03 1.868400e-01 
8.557925e-03 1.677244e-01 
-8.479594e-01 -2.135771e-01 
2.987239e-03 -3.454292e-01 
5.548640e-02 -3.591449e-01 
6.285996e-04 -3.519885e-01 
-1.197312e-02 -3.731859e-01 
-1.925419e-02 -4.084711e-01 
-4.882713e-01 1.208466e-01 
-9.518061e-02 2.613013e-01 
-3.890452e-02 2.824502e-01 
-2.846277e-03 2.552717e-01 
6.153439e-03 2.679760e-01 
1.304505e-02 3.175918e-01 
1.121646e-01 8.163961e-02 
1.411015e-02 5.653904e-04 
1.933676e-02 -1.101813e-01 
8.960815e-04 -2.153200e-01 
-5.163604e-03 -2.056748e-01 
-3.647367e-03 -9.877351e-02 
3.644611e-02 -6.410526e-02 
1.986938e-02 -1.236167e-01 
1.923047e-02 -1.800869e-01 
1.757047e-03 -2.171662e-01 
-4.061722e-03 -1.887411e-01 
-4.008109e-03 -1.106958e-01 
4.277119e-02 -9.322250e-02 
-8.142048e-03 -4.775961e-02 
-1.301394e-02 4.196583e-02 
-3.051094e-03 1.246035e-01 
2.592979e-03 1.525648e-01 
4.885047e-03 1.296055e-01 
-3.463089e-02 -2.071058e-01 
1.872554e-03 -1.484603e-01 
-6.241373e-03 -2.194609e-02 
-1.532493e-03 9.334661e-02 
2.169554e-03 1.059641e-01 
1.250848e-03 3.438927e-02 
-6.890907e-01 -1.569832e-01 
-3.615552e-02 -2.834763e-01 
2.822109e-02 -2.928168e-01 
1.158782e-02 -2.864196e-01 
-2.143013e-03 -3.180865e-01 
-1.192823e-02 -3.717957e-01 
-4.792667e-01 1.306265e-01 
-6.694733e-02 2.604079e-01 
-2.215787e-02 2.674005e-01 
-1.161099e-02 2.413390e-01 
-8.879297e-04 2.604079e-01 
8.016966e-03 3.201268e-01 
9.363261e-02 1.171919e-01 
-8.298575e-04 4.223344e-02 
9.586051e-03 -8.160651e-02 
8.617355e-03 -2.019134e-01 
-3.698539e-04 -2.080751e-01 
-2.585671e-03 -1.165493e-01 
2.228124e-02 -6.684171e-03 
2.212572e-03 -4.738304e-02 
8.063323e-03 -1.078017e-01 
7.050102e-03 -1.589526e-01 
1.304956e-04 -1.506949e-01 
-2.046852e-03 -9.309420e-02 
2.688072e-02 -6.023305e-02 
-2.136876e-04 -2.965875e-02 
-3.842408e-03 2.600817e-02 
-4.759912e-03 8.227126e-02 
-5.247752e-04 9.864953e-02 
1.802412e-03 8.007023e-02 
2.044647e-02 -1.658548e-01 
3.652970e-03 -1.118604e-01 
-3.514800e-03 7.446243e-03 
-6.290185e-03 1.283779e-01 
-2.507365e-04 1.397693e-01 
1.276845e-03 5.934990e-02 
-6.042721e-01 -1.204777e-01 
-6.409139e-02 -2.569885e-01 
8.735833e-03 -2.702836e-01 
2.049262e-02 -2.492243e-01 
6.074116e-03 -2.796919e-01 
-5.797063e-03 -3.515038e-01 
-5.012939e-01 1.461069e-01 
-3.653733e-02 2.669571e-01 
-7.516723e-03 2.746076e-01 
-1.989924e-02 2.638365e-01 
-6.602948e-03 2.655834e-01 
2.971014e-03 2.737202e-01 
6.105501e-02 1.451041e-01 
-1.002384e-02 8.333057e-02 
-8.353331e-04 -3.875708e-02 
1.377536e-02 -1.527677e-01 
4.378462e-03 -1.853211e-01 
-1.266653e-03 -1.488323e-01 
2.055525e-02 3.053626e-02 
-9.615678e-03 -1.206892e-02 
8.362561e-04 -8.723301e-02 
1.320674e-02 -1.484259e-01 
4.119309e-03 -1.600084e-01 
-1.173600e-03 -1.296329e-01 
7.459947e-02 -2.067705e-02 
8.722380e-03 1.974586e-02 
-1.364047e-04 8.093400e-02 
-1.504393e-02 1.572283e-01 
-5.289808e-03 1.856495e-01 
1.902700e-03 1.687321e-01 
2.074143e-02 -1.330063e-01 
7.370639e-03 -9.463997e-02 
2.532111e-03 -4.353854e-03 
-9.407911e-03 1.097665e-01 
-2.765618e-03 1.281502e-01 
6.615246e-04 6.207228e-02 
-5.376430e-01 -6.088349e-02 
-8.989958e-02 -1.899692e-01 
-8.789159e-03 -2.230542e-01 
3.025605e-02 -2.263340e-01 
1.350782e-02 -2.884050e-01 
-2.888890e-03 -4.033083e-01 
-5.321665e-01 2.471373e-01 
2.502270e-03 3.682873e-01 
-3.058587e-04 3.424094e-01 
-2.196567e-02 2.624551e-01 
-5.413654e-03 1.725202e-01 
1.259560e-04 6.218548e-02 
