poroelastic
6.205734e-02 -1.810484e-01 
5.748345e-02 -2.815158e-01 
3.873712e-02 -2.979908e-01 
-4.362366e-03 -2.318172e-01 
-1.022544e-02 -2.078429e-01 
-1.342169e-02 -2.084940e-01 
7.878595e-02 3.516530e-02 
-2.792259e-02 -5.052881e-02 
-3.308449e-02 1.322298e-02 
1.984658e-03 1.649144e-01 
1.124315e-02 2.337268e-01 
1.382088e-02 2.232647e-01 
1.983613e-01 1.953981e-01 
-2.198121e-02 6.427090e-02 
-2.042518e-02 6.501329e-02 
2.126759e-03 1.375383e-01 
6.826810e-03 1.486289e-01 
5.760525e-03 9.702909e-02 
-3.370667e-02 2.967142e-01 
-2.106426e-03 8.158991e-02 
1.894757e-02 -6.104706e-02 
1.868949e-03 -9.544092e-02 
-4.417636e-03 -1.293483e-01 
-9.107008e-03 -1.647684e-01 
2.184482e-01 -3.407260e-01 
2.310019e-02 -3.348510e-01 
-8.502446e-03 -2.149980e-01 
-6.107947e-03 -3.189761e-02 
2.119964e-03 1.124245e-01 
1.082144e-02 2.192573e-01 
2.723007e-01 -3.364958e-01 
2.918922e-02 -3.909700e-01 
1.153952e-02 -3.476210e-01 
-4.480053e-03 -1.955456e-01 
-2.629309e-03 -4.794000e-02 
4.248511e-03 9.349418e-02 
4.157472e-02 -1.859393e-01 
2.029037e-02 -2.621342e-01 
9.629222e-03 -2.477697e-01 
-2.108156e-03 -1.414463e-01 
-1.869760e-03 -4.506393e-02 
1.405834e-03 3.134915e-02 
5.321387e-02 1.043057e-01 
-9.776175e-03 4.584083e-02 
-9.672110e-03 4.870702e-02 
-1.760908e-03 8.850618e-02 
2.451519e-03 1.012918e-01 
3.377432e-03 7.294667e-02 
1.852894e-01 2.597832e-01 
-1.135132e-02 1.470949e-01 
-6.889273e-03 9.950151e-02 
-2.070052e-04 8.628813e-02 
1.772884e-03 6.046739e-02 
3.583165e-04 7.999811e-03 
7.886344e-02 3.131885e-01 
-5.994507e-03 1.474559e-01 
6.912903e-03 3.173455e-03 
3.771655e-03 -6.476433e-02 
-1.148963e-03 -9.699297e-02 
-4.407489e-03 -1.092143e-01 
1.615842e-01 -3.232574e-01 
1.153565e-02 -2.775734e-01 
-3.521181e-03 -1.717396e-01 
-7.455925e-03 -3.191099e-02 
-1.486172e-03 1.156481e-01 
8.560126e-03 2.557472e-01 
2.586065e-01 -2.855358e-01 
1.035173e-02 -3.045985e-01 
1.190890e-02 -2.970573e-01 
2.533631e-03 -2.217095e-01 
-2.292053e-03 -1.004920e-01 
1.408237e-03 4.569840e-02 
3.267981e-02 -1.260464e-01 
6.742690e-03 -1.726054e-01 
8.268477e-03 -1.916768e-01 
2.631315e-03 -1.521313e-01 
-1.321321e-03 -7.604759e-02 
3.256822e-04 1.055880e-02 
5.075282e-02 1.304766e-01 
-3.899759e-03 8.044086e-02 
-3.966932e-03 5.179411e-02 
-3.171218e-03 5.006246e-02 
-8.955318e-05 6.277522e-02 
1.883510e-03 5.995738e-02 
2.326713e-01 2.860114e-01 
-5.080844e-03 2.110611e-01 
-6.161877e-03 1.519480e-01 
-2.873556e-03 1.023865e-01 
6.186222e-04 6.461867e-02 
3.204075e-04 1.058138e-02 
1.271732e-01 3.271936e-01 
-5.981169e-03 2.062729e-01 
1.568164e-04 5.600227e-02 
6.832265e-03 -5.192501e-02 
1.661301e-03 -1.040880e-01 
-3.193371e-03 -1.273318e-01 
1.260702e-01 -2.954110e-01 
6.388903e-03 -2.041642e-01 
2.201278e-03 -1.093217e-01 
-6.918154e-03 -1.704592e-02 
-3.779257e-03 9.431902e-02 
3.920093e-03 1.999903e-01 
2.229936e-01 -2.356138e-01 
-4.409412e-03 -2.242127e-01 
6.525153e-03 -2.345950e-01 
9.617671e-03 -2.087395e-01 
3.374010e-04 -1.227967e-01 
-9.867235e-05 -5.653115e-03 
2.992436e-02 -7.724887e-02 
-6.155383e-03 -1.018425e-01 
4.320036e-03 -1.516157e-01 
9.952483e-03 -1.678588e-01 
1.230769e-03 -1.199514e-01 
-8.247810e-04 -4.527378e-02 
8.865364e-02 1.842393e-01 
1.774732e-03 1.708005e-01 
-3.466052e-03 1.257975e-01 
-7.574847e-03 8.221752e-02 
-2.192355e-03 8.528076e-02 
1.893248e-03 9.190376e-02 
2.706068e-01 3.010304e-01 
5.266106e-03 2.495236e-01 
-3.935604e-03 1.718035e-01 
-6.965411e-03 9.423109e-02 
-1.622129e-03 7.076194e-02 
1.190747e-03 5.982708e-02 
1.491099e-01 3.554787e-01 
-7.285150e-03 2.676924e-01 
-7.029279e-03 8.979712e-02 
1.187588e-02 -7.234622e-02 
4.720499e-03 -1.378292e-01 
-2.459649e-03 -1.513815e-01 
2.076712e-01 -1.913521e-01 
-1.788604e-03 -6.797082e-02 
-2.667714e-03 -5.684058e-02 
9.999730e-03 -1.125593e-01 
2.304535e-03 -9.113720e-02 
-4.136995e-04 -3.653150e-02 
