poroelastic
-1.875224e-02 -9.979897e-02 
-3.050333e-02 -1.632264e-01 
-6.431310e-02 -1.485217e-01 
-3.503911e-02 -1.441342e-02 
-1.360536e-02 9.382002e-02 
-5.181319e-03 1.515345e-01 
8.783611e-03 1.284115e-01 
2.424746e-02 9.519628e-03 
1.146075e-02 -7.217030e-02 
1.583359e-02 -1.124306e-01 
3.259514e-02 -8.685853e-02 
1.849771e-02 1.373902e-02 
1.150370e-02 6.571828e-02 
1.090177e-02 8.183902e-02 
9.256953e-03 6.037857e-02 
-2.885722e-03 8.613368e-03 
-1.443929e-03 -1.782144e-02 
-1.459656e-03 -2.878134e-02 
-1.307325e-03 -2.630364e-02 
1.866329e-03 -8.197379e-03 
6.654353e-04 1.312600e-02 
-8.479646e-05 3.633667e-02 
-1.543591e-03 6.455140e-02 
-3.848851e-03 8.015909e-02 
-2.233762e-03 4.699195e-02 
4.789611e-04 -2.180863e-02 
-1.420369e-04 -1.331559e-01 
-1.223875e-02 -2.189738e-01 
-1.449708e-02 -1.389737e-01 
-1.721414e-02 4.671818e-02 
-4.192837e-03 3.425620e-01 
2.331120e-02 7.321394e-01 
1.288367e-01 2.320796e-01 
-6.908619e-02 1.222292e-01 
-8.754996e-02 4.651094e-02 
-2.574994e-02 7.403354e-02 
-9.752616e-03 1.100541e-01 
-6.549263e-03 1.290260e-01 
8.046387e-03 1.009831e-01 
3.232872e-02 6.830087e-03 
1.928801e-02 -6.031788e-02 
2.498089e-02 -9.480196e-02 
4.136034e-02 -7.089873e-02 
1.874895e-02 2.245805e-02 
1.140304e-02 7.052960e-02 
1.110140e-02 8.279020e-02 
9.570736e-03 5.369200e-02 
-3.545268e-03 -9.614509e-03 
-1.832009e-03 -4.030458e-02 
-2.307193e-03 -4.940911e-02 
-2.675215e-03 -3.712509e-02 
1.782799e-03 -2.311979e-03 
3.355441e-04 2.865762e-02 
-4.618788e-04 5.561212e-02 
-4.803894e-04 8.190630e-02 
-1.320230e-03 8.841518e-02 
-2.602850e-04 4.171798e-02 
3.491918e-03 -4.581189e-02 
5.613503e-03 -1.865663e-01 
-8.865790e-03 -2.973063e-01 
-1.315253e-02 -1.914779e-01 
-1.994770e-02 5.901592e-02 
-1.533503e-02 4.664628e-01 
1.356749e-02 1.033705e+00 
4.964955e-01 5.370702e-01 
-9.395949e-02 3.843964e-01 
-1.045697e-01 2.320608e-01 
-1.289903e-02 1.721643e-01 
-4.269652e-03 1.396247e-01 
-6.128233e-03 1.082659e-01 
6.431559e-03 6.168447e-02 
3.553907e-02 -1.201009e-02 
2.390712e-02 -5.720907e-02 
3.070592e-02 -7.454968e-02 
4.649142e-02 -4.559918e-02 
1.879890e-02 3.733687e-02 
1.120226e-02 7.612874e-02 
1.112025e-02 7.927407e-02 
1.067288e-02 4.001325e-02 
-2.018475e-03 -3.344379e-02 
-6.262575e-04 -6.566172e-02 
-1.350232e-03 -6.919543e-02 
-2.496659e-03 -4.336487e-02 
6.736402e-04 1.025076e-02 
-8.712664e-04 5.024583e-02 
-1.824543e-03 7.848544e-02 
-1.753603e-03 9.813408e-02 
-1.513964e-03 8.895003e-02 
2.266183e-04 2.556599e-02 
4.367896e-03 -7.590012e-02 
7.544923e-03 -2.265850e-01 
-5.975503e-03 -3.385135e-01 
-1.100542e-02 -2.102556e-01 
-1.870157e-02 7.920453e-02 
-1.953908e-02 5.444169e-01 
4.284096e-03 1.205797e+00 
1.009207e+00 8.095273e-01 
-6.936954e-02 6.636498e-01 
-8.600745e-02 4.254077e-01 
2.733049e-03 2.364627e-01 
-1.045865e-03 1.185873e-01 
-8.918337e-03 3.726375e-02 
-6.375620e-04 -1.089296e-02 
3.238306e-02 -3.059050e-02 
2.472713e-02 -4.410883e-02 
3.127598e-02 -4.407151e-02 
4.495965e-02 -1.456154e-02 
1.640878e-02 4.812419e-02 
9.240978e-03 7.504632e-02 
9.227323e-03 6.939849e-02 
9.356550e-03 2.470542e-02 
-1.788612e-03 -4.975742e-02 
-4.936551e-04 -8.283137e-02 
-1.432708e-03 -8.481080e-02 
-3.001053e-03 -5.451839e-02 
4.319139e-04 6.841765e-03 
-9.917928e-04 5.492093e-02 
-2.157352e-03 8.992257e-02 
-1.139197e-03 1.150601e-01 
5.108171e-04 1.074696e-01 
1.492306e-03 3.424077e-02 
6.651016e-03 -8.161411e-02 
1.406131e-02 -2.484548e-01 
5.559762e-03 -3.784385e-01 
-1.793378e-03 -2.477364e-01 
-1.343204e-02 5.908673e-02 
-2.924348e-02 5.537040e-01 
-2.114387e-02 1.284615e+00 
1.618891e+00 1.047727e+00 
6.339345e-02 1.059843e+00 
-2.617512e-02 6.814244e-01 
2.639457e-03 2.463507e-01 
-1.012645e-02 -6.018124e-04 
-2.358746e-02 -1.230210e-01 
-2.025566e-02 -1.306536e-01 
2.483867e-02 -4.695818e-02 
2.399155e-02 -6.756285e-04 
2.787247e-02 2.198799e-02 
3.713218e-02 3.350750e-02 
1.645362e-02 4.095850e-02 
9.611962e-03 4.112609e-02 
1.010484e-02 2.909439e-02 
1.139005e-02 -1.094253e-03 
-1.007553e-03 -4.577302e-02 
-4.568583e-04 -6.729704e-02 
-1.123856e-03 -7.036079e-02 
-2.827677e-03 -5.329077e-02 
-1.356408e-04 -1.131170e-02 
-1.056597e-03 3.271337e-02 
-2.475181e-03 7.278048e-02 
-2.556165e-03 1.120187e-01 
-1.798417e-03 1.295321e-01 
-8.792462e-04 6.787172e-02 
3.786526e-03 -4.844158e-02 
1.286496e-02 -2.258510e-01 
1.715126e-02 -3.916069e-01 
1.100510e-02 -2.937080e-01 
-1.240089e-03 -5.316698e-03 
-2.803141e-02 4.867086e-01 
-4.682218e-02 1.260969e+00 
7.589366e-01 -1.169130e+00 
-1.729873e-03 -9.690755e-01 
-2.897895e-02 -5.798896e-01 
-2.315575e-02 -1.693429e-01 
-1.862503e-03 1.042721e-01 
1.284767e-02 2.480768e-01 
1.969250e-02 2.265349e-01 
8.506114e-03 2.051487e-02 
1.833952e-04 -1.062252e-01 
3.988100e-03 -1.599029e-01 
1.542551e-02 -1.292442e-01 
8.016661e-03 -1.637186e-02 
3.651170e-03 4.854774e-02 
2.615358e-03 7.226342e-02 
2.390463e-03 4.845429e-02 
-5.687370e-04 -1.945072e-02 
7.617110e-04 -5.625616e-02 
7.830263e-04 -6.914433e-02 
-4.473176e-05 -5.691015e-02 
9.604668e-04 -1.767992e-02 
-6.738214e-05 1.751318e-02 
-1.059889e-03 4.800932e-02 
-8.209353e-04 7.468582e-02 
-4.229508e-04 7.836124e-02 
1.372203e-04 3.456275e-02 
3.529940e-03 -4.012362e-02 
1.050912e-02 -1.478063e-01 
1.423818e-02 -2.364350e-01 
1.035390e-02 -1.712711e-01 
1.083198e-03 8.677235e-03 
-2.489601e-02 3.145924e-01 
-3.460696e-02 7.322017e-01 
