poroelastic
5.677829e-03 -5.582294e-02 
3.750945e-03 -9.593243e-02 
-6.386874e-03 -9.068067e-02 
-6.689296e-03 -1.177817e-02 
-8.567453e-04 5.297400e-02 
4.179983e-03 8.495795e-02 
5.565371e-03 6.022907e-02 
-2.334709e-03 -2.734919e-02 
-5.273118e-03 -8.112421e-02 
-3.096820e-03 -9.937216e-02 
4.223225e-03 -6.652018e-02 
4.880604e-03 1.610509e-02 
2.866707e-03 5.876454e-02 
1.497772e-03 6.944262e-02 
4.122402e-04 4.508222e-02 
1.246675e-04 -7.090875e-03 
1.059022e-03 -3.834349e-02 
1.387485e-03 -5.402495e-02 
1.278507e-03 -5.413449e-02 
1.163137e-03 -3.468862e-02 
3.332504e-04 -6.789749e-03 
-6.045631e-04 2.613984e-02 
-1.714012e-03 6.573448e-02 
-2.650630e-03 9.036195e-02 
-1.958467e-03 6.131753e-02 
2.685871e-04 -6.065923e-03 
3.439072e-03 -1.154628e-01 
5.796284e-04 -2.122587e-01 
-3.968689e-03 -1.787658e-01 
-8.048108e-03 -5.667540e-02 
-4.873589e-03 1.551915e-01 
1.127912e-02 4.530062e-01 
2.649888e-02 1.715987e-01 
-1.289396e-02 1.045467e-01 
-8.501693e-03 3.219728e-02 
-2.989182e-03 1.358765e-02 
-1.376711e-03 1.374992e-02 
-1.174206e-03 1.337204e-02 
-1.282034e-03 -7.659120e-04 
-9.328862e-04 -3.858678e-02 
-1.664376e-03 -6.119472e-02 
8.860036e-04 -6.465845e-02 
6.551350e-03 -3.704725e-02 
4.634288e-03 2.242706e-02 
2.564056e-03 5.253446e-02 
1.604564e-03 5.766982e-02 
9.607919e-04 3.428852e-02 
1.102994e-04 -1.273059e-02 
9.555599e-04 -4.324295e-02 
1.184365e-03 -6.055325e-02 
1.056402e-03 -6.471378e-02 
1.415797e-03 -4.825539e-02 
5.595087e-04 -1.498364e-02 
-5.277721e-04 2.860301e-02 
-1.674528e-03 8.566764e-02 
-3.083162e-03 1.262143e-01 
-2.736782e-03 9.041209e-02 
2.061554e-04 -1.869246e-03 
5.700091e-03 -1.588745e-01 
4.283474e-03 -3.045586e-01 
-1.567335e-03 -2.644144e-01 
-8.321597e-03 -9.442363e-02 
-9.999986e-03 2.089227e-01 
8.042957e-03 6.637252e-01 
1.579169e-01 3.921218e-01 
-2.650294e-02 2.814290e-01 
-1.085631e-02 1.306068e-01 
-1.568419e-03 2.684884e-02 
-3.401687e-03 -2.305845e-02 
-6.478234e-03 -4.485290e-02 
-6.475296e-03 -4.638718e-02 
1.385242e-03 -4.313134e-02 
1.917716e-03 -3.870848e-02 
4.567283e-03 -2.807427e-02 
8.906889e-03 -5.279429e-03 
4.954409e-03 3.085735e-02 
2.712877e-03 4.656565e-02 
2.107113e-03 4.357524e-02 
1.942755e-03 1.937273e-02 
3.569824e-04 -2.200511e-02 
1.075727e-03 -4.900339e-02 
1.241941e-03 -6.381666e-02 
1.067276e-03 -6.740262e-02 
1.428704e-03 -5.129253e-02 
4.724610e-04 -1.400530e-02 
-8.173462e-04 3.553381e-02 
-2.212400e-03 1.013544e-01 
-3.642631e-03 1.481064e-01 
-2.988411e-03 1.025804e-01 
4.219076e-04 -7.582306e-03 
6.474624e-03 -1.902253e-01 
5.563721e-03 -3.583296e-01 
-3.550395e-04 -3.075556e-01 
-7.556043e-03 -1.055935e-01 
-1.164309e-02 2.502052e-01 
4.678796e-03 7.933736e-01 
3.639844e-01 6.168613e-01 
-2.551445e-02 4.617687e-01 
-2.577569e-03 2.226169e-01 
1.472270e-03 1.558494e-02 
-5.347273e-03 -8.860612e-02 
-1.150784e-02 -1.261432e-01 
-1.108820e-02 -9.754776e-02 
3.568087e-03 -2.584142e-02 
5.491733e-03 1.315780e-02 
6.508741e-03 3.189355e-02 
7.061848e-03 3.259906e-02 
2.964292e-03 2.191638e-02 
1.696947e-03 1.409687e-02 
1.809637e-03 4.926885e-03 
2.114255e-03 -5.901199e-03 
1.719763e-04 -1.869498e-02 
4.831258e-04 -3.229372e-02 
5.899585e-04 -4.443416e-02 
6.485870e-04 -5.724177e-02 
1.518870e-03 -5.995469e-02 
8.630559e-04 -3.023053e-02 
-3.365523e-04 1.955324e-02 
-1.703635e-03 9.386165e-02 
-3.545159e-03 1.564920e-01 
-3.405893e-03 1.157414e-01 
-4.619620e-05 4.091512e-03 
6.958315e-03 -1.839617e-01 
9.494117e-03 -3.649657e-01 
4.498538e-03 -3.210055e-01 
-3.167919e-03 -1.218582e-01 
-1.297162e-02 2.313838e-01 
-5.899088e-03 7.907428e-01 
6.868813e-01 8.545556e-01 
-3.027644e-03 7.077207e-01 
3.422373e-03 3.508603e-01 
6.719798e-03 -9.976166e-03 
-5.398817e-03 -1.837123e-01 
-1.599993e-02 -2.290847e-01 
-1.701881e-02 -1.523087e-01 
5.482414e-03 1.707202e-03 
9.189947e-03 7.682396e-02 
7.889253e-03 9.702495e-02 
3.962918e-03 6.612055e-02 
6.617222e-04 -1.469140e-03 
8.557403e-04 -3.536661e-02 
2.035610e-03 -4.668130e-02 
2.919559e-03 -3.457984e-02 
-2.521023e-04 -4.134812e-03 
-5.449412e-04 3.432838e-03 
-3.056378e-04 -5.496843e-03 
3.002351e-04 -3.350824e-02 
1.687191e-03 -6.798537e-02 
1.474700e-03 -5.634129e-02 
3.889618e-04 -1.386941e-02 
-1.302511e-03 6.368872e-02 
-3.619169e-03 1.479525e-01 
-3.771875e-03 1.280781e-01 
-1.121376e-03 3.360713e-02 
4.830267e-03 -1.390875e-01 
1.076838e-02 -3.272931e-01 
8.860400e-03 -3.094294e-01 
2.910789e-03 -1.419532e-01 
-9.823529e-03 1.742885e-01 
-1.629191e-02 7.056058e-01 
6.655056e-01 -7.426173e-01 
3.908705e-02 -6.970916e-01 
3.255636e-03 -4.406724e-01 
-6.227589e-03 -1.390979e-01 
-1.083129e-03 7.258785e-02 
8.557997e-03 1.874204e-01 
1.312817e-02 1.680978e-01 
-3.304046e-03 -2.424965e-03 
-7.314867e-03 -1.052220e-01 
-5.768318e-03 -1.432558e-01 
1.200196e-04 -1.060182e-01 
2.201311e-03 1.835258e-03 
7.966253e-04 6.259922e-02 
-6.178004e-04 8.302444e-02 
-1.444111e-03 5.699750e-02 
4.019035e-04 -1.235297e-02 
1.385879e-03 -5.273298e-02 
1.587069e-03 -7.023420e-02 
1.187122e-03 -6.389470e-02 
8.881820e-04 -3.109044e-02 
1.467489e-04 1.955132e-03 
-6.185290e-04 3.323722e-02 
-1.295840e-03 6.299568e-02 
-1.981583e-03 7.513932e-02 
-1.468521e-03 4.580050e-02 
3.647396e-04 -1.189151e-02 
3.862641e-03 -9.851036e-02 
7.201489e-03 -1.784035e-01 
6.216055e-03 -1.552891e-01 
2.365663e-03 -5.538289e-02 
-8.221591e-03 1.229378e-01 
-1.101153e-02 3.531420e-01 
