poroelastic
4.038840e-02 -3.723437e-02 
4.374673e-02 -5.451614e-02 
4.983428e-02 -8.485223e-02 
6.458440e-03 -1.402008e-01 
-8.952715e-03 -1.690934e-01 
-1.211918e-02 -1.595879e-01 
-1.293686e-02 -9.658786e-02 
-9.967091e-03 1.435514e-02 
-1.417443e-03 9.060020e-02 
-5.951826e-03 1.250566e-01 
-2.086015e-02 9.222706e-02 
-1.312839e-02 -1.547358e-02 
-7.708700e-03 -7.066947e-02 
-6.217156e-03 -8.725588e-02 
-4.471526e-03 -6.475493e-02 
1.685164e-03 -1.156554e-02 
2.487632e-04 2.067376e-02 
-1.684504e-04 3.878099e-02 
-1.702808e-04 4.394859e-02 
-1.513981e-03 3.110729e-02 
-5.945615e-04 7.340028e-03 
4.718492e-04 -2.349446e-02 
2.221778e-03 -6.369682e-02 
3.874803e-03 -9.328607e-02 
2.785303e-03 -7.028072e-02 
5.534319e-04 -9.401764e-03 
-1.865461e-03 9.390649e-02 
4.941161e-04 1.875567e-01 
2.997672e-03 1.517044e-01 
6.720138e-03 2.465236e-02 
3.495253e-03 -2.029669e-01 
-1.005172e-03 -5.559750e-01 
-1.068884e-01 -2.165810e-01 
4.731614e-02 -2.130536e-01 
4.565319e-02 -1.774071e-01 
-4.762513e-03 -1.701644e-01 
-1.321525e-02 -1.667470e-01 
-1.353236e-02 -1.462811e-01 
-1.400699e-02 -9.291712e-02 
-1.115831e-02 -1.018529e-03 
-3.076919e-03 7.075283e-02 
-6.597336e-03 1.121808e-01 
-1.874714e-02 9.662554e-02 
-1.000886e-02 7.404684e-03 
-5.959977e-03 -4.535620e-02 
-4.937838e-03 -6.872027e-02 
-3.256068e-03 -5.916631e-02 
2.284643e-03 -1.776652e-02 
8.907466e-04 1.213385e-02 
3.982237e-04 3.417535e-02 
1.355139e-04 4.856952e-02 
-1.884225e-03 4.610076e-02 
-1.186673e-03 2.478855e-02 
-1.560025e-04 -9.554008e-03 
1.106497e-03 -5.926327e-02 
2.789000e-03 -1.015041e-01 
2.594886e-03 -8.276642e-02 
1.881470e-04 -1.675307e-02 
-4.063989e-03 1.038468e-01 
-3.249474e-03 2.206214e-01 
-2.704700e-04 1.867886e-01 
5.257949e-03 4.288134e-02 
7.611361e-03 -2.230012e-01 
7.423507e-03 -6.512722e-01 
-3.339996e-01 -3.951693e-01 
4.072335e-02 -3.861466e-01 
3.909973e-02 -2.901506e-01 
-1.558044e-02 -2.125879e-01 
-1.515330e-02 -1.566831e-01 
-1.052614e-02 -1.060940e-01 
-9.830008e-03 -5.406163e-02 
-1.092704e-02 5.718612e-03 
-5.243292e-03 5.151158e-02 
-8.383568e-03 8.031619e-02 
-1.772542e-02 7.519696e-02 
-8.460389e-03 1.574645e-02 
-5.262768e-03 -2.190826e-02 
-4.776180e-03 -4.204278e-02 
-3.570505e-03 -4.208135e-02 
2.076581e-03 -1.811120e-02 
1.125683e-03 2.708052e-03 
5.920834e-04 2.230781e-02 
7.187111e-05 4.260945e-02 
-1.935080e-03 5.332512e-02 
-1.463337e-03 3.734611e-02 
-3.209423e-04 1.964454e-03 
1.330732e-03 -5.587476e-02 
3.264595e-03 -1.103420e-01 
3.040678e-03 -9.252235e-02 
4.621477e-04 -2.054702e-02 
-4.340940e-03 1.116226e-01 
-4.791808e-03 2.423087e-01 
-1.772619e-03 2.069002e-01 
3.934864e-03 5.141321e-02 
8.081322e-03 -2.329301e-01 
1.131398e-02 -7.018315e-01 
-6.320599e-01 -5.734762e-01 
1.642992e-03 -5.875746e-01 
1.450535e-02 -4.188039e-01 
-2.483645e-02 -2.384963e-01 
-1.262247e-02 -1.146621e-01 
-1.974488e-03 -2.593057e-02 
-4.107245e-04 1.968247e-02 
-8.871263e-03 1.962138e-02 
-6.506461e-03 3.319578e-02 
-9.079297e-03 4.844718e-02 
-1.576232e-02 4.973878e-02 
-6.823996e-03 1.817918e-02 
-4.260469e-03 -7.423330e-03 
-3.979781e-03 -2.434890e-02 
-2.989873e-03 -2.965740e-02 
2.224192e-03 -1.804385e-02 
1.405088e-03 -1.465627e-03 
8.498976e-04 1.877431e-02 
2.538518e-04 4.407040e-02 
-2.001919e-03 6.263127e-02 
-1.671766e-03 4.725186e-02 
-5.002528e-04 8.242721e-03 
6.768413e-04 -5.684953e-02 
2.423656e-03 -1.219369e-01 
3.081559e-03 -1.052291e-01 
3.202906e-04 -2.801904e-02 
-6.062001e-03 1.139394e-01 
-9.316408e-03 2.608016e-01 
-6.367650e-03 2.306312e-01 
7.037978e-04 7.133596e-02 
1.094803e-02 -2.240038e-01 
2.212401e-02 -7.315134e-01 
-1.094774e+00 -7.880325e-01 
-1.084959e-01 -9.178413e-01 
-2.482297e-02 -6.217004e-01 
-2.352628e-02 -2.418295e-01 
-1.343112e-03 -2.028862e-02 
1.213324e-02 9.240003e-02 
1.112929e-02 1.040897e-01 
-7.996306e-03 3.239796e-02 
-8.602898e-03 1.083490e-02 
-1.001337e-02 1.635572e-02 
-1.483125e-02 2.730381e-02 
-7.432297e-03 2.191069e-02 
-4.940158e-03 8.314019e-03 
-4.991094e-03 -6.263779e-03 
-4.393665e-03 -1.810821e-02 
2.380654e-03 -2.042532e-02 
1.892431e-03 -1.047780e-02 
1.184019e-03 9.819555e-03 
4.813371e-04 4.052523e-02 
-1.907506e-03 6.829984e-02 
-1.789085e-03 5.684115e-02 
-4.686910e-04 1.747087e-02 
1.067080e-03 -5.341889e-02 
3.015647e-03 -1.343253e-01 
3.901327e-03 -1.248640e-01 
1.210459e-03 -4.661524e-02 
-5.741372e-03 1.048525e-01 
-1.324524e-02 2.786061e-01 
-1.183929e-02 2.609286e-01 
-4.652235e-03 9.842258e-02 
1.083398e-02 -2.170629e-01 
3.521309e-02 -7.770248e-01 
-3.224256e-01 8.954550e-01 
4.396764e-02 6.185368e-01 
3.095512e-02 2.416987e-01 
-1.984549e-03 -9.035698e-02 
-2.362257e-02 -2.627821e-01 
-3.062859e-02 -3.047945e-01 
-2.037078e-02 -1.920295e-01 
5.167914e-03 5.887945e-02 
8.956555e-03 1.970704e-01 
4.949741e-04 2.379706e-01 
-1.534248e-02 1.664154e-01 
-7.436579e-03 -8.991683e-03 
-1.661400e-03 -1.080439e-01 
8.091935e-04 -1.427617e-01 
1.497540e-03 -1.028618e-01 
5.342867e-04 6.532444e-03 
-1.770479e-03 6.887305e-02 
-2.157752e-03 9.470743e-02 
-1.062085e-03 8.184622e-02 
-1.027916e-03 2.855546e-02 
2.224443e-04 -1.599772e-02 
1.376217e-03 -5.241415e-02 
1.472596e-03 -8.086511e-02 
1.330116e-03 -8.522268e-02 
1.087792e-03 -5.140459e-02 
-1.490577e-03 9.866235e-03 
-6.971614e-03 1.022812e-01 
-1.091936e-02 1.861852e-01 
-8.990672e-03 1.529560e-01 
-2.589693e-03 2.902857e-02 
1.416665e-02 -2.000485e-01 
2.784502e-02 -5.369794e-01 
