poroelastic
-3.005981e-02 2.659554e-01 
-2.420514e-02 4.127024e-01 
-3.764444e-04 3.972816e-01 
1.198532e-02 1.879079e-01 
8.215945e-03 1.412121e-02 
2.324992e-03 -1.126261e-01 
-6.163044e-03 -1.605382e-01 
-8.361425e-03 -9.557192e-02 
-3.379794e-03 -4.005960e-02 
-8.749820e-04 3.385178e-03 
-7.243399e-04 2.838462e-02 
-8.389609e-04 2.496413e-02 
-8.346578e-04 2.035302e-02 
-1.373574e-03 1.312962e-02 
-1.863351e-03 2.013997e-03 
-3.788326e-04 -1.016903e-02 
-1.687918e-04 -1.792071e-02 
-1.399872e-04 -2.092608e-02 
-1.082994e-04 -1.764151e-02 
8.969281e-05 -9.319774e-03 
5.076609e-05 -3.335874e-03 
3.114030e-05 3.942551e-04 
-1.488511e-04 3.368021e-04 
-4.240579e-04 -1.448416e-03 
-3.465231e-04 2.211140e-03 
-5.064663e-04 9.591622e-03 
-7.456673e-04 2.321540e-02 
-1.311048e-04 3.199848e-02 
1.407066e-04 1.470551e-02 
6.108388e-04 -1.787499e-02 
8.636157e-04 -6.733795e-02 
1.370977e-03 -1.268442e-01 
-3.477620e-02 -1.082127e-01 
5.228857e-03 9.211261e-02 
1.731236e-02 1.760558e-01 
1.337790e-02 8.741827e-02 
8.806471e-03 -2.163722e-04 
5.945634e-03 -7.323345e-02 
-6.802344e-04 -1.099621e-01 
-9.163749e-03 -7.982302e-02 
-5.598052e-03 -5.071878e-02 
-4.162488e-03 -2.562606e-02 
-4.677916e-03 -7.085347e-03 
-3.135356e-03 -1.922190e-03 
-2.140843e-03 2.779770e-03 
-2.453307e-03 7.194566e-03 
-2.971363e-03 9.494901e-03 
-5.408938e-04 8.002378e-03 
-3.058582e-04 4.008735e-03 
-3.300409e-04 -1.954295e-03 
-2.786630e-04 -8.732249e-03 
1.706632e-04 -1.521603e-02 
1.753765e-04 -2.057755e-02 
1.878393e-04 -2.404140e-02 
-2.295434e-04 -2.700473e-02 
-7.617877e-04 -2.347107e-02 
-6.005297e-04 -4.591738e-03 
-1.084711e-03 2.435581e-02 
-2.022822e-03 6.678047e-02 
-1.204931e-03 9.531095e-02 
-5.028747e-04 6.036370e-02 
8.268628e-04 -1.853440e-02 
2.368396e-03 -1.470313e-01 
4.495629e-03 -3.211634e-01 
-2.685662e-01 -4.315830e-01 
2.485326e-02 -1.841488e-01 
3.262420e-02 -1.338940e-02 
1.375918e-02 -1.055329e-03 
8.810018e-03 -2.377404e-02 
7.650422e-03 -5.657137e-02 
2.138940e-03 -8.177002e-02 
-9.936691e-03 -6.956896e-02 
-6.887720e-03 -5.265664e-02 
-5.991721e-03 -3.677533e-02 
-7.292067e-03 -2.471399e-02 
-5.044062e-03 -2.189577e-02 
-3.294125e-03 -1.447785e-02 
-3.401389e-03 -3.150138e-03 
-3.888721e-03 1.084987e-02 
-6.068402e-04 2.220918e-02 
-3.489466e-04 2.352815e-02 
-3.797722e-04 1.611441e-02 
-2.770512e-04 5.758729e-04 
2.668768e-04 -1.978253e-02 
2.902142e-04 -3.480689e-02 
3.290193e-04 -4.392588e-02 
-2.137125e-04 -4.846463e-02 
-9.289097e-04 -3.945756e-02 
-7.421957e-04 -7.987348e-03 
-1.453292e-03 3.718183e-02 
-2.885489e-03 9.985802e-02 
-2.115524e-03 1.418319e-01 
-1.107594e-03 9.273075e-02 
8.022162e-04 -2.011665e-02 
3.392603e-03 -2.041952e-01 
7.046092e-03 -4.597501e-01 
-6.704719e-01 -6.934746e-01 
2.000528e-02 -4.568101e-01 
3.697290e-02 -2.088003e-01 
1.147520e-02 -8.281972e-02 
7.884933e-03 -3.295459e-02 
8.861547e-03 -2.325458e-02 
5.605205e-03 -3.987674e-02 
-8.732131e-03 -5.308437e-02 
-7.082619e-03 -5.362558e-02 
-6.785204e-03 -4.954029e-02 
-8.438388e-03 -4.296138e-02 
-6.038163e-03 -3.731277e-02 
-3.774515e-03 -2.592988e-02 
-3.664580e-03 -8.640444e-03 
-4.137972e-03 1.358156e-02 
-5.026631e-04 3.311547e-02 
-2.462476e-04 3.781104e-02 
-2.374843e-04 2.947406e-02 
-8.935582e-05 8.398459e-03 
2.863031e-04 -2.120070e-02 
3.086221e-04 -4.302864e-02 
3.601534e-04 -5.608870e-02 
-2.415536e-04 -6.152150e-02 
-1.073687e-03 -4.963982e-02 
-8.236525e-04 -1.128845e-02 
-1.661501e-03 4.267228e-02 
-3.574866e-03 1.157862e-01 
-3.354364e-03 1.668963e-01 
-2.171453e-03 1.133726e-01 
1.870715e-04 -1.336121e-02 
4.258376e-03 -2.225467e-01 
1.021365e-02 -5.283977e-01 
-1.157991e+00 -8.637848e-01 
-3.878053e-02 -7.368046e-01 
2.505723e-02 -4.074750e-01 
1.266208e-02 -1.240481e-01 
9.586220e-03 1.151225e-02 
1.344400e-02 5.817471e-02 
1.397356e-02 3.242324e-02 
-6.561676e-03 -3.037413e-02 
-7.716693e-03 -6.346820e-02 
-8.013853e-03 -7.674728e-02 
-9.496683e-03 -6.985063e-02 
-7.135644e-03 -4.487271e-02 
-4.105672e-03 -2.128764e-02 
-3.975428e-03 2.504733e-03 
-4.827360e-03 2.406157e-02 
-3.430407e-04 3.607120e-02 
-3.997976e-07 3.631394e-02 
1.273871e-04 2.588354e-02 
4.494837e-04 5.398368e-03 
4.017170e-04 -2.142491e-02 
3.701870e-04 -4.191767e-02 
4.275842e-04 -5.417731e-02 
-5.699000e-05 -5.921309e-02 
-8.737229e-04 -4.947136e-02 
-6.512916e-04 -1.451713e-02 
-1.358660e-03 3.492380e-02 
-3.392414e-03 1.020672e-01 
-4.691876e-03 1.547679e-01 
-3.736777e-03 1.100590e-01 
-1.452605e-03 -2.958843e-03 
4.168192e-03 -1.946497e-01 
1.400173e-02 -5.027501e-01 
-8.617575e-01 9.095365e-01 
-3.133769e-02 8.766145e-01 
-5.355708e-03 6.164814e-01 
6.161250e-04 2.839816e-01 
4.263831e-03 3.665867e-02 
1.300906e-03 -1.319941e-01 
-4.583362e-03 -1.927796e-01 
-4.289504e-03 -1.092150e-01 
-1.476585e-03 -4.207544e-02 
4.944761e-04 8.908366e-03 
1.904268e-03 4.163282e-02 
1.679390e-03 4.586078e-02 
8.108432e-04 4.265574e-02 
1.182688e-04 3.215477e-02 
-4.140936e-04 1.374354e-02 
-4.382545e-07 -6.865263e-03 
3.521623e-05 -2.014068e-02 
2.873379e-05 -2.540109e-02 
1.516044e-05 -2.080661e-02 
1.918215e-05 -7.232114e-03 
2.030869e-06 4.433538e-03 
-2.525978e-05 1.309078e-02 
-8.277232e-05 1.740175e-02 
-2.198792e-04 1.706620e-02 
-2.804062e-04 1.531309e-02 
-3.364354e-04 1.177795e-02 
-5.158718e-04 6.702294e-03 
-4.525382e-04 1.301712e-03 
-1.650493e-04 -3.988383e-03 
7.861567e-05 -1.059467e-02 
7.894480e-04 -2.301173e-02 
1.180459e-03 -3.028049e-02 
