poroelastic
3.429043e-02 -7.698661e-01 
2.555588e-02 -1.134993e+00 
8.521856e-03 -1.024314e+00 
-6.579346e-03 -5.398833e-01 
-5.293733e-03 -1.933630e-01 
2.823606e-03 1.270569e-01 
1.284167e-02 3.519602e-01 
8.622775e-03 3.755332e-01 
4.647640e-03 3.850148e-01 
-2.930074e-03 2.933869e-01 
-1.120103e-02 2.420085e-02 
-4.513699e-03 -3.055003e-01 
-2.847035e-03 -4.315068e-01 
-1.582075e-03 -4.269585e-01 
-2.124474e-04 -2.291450e-01 
6.172171e-06 1.418986e-01 
2.569540e-04 3.379152e-01 
6.502917e-04 3.843526e-01 
7.092610e-04 2.407515e-01 
-1.820562e-04 1.814835e-02 
-2.087593e-04 -3.053687e-02 
-1.882265e-04 3.923960e-03 
4.505495e-04 1.832927e-01 
1.971806e-03 4.637802e-01 
2.414076e-03 5.135219e-01 
3.145924e-03 4.745327e-01 
-1.197398e-03 4.021966e-01 
-9.803903e-03 1.858131e-01 
-7.358041e-03 -1.166105e-01 
-6.028332e-03 -4.499733e-01 
-5.322981e-03 -9.700377e-01 
2.067094e-02 -1.737104e+00 
-2.041978e-01 -9.010015e-01 
7.587745e-03 -1.210096e+00 
-1.242825e-02 -8.184490e-01 
-6.088164e-03 -3.557269e-03 
9.706604e-03 4.870115e-01 
2.691451e-02 8.382107e-01 
3.458934e-02 9.303800e-01 
4.992508e-03 6.509792e-01 
-4.353373e-03 4.588572e-01 
-1.649912e-02 2.116528e-01 
-2.416061e-02 -1.928838e-01 
-5.553001e-03 -5.929529e-01 
-3.544935e-03 -7.340002e-01 
-2.451817e-03 -6.982810e-01 
-9.430558e-04 -4.004885e-01 
1.094533e-04 1.120020e-01 
3.833327e-04 3.694502e-01 
4.282518e-04 4.222338e-01 
-5.400189e-05 2.245959e-01 
-5.866501e-04 -9.002340e-02 
-3.913071e-04 -1.628379e-01 
-3.406146e-04 -1.123604e-01 
2.365253e-04 1.139670e-01 
1.938546e-03 4.797477e-01 
2.812718e-03 6.067116e-01 
4.374080e-03 6.140683e-01 
2.549770e-03 5.664760e-01 
-5.598087e-03 3.460440e-01 
-5.217819e-03 -3.545243e-02 
-5.273459e-03 -4.853279e-01 
-1.025404e-02 -1.132354e+00 
1.470485e-02 -1.998123e+00 
9.689479e-02 -8.011037e-01 
4.472614e-03 -8.810540e-01 
-4.414206e-02 -2.930892e-01 
1.542191e-03 6.472900e-01 
2.816000e-02 1.197687e+00 
4.696540e-02 1.474455e+00 
4.541109e-02 1.319114e+00 
-2.565335e-04 6.991666e-01 
-1.292258e-02 2.651819e-01 
-2.390768e-02 -1.287373e-01 
-2.535856e-02 -4.927453e-01 
-4.348614e-03 -6.661263e-01 
-2.664170e-03 -6.914438e-01 
-1.864565e-03 -5.647575e-01 
-7.407785e-04 -2.051548e-01 
1.762739e-04 2.790779e-01 
2.194208e-04 4.982485e-01 
-2.309845e-04 5.193141e-01 
-1.142201e-03 2.856093e-01 
-7.947054e-04 -1.207946e-01 
-3.108540e-04 -2.788300e-01 
-1.706384e-04 -2.869760e-01 
5.050107e-04 -1.318699e-01 
1.623106e-03 1.786141e-01 
1.890285e-03 3.687449e-01 
3.248345e-03 4.780537e-01 
3.919609e-03 5.498937e-01 
-3.058186e-04 4.704848e-01 
-1.293639e-03 1.392538e-01 
-2.612754e-03 -3.403571e-01 
-1.200730e-02 -1.026743e+00 
6.667203e-03 -1.922891e+00 
9.468755e-01 -4.939949e-01 
1.097644e-01 -8.416977e-02 
-4.635480e-02 5.922738e-01 
2.024465e-02 1.257331e+00 
3.923408e-02 1.565776e+00 
4.450735e-02 1.527916e+00 
2.950424e-02 1.037890e+00 
-7.770567e-03 2.112887e-01 
-1.607276e-02 -3.252140e-01 
-1.758452e-02 -6.492422e-01 
-1.094442e-02 -6.903625e-01 
-2.161001e-03 -3.918527e-01 
-5.121650e-04 -1.523790e-01 
2.359844e-04 5.389919e-02 
3.380880e-04 2.264772e-01 
-7.362207e-06 3.183430e-01 
-2.984934e-04 3.429791e-01 
-6.861376e-04 2.953365e-01 
-9.979989e-04 1.837682e-01 
-1.662491e-04 3.320276e-02 
9.038254e-05 -9.502606e-02 
1.989737e-04 -1.600295e-01 
5.760674e-04 -1.655902e-01 
7.854772e-04 -1.101677e-01 
4.943725e-04 3.774259e-02 
7.813206e-04 2.336229e-01 
1.383585e-03 4.705820e-01 
7.215115e-04 6.087963e-01 
3.008121e-04 3.998441e-01 
-4.270216e-04 -4.854350e-02 
-8.225286e-03 -7.368199e-01 
5.306165e-03 -1.763037e+00 
1.982209e+00 -5.108867e-01 
4.259480e-01 4.986861e-01 
1.179540e-02 1.294412e+00 
2.701871e-02 1.632419e+00 
3.217158e-02 1.636132e+00 
2.759437e-02 1.314902e+00 
1.302515e-02 6.129335e-01 
-7.236378e-03 -2.874613e-01 
-1.390142e-02 -7.725444e-01 
-1.262675e-02 -8.997880e-01 
-1.756904e-03 -5.915283e-01 
7.907608e-03 1.011495e-01 
6.834194e-03 4.838980e-01 
4.503087e-03 5.926693e-01 
1.418745e-03 3.735000e-01 
4.794787e-04 -1.226343e-01 
1.101999e-03 -3.461999e-01 
1.288593e-03 -3.657197e-01 
3.148040e-04 -1.324828e-01 
-1.641525e-03 3.124651e-01 
-1.333410e-03 4.557946e-01 
-7.794472e-04 4.099268e-01 
-1.525903e-04 1.625612e-01 
2.950755e-04 -2.473746e-01 
7.470465e-04 -3.296348e-01 
7.634736e-04 -1.824536e-01 
1.896053e-04 1.680732e-01 
-2.531291e-03 6.064540e-01 
-4.175344e-03 6.459838e-01 
-3.717712e-03 3.909477e-01 
-2.320837e-03 -1.059094e-01 
1.082807e-02 -1.046673e+00 
-2.877250e+00 1.249075e+00 
-1.774085e-01 1.878512e+00 
1.024620e-01 1.976324e+00 
4.934223e-02 1.628047e+00 
1.713540e-02 1.243577e+00 
2.984951e-03 7.626707e-01 
-1.472702e-03 1.849568e-01 
1.869283e-03 -3.072601e-01 
-1.021919e-03 -5.690141e-01 
-6.581013e-03 -6.154742e-01 
-9.170735e-03 -3.780325e-01 
4.170022e-03 8.978615e-02 
4.843345e-03 3.519347e-01 
4.124575e-03 4.339329e-01 
2.417165e-03 2.865576e-01 
2.975868e-04 -5.191929e-02 
1.132261e-04 -2.103621e-01 
3.103010e-04 -2.311420e-01 
2.031240e-04 -6.420883e-02 
-5.163593e-04 2.367594e-01 
-1.019747e-04 3.076583e-01 
7.151868e-05 2.459492e-01 
1.870746e-04 1.699002e-02 
1.368118e-03 -3.283667e-01 
2.622066e-03 -3.661427e-01 
3.525068e-03 -2.222246e-01 
3.965656e-03 7.857390e-02 
-2.254813e-03 4.641796e-01 
-7.150207e-03 5.430802e-01 
-7.270107e-03 3.981742e-01 
-3.119319e-03 1.143297e-01 
8.540543e-03 -3.986868e-01 
