poroelastic
-1.786131e-02 2.773453e-01 
9.461704e-04 4.315182e-01 
4.936009e-02 4.042121e-01 
3.818624e-02 1.541422e-01 
1.658638e-02 -4.889314e-02 
1.645913e-03 -1.885858e-01 
-1.970958e-02 -2.268132e-01 
-2.986717e-02 -1.210967e-01 
-1.364193e-02 -2.901533e-02 
-1.090196e-02 3.714438e-02 
-1.829709e-02 5.810751e-02 
-1.151165e-02 1.575278e-02 
-7.946602e-03 -9.833707e-03 
-8.334523e-03 -2.379250e-02 
-7.338504e-03 -2.649554e-02 
2.471134e-03 -1.861634e-02 
2.122323e-03 -1.578990e-02 
2.205237e-03 -1.512570e-02 
2.340300e-03 -1.522109e-02 
8.375297e-04 -1.651923e-02 
8.029490e-04 -1.798287e-02 
8.325517e-04 -1.956804e-02 
8.275813e-04 -2.281923e-02 
4.560045e-04 -2.179157e-02 
-6.829713e-05 -6.021207e-03 
-1.084723e-03 2.042249e-02 
-5.485694e-04 6.194690e-02 
5.511823e-03 8.528277e-02 
6.035857e-03 3.460585e-02 
7.242075e-03 -5.945251e-02 
4.052112e-03 -1.976164e-01 
-6.245251e-03 -3.452937e-01 
-9.241137e-02 -1.035615e-01 
4.339190e-02 1.048756e-01 
7.701761e-02 1.725757e-01 
3.251941e-02 3.751585e-02 
1.336743e-02 -8.335477e-02 
3.436311e-03 -1.752928e-01 
-1.803363e-02 -2.050461e-01 
-3.790852e-02 -1.283085e-01 
-2.124295e-02 -5.379169e-02 
-1.922171e-02 6.332267e-03 
-2.644519e-02 3.216973e-02 
-1.327409e-02 1.354557e-03 
-8.897481e-03 -1.519701e-02 
-9.562654e-03 -2.094810e-02 
-8.554715e-03 -1.561058e-02 
3.093532e-03 -1.122180e-03 
2.530775e-03 2.809972e-03 
3.004325e-03 2.191838e-04 
3.488051e-03 -7.353178e-03 
6.874415e-04 -1.982799e-02 
9.732707e-04 -3.085701e-02 
1.198042e-03 -3.866721e-02 
6.419457e-04 -4.487860e-02 
-2.464127e-04 -4.108055e-02 
-7.524418e-04 -1.218569e-02 
-2.741025e-03 3.584617e-02 
-3.821545e-03 1.093565e-01 
4.640887e-03 1.569733e-01 
6.784415e-03 8.574505e-02 
1.056562e-02 -6.436140e-02 
1.086458e-02 -3.016111e-01 
-4.123497e-03 -6.035247e-01 
-4.202100e-01 -4.270233e-01 
7.047787e-02 -1.713916e-01 
1.005458e-01 -2.609812e-02 
2.446616e-02 -7.926276e-02 
8.428521e-03 -1.379476e-01 
1.799174e-03 -1.838909e-01 
-1.798526e-02 -1.904075e-01 
-4.192565e-02 -1.191980e-01 
-2.516490e-02 -5.307945e-02 
-2.414773e-02 -2.388740e-03 
-3.214110e-02 1.564882e-02 
-1.476590e-02 -1.780900e-02 
-9.453561e-03 -3.161925e-02 
-1.008619e-02 -2.895574e-02 
-9.784506e-03 -8.590499e-03 
2.127712e-03 2.317489e-02 
1.617228e-03 3.246977e-02 
2.503167e-03 2.517196e-02 
3.797885e-03 2.134250e-03 
1.304475e-03 -3.159495e-02 
1.833051e-03 -5.377421e-02 
2.214687e-03 -6.538466e-02 
1.791276e-03 -6.868385e-02 
5.827781e-04 -5.218306e-02 
-6.494307e-04 -5.611366e-03 
-3.129680e-03 6.000344e-02 
-4.600688e-03 1.517433e-01 
4.523001e-03 2.072753e-01 
7.434626e-03 1.141227e-01 
1.177357e-02 -7.705299e-02 
1.275912e-02 -3.768893e-01 
-3.374536e-03 -7.739010e-01 
-9.292472e-01 -6.935638e-01 
5.615964e-02 -4.586997e-01 
9.715342e-02 -2.407757e-01 
1.076038e-02 -1.840844e-01 
2.440965e-03 -1.686481e-01 
4.393829e-04 -1.667583e-01 
-1.415605e-02 -1.554190e-01 
-3.909068e-02 -9.891806e-02 
-2.468636e-02 -4.106793e-02 
-2.469185e-02 2.850484e-03 
-3.344816e-02 1.305565e-02 
-1.428648e-02 -2.864785e-02 
-8.498645e-03 -4.573869e-02 
-8.770890e-03 -4.019866e-02 
-8.695276e-03 -9.474669e-03 
2.235817e-03 3.786446e-02 
1.476180e-03 5.461830e-02 
2.565884e-03 4.796614e-02 
4.170203e-03 1.775417e-02 
9.084614e-04 -3.116893e-02 
1.682503e-03 -6.461331e-02 
2.285595e-03 -8.270778e-02 
1.378329e-03 -8.704680e-02 
-2.826820e-04 -6.568381e-02 
-1.281583e-03 -1.018439e-02 
-4.421048e-03 6.694417e-02 
-7.516456e-03 1.722584e-01 
7.129408e-04 2.407936e-01 
4.910171e-03 1.435081e-01 
1.102816e-02 -6.593099e-02 
1.714435e-02 -4.005759e-01 
5.319757e-03 -8.688682e-01 
-1.519688e+00 -8.649226e-01 
-5.615294e-02 -7.980203e-01 
5.150776e-02 -4.866822e-01 
1.062564e-02 -2.400531e-01 
8.493834e-03 -1.155308e-01 
1.160332e-02 -6.478030e-02 
2.808443e-03 -6.271315e-02 
-3.254800e-02 -6.479341e-02 
-2.401227e-02 -5.108387e-02 
-2.357162e-02 -3.219769e-02 
-3.044949e-02 -1.973362e-02 
-1.473351e-02 -3.262204e-02 
-8.720634e-03 -3.290000e-02 
-9.274130e-03 -2.039867e-02 
-1.023929e-02 6.580361e-03 
1.611624e-03 4.355909e-02 
1.365228e-03 5.436046e-02 
2.533663e-03 4.485096e-02 
4.526119e-03 1.547241e-02 
1.328353e-03 -2.996858e-02 
1.838357e-03 -6.179099e-02 
2.483429e-03 -7.990531e-02 
2.060042e-03 -8.636776e-02 
9.481432e-04 -7.014498e-02 
-2.476166e-04 -1.803835e-02 
-3.029114e-03 5.617795e-02 
-6.388934e-03 1.582327e-01 
-3.517644e-03 2.354322e-01 
5.142835e-04 1.510551e-01 
6.507913e-03 -4.449323e-02 
1.544855e-02 -3.631218e-01 
1.400483e-02 -8.335903e-01 
-8.309026e-01 1.100220e+00 
-1.869307e-02 1.040476e+00 
2.346642e-02 7.130634e-01 
2.718861e-02 2.628832e-01 
7.863344e-03 -6.153784e-02 
-9.835036e-03 -2.665650e-01 
-2.462056e-02 -3.154082e-01 
-1.610870e-02 -1.560667e-01 
-3.025116e-03 -2.460975e-02 
1.498282e-05 6.788389e-02 
-4.478834e-03 1.066806e-01 
-4.577758e-03 6.566245e-02 
-3.567076e-03 3.268906e-02 
-3.602763e-03 7.908045e-03 
-2.898363e-03 -7.725664e-03 
1.714336e-03 -8.387485e-03 
1.520384e-03 -9.211720e-03 
1.534529e-03 -8.517736e-03 
1.428809e-03 -5.590001e-03 
-2.229197e-04 -2.942944e-03 
-2.475292e-04 -2.432955e-03 
-1.893317e-04 -4.645874e-03 
-4.324304e-04 -1.084183e-02 
-4.443869e-04 -1.334358e-02 
-6.370482e-04 4.903627e-04 
-1.683796e-03 2.377884e-02 
-3.056872e-03 5.762693e-02 
-1.586779e-03 7.978167e-02 
8.495168e-05 4.163637e-02 
2.913097e-03 -3.697862e-02 
8.676712e-03 -1.595076e-01 
6.156468e-03 -2.948073e-01 
