poroelastic
3.008376e-03 -1.870872e-01 
-8.550009e-03 -2.711064e-01 
-2.920909e-02 -2.301090e-01 
-1.605470e-02 -6.404975e-02 
-4.376400e-03 5.797608e-02 
3.218993e-03 1.387357e-01 
1.190290e-02 1.594823e-01 
1.447718e-02 1.002732e-01 
7.143187e-03 5.019583e-02 
4.104200e-03 9.909928e-03 
4.096705e-03 -1.784198e-02 
2.058051e-03 -2.441514e-02 
1.589118e-03 -2.323082e-02 
2.326404e-03 -1.506893e-02 
2.979694e-03 9.425166e-04 
4.966883e-04 2.085073e-02 
2.349409e-04 3.487031e-02 
1.968632e-04 4.281497e-02 
1.997217e-04 4.347524e-02 
2.824387e-05 3.378102e-02 
1.405781e-05 1.690958e-02 
9.577022e-05 -3.595620e-03 
3.242578e-04 -2.718355e-02 
5.814347e-04 -4.334194e-02 
5.233578e-04 -3.307612e-02 
3.488798e-04 -3.300697e-03 
1.323988e-04 4.588945e-02 
-9.009817e-04 9.373723e-02 
-1.418773e-03 9.660463e-02 
-1.275200e-03 6.981426e-02 
-1.123002e-03 1.806474e-02 
2.205835e-03 -7.629227e-02 
7.649843e-02 5.630448e-02 
-2.476042e-02 -6.349165e-02 
-4.121934e-02 -7.178622e-02 
-1.030691e-02 3.711521e-02 
1.104290e-03 1.200606e-01 
6.887918e-03 1.710534e-01 
1.394718e-02 1.733057e-01 
1.616475e-02 1.124366e-01 
8.294836e-03 5.933159e-02 
5.082883e-03 1.465152e-02 
5.140927e-03 -1.597237e-02 
2.532750e-03 -2.051246e-02 
1.859068e-03 -2.003926e-02 
2.504904e-03 -1.428831e-02 
3.160024e-03 -2.093664e-03 
5.505906e-04 1.401384e-02 
2.676744e-04 2.673565e-02 
2.471086e-04 3.602793e-02 
2.237805e-04 4.122798e-02 
-3.512375e-05 3.721966e-02 
-2.923670e-05 2.218711e-02 
3.945835e-05 3.722411e-05 
3.979645e-04 -3.029986e-02 
9.932314e-04 -5.490788e-02 
9.497769e-04 -4.500006e-02 
8.294363e-04 -1.102872e-02 
6.961120e-04 4.849802e-02 
-1.035734e-03 1.114233e-01 
-2.076465e-03 1.198810e-01 
-2.029567e-03 9.258567e-02 
-1.484572e-03 3.635213e-02 
2.119407e-03 -6.287067e-02 
2.982130e-01 2.451961e-01 
-2.689600e-02 1.209182e-01 
-4.886119e-02 7.103849e-02 
-2.746400e-03 1.286614e-01 
6.725504e-03 1.708051e-01 
1.008243e-02 1.889069e-01 
1.441127e-02 1.674748e-01 
1.527107e-02 9.784953e-02 
7.594835e-03 4.276826e-02 
5.071395e-03 1.086878e-03 
6.254062e-03 -2.079634e-02 
3.449613e-03 -1.355787e-02 
2.529878e-03 -6.938867e-03 
3.026146e-03 2.574784e-05 
3.510741e-03 8.016055e-03 
5.464844e-04 1.534425e-02 
2.276001e-04 2.359927e-02 
2.066410e-04 3.214426e-02 
1.283553e-04 4.066499e-02 
-1.829679e-04 4.242551e-02 
-1.252772e-04 2.945523e-02 
-5.692918e-05 6.810249e-03 
3.669224e-04 -2.738608e-02 
1.225897e-03 -5.910318e-02 
1.226424e-03 -5.240982e-02 
1.179542e-03 -1.894026e-02 
1.183939e-03 4.268893e-02 
-8.820642e-04 1.115275e-01 
-2.396996e-03 1.243424e-01 
-2.492331e-03 9.943428e-02 
-1.733940e-03 4.564498e-02 
1.707843e-03 -4.473851e-02 
6.480075e-01 3.727778e-01 
1.440883e-03 3.082387e-01 
-4.532331e-02 2.324283e-01 
5.923568e-03 2.283630e-01 
1.156307e-02 2.195887e-01 
1.153931e-02 1.969418e-01 
1.236158e-02 1.476234e-01 
1.217457e-02 6.605291e-02 
5.387905e-03 7.285051e-03 
4.173449e-03 -2.722167e-02 
7.453803e-03 -3.023388e-02 
5.119371e-03 1.669558e-03 
3.731098e-03 2.155760e-02 
3.853493e-03 2.929926e-02 
3.962085e-03 2.190198e-02 
4.932796e-04 2.371933e-03 
1.924769e-04 -2.120221e-03 
2.008542e-04 3.844073e-03 
5.967434e-05 2.195083e-02 
-3.677459e-04 4.584201e-02 
-2.707603e-04 4.572798e-02 
-2.106879e-04 2.878070e-02 
3.432588e-04 -5.921574e-03 
1.571419e-03 -4.670510e-02 
1.565383e-03 -5.052640e-02 
1.688484e-03 -2.710553e-02 
2.263088e-03 2.366039e-02 
2.970497e-04 8.679096e-02 
-1.983580e-03 1.079159e-01 
-2.677138e-03 1.010875e-01 
-2.558771e-03 7.574832e-02 
-1.140441e-03 2.473161e-02 
1.031236e+00 3.999506e-01 
9.888302e-02 4.985658e-01 
-1.505809e-02 3.979168e-01 
2.719916e-03 2.848129e-01 
6.808754e-03 2.116288e-01 
4.942653e-03 1.507758e-01 
3.563554e-03 8.630028e-02 
7.487077e-03 1.691330e-02 
3.460288e-03 -2.142241e-02 
3.687067e-03 -3.550949e-02 
8.832567e-03 -2.133914e-02 
8.202659e-03 2.273536e-02 
5.537759e-03 4.297569e-02 
5.169679e-03 4.347822e-02 
5.128574e-03 2.304730e-02 
3.364496e-04 -1.419535e-02 
4.464959e-05 -2.746162e-02 
-1.520588e-05 -2.132480e-02 
-4.387799e-04 5.867671e-03 
-7.831188e-04 4.738859e-02 
-5.666212e-04 5.999920e-02 
-4.783299e-04 5.025686e-02 
1.726391e-04 1.689479e-02 
1.760063e-03 -3.216124e-02 
1.737851e-03 -4.669229e-02 
2.007631e-03 -3.485571e-02 
3.602220e-03 2.136077e-03 
2.933311e-03 5.749735e-02 
-6.767406e-04 8.732121e-02 
-2.427007e-03 9.848541e-02 
-3.946034e-03 1.001487e-01 
-6.052336e-03 9.954046e-02 
3.416722e-01 -5.742888e-01 
-1.470011e-02 -4.422056e-01 
-1.029552e-02 -2.635827e-01 
-5.424270e-03 -8.984264e-02 
-2.278358e-04 2.637071e-02 
3.790110e-03 1.007536e-01 
6.392914e-03 1.260766e-01 
5.123215e-03 8.835817e-02 
2.377586e-03 4.945490e-02 
2.973121e-04 9.061427e-03 
-1.099384e-03 -3.028978e-02 
-1.047350e-03 -5.354100e-02 
-4.945148e-04 -5.809481e-02 
4.375523e-04 -4.557445e-02 
1.290688e-03 -1.429730e-02 
1.200634e-04 2.633931e-02 
1.093870e-05 4.968962e-02 
-4.029369e-06 5.691350e-02 
-1.702835e-05 4.553727e-02 
-5.310066e-06 1.610042e-02 
3.466975e-06 -1.051224e-02 
1.977764e-06 -3.212581e-02 
1.596628e-04 -4.770746e-02 
7.860865e-04 -4.922317e-02 
8.363081e-04 -2.957379e-02 
6.214097e-04 3.950528e-03 
3.027491e-04 5.073533e-02 
-2.349608e-03 9.262404e-02 
-4.523028e-03 8.811726e-02 
-4.191139e-03 5.055632e-02 
-1.170174e-04 -1.816227e-02 
8.473106e-03 -1.119286e-01 
