poroelastic
2.066968e-03 -2.285554e-01 
-1.817101e-02 -3.386940e-01 
-5.744232e-02 -2.997546e-01 
-3.491947e-02 -1.073770e-01 
-1.353363e-02 4.405328e-02 
-5.035546e-04 1.492935e-01 
1.923387e-02 1.856281e-01 
3.302427e-02 1.274614e-01 
1.857045e-02 7.556975e-02 
1.385001e-02 3.094789e-02 
1.538495e-02 -3.728729e-03 
8.386438e-03 -1.869577e-02 
6.202968e-03 -2.443703e-02 
7.708646e-03 -2.040407e-02 
8.222126e-03 -4.112372e-03 
-8.384621e-04 2.194075e-02 
-1.542317e-03 4.132742e-02 
-1.837842e-03 5.370980e-02 
-1.548124e-03 5.755774e-02 
-6.102279e-04 4.846437e-02 
-3.886198e-04 2.934853e-02 
3.355497e-04 4.005675e-03 
1.253658e-03 -2.742193e-02 
1.455919e-03 -5.237297e-02 
1.221533e-03 -4.442083e-02 
2.324340e-04 -1.333367e-02 
-2.231815e-03 3.923423e-02 
-5.106925e-03 1.002386e-01 
-3.304979e-03 1.225986e-01 
-1.746802e-03 1.127504e-01 
-3.904587e-04 7.419272e-02 
9.893875e-05 -1.947136e-02 
8.185309e-02 -7.909320e-03 
-4.765825e-02 -1.458601e-01 
-8.172107e-02 -1.438167e-01 
-2.547384e-02 2.733581e-03 
-3.769900e-03 1.171536e-01 
7.076167e-03 1.928401e-01 
2.548521e-02 2.100487e-01 
3.865934e-02 1.482719e-01 
2.215987e-02 9.085261e-02 
1.722159e-02 3.849429e-02 
1.892080e-02 -2.504451e-03 
8.982042e-03 -1.726724e-02 
6.540510e-03 -2.417073e-02 
7.959109e-03 -2.248378e-02 
8.318814e-03 -9.311280e-03 
-1.051119e-03 1.409640e-02 
-1.668782e-03 3.452773e-02 
-2.047305e-03 5.059392e-02 
-1.829023e-03 6.102988e-02 
-5.920967e-04 5.880075e-02 
-4.593756e-04 3.988258e-02 
2.745132e-04 1.008903e-02 
1.798278e-03 -3.097467e-02 
2.980202e-03 -6.787949e-02 
2.780730e-03 -6.317224e-02 
1.884530e-03 -2.802446e-02 
-7.649316e-04 3.767699e-02 
-6.492315e-03 1.184786e-01 
-5.583381e-03 1.522148e-01 
-4.209372e-03 1.487825e-01 
-2.208451e-03 1.140521e-01 
-4.104544e-04 2.266433e-02 
3.218352e-01 1.586751e-01 
-5.839744e-02 1.582366e-02 
-9.825002e-02 -7.562021e-03 
-1.213947e-02 1.062466e-01 
7.184595e-03 1.892406e-01 
1.569963e-02 2.361295e-01 
3.052192e-02 2.279282e-01 
3.941541e-02 1.477117e-01 
2.200139e-02 8.008844e-02 
1.763594e-02 2.475996e-02 
2.062540e-02 -1.132915e-02 
9.490696e-03 -1.453922e-02 
6.761552e-03 -1.534914e-02 
7.901580e-03 -1.318668e-02 
8.382206e-03 -6.386073e-03 
-5.660300e-04 5.916275e-03 
-1.265648e-03 2.181165e-02 
-1.720530e-03 3.872385e-02 
-1.850682e-03 5.636428e-02 
-1.095232e-03 6.582325e-02 
-9.298443e-04 5.157341e-02 
-1.808567e-04 2.090814e-02 
1.586263e-03 -2.757150e-02 
3.476183e-03 -7.692270e-02 
3.397091e-03 -7.676417e-02 
2.540336e-03 -4.065307e-02 
2.033451e-04 3.198537e-02 
-6.230525e-03 1.248370e-01 
-6.304880e-03 1.652541e-01 
-5.355921e-03 1.666191e-01 
-3.559549e-03 1.376649e-01 
-1.373613e-03 5.449268e-02 
6.930594e-01 2.578947e-01 
-3.273792e-02 1.871620e-01 
-9.526379e-02 1.561269e-01 
7.108034e-03 2.269491e-01 
2.032411e-02 2.709208e-01 
2.404627e-02 2.774912e-01 
3.063898e-02 2.264819e-01 
3.291751e-02 1.091102e-01 
1.700266e-02 2.270328e-02 
1.553543e-02 -3.244906e-02 
2.311873e-02 -4.324331e-02 
1.100171e-02 9.498449e-04 
7.182860e-03 2.427416e-02 
7.392496e-03 3.046772e-02 
7.479773e-03 1.814158e-02 
-5.217977e-04 -8.247996e-03 
-7.460031e-04 -1.162128e-02 
-1.196869e-03 1.336666e-03 
-1.755353e-03 3.198131e-02 
-1.256935e-03 7.043600e-02 
-1.364559e-03 7.271862e-02 
-8.625543e-04 4.896742e-02 
1.314087e-03 -2.063844e-03 
4.489882e-03 -6.620971e-02 
4.665072e-03 -8.008019e-02 
4.507076e-03 -5.683630e-02 
3.473174e-03 2.355947e-03 
-3.923811e-03 8.903361e-02 
-6.294625e-03 1.416154e-01 
-6.992443e-03 1.677521e-01 
-7.200887e-03 1.795988e-01 
-6.330967e-03 1.589638e-01 
1.060803e+00 2.442214e-01 
8.537703e-02 3.534825e-01 
-4.563818e-02 3.171138e-01 
8.859581e-03 3.052227e-01 
1.662426e-02 2.821874e-01 
1.580707e-02 2.387075e-01 
1.628556e-02 1.590642e-01 
2.325643e-02 4.228390e-02 
1.301509e-02 -2.311947e-02 
1.433961e-02 -4.991088e-02 
2.459329e-02 -3.590953e-02 
1.437206e-02 2.325906e-02 
8.722616e-03 5.019523e-02 
8.349014e-03 5.145216e-02 
8.788192e-03 2.586995e-02 
-1.460152e-04 -2.254209e-02 
-2.887339e-04 -3.676499e-02 
-8.732943e-04 -2.489314e-02 
-2.227889e-03 1.421538e-02 
-2.150994e-03 7.247151e-02 
-2.223553e-03 8.898462e-02 
-1.856708e-03 7.348833e-02 
2.433747e-04 2.523094e-02 
4.002000e-03 -4.733482e-02 
4.490368e-03 -7.468519e-02 
4.841131e-03 -6.629668e-02 
5.879403e-03 -2.477294e-02 
1.730057e-03 4.856887e-02 
-3.355835e-03 1.070033e-01 
-6.266387e-03 1.523054e-01 
-1.039979e-02 2.000172e-01 
-1.434427e-02 2.447532e-01 
2.663058e-01 -6.032667e-01 
-2.706352e-02 -5.133570e-01 
-2.738638e-02 -3.337160e-01 
-1.499409e-02 -9.807211e-02 
4.066190e-04 6.179266e-02 
1.048801e-02 1.622980e-01 
1.912323e-02 1.924991e-01 
1.717664e-02 1.286569e-01 
7.343191e-03 6.381789e-02 
3.244364e-03 3.089942e-03 
3.634859e-03 -4.645337e-02 
2.641607e-03 -6.404040e-02 
2.644566e-03 -6.458522e-02 
3.723898e-03 -5.020293e-02 
4.069266e-03 -1.885411e-02 
-8.695980e-04 2.187130e-02 
-1.532599e-03 4.718173e-02 
-1.683991e-03 5.765263e-02 
-1.435105e-03 5.159481e-02 
-5.262322e-04 2.852896e-02 
1.330824e-06 3.623023e-03 
5.042726e-04 -1.925322e-02 
1.642164e-03 -3.853914e-02 
3.158972e-03 -4.819636e-02 
2.753995e-03 -3.771520e-02 
2.217713e-03 -1.170064e-02 
1.882056e-03 2.881818e-02 
-1.663273e-03 7.430541e-02 
-4.408163e-03 9.141709e-02 
-4.924762e-03 8.591197e-02 
-4.347983e-03 6.310081e-02 
-1.255444e-03 1.812953e-02 
