poroelastic
4.202546e-03 -1.439133e-01 
-3.090732e-03 -2.319285e-01 
-3.066286e-02 -2.230037e-01 
-2.584759e-02 -7.500957e-02 
-1.344178e-02 5.024436e-02 
-6.715442e-03 1.266158e-01 
2.571225e-03 1.222634e-01 
1.102160e-02 1.736479e-02 
2.885551e-03 -5.638472e-02 
3.441941e-03 -9.456735e-02 
1.273913e-02 -7.874225e-02 
1.123158e-02 -2.895285e-03 
8.402904e-03 3.958009e-02 
8.585492e-03 5.582995e-02 
8.151711e-03 4.353814e-02 
3.438771e-04 8.039799e-03 
2.796426e-04 -1.152831e-02 
4.297224e-04 -2.034046e-02 
9.125212e-04 -1.800112e-02 
1.135703e-03 -2.643370e-03 
5.216224e-04 1.264806e-02 
3.028347e-04 2.795895e-02 
3.214645e-04 4.545058e-02 
-2.313427e-04 5.258453e-02 
-2.185716e-05 2.810229e-02 
1.307425e-03 -2.012555e-02 
1.567064e-03 -9.847302e-02 
-4.001537e-03 -1.562560e-01 
-5.235050e-03 -9.531171e-02 
-7.455692e-03 4.325993e-02 
-3.197380e-03 2.653588e-01 
3.788563e-03 5.662962e-01 
9.816369e-02 2.130863e-01 
-3.666849e-02 7.048679e-02 
-5.077122e-02 -2.281362e-02 
-2.392770e-02 4.542241e-03 
-1.356900e-02 4.703482e-02 
-1.171664e-02 7.608540e-02 
-3.559748e-03 6.971689e-02 
1.487533e-02 6.451596e-03 
8.114865e-03 -4.014948e-02 
9.874949e-03 -6.437510e-02 
1.929185e-02 -4.899358e-02 
1.327270e-02 1.281421e-02 
9.425939e-03 4.431102e-02 
9.743528e-03 5.179560e-02 
9.645641e-03 3.205581e-02 
2.635618e-04 -8.387294e-03 
1.866394e-04 -2.733878e-02 
1.967026e-04 -3.140359e-02 
5.510864e-04 -1.971772e-02 
1.103447e-03 7.520377e-03 
3.833268e-04 2.866947e-02 
1.624524e-04 4.510135e-02 
1.047930e-03 5.948450e-02 
1.377038e-03 5.746686e-02 
1.322904e-03 1.989236e-02 
3.298650e-03 -4.388001e-02 
5.002024e-03 -1.432560e-01 
-2.059658e-03 -2.140564e-01 
-4.345771e-03 -1.286203e-01 
-8.650375e-03 6.210143e-02 
-8.815987e-03 3.715941e-01 
-3.378776e-03 8.090255e-01 
4.029905e-01 5.370808e-01 
-5.802799e-02 3.386228e-01 
-6.565626e-02 1.504485e-01 
-2.045841e-02 7.489061e-02 
-1.303094e-02 5.010006e-02 
-1.442722e-02 4.035609e-02 
-7.330171e-03 2.961370e-02 
1.718120e-02 -3.410348e-03 
1.150883e-02 -2.830363e-02 
1.398941e-02 -3.853224e-02 
2.342010e-02 -2.158094e-02 
1.481225e-02 2.709996e-02 
1.016124e-02 4.867811e-02 
1.046061e-02 4.767083e-02 
1.089419e-02 2.047855e-02 
7.149898e-04 -2.503081e-02 
4.952237e-04 -4.367146e-02 
4.428345e-04 -4.304785e-02 
4.729321e-04 -2.194137e-02 
5.514189e-04 1.730234e-02 
-1.474569e-04 4.420922e-02 
-4.286119e-04 6.112300e-02 
7.172775e-04 7.049736e-02 
1.835248e-03 5.791489e-02 
1.894313e-03 9.548705e-03 
4.182164e-03 -6.395626e-02 
7.000630e-03 -1.722157e-01 
4.958927e-04 -2.465259e-01 
-2.511439e-03 -1.456859e-01 
-7.858413e-03 7.464881e-02 
-1.214019e-02 4.316756e-01 
-1.065391e-02 9.493906e-01 
8.521616e-01 8.255471e-01 
-4.543878e-02 6.127036e-01 
-5.832552e-02 3.261394e-01 
-1.346954e-02 1.161593e-01 
-1.242394e-02 1.242855e-02 
-1.773159e-02 -3.461294e-02 
-1.297708e-02 -3.317181e-02 
1.686601e-02 -7.214999e-03 
1.375436e-02 -1.589186e-04 
1.607223e-02 2.793433e-03 
2.380170e-02 1.247045e-02 
1.408780e-02 3.484280e-02 
9.283180e-03 4.164034e-02 
9.561978e-03 3.283330e-02 
1.037542e-02 5.172794e-03 
4.857257e-04 -3.436526e-02 
2.230740e-04 -5.033496e-02 
7.128290e-05 -4.808672e-02 
-7.866693e-05 -2.663854e-02 
3.747075e-04 1.265882e-02 
-2.066966e-04 4.321022e-02 
-5.775917e-04 6.525600e-02 
8.297611e-04 8.141865e-02 
2.509700e-03 7.419149e-02 
2.221294e-03 1.992160e-02 
4.882813e-03 -6.484156e-02 
9.941232e-03 -1.875430e-01 
6.581588e-03 -2.783741e-01 
2.543408e-03 -1.766737e-01 
-4.624796e-03 5.717661e-02 
-1.652932e-02 4.380210e-01 
-2.398657e-02 1.011896e+00 
1.417092e+00 1.068188e+00 
3.776211e-02 9.673225e-01 
-2.883349e-02 5.525701e-01 
-1.166948e-02 1.238513e-01 
-1.589183e-02 -9.084887e-02 
-2.677686e-02 -1.719121e-01 
-2.739047e-02 -1.319596e-01 
1.406050e-02 -1.309995e-02 
1.606931e-02 4.653325e-02 
1.757371e-02 6.860072e-02 
2.232751e-02 6.064877e-02 
1.414644e-02 3.173268e-02 
8.907581e-03 1.149982e-02 
9.617097e-03 -5.424977e-03 
1.143058e-02 -2.037425e-02 
1.588099e-04 -3.033689e-02 
-4.198626e-04 -3.348265e-02 
-6.407103e-04 -3.054416e-02 
-1.062895e-03 -2.149878e-02 
2.205254e-06 -3.711433e-03 
-2.438749e-04 2.079658e-02 
-7.168044e-04 4.700298e-02 
1.272555e-04 7.757250e-02 
1.446625e-03 9.496789e-02 
9.273689e-04 5.116111e-02 
3.231284e-03 -3.452996e-02 
9.643470e-03 -1.680265e-01 
1.377880e-02 -2.906361e-01 
1.051612e-02 -2.157599e-01 
2.851638e-03 3.540881e-03 
-1.671687e-02 3.832411e-01 
-4.056501e-02 9.945652e-01 
8.204345e-01 -1.085890e+00 
2.640536e-02 -9.594430e-01 
-3.001899e-03 -6.144278e-01 
-1.575237e-02 -2.395354e-01 
-8.784840e-03 3.184705e-02 
6.574604e-04 1.935713e-01 
8.903249e-03 2.076563e-01 
5.503619e-03 4.416940e-02 
-1.414427e-03 -6.497252e-02 
-2.095449e-03 -1.179565e-01 
3.470162e-03 -1.037414e-01 
5.564056e-03 -2.087912e-02 
4.209409e-03 2.906413e-02 
4.070231e-03 5.008927e-02 
3.777161e-03 3.694409e-02 
1.019108e-04 -8.886811e-03 
2.306187e-04 -3.319075e-02 
2.904582e-04 -4.143196e-02 
2.777632e-04 -3.254802e-02 
5.803186e-04 -5.552082e-03 
1.924754e-04 1.549905e-02 
-4.840117e-05 3.182420e-02 
6.592175e-04 4.449950e-02 
1.239534e-03 4.198732e-02 
1.068049e-03 1.308237e-02 
2.534708e-03 -3.254280e-02 
6.794247e-03 -9.690546e-02 
9.845449e-03 -1.472353e-01 
7.799534e-03 -1.021615e-01 
2.755229e-03 1.722349e-02 
-1.329711e-02 2.242775e-01 
-2.644460e-02 5.081918e-01 
