poroelastic
2.238972e-02 1.274840e-02 
2.656885e-02 9.790658e-03 
3.363420e-02 -3.814088e-02 
5.864836e-03 -1.290068e-01 
-5.070438e-03 -1.765058e-01 
-8.276790e-03 -1.762097e-01 
-8.045983e-03 -1.110347e-01 
-3.732210e-03 6.595929e-03 
2.137741e-03 8.048368e-02 
1.257466e-03 1.107214e-01 
-6.107283e-03 7.898890e-02 
-6.452128e-03 -1.021254e-02 
-5.301734e-03 -5.719142e-02 
-5.062223e-03 -7.285175e-02 
-4.279300e-03 -5.444733e-02 
-6.723463e-04 -9.904343e-03 
-4.287490e-04 1.651724e-02 
-5.732276e-04 2.972208e-02 
-7.524097e-04 2.795532e-02 
-1.948903e-04 9.723998e-03 
-3.274326e-05 -7.754776e-03 
5.597282e-05 -2.500861e-02 
-2.752608e-04 -4.297905e-02 
-5.640900e-04 -5.066610e-02 
-2.546581e-04 -3.489115e-02 
-6.744831e-04 -1.639425e-03 
-2.146066e-03 5.322817e-02 
-2.735668e-03 9.931652e-02 
-2.206456e-03 7.426867e-02 
-6.650255e-04 -3.924090e-03 
7.505811e-04 -1.449719e-01 
1.138888e-02 -3.655390e-01 
-1.094798e-01 -1.795865e-01 
2.944460e-02 -1.545173e-01 
3.155399e-02 -1.342454e-01 
1.671371e-04 -1.529592e-01 
-6.231270e-03 -1.577558e-01 
-7.043372e-03 -1.410678e-01 
-6.808335e-03 -8.971616e-02 
-4.934778e-03 -7.746395e-03 
-1.997873e-04 4.729788e-02 
-4.125887e-04 7.619502e-02 
-5.353892e-03 6.477638e-02 
-4.658313e-03 8.595979e-03 
-3.834945e-03 -2.365168e-02 
-4.060500e-03 -3.908421e-02 
-3.895487e-03 -3.718306e-02 
-5.538200e-04 -1.936608e-02 
-2.860419e-04 -4.763460e-03 
-3.668787e-04 8.107738e-03 
-4.937884e-04 1.912089e-02 
-1.699511e-04 2.212152e-02 
-1.008603e-04 1.389744e-02 
-2.753058e-05 -3.015733e-03 
-4.990865e-04 -3.028376e-02 
-8.720178e-04 -5.377441e-02 
-3.215632e-04 -4.497636e-02 
-6.936817e-04 -1.167480e-02 
-2.438077e-03 5.034087e-02 
-3.461627e-03 1.077070e-01 
-3.026281e-03 8.700013e-02 
-1.348312e-03 7.021038e-03 
1.104672e-03 -1.429390e-01 
1.374825e-02 -3.967024e-01 
-3.059972e-01 -3.478771e-01 
2.357132e-02 -3.123083e-01 
2.831749e-02 -2.249755e-01 
-4.152418e-03 -1.701745e-01 
-6.164489e-03 -1.308028e-01 
-4.550740e-03 -9.431135e-02 
-4.322247e-03 -5.543033e-02 
-5.441273e-03 -1.221830e-02 
-1.897755e-03 2.247182e-02 
-1.773178e-03 4.600603e-02 
-5.101547e-03 4.813236e-02 
-3.785874e-03 1.953723e-02 
-3.057001e-03 -4.849968e-04 
-3.538780e-03 -1.425843e-02 
-3.777701e-03 -2.293922e-02 
-4.466157e-04 -2.397798e-02 
-1.596796e-04 -1.796296e-02 
-2.195559e-04 -6.031237e-03 
-3.236415e-04 1.268586e-02 
-1.288465e-04 2.959037e-02 
-1.113692e-04 2.723670e-02 
-2.002384e-05 1.045743e-02 
-5.029685e-04 -2.272572e-02 
-9.550746e-04 -5.687241e-02 
-2.788478e-04 -5.257535e-02 
-6.066045e-04 -1.904868e-02 
-2.463427e-03 4.746044e-02 
-3.948190e-03 1.132744e-01 
-3.652200e-03 9.656502e-02 
-1.968289e-03 1.686901e-02 
1.153168e-03 -1.365166e-01 
1.536438e-02 -4.146880e-01 
-5.534759e-01 -5.040127e-01 
-3.591323e-03 -4.782779e-01 
1.573626e-02 -3.184122e-01 
-7.002347e-03 -1.701707e-01 
-3.408027e-03 -7.586362e-02 
8.328147e-04 -1.739782e-02 
5.661602e-04 1.280349e-03 
-5.463164e-03 -1.341201e-02 
-3.814153e-03 -7.994054e-03 
-3.369765e-03 6.584829e-03 
-4.795568e-03 2.261815e-02 
-2.937363e-03 2.711877e-02 
-2.272390e-03 2.227900e-02 
-2.986976e-03 1.120588e-02 
-3.609823e-03 -7.553850e-03 
-2.625009e-04 -2.789923e-02 
3.529984e-05 -3.059226e-02 
-1.257172e-05 -1.958976e-02 
-1.152073e-04 6.873263e-03 
-9.861151e-05 3.847863e-02 
-1.224798e-04 4.158815e-02 
-1.630245e-05 2.364622e-02 
-5.521839e-04 -1.762052e-02 
-1.141786e-03 -6.548689e-02 
-2.110832e-04 -6.549946e-02 
-4.704365e-04 -2.957583e-02 
-2.587386e-03 4.535443e-02 
-5.024418e-03 1.257879e-01 
-5.063666e-03 1.151442e-01 
-3.269493e-03 3.457190e-02 
1.371907e-03 -1.261544e-01 
1.875842e-02 -4.366202e-01 
-9.302760e-01 -6.681543e-01 
-7.407933e-02 -7.190942e-01 
-2.181010e-03 -4.634593e-01 
-4.919458e-03 -1.652118e-01 
2.372859e-03 3.544294e-03 
9.027637e-03 8.346367e-02 
8.781530e-03 7.473571e-02 
-5.219573e-03 -4.477705e-03 
-6.152754e-03 -3.457258e-02 
-5.695447e-03 -3.191626e-02 
-6.015363e-03 -5.838832e-03 
-3.728020e-03 2.584489e-02 
-2.626897e-03 3.620538e-02 
-3.641755e-03 3.007622e-02 
-4.726551e-03 6.343563e-03 
8.167021e-05 -2.843185e-02 
4.662625e-04 -3.881584e-02 
3.762320e-04 -2.991707e-02 
2.574304e-04 3.938667e-04 
-1.696744e-05 4.243912e-02 
-1.020075e-04 4.977590e-02 
6.045287e-05 3.084588e-02 
-4.135214e-04 -1.689602e-02 
-1.186626e-03 -7.778114e-02 
-5.375682e-05 -8.196311e-02 
-2.353422e-04 -4.311171e-02 
-2.711420e-03 4.167594e-02 
-7.031631e-03 1.428767e-01 
-7.892642e-03 1.409724e-01 
-6.032568e-03 5.450126e-02 
1.697402e-03 -1.288464e-01 
2.597835e-02 -4.795006e-01 
-2.670004e-01 7.578432e-01 
2.170897e-02 5.545372e-01 
5.872015e-03 2.359570e-01 
3.654914e-03 -5.343279e-02 
-6.152098e-03 -2.123144e-01 
-1.109728e-02 -2.607876e-01 
-9.361615e-03 -1.753516e-01 
8.779340e-04 2.665985e-02 
5.997598e-03 1.406689e-01 
5.772363e-03 1.783676e-01 
-6.276091e-04 1.255955e-01 
-5.309847e-03 -7.345216e-03 
-4.590212e-03 -8.151170e-02 
-3.988469e-03 -1.082768e-01 
-2.698805e-03 -7.970173e-02 
-9.220151e-05 -1.293477e-03 
-3.932485e-05 4.237514e-02 
-5.719206e-05 5.957370e-02 
-8.142108e-05 4.733030e-02 
-1.957431e-04 6.056993e-03 
-9.587901e-05 -2.210835e-02 
-3.962062e-05 -4.056768e-02 
-6.434484e-04 -4.949312e-02 
-1.164246e-03 -4.147528e-02 
-7.076481e-04 -2.033249e-02 
-1.193385e-03 9.365035e-03 
-3.783742e-03 4.995925e-02 
-6.897820e-03 8.446406e-02 
-6.357477e-03 6.590581e-02 
-4.186786e-03 -6.121435e-04 
4.568232e-03 -1.315898e-01 
2.133438e-02 -3.230858e-01 
