poroelastic
5.132046e-04 1.547635e-01 
8.361929e-03 2.289709e-01 
2.506337e-02 1.781211e-01 
1.161457e-02 -3.635585e-03 
7.113171e-04 -1.328842e-01 
-5.910358e-03 -2.011106e-01 
-1.042138e-02 -1.798752e-01 
-7.144825e-03 -6.441530e-02 
-8.654695e-04 1.783877e-02 
6.023718e-04 6.724133e-02 
-2.353816e-03 6.612096e-02 
-2.655839e-03 9.390377e-03 
-2.329025e-03 -2.088334e-02 
-2.462264e-03 -3.526593e-02 
-2.283401e-03 -3.287709e-02 
-3.734593e-04 -1.533772e-02 
-2.014092e-04 -5.737544e-03 
-2.353221e-04 -2.985321e-04 
-2.268708e-04 1.394560e-03 
9.974255e-05 -2.030714e-03 
9.298511e-05 -5.687520e-03 
1.071192e-04 -1.038681e-02 
-5.766515e-05 -1.763522e-02 
-3.379710e-04 -2.216005e-02 
-1.937072e-04 -1.589463e-02 
-2.905102e-04 -1.816808e-03 
-7.631597e-04 2.297973e-02 
-8.848278e-04 4.442941e-02 
-7.020517e-04 3.187467e-02 
-2.393498e-04 -6.631377e-03 
4.201268e-05 -7.960656e-02 
4.029373e-03 -1.890478e-01 
-1.015146e-01 -1.746574e-01 
2.261056e-02 -5.906097e-02 
3.102633e-02 -1.554450e-02 
6.928930e-03 -8.943452e-02 
-9.636232e-04 -1.414700e-01 
-4.483574e-03 -1.680981e-01 
-8.246865e-03 -1.498978e-01 
-8.456177e-03 -7.232784e-02 
-3.243480e-03 -1.374892e-02 
-1.748399e-03 2.574114e-02 
-3.364229e-03 3.678650e-02 
-2.451118e-03 1.152994e-02 
-1.961831e-03 -3.627642e-03 
-2.241519e-03 -1.214002e-02 
-2.390987e-03 -1.579783e-02 
-3.565634e-04 -1.448867e-02 
-1.709313e-04 -1.127855e-02 
-1.964696e-04 -6.083094e-03 
-1.753700e-04 2.218836e-03 
1.128890e-04 8.876490e-03 
9.764416e-05 5.396941e-03 
1.348964e-04 -5.058291e-03 
-1.111865e-04 -2.441593e-02 
-4.638862e-04 -4.177039e-02 
-1.951401e-04 -3.307060e-02 
-3.514616e-04 -5.544472e-03 
-1.190385e-03 4.425925e-02 
-1.791927e-03 9.000864e-02 
-1.646451e-03 7.443790e-02 
-8.990595e-04 1.247862e-02 
1.694705e-05 -1.074256e-01 
7.214061e-03 -3.078866e-01 
-3.557612e-01 -4.541102e-01 
2.424777e-02 -3.024099e-01 
3.428225e-02 -1.681761e-01 
2.794601e-03 -1.461155e-01 
-2.040973e-03 -1.366399e-01 
-3.145592e-03 -1.307154e-01 
-6.307192e-03 -1.164803e-01 
-9.153179e-03 -7.417365e-02 
-4.746164e-03 -3.461048e-02 
-3.184828e-03 -2.447226e-03 
-3.985663e-03 1.595451e-02 
-2.472276e-03 9.759254e-03 
-1.832734e-03 3.962483e-03 
-2.156306e-03 -7.408657e-04 
-2.448381e-03 -6.792176e-03 
-2.751923e-04 -1.315365e-02 
-9.455684e-05 -1.236980e-02 
-1.200193e-04 -6.834193e-03 
-9.412080e-05 5.043408e-03 
1.322288e-04 1.686887e-02 
1.121248e-04 1.238080e-02 
1.731420e-04 -2.898347e-03 
-9.440297e-05 -3.071531e-02 
-4.784190e-04 -5.702104e-02 
-1.255160e-04 -4.729525e-02 
-2.964346e-04 -1.173018e-02 
-1.290256e-03 5.199998e-02 
-2.295832e-03 1.125933e-01 
-2.252848e-03 9.777567e-02 
-1.383034e-03 2.551490e-02 
1.627357e-05 -1.124215e-01 
8.818871e-03 -3.550034e-01 
-7.131178e-01 -6.810996e-01 
-1.413090e-03 -5.482621e-01 
2.651316e-02 -3.223208e-01 
-9.415458e-04 -1.808414e-01 
-1.468948e-03 -1.040519e-01 
2.016726e-04 -6.334110e-02 
-1.841554e-03 -5.476171e-02 
-8.139276e-03 -6.102609e-02 
-5.506199e-03 -4.838049e-02 
-4.204830e-03 -2.743398e-02 
-4.431895e-03 -5.798240e-03 
-2.624043e-03 3.513225e-03 
-1.767725e-03 7.559038e-03 
-2.090029e-03 6.546089e-03 
-2.481965e-03 -2.070652e-03 
-1.499576e-04 -1.421018e-02 
2.418730e-05 -1.575982e-02 
3.850532e-06 -1.105587e-02 
3.624238e-05 2.574149e-03 
1.566924e-04 1.993305e-02 
1.238143e-04 1.668884e-02 
1.910292e-04 -2.783297e-04 
-1.037151e-04 -3.222716e-02 
-5.483522e-04 -6.412367e-02 
-9.200360e-05 -5.460487e-02 
-2.507788e-04 -1.600247e-02 
-1.396321e-03 5.324068e-02 
-2.936567e-03 1.231258e-01 
-3.088829e-03 1.116711e-01 
-2.118260e-03 3.752668e-02 
2.395906e-04 -1.052148e-01 
1.076659e-02 -3.693192e-01 
-1.207340e+00 -8.523289e-01 
-8.234301e-02 -8.431867e-01 
9.394405e-03 -5.205500e-01 
9.270309e-04 -2.154972e-01 
2.407754e-03 -4.530892e-02 
6.639324e-03 3.242293e-02 
6.162307e-03 2.536431e-02 
-6.438192e-03 -3.676206e-02 
-6.528872e-03 -6.106795e-02 
-5.865601e-03 -6.009074e-02 
-5.609975e-03 -3.528927e-02 
-3.390221e-03 2.282734e-03 
-2.091717e-03 2.093092e-02 
-2.663183e-03 2.763322e-02 
-3.561951e-03 1.918414e-02 
3.936118e-05 -4.845723e-03 
3.104832e-04 -1.454575e-02 
2.997651e-04 -1.371241e-02 
3.903277e-04 -1.483765e-03 
2.983948e-04 1.695163e-02 
2.036012e-04 1.561222e-02 
2.931277e-04 3.929443e-04 
1.299266e-06 -3.083818e-02 
-6.639533e-04 -6.551754e-02 
-1.509061e-04 -5.771920e-02 
-2.900820e-04 -2.077693e-02 
-1.667777e-03 4.679826e-02 
-4.185144e-03 1.221716e-01 
-4.659321e-03 1.149999e-01 
-3.616719e-03 3.943186e-02 
7.522362e-04 -1.124340e-01 
1.523212e-02 -3.933093e-01 
-6.763518e-01 1.034463e+00 
7.937797e-03 8.678349e-01 
6.964895e-03 5.023290e-01 
5.888097e-03 1.033261e-01 
-4.013168e-04 -1.458965e-01 
-6.038391e-03 -2.688257e-01 
-8.266495e-03 -2.375401e-01 
-1.895455e-03 -5.421792e-02 
2.386757e-03 6.193185e-02 
4.013647e-03 1.201159e-01 
2.399136e-03 1.077497e-01 
-1.081081e-03 2.482990e-02 
-1.518482e-03 -2.374343e-02 
-1.517609e-03 -4.818334e-02 
-9.769978e-04 -4.462201e-02 
6.079513e-06 -1.076543e-02 
2.701655e-05 7.276731e-03 
3.579319e-05 1.459461e-02 
4.446657e-05 1.119796e-02 
-1.853375e-05 -1.931622e-03 
-1.912621e-05 -8.048785e-03 
-1.745021e-05 -1.015149e-02 
-1.501750e-04 -7.993641e-03 
-3.279831e-04 -9.866563e-04 
-2.573565e-04 2.591039e-03 
-3.174580e-04 4.436717e-03 
-8.023665e-04 5.271637e-03 
-1.215701e-03 6.480900e-03 
-1.019936e-03 6.821942e-03 
-8.623949e-04 -1.567298e-03 
8.131788e-04 -3.349930e-02 
4.127101e-03 -8.090030e-02 
