poroelastic
-2.414026e-02 2.204253e-01 
-1.371418e-02 3.512613e-01 
2.338185e-02 3.620831e-01 
3.102179e-02 2.073492e-01 
2.240896e-02 6.391356e-02 
1.599751e-02 -5.297852e-02 
-3.378361e-03 -1.221360e-01 
-2.741770e-02 -9.943855e-02 
-1.648517e-02 -6.367629e-02 
-1.376303e-02 -2.586298e-02 
-1.712547e-02 7.481315e-03 
-1.004926e-02 1.996384e-02 
-7.624448e-03 2.275235e-02 
-9.177809e-03 1.806468e-02 
-8.969898e-03 5.125312e-03 
2.271555e-03 -1.319161e-02 
2.668609e-03 -2.761555e-02 
3.123321e-03 -3.767352e-02 
3.328940e-03 -4.275325e-02 
1.705506e-03 -3.994572e-02 
1.187997e-03 -2.854464e-02 
5.582436e-04 -1.152583e-02 
-4.375484e-04 1.025470e-02 
-1.743963e-03 3.043277e-02 
-1.915099e-03 3.579777e-02 
-1.889327e-03 3.125295e-02 
1.365342e-03 2.055997e-02 
9.287191e-03 -7.182299e-03 
7.042353e-03 -5.566469e-02 
5.767675e-03 -1.091860e-01 
1.960904e-03 -1.671313e-01 
-5.198889e-03 -1.941302e-01 
-6.324226e-02 -2.422830e-02 
2.567504e-02 1.470853e-01 
5.755074e-02 2.046078e-01 
3.400187e-02 1.083055e-01 
2.203358e-02 1.254308e-02 
1.769586e-02 -6.801981e-02 
-2.139277e-03 -1.151619e-01 
-3.459148e-02 -9.203461e-02 
-2.243188e-02 -5.980777e-02 
-2.168145e-02 -2.778148e-02 
-2.780343e-02 -5.674930e-03 
-1.391729e-02 -7.007971e-03 
-9.619494e-03 -5.242713e-03 
-1.097625e-02 -1.437872e-03 
-1.051314e-02 4.938439e-03 
2.936036e-03 1.000120e-02 
2.847199e-03 1.836739e-03 
3.835868e-03 -1.417178e-02 
4.805556e-03 -3.819472e-02 
2.088895e-03 -6.181161e-02 
2.006243e-03 -6.203408e-02 
1.420878e-03 -4.406063e-02 
-6.249518e-04 -8.100430e-03 
-3.373703e-03 3.584380e-02 
-3.877132e-03 5.791721e-02 
-4.616111e-03 6.404106e-02 
-1.395615e-03 5.848242e-02 
1.176791e-02 2.192096e-02 
1.042668e-02 -5.542103e-02 
1.042896e-02 -1.533170e-01 
7.792802e-03 -2.800499e-01 
-6.029680e-03 -3.948892e-01 
-3.022301e-01 -2.234872e-01 
5.286942e-02 -1.231996e-02 
8.554047e-02 7.786311e-02 
3.263685e-02 1.353936e-02 
1.942118e-02 -5.290086e-02 
1.532524e-02 -1.058325e-01 
-3.712227e-03 -1.252241e-01 
-3.823248e-02 -8.212899e-02 
-2.507711e-02 -4.254127e-02 
-2.574814e-02 -1.370293e-02 
-3.431942e-02 -7.282816e-03 
-1.627120e-02 -3.018965e-02 
-1.052862e-02 -3.436124e-02 
-1.154220e-02 -2.381437e-02 
-1.174076e-02 4.193010e-03 
1.857033e-03 3.806977e-02 
1.706047e-03 3.888289e-02 
3.235786e-03 1.652053e-02 
5.364451e-03 -3.141959e-02 
3.198630e-03 -8.795728e-02 
3.339951e-03 -9.953572e-02 
2.642881e-03 -7.821811e-02 
2.440244e-04 -2.359342e-02 
-3.255475e-03 5.048254e-02 
-4.396233e-03 8.888480e-02 
-5.131582e-03 9.959648e-02 
-1.493337e-03 8.802084e-02 
1.301883e-02 3.328296e-02 
1.185723e-02 -6.714674e-02 
1.178849e-02 -1.913217e-01 
9.248932e-03 -3.536030e-01 
-6.420474e-03 -5.122876e-01 
-6.718021e-01 -3.655386e-01 
5.182803e-02 -1.705634e-01 
9.211756e-02 -5.990591e-02 
2.467943e-02 -7.935392e-02 
1.384080e-02 -1.090881e-01 
1.112089e-02 -1.306336e-01 
-3.111151e-03 -1.228006e-01 
-3.553139e-02 -6.166316e-02 
-2.382474e-02 -1.485499e-02 
-2.599624e-02 1.056446e-02 
-3.663611e-02 2.353993e-04 
-1.629981e-02 -4.842457e-02 
-9.591491e-03 -6.292397e-02 
-9.938029e-03 -4.955512e-02 
-1.033607e-02 -4.106157e-03 
1.898666e-03 5.710663e-02 
1.344111e-03 7.016099e-02 
3.136346e-03 4.819997e-02 
5.667924e-03 -1.214013e-02 
2.666333e-03 -9.285495e-02 
3.269938e-03 -1.193612e-01 
2.899180e-03 -1.043004e-01 
1.298147e-04 -4.644276e-02 
-4.008917e-03 4.119678e-02 
-5.305432e-03 9.230889e-02 
-6.704741e-03 1.145857e-01 
-4.385338e-03 1.130558e-01 
1.024550e-02 6.292289e-02 
1.098264e-02 -4.557388e-02 
1.247175e-02 -1.893032e-01 
1.345540e-02 -3.857839e-01 
-1.202968e-03 -6.025976e-01 
-1.027527e+00 -4.105929e-01 
-2.237277e-02 -3.422738e-01 
5.722757e-02 -2.073181e-01 
2.595994e-02 -1.324103e-01 
1.651004e-02 -1.020610e-01 
1.630362e-02 -8.791382e-02 
9.193728e-03 -7.140258e-02 
-2.806603e-02 -3.053711e-02 
-2.117982e-02 -7.966102e-03 
-2.330588e-02 -3.140236e-03 
-3.325264e-02 -2.085219e-02 
-1.690478e-02 -6.048048e-02 
-9.344486e-03 -6.736571e-02 
-9.445153e-03 -4.781347e-02 
-1.090491e-02 1.106438e-03 
8.147560e-04 6.631922e-02 
4.941574e-04 8.262010e-02 
2.369447e-03 6.132722e-02 
5.546661e-03 -1.464969e-04 
2.921686e-03 -8.644875e-02 
3.533347e-03 -1.198751e-01 
3.377093e-03 -1.118313e-01 
1.294545e-03 -6.124723e-02 
-1.981048e-03 2.483639e-02 
-3.603145e-03 8.069484e-02 
-4.821947e-03 1.099463e-01 
-3.785446e-03 1.169188e-01 
4.268611e-03 7.886133e-02 
6.504931e-03 -2.116270e-02 
8.851275e-03 -1.591823e-01 
1.249303e-02 -3.505591e-01 
5.095565e-03 -5.798114e-01 
-5.156300e-01 5.749125e-01 
-3.014828e-02 6.068210e-01 
2.789420e-03 4.910503e-01 
1.781254e-02 2.867655e-01 
1.549936e-02 1.063074e-01 
9.647252e-03 -4.178312e-02 
-4.995606e-03 -1.432436e-01 
-1.969339e-02 -1.455680e-01 
-1.092817e-02 -1.136437e-01 
-6.157306e-03 -6.395959e-02 
-4.808005e-03 6.365415e-04 
-3.418266e-03 5.649698e-02 
-4.039100e-03 8.068724e-02 
-5.797981e-03 7.988713e-02 
-5.918045e-03 5.038410e-02 
1.796881e-03 -1.771173e-03 
2.711660e-03 -3.373235e-02 
3.074158e-03 -4.863392e-02 
2.633665e-03 -4.527730e-02 
3.016210e-04 -2.409814e-02 
-2.072047e-04 -5.071599e-03 
-7.198905e-04 1.078069e-02 
-1.545784e-03 2.217798e-02 
-1.855336e-03 2.861219e-02 
-1.807759e-03 3.202265e-02 
-1.937830e-03 3.092278e-02 
-1.324347e-03 2.586116e-02 
2.080707e-03 8.897271e-03 
2.839725e-03 -2.841453e-02 
3.913394e-03 -7.727353e-02 
6.688224e-03 -1.415578e-01 
2.738114e-03 -2.092808e-01 
