poroelastic
-6.583417e-03 2.193078e-01 
6.001067e-03 3.259835e-01 
3.497998e-02 2.662077e-01 
1.984526e-02 2.916109e-02 
3.168898e-03 -1.403884e-01 
-7.663650e-03 -2.353806e-01 
-1.569198e-02 -2.195078e-01 
-1.089402e-02 -7.869552e-02 
-1.166073e-03 2.183990e-02 
1.114930e-03 8.065772e-02 
-3.725770e-03 7.979349e-02 
-4.963949e-03 1.431365e-02 
-4.184515e-03 -2.285833e-02 
-4.336125e-03 -4.072121e-02 
-3.977678e-03 -3.860221e-02 
-3.966481e-04 -1.906874e-02 
-2.129618e-04 -7.222119e-03 
-3.181144e-04 2.190186e-04 
-4.639407e-04 3.453056e-03 
-1.615003e-04 4.985015e-04 
-3.337288e-05 -4.517244e-03 
4.848933e-05 -1.191942e-02 
-1.304388e-04 -2.319215e-02 
-2.568972e-04 -3.073664e-02 
-8.643607e-05 -2.180521e-02 
-5.300630e-04 -7.244300e-04 
-1.365896e-03 3.593078e-02 
-6.817573e-04 6.606256e-02 
-1.034538e-04 4.500899e-02 
1.192258e-03 -1.170389e-02 
1.907896e-03 -1.090537e-01 
4.059613e-03 -2.408651e-01 
-8.805110e-02 -1.491355e-01 
2.745193e-02 1.064197e-02 
4.281918e-02 5.970606e-02 
1.393514e-02 -5.051386e-02 
1.659037e-03 -1.351604e-01 
-4.654107e-03 -1.861958e-01 
-1.173399e-02 -1.783786e-01 
-1.331683e-02 -8.976273e-02 
-5.304422e-03 -1.972860e-02 
-2.936693e-03 2.953967e-02 
-5.624753e-03 4.553620e-02 
-4.517436e-03 1.607128e-02 
-3.564667e-03 -1.825305e-03 
-4.045122e-03 -1.254098e-02 
-4.203043e-03 -1.808889e-02 
-2.737939e-04 -1.750886e-02 
-3.385546e-05 -1.419657e-02 
-9.943275e-05 -8.375770e-03 
-3.043805e-04 1.690818e-03 
-3.197142e-04 1.066817e-02 
-2.178122e-04 6.956134e-03 
-9.674540e-05 -5.707087e-03 
-3.842123e-04 -2.949843e-02 
-4.151726e-04 -5.107724e-02 
1.115255e-05 -4.023020e-02 
-6.616079e-04 -5.593276e-03 
-2.404240e-03 5.701619e-02 
-2.330683e-03 1.132844e-01 
-1.470968e-03 8.927898e-02 
7.106457e-04 6.794194e-03 
3.267796e-03 -1.415695e-01 
8.133694e-03 -3.699787e-01 
-3.562188e-01 -4.662809e-01 
3.741216e-02 -2.680084e-01 
4.934476e-02 -1.190103e-01 
8.964656e-03 -1.188506e-01 
4.350105e-04 -1.351294e-01 
-2.701778e-03 -1.493435e-01 
-8.947552e-03 -1.429419e-01 
-1.477390e-02 -9.115532e-02 
-7.727375e-03 -4.148208e-02 
-5.331594e-03 4.865512e-05 
-7.052024e-03 2.400876e-02 
-4.744047e-03 1.458382e-02 
-3.564822e-03 7.030705e-03 
-4.173306e-03 6.935737e-04 
-4.615855e-03 -7.346693e-03 
-2.407508e-04 -1.471701e-02 
5.369568e-05 -1.451159e-02 
-1.086153e-05 -9.026584e-03 
-2.363103e-04 4.133270e-03 
-3.643074e-04 1.804343e-02 
-2.682104e-04 1.291331e-02 
-7.567000e-05 -4.945861e-03 
-3.116057e-04 -3.805136e-02 
-2.813019e-04 -6.891829e-02 
2.221222e-04 -5.452234e-02 
-6.450260e-04 -7.710042e-03 
-3.002732e-03 7.558415e-02 
-3.603691e-03 1.522471e-01 
-2.586565e-03 1.247960e-01 
1.272747e-04 2.180310e-02 
3.915649e-03 -1.653390e-01 
1.134538e-02 -4.710893e-01 
-7.737499e-01 -7.375803e-01 
1.741926e-02 -5.588939e-01 
4.200657e-02 -3.132542e-01 
2.684134e-03 -1.763175e-01 
3.070471e-04 -1.098473e-01 
1.235634e-03 -8.224190e-02 
-3.361068e-03 -8.195845e-02 
-1.399293e-02 -8.055224e-02 
-9.107733e-03 -5.813544e-02 
-6.970542e-03 -2.744607e-02 
-7.780664e-03 2.527604e-03 
-4.690474e-03 1.268247e-02 
-3.361910e-03 1.489835e-02 
-4.032868e-03 1.228449e-02 
-4.673937e-03 2.011263e-03 
-3.726620e-05 -1.231284e-02 
2.613353e-04 -1.491424e-02 
2.082160e-04 -9.737938e-03 
-1.824608e-05 5.867523e-03 
-3.993226e-04 2.426842e-02 
-3.268148e-04 1.834513e-02 
-1.057924e-04 -3.531154e-03 
-4.393547e-04 -4.399449e-02 
-4.587274e-04 -8.362454e-02 
3.188839e-04 -6.781913e-02 
-6.457470e-04 -1.304530e-02 
-3.660953e-03 8.408344e-02 
-5.388614e-03 1.779962e-01 
-4.406313e-03 1.517161e-01 
-1.143541e-03 3.748747e-02 
4.830863e-03 -1.732119e-01 
1.605668e-02 -5.322883e-01 
-1.334084e+00 -9.386997e-01 
-6.909403e-02 -8.923280e-01 
1.958848e-02 -5.366224e-01 
4.282428e-03 -2.073031e-01 
5.847662e-03 -3.668365e-02 
1.087313e-02 3.088228e-02 
8.451669e-03 1.038925e-02 
-1.253789e-02 -5.681696e-02 
-1.128608e-02 -7.642739e-02 
-9.656563e-03 -6.564148e-02 
-9.687709e-03 -3.166956e-02 
-5.940623e-03 6.228435e-03 
-3.944486e-03 2.471468e-02 
-4.873650e-03 2.935219e-02 
-6.079440e-03 1.702471e-02 
2.621834e-04 -8.860401e-03 
7.250032e-04 -1.891397e-02 
7.019132e-04 -1.747791e-02 
5.515511e-04 -1.737356e-03 
-2.539408e-04 2.224824e-02 
-2.850469e-04 1.976007e-02 
-4.527067e-05 -6.910672e-04 
-3.259979e-04 -4.179264e-02 
-4.601199e-04 -8.724129e-02 
4.257133e-04 -7.516325e-02 
-4.325820e-04 -2.211946e-02 
-3.657376e-03 7.536692e-02 
-7.136321e-03 1.798667e-01 
-6.742189e-03 1.610351e-01 
-3.486672e-03 4.785705e-02 
4.986650e-03 -1.701551e-01 
2.237823e-02 -5.550413e-01 
-7.057800e-01 1.087677e+00 
-3.034071e-04 9.315620e-01 
9.821877e-03 5.560922e-01 
1.395920e-02 1.289926e-01 
1.783953e-03 -1.517783e-01 
-9.191828e-03 -3.019631e-01 
-1.521926e-02 -2.839837e-01 
-4.748555e-03 -7.879938e-02 
3.082025e-03 5.871479e-02 
5.208732e-03 1.317453e-01 
1.553786e-03 1.262711e-01 
-2.554809e-03 3.603271e-02 
-2.608766e-03 -2.128743e-02 
-2.547184e-03 -5.172126e-02 
-1.861113e-03 -5.023811e-02 
1.558263e-04 -1.405118e-02 
6.144959e-05 6.212812e-03 
1.006610e-05 1.584525e-02 
-4.168097e-05 1.466440e-02 
-2.810660e-04 1.472946e-03 
-1.497276e-04 -7.121940e-03 
-8.935280e-05 -1.353729e-02 
-3.949609e-04 -1.893788e-02 
-5.699547e-04 -1.827953e-02 
-3.852801e-04 -8.752298e-03 
-7.641228e-04 6.233219e-03 
-2.056657e-03 2.841568e-02 
-3.008654e-03 4.840226e-02 
-2.528401e-03 3.657526e-02 
-1.101730e-03 -3.711016e-03 
3.635623e-03 -8.338938e-02 
9.139158e-03 -1.851702e-01 
