poroelastic
1.685851e-02 1.684286e-01 
3.528514e-02 2.549002e-01 
7.174182e-02 2.002418e-01 
2.947185e-02 -1.524560e-02 
1.642153e-03 -1.711445e-01 
-1.280798e-02 -2.548749e-01 
-2.684181e-02 -2.317234e-01 
-2.599138e-02 -8.246268e-02 
-9.034514e-03 3.174968e-02 
-8.947943e-03 1.000970e-01 
-2.163426e-02 9.473455e-02 
-1.375872e-02 1.492790e-03 
-8.624232e-03 -4.889433e-02 
-7.818457e-03 -6.871703e-02 
-6.109778e-03 -5.787861e-02 
2.544798e-03 -2.178670e-02 
1.429880e-03 -6.891527e-04 
1.155564e-03 1.105449e-02 
1.203718e-03 1.494336e-02 
-2.897962e-04 7.777482e-03 
1.921809e-04 -5.945995e-03 
8.143892e-04 -2.410491e-02 
1.759933e-03 -4.872770e-02 
2.404014e-03 -6.502981e-02 
1.603563e-03 -4.454446e-02 
-1.021881e-04 2.327147e-03 
-1.339380e-03 8.036012e-02 
2.737039e-03 1.435636e-01 
4.534236e-03 9.913188e-02 
7.319103e-03 -1.653884e-02 
4.491379e-03 -2.092476e-01 
-3.973967e-03 -4.698162e-01 
-1.256051e-01 -1.810082e-01 
6.193936e-02 -4.878820e-02 
8.346257e-02 -3.850964e-03 
1.608276e-02 -1.089020e-01 
-4.786288e-03 -1.946888e-01 
-1.411619e-02 -2.432503e-01 
-2.776493e-02 -2.226679e-01 
-3.169267e-02 -1.053897e-01 
-1.458444e-02 -4.902334e-03 
-1.363477e-02 6.651127e-02 
-2.363501e-02 8.073455e-02 
-1.227882e-02 1.293609e-02 
-7.903274e-03 -2.749105e-02 
-7.660376e-03 -4.692096e-02 
-6.000633e-03 -4.402494e-02 
3.255317e-03 -1.885614e-02 
2.174526e-03 -1.741724e-03 
2.002773e-03 1.061473e-02 
1.871341e-03 1.984429e-02 
-8.088992e-04 1.932041e-02 
-3.412538e-04 4.414271e-03 
3.891127e-04 -1.966059e-02 
9.797009e-04 -5.532831e-02 
1.699425e-03 -8.376459e-02 
1.480442e-03 -6.179973e-02 
-7.949718e-04 -5.502828e-04 
-4.085152e-03 1.078021e-01 
-2.907689e-04 2.036225e-01 
2.669267e-03 1.543590e-01 
7.871355e-03 1.705199e-03 
9.841972e-03 -2.657484e-01 
2.225304e-03 -6.590767e-01 
-4.666527e-01 -4.871973e-01 
7.219167e-02 -3.275050e-01 
9.193811e-02 -1.973855e-01 
1.858898e-03 -2.089941e-01 
-1.095384e-02 -2.235960e-01 
-1.479863e-02 -2.253524e-01 
-2.622163e-02 -1.931661e-01 
-3.375385e-02 -1.004998e-01 
-1.781104e-02 -2.000029e-02 
-1.693900e-02 4.017330e-02 
-2.542901e-02 5.934892e-02 
-1.189213e-02 1.081535e-02 
-7.710561e-03 -1.871972e-02 
-7.782877e-03 -3.259476e-02 
-6.689641e-03 -2.994105e-02 
2.718764e-03 -9.193035e-03 
1.935259e-03 5.062333e-03 
1.876221e-03 1.493633e-02 
1.857626e-03 2.315516e-02 
-7.597848e-04 2.355404e-02 
-2.834864e-04 5.804004e-03 
6.881968e-04 -2.368008e-02 
1.768067e-03 -6.816740e-02 
2.703622e-03 -1.033821e-01 
2.076104e-03 -7.277194e-02 
-7.149103e-04 4.952226e-03 
-4.839986e-03 1.362580e-01 
-1.764575e-03 2.514462e-01 
1.840181e-03 1.910786e-01 
7.662653e-03 8.040315e-03 
1.099523e-02 -3.064595e-01 
5.193560e-03 -7.825045e-01 
-9.627673e-01 -7.541064e-01 
3.596351e-02 -6.312902e-01 
7.385493e-02 -4.117189e-01 
-1.465067e-02 -2.930873e-01 
-1.497928e-02 -2.216686e-01 
-1.178537e-02 -1.711642e-01 
-1.881727e-02 -1.303863e-01 
-3.026029e-02 -7.777868e-02 
-1.763450e-02 -1.815180e-02 
-1.742835e-02 3.169708e-02 
-2.546029e-02 4.939562e-02 
-1.098751e-02 7.928597e-03 
-6.785762e-03 -1.951370e-02 
-6.707933e-03 -3.160230e-02 
-5.787909e-03 -2.625661e-02 
2.875725e-03 -2.093323e-03 
1.961406e-03 1.510859e-02 
1.960631e-03 2.651840e-02 
2.101051e-03 3.387009e-02 
-9.593065e-04 2.988328e-02 
-4.290851e-04 5.786584e-03 
6.736295e-04 -2.988142e-02 
1.213097e-03 -7.980626e-02 
1.820222e-03 -1.191620e-01 
1.834987e-03 -8.423732e-02 
-1.440675e-03 3.561254e-03 
-7.380718e-03 1.497324e-01 
-6.322569e-03 2.833156e-01 
-2.051322e-03 2.232864e-01 
5.569213e-03 2.623016e-02 
1.495811e-02 -3.173794e-01 
1.596969e-02 -8.614478e-01 
-1.611328e+00 -9.768885e-01 
-1.055132e-01 -1.036188e+00 
2.078285e-02 -6.854148e-01 
-1.482463e-02 -3.352283e-01 
-4.653998e-03 -1.373676e-01 
4.018834e-03 -3.945980e-02 
-1.174265e-03 -2.068172e-02 
-2.567405e-02 -4.257202e-02 
-1.865805e-02 -3.133810e-02 
-1.809146e-02 -4.070938e-03 
-2.439399e-02 1.928873e-02 
-1.201048e-02 8.123282e-03 
-7.626474e-03 -3.637789e-03 
-7.933838e-03 -1.090377e-02 
-7.757870e-03 -1.101688e-02 
2.763835e-03 8.497130e-04 
2.314599e-03 1.069431e-02 
2.323012e-03 1.925871e-02 
2.667969e-03 2.803335e-02 
-5.190818e-04 2.942846e-02 
-2.968402e-04 8.945760e-03 
8.478325e-04 -2.513156e-02 
1.717129e-03 -7.655421e-02 
2.548263e-03 -1.247667e-01 
2.535163e-03 -9.534906e-02 
-5.428298e-04 -9.824414e-03 
-6.751539e-03 1.374571e-01 
-1.004949e-02 2.876491e-01 
-6.673327e-03 2.391583e-01 
8.941678e-04 4.603252e-02 
1.437618e-02 -3.027297e-01 
2.714236e-02 -8.798620e-01 
-6.836155e-01 1.253973e+00 
2.916734e-02 1.034342e+00 
4.425910e-02 5.830183e-01 
1.950392e-02 7.028189e-02 
-1.207477e-02 -2.476824e-01 
-3.081776e-02 -4.000964e-01 
-3.367794e-02 -3.484640e-01 
-7.130147e-03 -7.399161e-02 
4.905855e-03 1.081628e-01 
2.296316e-03 2.010122e-01 
-1.042780e-02 1.834875e-01 
-7.237797e-03 4.195039e-02 
-3.092360e-03 -4.537781e-02 
-1.286225e-03 -8.659052e-02 
-1.383176e-04 -7.484573e-02 
1.560763e-03 -8.785316e-03 
-2.892314e-05 2.904890e-02 
-3.101352e-04 4.632996e-02 
2.332242e-04 4.234553e-02 
-7.149799e-04 1.454448e-02 
-5.543870e-05 -9.314812e-03 
6.173830e-04 -3.049259e-02 
6.154273e-04 -4.984017e-02 
5.766762e-04 -5.416930e-02 
3.317662e-04 -2.971446e-02 
-1.528495e-03 1.422101e-02 
-4.965419e-03 8.037371e-02 
-5.846437e-03 1.362999e-01 
-3.749037e-03 1.000144e-01 
9.664299e-04 -4.220323e-03 
1.175664e-02 -1.862648e-01 
1.512966e-02 -4.240273e-01 
