poroelastic
-1.895486e-02 1.304819e-01 
-1.955667e-02 2.181046e-01 
-1.295273e-02 2.506545e-01 
2.299392e-04 1.876952e-01 
4.601617e-03 1.127325e-01 
5.598437e-03 3.586127e-02 
1.874807e-03 -3.576930e-02 
-5.039834e-03 -6.692819e-02 
-4.034146e-03 -7.051174e-02 
-2.671941e-03 -5.578718e-02 
-9.158413e-04 -1.957788e-02 
3.383152e-04 2.665095e-02 
3.820492e-04 4.758361e-02 
-1.929667e-04 4.881552e-02 
-9.567878e-04 2.825165e-02 
-2.334152e-04 -7.433179e-03 
-8.649167e-05 -2.768382e-02 
-3.177142e-05 -3.535637e-02 
2.352235e-05 -2.885448e-02 
7.266221e-05 -9.664501e-03 
1.738964e-05 5.078864e-03 
5.597563e-06 1.544061e-02 
-7.585282e-05 2.044896e-02 
-3.215007e-04 1.886333e-02 
-2.947529e-04 1.412157e-02 
-3.110999e-04 6.754468e-03 
-1.139153e-04 -3.175258e-03 
4.884035e-04 -1.492667e-02 
3.808691e-04 -2.646892e-02 
3.040201e-04 -3.660355e-02 
1.002648e-04 -3.920402e-02 
5.189467e-06 -2.251062e-02 
-7.578070e-03 -6.698816e-02 
-1.109813e-03 5.187845e-02 
2.303782e-03 1.246465e-01 
5.543089e-03 1.133571e-01 
6.525613e-03 7.778514e-02 
7.887337e-03 3.425988e-02 
5.398209e-03 -9.263395e-03 
-4.339397e-03 -2.967780e-02 
-3.719446e-03 -3.628387e-02 
-3.558761e-03 -3.405355e-02 
-4.025523e-03 -2.283422e-02 
-2.447294e-03 -6.960133e-03 
-1.565597e-03 3.806321e-03 
-1.790900e-03 1.096433e-02 
-2.238341e-03 1.417954e-02 
-4.143031e-04 1.102814e-02 
-2.354693e-04 3.814190e-03 
-2.471351e-04 -6.193396e-03 
-1.081875e-04 -1.924112e-02 
3.187637e-04 -3.021206e-02 
2.265521e-04 -2.930928e-02 
1.978911e-04 -1.984205e-02 
-9.296426e-05 -1.474587e-03 
-7.165614e-04 2.085360e-02 
-6.971117e-04 3.215416e-02 
-9.140356e-04 3.556159e-02 
-8.114182e-04 3.260918e-02 
6.498676e-04 1.498417e-02 
7.429505e-04 -1.958471e-02 
9.379846e-04 -6.441841e-02 
7.740701e-04 -1.234024e-01 
4.934642e-04 -1.807288e-01 
-1.683126e-01 -2.317597e-01 
1.312635e-02 -8.573176e-02 
1.939094e-02 1.434074e-02 
1.053572e-02 2.575956e-02 
8.042173e-03 1.415134e-02 
8.921335e-03 -1.615155e-03 
6.871722e-03 -1.473805e-02 
-4.426889e-03 -1.180470e-02 
-3.431523e-03 -8.229841e-03 
-3.920866e-03 -1.098823e-02 
-6.346181e-03 -2.278401e-02 
-4.949309e-03 -3.686371e-02 
-3.278966e-03 -3.717760e-02 
-3.127263e-03 -2.555241e-02 
-3.252875e-03 1.511215e-03 
-4.911406e-04 3.361263e-02 
-3.128373e-04 4.072837e-02 
-3.457708e-04 2.946678e-02 
-1.000226e-04 -2.472882e-03 
5.400836e-04 -4.450046e-02 
4.136100e-04 -5.945266e-02 
3.709290e-04 -5.401120e-02 
-5.952968e-05 -2.781303e-02 
-9.294001e-04 1.375814e-02 
-9.066030e-04 4.175447e-02 
-1.269214e-03 5.850191e-02 
-1.354471e-03 6.798212e-02 
4.337708e-04 5.237070e-02 
7.618448e-04 -2.697584e-03 
1.240831e-03 -8.080758e-02 
1.384702e-03 -1.926868e-01 
1.317601e-03 -3.292328e-01 
-4.327839e-01 -3.602008e-01 
9.710756e-03 -2.138084e-01 
2.731735e-02 -1.008659e-01 
1.188265e-02 -5.797756e-02 
7.465654e-03 -4.319285e-02 
7.985713e-03 -2.978217e-02 
7.796048e-03 -5.783239e-03 
-1.961216e-03 2.875140e-02 
-1.306432e-03 4.020383e-02 
-2.580393e-03 2.952125e-02 
-7.050440e-03 -8.491001e-03 
-7.152814e-03 -6.239619e-02 
-4.792154e-03 -7.915861e-02 
-4.127213e-03 -6.552520e-02 
-3.825284e-03 -1.773729e-02 
-4.255049e-04 4.707029e-02 
-2.744182e-04 7.039584e-02 
-2.715893e-04 6.171364e-02 
6.327773e-05 1.709628e-02 
6.242436e-04 -5.060742e-02 
4.874565e-04 -8.114174e-02 
4.423448e-04 -8.260611e-02 
-3.404541e-05 -5.431232e-02 
-1.011071e-03 3.506023e-04 
-9.898884e-04 4.376457e-02 
-1.476333e-03 7.555618e-02 
-2.002244e-03 9.967584e-02 
-5.169323e-04 9.185798e-02 
1.668574e-04 2.388674e-02 
1.086466e-03 -8.219871e-02 
2.249961e-03 -2.373958e-01 
3.211631e-03 -4.302909e-01 
-6.788397e-01 -3.717941e-01 
-2.907410e-02 -3.092221e-01 
1.928394e-02 -1.815485e-01 
1.573945e-02 -9.303174e-02 
9.348717e-03 -5.133135e-02 
9.759175e-03 -2.210024e-02 
1.135305e-02 6.765872e-03 
-2.406802e-04 3.795905e-02 
-4.595602e-04 4.366055e-02 
-1.953343e-03 2.429487e-02 
-7.227564e-03 -2.092436e-02 
-9.105416e-03 -7.468109e-02 
-5.731128e-03 -8.967108e-02 
-4.570685e-03 -7.201223e-02 
-4.151878e-03 -1.887972e-02 
-3.388019e-04 5.442492e-02 
-2.304126e-04 8.362536e-02 
-5.786088e-05 7.623181e-02 
5.765240e-04 2.912777e-02 
7.416248e-04 -4.613557e-02 
5.977892e-04 -8.480553e-02 
5.562190e-04 -9.233766e-02 
1.694936e-04 -6.673466e-02 
-6.868243e-04 -9.945703e-03 
-7.282397e-04 3.663897e-02 
-1.144099e-03 7.252819e-02 
-2.124496e-03 9.967625e-02 
-2.336297e-03 9.563533e-02 
-1.373930e-03 3.363309e-02 
-1.133955e-04 -6.607016e-02 
2.871917e-03 -2.146177e-01 
6.502181e-03 -4.089179e-01 
-5.909142e-01 4.867671e-01 
-3.039762e-02 5.246953e-01 
-6.099578e-03 4.261989e-01 
-8.027830e-03 2.609243e-01 
-4.743144e-04 1.277184e-01 
2.121876e-03 1.976345e-02 
1.458230e-03 -5.722944e-02 
-1.464011e-03 -7.441140e-02 
-1.791786e-03 -7.141682e-02 
-1.547774e-03 -5.366211e-02 
-3.195730e-04 -1.513445e-02 
1.442921e-03 3.705516e-02 
1.141512e-03 6.063575e-02 
4.259627e-04 6.165811e-02 
-4.425936e-04 3.726063e-02 
-6.823025e-07 -7.178707e-03 
1.288587e-05 -3.123766e-02 
-1.248191e-05 -3.829329e-02 
-2.361370e-05 -2.624260e-02 
1.881208e-06 2.185760e-03 
3.833752e-06 1.917370e-02 
-1.384152e-05 2.664454e-02 
-1.075875e-04 2.342213e-02 
-2.177627e-04 1.074054e-02 
-1.658592e-04 4.103933e-03 
-1.835409e-04 2.458478e-03 
-4.527726e-04 5.315182e-03 
-6.878031e-04 8.800016e-03 
-4.717333e-04 2.936474e-03 
-1.776807e-04 -1.116115e-02 
8.215472e-04 -3.433536e-02 
1.652547e-03 -5.916706e-02 
