poroelastic
3.641779e-03 -1.230466e-01 
-7.375567e-04 -1.957086e-01 
-1.897586e-02 -1.856500e-01 
-1.694802e-02 -5.919928e-02 
-9.476966e-03 4.454417e-02 
-5.445122e-03 1.064865e-01 
1.622135e-04 1.008912e-01 
5.887325e-03 1.161557e-02 
8.867788e-04 -5.025829e-02 
9.861662e-04 -8.042895e-02 
6.409231e-03 -6.383210e-02 
6.184944e-03 9.076109e-04 
5.004606e-03 3.686146e-02 
5.189335e-03 4.935710e-02 
5.003809e-03 3.526091e-02 
7.846294e-04 4.630976e-04 
4.546668e-04 -1.832158e-02 
5.644270e-04 -2.539027e-02 
8.628548e-04 -1.938496e-02 
4.365618e-04 -1.872283e-04 
2.296610e-04 1.530802e-02 
2.008496e-04 2.804884e-02 
5.970922e-04 3.921853e-02 
8.286131e-04 3.922550e-02 
6.075799e-04 1.696663e-02 
1.128169e-03 -2.250352e-02 
1.591830e-03 -8.425849e-02 
-5.100526e-04 -1.278504e-01 
-1.107340e-03 -7.789962e-02 
-2.308312e-03 3.732943e-02 
-4.180038e-04 2.273985e-01 
-3.098970e-03 4.924334e-01 
1.016525e-01 2.537405e-01 
-2.813203e-02 1.236089e-01 
-3.456192e-02 2.392173e-02 
-1.612842e-02 1.926034e-02 
-9.818709e-03 3.689234e-02 
-9.628191e-03 4.886655e-02 
-5.913817e-03 3.747736e-02 
6.889845e-03 -1.038199e-02 
3.564814e-03 -4.236029e-02 
4.700388e-03 -5.565807e-02 
1.066126e-02 -3.622407e-02 
8.391759e-03 1.788204e-02 
6.231446e-03 4.362767e-02 
6.397411e-03 4.725979e-02 
6.501756e-03 2.601169e-02 
1.016048e-03 -1.230548e-02 
5.950318e-04 -2.916303e-02 
7.322231e-04 -3.069364e-02 
9.247733e-04 -1.528684e-02 
1.936126e-04 1.472922e-02 
2.996696e-05 3.427547e-02 
-3.542743e-06 4.612636e-02 
8.518696e-04 5.201864e-02 
1.754390e-03 4.100758e-02 
1.377054e-03 5.335926e-03 
2.232720e-03 -4.798824e-02 
3.574897e-03 -1.270235e-01 
1.137095e-03 -1.790113e-01 
-4.002589e-05 -1.045356e-01 
-2.270741e-03 5.713655e-02 
-2.642556e-03 3.214776e-01 
-8.698416e-03 7.050527e-01 
4.032057e-01 5.818884e-01 
-4.370620e-02 3.985411e-01 
-4.624044e-02 1.969373e-01 
-1.445339e-02 7.837724e-02 
-1.010502e-02 2.530624e-02 
-1.268603e-02 -6.082471e-04 
-9.907386e-03 -9.690528e-03 
8.134797e-03 -1.903190e-02 
5.950840e-03 -2.644275e-02 
7.651479e-03 -2.502435e-02 
1.374396e-02 -5.203230e-03 
1.011546e-02 3.339923e-02 
7.091072e-03 4.839811e-02 
7.154010e-03 4.350284e-02 
7.515591e-03 1.490691e-02 
1.137138e-03 -2.745628e-02 
6.607108e-04 -4.368174e-02 
8.040114e-04 -4.132568e-02 
8.068622e-04 -1.828112e-02 
-1.994331e-04 2.240435e-02 
-2.670552e-04 4.736155e-02 
-3.194516e-04 6.022840e-02 
8.123056e-04 6.317667e-02 
2.338353e-03 4.527848e-02 
1.835993e-03 1.386116e-03 
2.882236e-03 -5.999989e-02 
5.139928e-03 -1.473900e-01 
3.398525e-03 -2.042439e-01 
1.723444e-03 -1.180981e-01 
-1.328130e-03 6.717241e-02 
-4.883175e-03 3.685992e-01 
-1.475131e-02 8.209182e-01 
8.508800e-01 8.723096e-01 
-2.909539e-02 6.828218e-01 
-4.214573e-02 3.779390e-01 
-1.039250e-02 1.190278e-01 
-1.001606e-02 -1.613050e-02 
-1.560942e-02 -7.882845e-02 
-1.463114e-02 -7.183668e-02 
7.834157e-03 -1.757862e-02 
7.830476e-03 9.670119e-03 
9.453318e-03 2.460854e-02 
1.414188e-02 3.314693e-02 
1.011485e-02 3.714117e-02 
6.654741e-03 3.271668e-02 
6.759650e-03 1.877903e-02 
7.610424e-03 -6.858194e-03 
9.928758e-04 -3.655259e-02 
4.893381e-04 -4.693889e-02 
5.726836e-04 -4.208948e-02 
4.170490e-04 -2.080766e-02 
-4.701258e-04 1.476027e-02 
-4.274005e-04 4.103458e-02 
-4.993345e-04 5.849363e-02 
7.595031e-04 6.916537e-02 
2.764625e-03 5.941184e-02 
2.018409e-03 1.356306e-02 
3.148610e-03 -5.577508e-02 
6.695789e-03 -1.551148e-01 
7.114606e-03 -2.273780e-01 
5.020305e-03 -1.428074e-01 
9.429766e-04 5.308873e-02 
-7.508746e-03 3.753422e-01 
-2.334503e-02 8.706019e-01 
1.405861e+00 1.111539e+00 
4.624466e-02 1.031808e+00 
-2.324895e-02 5.970793e-01 
-8.893492e-03 1.183490e-01 
-1.169012e-02 -1.275197e-01 
-2.240296e-02 -2.236836e-01 
-2.683207e-02 -1.766596e-01 
5.747184e-03 -2.457442e-02 
1.020259e-02 5.693008e-02 
1.190727e-02 9.098019e-02 
1.484669e-02 8.178802e-02 
1.091549e-02 3.455317e-02 
6.572226e-03 3.375704e-03 
7.026818e-03 -1.765476e-02 
8.741937e-03 -2.864515e-02 
5.353247e-04 -2.659771e-02 
-9.456099e-05 -2.333599e-02 
-1.462797e-04 -1.772735e-02 
-5.411408e-04 -1.017212e-02 
-7.359567e-04 3.116336e-04 
-5.539290e-04 1.774909e-02 
-6.710975e-04 3.780800e-02 
2.971028e-04 6.242196e-02 
2.287250e-03 7.683628e-02 
1.430959e-03 4.090044e-02 
2.326442e-03 -2.994246e-02 
6.843653e-03 -1.413183e-01 
1.209497e-02 -2.438436e-01 
1.069954e-02 -1.822076e-01 
6.262239e-03 2.231804e-03 
-8.527134e-03 3.289889e-01 
-3.632423e-02 8.697250e-01 
7.749220e-01 -1.050248e+00 
1.956260e-02 -8.777377e-01 
3.163927e-03 -5.309203e-01 
-6.020991e-03 -2.097218e-01 
-5.839692e-03 1.372929e-02 
-2.089434e-03 1.448906e-01 
1.966348e-03 1.535750e-01 
1.309210e-03 2.114445e-02 
-2.132201e-03 -6.194014e-02 
-3.199330e-03 -9.748785e-02 
-4.116558e-04 -7.833753e-02 
3.666164e-03 -9.725517e-03 
3.286686e-03 2.981271e-02 
3.317030e-03 4.461683e-02 
3.021322e-03 2.995115e-02 
2.417741e-04 -1.116316e-02 
6.105482e-05 -3.137344e-02 
8.796689e-05 -3.635430e-02 
1.267137e-04 -2.452823e-02 
6.987986e-05 3.334895e-03 
3.905400e-05 2.074393e-02 
2.473362e-05 3.058582e-02 
6.731744e-04 3.362891e-02 
1.438605e-03 2.304516e-02 
1.094197e-03 -5.891239e-04 
1.681460e-03 -3.188861e-02 
4.805958e-03 -7.275741e-02 
8.351222e-03 -1.027533e-01 
7.128786e-03 -6.920757e-02 
4.314634e-03 1.870574e-02 
-7.203497e-03 1.778407e-01 
-2.261803e-02 4.004753e-01 
