poroelastic
2.521856e-02 -1.956372e-01 
9.178726e-03 -2.848940e-01 
-1.678406e-02 -2.646481e-01 
-2.062146e-02 -1.482898e-01 
-1.164764e-02 -5.284053e-02 
-1.828035e-03 2.915176e-02 
1.302738e-02 9.043137e-02 
2.067911e-02 1.104783e-01 
1.337707e-02 1.151923e-01 
6.144710e-03 1.019777e-01 
-2.909451e-03 5.739534e-02 
-3.158080e-03 -1.856188e-02 
-1.130460e-03 -5.649566e-02 
6.088879e-04 -6.452819e-02 
1.560936e-03 -4.111847e-02 
-3.760264e-04 7.517433e-03 
-1.595198e-03 3.908767e-02 
-2.070395e-03 5.796651e-02 
-2.024007e-03 6.452069e-02 
-2.119403e-03 5.250090e-02 
-1.210179e-03 2.616378e-02 
4.441270e-05 -9.396574e-03 
2.037336e-03 -5.602005e-02 
3.794509e-03 -9.345480e-02 
2.803826e-03 -7.447063e-02 
5.185040e-04 -1.505895e-02 
-2.754741e-03 8.679118e-02 
-2.897496e-03 1.891029e-01 
2.406535e-04 1.784102e-01 
3.887729e-03 8.394228e-02 
1.442687e-03 -1.001759e-01 
-7.334471e-04 -4.149214e-01 
-1.381790e-02 -1.597785e-01 
-9.812479e-03 -2.528087e-01 
-3.576546e-02 -2.146062e-01 
-1.818060e-02 -8.980983e-02 
-5.379948e-03 5.352880e-04 
4.253130e-03 7.006768e-02 
1.815077e-02 1.145814e-01 
2.458850e-02 1.227933e-01 
1.512682e-02 1.216271e-01 
7.792558e-03 1.055894e-01 
-8.335432e-05 6.251967e-02 
-1.246606e-03 -7.334940e-03 
6.268259e-05 -4.731733e-02 
1.584760e-03 -6.134743e-02 
2.348050e-03 -4.471972e-02 
-2.803060e-04 5.506593e-04 
-1.483351e-03 3.393472e-02 
-2.072180e-03 5.755158e-02 
-2.094992e-03 7.027010e-02 
-2.103532e-03 6.302581e-02 
-1.367426e-03 3.705256e-02 
-1.742536e-04 -1.630299e-03 
1.600102e-03 -5.458284e-02 
3.553822e-03 -9.971417e-02 
3.217220e-03 -8.408253e-02 
9.385737e-04 -2.204008e-02 
-3.618837e-03 9.132188e-02 
-6.465509e-03 2.112313e-01 
-3.613928e-03 2.054966e-01 
1.110837e-03 1.058619e-01 
3.423475e-03 -9.336356e-02 
5.950200e-03 -4.395444e-01 
3.350322e-04 -1.658568e-01 
-2.141347e-02 -2.570829e-01 
-5.132038e-02 -1.977466e-01 
-1.347200e-02 -4.878569e-02 
2.867617e-03 5.652117e-02 
1.392589e-02 1.284412e-01 
2.571739e-02 1.577268e-01 
2.559273e-02 1.342133e-01 
1.346724e-02 1.074447e-01 
6.455314e-03 7.803927e-02 
1.117300e-03 4.105142e-02 
-1.927350e-04 -4.627601e-03 
5.252751e-04 -3.105690e-02 
1.542936e-03 -4.171998e-02 
2.064681e-03 -3.303564e-02 
-1.029128e-04 -2.998220e-03 
-1.079892e-03 2.230966e-02 
-1.752474e-03 4.414054e-02 
-2.120265e-03 6.291817e-02 
-2.290628e-03 6.842367e-02 
-1.703833e-03 4.854500e-02 
-4.633996e-04 1.028412e-02 
1.531593e-03 -4.880492e-02 
3.766233e-03 -1.051696e-01 
3.539061e-03 -9.275686e-02 
1.203331e-03 -2.876296e-02 
-3.564962e-03 9.132552e-02 
-7.544949e-03 2.219468e-01 
-5.207104e-03 2.181800e-01 
-5.831743e-04 1.160467e-01 
3.375880e-03 -8.689183e-02 
8.991121e-03 -4.447020e-01 
5.081408e-02 -2.209377e-01 
-2.836391e-02 -2.765743e-01 
-6.506630e-02 -1.751442e-01 
-2.544426e-03 1.555674e-02 
1.644028e-02 1.428100e-01 
2.747893e-02 2.156749e-01 
3.285033e-02 2.127116e-01 
2.177427e-02 1.197572e-01 
8.688115e-03 5.479336e-02 
4.614127e-03 1.304970e-02 
4.793273e-03 -4.757971e-03 
1.752991e-03 2.041931e-03 
1.098693e-03 1.805973e-03 
1.308857e-03 -2.065122e-03 
1.516607e-03 -7.465653e-03 
-9.849998e-06 -9.851203e-03 
-4.374095e-04 4.591422e-04 
-1.120832e-03 1.972424e-02 
-1.867294e-03 4.886824e-02 
-2.301827e-03 7.648285e-02 
-2.065116e-03 6.671971e-02 
-9.885382e-04 3.027835e-02 
9.513789e-04 -3.466657e-02 
3.781957e-03 -1.059092e-01 
4.342320e-03 -1.019410e-01 
2.331989e-03 -4.203914e-02 
-2.948914e-03 7.586541e-02 
-9.930560e-03 2.123609e-01 
-9.016617e-03 2.191551e-01 
-4.346931e-03 1.299702e-01 
3.267674e-03 -5.353602e-02 
1.456022e-02 -3.942515e-01 
-1.041325e-02 -3.766012e-01 
-1.726960e-02 -3.879212e-01 
-5.467472e-02 -2.039233e-01 
3.030450e-03 7.181302e-02 
2.308849e-02 2.199209e-01 
3.159363e-02 2.733707e-01 
3.027448e-02 2.261285e-01 
1.521262e-02 8.271691e-02 
4.561091e-03 6.609898e-03 
3.441596e-03 -2.538587e-02 
6.761195e-03 -2.241182e-02 
3.180030e-03 1.335383e-02 
1.385765e-03 2.575048e-02 
1.095936e-03 2.284093e-02 
1.389759e-03 6.767165e-03 
4.425096e-04 -1.873636e-02 
3.104624e-04 -1.932467e-02 
-5.618740e-04 -3.796244e-04 
-1.950853e-03 3.836349e-02 
-2.883435e-03 8.475912e-02 
-2.780039e-03 8.496824e-02 
-1.648313e-03 5.114722e-02 
5.382239e-04 -1.897315e-02 
3.869021e-03 -1.087473e-01 
4.915863e-03 -1.171332e-01 
3.229814e-03 -6.232633e-02 
-1.603942e-03 5.665313e-02 
-1.029151e-02 2.089380e-01 
-1.216242e-02 2.291249e-01 
-8.483122e-03 1.471406e-01 
1.570553e-03 -3.341283e-02 
2.091126e-02 -3.783550e-01 
-4.927097e-02 1.489350e-01 
1.284415e-03 1.525654e-02 
-8.803846e-03 -8.903527e-02 
-1.091566e-02 -9.792771e-02 
-8.893623e-03 -7.686320e-02 
-3.662710e-03 -2.750261e-02 
8.715778e-03 5.608958e-02 
1.703246e-02 1.460729e-01 
9.842606e-03 1.682854e-01 
1.142386e-03 1.381952e-01 
-7.513724e-03 5.491315e-02 
-2.303102e-03 -5.726904e-02 
1.222072e-03 -1.129856e-01 
3.025953e-03 -1.206203e-01 
2.912630e-03 -7.207627e-02 
-1.073380e-03 2.382599e-02 
-2.926336e-03 7.925946e-02 
-3.284201e-03 1.013107e-01 
-2.321427e-03 8.769087e-02 
-1.154009e-03 3.733775e-02 
1.790045e-04 -8.337439e-03 
1.381359e-03 -4.692029e-02 
2.068794e-03 -7.758479e-02 
2.729017e-03 -8.651566e-02 
2.392757e-03 -5.726998e-02 
7.759436e-05 6.879243e-04 
-4.902923e-03 8.934903e-02 
-1.114579e-02 1.762430e-01 
-1.123805e-02 1.644819e-01 
-6.399452e-03 7.431289e-02 
8.212833e-03 -1.021402e-01 
2.435771e-02 -3.795285e-01 
