poroelastic
2.733514e-02 -1.559294e-01 
1.914292e-02 -2.343414e-01 
4.748656e-03 -2.338662e-01 
-9.491702e-03 -1.562741e-01 
-7.994709e-03 -8.418476e-02 
-2.509035e-03 -1.344289e-02 
5.856772e-03 5.238673e-02 
9.576630e-03 9.136373e-02 
7.829796e-03 1.067541e-01 
3.173308e-03 9.777908e-02 
-5.096724e-03 5.236327e-02 
-5.583139e-03 -2.282033e-02 
-4.049601e-03 -6.025830e-02 
-3.019948e-03 -6.752295e-02 
-1.814470e-03 -4.249611e-02 
-2.390422e-04 6.216369e-03 
-5.846524e-04 3.678032e-02 
-8.605713e-04 5.294290e-02 
-1.085853e-03 5.280664e-02 
-9.375549e-04 3.256310e-02 
-4.226827e-04 7.189644e-03 
5.012879e-05 -2.083800e-02 
5.612435e-04 -5.241364e-02 
1.221014e-03 -7.173278e-02 
1.035108e-03 -5.202711e-02 
-7.278709e-05 -3.715142e-03 
-2.165517e-03 7.645208e-02 
-2.985796e-03 1.496589e-01 
-1.972959e-03 1.283939e-01 
4.107267e-04 3.893085e-02 
8.290681e-04 -1.241066e-01 
8.942142e-03 -3.895585e-01 
-3.935396e-02 -1.303101e-01 
8.184170e-03 -2.101720e-01 
-5.820797e-03 -1.950967e-01 
-1.016387e-02 -1.095140e-01 
-5.370073e-03 -4.023546e-02 
2.962204e-04 1.981241e-02 
7.509186e-03 6.813544e-02 
1.014663e-02 9.110846e-02 
7.372114e-03 9.858292e-02 
3.114491e-03 8.918296e-02 
-3.436541e-03 5.291720e-02 
-3.558739e-03 -6.971996e-03 
-2.693897e-03 -3.975625e-02 
-2.142356e-03 -5.076367e-02 
-1.326821e-03 -3.708968e-02 
-4.137310e-05 -2.131769e-03 
-3.011619e-04 2.277306e-02 
-5.289613e-04 4.006760e-02 
-7.584100e-04 4.841296e-02 
-8.746751e-04 4.101968e-02 
-5.671418e-04 2.195928e-02 
-1.882868e-04 -5.429681e-03 
1.202923e-04 -4.267910e-02 
8.164256e-04 -7.202538e-02 
1.025864e-03 -5.774212e-02 
-1.236088e-05 -1.040107e-02 
-2.652635e-03 7.467951e-02 
-4.477093e-03 1.573027e-01 
-3.641717e-03 1.400365e-01 
-8.574206e-04 4.973003e-02 
1.954437e-03 -1.203636e-01 
1.249208e-02 -4.038239e-01 
-5.745619e-02 -1.278737e-01 
-6.590332e-04 -2.062072e-01 
-1.503354e-02 -1.729785e-01 
-8.860553e-03 -6.812831e-02 
-1.246066e-03 8.542368e-03 
5.143511e-03 6.551278e-02 
1.085579e-02 9.573970e-02 
9.967764e-03 8.930377e-02 
5.822748e-03 7.925393e-02 
1.984179e-03 6.444103e-02 
-2.687191e-03 3.887106e-02 
-2.414958e-03 2.012206e-03 
-1.848185e-03 -1.928730e-02 
-1.644654e-03 -2.871735e-02 
-1.230986e-03 -2.474034e-02 
2.576767e-05 -7.031344e-03 
-1.303540e-04 9.185363e-03 
-3.549533e-04 2.481855e-02 
-6.287470e-04 3.953839e-02 
-8.262041e-04 4.474888e-02 
-6.440224e-04 3.256276e-02 
-2.805304e-04 7.293078e-03 
4.852892e-05 -3.315533e-02 
7.508132e-04 -7.072765e-02 
1.106097e-03 -6.128115e-02 
1.602784e-04 -1.612967e-02 
-2.555967e-03 6.952070e-02 
-5.042723e-03 1.570452e-01 
-4.479137e-03 1.432341e-01 
-1.764739e-03 5.557684e-02 
2.099546e-03 -1.117024e-01 
1.412525e-02 -3.998385e-01 
-3.070503e-02 -1.586789e-01 
-8.983729e-03 -2.121283e-01 
-2.577373e-02 -1.437215e-01 
-4.519338e-03 -6.869837e-03 
5.777901e-03 8.229115e-02 
1.221378e-02 1.334868e-01 
1.448882e-02 1.318630e-01 
7.803363e-03 7.115109e-02 
2.530604e-03 3.419277e-02 
2.602681e-04 1.433451e-02 
-7.888689e-04 9.227093e-03 
-4.317306e-04 1.477128e-02 
-4.865669e-04 1.329683e-02 
-7.746828e-04 6.788120e-03 
-8.329997e-04 -4.325522e-03 
2.128550e-04 -1.535559e-02 
2.084214e-04 -1.243581e-02 
5.042856e-06 1.405651e-03 
-3.571549e-04 2.691177e-02 
-8.026917e-04 5.351741e-02 
-8.095545e-04 5.143855e-02 
-5.023668e-04 2.780249e-02 
-1.796233e-04 -1.967267e-02 
6.780895e-04 -7.267926e-02 
1.424015e-03 -7.118731e-02 
6.748753e-04 -2.906005e-02 
-2.155993e-03 5.667816e-02 
-6.004113e-03 1.518271e-01 
-6.143292e-03 1.474236e-01 
-3.536254e-03 6.974052e-02 
2.058524e-03 -8.360722e-02 
1.641707e-02 -3.633550e-01 
-8.093955e-02 -2.694985e-01 
-8.905689e-03 -2.914450e-01 
-2.362078e-02 -1.609830e-01 
-3.657576e-03 3.575791e-02 
8.821612e-03 1.439088e-01 
1.519891e-02 1.842278e-01 
1.493615e-02 1.483762e-01 
4.789181e-03 4.383245e-02 
-2.716119e-04 -5.321010e-03 
-7.694083e-04 -1.791124e-02 
6.615678e-04 -3.335503e-03 
9.241047e-04 2.775222e-02 
2.178273e-04 3.621082e-02 
-5.306722e-04 2.888000e-02 
-8.713908e-04 6.769074e-03 
4.744257e-04 -2.393892e-02 
5.810185e-04 -2.979549e-02 
2.825600e-04 -1.593096e-02 
-2.966068e-04 1.876641e-02 
-9.714168e-04 6.348749e-02 
-1.067238e-03 6.947317e-02 
-7.049302e-04 4.615353e-02 
-2.155710e-04 -8.745572e-03 
8.303475e-04 -7.966951e-02 
1.905165e-03 -8.810978e-02 
1.372378e-03 -4.808801e-02 
-1.367555e-03 4.266543e-02 
-6.997388e-03 1.559062e-01 
-8.782961e-03 1.646364e-01 
-6.645858e-03 9.201714e-02 
1.282878e-03 -6.445267e-02 
2.159315e-02 -3.601512e-01 
6.070704e-02 1.449795e-01 
8.686904e-03 3.741374e-02 
-2.699573e-03 -7.130478e-02 
-5.574495e-03 -1.161909e-01 
-8.035760e-03 -1.186781e-01 
-6.526635e-03 -8.152120e-02 
2.098532e-04 2.881905e-03 
8.090573e-03 1.085433e-01 
7.674202e-03 1.517986e-01 
3.197223e-03 1.408922e-01 
-4.973312e-03 6.907828e-02 
-5.289017e-03 -4.426349e-02 
-3.209731e-03 -1.024036e-01 
-1.776104e-03 -1.137017e-01 
-5.071706e-04 -7.074297e-02 
-2.166297e-04 1.714819e-02 
-7.931526e-04 6.756447e-02 
-9.489665e-04 8.717372e-02 
-7.473244e-04 7.223747e-02 
-5.519759e-04 2.239511e-02 
-4.429723e-06 -1.798336e-02 
4.327178e-04 -4.897628e-02 
2.534661e-04 -6.979777e-02 
2.848226e-04 -6.858157e-02 
4.496472e-04 -3.958129e-02 
-8.150957e-04 9.059117e-03 
-4.436971e-03 7.927054e-02 
-9.172410e-03 1.419472e-01 
-9.281954e-03 1.219761e-01 
-5.781418e-03 3.620917e-02 
6.473763e-03 -1.257950e-01 
2.599914e-02 -3.709084e-01 
