poroelastic
7.112578e-03 1.566454e-01 
9.488915e-03 1.007149e-01 
1.992386e-02 -2.357603e-01 
1.551944e-02 -7.064177e-01 
4.522630e-03 -9.643092e-01 
-1.394057e-03 -1.013578e+00 
-5.787765e-03 -7.596178e-01 
-4.577582e-03 -3.154363e-01 
-8.463906e-04 -4.341619e-02 
8.001510e-04 1.586373e-01 
1.842378e-04 2.306397e-01 
-5.781831e-04 1.044856e-01 
-6.943080e-04 3.667616e-02 
-1.006572e-03 -3.403811e-02 
-1.012596e-03 -1.541478e-01 
-7.322232e-05 -2.679760e-01 
2.479044e-06 -3.055876e-01 
4.203165e-05 -3.104259e-01 
8.082456e-05 -2.576065e-01 
4.287158e-05 -1.292727e-01 
2.286711e-05 -5.374679e-02 
1.648805e-05 -1.904121e-02 
3.409828e-05 -1.709143e-02 
4.628923e-05 -3.131986e-02 
4.367830e-05 -4.384068e-02 
6.203127e-05 -6.978144e-02 
3.150424e-04 -1.161651e-01 
6.059438e-04 -1.240984e-01 
4.554318e-04 -5.005534e-02 
3.009775e-04 8.498325e-02 
1.461650e-04 3.360537e-01 
-2.213293e-03 7.811499e-01 
-6.179925e-01 8.311905e-02 
7.466519e-03 -2.902173e-01 
3.765768e-02 -7.678584e-01 
1.923163e-02 -1.129309e+00 
2.439669e-03 -1.274709e+00 
-5.535529e-03 -1.185634e+00 
-8.294805e-03 -7.224564e-01 
-1.888625e-03 -7.008538e-02 
2.265715e-03 2.805170e-01 
2.255985e-03 4.998018e-01 
-1.537571e-03 4.900350e-01 
-1.224111e-03 1.685947e-01 
-1.306268e-03 -1.747340e-02 
-1.646854e-03 -1.541876e-01 
-1.497076e-03 -2.923970e-01 
-1.798281e-04 -3.844986e-01 
-1.551822e-04 -4.071398e-01 
-1.538772e-04 -3.892484e-01 
-1.015078e-04 -3.045117e-01 
2.945363e-05 -1.526090e-01 
5.839597e-05 -5.869143e-02 
7.849021e-05 -1.376907e-02 
6.047782e-05 -1.884835e-02 
-4.623699e-05 -5.643887e-02 
-4.098647e-05 -8.467940e-02 
-6.595128e-05 -1.300123e-01 
1.178212e-04 -2.063814e-01 
5.905173e-04 -2.270930e-01 
5.403988e-04 -1.303578e-01 
4.762813e-04 4.397827e-02 
6.174422e-04 3.648532e-01 
-2.333325e-03 9.283032e-01 
-1.177886e+00 -1.041047e-01 
-4.776501e-02 -8.520913e-01 
4.040604e-02 -1.248113e+00 
1.337605e-02 -1.128958e+00 
-3.582666e-04 -9.617836e-01 
-3.029878e-03 -6.351418e-01 
4.748130e-04 -9.825761e-02 
2.599932e-03 4.009029e-01 
3.159573e-03 6.397399e-01 
-1.518018e-03 7.355388e-01 
-9.018612e-03 5.668580e-01 
-1.981240e-03 9.093579e-02 
-1.531959e-03 -1.889995e-01 
-1.709345e-03 -3.541430e-01 
-1.403777e-03 -4.133334e-01 
-1.129577e-04 -3.617663e-01 
-1.217573e-04 -3.218055e-01 
-1.070492e-04 -2.679928e-01 
-2.320571e-04 -1.925970e-01 
-3.649021e-04 -1.211271e-01 
-2.189828e-04 -6.522207e-02 
-2.200141e-04 -3.723402e-02 
-8.739282e-05 -5.183972e-02 
2.352248e-04 -9.746086e-02 
1.218280e-04 -1.327782e-01 
4.417585e-05 -1.834033e-01 
-1.414105e-04 -2.628709e-01 
-6.512523e-05 -2.944438e-01 
1.503000e-04 -2.271459e-01 
2.754848e-04 -1.091181e-01 
5.629235e-04 9.879490e-02 
-9.702517e-04 4.533990e-01 
-1.738320e+00 -5.904502e-01 
-1.759861e-01 -1.851169e+00 
2.107306e-02 -2.050955e+00 
-4.183526e-04 -1.154157e+00 
-2.989106e-03 -4.167416e-01 
3.355148e-03 2.098409e-01 
1.193888e-02 6.653018e-01 
6.024091e-03 7.914119e-01 
1.431011e-03 7.707445e-01 
-5.887676e-03 6.462383e-01 
-1.259940e-02 3.953035e-01 
-1.517573e-03 4.063816e-02 
-7.762651e-04 -1.911735e-01 
-8.341521e-04 -2.730536e-01 
-6.135546e-04 -1.780522e-01 
1.640994e-04 -3.292937e-04 
1.809425e-04 8.060962e-02 
2.362392e-04 1.288256e-01 
-1.333448e-04 1.015554e-01 
-8.005794e-04 -4.380248e-02 
-5.869450e-04 -1.146989e-01 
-6.167273e-04 -1.420304e-01 
1.885374e-05 -1.409245e-01 
1.248222e-03 -1.267419e-01 
8.387431e-04 -1.321989e-01 
8.494832e-04 -1.480554e-01 
1.400161e-04 -1.812295e-01 
-1.386450e-03 -2.322035e-01 
-8.986901e-04 -2.773662e-01 
-7.269991e-04 -3.552167e-01 
-1.098922e-03 -5.165723e-01 
1.499891e-03 -8.264302e-01 
-1.725514e+00 -1.742578e+00 
-2.196876e-01 -2.981590e+00 
-6.376520e-03 -2.315708e+00 
-6.461362e-03 -1.521451e-01 
4.465723e-03 1.277582e+00 
1.606852e-02 2.098278e+00 
2.109530e-02 2.038426e+00 
2.171919e-03 9.643519e-01 
-4.081189e-03 2.527530e-01 
-7.901062e-03 -2.224730e-01 
-9.870006e-03 -4.246619e-01 
-4.242799e-03 -2.612367e-01 
-2.489779e-03 -1.368901e-01 
-2.593080e-03 2.861675e-02 
-2.915494e-03 2.619697e-01 
-2.194025e-04 4.536878e-01 
-1.201985e-04 5.131492e-01 
7.517001e-05 4.555030e-01 
7.151383e-04 2.377010e-01 
9.409635e-04 -1.044250e-01 
7.156764e-04 -3.007509e-01 
7.187163e-04 -3.617223e-01 
9.572152e-04 -2.675599e-01 
6.736938e-04 -5.040174e-02 
5.149706e-04 1.086438e-01 
6.793809e-04 2.601657e-01 
-2.349974e-04 4.341374e-01 
-2.550385e-03 4.422324e-01 
-2.099164e-03 1.085749e-01 
-1.914024e-03 -4.816363e-01 
-2.239918e-03 -1.510277e+00 
6.830577e-03 -3.277886e+00 
7.876739e-02 -3.530272e-01 
-1.828908e-02 -1.357308e+00 
6.780611e-04 -1.174943e+00 
1.411182e-02 2.278075e-01 
3.974185e-03 1.194382e+00 
-9.647833e-03 1.767577e+00 
-2.056527e-02 1.691030e+00 
9.126681e-04 8.616840e-01 
6.852074e-03 3.030150e-01 
1.060049e-02 -1.127599e-01 
1.053970e-02 -3.442353e-01 
1.780974e-04 -2.873252e-01 
-3.478076e-04 -2.417933e-01 
-1.599981e-04 -1.214510e-01 
-1.949965e-04 1.142920e-01 
-5.119212e-04 3.497621e-01 
-3.926252e-04 4.474570e-01 
-7.745995e-04 4.408102e-01 
-7.694723e-04 2.754544e-01 
8.124521e-04 -3.686967e-02 
5.184782e-04 -2.123023e-01 
4.602389e-04 -2.858977e-01 
-2.208506e-04 -2.488669e-01 
-1.470407e-03 -1.071427e-01 
-1.041341e-03 3.142238e-03 
-1.229897e-03 1.169717e-01 
-2.339052e-03 2.597043e-01 
-2.263003e-03 2.938575e-01 
-1.527715e-03 7.263953e-02 
-7.926972e-04 -3.447847e-01 
1.247885e-03 -1.080487e+00 
6.816857e-03 -2.323735e+00 
