poroelastic
3.603126e-02 -1.766791e-02 
4.057202e-02 -2.806277e-02 
4.885208e-02 -6.460263e-02 
8.169721e-03 -1.356846e-01 
-7.770904e-03 -1.744150e-01 
-1.180194e-02 -1.703668e-01 
-1.271625e-02 -1.066397e-01 
-8.796062e-03 1.059312e-02 
-1.587688e-04 9.012786e-02 
-3.683552e-03 1.258826e-01 
-1.754223e-02 9.321147e-02 
-1.253929e-02 -1.299198e-02 
-7.942218e-03 -6.806504e-02 
-6.690669e-03 -8.529336e-02 
-5.059557e-03 -6.393112e-02 
1.096348e-03 -1.251439e-02 
4.628469e-05 1.903008e-02 
-3.554541e-04 3.669573e-02 
-4.031002e-04 4.073219e-02 
-1.131319e-03 2.651945e-02 
-3.600386e-04 3.901986e-03 
4.795759e-04 -2.416326e-02 
1.699064e-03 -5.965554e-02 
2.793316e-03 -8.426854e-02 
2.053723e-03 -6.269829e-02 
2.559493e-04 -7.614313e-03 
-1.921452e-03 8.577132e-02 
-2.419769e-04 1.690792e-01 
1.684045e-03 1.345110e-01 
4.962703e-03 1.682864e-02 
3.086143e-03 -1.935546e-01 
2.561865e-03 -5.194726e-01 
-1.076585e-01 -2.052795e-01 
4.479086e-02 -1.916781e-01 
4.535042e-02 -1.600402e-01 
-1.970303e-03 -1.643371e-01 
-1.121879e-02 -1.674228e-01 
-1.231897e-02 -1.510676e-01 
-1.313674e-02 -9.892603e-02 
-1.046089e-02 -6.103592e-03 
-2.461708e-03 6.497610e-02 
-4.898599e-03 1.060370e-01 
-1.570353e-02 9.259919e-02 
-9.468101e-03 9.886210e-03 
-6.176191e-03 -3.907130e-02 
-5.533332e-03 -6.152915e-02 
-4.103843e-03 -5.489137e-02 
1.709451e-03 -2.002173e-02 
7.677823e-04 6.160535e-03 
3.343299e-04 2.654297e-02 
6.863993e-06 4.130377e-02 
-1.477747e-03 4.146694e-02 
-9.572097e-04 2.360459e-02 
-1.685822e-04 -7.015366e-03 
6.637817e-04 -5.271299e-02 
1.859486e-03 -9.191990e-02 
1.900755e-03 -7.549966e-02 
-1.709622e-05 -1.620257e-02 
-3.694776e-03 9.275151e-02 
-3.290083e-03 1.970116e-01 
-1.026404e-03 1.650641e-01 
3.654265e-03 3.351012e-02 
6.320791e-03 -2.095084e-01 
9.698902e-03 -6.018059e-01 
-3.305868e-01 -3.852811e-01 
3.923928e-02 -3.619758e-01 
4.027308e-02 -2.674358e-01 
-1.111823e-02 -2.011872e-01 
-1.261345e-02 -1.539375e-01 
-9.384540e-03 -1.100253e-01 
-9.418940e-03 -6.205072e-02 
-1.070501e-02 -3.099809e-03 
-4.727799e-03 4.349399e-02 
-6.760315e-03 7.372736e-02 
-1.496427e-02 7.162273e-02 
-8.047972e-03 1.859265e-02 
-5.431844e-03 -1.551006e-02 
-5.281657e-03 -3.474055e-02 
-4.344756e-03 -3.784537e-02 
1.611989e-03 -2.119640e-02 
1.036661e-03 -4.294133e-03 
5.787669e-04 1.379286e-02 
4.680063e-05 3.478989e-02 
-1.508029e-03 4.839246e-02 
-1.195132e-03 3.614727e-02 
-3.303804e-04 4.944137e-03 
7.916206e-04 -4.812729e-02 
2.175120e-03 -9.900665e-02 
2.250416e-03 -8.447908e-02 
2.354189e-04 -2.076977e-02 
-3.905100e-03 9.792813e-02 
-4.606514e-03 2.147733e-01 
-2.337339e-03 1.825934e-01 
2.499339e-03 4.203381e-02 
6.694278e-03 -2.162008e-01 
1.305363e-02 -6.452882e-01 
-6.214143e-01 -5.627888e-01 
3.555821e-03 -5.583003e-01 
1.862342e-02 -3.884922e-01 
-1.889425e-02 -2.195960e-01 
-1.000905e-02 -1.079446e-01 
-1.663583e-03 -3.106535e-02 
-1.276652e-03 5.826711e-03 
-9.397999e-03 5.393397e-03 
-6.285991e-03 2.139905e-02 
-7.679619e-03 4.065120e-02 
-1.332416e-02 4.799317e-02 
-6.525023e-03 2.361894e-02 
-4.474799e-03 1.511520e-03 
-4.525756e-03 -1.553064e-02 
-3.783954e-03 -2.563420e-02 
1.861416e-03 -2.275588e-02 
1.391269e-03 -1.085099e-02 
9.018435e-04 7.854897e-03 
2.669731e-04 3.485565e-02 
-1.597047e-03 5.820302e-02 
-1.423511e-03 4.773205e-02 
-5.324638e-04 1.321411e-02 
2.612995e-04 -4.794763e-02 
1.547040e-03 -1.108557e-01 
2.344601e-03 -9.804283e-02 
2.047838e-04 -2.925890e-02 
-5.185321e-03 9.962966e-02 
-8.230234e-03 2.329278e-01 
-6.070643e-03 2.060301e-01 
-2.103576e-04 6.179655e-02 
8.808400e-03 -2.072415e-01 
2.179202e-02 -6.741125e-01 
-1.070281e+00 -7.678969e-01 
-9.637114e-02 -8.708350e-01 
-1.557432e-02 -5.796075e-01 
-1.770480e-02 -2.218247e-01 
-1.562778e-04 -1.715958e-02 
1.120824e-02 8.314289e-02 
9.802806e-03 8.714921e-02 
-8.783793e-03 1.682656e-02 
-8.661938e-03 -2.564460e-03 
-9.084501e-03 7.266667e-03 
-1.295249e-02 2.496888e-02 
-7.146440e-03 2.680709e-02 
-5.074906e-03 1.715766e-02 
-5.476893e-03 2.968861e-03 
-5.167436e-03 -1.343801e-02 
2.116555e-03 -2.468610e-02 
1.939108e-03 -1.970135e-02 
1.347716e-03 -1.633873e-03 
6.370658e-04 3.039854e-02 
-1.510534e-03 6.368586e-02 
-1.535950e-03 5.733513e-02 
-5.240730e-04 2.233587e-02 
5.527358e-04 -4.479716e-02 
1.979822e-03 -1.231597e-01 
3.027790e-03 -1.172209e-01 
9.571817e-04 -4.709853e-02 
-5.012484e-03 9.170806e-02 
-1.180287e-02 2.512831e-01 
-1.096681e-02 2.363209e-01 
-4.955815e-03 8.845057e-02 
8.874422e-03 -2.019745e-01 
3.362877e-02 -7.225505e-01 
-3.210712e-01 8.757267e-01 
3.784588e-02 6.216405e-01 
2.731628e-02 2.569114e-01 
1.992097e-03 -7.539979e-02 
-1.891853e-02 -2.540028e-01 
-2.703743e-02 -3.040824e-01 
-1.992695e-02 -1.999980e-01 
3.223151e-03 4.474952e-02 
8.615408e-03 1.836263e-01 
2.317572e-03 2.285417e-01 
-1.209048e-02 1.632579e-01 
-7.676155e-03 -5.362220e-03 
-2.973806e-03 -1.014087e-01 
-8.267235e-04 -1.361750e-01 
2.331644e-04 -9.978856e-02 
5.378501e-04 2.944942e-03 
-1.242276e-03 6.163349e-02 
-1.573126e-03 8.624206e-02 
-7.747486e-04 7.433281e-02 
-8.528451e-04 2.427210e-02 
1.372848e-04 -1.648850e-02 
1.017246e-03 -4.915850e-02 
9.197540e-04 -7.406759e-02 
7.129468e-04 -7.660475e-02 
6.390024e-04 -4.558199e-02 
-1.427985e-03 9.343819e-03 
-6.148746e-03 9.177529e-02 
-9.766877e-03 1.658961e-01 
-8.242798e-03 1.350206e-01 
-2.841664e-03 2.197802e-02 
1.197690e-02 -1.884011e-01 
2.644120e-02 -4.970916e-01 
