poroelastic
1.271604e-02 -9.157851e-02 
1.177794e-02 -1.481073e-01 
1.706891e-03 -1.401343e-01 
-4.653122e-03 -4.417217e-02 
-2.118452e-03 3.481225e-02 
1.850904e-03 8.006097e-02 
4.398833e-03 6.721600e-02 
-9.812839e-04 -1.257097e-02 
-3.809427e-03 -6.134489e-02 
-3.537650e-03 -7.901782e-02 
2.765535e-04 -5.437156e-02 
2.650647e-03 9.512455e-03 
2.339950e-03 4.294160e-02 
1.786257e-03 5.173223e-02 
9.151655e-04 3.319640e-02 
1.436998e-04 -6.437202e-03 
2.863635e-04 -3.058495e-02 
4.580787e-04 -4.268599e-02 
6.372979e-04 -4.152323e-02 
4.435301e-04 -2.403354e-02 
1.623968e-04 -2.179346e-03 
-1.091471e-04 2.204600e-02 
-2.954007e-04 4.971963e-02 
-6.977766e-04 6.502424e-02 
-6.934497e-04 4.223777e-02 
2.836669e-04 -8.165448e-03 
2.151842e-03 -8.982175e-02 
1.357949e-03 -1.607026e-01 
-6.780655e-04 -1.340004e-01 
-3.003957e-03 -4.160207e-02 
-2.694797e-03 1.174092e-01 
1.949792e-03 3.471961e-01 
1.772580e-02 1.537534e-01 
-7.312683e-03 6.742319e-02 
-4.121565e-03 -7.771281e-03 
-2.937891e-03 -1.655575e-02 
-2.317241e-03 -5.375820e-03 
-2.173767e-03 5.657404e-03 
-1.736816e-03 2.693307e-03 
-5.134026e-04 -2.568197e-02 
-1.206450e-03 -4.005298e-02 
-2.248509e-04 -3.951564e-02 
2.743982e-03 -1.918983e-02 
3.188694e-03 1.938057e-02 
2.341140e-03 3.704295e-02 
1.913143e-03 3.739564e-02 
1.452009e-03 1.910881e-02 
2.323133e-04 -1.290030e-02 
3.135356e-04 -3.383888e-02 
4.553211e-04 -4.549533e-02 
6.402722e-04 -4.767205e-02 
5.277545e-04 -3.429324e-02 
2.377032e-04 -8.146142e-03 
-8.354100e-05 2.554775e-02 
-1.830255e-04 6.946030e-02 
-7.805656e-04 9.889394e-02 
-1.031552e-03 6.803598e-02 
3.235930e-04 -6.125249e-03 
3.475871e-03 -1.302618e-01 
3.481932e-03 -2.424554e-01 
8.516428e-04 -2.082744e-01 
-2.922974e-03 -7.228768e-02 
-5.304904e-03 1.696667e-01 
-9.143997e-04 5.386703e-01 
1.346699e-01 3.806152e-01 
-2.124845e-02 2.502959e-01 
-7.496944e-03 9.112615e-02 
-2.060627e-03 -9.983777e-03 
-3.667007e-03 -5.145803e-02 
-6.356610e-03 -6.032335e-02 
-6.472632e-03 -4.399447e-02 
1.030235e-03 -2.256589e-02 
1.604557e-03 -9.873371e-03 
2.678124e-03 8.114890e-04 
4.677905e-03 1.192392e-02 
3.606139e-03 2.410383e-02 
2.350522e-03 2.683490e-02 
2.086655e-03 2.014206e-02 
2.049436e-03 3.877358e-03 
3.440240e-04 -1.857301e-02 
3.621146e-04 -3.440382e-02 
4.874119e-04 -4.369545e-02 
6.520538e-04 -4.719943e-02 
5.235120e-04 -3.759491e-02 
2.222070e-04 -9.978067e-03 
-1.575525e-04 2.824273e-02 
-2.479990e-04 8.070151e-02 
-8.366432e-04 1.180356e-01 
-1.145160e-03 8.126904e-02 
4.114678e-04 -7.072590e-03 
4.119339e-03 -1.537052e-01 
4.841208e-03 -2.876868e-01 
2.225574e-03 -2.472839e-01 
-2.084547e-03 -8.444915e-02 
-6.674376e-03 2.044657e-01 
-4.281060e-03 6.484252e-01 
3.301812e-01 6.023357e-01 
-2.460821e-02 4.293931e-01 
-4.483564e-03 1.835858e-01 
8.045153e-04 -1.949567e-02 
-3.959212e-03 -1.133517e-01 
-9.281295e-03 -1.366242e-01 
-1.005209e-02 -9.086931e-02 
2.518911e-03 -5.067932e-03 
4.642957e-03 3.959509e-02 
5.144178e-03 5.687502e-02 
4.670547e-03 4.610261e-02 
2.210758e-03 1.441708e-02 
1.156337e-03 -5.080263e-03 
1.357366e-03 -1.715638e-02 
1.957448e-03 -1.963144e-02 
2.394069e-04 -1.361121e-02 
1.377760e-04 -1.585598e-02 
1.994431e-04 -2.253033e-02 
3.709863e-04 -3.593218e-02 
5.220010e-04 -4.612246e-02 
3.461228e-04 -2.669004e-02 
-2.699366e-07 1.154332e-02 
-1.130064e-04 7.274626e-02 
-8.368517e-04 1.262567e-01 
-1.403026e-03 9.476522e-02 
4.190146e-05 5.122727e-03 
4.109878e-03 -1.476029e-01 
6.794568e-03 -2.949672e-01 
4.889430e-03 -2.612586e-01 
4.912662e-04 -1.003747e-01 
-7.149048e-03 1.890982e-01 
-1.005131e-02 6.544703e-01 
6.342634e-01 8.209746e-01 
-1.158985e-02 6.544857e-01 
-4.935943e-03 3.046911e-01 
7.026333e-03 -3.676622e-02 
-1.438407e-03 -1.967674e-01 
-1.141160e-02 -2.315620e-01 
-1.534029e-02 -1.444968e-01 
3.978202e-03 1.865309e-02 
8.404912e-03 9.870415e-02 
8.055763e-03 1.189599e-01 
4.335227e-03 7.940281e-02 
4.391764e-05 -5.735552e-03 
-4.322720e-04 -5.053912e-02 
6.802523e-04 -6.514170e-02 
2.252406e-03 -4.645093e-02 
1.542820e-05 -2.861988e-06 
-3.185007e-04 1.781204e-02 
-2.664572e-04 1.463234e-02 
1.435343e-05 -1.304319e-02 
5.579305e-04 -5.427896e-02 
5.648888e-04 -5.211713e-02 
2.473283e-04 -2.015930e-02 
-6.516735e-05 4.544902e-02 
-9.401374e-04 1.199110e-01 
-1.660812e-03 1.070102e-01 
-6.479802e-04 3.179616e-02 
2.791587e-03 -1.093690e-01 
7.677737e-03 -2.648503e-01 
7.819993e-03 -2.538059e-01 
4.525596e-03 -1.201485e-01 
-5.418557e-03 1.395380e-01 
-1.701567e-02 5.911252e-01 
6.065918e-01 -6.988190e-01 
3.838117e-02 -6.594840e-01 
1.112357e-02 -4.137935e-01 
-2.268774e-03 -1.360890e-01 
-3.760600e-03 5.878517e-02 
1.466278e-03 1.674778e-01 
7.275702e-03 1.552481e-01 
-1.485422e-04 6.201116e-03 
-4.129347e-03 -8.386185e-02 
-4.914534e-03 -1.182443e-01 
-2.164720e-03 -8.769394e-02 
1.792308e-03 2.196934e-03 
1.903877e-03 5.233300e-02 
1.252291e-03 6.915391e-02 
1.563613e-04 4.724500e-02 
4.787901e-05 -1.063799e-02 
2.104423e-04 -4.343729e-02 
2.681462e-04 -5.639475e-02 
2.907666e-04 -4.802077e-02 
3.012517e-04 -1.695661e-02 
8.794886e-05 9.721328e-03 
-1.066175e-04 3.183779e-02 
-1.918637e-04 4.943140e-02 
-4.829496e-04 5.133777e-02 
-4.368609e-04 2.678714e-02 
3.331942e-04 -1.511668e-02 
2.256409e-03 -7.492352e-02 
4.935021e-03 -1.288794e-01 
5.090028e-03 -1.121487e-01 
3.084164e-03 -3.961692e-02 
-4.672040e-03 9.528420e-02 
-1.097489e-02 2.726925e-01 
