poroelastic
2.001411e-02 -1.498810e-01 
1.318641e-02 -2.193917e-01 
2.827866e-03 -2.106370e-01 
-6.207931e-03 -1.269495e-01 
-4.029640e-03 -5.771863e-02 
4.986086e-04 5.195301e-03 
5.530537e-03 5.796663e-02 
5.453313e-03 8.194826e-02 
4.136838e-03 8.800554e-02 
8.223173e-04 7.615108e-02 
-4.615870e-03 3.715411e-02 
-3.979413e-03 -2.266673e-02 
-3.130791e-03 -5.173755e-02 
-2.679108e-03 -5.572982e-02 
-1.963445e-03 -3.225224e-02 
-2.696495e-04 9.046295e-03 
-1.803857e-04 3.445949e-02 
-2.841501e-04 4.736850e-02 
-4.391849e-04 4.513883e-02 
-1.727629e-04 2.430076e-02 
-6.772776e-05 1.117265e-03 
-3.503087e-07 -2.265288e-02 
-1.038651e-04 -4.770967e-02 
-1.360626e-04 -6.067800e-02 
2.267686e-05 -4.142805e-02 
-2.851740e-04 1.510379e-03 
-1.598343e-03 7.180448e-02 
-3.188381e-03 1.320203e-01 
-3.136284e-03 1.069148e-01 
-2.020081e-03 2.157808e-02 
-1.403746e-03 -1.290504e-01 
1.300729e-02 -3.800650e-01 
-3.644691e-02 -9.534917e-02 
4.893409e-03 -1.724146e-01 
-3.260344e-03 -1.532809e-01 
-5.042358e-03 -6.980827e-02 
-9.376111e-04 -6.665445e-03 
3.533610e-03 4.483988e-02 
7.092881e-03 7.828100e-02 
5.053646e-03 7.998341e-02 
3.149172e-03 7.605040e-02 
1.672638e-04 6.255314e-02 
-4.198746e-03 3.071192e-02 
-3.116975e-03 -1.313558e-02 
-2.418661e-03 -3.501753e-02 
-2.227646e-03 -4.084595e-02 
-1.825268e-03 -2.849365e-02 
-2.615561e-04 -3.026817e-04 
-1.579234e-04 1.880414e-02 
-2.302352e-04 3.068783e-02 
-3.087484e-04 3.489030e-02 
-6.483689e-05 2.759747e-02 
-1.537594e-05 1.210010e-02 
3.912059e-05 -9.120359e-03 
-1.920652e-04 -3.673823e-02 
-3.667632e-04 -5.597655e-02 
-7.743415e-05 -4.147413e-02 
-3.644065e-04 -1.393294e-03 
-1.838767e-03 6.838237e-02 
-3.674894e-03 1.308932e-01 
-3.675635e-03 1.082360e-01 
-2.434345e-03 2.453549e-02 
-7.783386e-04 -1.265671e-01 
1.420568e-02 -3.781865e-01 
-3.925949e-02 -7.821512e-02 
-1.646574e-03 -1.507134e-01 
-9.551009e-03 -1.247245e-01 
-3.754745e-03 -3.190756e-02 
1.993804e-03 3.495421e-02 
6.469890e-03 8.100465e-02 
8.849280e-03 9.825262e-02 
5.237771e-03 7.908603e-02 
2.476311e-03 6.228587e-02 
-2.199113e-04 4.533729e-02 
-3.421651e-03 2.423442e-02 
-2.293446e-03 -2.411037e-04 
-1.755871e-03 -1.392143e-02 
-1.794162e-03 -1.864858e-02 
-1.745477e-03 -1.359617e-02 
-2.478126e-04 -1.134489e-03 
-1.372120e-04 9.180371e-03 
-1.924748e-04 1.886767e-02 
-2.213273e-04 2.647942e-02 
1.189027e-05 2.586558e-02 
3.315506e-05 1.619874e-02 
9.434776e-05 -1.230305e-03 
-1.908714e-04 -2.844314e-02 
-5.038017e-04 -5.088544e-02 
-1.504383e-04 -3.948733e-02 
-4.151497e-04 -3.333216e-03 
-1.933451e-03 6.116242e-02 
-3.951717e-03 1.224867e-01 
-3.993187e-03 1.027466e-01 
-2.649881e-03 2.187834e-02 
-4.868916e-05 -1.251647e-01 
1.455272e-02 -3.583791e-01 
1.788360e-02 -6.560669e-02 
-4.290265e-03 -1.176734e-01 
-1.474470e-02 -7.147453e-02 
4.680464e-04 3.297160e-02 
6.824026e-03 9.685313e-02 
1.035336e-02 1.291154e-01 
1.004448e-02 1.162568e-01 
3.134776e-03 5.430487e-02 
-1.304035e-04 1.687815e-02 
-1.601057e-03 -2.018869e-03 
-2.212034e-03 -3.630491e-03 
-9.310583e-04 9.088001e-03 
-6.002252e-04 1.488966e-02 
-9.072731e-04 1.466975e-02 
-1.301156e-03 8.199254e-03 
-1.505367e-04 -2.716691e-03 
-3.866383e-05 -3.942996e-03 
-6.678101e-05 2.963651e-03 
-8.810315e-05 1.831409e-02 
1.348212e-05 3.463159e-02 
1.982235e-05 3.272569e-02 
9.703046e-05 1.703349e-02 
-2.030545e-04 -1.459613e-02 
-6.245399e-04 -4.897822e-02 
-1.242361e-04 -4.561642e-02 
-2.938936e-04 -1.430360e-02 
-1.793191e-03 4.753145e-02 
-4.250239e-03 1.125503e-01 
-4.595605e-03 1.005586e-01 
-3.334668e-03 3.078308e-02 
2.229927e-04 -1.001407e-01 
1.549398e-02 -3.290072e-01 
8.759775e-03 -1.636490e-01 
2.970329e-03 -1.635513e-01 
-1.155399e-02 -6.453237e-02 
3.734508e-04 7.106910e-02 
8.166804e-03 1.452732e-01 
1.202742e-02 1.695506e-01 
1.096147e-02 1.313983e-01 
1.559492e-03 3.351569e-02 
-1.958816e-03 -1.480223e-02 
-2.508700e-03 -2.951166e-02 
-1.591237e-03 -1.618531e-02 
-1.282152e-04 1.947495e-02 
-6.802183e-05 3.472573e-02 
-7.672666e-04 3.310285e-02 
-1.488974e-03 1.390413e-02 
6.934537e-05 -1.756025e-02 
2.315876e-04 -2.776700e-02 
1.700519e-04 -2.102250e-02 
4.840517e-05 4.697175e-03 
-7.381471e-05 4.235182e-02 
-6.373289e-05 5.030758e-02 
7.081441e-05 3.599657e-02 
-1.021384e-04 -2.064858e-03 
-5.057521e-04 -5.244609e-02 
9.999853e-05 -5.759018e-02 
3.521422e-05 -2.728878e-02 
-1.440718e-03 4.125109e-02 
-5.219875e-03 1.236396e-01 
-6.703380e-03 1.226350e-01 
-5.851015e-03 5.870597e-02 
-3.227050e-04 -7.607451e-02 
2.050948e-02 -3.423076e-01 
8.456593e-02 1.032508e-01 
6.734803e-03 4.035530e-02 
-4.585703e-03 -4.119562e-02 
-3.425290e-03 -8.751926e-02 
-4.412646e-03 -9.607005e-02 
-3.333227e-03 -6.790878e-02 
2.224349e-04 3.779226e-03 
4.051657e-03 9.445059e-02 
4.808053e-03 1.307785e-01 
2.884880e-03 1.196853e-01 
-2.436193e-03 5.426258e-02 
-4.955420e-03 -4.653627e-02 
-3.815301e-03 -9.609978e-02 
-2.901078e-03 -1.025310e-01 
-1.685238e-03 -5.930446e-02 
-7.948315e-05 2.119052e-02 
-1.579590e-05 6.494073e-02 
-2.007975e-05 7.912498e-02 
1.417086e-05 5.941373e-02 
3.699434e-05 7.408834e-03 
2.289512e-05 -2.966770e-02 
2.482374e-05 -5.391995e-02 
-4.813789e-04 -6.475037e-02 
-8.728125e-04 -5.333115e-02 
-4.671078e-04 -2.334852e-02 
-9.615852e-04 1.857740e-02 
-3.834525e-03 7.464912e-02 
-8.594446e-03 1.192322e-01 
-8.693313e-03 9.387188e-02 
-6.448009e-03 1.374497e-02 
3.686352e-03 -1.342178e-01 
2.666733e-02 -3.618902e-01 
