poroelastic
6.421518e-03 -1.391496e-01 
1.385394e-03 -2.214117e-01 
-1.976030e-02 -2.125987e-01 
-1.883701e-02 -7.311548e-02 
-1.066267e-02 4.059319e-02 
-5.980915e-03 1.100184e-01 
4.513653e-04 1.074389e-01 
6.549464e-03 1.436529e-02 
8.843682e-04 -5.062166e-02 
8.512583e-04 -8.271497e-02 
6.920417e-03 -6.711382e-02 
7.145790e-03 -2.679833e-03 
5.780839e-03 3.414772e-02 
6.054587e-03 4.815370e-02 
5.917358e-03 3.653599e-02 
9.200345e-04 4.391238e-03 
5.516263e-04 -1.323592e-02 
6.786331e-04 -2.056550e-02 
1.095838e-03 -1.660312e-02 
7.102019e-04 -4.846435e-04 
3.849419e-04 1.365644e-02 
3.321777e-04 2.640587e-02 
7.825052e-04 3.939330e-02 
8.684831e-04 4.229926e-02 
6.378563e-04 2.048012e-02 
1.383118e-03 -2.009619e-02 
1.973053e-03 -8.505756e-02 
-9.038774e-04 -1.323536e-01 
-1.750124e-03 -8.110675e-02 
-3.418603e-03 3.713710e-02 
-1.729620e-03 2.295984e-01 
-2.493044e-03 4.970809e-01 
9.302883e-02 2.295611e-01 
-2.801958e-02 8.847134e-02 
-3.678496e-02 -9.804244e-03 
-1.826339e-02 2.650795e-03 
-1.120313e-02 3.264760e-02 
-1.056377e-02 5.375088e-02 
-5.930121e-03 4.743267e-02 
8.154823e-03 -2.171308e-03 
4.226557e-03 -3.673371e-02 
5.239560e-03 -5.242820e-02 
1.164059e-02 -3.591113e-02 
9.365083e-03 1.506693e-02 
6.941706e-03 3.987081e-02 
7.194346e-03 4.384316e-02 
7.393680e-03 2.427060e-02 
1.114618e-03 -1.160106e-02 
6.688382e-04 -2.770610e-02 
8.117123e-04 -2.983620e-02 
1.169693e-03 -1.665467e-02 
5.843950e-04 1.060685e-02 
2.476987e-04 2.986962e-02 
1.871837e-04 4.313233e-02 
1.222855e-03 5.250044e-02 
2.031546e-03 4.605521e-02 
1.596612e-03 1.163808e-02 
2.768651e-03 -4.302161e-02 
4.385894e-03 -1.260505e-01 
8.367421e-04 -1.827381e-01 
-7.054745e-04 -1.079716e-01 
-3.682651e-03 5.702006e-02 
-4.895951e-03 3.261310e-01 
-8.696664e-03 7.139790e-01 
3.843040e-01 5.586627e-01 
-4.610209e-02 3.632983e-01 
-4.923763e-02 1.653806e-01 
-1.638732e-02 6.430195e-02 
-1.127811e-02 2.548792e-02 
-1.340267e-02 9.389208e-03 
-9.872932e-03 3.110711e-03 
9.361079e-03 -1.151024e-02 
6.594453e-03 -2.341609e-02 
8.194765e-03 -2.604563e-02 
1.475200e-02 -9.430032e-03 
1.103712e-02 2.865196e-02 
7.774790e-03 4.361123e-02 
7.943185e-03 3.970252e-02 
8.453020e-03 1.393616e-02 
1.279555e-03 -2.508434e-02 
7.605218e-04 -4.038234e-02 
9.040429e-04 -3.852286e-02 
1.077676e-03 -1.785027e-02 
2.092207e-04 1.897656e-02 
-5.837128e-05 4.282319e-02 
-1.483240e-04 5.650040e-02 
1.169562e-03 6.201005e-02 
2.638446e-03 4.743188e-02 
2.131663e-03 4.248319e-03 
3.553641e-03 -5.888315e-02 
6.188138e-03 -1.505890e-01 
3.244533e-03 -2.117510e-01 
1.123106e-03 -1.243753e-01 
-2.790087e-03 6.609967e-02 
-7.527772e-03 3.776393e-01 
-1.526061e-02 8.398266e-01 
8.159359e-01 8.449554e-01 
-3.427006e-02 6.372632e-01 
-4.478212e-02 3.375910e-01 
-1.199055e-02 9.953480e-02 
-1.125415e-02 -1.793555e-02 
-1.662011e-02 -6.930752e-02 
-1.505652e-02 -6.015060e-02 
9.064008e-03 -1.338807e-02 
8.616697e-03 8.500974e-03 
1.025619e-02 1.952058e-02 
1.549383e-02 2.711458e-02 
1.106133e-02 3.524761e-02 
7.356339e-03 3.353661e-02 
7.505693e-03 2.177160e-02 
8.412541e-03 -2.268238e-03 
1.088194e-03 -3.160623e-02 
5.431836e-04 -4.238796e-02 
6.210429e-04 -3.870496e-02 
6.385949e-04 -1.953994e-02 
-3.973183e-05 1.377503e-02 
-1.934768e-04 3.922164e-02 
-3.137477e-04 5.715702e-02 
1.118308e-03 6.979462e-02 
3.021379e-03 6.230677e-02 
2.262946e-03 1.557157e-02 
3.821590e-03 -5.678825e-02 
7.947239e-03 -1.616517e-01 
7.461976e-03 -2.390121e-01 
4.836540e-03 -1.524110e-01 
-2.275155e-04 4.910128e-02 
-1.031236e-02 3.814649e-01 
-2.479697e-02 8.931635e-01 
1.363511e+00 1.082219e+00 
3.752901e-02 9.786176e-01 
-2.512217e-02 5.526921e-01 
-1.024562e-02 1.049037e-01 
-1.301007e-02 -1.204663e-01 
-2.357322e-02 -2.048058e-01 
-2.729581e-02 -1.569301e-01 
7.174058e-03 -1.750802e-02 
1.118650e-02 5.567292e-02 
1.277237e-02 8.532412e-02 
1.594087e-02 7.579694e-02 
1.150279e-02 3.254178e-02 
7.018696e-03 4.232244e-03 
7.511876e-03 -1.545743e-02 
9.316775e-03 -2.676878e-02 
6.266481e-04 -2.639919e-02 
-5.097128e-05 -2.420110e-02 
-1.034315e-04 -1.954567e-02 
-3.567680e-04 -1.275108e-02 
-3.372406e-04 -1.962478e-03 
-3.090006e-04 1.658571e-02 
-4.833353e-04 3.823884e-02 
5.936113e-04 6.540683e-02 
2.395429e-03 8.241336e-02 
1.454563e-03 4.564048e-02 
2.703282e-03 -2.789004e-02 
7.806395e-03 -1.437212e-01 
1.268307e-02 -2.510800e-01 
1.084977e-02 -1.885757e-01 
5.479085e-03 6.149313e-05 
-1.085658e-02 3.322579e-01 
-3.797399e-02 8.808364e-01 
8.030234e-01 -1.052233e+00 
2.512356e-02 -9.086873e-01 
3.725860e-03 -5.699681e-01 
-7.952190e-03 -2.289743e-01 
-7.086422e-03 1.337182e-02 
-2.041236e-03 1.583681e-01 
3.429740e-03 1.727495e-01 
2.369477e-03 3.256261e-02 
-2.034553e-03 -5.853462e-02 
-3.282929e-03 -1.003455e-01 
-1.103324e-04 -8.479524e-02 
3.856877e-03 -1.520572e-02 
3.460215e-03 2.630855e-02 
3.543748e-03 4.336195e-02 
3.287904e-03 3.119496e-02 
3.006276e-04 -8.364244e-03 
1.275405e-04 -2.868681e-02 
1.708806e-04 -3.474042e-02 
2.720496e-04 -2.531823e-02 
2.605118e-04 -4.813631e-04 
1.344924e-04 1.668653e-02 
8.729803e-05 2.807102e-02 
8.141326e-04 3.442826e-02 
1.542722e-03 2.770869e-02 
1.175571e-03 4.117604e-03 
1.957030e-03 -2.990915e-02 
5.328663e-03 -7.613980e-02 
8.662118e-03 -1.113930e-01 
7.326628e-03 -7.685278e-02 
4.003599e-03 1.589246e-02 
-8.590783e-03 1.825926e-01 
-2.374238e-02 4.167375e-01 
