poroelastic
-1.313865e-02 -4.072456e-02 
-1.716905e-02 -4.854263e-02 
-2.546024e-02 -2.738893e-03 
-7.184929e-03 1.019251e-01 
2.527797e-03 1.640103e-01 
6.728721e-03 1.807481e-01 
8.432460e-03 1.328088e-01 
3.769923e-03 1.292426e-02 
-1.271132e-03 -6.249451e-02 
-6.867624e-04 -9.334549e-02 
3.945321e-03 -6.731455e-02 
3.089672e-03 1.548824e-02 
2.727017e-03 6.513982e-02 
2.477347e-03 8.474398e-02 
1.695054e-03 7.078680e-02 
2.340505e-04 2.657206e-02 
8.595676e-05 -1.226578e-02 
1.146868e-04 -4.400699e-02 
2.973316e-04 -6.787262e-02 
2.835043e-04 -7.267180e-02 
2.516785e-04 -5.212609e-02 
2.375102e-04 -1.548751e-02 
1.529399e-04 3.816632e-02 
-1.074038e-04 8.817400e-02 
-2.361509e-04 8.534775e-02 
-1.041215e-04 4.173438e-02 
4.088213e-04 -4.537948e-02 
8.904323e-04 -1.326121e-01 
8.730687e-04 -1.232500e-01 
4.472276e-04 -4.252574e-02 
2.643236e-03 1.154995e-01 
-6.019344e-03 3.925185e-01 
1.447870e-01 3.428487e-01 
-2.856371e-02 2.697411e-01 
-2.790798e-02 1.978502e-01 
-9.165261e-04 1.784886e-01 
4.427542e-03 1.636826e-01 
4.583098e-03 1.329906e-01 
4.620253e-03 7.946635e-02 
4.048764e-03 9.538563e-04 
2.208922e-04 -5.411422e-02 
1.045493e-03 -7.703433e-02 
5.365901e-03 -5.009440e-02 
3.533106e-03 2.565114e-02 
2.902285e-03 7.204547e-02 
2.607292e-03 9.131312e-02 
1.831013e-03 7.741545e-02 
2.597405e-04 3.100331e-02 
1.110893e-04 -1.011514e-02 
1.606696e-04 -4.423810e-02 
3.030496e-04 -6.940493e-02 
1.600221e-04 -7.504627e-02 
1.269014e-04 -5.711344e-02 
8.608471e-05 -2.266556e-02 
1.953263e-04 2.653907e-02 
2.744907e-04 7.083591e-02 
7.425637e-06 6.952517e-02 
1.136740e-04 3.041013e-02 
8.525663e-04 -4.723377e-02 
1.572826e-03 -1.221215e-01 
1.553442e-03 -1.084717e-01 
9.630348e-04 -2.504296e-02 
2.037936e-03 1.366320e-01 
-8.361536e-03 4.226182e-01 
5.451054e-01 7.096264e-01 
-3.055341e-02 6.173398e-01 
-3.433448e-02 4.538715e-01 
7.124197e-03 3.164800e-01 
8.610448e-03 2.160612e-01 
5.011630e-03 1.278192e-01 
2.656022e-03 4.793150e-02 
3.287711e-03 -2.052287e-02 
3.786838e-04 -6.379350e-02 
1.841716e-03 -7.644969e-02 
6.610474e-03 -4.632452e-02 
4.278449e-03 2.458458e-02 
3.278683e-03 6.593550e-02 
2.999519e-03 7.994802e-02 
2.412796e-03 6.306922e-02 
3.118940e-04 1.730024e-02 
1.701900e-04 -1.802095e-02 
2.505578e-04 -4.215535e-02 
3.087388e-04 -5.162916e-02 
-9.837948e-06 -4.324805e-02 
-3.111049e-05 -2.642659e-02 
-8.592865e-05 -4.102921e-03 
1.696702e-04 1.977682e-02 
6.329402e-04 3.456096e-02 
3.739089e-04 2.766654e-02 
5.186377e-04 2.633248e-04 
1.536542e-03 -4.677933e-02 
2.330435e-03 -8.480521e-02 
1.949889e-03 -6.036190e-02 
1.101705e-03 1.983393e-02 
7.002621e-04 1.672710e-01 
-1.001152e-02 4.074888e-01 
1.139353e+00 9.813653e-01 
1.716761e-02 9.648428e-01 
-2.840743e-02 7.095245e-01 
1.161296e-02 3.920674e-01 
6.350927e-03 1.774251e-01 
-1.904249e-03 3.019197e-02 
-4.755924e-03 -4.944274e-02 
3.435487e-03 -5.988389e-02 
2.998557e-03 -5.623407e-02 
5.495760e-03 -4.115351e-02 
1.078800e-02 -6.873932e-03 
7.120507e-03 4.914327e-02 
4.829857e-03 7.628954e-02 
4.351922e-03 7.547901e-02 
3.957828e-03 4.405945e-02 
3.933609e-04 -8.695043e-03 
2.019082e-04 -3.877843e-02 
2.645326e-04 -4.674074e-02 
1.208295e-04 -2.777951e-02 
-3.681193e-04 1.239006e-02 
-2.946530e-04 3.528130e-02 
-3.106416e-04 4.451645e-02 
1.229023e-04 3.527289e-02 
1.088199e-03 6.303149e-03 
8.805250e-04 -1.674765e-02 
1.172525e-03 -3.954236e-02 
3.005053e-03 -6.418686e-02 
4.410804e-03 -6.886929e-02 
3.100437e-03 -2.626595e-02 
1.620512e-03 5.701573e-02 
-1.019220e-03 2.051619e-01 
-1.502528e-02 4.623101e-01 
1.911547e+00 1.152438e+00 
1.739623e-01 1.386497e+00 
-1.281231e-03 1.002111e+00 
4.858234e-03 4.177619e-01 
-2.362778e-03 6.338300e-02 
-1.467347e-02 -1.438789e-01 
-2.016342e-02 -2.036615e-01 
1.469110e-03 -1.090177e-01 
5.140141e-03 -4.219336e-02 
8.904245e-03 7.313640e-03 
1.640990e-02 5.150590e-02 
1.407730e-02 8.535636e-02 
8.688593e-03 9.077449e-02 
7.746532e-03 7.418277e-02 
7.608291e-03 3.197497e-02 
1.934977e-04 -3.213403e-02 
-9.994751e-05 -6.057502e-02 
-2.222171e-04 -5.773804e-02 
-9.442625e-04 -2.230922e-02 
-1.105889e-03 3.741721e-02 
-7.937540e-04 7.065846e-02 
-7.785019e-04 8.234657e-02 
-1.630528e-04 7.232623e-02 
1.423168e-03 3.535759e-02 
1.120930e-03 -6.087150e-03 
1.543439e-03 -4.689025e-02 
5.132789e-03 -9.439107e-02 
1.053284e-02 -1.263749e-01 
8.359165e-03 -6.916289e-02 
5.255626e-03 5.492708e-02 
-4.013192e-03 2.677101e-01 
-3.040501e-02 6.322320e-01 
5.450737e-01 -1.054749e+00 
-1.744465e-02 -6.969081e-01 
-5.573695e-03 -3.010167e-01 
-2.315760e-03 -3.874021e-02 
1.872830e-03 1.067315e-01 
4.394269e-03 1.682853e-01 
3.987350e-03 1.283334e-01 
-1.468368e-04 -8.739056e-03 
-2.555276e-03 -8.281466e-02 
-3.193960e-03 -1.113075e-01 
-1.001813e-03 -8.934049e-02 
2.524774e-03 -1.805488e-02 
2.394166e-03 2.062103e-02 
2.505741e-03 3.534133e-02 
2.310216e-03 2.268176e-02 
4.073945e-05 -1.348108e-02 
-8.245126e-05 -2.581923e-02 
-9.112263e-05 -2.235623e-02 
-8.090443e-05 -7.271213e-04 
6.243216e-05 3.268663e-02 
6.948493e-05 3.975951e-02 
5.211209e-05 2.964744e-02 
3.857970e-04 3.285205e-03 
1.012604e-03 -3.365196e-02 
1.005677e-03 -4.803417e-02 
1.302940e-03 -4.436657e-02 
3.955776e-03 -2.791371e-02 
6.253207e-03 -3.042821e-03 
3.430056e-03 2.437399e-02 
1.528857e-03 5.927812e-02 
-4.124198e-03 1.233223e-01 
-1.445905e-02 2.260009e-01 
