poroelastic
-3.479834e-02 2.986976e-01 
-2.364925e-02 4.661353e-01 
1.389596e-02 4.494251e-01 
2.433062e-02 2.061018e-01 
1.402423e-02 2.699578e-03 
3.543996e-03 -1.441519e-01 
-1.117578e-02 -1.973637e-01 
-1.647652e-02 -1.143480e-01 
-6.839299e-03 -4.088287e-02 
-3.283910e-03 1.499595e-02 
-5.225729e-03 4.185200e-02 
-4.532131e-03 2.599519e-02 
-3.687936e-03 1.386769e-02 
-4.475450e-03 3.179454e-03 
-4.739438e-03 -7.059467e-03 
7.865205e-05 -1.489401e-02 
4.094211e-04 -2.021445e-02 
4.590484e-04 -2.235059e-02 
3.934791e-04 -1.977888e-02 
2.869076e-04 -1.333151e-02 
1.999776e-04 -8.683696e-03 
1.277639e-04 -5.885279e-03 
-1.188259e-04 -6.456533e-03 
-4.595176e-04 -7.113756e-03 
-4.829486e-04 4.863936e-04 
-9.398356e-04 1.417228e-02 
-9.644267e-04 3.716158e-02 
1.603293e-03 4.952807e-02 
2.050688e-03 1.797731e-02 
2.936832e-03 -3.892857e-02 
2.389219e-03 -1.214229e-01 
-3.908727e-04 -2.037696e-01 
-4.837437e-02 -8.968322e-02 
1.369774e-02 1.318796e-01 
3.664614e-02 2.164546e-01 
2.400416e-02 1.002920e-01 
1.403442e-02 -1.275939e-02 
8.112377e-03 -1.046290e-01 
-4.987502e-03 -1.489819e-01 
-1.984364e-02 -1.061042e-01 
-1.155077e-02 -6.053376e-02 
-9.138949e-03 -2.038112e-02 
-1.143922e-02 5.398827e-03 
-7.157859e-03 2.246448e-03 
-5.099860e-03 1.888491e-03 
-5.858420e-03 3.186814e-03 
-6.277099e-03 4.281318e-03 
6.893542e-05 3.667262e-03 
3.350551e-04 -2.441242e-04 
4.975298e-04 -6.301763e-03 
5.673472e-04 -1.290354e-02 
2.202026e-04 -1.914976e-02 
3.761471e-04 -2.454840e-02 
4.313685e-04 -2.795432e-02 
-1.665406e-04 -3.085881e-02 
-8.524137e-04 -2.697112e-02 
-8.956934e-04 -5.418790e-03 
-2.027991e-03 2.915098e-02 
-3.164608e-03 8.201134e-02 
6.253679e-04 1.163937e-01 
2.059708e-03 6.636592e-02 
4.622133e-03 -4.038020e-02 
6.291388e-03 -2.103043e-01 
2.207811e-03 -4.298897e-01 
-3.069786e-01 -4.248582e-01 
3.881521e-02 -1.520377e-01 
5.597402e-02 2.084976e-02 
2.257153e-02 3.082128e-03 
1.324838e-02 -4.432558e-02 
9.675265e-03 -9.527667e-02 
-2.369041e-03 -1.259148e-01 
-2.215267e-02 -9.710541e-02 
-1.413054e-02 -6.246316e-02 
-1.242972e-02 -3.143237e-02 
-1.565283e-02 -1.239719e-02 
-9.373368e-03 -1.775071e-02 
-6.322189e-03 -1.556792e-02 
-6.893384e-03 -6.686442e-03 
-7.515877e-03 7.732918e-03 
-2.511994e-04 2.205346e-02 
6.897731e-06 2.366092e-02 
2.825518e-04 1.507831e-02 
6.284890e-04 -2.751899e-03 
3.984885e-04 -2.600103e-02 
7.308381e-04 -4.219367e-02 
9.094293e-04 -5.104463e-02 
2.946791e-04 -5.439077e-02 
-6.013951e-04 -4.269328e-02 
-9.312980e-04 -5.881044e-03 
-2.524715e-03 4.662914e-02 
-4.288603e-03 1.202472e-01 
-9.391577e-05 1.663100e-01 
1.995182e-03 9.828632e-02 
5.345473e-03 -4.610754e-02 
8.087319e-03 -2.754823e-01 
4.076061e-03 -5.847444e-01 
-7.499320e-01 -7.033325e-01 
3.503436e-02 -4.387995e-01 
5.900877e-02 -1.878367e-01 
1.663049e-02 -8.846911e-02 
1.086902e-02 -5.996229e-02 
1.052599e-02 -6.598085e-02 
1.716125e-03 -8.611840e-02 
-2.093748e-02 -8.130345e-02 
-1.463884e-02 -6.188747e-02 
-1.359411e-02 -4.060413e-02 
-1.711934e-02 -2.651635e-02 
-9.911002e-03 -3.155750e-02 
-6.380401e-03 -2.706944e-02 
-6.707837e-03 -1.304835e-02 
-7.382581e-03 9.917163e-03 
-7.079103e-05 3.422641e-02 
1.064182e-04 4.027896e-02 
4.913839e-04 3.120442e-02 
9.481031e-04 7.501443e-03 
2.164041e-04 -2.635077e-02 
6.622662e-04 -5.069704e-02 
9.476871e-04 -6.471871e-02 
1.843201e-04 -7.003000e-02 
-8.632869e-04 -5.574325e-02 
-1.106637e-03 -1.107427e-02 
-3.043779e-03 5.194363e-02 
-5.750752e-03 1.383372e-01 
-2.272247e-03 1.961526e-01 
4.193747e-04 1.235048e-01 
4.708989e-03 -3.756731e-02 
1.014221e-02 -2.969834e-01 
9.067048e-03 -6.653460e-01 
-1.284501e+00 -8.768936e-01 
-3.785369e-02 -7.416673e-01 
3.683229e-02 -4.062237e-01 
1.726239e-02 -1.377807e-01 
1.412146e-02 -1.502862e-02 
1.784827e-02 2.034499e-02 
1.376669e-02 -9.861457e-03 
-1.802235e-02 -5.857869e-02 
-1.563296e-02 -7.581312e-02 
-1.479802e-02 -7.464056e-02 
-1.732297e-02 -5.879106e-02 
-1.071168e-02 -3.853284e-02 
-6.562210e-03 -1.857835e-02 
-7.030022e-03 2.787008e-03 
-8.372081e-03 2.372019e-02 
1.863466e-05 3.809719e-02 
4.377091e-04 3.846439e-02 
9.579923e-04 2.683390e-02 
1.677257e-03 4.042005e-03 
4.270681e-04 -2.603982e-02 
7.246411e-04 -4.857083e-02 
1.022138e-03 -6.205482e-02 
4.825264e-04 -6.793132e-02 
-3.786654e-04 -5.694749e-02 
-6.580117e-04 -1.588875e-02 
-2.339794e-03 4.317722e-02 
-5.222319e-03 1.245590e-01 
-4.646102e-03 1.868527e-01 
-2.202402e-03 1.250712e-01 
1.981607e-03 -2.291010e-02 
9.459119e-03 -2.674178e-01 
1.472485e-02 -6.362643e-01 
-8.876980e-01 9.868212e-01 
-3.897736e-02 9.693269e-01 
-6.253224e-04 6.946968e-01 
1.311117e-02 3.122467e-01 
9.441047e-03 1.941763e-02 
-1.581758e-04 -1.807737e-01 
-1.190876e-02 -2.530858e-01 
-1.007837e-02 -1.450367e-01 
-2.501674e-03 -4.944169e-02 
1.194139e-03 2.354512e-02 
1.511052e-03 6.561777e-02 
-2.627418e-04 5.784756e-02 
-1.007030e-03 4.478080e-02 
-1.801904e-03 2.800371e-02 
-2.056149e-03 7.605901e-03 
4.394650e-04 -9.759445e-03 
6.288445e-04 -2.053673e-02 
6.418310e-04 -2.412923e-02 
4.535310e-04 -1.880462e-02 
-7.489978e-05 -6.200840e-03 
-1.889031e-04 3.171327e-03 
-3.037524e-04 8.480004e-03 
-5.665812e-04 8.158812e-03 
-6.707475e-04 5.324296e-03 
-6.400800e-04 8.981410e-03 
-9.513433e-04 1.588634e-02 
-1.598388e-03 2.664791e-02 
-1.198977e-03 3.225761e-02 
-4.261906e-04 1.281985e-02 
8.150371e-04 -2.405048e-02 
3.621797e-03 -8.156014e-02 
3.935733e-03 -1.324931e-01 
