poroelastic
2.762418e-02 -1.726822e-01 
1.654592e-02 -2.561067e-01 
-2.425256e-03 -2.485581e-01 
-1.392118e-02 -1.554042e-01 
-9.902301e-03 -7.381524e-02 
-2.748675e-03 1.851818e-03 
8.181740e-03 6.663423e-02 
1.358080e-02 9.911316e-02 
9.909795e-03 1.111446e-01 
4.101058e-03 1.011311e-01 
-4.901289e-03 5.600969e-02 
-5.049737e-03 -2.089495e-02 
-3.123886e-03 -5.933088e-02 
-1.734311e-03 -6.728001e-02 
-5.164579e-04 -4.297604e-02 
-1.367233e-04 5.970205e-03 
-9.346136e-04 3.748218e-02 
-1.308923e-03 5.534609e-02 
-1.388286e-03 5.844390e-02 
-1.382723e-03 4.160012e-02 
-6.658745e-04 1.549210e-02 
1.538873e-04 -1.620928e-02 
1.312977e-03 -5.475169e-02 
2.406464e-03 -8.194620e-02 
1.839564e-03 -6.226171e-02 
2.536656e-04 -8.643129e-03 
-2.216832e-03 8.170041e-02 
-2.687615e-03 1.679425e-01 
-9.439809e-04 1.505703e-01 
1.890969e-03 5.762048e-02 
9.858584e-04 -1.160344e-01 
4.821785e-03 -4.038081e-01 
-2.932470e-02 -1.444001e-01 
2.588688e-03 -2.302304e-01 
-1.636016e-02 -2.062179e-01 
-1.383922e-02 -1.043508e-01 
-6.134858e-03 -2.673084e-02 
1.081793e-03 3.728160e-02 
1.089394e-02 8.476032e-02 
1.532124e-02 1.033368e-01 
1.026897e-02 1.088502e-01 
4.733396e-03 9.801300e-02 
-2.669872e-03 5.922537e-02 
-2.921094e-03 -6.301412e-03 
-1.804618e-03 -4.312458e-02 
-8.288064e-04 -5.612108e-02 
1.258292e-04 -4.155512e-02 
9.262524e-05 -1.988352e-03 
-6.114607e-04 2.694017e-02 
-9.968254e-04 4.748614e-02 
-1.157754e-03 5.836009e-02 
-1.373396e-03 5.141432e-02 
-8.842085e-04 2.928349e-02 
-1.611464e-04 -3.418576e-03 
7.832600e-04 -4.828484e-02 
2.019249e-03 -8.513111e-02 
1.981432e-03 -7.011131e-02 
4.366069e-04 -1.573581e-02 
-2.913163e-03 8.284957e-02 
-5.039951e-03 1.824842e-01 
-3.503797e-03 1.695575e-01 
3.366862e-05 7.371817e-02 
2.555095e-03 -1.113315e-01 
9.795814e-03 -4.253848e-01 
-3.705158e-02 -1.461529e-01 
-7.205114e-03 -2.303802e-01 
-2.790367e-02 -1.868397e-01 
-1.164584e-02 -6.445129e-02 
-6.783514e-04 2.390736e-02 
7.607430e-03 8.741542e-02 
1.575419e-02 1.182633e-01 
1.561233e-02 1.068021e-01 
8.693440e-03 9.179737e-02 
3.511705e-03 7.221354e-02 
-1.745741e-03 4.202505e-02 
-1.771269e-03 2.075044e-04 
-1.097181e-03 -2.423192e-02 
-5.395319e-04 -3.480855e-02 
6.704360e-05 -2.920059e-02 
1.912222e-04 -6.238616e-03 
-3.322980e-04 1.415024e-02 
-7.511520e-04 3.292049e-02 
-1.091358e-03 5.004353e-02 
-1.413989e-03 5.586294e-02 
-1.074674e-03 4.030919e-02 
-3.501859e-04 9.057108e-03 
6.931823e-04 -4.019236e-02 
2.050852e-03 -8.654516e-02 
2.158773e-03 -7.577634e-02 
6.639402e-04 -2.184927e-02 
-2.828405e-03 8.015345e-02 
-5.848537e-03 1.874812e-01 
-4.678188e-03 1.774031e-01 
-1.212275e-03 8.178489e-02 
2.640833e-03 -1.043042e-01 
1.213119e-02 -4.287551e-01 
-3.488173e-03 -1.883449e-01 
-1.549123e-02 -2.428962e-01 
-4.015636e-02 -1.605826e-01 
-5.102506e-03 -1.745870e-03 
8.750120e-03 1.027988e-01 
1.712629e-02 1.630043e-01 
2.076067e-02 1.616464e-01 
1.290520e-02 9.000293e-02 
4.863106e-03 4.402855e-02 
1.779484e-03 1.688719e-02 
8.976723e-04 6.761185e-03 
2.745481e-04 1.080384e-02 
1.155702e-05 8.247003e-03 
-3.569947e-05 1.819178e-03 
1.773715e-04 -7.215549e-03 
3.647816e-04 -1.391040e-02 
1.514701e-04 -7.186438e-03 
-2.687541e-04 9.583061e-03 
-8.370015e-04 3.718564e-02 
-1.430809e-03 6.436292e-02 
-1.353653e-03 5.876544e-02 
-7.244676e-04 2.912586e-02 
2.851196e-04 -2.673987e-02 
1.957867e-03 -8.824648e-02 
2.616818e-03 -8.538954e-02 
1.349604e-03 -3.470260e-02 
-2.430641e-03 6.655311e-02 
-7.402384e-03 1.807922e-01 
-7.161953e-03 1.804130e-01 
-3.722363e-03 9.569166e-02 
2.667646e-03 -7.444559e-02 
1.580004e-02 -3.868689e-01 
-6.175551e-02 -3.188666e-01 
-1.231698e-02 -3.375379e-01 
-3.552104e-02 -1.840724e-01 
-2.736835e-03 4.632452e-02 
1.315530e-02 1.708808e-01 
2.066283e-02 2.167056e-01 
2.020376e-02 1.768979e-01 
8.645865e-03 5.860078e-02 
1.628134e-03 1.323018e-03 
8.947156e-04 -1.605522e-02 
2.730987e-03 -6.114044e-03 
1.667124e-03 2.335575e-02 
5.491794e-04 3.105982e-02 
4.303211e-05 2.426202e-02 
1.195720e-04 4.495120e-03 
6.762497e-04 -2.275763e-02 
6.516928e-04 -2.534235e-02 
8.815367e-05 -8.515625e-03 
-8.700017e-04 2.842602e-02 
-1.762926e-03 7.375461e-02 
-1.798548e-03 7.681177e-02 
-1.106387e-03 4.829655e-02 
1.161927e-04 -1.410281e-02 
2.115448e-03 -9.375651e-02 
3.172350e-03 -1.018659e-01 
2.156578e-03 -5.452427e-02 
-1.433614e-03 5.010982e-02 
-8.283150e-03 1.816714e-01 
-1.010918e-02 1.947797e-01 
-7.296871e-03 1.159904e-01 
1.586987e-03 -5.476439e-02 
2.156211e-02 -3.775455e-01 
1.531841e-02 1.530149e-01 
7.137838e-03 3.394566e-02 
-3.740981e-03 -7.691792e-02 
-8.404677e-03 -1.115927e-01 
-9.657088e-03 -1.068440e-01 
-6.812386e-03 -6.507685e-02 
2.505905e-03 2.080931e-02 
1.169974e-02 1.241192e-01 
8.813393e-03 1.616681e-01 
2.280823e-03 1.443536e-01 
-6.762857e-03 6.731749e-02 
-4.416355e-03 -4.873432e-02 
-1.497155e-03 -1.079280e-01 
2.455107e-04 -1.186743e-01 
1.068188e-03 -7.314126e-02 
-4.651085e-04 1.959317e-02 
-1.671937e-03 7.314615e-02 
-1.926047e-03 9.442627e-02 
-1.342594e-03 8.016093e-02 
-7.505341e-04 2.944909e-02 
1.428823e-04 -1.375134e-02 
9.160871e-04 -4.853407e-02 
1.095833e-03 -7.416070e-02 
1.336935e-03 -7.751484e-02 
1.247238e-03 -4.788762e-02 
-4.834292e-04 5.631503e-03 
-4.617810e-03 8.497855e-02 
-9.803915e-03 1.589752e-01 
-9.891768e-03 1.418020e-01 
-5.794727e-03 5.224564e-02 
7.412175e-03 -1.187459e-01 
2.514302e-02 -3.807527e-01 
