poroelastic
8.793886e-03 -7.041928e-02 
7.033505e-03 -1.177635e-01 
-3.698328e-03 -1.117022e-01 
-6.480797e-03 -2.477711e-02 
-1.530425e-03 4.717546e-02 
3.458759e-03 8.537524e-02 
5.488644e-03 6.493688e-02 
-1.817519e-03 -2.178365e-02 
-4.954470e-03 -7.529186e-02 
-3.527781e-03 -9.430003e-02 
2.725418e-03 -6.438596e-02 
4.292738e-03 1.297262e-02 
2.881624e-03 5.338245e-02 
1.781990e-03 6.399176e-02 
7.174062e-04 4.187196e-02 
1.397136e-04 -6.178383e-03 
8.032540e-04 -3.533153e-02 
1.102026e-03 -5.015651e-02 
1.118708e-03 -5.012387e-02 
9.355973e-04 -3.140110e-02 
2.769539e-04 -5.459259e-03 
-4.451762e-04 2.478018e-02 
-1.248626e-03 6.078609e-02 
-2.009834e-03 8.255962e-02 
-1.544959e-03 5.542988e-02 
2.917318e-04 -6.771664e-03 
3.059781e-03 -1.076593e-01 
8.748504e-04 -1.963101e-01 
-2.847124e-03 -1.646206e-01 
-6.393978e-03 -5.112476e-02 
-4.238944e-03 1.450766e-01 
8.059016e-03 4.203653e-01 
2.325309e-02 1.635270e-01 
-1.084031e-02 8.841645e-02 
-7.298176e-03 1.510210e-02 
-3.416928e-03 1.859654e-03 
-1.951872e-03 7.715057e-03 
-1.592128e-03 1.247938e-02 
-1.345963e-03 1.978627e-03 
-6.603196e-04 -3.391674e-02 
-1.504161e-03 -5.426185e-02 
4.188780e-04 -5.738470e-02 
5.239803e-03 -3.273640e-02 
4.329282e-03 2.038140e-02 
2.691854e-03 4.693372e-02 
1.939008e-03 5.099491e-02 
1.325610e-03 2.978550e-02 
1.477128e-04 -1.200344e-02 
7.172922e-04 -3.942203e-02 
9.280085e-04 -5.513350e-02 
9.420246e-04 -5.905928e-02 
1.143904e-03 -4.398921e-02 
4.666940e-04 -1.315279e-02 
-3.760073e-04 2.732410e-02 
-1.191155e-03 8.048120e-02 
-2.353758e-03 1.177437e-01 
-2.196929e-03 8.360638e-02 
2.628165e-04 -3.026032e-03 
5.036700e-03 -1.500744e-01 
4.047979e-03 -2.854626e-01 
-7.706558e-04 -2.468652e-01 
-6.623116e-03 -8.682098e-02 
-8.618396e-03 1.983582e-01 
5.043376e-03 6.267031e-01 
1.494043e-01 3.858318e-01 
-2.476844e-02 2.662601e-01 
-1.024100e-02 1.124517e-01 
-2.350250e-03 1.212416e-02 
-3.941966e-03 -3.246430e-02 
-6.737872e-03 -4.796833e-02 
-6.441419e-03 -4.268911e-02 
1.636890e-03 -3.463863e-02 
1.946019e-03 -2.887684e-02 
3.939342e-03 -1.934004e-02 
7.543938e-03 -9.808787e-04 
4.741754e-03 2.766396e-02 
2.840728e-03 3.962393e-02 
2.382557e-03 3.593717e-02 
2.228960e-03 1.483132e-02 
3.360361e-04 -2.008477e-02 
7.915273e-04 -4.348598e-02 
9.557743e-04 -5.672534e-02 
9.416964e-04 -6.071016e-02 
1.156756e-03 -4.716516e-02 
4.146771e-04 -1.312526e-02 
-5.827026e-04 3.285295e-02 
-1.566554e-03 9.471982e-02 
-2.756710e-03 1.388645e-01 
-2.417699e-03 9.615757e-02 
4.333089e-04 -7.336743e-03 
5.799945e-03 -1.793362e-01 
5.384592e-03 -3.371396e-01 
4.899465e-04 -2.890909e-01 
-5.878537e-03 -9.862930e-02 
-1.024885e-02 2.375220e-01 
1.696936e-03 7.532663e-01 
3.522679e-01 6.112463e-01 
-2.554094e-02 4.464615e-01 
-3.799713e-03 2.041715e-01 
6.906502e-04 1.131033e-03 
-5.345258e-03 -9.690115e-02 
-1.111737e-02 -1.273783e-01 
-1.073974e-02 -9.180753e-02 
3.728214e-03 -1.655796e-02 
5.472151e-03 2.265667e-02 
6.158122e-03 3.947194e-02 
6.355130e-03 3.560663e-02 
2.905789e-03 1.848849e-02 
1.735484e-03 7.417972e-03 
1.920196e-03 -2.148824e-03 
2.292589e-03 -9.781886e-03 
1.488527e-04 -1.630603e-02 
2.892339e-04 -2.632067e-02 
3.913090e-04 -3.692522e-02 
5.425964e-04 -5.031902e-02 
1.225323e-03 -5.582793e-02 
7.342215e-04 -2.946730e-02 
-1.917629e-04 1.677363e-02 
-1.177415e-03 8.731468e-02 
-2.705525e-03 1.474185e-01 
-2.791081e-03 1.094548e-01 
-7.242215e-06 4.318688e-03 
6.115051e-03 -1.734272e-01 
8.644482e-03 -3.442242e-01 
4.587191e-03 -3.027816e-01 
-2.109980e-03 -1.145704e-01 
-1.126661e-02 2.202973e-01 
-7.229990e-03 7.533731e-01 
6.697678e-01 8.454289e-01 
-6.662539e-03 6.874029e-01 
2.853660e-04 3.314274e-01 
6.534182e-03 -2.144576e-02 
-4.451149e-03 -1.881052e-01 
-1.485710e-02 -2.275980e-01 
-1.656696e-02 -1.461969e-01 
5.481617e-03 9.421583e-03 
9.238887e-03 8.438005e-02 
8.064961e-03 1.030120e-01 
4.111456e-03 6.844251e-02 
5.612556e-04 -3.985160e-03 
5.969210e-04 -4.073234e-02 
1.821978e-03 -5.262145e-02 
2.926333e-03 -3.799166e-02 
-2.246366e-04 -2.278347e-03 
-5.791551e-04 8.540433e-03 
-4.004378e-04 1.309680e-03 
1.487552e-04 -2.689255e-02 
1.342147e-03 -6.386667e-02 
1.228827e-03 -5.532470e-02 
3.973227e-04 -1.605665e-02 
-8.708152e-04 5.811480e-02 
-2.786080e-03 1.396270e-01 
-3.139045e-03 1.218488e-01 
-9.858374e-04 3.305523e-02 
4.238331e-03 -1.303982e-01 
9.849546e-03 -3.086833e-01 
8.533888e-03 -2.924547e-01 
3.332567e-03 -1.343747e-01 
-8.602995e-03 1.659591e-01 
-1.653741e-02 6.730376e-01 
6.507643e-01 -7.288727e-01 
4.053469e-02 -6.912858e-01 
6.302053e-03 -4.395425e-01 
-5.320533e-03 -1.425143e-01 
-2.278214e-03 6.802292e-02 
6.326579e-03 1.843192e-01 
1.183207e-02 1.687450e-01 
-1.963093e-03 3.049225e-03 
-6.361408e-03 -9.824884e-02 
-5.721779e-03 -1.372156e-01 
-7.436176e-04 -1.030472e-01 
2.172114e-03 4.200951e-04 
1.294483e-03 5.902552e-02 
1.111329e-04 7.915940e-02 
-8.734345e-04 5.484022e-02 
2.561783e-04 -1.113666e-02 
9.800686e-04 -4.941171e-02 
1.141055e-03 -6.578957e-02 
8.870327e-04 -5.908543e-02 
6.932942e-04 -2.689633e-02 
1.165143e-04 4.140449e-03 
-4.599979e-04 3.264141e-02 
-9.322460e-04 5.886541e-02 
-1.484850e-03 6.809744e-02 
-1.121050e-03 4.020195e-02 
3.755847e-04 -1.281454e-02 
3.372114e-03 -9.148855e-02 
6.465978e-03 -1.635364e-01 
5.824772e-03 -1.419992e-01 
2.519485e-03 -4.969969e-02 
-7.176871e-03 1.162368e-01 
-1.096650e-02 3.292865e-01 
