poroelastic
8.309982e-03 -2.062284e-01 
-5.091977e-03 -3.066686e-01 
-3.153203e-02 -2.741505e-01 
-2.113022e-02 -1.034256e-01 
-8.155203e-03 3.120123e-02 
8.445082e-04 1.255186e-01 
1.227778e-02 1.594000e-01 
1.795043e-02 1.101194e-01 
9.665821e-03 6.453099e-02 
5.831637e-03 2.350107e-02 
5.312195e-03 -1.032655e-02 
2.815851e-03 -2.592939e-02 
2.121506e-03 -3.045666e-02 
3.179185e-03 -2.426809e-02 
4.165569e-03 -5.541771e-03 
5.632299e-04 2.115016e-02 
1.298347e-04 3.898569e-02 
3.433067e-05 4.847229e-02 
1.052470e-04 4.789864e-02 
4.469636e-06 3.462743e-02 
2.564380e-05 1.578026e-02 
2.676135e-04 -5.852681e-03 
7.802055e-04 -2.992255e-02 
1.160376e-03 -4.556566e-02 
9.911551e-04 -3.442470e-02 
5.688179e-04 -4.345516e-03 
-3.546740e-04 4.384170e-02 
-2.128226e-03 9.277459e-02 
-2.083762e-03 9.907888e-02 
-1.454583e-03 7.440409e-02 
-8.485344e-04 2.552419e-02 
1.482987e-03 -5.873539e-02 
6.171444e-02 1.994477e-02 
-2.511557e-02 -1.120877e-01 
-4.649292e-02 -1.245091e-01 
-1.595782e-02 -6.980495e-03 
-2.865257e-03 8.788980e-02 
4.250301e-03 1.523560e-01 
1.416368e-02 1.688610e-01 
2.007897e-02 1.191936e-01 
1.120489e-02 7.201426e-02 
7.445420e-03 2.841854e-02 
7.289054e-03 -6.785867e-03 
3.693523e-03 -2.066211e-02 
2.661565e-03 -2.545991e-02 
3.574171e-03 -2.165307e-02 
4.491132e-03 -7.251155e-03 
5.981934e-04 1.504373e-02 
1.665358e-04 3.197815e-02 
9.329243e-05 4.362218e-02 
1.657727e-04 4.894806e-02 
8.742841e-06 4.286953e-02 
-1.445310e-05 2.555484e-02 
2.061575e-04 1.161365e-03 
9.604838e-04 -3.093359e-02 
1.829820e-03 -5.703839e-02 
1.712589e-03 -4.848652e-02 
1.374953e-03 -1.498823e-02 
4.311485e-04 4.444592e-02 
-2.605560e-03 1.096345e-01 
-3.170513e-03 1.234505e-01 
-2.656679e-03 1.013278e-01 
-1.579499e-03 4.956046e-02 
1.473750e-03 -4.559789e-02 
2.662102e-01 1.964443e-01 
-3.245466e-02 5.433711e-02 
-5.807200e-02 8.096184e-03 
-8.605880e-03 8.725578e-02 
3.440124e-03 1.472524e-01 
8.612972e-03 1.819831e-01 
1.600482e-02 1.753500e-01 
2.005311e-02 1.126497e-01 
1.082441e-02 5.987519e-02 
7.598347e-03 1.730480e-02 
8.542493e-03 -1.042607e-02 
4.610845e-03 -1.374988e-02 
3.304794e-03 -1.326668e-02 
4.007982e-03 -9.719101e-03 
4.782531e-03 -2.167065e-03 
6.500392e-04 9.003323e-03 
1.898645e-04 2.091013e-02 
1.233755e-04 3.257337e-02 
1.277714e-04 4.379521e-02 
-1.492938e-04 4.760394e-02 
-1.570807e-04 3.481808e-02 
4.982347e-05 1.076556e-02 
9.269120e-04 -2.596918e-02 
2.175313e-03 -6.094814e-02 
2.120089e-03 -5.652894e-02 
1.888397e-03 -2.367005e-02 
1.161620e-03 3.923288e-02 
-2.428170e-03 1.124098e-01 
-3.643566e-03 1.317718e-01 
-3.412297e-03 1.142829e-01 
-2.269104e-03 6.648781e-02 
9.575920e-04 -2.549747e-02 
5.986542e-01 3.176523e-01 
-1.102363e-02 2.287193e-01 
-5.674282e-02 1.617641e-01 
1.076309e-03 1.879591e-01 
9.799722e-03 2.057381e-01 
1.178538e-02 2.031596e-01 
1.468501e-02 1.636446e-01 
1.629318e-02 7.927483e-02 
7.798065e-03 1.727183e-02 
6.154611e-03 -2.133927e-02 
9.976946e-03 -2.779310e-02 
6.524421e-03 3.520618e-03 
4.640127e-03 2.079298e-02 
4.791557e-03 2.573928e-02 
5.049190e-03 1.670241e-02 
5.890908e-04 -3.079092e-03 
2.168498e-04 -6.444879e-03 
1.865675e-04 2.416222e-03 
1.178803e-04 2.467565e-02 
-2.549477e-04 5.191803e-02 
-3.234498e-04 5.278272e-02 
-1.918873e-04 3.449050e-02 
8.410731e-04 -4.588031e-03 
2.606810e-03 -5.190715e-02 
2.642878e-03 -5.893942e-02 
2.749454e-03 -3.659164e-02 
2.874566e-03 1.519594e-02 
-8.258924e-04 8.394805e-02 
-3.197121e-03 1.136005e-01 
-3.878588e-03 1.160025e-01 
-3.819685e-03 1.004377e-01 
-2.738634e-03 5.810750e-02 
9.527236e-01 3.328364e-01 
7.898952e-02 3.947244e-01 
-2.586413e-02 3.114849e-01 
-1.256439e-03 2.475973e-01 
5.500972e-03 2.058125e-01 
5.069076e-03 1.637234e-01 
4.834395e-03 1.048651e-01 
1.081814e-02 2.604727e-02 
5.536441e-03 -1.697353e-02 
5.864698e-03 -3.237158e-02 
1.202427e-02 -1.791654e-02 
9.940027e-03 2.666400e-02 
6.567777e-03 4.573015e-02 
6.143836e-03 4.432129e-02 
6.257074e-03 2.191242e-02 
4.639287e-04 -1.629231e-02 
1.036233e-04 -2.825960e-02 
-8.444074e-06 -1.972955e-02 
-4.091548e-04 1.079722e-02 
-6.788663e-04 5.600704e-02 
-6.776023e-04 6.862246e-02 
-5.650266e-04 5.632640e-02 
4.972055e-04 1.814365e-02 
2.605349e-03 -3.768896e-02 
2.728360e-03 -5.647628e-02 
3.108065e-03 -4.632364e-02 
4.552775e-03 -8.605954e-03 
2.523300e-03 5.129784e-02 
-1.449106e-03 8.851389e-02 
-3.482859e-03 1.090058e-01 
-5.804882e-03 1.246482e-01 
-8.427875e-03 1.341847e-01 
3.642589e-01 -5.722640e-01 
-1.251688e-02 -4.805214e-01 
-1.352848e-02 -3.169229e-01 
-9.640154e-03 -1.236924e-01 
-2.406658e-03 1.271713e-02 
3.593300e-03 1.048775e-01 
8.732536e-03 1.432397e-01 
8.419781e-03 1.058048e-01 
4.077834e-03 6.348563e-02 
1.078241e-03 1.808834e-02 
-6.450787e-04 -2.771665e-02 
-7.033480e-04 -5.653524e-02 
-1.625495e-04 -6.388994e-02 
9.630113e-04 -5.264098e-02 
1.992455e-03 -2.073153e-02 
9.187881e-05 2.349693e-02 
-1.745676e-04 4.950585e-02 
-2.262485e-04 5.860971e-02 
-1.902170e-04 4.838022e-02 
-7.057538e-05 1.920810e-02 
6.111081e-05 -7.532602e-03 
2.096503e-04 -2.952668e-02 
6.677100e-04 -4.522399e-02 
1.532906e-03 -4.735089e-02 
1.405461e-03 -3.015866e-02 
1.014707e-03 4.305061e-04 
5.644203e-04 4.363446e-02 
-2.233937e-03 8.422296e-02 
-4.345960e-03 8.479731e-02 
-4.001673e-03 5.622369e-02 
-7.200458e-04 2.267498e-03 
5.642172e-03 -7.423288e-02 
