poroelastic
1.707045e-02 -1.169546e-01 
1.706331e-02 -1.867193e-01 
1.143448e-02 -1.858366e-01 
1.590274e-03 -9.273939e-02 
1.210893e-04 -1.219713e-02 
2.262532e-03 4.309788e-02 
4.221485e-03 5.582004e-02 
-3.940884e-04 1.137706e-02 
-1.834010e-03 -2.188432e-02 
-2.239092e-03 -3.839238e-02 
-1.544532e-03 -3.035108e-02 
-2.249613e-04 1.863969e-03 
6.071880e-05 1.861914e-02 
-1.440572e-04 2.312594e-02 
-5.203019e-04 1.208349e-02 
-1.183128e-04 -1.081788e-02 
-4.313145e-05 -2.200370e-02 
-8.152895e-06 -2.525760e-02 
1.845377e-05 -1.872936e-02 
1.104523e-05 -3.355462e-03 
-1.266508e-05 6.402844e-03 
-2.370319e-05 1.265837e-02 
-5.950698e-05 1.515782e-02 
-1.405024e-04 1.041872e-02 
-8.439045e-05 3.104725e-04 
1.052305e-05 -1.323825e-02 
2.299356e-04 -3.032379e-02 
2.407718e-04 -4.215955e-02 
-1.417154e-05 -3.369624e-02 
-2.046862e-04 -1.182844e-02 
-8.391612e-06 1.938805e-02 
9.657459e-05 5.475108e-02 
-1.282650e-02 1.502522e-01 
2.172435e-03 4.166745e-02 
7.970064e-03 -4.969615e-02 
2.589190e-03 -6.866661e-02 
-7.905387e-05 -6.069640e-02 
-8.042442e-04 -3.928368e-02 
-6.513203e-04 -1.580616e-02 
-5.610424e-04 -1.090991e-02 
-3.201380e-04 -8.514653e-03 
-4.598768e-05 -4.443126e-03 
3.286485e-04 4.226035e-03 
4.381963e-04 1.794905e-02 
2.716635e-04 2.165363e-02 
-1.809766e-05 1.602206e-02 
-2.623517e-04 7.303309e-04 
-3.414309e-05 -1.923667e-02 
2.335793e-05 -2.872672e-02 
6.608731e-05 -2.949218e-02 
7.941952e-05 -2.096562e-02 
-1.778304e-05 -4.085254e-03 
-4.181124e-05 1.061785e-02 
-5.281422e-05 2.208241e-02 
-4.388254e-05 3.005899e-02 
-1.214684e-04 2.806089e-02 
-1.055116e-04 9.550909e-03 
9.198874e-05 -2.075877e-02 
5.593471e-04 -6.453890e-02 
4.993683e-04 -9.850652e-02 
5.663030e-05 -8.137278e-02 
-4.585773e-04 -2.939252e-02 
-2.264698e-04 5.795505e-02 
-2.946818e-04 1.986870e-01 
9.615903e-02 4.255824e-01 
-1.274950e-02 2.870798e-01 
4.681402e-03 9.793372e-02 
3.214364e-03 -5.094953e-02 
-1.100206e-03 -1.136855e-01 
-4.650404e-03 -1.267031e-01 
-5.670312e-03 -8.774925e-02 
3.358794e-04 -1.541770e-02 
2.007035e-03 2.429111e-02 
2.519169e-03 4.339336e-02 
2.155843e-03 4.418095e-02 
9.389720e-04 3.086600e-02 
3.031469e-04 1.580314e-02 
2.778233e-05 4.959403e-04 
3.574369e-05 -1.488795e-02 
6.411153e-05 -2.787303e-02 
9.441860e-05 -3.425936e-02 
1.353428e-04 -3.443051e-02 
1.240384e-04 -2.880369e-02 
-5.227925e-05 -1.585624e-02 
-7.886121e-05 2.863554e-03 
-1.164035e-04 2.410032e-02 
-3.887415e-05 4.965752e-02 
-6.599653e-05 6.356553e-02 
-1.901184e-04 3.899863e-02 
5.101237e-05 -1.153826e-02 
8.276308e-04 -9.310945e-02 
1.117737e-03 -1.669386e-01 
6.009052e-04 -1.456480e-01 
-2.536332e-04 -5.922284e-02 
-5.550874e-04 9.650305e-02 
-1.677113e-03 3.604306e-01 
3.561824e-01 7.191592e-01 
-2.082134e-02 5.753860e-01 
2.013931e-03 2.851863e-01 
5.840129e-03 -1.572328e-02 
-5.031800e-04 -1.711458e-01 
-6.759762e-03 -2.201811e-01 
-9.068109e-03 -1.553748e-01 
7.073189e-04 -1.142716e-02 
4.124671e-03 6.995137e-02 
4.746284e-03 1.047241e-01 
2.678337e-03 8.515444e-02 
-3.975443e-05 1.976829e-02 
-6.159392e-04 -1.812750e-02 
-5.363221e-04 -3.862217e-02 
6.202518e-06 -3.743796e-02 
5.798122e-05 -1.459462e-02 
3.057085e-05 -8.391477e-03 
4.668055e-05 -1.208224e-02 
7.642433e-05 -2.671562e-02 
3.965844e-05 -4.345739e-02 
-3.916955e-06 -3.252494e-02 
-8.827495e-05 -3.099090e-03 
-3.100094e-05 4.787932e-02 
-9.025537e-05 9.584879e-02 
-3.916875e-04 7.765039e-02 
-1.997097e-04 1.372717e-02 
8.257976e-04 -1.006715e-01 
2.189644e-03 -2.174915e-01 
2.093923e-03 -2.036586e-01 
1.074811e-03 -9.742654e-02 
-8.411053e-04 1.010650e-01 
-4.849170e-03 4.518110e-01 
7.121666e-01 9.795924e-01 
-8.274041e-03 8.871163e-01 
-5.498249e-03 4.709171e-01 
1.475152e-02 -2.641635e-02 
4.999886e-03 -2.793075e-01 
-6.705471e-03 -3.556382e-01 
-1.384571e-02 -2.467229e-01 
1.370472e-03 6.146371e-03 
7.665644e-03 1.380742e-01 
8.178281e-03 1.794355e-01 
3.252758e-03 1.283756e-01 
-2.603384e-03 -7.875602e-04 
-2.642143e-03 -7.116265e-02 
-1.615701e-03 -9.389993e-02 
-8.166241e-05 -6.334109e-02 
-6.678724e-05 9.558027e-03 
-2.391970e-04 3.834415e-02 
-1.747486e-04 3.612931e-02 
8.971076e-05 -1.907546e-03 
2.895510e-04 -6.583643e-02 
2.252205e-04 -7.639238e-02 
6.526603e-05 -4.875186e-02 
-5.245436e-05 1.875809e-02 
-2.244135e-04 1.025457e-01 
-5.691564e-04 1.062487e-01 
-4.877207e-04 5.001932e-02 
1.766230e-04 -6.710350e-02 
2.525405e-03 -2.051695e-01 
4.047041e-03 -2.168998e-01 
3.717403e-03 -1.286427e-01 
-2.284717e-04 6.005303e-02 
-9.183053e-03 4.019722e-01 
5.425118e-01 -6.795595e-01 
2.272507e-02 -5.332460e-01 
4.086706e-03 -2.730888e-01 
1.519172e-03 -7.438532e-02 
-5.912348e-04 4.986464e-02 
1.239330e-03 1.163239e-01 
4.182346e-03 9.592786e-02 
-1.577125e-04 -2.523285e-02 
-2.116974e-03 -8.402940e-02 
-2.591414e-03 -9.418738e-02 
-1.583454e-03 -5.663590e-02 
6.566274e-04 1.822388e-02 
9.218659e-04 5.753805e-02 
2.618930e-04 6.346571e-02 
-6.810580e-04 3.408576e-02 
-2.307174e-05 -2.026185e-02 
-2.213866e-05 -5.285370e-02 
-6.473972e-05 -6.539645e-02 
-7.447630e-05 -5.392852e-02 
1.209070e-05 -1.922486e-02 
3.462559e-05 8.880217e-03 
3.044961e-05 3.033409e-02 
-6.061416e-06 4.353697e-02 
-1.561242e-04 4.018565e-02 
-1.722575e-04 1.944714e-02 
-2.625239e-05 -1.273487e-02 
3.946768e-04 -5.550690e-02 
1.958258e-03 -9.445405e-02 
2.897887e-03 -8.772922e-02 
2.558065e-03 -3.990797e-02 
-1.199541e-03 5.340925e-02 
-6.246804e-03 1.713302e-01 
