poroelastic
1.567338e-03 -3.678398e-02 
-2.704199e-04 -6.734382e-02 
-9.078984e-03 -6.312975e-02 
-6.315169e-03 4.389241e-03 
2.123270e-04 5.920754e-02 
5.010404e-03 8.285138e-02 
5.376439e-03 5.283940e-02 
-3.091667e-03 -3.447923e-02 
-5.553891e-03 -8.743951e-02 
-2.411979e-03 -1.041213e-01 
6.015312e-03 -6.779342e-02 
5.321528e-03 2.016692e-02 
2.621768e-03 6.469689e-02 
9.715388e-04 7.497051e-02 
-5.563363e-05 4.786629e-02 
1.422021e-04 -8.772776e-03 
1.377629e-03 -4.203558e-02 
1.712451e-03 -5.836824e-02 
1.446077e-03 -5.847873e-02 
1.462188e-03 -3.830748e-02 
4.345073e-04 -8.352612e-03 
-7.546600e-04 2.744599e-02 
-2.239475e-03 7.096519e-02 
-3.433474e-03 9.894850e-02 
-2.473082e-03 6.795140e-02 
2.291703e-04 -5.042095e-03 
3.921149e-03 -1.237268e-01 
2.860489e-04 -2.296818e-01 
-5.304370e-03 -1.945582e-01 
-1.005082e-02 -6.345372e-02 
-5.666947e-03 1.651842e-01 
1.522006e-02 4.874972e-01 
2.996246e-02 1.819702e-01 
-1.519593e-02 1.258153e-01 
-9.247163e-03 5.463976e-02 
-1.930848e-03 2.795012e-02 
-4.381360e-04 2.027960e-02 
-5.849884e-04 1.334357e-02 
-1.289726e-03 -4.779875e-03 
-1.607804e-03 -4.540188e-02 
-1.945311e-03 -6.950304e-02 
1.454190e-03 -7.241617e-02 
8.012421e-03 -4.096055e-02 
4.740887e-03 2.531669e-02 
2.173101e-03 5.895782e-02 
9.731990e-04 6.484952e-02 
3.748170e-04 3.866751e-02 
1.290926e-04 -1.426193e-02 
1.293651e-03 -4.806774e-02 
1.526677e-03 -6.693216e-02 
1.216012e-03 -7.110925e-02 
1.766578e-03 -5.295229e-02 
6.966415e-04 -1.693099e-02 
-6.754021e-04 3.008688e-02 
-2.220406e-03 9.142934e-02 
-3.955715e-03 1.353905e-01 
-3.389571e-03 9.774498e-02 
1.292245e-04 -5.886925e-04 
6.521315e-03 -1.682892e-01 
4.672095e-03 -3.253797e-01 
-2.453953e-03 -2.838623e-01 
-1.031365e-02 -1.034782e-01 
-1.166675e-02 2.190241e-01 
1.159770e-02 7.024108e-01 
1.672089e-01 3.984726e-01 
-2.831304e-02 3.004443e-01 
-1.089145e-02 1.539193e-01 
-4.306589e-05 4.533089e-02 
-2.421178e-03 -1.217346e-02 
-6.031401e-03 -4.246709e-02 
-6.681216e-03 -5.237535e-02 
7.411830e-04 -5.382081e-02 
1.800795e-03 -4.985624e-02 
5.323769e-03 -3.703241e-02 
1.039893e-02 -8.781998e-03 
4.909654e-03 3.513682e-02 
2.284902e-03 5.454620e-02 
1.507000e-03 5.196726e-02 
1.411221e-03 2.399862e-02 
4.524224e-04 -2.472661e-02 
1.486728e-03 -5.567706e-02 
1.640427e-03 -7.208191e-02 
1.259472e-03 -7.499214e-02 
1.788221e-03 -5.585085e-02 
5.682100e-04 -1.488255e-02 
-1.064258e-03 3.860080e-02 
-2.943927e-03 1.086932e-01 
-4.697113e-03 1.582809e-01 
-3.673732e-03 1.096556e-01 
4.081766e-04 -7.780014e-03 
7.315323e-03 -2.018952e-01 
5.897939e-03 -3.813906e-01 
-1.271293e-03 -3.279542e-01 
-9.483394e-03 -1.138982e-01 
-1.329863e-02 2.624633e-01 
8.130127e-03 8.341970e-01 
3.762931e-01 6.223410e-01 
-2.502497e-02 4.805992e-01 
-3.288625e-04 2.461473e-01 
2.915463e-03 3.412798e-02 
-5.036080e-03 -7.886089e-02 
-1.185427e-02 -1.262626e-01 
-1.171919e-02 -1.066075e-01 
2.918949e-03 -3.797905e-02 
5.340362e-03 2.131138e-03 
6.863432e-03 2.435028e-02 
7.736022e-03 3.090099e-02 
2.786224e-03 2.658360e-02 
1.407920e-03 2.175720e-02 
1.432446e-03 1.256750e-02 
1.737974e-03 -2.117119e-03 
2.917337e-04 -2.185243e-02 
8.104182e-04 -3.930829e-02 
9.078676e-04 -5.298885e-02 
8.287521e-04 -6.495947e-02 
1.885097e-03 -6.449557e-02 
1.025861e-03 -3.103822e-02 
-4.892251e-04 2.261767e-02 
-2.292201e-03 1.009414e-01 
-4.536932e-03 1.663471e-01 
-4.153544e-03 1.227164e-01 
-1.096183e-04 4.134965e-03 
7.998767e-03 -1.949276e-01 
1.068602e-02 -3.873257e-01 
4.565367e-03 -3.411869e-01 
-4.297810e-03 -1.307710e-01 
-1.501875e-02 2.415048e-01 
-4.540248e-03 8.279935e-01 
7.042749e-01 8.639515e-01 
1.951086e-03 7.328171e-01 
7.921368e-03 3.762171e-01 
7.306108e-03 5.104123e-03 
-6.233888e-03 -1.786950e-01 
-1.715305e-02 -2.327759e-01 
-1.766688e-02 -1.626039e-01 
4.913899e-03 -9.330327e-03 
8.835820e-03 6.750895e-02 
7.541869e-03 9.083891e-02 
3.639231e-03 6.484441e-02 
6.046173e-04 2.122522e-03 
9.549408e-04 -2.908643e-02 
2.049876e-03 -4.018612e-02 
2.731968e-03 -3.126181e-02 
-1.835813e-04 -6.665303e-03 
-3.772720e-04 -2.645976e-03 
-7.249444e-05 -1.338736e-02 
5.641602e-04 -4.101964e-02 
2.105211e-03 -7.251571e-02 
1.755187e-03 -5.735455e-02 
3.725301e-04 -1.134838e-02 
-1.802223e-03 6.981871e-02 
-4.605588e-03 1.570355e-01 
-4.528691e-03 1.349065e-01 
-1.286251e-03 3.433900e-02 
5.547408e-03 -1.481482e-01 
1.194767e-02 -3.471992e-01 
9.355800e-03 -3.280010e-01 
2.509798e-03 -1.509253e-01 
-1.122562e-02 1.815219e-01 
-1.610765e-02 7.371592e-01 
6.779840e-01 -7.545393e-01 
3.625075e-02 -6.964319e-01 
-3.827533e-04 -4.348811e-01 
-6.778992e-03 -1.318941e-01 
5.727999e-04 7.735668e-02 
1.096994e-02 1.877849e-01 
1.392724e-02 1.630446e-01 
-5.241260e-03 -1.118834e-02 
-8.376762e-03 -1.133701e-01 
-5.673871e-03 -1.486104e-01 
1.095456e-03 -1.072616e-01 
2.077579e-03 4.355834e-03 
9.004581e-05 6.653305e-02 
-1.536928e-03 8.665250e-02 
-2.095122e-03 5.856394e-02 
6.204615e-04 -1.407954e-02 
1.880286e-03 -5.649120e-02 
2.120605e-03 -7.506442e-02 
1.560507e-03 -6.910791e-02 
1.143917e-03 -3.580076e-02 
2.110957e-04 -5.742030e-04 
-7.840100e-04 3.382268e-02 
-1.724006e-03 6.755216e-02 
-2.597832e-03 8.299578e-02 
-1.913621e-03 5.213068e-02 
3.332637e-04 -1.069101e-02 
4.468502e-03 -1.059956e-01 
8.167014e-03 -1.946323e-01 
6.773561e-03 -1.701769e-01 
2.254455e-03 -6.228750e-02 
-9.455401e-03 1.291370e-01 
-1.114080e-02 3.771269e-01 
