poroelastic
-2.789516e-02 -1.825591e-01 
-5.066740e-02 -2.761317e-01 
-1.013529e-01 -2.355251e-01 
-5.096308e-02 -3.809446e-02 
-1.874918e-02 1.152570e-01 
-5.226399e-03 2.068183e-01 
2.060547e-02 2.050231e-01 
4.802606e-02 8.747994e-02 
2.647902e-02 1.391748e-04 
2.714441e-02 -5.526188e-02 
4.208979e-02 -6.041114e-02 
2.238161e-02 -9.095415e-04 
1.500246e-02 3.034686e-02 
1.590506e-02 4.351163e-02 
1.451957e-02 4.043643e-02 
-3.975809e-03 2.491576e-02 
-3.512576e-03 2.128542e-02 
-3.822824e-03 2.263654e-02 
-3.078272e-03 2.672439e-02 
1.122943e-03 3.232461e-02 
4.143855e-04 3.253801e-02 
7.093897e-04 2.891845e-02 
2.832830e-04 2.360764e-02 
-2.180027e-03 1.464276e-02 
-1.079830e-03 -1.647895e-03 
-4.587846e-04 -2.424488e-02 
-4.240094e-03 -5.951592e-02 
-1.432449e-02 -6.957781e-02 
-1.208671e-02 8.035218e-03 
-1.149589e-02 1.348465e-01 
-4.776003e-04 3.164073e-01 
1.108623e-02 5.311789e-01 
1.642333e-01 1.459663e-01 
-9.746566e-02 9.535162e-03 
-1.373371e-01 -2.183790e-02 
-3.467626e-02 9.297433e-02 
-6.004077e-03 1.897968e-01 
3.503318e-03 2.437261e-01 
2.955772e-02 2.239765e-01 
5.904408e-02 1.089042e-01 
3.456264e-02 1.746241e-02 
3.578005e-02 -4.724947e-02 
5.066974e-02 -6.082864e-02 
2.221624e-02 -2.041931e-03 
1.473040e-02 2.950210e-02 
1.573686e-02 4.181244e-02 
1.414871e-02 3.348943e-02 
-4.729075e-03 7.980757e-03 
-4.018622e-03 2.925867e-03 
-4.751082e-03 9.055816e-03 
-4.438582e-03 2.563196e-02 
8.853778e-04 4.815151e-02 
2.945377e-05 5.237713e-02 
4.345997e-04 4.392430e-02 
1.939344e-03 2.468654e-02 
1.904454e-03 -4.609772e-03 
2.493991e-03 -3.120044e-02 
3.651796e-03 -5.663816e-02 
1.186149e-03 -8.860553e-02 
-1.363918e-02 -8.613064e-02 
-1.326254e-02 1.865999e-02 
-1.523402e-02 1.857102e-01 
-9.688355e-03 4.292421e-01 
1.390049e-03 7.373724e-01 
5.941876e-01 4.217113e-01 
-1.179379e-01 2.700915e-01 
-1.599289e-01 1.849641e-01 
-1.105457e-02 2.313979e-01 
8.758483e-03 2.657222e-01 
1.307159e-02 2.690640e-01 
3.459440e-02 2.184149e-01 
6.102852e-02 9.842693e-02 
3.696827e-02 1.049849e-02 
3.939819e-02 -4.798611e-02 
5.468605e-02 -5.716800e-02 
2.182965e-02 2.462100e-03 
1.419962e-02 3.318817e-02 
1.510502e-02 4.217043e-02 
1.446630e-02 2.615766e-02 
-3.004527e-03 -1.081439e-02 
-2.715783e-03 -1.857798e-02 
-3.643871e-03 -8.116556e-03 
-4.184214e-03 2.104612e-02 
-5.656511e-04 6.183988e-02 
-1.305910e-03 7.277243e-02 
-9.096621e-04 6.210664e-02 
1.026402e-03 3.068927e-02 
2.612513e-03 -1.887787e-02 
3.517139e-03 -5.585558e-02 
4.742547e-03 -8.413683e-02 
3.470092e-03 -1.111861e-01 
-1.084553e-02 -9.674071e-02 
-1.206971e-02 2.467038e-02 
-1.527390e-02 2.150457e-01 
-1.422681e-02 4.937836e-01 
-7.001648e-03 8.599402e-01 
1.199101e+00 6.300210e-01 
-7.486042e-02 5.565563e-01 
-1.408989e-01 4.251176e-01 
1.895969e-02 3.683150e-01 
2.317822e-02 3.214571e-01 
1.892239e-02 2.589646e-01 
2.964215e-02 1.679244e-01 
5.146618e-02 4.911960e-02 
3.245078e-02 -3.534749e-02 
3.783809e-02 -8.177958e-02 
5.593807e-02 -6.657250e-02 
2.082817e-02 2.257747e-02 
1.226090e-02 6.764257e-02 
1.225262e-02 7.479705e-02 
1.189502e-02 3.806628e-02 
-2.625084e-03 -3.457856e-02 
-1.752881e-03 -6.045456e-02 
-2.827794e-03 -5.260660e-02 
-4.292766e-03 -8.715060e-03 
-1.104307e-03 6.362357e-02 
-2.063183e-03 9.465724e-02 
-2.121934e-03 9.452127e-02 
1.117069e-03 6.436527e-02 
5.685508e-03 2.330413e-03 
6.291958e-03 -5.411496e-02 
9.082809e-03 -1.033735e-01 
1.214365e-02 -1.523059e-01 
-6.649008e-04 -1.550506e-01 
-6.453820e-03 -2.146946e-02 
-1.440881e-02 2.018193e-01 
-2.575500e-02 5.343096e-01 
-2.868579e-02 9.986120e-01 
1.851260e+00 7.469885e-01 
1.234657e-01 9.315916e-01 
-4.989145e-02 7.132629e-01 
2.027295e-02 4.386806e-01 
1.229275e-02 2.552782e-01 
8.425669e-04 1.244421e-01 
3.347525e-03 3.268602e-02 
3.616308e-02 -2.204392e-02 
2.727294e-02 -5.297187e-02 
3.325245e-02 -6.245729e-02 
5.092226e-02 -3.494962e-02 
2.362817e-02 3.833500e-02 
1.347048e-02 7.330443e-02 
1.318980e-02 7.364795e-02 
1.419391e-02 3.328971e-02 
-1.237123e-03 -4.457616e-02 
-6.151930e-04 -7.615751e-02 
-1.588214e-03 -7.197510e-02 
-4.154179e-03 -2.949656e-02 
-2.594832e-03 4.957722e-02 
-3.286290e-03 9.355046e-02 
-3.779002e-03 1.070463e-01 
-1.430954e-03 9.143779e-02 
3.294236e-03 4.060456e-02 
4.148191e-03 -2.161794e-02 
7.340298e-03 -8.873905e-02 
1.427501e-02 -1.676404e-01 
1.432783e-02 -2.140821e-01 
6.205032e-03 -9.766532e-02 
-5.145512e-03 1.359704e-01 
-2.934793e-02 5.103150e-01 
-5.507569e-02 1.081369e+00 
4.660560e-01 -1.134743e+00 
-4.638661e-02 -8.826259e-01 
-4.722301e-02 -4.927909e-01 
-2.119444e-02 -8.600698e-02 
6.675072e-03 1.684165e-01 
2.144050e-02 2.945220e-01 
2.929351e-02 2.673746e-01 
2.021481e-02 7.213016e-02 
6.938258e-03 -5.997200e-02 
8.758377e-03 -1.323513e-01 
2.008750e-02 -1.310076e-01 
1.000787e-02 -4.649535e-02 
5.744707e-03 7.196012e-03 
5.421421e-03 3.466943e-02 
5.093177e-03 3.161571e-02 
-1.441193e-03 -2.802894e-03 
-8.646816e-04 -1.889871e-02 
-9.596706e-04 -2.236729e-02 
-1.539434e-03 -1.199445e-02 
-2.393323e-04 1.272119e-02 
-5.390983e-04 2.696787e-02 
-7.867792e-04 3.441457e-02 
9.340628e-04 3.651189e-02 
3.389173e-03 2.376565e-02 
3.253627e-03 -6.039346e-03 
5.477088e-03 -4.444454e-02 
1.122801e-02 -9.428630e-02 
1.183785e-02 -1.229820e-01 
6.486198e-03 -5.532525e-02 
-2.039830e-03 8.381382e-02 
-2.507110e-02 3.104376e-01 
-3.896261e-02 6.238140e-01 
