poroelastic
-4.398389e-03 1.990256e-01 
5.825286e-03 2.924375e-01 
2.875751e-02 2.333143e-01 
1.521400e-02 1.231716e-02 
1.923274e-03 -1.395894e-01 
-6.592241e-03 -2.222436e-01 
-1.261077e-02 -2.035397e-01 
-8.317826e-03 -7.202862e-02 
-6.299043e-04 2.036672e-02 
1.278694e-03 7.306078e-02 
-2.258365e-03 7.083049e-02 
-3.351487e-03 1.227843e-02 
-3.014478e-03 -2.146385e-02 
-3.194151e-03 -3.795136e-02 
-2.956195e-03 -3.599861e-02 
-4.927386e-04 -1.746400e-02 
-2.706897e-04 -6.441752e-03 
-3.247242e-04 2.645343e-04 
-3.729446e-04 2.902202e-03 
6.482035e-06 -7.469828e-05 
4.480213e-05 -4.513714e-03 
7.642097e-05 -1.078200e-02 
-1.606495e-04 -2.027178e-02 
-4.364796e-04 -2.638066e-02 
-2.261564e-04 -1.867511e-02 
-4.510288e-04 -7.844854e-04 
-1.147731e-03 3.065131e-02 
-1.091532e-03 5.759153e-02 
-7.624040e-04 4.189251e-02 
7.892005e-05 -4.642524e-03 
8.581039e-04 -8.980534e-02 
4.745181e-03 -2.154058e-01 
-9.082421e-02 -1.616478e-01 
2.364374e-02 -1.476759e-02 
3.523255e-02 3.195456e-02 
1.031958e-02 -6.526011e-02 
6.060516e-04 -1.358695e-01 
-4.126778e-03 -1.752194e-01 
-9.147251e-03 -1.624022e-01 
-9.932988e-03 -8.026303e-02 
-3.805800e-03 -1.721332e-02 
-1.874704e-03 2.563152e-02 
-3.733413e-03 3.831507e-02 
-3.133236e-03 1.235097e-02 
-2.524990e-03 -3.215895e-03 
-2.889944e-03 -1.240203e-02 
-3.091427e-03 -1.690893e-02 
-4.611942e-04 -1.591050e-02 
-2.176716e-04 -1.253012e-02 
-2.536345e-04 -6.987756e-03 
-3.020034e-04 2.277424e-03 
-2.575430e-05 1.023889e-02 
-9.854231e-07 6.496865e-03 
5.721428e-05 -5.395020e-03 
-2.812620e-04 -2.740562e-02 
-5.705392e-04 -4.714444e-02 
-1.705091e-04 -3.726731e-02 
-5.044429e-04 -6.011332e-03 
-1.763912e-03 4.999890e-02 
-2.305702e-03 1.011812e-01 
-1.932862e-03 8.301723e-02 
-5.911570e-04 1.301792e-02 
1.360572e-03 -1.173125e-01 
8.255917e-03 -3.275752e-01 
-3.537907e-01 -4.720478e-01 
3.050083e-02 -2.912776e-01 
4.003753e-02 -1.460795e-01 
5.954234e-03 -1.292216e-01 
-5.206463e-04 -1.326571e-01 
-2.510306e-03 -1.365091e-01 
-6.581693e-03 -1.245373e-01 
-1.059128e-02 -7.794990e-02 
-5.514615e-03 -3.559374e-02 
-3.639607e-03 -3.208829e-04 
-4.761223e-03 1.982529e-02 
-3.342868e-03 1.092375e-02 
-2.503027e-03 4.732073e-03 
-2.942273e-03 -1.429394e-04 
-3.363659e-03 -6.667833e-03 
-4.079408e-04 -1.330030e-02 
-1.478563e-04 -1.275008e-02 
-1.856722e-04 -7.260842e-03 
-2.333219e-04 5.057508e-03 
-1.464019e-05 1.735832e-02 
3.617153e-06 1.212688e-02 
9.729577e-05 -4.842752e-03 
-2.714574e-04 -3.574977e-02 
-5.909865e-04 -6.433579e-02 
-7.722106e-05 -5.153004e-02 
-4.947651e-04 -9.514823e-03 
-2.139399e-03 6.464317e-02 
-3.256850e-03 1.341062e-01 
-2.890758e-03 1.135188e-01 
-1.202970e-03 2.555749e-02 
1.663289e-03 -1.363126e-01 
1.098593e-02 -4.080803e-01 
-7.523530e-01 -7.239294e-01 
8.975775e-03 -5.697599e-01 
3.346899e-02 -3.315522e-01 
1.169595e-03 -1.819986e-01 
-2.933262e-04 -1.051067e-01 
1.107389e-03 -6.882474e-02 
-1.657708e-03 -6.341857e-02 
-9.732121e-03 -6.616297e-02 
-6.627404e-03 -5.160842e-02 
-5.079401e-03 -2.827306e-02 
-5.448974e-03 -2.852825e-03 
-3.404451e-03 8.652387e-03 
-2.359510e-03 1.297251e-02 
-2.859280e-03 1.248454e-02 
-3.503797e-03 3.934144e-03 
-2.802593e-04 -1.006251e-02 
-1.269771e-05 -1.286519e-02 
-4.151701e-05 -8.347337e-03 
-7.580706e-05 5.821511e-03 
1.290646e-05 2.253519e-02 
1.201862e-05 1.694682e-02 
1.175941e-04 -3.114553e-03 
-3.334291e-04 -3.993239e-02 
-7.762034e-04 -7.605264e-02 
-6.684314e-05 -6.231730e-02 
-5.176602e-04 -1.363093e-02 
-2.586602e-03 7.283576e-02 
-4.548670e-03 1.577539e-01 
-4.321223e-03 1.380863e-01 
-2.317161e-03 4.051427e-02 
2.143595e-03 -1.435937e-01 
1.494146e-02 -4.710244e-01 
-1.285557e+00 -9.051243e-01 
-7.351262e-02 -8.765268e-01 
1.550933e-02 -5.342485e-01 
3.647113e-03 -2.087261e-01 
4.696894e-03 -3.391234e-02 
9.461117e-03 4.027771e-02 
8.460447e-03 2.422255e-02 
-8.761859e-03 -4.620688e-02 
-8.724085e-03 -7.205547e-02 
-7.768452e-03 -6.863345e-02 
-7.600259e-03 -3.997666e-02 
-4.720303e-03 6.414466e-04 
-2.934160e-03 2.153807e-02 
-3.633250e-03 2.827261e-02 
-4.764918e-03 1.783531e-02 
-2.460345e-05 -7.132221e-03 
3.536487e-04 -1.698771e-02 
3.416626e-04 -1.622954e-02 
3.643277e-04 -2.148732e-03 
1.366170e-04 2.009959e-02 
6.655507e-05 1.788877e-02 
1.944331e-04 -6.384413e-04 
-2.225127e-04 -3.773673e-02 
-8.487293e-04 -7.879250e-02 
-5.738615e-05 -6.821278e-02 
-4.477830e-04 -2.096192e-02 
-2.737410e-03 6.585830e-02 
-6.050042e-03 1.599059e-01 
-6.334881e-03 1.468589e-01 
-4.352199e-03 5.004524e-02 
2.420789e-03 -1.437029e-01 
2.058853e-02 -4.985959e-01 
-6.808868e-01 1.061969e+00 
2.745181e-03 8.916601e-01 
5.597177e-03 5.200429e-01 
9.416384e-03 1.120429e-01 
1.430169e-03 -1.471637e-01 
-6.306293e-03 -2.817141e-01 
-1.056741e-02 -2.586458e-01 
-3.116089e-03 -6.639325e-02 
2.627687e-03 5.784707e-02 
4.613378e-03 1.207529e-01 
2.323369e-03 1.113405e-01 
-1.692733e-03 2.904260e-02 
-2.084236e-03 -2.199125e-02 
-2.140652e-03 -4.840719e-02 
-1.569228e-03 -4.553189e-02 
-7.478204e-06 -1.133126e-02 
2.486632e-05 7.022405e-03 
2.099872e-05 1.482986e-02 
1.583516e-06 1.190753e-02 
-9.865375e-05 -1.849057e-03 
-5.989285e-05 -9.231547e-03 
-4.672383e-05 -1.309635e-02 
-2.965208e-04 -1.436781e-02 
-5.395169e-04 -1.005787e-02 
-3.922218e-04 -2.386293e-03 
-5.765492e-04 6.904359e-03 
-1.492182e-03 1.916246e-02 
-2.373410e-03 3.073106e-02 
-2.104803e-03 2.444463e-02 
-1.347957e-03 -2.191869e-03 
2.103840e-03 -6.226450e-02 
7.413072e-03 -1.410312e-01 
