poroelastic
-3.986679e-03 2.797674e-02 
-4.122759e-03 5.166056e-02 
-6.922496e-04 8.110084e-02 
4.575054e-03 1.003244e-01 
7.906790e-03 9.699219e-02 
1.179954e-02 7.493570e-02 
9.210397e-03 2.522350e-02 
-7.191791e-03 -3.650615e-02 
-7.349800e-03 -6.560140e-02 
-6.573754e-03 -6.791111e-02 
-5.051002e-03 -3.721356e-02 
-2.031816e-03 1.769933e-02 
-1.370228e-03 4.465803e-02 
-2.618048e-03 4.976400e-02 
-3.950585e-03 3.118547e-02 
-3.526160e-04 -5.887648e-03 
2.196711e-04 -3.057847e-02 
4.444434e-04 -4.489713e-02 
4.932212e-04 -4.782133e-02 
4.769620e-04 -3.570070e-02 
2.100770e-04 -1.573775e-02 
-1.989631e-04 8.916591e-03 
-9.981409e-04 3.829423e-02 
-1.996539e-03 5.872664e-02 
-1.854816e-03 4.750939e-02 
-1.297388e-03 1.413958e-02 
1.263570e-03 -4.096744e-02 
4.507044e-03 -9.880704e-02 
2.345000e-03 -1.109702e-01 
5.350264e-04 -8.861274e-02 
-6.919023e-04 -3.323611e-02 
6.881081e-04 6.299965e-02 
-2.052056e-02 4.360697e-02 
2.583326e-03 7.380046e-02 
1.325035e-02 7.817061e-02 
1.149724e-02 6.336954e-02 
1.011786e-02 4.354741e-02 
1.188860e-02 2.193126e-02 
8.516222e-03 -3.938828e-03 
-7.554217e-03 -2.665361e-02 
-6.342808e-03 -3.556818e-02 
-6.273659e-03 -3.370950e-02 
-7.608639e-03 -2.033643e-02 
-4.902480e-03 1.674925e-03 
-3.405850e-03 1.443130e-02 
-4.209992e-03 1.946871e-02 
-5.050163e-03 1.729171e-02 
-3.477451e-04 6.232359e-03 
8.246008e-05 -9.923579e-03 
3.138865e-04 -2.812948e-02 
5.066603e-04 -4.933983e-02 
6.774107e-04 -6.231799e-02 
5.730346e-04 -4.763716e-02 
1.072213e-04 -1.411989e-02 
-1.243692e-03 4.005173e-02 
-3.201056e-03 9.145591e-02 
-3.343789e-03 8.694251e-02 
-2.867023e-03 4.208047e-02 
7.056387e-04 -4.415776e-02 
6.877021e-03 -1.423182e-01 
4.493391e-03 -1.704225e-01 
2.089114e-03 -1.457790e-01 
-2.812972e-04 -7.353846e-02 
2.808144e-04 7.360671e-02 
-7.822000e-02 6.414364e-02 
6.733152e-03 9.421054e-02 
2.472094e-02 7.009124e-02 
1.498838e-02 2.041036e-02 
1.035067e-02 -1.339746e-02 
1.022856e-02 -3.145672e-02 
6.870008e-03 -3.194604e-02 
-7.213828e-03 -1.604791e-02 
-5.037361e-03 -5.787726e-03 
-5.490776e-03 -1.124467e-03 
-8.910842e-03 -4.345917e-03 
-6.697625e-03 -1.146222e-02 
-4.623198e-03 -1.173331e-02 
-4.998810e-03 -7.257407e-03 
-5.560032e-03 4.882920e-03 
-4.746807e-04 1.747242e-02 
-1.087434e-04 1.011222e-02 
1.694948e-04 -1.011489e-02 
5.798130e-04 -4.628945e-02 
9.868986e-04 -8.126187e-02 
9.392133e-04 -7.190907e-02 
3.898594e-04 -3.225904e-02 
-1.212028e-03 4.089389e-02 
-3.628843e-03 1.171495e-01 
-3.951498e-03 1.173171e-01 
-3.395228e-03 6.323385e-02 
4.828480e-04 -4.601384e-02 
7.599220e-03 -1.732067e-01 
5.339888e-03 -2.101103e-01 
2.741990e-03 -1.801463e-01 
-4.800326e-05 -9.211908e-02 
5.280901e-05 9.159575e-02 
-1.603860e-01 1.089210e-01 
4.566535e-03 1.156682e-01 
3.124021e-02 5.413021e-02 
1.664206e-02 -2.818088e-02 
9.657224e-03 -7.183139e-02 
8.069813e-03 -8.153987e-02 
5.961176e-03 -5.222508e-02 
-5.266994e-03 6.222026e-03 
-2.798902e-03 3.464315e-02 
-4.172456e-03 3.789576e-02 
-9.987390e-03 1.163857e-02 
-8.442396e-03 -3.258565e-02 
-5.631391e-03 -4.904545e-02 
-5.295292e-03 -4.407648e-02 
-5.384116e-03 -1.280624e-02 
-4.186886e-04 3.173300e-02 
-2.437076e-04 3.902223e-02 
6.992676e-05 1.999665e-02 
5.985060e-04 -2.996819e-02 
8.997526e-04 -9.087879e-02 
1.071454e-03 -9.447984e-02 
6.407602e-04 -5.773381e-02 
-1.021421e-03 2.323818e-02 
-3.750931e-03 1.180260e-01 
-4.304004e-03 1.291957e-01 
-3.990944e-03 8.055983e-02 
-6.910455e-04 -2.797346e-02 
7.005594e-03 -1.625847e-01 
5.953622e-03 -2.089166e-01 
3.984967e-03 -1.902339e-01 
1.348570e-03 -1.177930e-01 
-3.561574e-04 5.245508e-02 
-1.752656e-01 2.040879e-01 
-1.840699e-02 1.559258e-01 
1.972823e-02 4.889709e-02 
2.157377e-02 -5.807228e-02 
1.203257e-02 -1.118265e-01 
8.536988e-03 -1.143425e-01 
7.774649e-03 -6.003505e-02 
-2.137406e-03 3.123096e-02 
-1.549639e-04 6.867236e-02 
-2.293783e-03 6.446882e-02 
-1.010336e-02 1.795829e-02 
-1.067831e-02 -5.354896e-02 
-6.668643e-03 -8.071609e-02 
-5.445673e-03 -7.329763e-02 
-5.176939e-03 -2.717253e-02 
-4.938960e-04 4.301637e-02 
-4.992610e-04 6.498096e-02 
-6.645331e-05 5.021067e-02 
8.654051e-04 -6.271149e-03 
1.005767e-03 -8.720910e-02 
1.327613e-03 -1.064036e-01 
1.031867e-03 -8.010743e-02 
-3.958460e-04 -4.688329e-03 
-2.834341e-03 9.786920e-02 
-3.548700e-03 1.230794e-01 
-3.410070e-03 9.036171e-02 
-1.559356e-03 -2.759353e-04 
4.022705e-03 -1.266766e-01 
5.010674e-03 -1.797613e-01 
4.402896e-03 -1.759723e-01 
2.763290e-03 -1.242857e-01 
-3.297781e-04 1.847658e-02 
2.943659e-02 -1.235704e-01 
1.500092e-03 -8.824515e-02 
-4.860980e-04 1.192525e-02 
-4.385554e-03 1.154634e-01 
1.509802e-03 1.606735e-01 
7.967029e-03 1.544077e-01 
1.021556e-02 7.918698e-02 
-4.289465e-03 -4.955827e-02 
-6.515346e-03 -1.156563e-01 
-5.957536e-03 -1.282636e-01 
-3.030542e-03 -7.870657e-02 
3.584827e-04 2.294561e-02 
4.509569e-04 7.778555e-02 
-9.830060e-04 9.385500e-02 
-2.663980e-03 6.550799e-02 
9.523198e-05 -3.705679e-03 
6.039343e-04 -4.501231e-02 
7.225736e-04 -6.343461e-02 
5.360956e-04 -5.702188e-02 
1.069735e-04 -2.435724e-02 
-1.399440e-04 4.449086e-03 
-4.821887e-04 2.867478e-02 
-1.097083e-03 4.756276e-02 
-1.614245e-03 5.275204e-02 
-1.383319e-03 3.801174e-02 
-9.251141e-04 9.309315e-03 
-4.730553e-05 -3.319347e-02 
2.119651e-03 -7.789806e-02 
2.675458e-03 -8.706112e-02 
2.183383e-03 -6.786754e-02 
4.504198e-04 -2.073029e-02 
-1.012889e-03 3.779888e-02 
