poroelastic
7.504019e-03 -2.185119e-01 
-8.599053e-03 -3.255798e-01 
-4.075124e-02 -2.923168e-01 
-2.708359e-02 -1.116356e-01 
-1.088823e-02 3.171301e-02 
-1.195643e-04 1.326862e-01 
1.472795e-02 1.697003e-01 
2.363675e-02 1.179484e-01 
1.301878e-02 7.013286e-02 
8.685479e-03 2.752656e-02 
8.805919e-03 -7.300531e-03 
4.915975e-03 -2.379690e-02 
3.706795e-03 -2.921192e-02 
4.995388e-03 -2.391816e-02 
5.902937e-03 -5.806681e-03 
1.695427e-04 2.127205e-02 
-4.340423e-04 4.016873e-02 
-6.057674e-04 5.111924e-02 
-4.278916e-04 5.243053e-02 
-2.149533e-04 4.062304e-02 
-1.031471e-04 2.140841e-02 
3.527777e-04 -2.013967e-03 
1.079977e-03 -2.936079e-02 
1.426717e-03 -4.891916e-02 
1.188393e-03 -3.892183e-02 
5.037448e-04 -8.032719e-03 
-1.070028e-03 4.261935e-02 
-3.304002e-03 9.720294e-02 
-2.566958e-03 1.100163e-01 
-1.557039e-03 9.069705e-02 
-7.432935e-04 4.424944e-02 
7.844266e-04 -4.726761e-02 
6.734211e-02 3.922503e-03 
-3.260272e-02 -1.332170e-01 
-5.958237e-02 -1.413780e-01 
-2.068844e-02 -1.075539e-02 
-4.168949e-03 9.377547e-02 
4.580411e-03 1.649034e-01 
1.798956e-02 1.841485e-01 
2.712543e-02 1.315807e-01 
1.541551e-02 8.115792e-02 
1.107620e-02 3.438695e-02 
1.150129e-02 -3.664835e-03 
5.784700e-03 -1.945787e-02 
4.210964e-03 -2.586214e-02 
5.359398e-03 -2.320878e-02 
6.173171e-03 -9.087539e-03 
1.219813e-04 1.434653e-02 
-4.352610e-04 3.315288e-02 
-6.148553e-04 4.694153e-02 
-4.565604e-04 5.456378e-02 
-1.867371e-04 4.997622e-02 
-1.584668e-04 3.181966e-02 
2.829585e-04 4.912212e-03 
1.401794e-03 -3.130914e-02 
2.436830e-03 -6.220374e-02 
2.255689e-03 -5.516497e-02 
1.658318e-03 -2.059135e-02 
-2.824591e-05 4.212294e-02 
-4.179354e-03 1.145555e-01 
-4.152493e-03 1.365984e-01 
-3.255536e-03 1.212912e-01 
-1.832274e-03 7.451998e-02 
5.626105e-04 -2.143166e-02 
2.817638e-01 1.764431e-01 
-4.180031e-02 2.974771e-02 
-7.336440e-02 -8.418454e-03 
-1.149775e-02 8.608966e-02 
3.668019e-03 1.575936e-01 
1.037712e-02 1.996686e-01 
2.092645e-02 1.950425e-01 
2.751367e-02 1.275887e-01 
1.522666e-02 7.011181e-02 
1.142341e-02 2.285231e-02 
1.302182e-02 -8.860999e-03 
6.619300e-03 -1.361384e-02 
4.728948e-03 -1.468086e-02 
5.630347e-03 -1.219899e-02 
6.393732e-03 -4.918522e-03 
3.146712e-04 7.330212e-03 
-2.790439e-04 2.134390e-02 
-4.814345e-04 3.556232e-02 
-4.942153e-04 4.972087e-02 
-4.608802e-04 5.585124e-02 
-4.224283e-04 4.223263e-02 
1.062515e-05 1.511019e-02 
1.301731e-03 -2.696590e-02 
2.849485e-03 -6.830332e-02 
2.763393e-03 -6.562304e-02 
2.260163e-03 -3.100787e-02 
8.215713e-04 3.684689e-02 
-4.008555e-03 1.192236e-01 
-4.765399e-03 1.471676e-01 
-4.204354e-03 1.364497e-01 
-2.796069e-03 9.423772e-02 
-5.015485e-05 1.554557e-03 
6.260851e-01 2.889962e-01 
-1.994177e-02 2.025158e-01 
-7.185839e-02 1.487329e-01 
1.535445e-03 1.942801e-01 
1.249573e-02 2.252178e-01 
1.548851e-02 2.291728e-01 
2.019284e-02 1.879410e-01 
2.283755e-02 9.263979e-02 
1.149386e-02 2.220180e-02 
9.743927e-03 -2.272637e-02 
1.489046e-02 -3.177920e-02 
8.433894e-03 2.956970e-03 
5.775609e-03 2.144594e-02 
5.972744e-03 2.630413e-02 
6.243659e-03 1.603794e-02 
2.813152e-04 -5.533720e-03 
-7.577340e-05 -8.258957e-03 
-2.535450e-04 2.736840e-03 
-4.630821e-04 2.868674e-02 
-5.624748e-04 6.035714e-02 
-6.871497e-04 6.144766e-02 
-4.043993e-04 4.045433e-02 
1.122129e-03 -4.146593e-03 
3.454952e-03 -5.884212e-02 
3.542018e-03 -6.854551e-02 
3.520293e-03 -4.525184e-02 
3.106827e-03 1.073918e-02 
-2.174258e-03 8.815763e-02 
-4.519131e-03 1.270439e-01 
-5.153967e-03 1.381209e-01 
-5.137634e-03 1.316332e-01 
-4.066329e-03 9.265351e-02 
9.827396e-01 2.937181e-01 
7.884491e-02 3.680554e-01 
-3.442143e-02 3.021915e-01 
7.536298e-04 2.620145e-01 
8.472910e-03 2.305568e-01 
8.236422e-03 1.909277e-01 
8.629025e-03 1.266293e-01 
1.585486e-02 3.446840e-02 
8.632625e-03 -1.647301e-02 
9.223123e-03 -3.613885e-02 
1.688606e-02 -2.245277e-02 
1.184210e-02 2.571038e-02 
7.547792e-03 4.639652e-02 
7.171167e-03 4.521023e-02 
7.489975e-03 2.165920e-02 
3.037634e-04 -1.928985e-02 
-1.387338e-05 -3.121099e-02 
-3.039028e-04 -2.072793e-02 
-1.022985e-03 1.351739e-02 
-1.142112e-03 6.360782e-02 
-1.223038e-03 7.728852e-02 
-1.011379e-03 6.309913e-02 
5.036051e-04 2.012817e-02 
3.270553e-03 -4.296814e-02 
3.541212e-03 -6.505311e-02 
3.898500e-03 -5.494758e-02 
5.113575e-03 -1.451062e-02 
2.021445e-03 5.224274e-02 
-2.384881e-03 9.819228e-02 
-4.702664e-03 1.275338e-01 
-7.596290e-03 1.536547e-01 
-1.059600e-02 1.740165e-01 
3.336991e-01 -5.814932e-01 
-1.631501e-02 -4.967777e-01 
-1.853506e-02 -3.317497e-01 
-1.293435e-02 -1.214047e-01 
-2.436112e-03 2.645616e-02 
5.503284e-03 1.249229e-01 
1.255066e-02 1.634130e-01 
1.210577e-02 1.176485e-01 
5.512362e-03 6.691950e-02 
1.798667e-03 1.510522e-02 
6.082389e-04 -3.346529e-02 
5.118224e-04 -5.992293e-02 
9.448934e-04 -6.562475e-02 
2.130213e-03 -5.349215e-02 
2.962263e-03 -2.133674e-02 
-2.386253e-04 2.277067e-02 
-7.162598e-04 4.936524e-02 
-8.070457e-04 5.951792e-02 
-6.417169e-04 5.096563e-02 
-2.109001e-04 2.356043e-02 
9.902351e-05 -3.015119e-03 
4.234022e-04 -2.584357e-02 
1.183860e-03 -4.333609e-02 
2.277035e-03 -4.854149e-02 
1.993666e-03 -3.380850e-02 
1.480925e-03 -4.613850e-03 
1.006574e-03 3.814039e-02 
-2.081113e-03 8.147427e-02 
-4.383202e-03 8.880178e-02 
-4.280964e-03 6.878400e-02 
-1.927976e-03 2.583470e-02 
2.892707e-03 -3.991887e-02 
