poroelastic
1.230359e-02 -9.150434e-02 
1.156211e-02 -1.470759e-01 
2.230433e-03 -1.386158e-01 
-4.113895e-03 -4.437383e-02 
-2.092811e-03 3.229656e-02 
1.406491e-03 7.628881e-02 
3.843393e-03 6.482645e-02 
-7.923660e-04 -1.102793e-02 
-3.355506e-03 -5.724213e-02 
-3.191761e-03 -7.350472e-02 
8.326567e-05 -4.951261e-02 
2.289033e-03 1.077102e-02 
2.109557e-03 4.201964e-02 
1.632444e-03 4.986192e-02 
8.139617e-04 3.137203e-02 
1.119175e-04 -7.323020e-03 
1.784728e-04 -3.070100e-02 
3.153112e-04 -4.207510e-02 
4.793835e-04 -4.012941e-02 
2.865411e-04 -2.223439e-02 
9.749358e-05 -8.585470e-04 
-7.882737e-05 2.232292e-02 
-1.413054e-04 4.820182e-02 
-4.210463e-04 6.164920e-02 
-4.962771e-04 3.934321e-02 
2.431647e-04 -8.793870e-03 
1.788631e-03 -8.581533e-02 
1.282442e-03 -1.524003e-01 
-3.100961e-04 -1.273400e-01 
-2.208831e-03 -3.914989e-02 
-2.032313e-03 1.119545e-01 
8.509032e-04 3.244826e-01 
1.803501e-02 1.591435e-01 
-7.208138e-03 7.290492e-02 
-3.482802e-03 -3.701776e-03 
-2.440876e-03 -1.670998e-02 
-2.096315e-03 -8.535131e-03 
-2.155670e-03 1.205540e-03 
-1.875841e-03 -5.197644e-04 
-5.869619e-04 -2.518237e-02 
-1.114347e-03 -3.711461e-02 
-2.576038e-04 -3.523696e-02 
2.319213e-03 -1.513575e-02 
2.853688e-03 2.061110e-02 
2.131171e-03 3.630467e-02 
1.726693e-03 3.540901e-02 
1.284614e-03 1.681694e-02 
2.105030e-04 -1.417552e-02 
2.311667e-04 -3.417788e-02 
3.556279e-04 -4.492090e-02 
5.155457e-04 -4.611289e-02 
3.190705e-04 -3.209963e-02 
1.262718e-04 -6.351102e-03 
-8.276674e-05 2.619207e-02 
-2.941843e-05 6.804887e-02 
-4.219551e-04 9.532003e-02 
-7.419863e-04 6.475110e-02 
2.845968e-04 -7.033484e-03 
2.893199e-03 -1.262658e-01 
3.096206e-03 -2.334633e-01 
1.050741e-03 -2.004487e-01 
-2.032038e-03 -6.980739e-02 
-4.100928e-03 1.619969e-01 
-1.871359e-03 5.161412e-01 
1.353378e-01 3.880442e-01 
-2.082562e-02 2.597181e-01 
-6.611982e-03 9.844482e-02 
-1.401078e-03 -9.833625e-03 
-3.129712e-03 -5.576921e-02 
-5.903180e-03 -6.658084e-02 
-6.377323e-03 -4.921882e-02 
5.917717e-04 -2.330260e-02 
1.389343e-03 -7.344739e-03 
2.390957e-03 4.936488e-03 
4.072925e-03 1.548435e-02 
3.220809e-03 2.477886e-02 
2.085955e-03 2.550328e-02 
1.815070e-03 1.759499e-02 
1.778814e-03 1.306761e-03 
3.098284e-04 -1.961262e-02 
2.838127e-04 -3.425280e-02 
3.959984e-04 -4.266779e-02 
5.260944e-04 -4.556802e-02 
2.956596e-04 -3.585425e-02 
1.014917e-04 -8.941183e-03 
-1.466302e-04 2.786824e-02 
-4.341298e-05 7.809430e-02 
-3.890420e-04 1.135911e-01 
-8.054814e-04 7.786276e-02 
3.670971e-04 -7.479405e-03 
3.478745e-03 -1.492198e-01 
4.390163e-03 -2.786737e-01 
2.408730e-03 -2.401745e-01 
-1.152708e-03 -8.407378e-02 
-5.330564e-03 1.947620e-01 
-5.209210e-03 6.306994e-01 
3.321940e-01 6.064926e-01 
-2.420688e-02 4.379196e-01 
-4.479203e-03 1.907974e-01 
1.232435e-03 -1.876818e-02 
-3.288056e-03 -1.169578e-01 
-8.562694e-03 -1.421982e-01 
-9.763900e-03 -9.536678e-02 
1.988859e-03 -5.261312e-03 
4.299305e-03 4.257123e-02 
4.869125e-03 6.157212e-02 
4.295542e-03 5.018607e-02 
1.958045e-03 1.502555e-02 
9.159552e-04 -6.755623e-03 
1.073711e-03 -1.996607e-02 
1.689383e-03 -2.211863e-02 
2.409193e-04 -1.413768e-02 
1.305481e-04 -1.495335e-02 
1.819853e-04 -2.067279e-02 
2.969977e-04 -3.361195e-02 
2.901539e-04 -4.411167e-02 
1.799812e-04 -2.575833e-02 
-4.930921e-05 1.082050e-02 
3.145593e-05 6.965933e-02 
-3.862866e-04 1.213500e-01 
-1.012829e-03 9.125775e-02 
4.322977e-05 5.008840e-03 
3.411978e-03 -1.423099e-01 
6.036246e-03 -2.848975e-01 
4.753176e-03 -2.535625e-01 
1.158108e-03 -9.944470e-02 
-5.714762e-03 1.802847e-01 
-1.030743e-02 6.344332e-01 
6.358452e-01 8.241218e-01 
-1.152787e-02 6.611519e-01 
-5.913022e-03 3.099885e-01 
7.445845e-03 -3.648098e-02 
-4.506201e-04 -2.006852e-01 
-1.033012e-02 -2.379331e-01 
-1.489932e-02 -1.500674e-01 
3.330349e-03 1.799562e-02 
7.979179e-03 1.017253e-01 
7.928995e-03 1.241564e-01 
4.357702e-03 8.421549e-02 
-1.129027e-04 -4.779062e-03 
-7.083460e-04 -5.208710e-02 
3.268695e-04 -6.784601e-02 
1.945659e-03 -4.874098e-02 
6.186903e-05 -1.962308e-04 
-2.317233e-04 1.906716e-02 
-1.997055e-04 1.685819e-02 
-7.119820e-06 -1.035565e-02 
3.432515e-04 -5.207169e-02 
3.489365e-04 -5.114200e-02 
1.195224e-04 -2.073062e-02 
7.925993e-06 4.293119e-02 
-5.075086e-04 1.157026e-01 
-1.236451e-03 1.038654e-01 
-5.410103e-04 3.177045e-02 
2.254082e-03 -1.039976e-01 
6.798763e-03 -2.543206e-01 
7.398176e-03 -2.452011e-01 
4.793811e-03 -1.175741e-01 
-4.261523e-03 1.319458e-01 
-1.658687e-02 5.670519e-01 
5.931386e-01 -6.947873e-01 
3.575746e-02 -6.459702e-01 
1.121629e-02 -3.989591e-01 
-1.373938e-03 -1.295722e-01 
-3.695937e-03 5.709617e-02 
5.371861e-04 1.602835e-01 
5.938915e-03 1.471495e-01 
3.948104e-06 3.835093e-03 
-3.566263e-03 -8.116274e-02 
-4.488642e-03 -1.123471e-01 
-2.252863e-03 -8.151235e-02 
1.663788e-03 4.475394e-03 
1.893712e-03 5.160774e-02 
1.324182e-03 6.671775e-02 
2.505453e-04 4.458836e-02 
1.119842e-05 -1.170593e-02 
7.681581e-05 -4.318648e-02 
1.112565e-04 -5.502939e-02 
1.597178e-04 -4.565153e-02 
1.884447e-04 -1.424405e-02 
6.656586e-05 1.163148e-02 
-4.367657e-05 3.225682e-02 
-5.660897e-05 4.754997e-02 
-2.755842e-04 4.722510e-02 
-2.926746e-04 2.329545e-02 
2.786045e-04 -1.584585e-02 
1.861053e-03 -7.049330e-02 
4.401996e-03 -1.195796e-01 
4.790562e-03 -1.044344e-01 
3.185841e-03 -3.688812e-02 
-3.889381e-03 8.955991e-02 
-1.056197e-02 2.532606e-01 
