poroelastic
2.329370e-02 2.088093e-02 
2.829478e-02 2.183035e-02 
3.706806e-02 -2.838151e-02 
7.404158e-03 -1.268127e-01 
-5.060369e-03 -1.804514e-01 
-8.965259e-03 -1.835257e-01 
-9.006728e-03 -1.175093e-01 
-4.197247e-03 5.533745e-03 
2.365033e-03 8.315647e-02 
1.436612e-03 1.154639e-01 
-6.821752e-03 8.325381e-02 
-7.408410e-03 -9.766661e-03 
-5.981825e-03 -5.874689e-02 
-5.663913e-03 -7.510131e-02 
-4.779483e-03 -5.629506e-02 
-6.820684e-04 -1.060380e-02 
-4.863135e-04 1.661169e-02 
-6.721725e-04 3.044475e-02 
-9.323990e-04 2.928404e-02 
-4.160245e-04 1.117552e-02 
-1.410809e-04 -6.828313e-03 
7.156153e-06 -2.486900e-02 
-2.650635e-04 -4.406278e-02 
-3.904947e-04 -5.318796e-02 
-1.112837e-04 -3.721040e-02 
-7.027732e-04 -2.384443e-03 
-2.307420e-03 5.577021e-02 
-2.529703e-03 1.047916e-01 
-1.834752e-03 7.843891e-02 
3.510908e-05 -2.898397e-03 
1.476759e-03 -1.500886e-01 
1.104894e-02 -3.828170e-01 
-1.079641e-01 -1.776625e-01 
3.201769e-02 -1.476198e-01 
3.481167e-02 -1.271155e-01 
1.089123e-03 -1.517632e-01 
-6.369104e-03 -1.610562e-01 
-7.656015e-03 -1.475073e-01 
-7.723500e-03 -9.629825e-02 
-5.630917e-03 -1.010516e-02 
-2.768064e-04 4.854471e-02 
-4.774561e-04 7.991203e-02 
-6.012415e-03 6.903889e-02 
-5.283903e-03 1.065772e-02 
-4.311777e-03 -2.332109e-02 
-4.549516e-03 -3.979607e-02 
-4.332948e-03 -3.833946e-02 
-4.912075e-04 -2.026191e-02 
-2.472253e-04 -5.258453e-03 
-3.584655e-04 8.225129e-03 
-5.907765e-04 2.013825e-02 
-4.211766e-04 2.388902e-02 
-2.913496e-04 1.549857e-02 
-1.818776e-04 -2.233242e-03 
-6.261110e-04 -3.113523e-02 
-7.881947e-04 -5.651885e-02 
-1.850120e-04 -4.771916e-02 
-7.232839e-04 -1.278071e-02 
-2.719876e-03 5.279960e-02 
-3.481351e-03 1.136945e-01 
-2.855222e-03 9.182027e-02 
-7.395048e-04 7.536067e-03 
2.137264e-03 -1.504800e-01 
1.384722e-02 -4.145224e-01 
-3.083694e-01 -3.522939e-01 
2.709265e-02 -3.072497e-01 
3.186829e-02 -2.189831e-01 
-3.520734e-03 -1.699976e-01 
-6.345094e-03 -1.350375e-01 
-5.044810e-03 -1.014608e-01 
-5.168970e-03 -6.298469e-02 
-6.419873e-03 -1.612852e-02 
-2.289732e-03 2.176094e-02 
-2.084558e-03 4.776764e-02 
-5.793691e-03 5.127026e-02 
-4.305037e-03 2.166870e-02 
-3.467072e-03 7.709165e-04 
-4.003040e-03 -1.397137e-02 
-4.232272e-03 -2.365599e-02 
-3.776545e-04 -2.529046e-02 
-8.441884e-05 -1.929787e-02 
-1.750611e-04 -6.895953e-03 
-3.957706e-04 1.290163e-02 
-3.762825e-04 3.114278e-02 
-3.317968e-04 2.903877e-02 
-2.088620e-04 1.149649e-02 
-6.368284e-04 -2.359079e-02 
-8.370864e-04 -5.988582e-02 
-9.536996e-05 -5.547060e-02 
-5.868770e-04 -2.003548e-02 
-2.741219e-03 5.034072e-02 
-4.075050e-03 1.200168e-01 
-3.577173e-03 1.018508e-01 
-1.424788e-03 1.676830e-02 
2.233335e-03 -1.453911e-01 
1.555756e-02 -4.313910e-01 
-5.648674e-01 -5.152070e-01 
-5.200076e-05 -4.817035e-01 
1.841023e-02 -3.183719e-01 
-6.922173e-03 -1.711995e-01 
-3.584417e-03 -7.985244e-02 
6.269254e-04 -2.368636e-02 
6.493298e-05 -5.572959e-03 
-6.487533e-03 -1.765652e-02 
-4.384350e-03 -9.479504e-03 
-3.780185e-03 8.043483e-03 
-5.399717e-03 2.620829e-02 
-3.312974e-03 2.978346e-02 
-2.600660e-03 2.399151e-02 
-3.389274e-03 1.166211e-02 
-4.001953e-03 -8.503624e-03 
-1.515700e-04 -2.976768e-02 
1.625975e-04 -3.244474e-02 
8.273162e-05 -2.073584e-02 
-1.446741e-04 7.185305e-03 
-3.507267e-04 4.053018e-02 
-3.772916e-04 4.389729e-02 
-2.456965e-04 2.484439e-02 
-7.338882e-04 -1.909366e-02 
-1.025923e-03 -6.988555e-02 
3.080741e-05 -6.954511e-02 
-3.975028e-04 -3.104745e-02 
-2.909478e-03 4.853887e-02 
-5.395370e-03 1.337224e-01 
-5.222629e-03 1.216747e-01 
-2.863590e-03 3.466067e-02 
2.593582e-03 -1.357909e-01 
1.925985e-02 -4.513955e-01 
-9.536427e-01 -6.844370e-01 
-7.263383e-02 -7.343073e-01 
-1.191359e-03 -4.709221e-01 
-5.165506e-03 -1.689347e-01 
2.530996e-03 9.817459e-04 
9.452042e-03 7.965924e-02 
8.872946e-03 6.935686e-02 
-6.184179e-03 -8.202979e-03 
-6.773926e-03 -3.497861e-02 
-6.106218e-03 -2.914447e-02 
-6.544645e-03 -1.337791e-03 
-4.052462e-03 2.958355e-02 
-2.958083e-03 3.810022e-02 
-4.063336e-03 3.026716e-02 
-5.146082e-03 5.048701e-03 
2.166933e-04 -3.038217e-02 
6.337300e-04 -4.055485e-02 
5.081227e-04 -3.077837e-02 
2.597940e-04 1.222456e-03 
-2.793845e-04 4.529255e-02 
-3.834657e-04 5.269076e-02 
-1.921114e-04 3.255810e-02 
-6.030816e-04 -1.785058e-02 
-1.031051e-03 -8.223038e-02 
2.604562e-04 -8.654892e-02 
-8.797663e-05 -4.515005e-02 
-3.043137e-03 4.560005e-02 
-7.693822e-03 1.537301e-01 
-8.376169e-03 1.503030e-01 
-5.953070e-03 5.792687e-02 
2.728414e-03 -1.356042e-01 
2.751848e-02 -5.072741e-01 
-2.777411e-01 7.747353e-01 
2.171418e-02 5.662538e-01 
8.346093e-03 2.448557e-01 
5.138427e-03 -5.124108e-02 
-6.557081e-03 -2.162176e-01 
-1.257286e-02 -2.687728e-01 
-1.101411e-02 -1.837446e-01 
7.365806e-04 2.414483e-02 
6.495590e-03 1.434520e-01 
5.940188e-03 1.843359e-01 
-1.439956e-03 1.319720e-01 
-5.781009e-03 -4.559335e-03 
-4.800788e-03 -8.185490e-02 
-4.097689e-03 -1.106509e-01 
-2.751032e-03 -8.280107e-02 
-6.004579e-05 -3.106335e-03 
-1.159897e-04 4.180122e-02 
-1.693929e-04 6.013650e-02 
-2.172448e-04 4.908649e-02 
-3.988774e-04 8.479169e-03 
-1.720923e-04 -2.026873e-02 
-4.442762e-05 -4.003432e-02 
-6.554267e-04 -5.105972e-02 
-1.092641e-03 -4.518257e-02 
-6.398463e-04 -2.368197e-02 
-1.293913e-03 8.408725e-03 
-4.120647e-03 5.396508e-02 
-7.203834e-03 9.337991e-02 
-6.586775e-03 7.347734e-02 
-4.052872e-03 2.717547e-03 
5.454757e-03 -1.360169e-01 
2.248087e-02 -3.455368e-01 
