poroelastic
-2.827594e-02 2.154052e-01 
-2.089354e-02 3.460901e-01 
1.086425e-02 3.641125e-01 
2.484238e-02 2.218491e-01 
2.033221e-02 8.443813e-02 
1.578406e-02 -3.121715e-02 
-3.502331e-04 -1.053323e-01 
-2.182374e-02 -9.385830e-02 
-1.349140e-02 -6.614156e-02 
-1.073383e-02 -3.283621e-02 
-1.252838e-02 1.707065e-03 
-7.757766e-03 2.215329e-02 
-6.048066e-03 2.930996e-02 
-7.629086e-03 2.620538e-02 
-8.014664e-03 1.177942e-02 
1.132260e-03 -1.060012e-02 
1.730911e-03 -2.712877e-02 
2.114519e-03 -3.792663e-02 
2.258740e-03 -4.206909e-02 
1.343827e-03 -3.684822e-02 
8.889864e-04 -2.449295e-02 
3.563076e-04 -7.648148e-03 
-5.387182e-04 1.274659e-02 
-1.725854e-03 3.052087e-02 
-1.800294e-03 3.437361e-02 
-1.791201e-03 2.885655e-02 
7.882779e-04 1.726551e-02 
7.209543e-03 -9.170362e-03 
5.531232e-03 -5.202670e-02 
4.610260e-03 -9.827731e-02 
1.807523e-03 -1.474776e-01 
-3.488533e-03 -1.672277e-01 
-4.896884e-02 -2.646229e-02 
1.569835e-02 1.431892e-01 
4.243574e-02 2.086330e-01 
2.972898e-02 1.266272e-01 
2.122756e-02 3.808763e-02 
1.854039e-02 -4.010012e-02 
2.668355e-03 -9.108448e-02 
-2.692567e-02 -8.021648e-02 
-1.801191e-02 -5.813040e-02 
-1.721461e-02 -3.345633e-02 
-2.193922e-02 -1.299504e-02 
-1.202535e-02 -7.938890e-03 
-8.378417e-03 -2.220902e-03 
-9.650728e-03 3.811877e-03 
-9.808758e-03 1.028025e-02 
1.482815e-03 1.301949e-02 
1.681943e-03 3.800278e-03 
2.448459e-03 -1.273959e-02 
3.229474e-03 -3.670468e-02 
1.699253e-03 -5.933014e-02 
1.649378e-03 -5.932042e-02 
1.161659e-03 -4.180870e-02 
-6.577898e-04 -6.860500e-03 
-3.133053e-03 3.556297e-02 
-3.524283e-03 5.645075e-02 
-4.213863e-03 6.159270e-02 
-1.658443e-03 5.491264e-02 
9.260274e-03 1.943276e-02 
8.364322e-03 -5.174825e-02 
8.552695e-03 -1.409038e-01 
6.755790e-03 -2.558203e-01 
-3.940776e-03 -3.587518e-01 
-2.647308e-01 -2.274524e-01 
4.114264e-02 -1.745302e-02 
6.827404e-02 8.334292e-02 
3.071817e-02 3.725462e-02 
2.022321e-02 -2.074688e-02 
1.771524e-02 -7.188654e-02 
2.448935e-03 -9.776032e-02 
-2.988839e-02 -6.950551e-02 
-2.014666e-02 -4.127151e-02 
-2.057764e-02 -2.032130e-02 
-2.773067e-02 -1.565347e-02 
-1.477867e-02 -3.201889e-02 
-9.689758e-03 -3.229048e-02 
-1.056593e-02 -1.973182e-02 
-1.114258e-02 8.025135e-03 
6.853527e-04 3.922235e-02 
8.013287e-04 3.922072e-02 
1.960774e-03 1.708978e-02 
3.642932e-03 -2.946666e-02 
2.574903e-03 -8.375195e-02 
2.733955e-03 -9.514699e-02 
2.170595e-03 -7.497891e-02 
2.090681e-05 -2.269834e-02 
-3.145496e-03 4.813980e-02 
-4.064785e-03 8.487513e-02 
-4.834807e-03 9.508429e-02 
-2.013174e-03 8.373008e-02 
1.023826e-02 3.174348e-02 
9.588638e-03 -6.169246e-02 
9.826407e-03 -1.764342e-01 
8.223699e-03 -3.258590e-01 
-4.041514e-03 -4.717312e-01 
-6.118914e-01 -3.750796e-01 
4.219602e-02 -1.761996e-01 
7.612231e-02 -5.263506e-02 
2.554731e-02 -5.137244e-02 
1.620403e-02 -7.168022e-02 
1.475580e-02 -9.186050e-02 
3.479023e-03 -9.260587e-02 
-2.780222e-02 -4.999234e-02 
-1.922533e-02 -1.738564e-02 
-2.090070e-02 -1.308820e-03 
-2.984718e-02 -1.276302e-02 
-1.525367e-02 -5.194967e-02 
-9.271044e-03 -6.059318e-02 
-9.520292e-03 -4.427285e-02 
-1.016956e-02 6.710554e-04 
7.655203e-04 5.774121e-02 
5.695437e-04 6.915794e-02 
1.953110e-03 4.701179e-02 
3.951483e-03 -1.194630e-02 
2.163720e-03 -8.948677e-02 
2.702733e-03 -1.147606e-01 
2.392750e-03 -1.000715e-01 
-1.519450e-05 -4.418821e-02 
-3.659778e-03 4.013162e-02 
-4.741240e-03 8.911133e-02 
-6.032836e-03 1.099523e-01 
-4.308454e-03 1.074219e-01 
7.952088e-03 5.875030e-02 
8.819130e-03 -4.289587e-02 
1.029187e-02 -1.757395e-01 
1.149113e-02 -3.563052e-01 
2.136914e-04 -5.544961e-01 
-9.531728e-01 -4.266234e-01 
-2.010838e-02 -3.410589e-01 
4.881773e-02 -1.932287e-01 
2.701976e-02 -1.011324e-01 
1.831448e-02 -6.594865e-02 
1.897901e-02 -5.394254e-02 
1.394310e-02 -4.731655e-02 
-2.202236e-02 -2.362071e-02 
-1.740241e-02 -1.254409e-02 
-1.917054e-02 -1.476234e-02 
-2.766494e-02 -3.306874e-02 
-1.598865e-02 -6.406398e-02 
-9.121949e-03 -6.558005e-02 
-9.078934e-03 -4.324000e-02 
-1.051292e-02 5.113037e-03 
1.528794e-04 6.548259e-02 
1.122001e-04 7.996877e-02 
1.605350e-03 5.888580e-02 
4.138989e-03 -4.742697e-04 
2.324280e-03 -8.289842e-02 
2.874394e-03 -1.147348e-01 
2.743557e-03 -1.067447e-01 
9.039740e-04 -5.770975e-02 
-2.035272e-03 2.505651e-02 
-3.352966e-03 7.813152e-02 
-4.475775e-03 1.051510e-01 
-3.901994e-03 1.099484e-01 
2.916331e-03 7.185198e-02 
5.043080e-03 -2.149769e-02 
7.262808e-03 -1.483452e-01 
1.081989e-02 -3.228113e-01 
5.663875e-03 -5.291278e-01 
-5.493916e-01 5.450657e-01 
-3.721562e-02 5.895114e-01 
-4.178217e-03 4.886201e-01 
1.142659e-02 3.047222e-01 
1.374624e-02 1.337976e-01 
1.057022e-02 -1.254499e-02 
-1.362021e-03 -1.206888e-01 
-1.580281e-02 -1.383162e-01 
-9.491656e-03 -1.178075e-01 
-5.182191e-03 -7.515809e-02 
-2.798336e-03 -1.112309e-02 
-1.848863e-03 5.311327e-02 
-2.677526e-03 8.265884e-02 
-4.520457e-03 8.438045e-02 
-5.199565e-03 5.422613e-02 
1.146024e-03 -1.839871e-03 
2.046998e-03 -3.605262e-02 
2.336615e-03 -5.172470e-02 
1.911883e-03 -4.716804e-02 
2.208290e-04 -2.260121e-02 
-2.381603e-04 -1.382126e-03 
-7.117949e-04 1.564054e-02 
-1.444639e-03 2.712212e-02 
-1.749409e-03 3.170625e-02 
-1.637272e-03 3.196927e-02 
-1.656582e-03 2.729459e-02 
-1.181196e-03 1.807388e-02 
1.496068e-03 -8.731804e-04 
2.182064e-03 -3.228826e-02 
2.994151e-03 -6.993548e-02 
5.055396e-03 -1.166143e-01 
2.508311e-03 -1.601189e-01 
