poroelastic
-3.728457e-02 -2.588964e-02 
-2.804235e-02 4.209225e-02 
3.174187e-02 1.974367e-01 
8.278064e-02 2.699637e-01 
3.393122e-02 1.644652e-01 
-1.109298e-02 -1.460072e-02 
-2.235873e-02 -1.405622e-01 
-6.849459e-04 -1.010841e-02 
-7.544302e-02 -5.953048e-01 
-1.592742e-01 -3.286406e-01 
-4.605911e-02 2.801889e-02 
1.033786e-01 1.918491e-01 
7.067676e-02 1.793724e-01 
4.446617e-02 1.059469e-01 
4.120286e-02 8.668271e-02 
1.934129e-02 3.372365e-01 
-2.525664e-02 4.868852e-02 
3.435077e-03 1.903560e-01 
8.206076e-02 3.429158e-01 
8.798898e-02 3.178100e-01 
1.774915e-02 1.315959e-01 
-2.614250e-02 -7.314732e-02 
-2.762367e-02 -1.892872e-01 
-9.967254e-04 -2.052797e-02 
1.292599e-01 -4.961391e-01 
-7.563571e-02 -2.694473e-01 
-1.813413e-02 -1.135589e-02 
4.770225e-02 1.056104e-01 
2.545157e-02 7.308044e-02 
8.716334e-03 1.078138e-03 
1.166863e-02 -2.267397e-02 
6.323499e-03 1.631612e-01 
-3.019086e-02 1.182122e-02 
-2.150465e-02 1.251343e-01 
6.079234e-02 2.898989e-01 
1.182495e-01 3.262807e-01 
5.061562e-02 2.029589e-01 
6.545391e-03 3.872857e-02 
-2.389454e-03 -6.255897e-02 
1.510333e-03 5.506754e-02 
-9.459323e-02 -4.290444e-01 
-9.444492e-02 -1.807142e-01 
9.293049e-03 9.456972e-02 
9.241113e-02 2.103297e-01 
4.964300e-02 1.686200e-01 
1.871156e-02 6.943895e-02 
9.151909e-03 -1.580995e-03 
1.547502e-03 1.002389e-01 
-6.740491e-03 1.825213e-02 
1.156926e-03 1.130533e-01 
6.592348e-02 2.510941e-01 
9.026060e-02 2.848790e-01 
2.937658e-02 1.686123e-01 
-9.453695e-03 1.440583e-02 
-1.647206e-02 -1.040188e-01 
-4.249062e-04 -6.607133e-02 
-2.878648e-01 -3.734328e-01 
-1.011145e-01 -1.549288e-01 
1.760201e-02 1.055048e-01 
1.316592e-01 2.329225e-01 
7.745915e-02 2.320146e-01 
4.160746e-02 1.589841e-01 
2.025683e-02 9.033835e-02 
-1.343460e-03 1.321931e-01 
-2.634278e-03 -3.806665e-03 
9.665284e-03 6.077187e-02 
5.515820e-02 1.809868e-01 
5.655866e-02 2.403591e-01 
5.886285e-03 1.382239e-01 
-2.759218e-02 -1.247993e-02 
-2.929251e-02 -1.512144e-01 
3.442630e-03 -1.861098e-01 
-4.514223e-01 -2.581983e-01 
-8.300824e-02 -1.053633e-01 
4.304491e-02 1.351666e-01 
1.649353e-01 2.777021e-01 
9.688139e-02 2.992063e-01 
5.155815e-02 2.326540e-01 
1.815503e-02 1.380079e-01 
-3.155340e-03 9.485469e-02 
-5.126376e-03 -2.457327e-02 
1.649137e-04 1.546667e-02 
4.075954e-02 1.248427e-01 
5.498381e-02 2.168107e-01 
1.156228e-02 1.592540e-01 
-2.173409e-02 3.554177e-02 
-2.699702e-02 -1.113126e-01 
8.755924e-03 -2.155843e-01 
-6.446241e-01 -1.165667e-01 
-3.346513e-02 -6.883896e-02 
8.390772e-02 1.652535e-01 
2.072408e-01 3.332595e-01 
1.145095e-01 3.816702e-01 
5.543259e-02 3.094044e-01 
1.025648e-02 1.710589e-01 
-2.102845e-03 3.596629e-02 
-2.714366e-02 -4.993003e-02 
-1.975231e-02 -5.580923e-02 
-1.203554e-03 2.943705e-02 
-4.473988e-03 1.606306e-01 
-2.793501e-02 1.214181e-01 
-5.358726e-02 -8.430974e-03 
-4.782077e-02 -2.056533e-01 
2.516917e-02 -4.249015e-01 
-9.333360e-01 7.317920e-02 
5.261261e-02 -1.030696e-01 
1.310084e-01 1.493090e-01 
2.644232e-01 3.645780e-01 
1.432824e-01 4.568336e-01 
7.814272e-02 4.071208e-01 
1.839767e-02 2.805748e-01 
-1.057191e-02 1.356073e-01 
-5.328636e-02 -6.438876e-02 
-4.913416e-02 -9.312047e-02 
-3.773628e-02 -2.595205e-02 
-3.475273e-02 1.024496e-01 
-4.213397e-02 7.832894e-02 
-5.723314e-02 -3.464697e-02 
-4.246138e-02 -2.188266e-01 
3.244740e-02 -4.127157e-01 
-1.201732e+00 3.859071e-01 
2.021793e-01 -1.318789e-01 
2.278723e-01 1.597108e-01 
3.194120e-01 4.854204e-01 
1.559860e-01 6.350123e-01 
6.805620e-02 5.601856e-01 
-2.493354e-03 3.076800e-01 
2.545540e-03 -2.904344e-02 
-1.538959e-01 -1.604121e-01 
-1.653260e-01 -2.843258e-01 
-1.270244e-01 -1.990154e-01 
-4.296743e-02 1.404886e-01 
-4.042379e-02 2.304344e-01 
-7.345317e-02 9.926149e-02 
-5.955654e-02 -2.402461e-01 
6.795336e-02 -7.695892e-01 
-4.494858e-01 3.253128e-01 
5.931627e-02 -9.224070e-03 
1.711506e-01 1.656264e-02 
2.125066e-01 3.067830e-01 
1.037093e-01 3.953767e-01 
4.229703e-02 3.615130e-01 
-7.538149e-03 2.499952e-01 
-5.711687e-03 4.287841e-02 
