poroelastic
1.442191e-01 -1.036714e-02 
1.432245e-01 -6.213134e-02 
9.672703e-02 -8.985756e-02 
-1.409214e-01 -1.153303e-01 
-1.522609e-01 -2.846436e-01 
-1.481598e-01 -4.338439e-01 
-1.205720e-01 -5.370368e-01 
-2.140662e-02 -4.701358e-01 
-2.781386e-01 -3.125496e-01 
-1.527870e-01 -1.490547e-01 
-3.565567e-02 7.644456e-02 
1.065627e-01 1.778007e-01 
7.003311e-02 1.489130e-01 
4.826101e-02 8.860199e-02 
5.158159e-02 1.024114e-01 
1.517406e-02 4.037539e-01 
3.846972e-02 -8.402334e-02 
6.470023e-02 -2.056844e-02 
7.121974e-02 7.925632e-02 
-6.459984e-02 3.654003e-02 
-9.439317e-02 -1.728705e-01 
-1.032532e-01 -3.594863e-01 
-6.618901e-02 -4.196837e-01 
-3.839126e-03 -1.372713e-01 
8.815134e-02 -7.787891e-02 
2.312314e-02 2.343712e-02 
3.903232e-02 9.609643e-02 
-5.746519e-03 5.774536e-02 
-3.305831e-02 -7.403740e-02 
-3.775440e-02 -1.797975e-01 
-1.008907e-02 -1.760135e-01 
2.040442e-03 1.076681e-01 
3.007510e-02 -1.443586e-01 
4.333321e-02 -1.752670e-01 
4.839611e-03 -1.386215e-01 
-1.328093e-01 -1.600613e-01 
-1.177148e-01 -2.889992e-01 
-9.085854e-02 -3.674289e-01 
-3.889238e-02 -3.288892e-01 
-2.692365e-04 -4.119266e-02 
-1.361393e-01 -3.209830e-02 
-2.665044e-02 2.204282e-02 
1.563390e-02 8.032926e-02 
3.183740e-02 5.433631e-02 
7.937639e-03 -1.913751e-02 
7.376479e-03 -6.639673e-02 
2.617627e-02 -1.352905e-02 
-1.620626e-03 2.681677e-01 
-7.819467e-04 -1.885117e-01 
2.594218e-02 -2.637257e-01 
-3.726506e-02 -2.534510e-01 
-1.906424e-01 -2.606363e-01 
-1.449424e-01 -3.605580e-01 
-1.000933e-01 -4.050215e-01 
-3.971454e-02 -3.462576e-01 
1.623060e-03 -9.649504e-02 
-7.813709e-02 6.887589e-02 
-3.684792e-03 2.013442e-02 
-2.182956e-03 -4.248145e-04 
1.713258e-03 -4.241177e-02 
-3.675110e-04 -7.676759e-02 
1.364567e-02 -7.068438e-02 
3.069807e-02 2.710595e-02 
-9.322141e-03 2.743499e-01 
-4.484991e-02 -2.638703e-01 
-3.765158e-02 -4.061815e-01 
-1.182674e-01 -4.245576e-01 
-2.367996e-01 -3.876964e-01 
-1.505019e-01 -4.138715e-01 
-8.475886e-02 -3.833549e-01 
-2.446656e-02 -2.785193e-01 
3.127029e-03 -7.080040e-02 
-1.270827e-01 1.469992e-01 
-1.693668e-02 -1.796008e-02 
-2.809764e-02 -8.654656e-02 
1.549884e-02 -8.873716e-02 
2.557570e-02 -4.432168e-02 
3.990142e-02 2.657440e-02 
3.718247e-02 1.375451e-01 
-1.694803e-02 2.831325e-01 
-1.346703e-01 -3.743837e-01 
-1.273012e-01 -6.077436e-01 
-2.200936e-01 -6.465852e-01 
-2.754052e-01 -5.269200e-01 
-1.384645e-01 -4.331134e-01 
-6.017915e-02 -3.069709e-01 
-1.338848e-02 -1.708200e-01 
4.326027e-03 -6.345376e-02 
-1.449195e-01 2.434852e-01 
-3.327833e-02 -8.793680e-02 
-5.868991e-02 -2.043506e-01 
3.503642e-02 -1.343671e-01 
5.396298e-02 1.081099e-02 
6.021640e-02 1.381467e-01 
3.225290e-02 2.359209e-01 
-2.157120e-02 2.502292e-01 
-2.416438e-01 -4.877564e-01 
-2.718116e-01 -8.136044e-01 
-3.459208e-01 -8.716684e-01 
-3.152686e-01 -6.425726e-01 
-1.380262e-01 -4.335170e-01 
-5.741097e-02 -2.409060e-01 
-2.428688e-02 -1.336672e-01 
1.813212e-02 -2.068645e-01 
-2.088081e-01 3.466562e-01 
-7.336786e-02 -2.452197e-01 
-9.593632e-02 -3.951072e-01 
8.556676e-02 -1.996146e-01 
1.028112e-01 1.009008e-01 
9.665237e-02 3.255397e-01 
3.038553e-02 4.254885e-01 
-2.970162e-02 2.791402e-01 
-4.222740e-01 -6.506628e-01 
-4.879626e-01 -1.114668e+00 
-5.137588e-01 -1.194581e+00 
-3.158791e-01 -7.928445e-01 
-9.237116e-02 -3.771490e-01 
-2.319749e-02 -6.635368e-02 
-2.253932e-02 2.933974e-02 
2.280157e-02 -2.148112e-01 
-2.808390e-01 4.663646e-01 
-1.150837e-01 -4.433502e-01 
-8.538904e-02 -5.609053e-01 
1.803006e-01 -5.345247e-02 
1.456092e-01 4.396668e-01 
7.931137e-02 6.501961e-01 
-2.070541e-02 5.010944e-01 
1.449200e-02 -1.269862e-01 
-6.947565e-01 -8.214802e-01 
-7.630576e-01 -1.444200e+00 
-6.687427e-01 -1.500732e+00 
-2.546826e-01 -7.872706e-01 
-3.288029e-02 -1.512117e-01 
-1.489806e-02 2.187602e-01 
-5.060278e-02 1.862595e-01 
5.874749e-02 -5.137168e-01 
4.626310e-01 -4.309990e-02 
-3.104712e-01 -6.688975e-01 
-3.653431e-01 -1.086799e+00 
-3.955368e-02 -7.666169e-01 
9.643850e-02 -2.660472e-01 
1.238283e-01 2.585257e-01 
1.041912e-02 6.559695e-01 
-8.458195e-02 5.261639e-01 
