poroelastic
-1.517973e-02 -1.803510e-02 
-7.515525e-03 2.955318e-02 
2.828152e-02 1.420807e-01 
4.067063e-02 1.794408e-01 
8.772743e-03 8.767920e-02 
-9.983862e-03 -3.241364e-02 
-7.088918e-03 -1.045133e-01 
-2.561857e-05 2.924750e-03 
-1.910830e-01 -4.961850e-01 
-1.200397e-01 -2.167209e-01 
3.119445e-03 1.030305e-01 
1.052994e-01 2.478129e-01 
6.093634e-02 2.210016e-01 
3.357388e-02 1.347747e-01 
2.207597e-02 8.590421e-02 
-3.133244e-03 2.082481e-01 
2.755290e-03 4.501042e-02 
2.433058e-02 1.477654e-01 
6.244193e-02 2.671483e-01 
3.222720e-02 2.496123e-01 
-1.214973e-02 7.873720e-02 
-3.489808e-02 -1.071781e-01 
-2.560164e-02 -2.257764e-01 
2.984503e-03 -1.528125e-01 
-1.296379e-01 -4.312529e-01 
-8.938845e-02 -2.030670e-01 
2.617739e-03 4.672272e-02 
8.254423e-02 1.748824e-01 
4.954466e-02 1.714809e-01 
2.958340e-02 1.202579e-01 
1.877791e-02 8.922413e-02 
-4.358583e-03 1.749615e-01 
-2.135977e-03 -9.036017e-04 
5.051989e-03 6.406668e-02 
4.374051e-02 1.846769e-01 
4.708270e-02 2.295388e-01 
7.977010e-03 1.250309e-01 
-1.473598e-02 -1.523633e-02 
-1.308750e-02 -1.218546e-01 
2.748209e-03 -9.088255e-02 
-2.179263e-01 -3.303347e-01 
-7.003083e-02 -1.177399e-01 
2.994298e-02 1.205625e-01 
9.288664e-02 2.459332e-01 
4.884168e-02 2.251503e-01 
2.009899e-02 1.391382e-01 
5.279436e-03 4.629030e-02 
-1.463573e-03 4.046612e-02 
-3.295351e-04 -7.373804e-03 
5.169837e-03 3.024304e-02 
3.171130e-02 1.312412e-01 
2.842563e-02 1.934383e-01 
-1.848979e-03 1.128760e-01 
-2.218611e-02 -1.185915e-02 
-2.059927e-02 -1.386515e-01 
7.644764e-03 -1.922583e-01 
-5.175052e-01 -2.858750e-01 
-7.854652e-02 -1.279876e-01 
4.878571e-02 1.216657e-01 
1.564979e-01 2.984640e-01 
9.081443e-02 3.426488e-01 
5.197932e-02 2.948502e-01 
1.882882e-02 2.086245e-01 
-7.871690e-03 1.572965e-01 
-1.712114e-02 -2.944507e-02 
-3.448078e-03 -2.143867e-02 
5.925511e-03 6.225427e-02 
-1.493467e-02 1.367247e-01 
-3.189506e-02 5.527108e-02 
-4.523354e-02 -7.923641e-02 
-3.281181e-02 -2.321986e-01 
1.818656e-02 -3.390996e-01 
-5.441985e-01 -1.648692e-01 
-4.415450e-02 -7.221275e-02 
7.021556e-02 1.383119e-01 
1.545098e-01 3.160517e-01 
8.615492e-02 3.596762e-01 
4.382112e-02 3.040395e-01 
9.712308e-03 1.880424e-01 
-4.813420e-03 7.784744e-02 
-2.901054e-02 -6.437136e-02 
-2.226468e-02 -7.971973e-02 
-3.626711e-03 7.371200e-03 
5.567332e-03 1.349388e-01 
-1.035327e-02 1.133653e-01 
-2.846081e-02 1.576938e-02 
-2.519656e-02 -1.377806e-01 
1.928354e-02 -2.960050e-01 
-8.476504e-01 -5.272866e-02 
7.376514e-03 -7.125134e-02 
1.229698e-01 1.692586e-01 
2.190314e-01 4.008069e-01 
1.163206e-01 4.847813e-01 
5.972583e-02 4.332752e-01 
9.802233e-03 2.883065e-01 
-9.042489e-03 1.159578e-01 
-7.902295e-02 -7.630446e-02 
-6.078777e-02 -1.260866e-01 
-6.068969e-02 -5.930085e-02 
-6.831892e-02 6.531664e-02 
-6.277613e-02 2.145684e-02 
-6.829306e-02 -1.097291e-01 
-4.317565e-02 -3.184758e-01 
4.265257e-02 -5.533715e-01 
-1.004423e+00 1.291829e-01 
9.740631e-02 -5.164730e-02 
1.700013e-01 1.800789e-01 
2.321257e-01 4.190911e-01 
1.182281e-01 5.091600e-01 
6.156328e-02 4.650352e-01 
8.586526e-03 3.250462e-01 
-1.377345e-02 1.546161e-01 
-9.930443e-02 -1.006413e-01 
-8.493394e-02 -1.640502e-01 
-7.256038e-02 -1.006125e-01 
-5.319877e-02 3.587095e-02 
-4.418022e-02 2.980455e-02 
-4.854867e-02 -6.194417e-02 
-2.851188e-02 -2.309166e-01 
3.652742e-02 -4.085302e-01 
-1.365771e+00 3.914934e-01 
2.584577e-01 -8.393151e-02 
2.787636e-01 2.255881e-01 
2.919694e-01 5.679193e-01 
1.329789e-01 6.962954e-01 
5.877913e-02 6.188890e-01 
-2.763409e-03 3.779771e-01 
-8.385199e-03 8.629163e-02 
-2.244394e-01 -1.718623e-01 
-2.021870e-01 -3.097348e-01 
-1.741595e-01 -2.172156e-01 
-1.018571e-01 6.555252e-02 
-7.653418e-02 1.019798e-01 
-8.475477e-02 -5.240726e-02 
-4.627421e-02 -3.930011e-01 
8.244635e-02 -8.567426e-01 
-5.858406e-01 3.416692e-01 
9.077597e-02 -2.785505e-03 
2.055529e-01 4.754941e-02 
1.983538e-01 3.331118e-01 
9.636627e-02 4.429232e-01 
4.230104e-02 4.421903e-01 
-9.222720e-03 3.365081e-01 
-1.677839e-02 1.313875e-01 
