poroelastic
-3.825384e-02 -5.915323e-01 
-1.294288e-01 -1.161838e+00 
-3.293672e-01 -1.673283e+00 
-3.697010e-01 -1.807021e+00 
-1.453378e-01 -1.489621e+00 
-2.579861e-02 -9.387175e-01 
2.052734e-02 -2.502385e-01 
-2.144236e-02 3.016198e-01 
-1.223694e+00 1.404556e+00 
-2.419517e-02 7.516605e-01 
5.647868e-03 -1.161388e-01 
4.272071e-02 -5.375356e-01 
7.294106e-02 -4.135093e-01 
1.132761e-01 7.105580e-02 
6.910735e-02 8.289672e-01 
-1.085992e-01 1.539614e+00 
-2.250846e-01 -8.448235e-01 
-2.082147e-01 -1.437851e+00 
-3.332276e-01 -1.821565e+00 
-2.486163e-01 -1.769061e+00 
-5.165930e-02 -1.230118e+00 
4.625896e-02 -4.568971e-01 
3.965620e-02 3.513197e-01 
-6.536933e-02 8.777120e-01 
-9.495375e-01 1.625915e+00 
8.336576e-02 1.019696e+00 
3.540228e-02 2.245253e-01 
-6.011188e-03 -1.776380e-01 
7.590791e-03 -1.673743e-01 
2.015318e-02 4.177151e-02 
3.272270e-03 2.519356e-01 
-1.167298e-02 1.596692e-01 
-4.657880e-01 -1.066577e+00 
-3.216410e-01 -1.804857e+00 
-4.727630e-01 -2.185798e+00 
-3.696389e-01 -2.018370e+00 
-1.275886e-01 -1.482692e+00 
-1.818049e-02 -8.063930e-01 
1.177317e-02 -1.515181e-01 
-1.201097e-02 1.617396e-01 
-1.308551e+00 1.634195e+00 
1.866585e-02 7.780760e-01 
3.693391e-02 -9.860601e-02 
7.139460e-02 -4.264056e-01 
8.520638e-02 -2.296102e-01 
1.052073e-01 2.462643e-01 
4.637265e-02 8.650564e-01 
-9.785244e-02 1.302250e+00 
-7.134712e-01 -1.361369e+00 
-4.404420e-01 -2.281914e+00 
-5.670877e-01 -2.731858e+00 
-3.611130e-01 -2.467923e+00 
-8.217335e-02 -1.681150e+00 
4.108565e-02 -6.790416e-01 
3.442089e-02 3.009586e-01 
-6.679445e-02 8.414664e-01 
-1.170415e+00 1.430061e+00 
-1.778391e-02 3.749263e-01 
1.138793e-02 -5.031241e-01 
1.108685e-01 -5.550098e-01 
1.268045e-01 -1.245972e-01 
1.332273e-01 5.293333e-01 
3.707280e-02 1.201954e+00 
-1.163467e-01 1.428684e+00 
-1.042575e+00 -1.693109e+00 
-6.195348e-01 -2.782503e+00 
-7.168096e-01 -3.156973e+00 
-4.471804e-01 -2.666722e+00 
-1.257792e-01 -1.828860e+00 
5.844068e-03 -8.830766e-01 
1.983286e-02 -8.403319e-03 
-3.275461e-02 3.857325e-01 
-1.524084e+00 1.789320e+00 
4.225672e-02 7.414858e-01 
9.346424e-02 -7.426937e-02 
1.445305e-01 -1.586296e-01 
1.190628e-01 1.539185e-01 
1.016386e-01 5.934051e-01 
1.469346e-02 9.767413e-01 
-8.532185e-02 9.758291e-01 
-1.249669e+00 -1.769492e+00 
-6.948215e-01 -2.913798e+00 
-7.607603e-01 -3.279475e+00 
-4.344445e-01 -2.691766e+00 
-1.038365e-01 -1.690338e+00 
1.071907e-02 -6.385113e-01 
3.469356e-03 1.416614e-01 
-1.689241e-02 1.822217e-01 
-1.555652e+00 1.475507e+00 
-5.551233e-02 1.933291e-02 
7.304340e-02 -8.611553e-01 
2.576850e-01 -5.524380e-01 
2.318605e-01 2.145723e-01 
1.963836e-01 1.108283e+00 
1.506794e-02 1.857515e+00 
-1.820915e-01 1.881540e+00 
-1.647480e+00 -2.190429e+00 
-9.377751e-01 -3.569068e+00 
-9.359157e-01 -3.923022e+00 
-4.962538e-01 -3.124862e+00 
-1.054713e-01 -1.995141e+00 
3.285815e-02 -8.239825e-01 
1.700041e-02 1.783777e-01 
-5.026425e-02 4.986159e-01 
-2.129566e+00 2.016505e+00 
8.920617e-02 6.543945e-01 
2.267013e-01 -9.630139e-02 
3.048757e-01 1.206062e-01 
2.043661e-01 6.254355e-01 
1.361739e-01 1.125155e+00 
-1.429406e-02 1.429505e+00 
-1.241203e-01 1.175098e+00 
-1.845778e+00 -2.077766e+00 
-1.009662e+00 -3.390241e+00 
-9.808524e-01 -3.600847e+00 
-5.418568e-01 -2.685554e+00 
-1.628205e-01 -1.557820e+00 
-6.582937e-02 -6.261742e-01 
-3.488112e-02 -2.826303e-01 
1.082598e-01 -9.688068e-01 
-2.403457e+00 1.740988e+00 
1.011206e-03 -1.606136e-01 
2.983165e-01 -8.153608e-01 
5.101887e-01 1.384119e-01 
3.373701e-01 1.272331e+00 
1.816771e-01 2.169514e+00 
-8.213914e-02 2.376147e+00 
-1.436261e-01 1.237938e+00 
-2.348558e+00 -2.916360e+00 
-1.329428e+00 -4.656636e+00 
-1.094267e+00 -4.793598e+00 
-3.932362e-01 -3.247534e+00 
-3.178676e-03 -1.529799e+00 
6.408055e-02 -3.192909e-02 
-4.213583e-02 8.393914e-01 
-3.547050e-02 2.912050e-01 
-3.372860e-01 2.106817e+00 
6.864587e-02 3.822084e-01 
-1.051765e-01 -8.707981e-01 
2.265851e-02 -9.297935e-01 
9.732247e-02 -4.743037e-01 
1.104194e-01 2.085685e-01 
-1.904622e-02 9.315623e-01 
-1.322349e-01 9.878210e-01 
