poroelastic
4.937732e-03 2.076923e-01 
3.158554e-02 3.504089e-01 
7.157857e-02 3.926500e-01 
8.130957e-02 3.578886e-01 
3.281601e-02 3.111696e-01 
4.446638e-03 2.274434e-01 
-9.259066e-03 7.215685e-02 
1.040144e-02 -1.303222e-01 
5.475544e-01 -1.410632e-01 
5.510617e-02 -1.366049e-01 
-3.282774e-02 -1.487375e-01 
-7.311588e-02 -1.765917e-01 
-4.087130e-02 -1.676027e-01 
-2.814206e-02 -1.494178e-01 
-1.348288e-02 -1.742173e-01 
2.256298e-02 -2.790545e-01 
3.714902e-02 1.561641e-01 
2.797452e-02 2.396295e-01 
5.850460e-02 2.504286e-01 
7.329712e-02 2.142842e-01 
3.928852e-02 2.090085e-01 
2.184389e-02 2.114554e-01 
2.433973e-03 1.918945e-01 
-9.362957e-03 1.142132e-01 
3.065600e-01 -1.768895e-01 
2.248665e-02 -3.529188e-02 
-8.232561e-03 2.287744e-02 
-4.148217e-02 -3.651227e-02 
-2.836053e-02 -8.949781e-02 
-2.148079e-02 -1.248943e-01 
-7.898937e-03 -1.556359e-01 
1.667364e-02 -1.991832e-01 
9.058055e-02 3.123864e-01 
7.515341e-02 4.618311e-01 
8.465284e-02 4.409622e-01 
4.952549e-02 2.724237e-01 
1.409409e-02 1.612633e-01 
1.039673e-03 7.651263e-02 
-1.871656e-03 1.208263e-02 
2.282502e-03 -2.681120e-02 
4.171480e-01 -2.202870e-01 
1.071621e-02 -1.203091e-01 
-3.403418e-02 -9.374892e-02 
-5.451326e-02 -1.679284e-01 
-2.687770e-02 -1.872851e-01 
-1.102616e-02 -1.756320e-01 
2.508024e-03 -1.235722e-01 
1.744255e-03 -2.000124e-02 
1.373123e-01 3.211380e-01 
9.598522e-02 5.049116e-01 
1.068461e-01 4.938961e-01 
6.695507e-02 3.009613e-01 
2.468906e-02 1.671851e-01 
1.287022e-02 7.166920e-02 
7.919938e-03 5.298610e-02 
-1.523143e-02 1.717149e-01 
3.778802e-01 -2.143781e-01 
1.716387e-02 4.067475e-02 
-1.651462e-02 1.063795e-01 
-6.573963e-02 -5.132676e-02 
-4.173605e-02 -1.711348e-01 
-2.659884e-02 -2.463199e-01 
1.915566e-04 -2.676314e-01 
1.665229e-02 -1.762672e-01 
1.966122e-01 4.171832e-01 
1.425776e-01 6.484154e-01 
1.354538e-01 6.329826e-01 
6.715516e-02 3.772363e-01 
1.774059e-02 1.914528e-01 
4.263572e-03 6.382020e-02 
3.111110e-03 6.321022e-03 
-5.847917e-03 6.086606e-02 
2.941688e-01 -2.690456e-01 
6.091657e-03 2.851491e-02 
-1.502327e-02 1.010922e-01 
-5.171071e-02 -7.763883e-02 
-2.982284e-02 -1.970040e-01 
-1.163874e-02 -2.298147e-01 
6.646739e-03 -1.707550e-01 
1.811391e-03 -1.800329e-02 
2.763040e-01 5.474528e-01 
1.932999e-01 8.419207e-01 
1.544425e-01 7.825289e-01 
4.876600e-02 3.799221e-01 
2.858388e-03 8.078897e-02 
2.458251e-03 -8.561028e-02 
1.092592e-02 -7.740517e-02 
-1.354484e-02 1.321383e-01 
4.457588e-01 -1.938548e-01 
1.344458e-02 2.033115e-01 
-4.226715e-02 1.891215e-01 
-1.042740e-01 -1.697897e-01 
-5.295228e-02 -3.890939e-01 
-1.638833e-02 -4.483756e-01 
1.821496e-02 -3.204939e-01 
-9.364381e-04 8.466102e-03 
3.242532e-01 5.791922e-01 
2.320061e-01 8.731632e-01 
1.634336e-01 7.705018e-01 
4.716570e-02 3.036469e-01 
9.461249e-03 -2.188247e-03 
1.800701e-02 -1.388406e-01 
2.145686e-02 -3.355995e-02 
-3.998395e-02 3.633684e-01 
3.451323e-01 -3.045422e-01 
3.511868e-03 1.941233e-01 
-3.261078e-02 2.276156e-01 
-8.203687e-02 -1.434950e-01 
-3.853365e-02 -3.803783e-01 
-7.949861e-04 -4.484231e-01 
2.762295e-02 -2.772163e-01 
-2.197769e-02 1.875329e-01 
4.297678e-01 7.246664e-01 
3.103370e-01 1.130438e+00 
1.875020e-01 1.029564e+00 
2.055775e-02 4.226977e-01 
-1.844119e-02 -2.444904e-02 
-1.061086e-03 -2.753294e-01 
2.455560e-02 -2.417387e-01 
-2.002088e-02 1.705993e-01 
3.663062e-01 -3.112388e-01 
1.961923e-03 3.265882e-01 
-5.182076e-02 3.084535e-01 
-9.891882e-02 -2.033712e-01 
-3.819601e-02 -4.940649e-01 
6.894452e-03 -5.366560e-01 
3.335395e-02 -2.936627e-01 
-2.973146e-02 2.423714e-01 
5.480773e-01 7.063897e-01 
3.811250e-01 1.117456e+00 
2.377961e-01 9.983770e-01 
5.519735e-02 3.724950e-01 
1.451806e-02 -4.749465e-02 
3.120373e-02 -2.040351e-01 
2.774803e-02 -1.760874e-02 
-6.575895e-02 5.448561e-01 
8.745728e-02 -2.065391e-01 
6.355594e-02 3.996392e-01 
-6.720373e-03 5.701209e-01 
-8.125353e-02 1.956397e-01 
-5.865686e-02 -1.840733e-01 
-2.493230e-02 -4.502033e-01 
3.100149e-02 -4.882817e-01 
3.213465e-02 -2.336755e-01 
