poroelastic
9.640556e-02 -7.219356e-02 
7.473670e-02 -1.716604e-01 
-1.406225e-02 -2.580056e-01 
-1.973049e-01 -3.541645e-01 
-1.404566e-01 -4.466907e-01 
-9.144150e-02 -4.632102e-01 
-3.581513e-02 -3.908217e-01 
6.518239e-03 -1.719267e-01 
-3.447441e-01 -6.683540e-02 
-8.053327e-02 1.303995e-02 
3.338847e-03 8.969906e-02 
7.204918e-02 8.878800e-02 
4.509864e-02 5.793865e-02 
4.135378e-02 5.116214e-02 
4.273679e-02 1.383755e-01 
-1.690198e-02 4.035285e-01 
1.824368e-02 -1.229357e-01 
3.275447e-02 -1.458509e-01 
-1.445853e-02 -1.296946e-01 
-1.358137e-01 -1.893496e-01 
-1.040062e-01 -3.151006e-01 
-7.312442e-02 -3.873821e-01 
-2.513085e-02 -3.497709e-01 
5.349518e-03 -1.130217e-01 
-1.478654e-01 8.550724e-02 
-3.322538e-03 8.444039e-02 
1.208724e-02 5.904467e-02 
9.958988e-03 -9.263756e-03 
2.387701e-03 -6.478828e-02 
1.203868e-02 -6.764759e-02 
2.421903e-02 2.468121e-02 
-1.344166e-02 2.590500e-01 
-2.134165e-02 -2.082280e-01 
-1.077010e-02 -3.204021e-01 
-8.243920e-02 -3.498736e-01 
-1.772860e-01 -3.719362e-01 
-1.093943e-01 -4.140007e-01 
-5.777983e-02 -3.906309e-01 
-8.474340e-03 -2.665186e-01 
8.214113e-05 -1.423331e-03 
-1.890981e-01 1.610440e-01 
-2.128756e-03 8.720310e-02 
5.639101e-03 2.308024e-02 
1.467196e-02 -3.514256e-02 
1.174773e-02 -5.661413e-02 
2.233551e-02 -2.887287e-02 
2.776954e-02 7.582578e-02 
-1.809623e-02 2.841607e-01 
-8.235719e-02 -2.756650e-01 
-5.498794e-02 -4.488214e-01 
-1.357564e-01 -4.968018e-01 
-2.054750e-01 -4.675387e-01 
-1.126105e-01 -4.402008e-01 
-5.441707e-02 -3.617971e-01 
-1.022681e-02 -2.333307e-01 
3.969122e-03 -5.838745e-02 
-2.469423e-01 2.092977e-01 
-1.547067e-02 1.501558e-02 
-1.456196e-02 -8.151512e-02 
3.493824e-02 -8.386886e-02 
3.699253e-02 -2.187940e-02 
4.590005e-02 6.894905e-02 
3.380364e-02 1.992778e-01 
-2.698694e-02 3.473498e-01 
-1.470152e-01 -3.550309e-01 
-1.234791e-01 -5.870868e-01 
-2.023323e-01 -6.485056e-01 
-2.379635e-01 -5.685970e-01 
-1.196768e-01 -4.871361e-01 
-5.213272e-02 -3.666582e-01 
-8.553559e-03 -2.197440e-01 
6.234385e-03 -7.622621e-02 
-1.781068e-01 2.917331e-01 
-8.601417e-03 -5.537834e-03 
-2.985769e-02 -1.551732e-01 
2.360899e-02 -1.260573e-01 
3.612900e-02 -1.804596e-02 
4.340655e-02 1.024865e-01 
2.397291e-02 2.124062e-01 
-2.358720e-02 2.626431e-01 
-2.508404e-01 -4.740005e-01 
-2.139550e-01 -7.955542e-01 
-2.767150e-01 -8.609164e-01 
-2.320321e-01 -6.647012e-01 
-8.881878e-02 -4.452408e-01 
-2.539195e-02 -2.278626e-01 
-3.981988e-03 -6.847621e-02 
4.442296e-03 -4.773796e-02 
-2.805372e-01 3.580699e-01 
-2.902693e-02 -1.144032e-01 
-3.906051e-02 -2.714804e-01 
7.186189e-02 -1.254735e-01 
7.278246e-02 9.066291e-02 
6.494316e-02 2.604218e-01 
1.960814e-02 3.483341e-01 
-2.891274e-02 2.758358e-01 
-3.675891e-01 -5.717827e-01 
-3.433630e-01 -9.677687e-01 
-3.726884e-01 -1.034256e+00 
-2.693525e-01 -7.457926e-01 
-1.040155e-01 -4.610410e-01 
-4.029830e-02 -2.224116e-01 
-1.882655e-02 -1.128044e-01 
2.426513e-02 -2.351511e-01 
-2.997829e-01 4.624070e-01 
-4.311137e-02 -2.330748e-01 
-4.990266e-02 -4.144369e-01 
9.811215e-02 -1.575596e-01 
9.313181e-02 1.664521e-01 
7.460846e-02 3.944266e-01 
9.281141e-03 4.576170e-01 
-2.795500e-02 2.435105e-01 
-5.349528e-01 -7.345503e-01 
-5.152216e-01 -1.255984e+00 
-4.745153e-01 -1.317722e+00 
-2.369254e-01 -8.370261e-01 
-5.602213e-02 -3.619344e-01 
-1.082234e-02 -2.163248e-02 
-1.926472e-02 7.320194e-02 
2.273843e-02 -1.997503e-01 
-4.343299e-01 5.751248e-01 
-5.058667e-02 -4.207820e-01 
-8.839253e-03 -5.251532e-01 
1.781738e-01 2.783693e-02 
1.198134e-01 4.920497e-01 
5.684171e-02 6.839199e-01 
-2.695178e-02 5.231176e-01 
1.057739e-02 -8.848057e-02 
-7.714942e-01 -8.907849e-01 
-7.237632e-01 -1.535479e+00 
-5.744805e-01 -1.551016e+00 
-1.987196e-01 -7.989249e-01 
-2.939038e-02 -1.670224e-01 
-2.045651e-02 1.964803e-01 
-4.548730e-02 1.522452e-01 
6.086186e-02 -5.167638e-01 
3.361631e-01 1.720156e-01 
-2.234653e-01 -5.841927e-01 
-2.355849e-01 -9.967922e-01 
1.146384e-02 -6.520598e-01 
8.805081e-02 -1.602728e-01 
9.053928e-02 3.186205e-01 
-6.652324e-03 6.315648e-01 
-6.927524e-02 4.581238e-01 
