poroelastic
-1.204312e-02 2.023853e-01 
2.164518e-02 3.799598e-01 
9.612132e-02 5.049457e-01 
1.414450e-01 5.293891e-01 
6.896356e-02 4.843320e-01 
2.410604e-02 3.693497e-01 
-4.813525e-03 1.695689e-01 
5.031536e-03 -8.731866e-02 
4.131582e-01 -3.047711e-01 
2.218769e-02 -1.560909e-01 
-8.934258e-03 -3.009947e-02 
-3.667742e-02 -1.160122e-02 
-2.650699e-02 -1.873642e-02 
-2.768523e-02 -6.326433e-02 
-1.931750e-02 -1.697244e-01 
1.884007e-02 -3.140341e-01 
3.957688e-02 1.992200e-01 
3.899315e-02 2.932261e-01 
6.129274e-02 3.106419e-01 
5.519993e-02 2.590863e-01 
2.193794e-02 2.084499e-01 
2.533431e-03 1.282963e-01 
-5.261542e-03 1.490400e-02 
5.404300e-03 -8.787584e-02 
-4.666344e-02 -3.811038e-01 
-4.748126e-02 -1.732616e-01 
1.568293e-02 4.559042e-02 
4.492686e-02 1.409671e-01 
2.429280e-02 1.689591e-01 
9.390720e-03 1.368852e-01 
4.937447e-05 5.696521e-02 
-3.554575e-04 5.536885e-03 
9.890799e-02 3.321073e-01 
8.878282e-02 5.274741e-01 
1.142996e-01 5.686327e-01 
7.705333e-02 4.497370e-01 
1.998710e-02 2.961097e-01 
-7.839466e-03 1.211412e-01 
-1.045501e-02 -6.348394e-02 
1.271535e-02 -1.902545e-01 
2.079871e-01 -4.262762e-01 
-1.636528e-02 -1.403732e-01 
5.332882e-03 5.141388e-02 
-3.201741e-03 7.018874e-02 
-8.386738e-03 2.993729e-02 
-1.193264e-02 -2.713576e-02 
-6.113508e-03 -9.192744e-02 
8.575265e-03 -1.229718e-01 
1.521448e-01 3.810189e-01 
1.177101e-01 6.039891e-01 
1.338181e-01 6.423672e-01 
7.823702e-02 4.708271e-01 
1.745117e-02 2.713115e-01 
-6.815892e-03 8.427083e-02 
-6.098965e-03 -6.767011e-02 
8.979507e-03 -1.250185e-01 
-2.353234e-01 -4.590796e-01 
-1.735812e-02 -2.417569e-02 
6.789591e-02 2.591858e-01 
6.234220e-02 2.677458e-01 
2.154338e-02 1.991362e-01 
4.565827e-03 1.155466e-01 
-1.024729e-03 2.666193e-02 
6.214692e-04 -7.873226e-03 
2.089871e-01 5.127807e-01 
1.708155e-01 7.844614e-01 
1.542122e-01 8.005275e-01 
5.286074e-02 5.173630e-01 
-9.254505e-03 2.209116e-01 
-2.752813e-02 -3.622976e-02 
-9.958835e-03 -2.239097e-01 
2.252284e-02 -2.759084e-01 
-1.238116e-01 -4.084271e-01 
1.154463e-02 7.269998e-02 
6.365571e-02 3.095495e-01 
2.371304e-02 1.909320e-01 
-8.683107e-04 4.961310e-02 
-3.253035e-03 -5.591386e-02 
5.014576e-03 -8.182750e-02 
-3.911598e-03 4.503576e-02 
3.232116e-01 6.639147e-01 
2.458474e-01 1.033096e+00 
2.038637e-01 1.024996e+00 
5.937491e-02 5.886291e-01 
-1.247052e-02 1.872129e-01 
-2.342420e-02 -1.265281e-01 
2.815808e-03 -2.706617e-01 
1.023593e-02 -1.139769e-01 
-4.035183e-01 -3.507118e-01 
6.395541e-02 2.028656e-01 
1.143786e-01 4.653753e-01 
4.853225e-02 2.526659e-01 
9.566218e-03 5.460465e-02 
1.011851e-02 -6.754602e-02 
1.564591e-02 -4.510690e-02 
-2.407926e-02 2.424620e-01 
3.445488e-01 7.337262e-01 
2.778477e-01 1.114662e+00 
1.771739e-01 1.046991e+00 
2.923027e-03 4.832222e-01 
-4.575572e-02 -4.536316e-03 
-3.301851e-02 -3.413932e-01 
1.292593e-02 -4.238315e-01 
1.076501e-02 -1.077367e-01 
-5.009527e-01 -3.304884e-01 
1.292117e-01 3.528005e-01 
1.447040e-01 6.337665e-01 
3.849373e-02 3.044770e-01 
-8.496666e-05 -1.269921e-03 
9.050802e-03 -1.730745e-01 
2.252116e-02 -1.195299e-01 
-3.157342e-02 2.921887e-01 
5.238116e-01 9.264658e-01 
4.128378e-01 1.477491e+00 
2.549624e-01 1.432562e+00 
9.033566e-03 6.793563e-01 
-5.699107e-02 2.096710e-02 
-3.888533e-02 -4.163904e-01 
2.013127e-02 -5.248639e-01 
1.679949e-02 -1.529750e-01 
-7.810462e-01 -2.721434e-01 
2.554334e-01 5.020831e-01 
1.986604e-01 7.762732e-01 
4.830494e-02 2.627571e-01 
1.136247e-02 -1.126635e-01 
3.369262e-02 -2.356018e-01 
3.394323e-02 -2.596467e-02 
-7.012167e-02 6.014534e-01 
5.736086e-01 9.848260e-01 
4.340357e-01 1.506519e+00 
2.026193e-01 1.374249e+00 
-4.422414e-02 4.963438e-01 
-6.890175e-02 -2.166556e-01 
-2.100980e-02 -6.259515e-01 
4.156780e-02 -5.849792e-01 
-7.413340e-03 6.389319e-02 
-6.587032e-01 -2.846045e-03 
2.328794e-01 6.738136e-01 
2.332840e-01 1.041741e+00 
3.587216e-02 6.900682e-01 
-2.914454e-02 2.142342e-01 
-2.286971e-02 -2.075096e-01 
2.736628e-02 -3.871521e-01 
1.194225e-02 -8.883817e-02 
