poroelastic
1.054227e-01 3.060972e-02 
9.788393e-02 -4.851376e-02 
1.764770e-02 -2.015209e-01 
-1.586898e-01 -2.921983e-01 
-1.064062e-01 -2.909211e-01 
-6.861563e-02 -2.287110e-01 
-4.816065e-02 -1.927596e-01 
2.395152e-03 -3.214463e-01 
-7.594075e-02 3.250806e-01 
5.171129e-02 1.840644e-01 
8.504055e-03 -8.800747e-03 
-4.035669e-02 -1.092354e-01 
-2.195257e-02 -9.554001e-02 
-5.467783e-03 -3.670655e-02 
-2.489532e-04 1.829592e-02 
2.081886e-04 -1.878621e-02 
3.420713e-02 -7.551471e-02 
2.758413e-02 -1.535404e-01 
-3.668045e-02 -2.433654e-01 
-1.101646e-01 -2.785985e-01 
-5.757941e-02 -2.261616e-01 
-2.317879e-02 -1.316527e-01 
-5.384923e-03 -3.924418e-02 
4.535858e-04 -2.416539e-02 
-1.351221e-02 4.091193e-01 
9.102190e-02 2.646059e-01 
3.254971e-02 5.238979e-02 
-6.623757e-02 -1.039013e-01 
-4.866815e-02 -1.440011e-01 
-3.041792e-02 -1.230288e-01 
-1.638280e-02 -8.540831e-02 
2.722383e-03 -1.062443e-01 
3.183159e-02 -8.729872e-02 
3.567169e-02 -2.034930e-01 
-6.015037e-02 -3.386141e-01 
-1.785737e-01 -4.013311e-01 
-9.754770e-02 -3.516219e-01 
-4.464263e-02 -2.308164e-01 
-1.532375e-02 -1.079424e-01 
3.150190e-03 -9.044301e-02 
-1.109964e-02 3.585609e-01 
6.093299e-02 1.683202e-01 
-7.685080e-03 -5.316224e-02 
-6.248724e-02 -1.860282e-01 
-2.947375e-02 -1.685491e-01 
-8.686734e-04 -7.808943e-02 
1.057589e-02 3.908956e-02 
-3.737123e-03 8.583908e-02 
-6.314231e-03 -1.096762e-01 
1.145448e-02 -2.251603e-01 
-7.944703e-02 -3.518680e-01 
-1.792846e-01 -4.145159e-01 
-9.220964e-02 -3.591989e-01 
-3.637823e-02 -2.326150e-01 
-6.017625e-03 -8.694722e-02 
1.052069e-03 -2.037490e-02 
2.175505e-01 4.104276e-01 
9.324305e-02 1.788716e-01 
-2.053187e-02 -9.180927e-02 
-1.250322e-01 -2.617733e-01 
-6.658183e-02 -2.685248e-01 
-2.566875e-02 -1.816971e-01 
-2.890775e-03 -5.864471e-02 
5.773580e-04 -8.933451e-03 
-3.763600e-02 -1.474250e-01 
-3.631307e-02 -2.911029e-01 
-1.202093e-01 -4.254562e-01 
-1.697382e-01 -4.714235e-01 
-6.918572e-02 -3.640413e-01 
-8.203934e-03 -1.780085e-01 
1.176024e-02 2.153847e-02 
-8.139189e-03 1.134718e-01 
2.819617e-01 3.557386e-01 
6.006339e-02 9.335416e-02 
-5.887542e-02 -1.837390e-01 
-1.282166e-01 -3.275664e-01 
-5.513218e-02 -2.888838e-01 
-8.835310e-03 -1.557906e-01 
7.363684e-03 7.630926e-03 
-6.002964e-03 7.217663e-02 
-9.117236e-02 -1.944593e-01 
-7.348831e-02 -3.678040e-01 
-1.611812e-01 -5.029832e-01 
-1.950470e-01 -5.277129e-01 
-7.473114e-02 -3.957859e-01 
-9.225027e-03 -1.907333e-01 
8.786287e-03 1.482565e-02 
-7.768455e-03 8.763292e-02 
4.633328e-01 3.277719e-01 
1.745452e-02 3.696618e-02 
-1.067427e-01 -2.712565e-01 
-1.576885e-01 -3.942380e-01 
-6.030555e-02 -3.225670e-01 
-1.027288e-02 -1.623280e-01 
2.900095e-03 5.443909e-03 
-3.006935e-03 2.939332e-02 
-1.386151e-01 -2.623091e-01 
-1.491607e-01 -4.695206e-01 
-1.987166e-01 -5.961545e-01 
-1.484392e-01 -5.597047e-01 
-2.801833e-02 -3.455095e-01 
2.816678e-02 -7.165158e-02 
2.149587e-02 1.740456e-01 
-2.345637e-02 2.317056e-01 
6.464404e-01 2.462582e-01 
-8.396804e-02 -5.419485e-02 
-1.643161e-01 -3.915044e-01 
-1.621186e-01 -4.564878e-01 
-4.962330e-02 -3.192182e-01 
-3.598198e-03 -1.181900e-01 
-5.929158e-04 4.770800e-02 
-3.144152e-04 2.725458e-03 
-2.370365e-01 -3.522713e-01 
-2.510188e-01 -6.274387e-01 
-2.683083e-01 -7.466705e-01 
-1.476295e-01 -6.008756e-01 
-1.620844e-02 -2.966814e-01 
2.736119e-02 6.709771e-03 
7.497576e-03 2.059684e-01 
-1.348488e-02 1.195688e-01 
8.419102e-01 9.400958e-02 
-2.317364e-01 -1.590142e-01 
-2.315881e-01 -5.081305e-01 
-1.494968e-01 -4.581700e-01 
-3.725335e-02 -2.472871e-01 
-8.765195e-03 -3.429289e-02 
-1.577957e-02 6.642492e-02 
1.841952e-02 -1.570718e-01 
-3.196991e-01 -4.211596e-01 
-3.264676e-01 -7.431095e-01 
-2.724553e-01 -8.654796e-01 
-6.804545e-02 -6.400975e-01 
4.568746e-02 -2.349790e-01 
6.708888e-02 1.653836e-01 
1.258627e-02 4.413789e-01 
-3.943137e-02 3.462386e-01 
7.882655e-01 -2.045362e-01 
-2.398461e-01 -3.859922e-01 
-3.587046e-01 -7.134842e-01 
-1.988823e-01 -7.233315e-01 
-3.844461e-02 -4.726052e-01 
1.693383e-02 -1.478707e-01 
4.644939e-04 1.310169e-01 
-1.574813e-02 1.038751e-01 
