poroelastic
2.411119e-02 6.275582e-02 
2.650120e-02 3.363894e-02 
-6.378045e-03 -7.631899e-02 
-4.244742e-02 -1.233023e-01 
-1.415539e-02 -4.842204e-02 
-1.474647e-03 4.465750e-02 
-1.209063e-02 5.800486e-02 
2.359190e-03 -1.820744e-01 
1.338314e-01 3.962328e-01 
1.156164e-01 2.015628e-01 
1.799815e-02 -4.989381e-02 
-8.430633e-02 -1.571973e-01 
-5.124837e-02 -1.283814e-01 
-3.456184e-02 -7.044605e-02 
-3.442837e-02 -8.141168e-02 
5.122010e-03 -3.185888e-01 
5.743269e-03 -1.238010e-02 
-9.414157e-03 -8.856801e-02 
-4.725613e-02 -1.928651e-01 
-2.958696e-02 -1.855331e-01 
9.083981e-03 -4.275659e-02 
2.652545e-02 1.074467e-01 
1.360571e-02 1.777374e-01 
-3.744567e-04 1.643232e-02 
1.681125e-02 3.752584e-01 
8.158613e-02 2.234162e-01 
2.160335e-02 2.287173e-02 
-5.876705e-02 -8.785480e-02 
-3.733921e-02 -8.085414e-02 
-2.756535e-02 -4.751391e-02 
-2.786068e-02 -6.577518e-02 
7.610917e-03 -2.607385e-01 
1.773599e-02 2.509044e-02 
1.796650e-02 -3.875049e-02 
-3.327118e-02 -1.648445e-01 
-6.992885e-02 -2.097873e-01 
-2.566044e-02 -1.192192e-01 
-4.231952e-03 -4.088238e-05 
-7.618025e-03 5.320753e-02 
4.288777e-03 -1.157792e-01 
1.265236e-01 2.880314e-01 
6.862148e-02 1.187010e-01 
-1.255006e-02 -8.309820e-02 
-7.360926e-02 -1.770934e-01 
-3.644235e-02 -1.367175e-01 
-1.606473e-02 -5.646429e-02 
-1.226653e-02 -9.298989e-03 
5.696800e-03 -1.286653e-01 
7.096337e-03 2.679278e-02 
9.204166e-03 -7.972324e-03 
-2.590706e-02 -1.086497e-01 
-4.445754e-02 -1.639171e-01 
-1.143018e-02 -9.211386e-02 
5.568213e-03 8.095626e-03 
2.215750e-03 7.425072e-02 
4.309492e-04 -8.461747e-03 
3.341636e-01 3.021330e-01 
9.339069e-02 1.621800e-01 
-1.228373e-02 -5.583320e-02 
-1.281611e-01 -2.019536e-01 
-7.541934e-02 -2.240305e-01 
-4.738739e-02 -1.828304e-01 
-2.651594e-02 -1.507050e-01 
1.501012e-02 -2.403244e-01 
9.871907e-03 4.044672e-02 
3.418573e-03 1.223949e-02 
-2.369235e-02 -9.161996e-02 
-2.133245e-02 -1.656900e-01 
8.311329e-03 -8.333173e-02 
2.485319e-02 4.473879e-02 
1.470051e-02 1.528352e-01 
-8.304683e-03 1.222840e-01 
4.124483e-01 2.029353e-01 
6.181060e-02 9.246069e-02 
-4.252149e-02 -1.124205e-01 
-1.369756e-01 -2.593375e-01 
-7.349343e-02 -2.714709e-01 
-3.719108e-02 -2.059247e-01 
-1.337392e-02 -1.206240e-01 
9.749296e-03 -1.254303e-01 
1.499197e-02 6.129695e-02 
1.679354e-02 5.682504e-02 
-1.335503e-02 -4.132668e-02 
-3.499343e-02 -1.523041e-01 
-7.353022e-03 -1.185104e-01 
1.184887e-02 -2.591372e-02 
1.004665e-02 7.952158e-02 
-8.472209e-03 1.033625e-01 
6.337510e-01 1.390556e-01 
2.857660e-02 1.025469e-01 
-7.792094e-02 -1.252176e-01 
-1.866171e-01 -3.149824e-01 
-9.738765e-02 -3.582555e-01 
-5.061898e-02 -2.968089e-01 
-1.464855e-02 -1.959568e-01 
1.578841e-02 -1.675261e-01 
3.418603e-02 5.498093e-02 
2.063824e-02 5.912561e-02 
6.813484e-03 -3.278140e-02 
1.932947e-02 -1.443838e-01 
3.597420e-02 -7.942779e-02 
4.917209e-02 6.160562e-02 
2.945676e-02 2.381453e-01 
-3.183775e-02 3.458404e-01 
8.256725e-01 -1.790162e-03 
-6.117686e-02 9.246803e-02 
-1.223095e-01 -1.515350e-01 
-2.056947e-01 -3.570991e-01 
-1.004448e-01 -4.084966e-01 
-5.060972e-02 -3.445618e-01 
-1.030375e-02 -2.240570e-01 
1.637598e-02 -1.564418e-01 
4.355864e-02 6.713963e-02 
3.447385e-02 8.429014e-02 
1.484365e-02 1.816725e-03 
7.235222e-03 -1.156744e-01 
2.087529e-02 -7.909960e-02 
3.185042e-02 2.743064e-02 
1.726609e-02 1.673666e-01 
-2.363167e-02 2.325496e-01 
1.097582e+00 -2.094445e-01 
-1.997628e-01 1.139342e-01 
-2.056295e-01 -1.879008e-01 
-2.380766e-01 -4.570535e-01 
-1.050664e-01 -5.266007e-01 
-4.692796e-02 -4.362653e-01 
-3.762754e-03 -2.523579e-01 
1.336360e-02 -1.268360e-01 
1.134365e-01 8.415622e-02 
8.897253e-02 1.259050e-01 
7.199964e-02 1.276484e-02 
5.308772e-02 -1.832016e-01 
5.875690e-02 -1.399743e-01 
7.165615e-02 5.228915e-02 
3.642748e-02 3.569820e-01 
-6.591318e-02 6.545404e-01 
6.204383e-01 -2.735691e-01 
-1.049240e-01 -2.259202e-02 
-2.104189e-01 -1.294874e-01 
-1.931404e-01 -3.532274e-01 
-8.804844e-02 -4.028002e-01 
-3.846616e-02 -3.632874e-01 
2.171573e-03 -2.585615e-01 
2.204114e-02 -1.634189e-01 
