poroelastic
-4.460382e-02 -4.188017e-02 
-4.073700e-02 2.005674e-02 
2.201256e-02 1.898793e-01 
9.823685e-02 2.950969e-01 
4.824074e-02 1.921704e-01 
-9.173580e-03 -3.701593e-03 
-3.073314e-02 -1.433035e-01 
-3.121033e-03 -2.717089e-02 
-3.667373e-02 -6.356931e-01 
-1.823090e-01 -3.926442e-01 
-8.033622e-02 -1.996255e-02 
1.002744e-01 1.707822e-01 
7.962115e-02 1.840261e-01 
5.516142e-02 1.280294e-01 
5.246784e-02 1.118766e-01 
3.846660e-02 3.761817e-01 
-3.964863e-02 3.546063e-02 
-1.212824e-02 1.774772e-01 
7.526535e-02 3.340139e-01 
1.008070e-01 3.118235e-01 
2.849499e-02 1.351343e-01 
-2.163015e-02 -6.164255e-02 
-2.756464e-02 -1.688612e-01 
2.906151e-03 3.174178e-02 
2.544960e-01 -5.182521e-01 
-5.997788e-02 -3.155633e-01 
-2.831544e-02 -6.316756e-02 
2.830644e-02 6.460531e-02 
1.354887e-02 3.643198e-02 
-1.855261e-03 -3.307876e-02 
4.468141e-03 -5.567510e-02 
1.233043e-02 1.542047e-01 
-5.409728e-02 8.602346e-03 
-4.811540e-02 1.333749e-01 
5.148314e-02 3.150513e-01 
1.491118e-01 3.533660e-01 
7.472809e-02 2.334134e-01 
2.214420e-02 7.183960e-02 
7.775899e-03 -2.408373e-02 
8.122522e-03 1.252432e-01 
-3.215749e-02 -4.690043e-01 
-1.028526e-01 -2.146752e-01 
-1.756557e-03 7.443220e-02 
8.944327e-02 1.933649e-01 
4.904740e-02 1.487177e-01 
1.634739e-02 4.605467e-02 
8.534812e-03 -2.074637e-02 
5.916659e-03 1.199045e-01 
-1.912711e-02 2.048823e-02 
-9.218546e-03 1.313919e-01 
7.140445e-02 2.817934e-01 
1.132350e-01 3.063532e-01 
4.226820e-02 1.804540e-01 
-4.802235e-03 1.753232e-02 
-1.509474e-02 -9.721079e-02 
-7.746214e-04 -2.106522e-02 
-1.990287e-01 -4.189134e-01 
-1.116435e-01 -1.806449e-01 
3.906114e-03 8.674069e-02 
1.215197e-01 2.045317e-01 
7.260570e-02 1.931419e-01 
3.804307e-02 1.161976e-01 
2.164196e-02 5.890197e-02 
2.367812e-03 1.467667e-01 
-1.003132e-02 4.490645e-03 
3.589143e-03 9.353012e-02 
7.058011e-02 2.318752e-01 
9.672799e-02 2.848580e-01 
2.989031e-02 1.764834e-01 
-1.501761e-02 1.858359e-02 
-2.393300e-02 -1.153718e-01 
-4.826403e-04 -1.163229e-01 
-3.932767e-01 -3.019369e-01 
-9.817317e-02 -1.183963e-01 
3.191468e-02 1.333097e-01 
1.630593e-01 2.590142e-01 
9.673846e-02 2.668037e-01 
5.099255e-02 1.935821e-01 
2.037977e-02 1.088850e-01 
-1.505558e-03 1.008490e-01 
-4.669103e-03 -1.227491e-02 
3.600861e-03 4.856792e-02 
5.714232e-02 1.673842e-01 
7.827398e-02 2.448113e-01 
2.191269e-02 1.726806e-01 
-1.903327e-02 3.739326e-02 
-2.748147e-02 -1.066503e-01 
4.627229e-03 -1.834678e-01 
-5.763097e-01 -1.554536e-01 
-5.129405e-02 -7.430775e-02 
7.084761e-02 1.615432e-01 
2.043080e-01 3.074040e-01 
1.151020e-01 3.449211e-01 
5.487461e-02 2.684572e-01 
1.099055e-02 1.384662e-01 
-1.229084e-03 2.635098e-02 
-1.401134e-02 -3.641005e-02 
-6.923277e-03 -2.041306e-02 
2.499906e-02 7.480432e-02 
3.528505e-02 2.050438e-01 
-4.508975e-03 1.663224e-01 
-4.176860e-02 3.531124e-02 
-4.590881e-02 -1.562191e-01 
1.800685e-02 -3.633459e-01 
-8.828946e-01 4.426006e-02 
3.102862e-02 -1.112014e-01 
1.143045e-01 1.466939e-01 
2.715863e-01 3.419211e-01 
1.498737e-01 4.275109e-01 
8.104919e-02 3.705046e-01 
2.072208e-02 2.493623e-01 
-8.516251e-03 1.177127e-01 
-3.813099e-02 -5.137918e-02 
-3.527427e-02 -6.751858e-02 
-2.286355e-02 2.685110e-04 
-2.554143e-02 1.257601e-01 
-4.113617e-02 9.500140e-02 
-6.150714e-02 -2.656936e-02 
-4.894068e-02 -2.157355e-01 
3.045919e-02 -4.143824e-01 
-1.146906e+00 3.771568e-01 
1.763940e-01 -1.531286e-01 
2.066107e-01 1.331819e-01 
3.349323e-01 4.502355e-01 
1.690462e-01 6.158893e-01 
7.337624e-02 5.468839e-01 
-3.423541e-03 2.911757e-01 
5.810362e-03 -6.914883e-02 
-1.254166e-01 -1.511778e-01 
-1.477891e-01 -2.659599e-01 
-1.035519e-01 -1.864642e-01 
-6.194385e-03 1.694485e-01 
-1.624991e-02 2.869978e-01 
-6.352792e-02 1.675420e-01 
-6.275043e-02 -1.708016e-01 
6.282704e-02 -7.277177e-01 
-3.750799e-01 3.082164e-01 
4.380681e-02 -1.031295e-02 
1.481033e-01 3.428043e-04 
2.100364e-01 2.876041e-01 
1.019462e-01 3.709186e-01 
3.693989e-02 3.314530e-01 
-1.070465e-02 2.082646e-01 
2.696831e-03 -1.954898e-02 
