poroelastic
-6.271035e-02 6.136903e-02 
-5.515300e-02 7.919198e-02 
-4.724954e-02 2.502107e-02 
5.380256e-02 -2.988995e-03 
6.877254e-02 1.271571e-01 
7.558165e-02 2.649488e-01 
5.502057e-02 3.350947e-01 
5.322822e-03 1.561818e-01 
2.926625e-01 3.930691e-01 
1.748961e-01 2.207263e-01 
5.522809e-02 -2.943647e-02 
-1.059310e-01 -1.423910e-01 
-7.591996e-02 -1.381545e-01 
-6.325614e-02 -1.158904e-01 
-7.085765e-02 -1.918934e-01 
-1.594783e-02 -5.614765e-01 
-1.849326e-02 5.045124e-02 
-3.884042e-02 -1.188425e-02 
-5.503994e-02 -1.069809e-01 
2.945665e-02 -6.939649e-02 
5.785134e-02 1.126245e-01 
6.745746e-02 2.767273e-01 
3.803211e-02 3.167861e-01 
7.454151e-04 3.595156e-02 
-6.315828e-02 2.343886e-01 
3.396388e-02 1.278678e-01 
8.202615e-03 4.801177e-03 
-1.742487e-02 -2.873663e-02 
-2.161317e-03 2.955688e-02 
-1.494405e-03 7.979852e-02 
-2.084241e-02 3.357571e-02 
-3.200366e-03 -2.685741e-01 
3.297541e-03 1.132196e-01 
-7.677468e-04 1.048938e-01 
-8.376923e-03 1.461004e-02 
2.671139e-02 -6.479680e-03 
3.730889e-02 9.622341e-02 
3.570925e-02 1.934476e-01 
7.881299e-03 1.820705e-01 
-1.520018e-04 -9.770867e-02 
2.077748e-01 1.770109e-01 
7.425385e-02 7.161517e-02 
-8.810618e-04 -6.925352e-02 
-6.994278e-02 -1.120234e-01 
-3.902595e-02 -7.042093e-02 
-2.889713e-02 -2.457059e-02 
-3.434240e-02 -5.857419e-02 
2.560254e-03 -3.187494e-01 
1.284063e-02 1.315591e-01 
-3.037635e-03 1.589169e-01 
1.142048e-02 1.001841e-01 
7.277962e-02 7.555729e-02 
6.259022e-02 1.605740e-01 
4.877989e-02 2.299387e-01 
1.672755e-02 2.174496e-01 
-6.428847e-05 3.837175e-03 
2.583320e-01 1.200163e-01 
6.687386e-02 8.948968e-02 
7.276458e-03 -1.274202e-02 
-7.893895e-02 -7.066303e-02 
-5.116057e-02 -7.806733e-02 
-4.397109e-02 -7.239327e-02 
-3.983899e-02 -1.266437e-01 
1.075876e-02 -3.419888e-01 
4.085351e-02 1.908029e-01 
3.140391e-02 2.593078e-01 
5.288246e-02 2.051581e-01 
9.477047e-02 1.276009e-01 
6.675308e-02 1.674792e-01 
4.695370e-02 2.107431e-01 
1.667554e-02 2.050613e-01 
-2.333822e-03 6.009086e-02 
3.766408e-01 3.017450e-02 
6.161196e-02 8.403272e-02 
-1.385890e-03 -1.695217e-03 
-1.086215e-01 -1.022860e-01 
-7.333682e-02 -1.553190e-01 
-5.634792e-02 -1.695329e-01 
-3.483199e-02 -1.895851e-01 
1.443404e-02 -2.805328e-01 
9.735033e-02 2.699352e-01 
8.471098e-02 4.037053e-01 
1.114785e-01 3.601767e-01 
1.102272e-01 2.092063e-01 
5.620027e-02 1.592291e-01 
3.252596e-02 1.385924e-01 
1.247388e-02 1.273766e-01 
-4.921661e-03 8.542529e-02 
5.109151e-01 -7.005029e-02 
4.505832e-02 1.288954e-01 
-1.126416e-02 4.935508e-02 
-1.496933e-01 -1.252442e-01 
-9.932263e-02 -2.478207e-01 
-6.924017e-02 -2.818028e-01 
-2.836033e-02 -2.651129e-01 
1.753982e-02 -2.417222e-01 
1.662856e-01 3.375117e-01 
1.634022e-01 5.282083e-01 
1.793009e-01 4.892014e-01 
1.449841e-01 2.550685e-01 
7.269908e-02 1.492014e-01 
5.020083e-02 1.199570e-01 
3.145996e-02 1.776224e-01 
-2.213689e-02 3.099697e-01 
6.744757e-01 -2.091461e-01 
8.752312e-03 2.396803e-01 
-2.221760e-02 1.550177e-01 
-1.936338e-01 -1.244297e-01 
-1.269640e-01 -3.451511e-01 
-8.763243e-02 -4.296454e-01 
-2.416138e-02 -3.944061e-01 
2.114865e-02 -2.432981e-01 
2.854657e-01 4.464105e-01 
2.920698e-01 7.299531e-01 
2.748161e-01 7.035795e-01 
1.463357e-01 3.564279e-01 
5.071164e-02 1.272838e-01 
3.095410e-02 2.413784e-02 
2.609027e-02 7.796810e-02 
-2.466405e-02 2.918641e-01 
8.792623e-01 -4.187407e-01 
-6.336983e-02 3.786949e-01 
-8.883775e-02 2.236460e-01 
-2.573434e-01 -2.817080e-01 
-1.461968e-01 -6.124992e-01 
-7.390623e-02 -6.635935e-01 
5.690858e-03 -4.399504e-01 
-2.522705e-03 2.818355e-02 
4.720193e-01 5.592890e-01 
4.603137e-01 9.425961e-01 
3.648809e-01 8.716576e-01 
1.232720e-01 2.739511e-01 
3.619542e-02 -8.125724e-02 
4.757524e-02 -1.605169e-01 
5.090316e-02 8.229646e-02 
-6.141912e-02 7.179322e-01 
1.388469e-01 -2.023986e-01 
1.030111e-01 3.790683e-01 
2.619031e-02 5.264569e-01 
-1.302778e-01 1.367493e-01 
-1.075298e-01 -1.836848e-01 
-7.873071e-02 -4.139031e-01 
-2.638470e-03 -5.053303e-01 
3.984862e-02 -3.216497e-01 
