poroelastic
4.696049e-02 -5.839685e-02 
3.854788e-02 -9.290015e-02 
8.082050e-03 -7.434077e-02 
-9.199935e-02 -1.043646e-01 
-8.126465e-02 -2.181473e-01 
-6.525194e-02 -3.068490e-01 
-3.009827e-02 -3.152830e-01 
2.856509e-03 -1.246659e-01 
-3.362335e-01 -3.471808e-01 
-1.257006e-01 -1.292171e-01 
4.477940e-03 1.207159e-01 
1.134884e-01 2.202091e-01 
6.694996e-02 1.855544e-01 
4.522659e-02 1.221866e-01 
3.814562e-02 1.341512e-01 
-1.014696e-02 3.589631e-01 
9.047866e-03 -5.398572e-02 
3.138245e-02 -5.935052e-03 
2.934551e-02 8.384890e-02 
-5.867546e-02 4.713565e-02 
-7.070844e-02 -1.349458e-01 
-6.846552e-02 -2.996704e-01 
-3.401898e-02 -3.598639e-01 
5.993117e-03 -1.800111e-01 
-1.785764e-01 -2.092549e-01 
-5.897248e-02 -7.146664e-02 
1.052171e-02 7.165211e-02 
6.158651e-02 1.158371e-01 
3.331272e-02 7.724206e-02 
2.418712e-02 3.599210e-02 
2.441612e-02 6.275258e-02 
-9.646367e-03 2.519789e-01 
-1.959485e-02 -1.351674e-01 
-8.537967e-03 -1.677245e-01 
-2.571458e-02 -1.081514e-01 
-7.668497e-02 -8.472084e-02 
-6.290805e-02 -1.738143e-01 
-4.731333e-02 -2.495751e-01 
-1.590883e-02 -2.460419e-01 
3.066864e-03 -6.989200e-02 
-2.451234e-01 -1.080473e-01 
-4.689710e-02 -2.754834e-02 
2.119683e-02 8.432752e-02 
6.908991e-02 1.370234e-01 
3.773495e-02 1.118426e-01 
2.442865e-02 7.092965e-02 
1.876384e-02 7.009861e-02 
-9.422716e-03 1.888407e-01 
-5.759458e-02 -1.838918e-01 
-3.781349e-02 -2.707525e-01 
-6.640651e-02 -2.320618e-01 
-1.042699e-01 -1.629274e-01 
-7.030257e-02 -1.938759e-01 
-4.943686e-02 -2.268355e-01 
-2.118735e-02 -2.336014e-01 
8.850156e-03 -1.645032e-01 
-4.620668e-01 -5.145570e-02 
-6.159915e-02 -7.612346e-02 
2.096978e-02 2.323873e-02 
1.213661e-01 1.410516e-01 
7.908858e-02 2.052965e-01 
5.819446e-02 2.250829e-01 
3.069108e-02 2.428438e-01 
-1.890415e-02 2.960237e-01 
-1.083111e-01 -2.462980e-01 
-8.610916e-02 -3.886788e-01 
-1.240259e-01 -3.696320e-01 
-1.525476e-01 -2.616475e-01 
-9.406399e-02 -2.591496e-01 
-6.255234e-02 -2.707267e-01 
-2.737567e-02 -2.807531e-01 
1.788615e-02 -2.641638e-01 
-4.262167e-01 6.729206e-02 
-3.720331e-02 -5.896293e-02 
2.301748e-02 -1.695220e-02 
1.114617e-01 1.206328e-01 
7.472779e-02 2.132625e-01 
5.151147e-02 2.481206e-01 
1.949046e-02 2.380520e-01 
-1.500470e-02 1.978340e-01 
-1.798481e-01 -3.397587e-01 
-1.542121e-01 -5.510790e-01 
-1.753665e-01 -5.325028e-01 
-1.362973e-01 -3.214943e-01 
-6.186961e-02 -1.983855e-01 
-3.543026e-02 -1.281658e-01 
-1.908931e-02 -1.297503e-01 
1.718190e-02 -2.170072e-01 
-6.691346e-01 1.775780e-01 
-2.099671e-02 -1.236409e-01 
4.921715e-02 -7.013074e-02 
1.803569e-01 1.710699e-01 
1.158164e-01 3.550609e-01 
7.478256e-02 4.234033e-01 
1.729438e-02 3.827020e-01 
-2.092646e-02 2.284033e-01 
-2.823554e-01 -4.084798e-01 
-2.583406e-01 -6.875576e-01 
-2.703505e-01 -6.827729e-01 
-2.062014e-01 -4.161757e-01 
-1.036313e-01 -2.650600e-01 
-6.842623e-02 -2.000226e-01 
-3.845269e-02 -2.628395e-01 
4.365476e-02 -4.827859e-01 
-7.668124e-01 3.469542e-01 
2.353517e-02 -1.857789e-01 
6.912787e-02 -1.544917e-01 
2.024387e-01 1.572560e-01 
1.284987e-01 4.096946e-01 
8.210919e-02 5.186545e-01 
1.123164e-02 4.693885e-01 
-2.415976e-02 2.359662e-01 
-3.966931e-01 -5.219403e-01 
-3.779671e-01 -8.856813e-01 
-3.390079e-01 -8.811252e-01 
-1.765269e-01 -4.896212e-01 
-6.162290e-02 -1.977881e-01 
-3.663503e-02 -4.556902e-02 
-2.840258e-02 -9.182868e-02 
3.744530e-02 -3.659577e-01 
-1.067493e+00 5.726459e-01 
1.117877e-01 -3.198432e-01 
1.611128e-01 -1.960992e-01 
2.912558e-01 3.636989e-01 
1.562012e-01 7.284194e-01 
7.096830e-02 7.955296e-01 
-1.771712e-02 5.452248e-01 
1.244884e-03 -1.138903e-02 
-6.153650e-01 -6.607701e-01 
-5.786078e-01 -1.144810e+00 
-4.632840e-01 -1.094492e+00 
-1.848898e-01 -4.460056e-01 
-6.646492e-02 -3.427797e-02 
-6.566838e-02 9.190801e-02 
-5.526289e-02 -1.445123e-01 
9.029098e-02 -8.336451e-01 
-1.267342e-01 2.855187e-01 
-9.626920e-02 -3.781867e-01 
-2.846951e-02 -6.011950e-01 
1.284420e-01 -2.116238e-01 
1.126748e-01 1.561112e-01 
8.254670e-02 4.520652e-01 
-7.605284e-03 5.906025e-01 
-5.390475e-02 3.813223e-01 
