poroelastic
-4.626334e-02 1.548081e-01 
-1.645153e-02 2.958686e-01 
5.995364e-02 3.876779e-01 
1.502372e-01 4.256347e-01 
8.737950e-02 4.234999e-01 
4.673155e-02 3.650543e-01 
1.206243e-02 2.448185e-01 
-3.090843e-03 7.833500e-02 
5.082850e-01 -1.326302e-01 
6.844782e-02 -9.164533e-02 
-5.979761e-03 -7.109354e-02 
-6.865671e-02 -7.497940e-02 
-4.768154e-02 -9.392737e-02 
-4.346224e-02 -1.334014e-01 
-3.264703e-02 -2.299734e-01 
1.696810e-02 -3.976906e-01 
1.689480e-02 1.848434e-01 
7.828884e-03 2.785460e-01 
6.118701e-02 3.051091e-01 
1.210779e-01 3.088359e-01 
7.417503e-02 3.309918e-01 
4.495855e-02 3.237676e-01 
1.451177e-02 2.639858e-01 
-5.924261e-03 1.319341e-01 
3.307265e-01 -2.196478e-01 
1.804164e-02 -1.040213e-01 
-3.816950e-03 -1.508973e-02 
-3.200926e-02 8.547412e-03 
-2.503228e-02 -1.206923e-02 
-2.752923e-02 -6.203726e-02 
-2.139595e-02 -1.547800e-01 
1.352688e-02 -2.797416e-01 
7.244374e-02 2.856124e-01 
5.471331e-02 4.545709e-01 
1.122092e-01 5.010219e-01 
1.352056e-01 4.454718e-01 
6.813368e-02 3.867884e-01 
2.972029e-02 2.982251e-01 
2.935968e-03 1.691438e-01 
-4.648723e-04 9.084280e-03 
3.441824e-01 -2.786365e-01 
9.219979e-03 -1.088221e-01 
-7.165115e-03 -1.663485e-03 
-3.496318e-02 5.248332e-03 
-2.739915e-02 -3.006809e-02 
-2.790462e-02 -8.543206e-02 
-1.856327e-02 -1.635614e-01 
1.390416e-02 -2.555912e-01 
1.388542e-01 3.430090e-01 
9.342175e-02 5.574475e-01 
1.473497e-01 6.071590e-01 
1.471824e-01 4.996305e-01 
6.921922e-02 3.855655e-01 
3.088284e-02 2.654684e-01 
8.052444e-03 1.613429e-01 
-6.010924e-03 1.066153e-01 
4.049617e-01 -3.038585e-01 
1.600583e-02 -3.293591e-03 
2.476240e-03 1.113775e-01 
-5.821464e-02 3.199784e-02 
-4.727379e-02 -8.948184e-02 
-4.340550e-02 -1.982244e-01 
-1.962232e-02 -2.840000e-01 
1.920970e-02 -3.011935e-01 
2.060527e-01 4.309407e-01 
1.547720e-01 6.909697e-01 
1.893415e-01 7.296419e-01 
1.512403e-01 5.530684e-01 
6.384124e-02 3.848237e-01 
2.485339e-02 2.311302e-01 
6.385484e-03 1.202725e-01 
-6.911562e-03 1.055097e-01 
3.120132e-01 -3.807020e-01 
4.952890e-03 3.086702e-03 
8.031824e-03 1.542175e-01 
-4.445704e-02 5.012034e-02 
-3.966435e-02 -8.866842e-02 
-3.387987e-02 -1.985892e-01 
-1.003860e-02 -2.501720e-01 
1.331156e-02 -1.868943e-01 
3.034140e-01 5.416884e-01 
2.231642e-01 8.756844e-01 
2.332137e-01 9.042568e-01 
1.410039e-01 6.122894e-01 
4.446991e-02 3.366885e-01 
1.114650e-02 1.175491e-01 
5.772797e-03 8.618273e-03 
-6.884932e-03 9.459421e-02 
4.170097e-01 -3.965716e-01 
1.488402e-02 1.533747e-01 
3.835091e-03 2.775394e-01 
-8.651681e-02 3.412975e-02 
-6.519291e-02 -2.055358e-01 
-4.838660e-02 -3.561821e-01 
-6.247938e-03 -3.871654e-01 
1.833363e-02 -2.222868e-01 
4.040455e-01 6.254021e-01 
3.198307e-01 1.013452e+00 
2.883138e-01 1.024966e+00 
1.518393e-01 6.484623e-01 
4.896533e-02 3.262777e-01 
1.881202e-02 1.020944e-01 
1.313925e-02 3.929011e-02 
-1.857715e-02 2.303167e-01 
3.311665e-01 -4.566320e-01 
1.974474e-02 2.289039e-01 
9.079830e-03 3.688752e-01 
-8.018744e-02 5.647004e-02 
-6.130939e-02 -2.351640e-01 
-4.040494e-02 -4.061154e-01 
4.070423e-03 -3.966223e-01 
1.049602e-02 -1.178238e-01 
5.430371e-01 7.687259e-01 
4.325981e-01 1.254376e+00 
3.328401e-01 1.238769e+00 
1.203173e-01 6.927588e-01 
1.825127e-02 2.242476e-01 
2.556761e-03 -7.708826e-02 
1.546696e-02 -1.201763e-01 
-1.784744e-02 2.037888e-01 
4.929083e-01 -5.516593e-01 
2.744270e-03 4.034649e-01 
-3.836408e-02 4.386035e-01 
-1.294636e-01 -1.232968e-01 
-7.290470e-02 -5.155157e-01 
-2.780816e-02 -6.482171e-01 
2.451080e-02 -4.530275e-01 
-1.319895e-02 1.419159e-01 
7.114232e-01 8.698697e-01 
5.614445e-01 1.417922e+00 
3.787846e-01 1.342150e+00 
1.022664e-01 6.142204e-01 
1.470164e-02 7.057745e-02 
1.822796e-02 -2.059666e-01 
3.018118e-02 -1.039965e-01 
-4.577991e-02 5.137628e-01 
-1.385315e-01 -2.911528e-01 
1.389070e-01 4.938581e-01 
9.143302e-02 7.956561e-01 
-4.427589e-02 4.089082e-01 
-6.007889e-02 -1.834861e-02 
-4.673853e-02 -3.776228e-01 
1.411787e-02 -5.431814e-01 
3.463924e-02 -3.140630e-01 
