poroelastic
-4.816050e-02 -6.103850e-01 
-1.324752e-01 -1.036040e+00 
-2.404634e-01 -1.163205e+00 
-2.409336e-01 -9.762995e-01 
-1.024079e-01 -7.096480e-01 
-3.675506e-02 -4.127624e-01 
-7.956587e-03 -1.623454e-01 
8.094620e-03 -1.340816e-01 
-1.340987e+00 1.569801e-01 
-1.712546e-01 1.615830e-01 
7.896454e-02 2.401844e-01 
2.176251e-01 4.291447e-01 
1.424236e-01 5.756806e-01 
9.595864e-02 6.661251e-01 
3.148489e-02 6.792509e-01 
-3.283917e-02 5.283805e-01 
-1.345736e-01 -4.044096e-01 
-9.741735e-02 -6.684237e-01 
-2.219012e-01 -7.401546e-01 
-2.951876e-01 -6.649979e-01 
-1.708089e-01 -6.295622e-01 
-1.245615e-01 -6.279749e-01 
-6.101358e-02 -7.555400e-01 
7.072412e-02 -1.080827e+00 
-1.199708e+00 1.348365e-01 
-1.411416e-01 1.741547e-02 
7.338385e-02 4.369566e-02 
2.133885e-01 3.407313e-01 
1.485574e-01 6.214166e-01 
9.733339e-02 8.101412e-01 
1.922119e-02 7.864441e-01 
-2.626807e-02 4.026273e-01 
-3.119412e-01 -8.254498e-01 
-2.626031e-01 -1.344159e+00 
-3.316743e-01 -1.397478e+00 
-2.463156e-01 -1.018998e+00 
-9.702806e-02 -6.541006e-01 
-4.052667e-02 -3.265306e-01 
-1.851115e-02 -1.685704e-01 
2.365236e-02 -3.449294e-01 
-1.391524e+00 3.721954e-01 
-9.030323e-02 1.978951e-01 
1.271974e-01 2.023710e-01 
2.329352e-01 4.545970e-01 
1.460587e-01 6.604919e-01 
8.980603e-02 7.799905e-01 
1.501854e-02 7.260502e-01 
-2.843618e-02 3.984386e-01 
-4.816745e-01 -7.134764e-01 
-3.019707e-01 -1.242205e+00 
-4.303841e-01 -1.349584e+00 
-3.927462e-01 -1.060913e+00 
-2.051510e-01 -8.436244e-01 
-1.380887e-01 -7.247740e-01 
-6.087295e-02 -8.349647e-01 
9.492922e-02 -1.272090e+00 
-1.927808e+00 2.565096e-01 
-1.567340e-01 -9.662058e-02 
1.923488e-01 9.975000e-03 
3.919611e-01 6.122418e-01 
2.522470e-01 1.084852e+00 
1.555343e-01 1.344297e+00 
1.994143e-02 1.283844e+00 
-6.105957e-02 7.744433e-01 
-6.365493e-01 -1.038645e+00 
-4.475033e-01 -1.704537e+00 
-4.948884e-01 -1.745006e+00 
-3.426657e-01 -1.224009e+00 
-1.433047e-01 -7.816131e-01 
-7.773795e-02 -4.531132e-01 
-3.525017e-02 -3.908003e-01 
6.444841e-02 -7.659397e-01 
-1.740346e+00 5.188392e-01 
-5.199313e-02 1.093636e-01 
2.125667e-01 1.163779e-01 
3.386135e-01 5.555427e-01 
2.059758e-01 9.212700e-01 
1.188099e-01 1.126675e+00 
2.301002e-03 1.045609e+00 
-4.834863e-02 5.448138e-01 
-8.533070e-01 -1.034542e+00 
-5.483073e-01 -1.783279e+00 
-6.125377e-01 -1.846226e+00 
-4.464882e-01 -1.307902e+00 
-2.067524e-01 -8.718047e-01 
-1.336382e-01 -6.274028e-01 
-5.414850e-02 -7.384480e-01 
1.248433e-01 -1.334580e+00 
-2.583283e+00 5.685983e-01 
-4.098819e-02 -1.197457e-03 
3.905329e-01 1.959312e-01 
5.637838e-01 9.678807e-01 
3.212789e-01 1.527676e+00 
1.675536e-01 1.754061e+00 
-1.497446e-02 1.528985e+00 
-7.791366e-02 7.741212e-01 
-1.029565e+00 -1.167364e+00 
-6.880396e-01 -1.959734e+00 
-7.047366e-01 -1.982989e+00 
-4.861224e-01 -1.400442e+00 
-2.190009e-01 -9.091357e-01 
-1.406325e-01 -6.275106e-01 
-5.134031e-02 -7.560246e-01 
1.505699e-01 -1.421282e+00 
-2.582315e+00 9.848277e-01 
9.369853e-02 1.267223e-01 
4.289110e-01 1.667149e-01 
5.445661e-01 7.800170e-01 
3.081892e-01 1.332903e+00 
1.665137e-01 1.632206e+00 
-2.129900e-02 1.524318e+00 
-1.064892e-01 9.408151e-01 
-1.302900e+00 -1.307814e+00 
-8.730082e-01 -2.210007e+00 
-8.489862e-01 -2.226542e+00 
-5.526288e-01 -1.542296e+00 
-2.444864e-01 -9.724412e-01 
-1.561957e-01 -7.002183e-01 
-4.334004e-02 -8.847378e-01 
1.810185e-01 -1.521605e+00 
-3.836443e+00 1.290807e+00 
2.912927e-01 1.480872e-01 
8.020457e-01 5.579025e-01 
8.629992e-01 1.704287e+00 
4.143055e-01 2.386063e+00 
1.563050e-01 2.473015e+00 
-7.962234e-02 1.853719e+00 
-8.239091e-02 6.542880e-01 
-1.514312e+00 -1.600911e+00 
-1.026694e+00 -2.586304e+00 
-8.572155e-01 -2.356286e+00 
-4.345251e-01 -1.158334e+00 
-1.876744e-01 -3.429436e-01 
-1.762464e-01 -7.120381e-02 
-8.220693e-02 -6.211374e-01 
2.778252e-01 -2.087692e+00 
-8.731959e-01 9.001485e-01 
-1.208019e-02 -2.406892e-01 
1.642928e-01 -5.719025e-01 
3.108176e-01 3.849985e-02 
2.027163e-01 6.413314e-01 
9.711705e-02 1.113676e+00 
-7.278243e-02 1.181978e+00 
-7.103230e-02 4.715169e-01 
