poroelastic
6.295360e-02 -2.367113e-02 
6.819044e-02 -1.543036e-02 
7.765618e-02 6.415057e-02 
-3.008241e-02 9.639844e-02 
-7.029201e-02 -7.107712e-02 
-9.806200e-02 -2.747225e-01 
-9.000742e-02 -4.195593e-01 
-1.768057e-02 -3.094796e-01 
-2.317632e-01 -5.536987e-01 
-1.941067e-01 -2.894149e-01 
-4.884359e-02 7.235558e-02 
1.343821e-01 2.426287e-01 
8.974179e-02 2.174325e-01 
5.730853e-02 1.291000e-01 
5.440605e-02 1.125522e-01 
2.049888e-02 4.304003e-01 
5.663129e-03 -2.465621e-02 
3.982900e-02 1.003136e-01 
9.445070e-02 2.592943e-01 
1.936334e-02 2.264324e-01 
-4.518463e-02 -1.573841e-02 
-8.055827e-02 -2.612575e-01 
-6.125319e-02 -3.803509e-01 
-4.613516e-03 -1.204942e-01 
1.071096e-01 -3.488134e-01 
-3.818313e-02 -1.460549e-01 
1.330722e-02 6.244594e-02 
3.387524e-02 1.166313e-01 
4.952230e-04 1.596095e-02 
-1.587026e-02 -9.791321e-02 
2.194918e-04 -1.189925e-01 
4.544102e-03 1.576261e-01 
-3.064639e-03 -8.261820e-02 
1.132084e-02 -3.378180e-02 
4.002149e-02 9.066277e-02 
-5.256617e-03 1.048180e-01 
-4.090882e-02 -5.018649e-02 
-5.390046e-02 -2.026366e-01 
-2.879385e-02 -2.488303e-01 
-1.646884e-04 -9.724643e-03 
-1.445115e-01 -2.799610e-01 
-7.551329e-02 -9.798794e-02 
1.582476e-02 1.088286e-01 
7.978261e-02 1.719655e-01 
3.685060e-02 1.020049e-01 
1.486491e-02 7.214181e-03 
1.897559e-02 -1.427285e-02 
9.387064e-04 2.080349e-01 
-1.000728e-02 -1.117887e-01 
1.080401e-02 -1.030571e-01 
1.508145e-02 -7.418296e-03 
-5.511354e-02 2.102372e-02 
-6.847835e-02 -1.077427e-01 
-6.820859e-02 -2.333095e-01 
-3.748419e-02 -2.800121e-01 
6.190573e-04 -1.161546e-01 
-2.371785e-01 -1.865495e-01 
-6.873884e-02 -8.462507e-02 
1.046934e-02 6.868755e-02 
8.963888e-02 1.317478e-01 
5.105142e-02 1.108696e-01 
3.372329e-02 6.350404e-02 
2.927472e-02 7.005899e-02 
-5.268574e-03 2.365565e-01 
-3.480071e-02 -1.701490e-01 
-2.252871e-02 -2.210487e-01 
-4.103759e-02 -1.554562e-01 
-1.072272e-01 -8.657944e-02 
-8.950427e-02 -1.643403e-01 
-7.234187e-02 -2.431885e-01 
-3.644802e-02 -2.728947e-01 
5.491035e-03 -1.741551e-01 
-3.463512e-01 -7.084449e-02 
-6.427146e-02 -8.040582e-02 
9.002292e-03 2.800794e-02 
1.137104e-01 1.236805e-01 
7.527692e-02 1.633317e-01 
5.353494e-02 1.593921e-01 
3.152746e-02 1.598877e-01 
-1.017742e-02 2.173702e-01 
-9.263880e-02 -2.516697e-01 
-8.549456e-02 -3.727836e-01 
-1.118871e-01 -3.244773e-01 
-1.279811e-01 -1.822490e-01 
-7.609548e-02 -1.572991e-01 
-5.173305e-02 -1.602024e-01 
-2.658137e-02 -1.749470e-01 
9.757371e-03 -1.784667e-01 
-4.765756e-01 7.238938e-02 
-4.603507e-02 -1.016448e-01 
1.559759e-02 -2.564574e-02 
1.527101e-01 1.308448e-01 
1.038286e-01 2.486683e-01 
6.874388e-02 2.758339e-01 
2.451289e-02 2.423162e-01 
-1.193939e-02 1.641061e-01 
-1.724700e-01 -3.364973e-01 
-1.868133e-01 -5.432011e-01 
-2.161859e-01 -5.227689e-01 
-1.942302e-01 -2.911592e-01 
-1.040955e-01 -1.878093e-01 
-7.175870e-02 -1.553324e-01 
-4.593625e-02 -2.165507e-01 
2.925374e-02 -3.957857e-01 
-6.779081e-01 2.468442e-01 
-1.945606e-02 -2.165855e-01 
2.026892e-02 -1.530832e-01 
2.150553e-01 1.047964e-01 
1.490037e-01 3.407614e-01 
1.043959e-01 4.404424e-01 
2.961969e-02 4.199761e-01 
-2.296130e-02 2.473577e-01 
-2.967535e-01 -4.433950e-01 
-3.350575e-01 -7.467520e-01 
-3.374311e-01 -7.503670e-01 
-2.091617e-01 -4.148169e-01 
-8.105653e-02 -1.730762e-01 
-4.919401e-02 -5.470694e-02 
-3.877166e-02 -1.117966e-01 
3.525170e-02 -3.780152e-01 
-8.817484e-01 5.027781e-01 
4.249191e-02 -3.548285e-01 
8.529969e-02 -2.491542e-01 
3.078337e-01 2.680693e-01 
1.843000e-01 6.585495e-01 
8.888826e-02 7.350207e-01 
-1.391064e-02 4.843972e-01 
1.067378e-02 -1.046422e-01 
-5.225602e-01 -6.033582e-01 
-5.749011e-01 -1.059612e+00 
-4.898170e-01 -1.038558e+00 
-1.842230e-01 -3.880132e-01 
-4.923380e-02 5.021681e-02 
-5.780561e-02 1.868386e-01 
-6.682378e-02 -4.513512e-02 
8.109623e-02 -7.889173e-01 
1.730428e-02 1.506189e-01 
-1.629229e-01 -4.246798e-01 
-1.231369e-01 -6.617386e-01 
1.071010e-01 -2.875263e-01 
1.211785e-01 6.660989e-02 
1.022804e-01 3.653363e-01 
5.117397e-03 5.511683e-01 
-5.601488e-02 3.757435e-01 
