poroelastic
-7.073991e-02 5.172583e-02 
-6.535404e-02 6.525872e-02 
-7.153240e-02 -6.540331e-03 
2.491209e-02 -7.653297e-02 
5.999119e-02 6.661086e-02 
8.818170e-02 2.482273e-01 
8.574125e-02 3.694567e-01 
2.103619e-02 2.642601e-01 
2.570178e-01 4.718837e-01 
2.097682e-01 3.000981e-01 
9.173914e-02 8.415772e-03 
-1.105109e-01 -1.503205e-01 
-8.865682e-02 -1.695970e-01 
-7.351825e-02 -1.498508e-01 
-8.233374e-02 -2.073145e-01 
-4.102155e-02 -5.708703e-01 
-1.665347e-02 5.573509e-02 
-3.666881e-02 -1.943623e-02 
-6.773669e-02 -1.324721e-01 
5.874682e-03 -1.083265e-01 
4.836456e-02 7.581389e-02 
7.157146e-02 2.530203e-01 
5.023531e-02 3.114701e-01 
1.648021e-03 2.624117e-02 
-1.987286e-01 2.791120e-01 
1.360281e-02 1.714833e-01 
6.612084e-03 3.469076e-02 
-2.537312e-03 -1.949953e-02 
1.233174e-02 4.499578e-02 
1.736817e-02 1.144814e-01 
-4.383164e-03 9.734314e-02 
-1.036778e-02 -1.990693e-01 
4.856677e-03 1.050675e-01 
3.498950e-03 7.996075e-02 
-1.907972e-02 -2.980765e-02 
7.677819e-04 -5.814699e-02 
2.616549e-02 5.305838e-02 
3.532490e-02 1.638332e-01 
1.116400e-02 1.679164e-01 
-4.432986e-03 -1.167518e-01 
1.627227e-01 2.450387e-01 
8.914795e-02 1.104616e-01 
7.937425e-03 -6.463771e-02 
-7.357570e-02 -1.207996e-01 
-4.060699e-02 -7.335337e-02 
-2.631618e-02 -1.243184e-02 
-3.533797e-02 -3.430281e-02 
-8.067877e-03 -3.224675e-01 
-5.356798e-04 1.081221e-01 
-1.780765e-02 1.063685e-01 
-1.633807e-02 3.191246e-02 
5.823104e-02 1.977253e-02 
6.586505e-02 1.377877e-01 
6.090228e-02 2.397682e-01 
2.675175e-02 2.443414e-01 
-2.480224e-05 -1.960087e-03 
1.608052e-01 1.718666e-01 
6.637160e-02 9.870008e-02 
1.048998e-02 -1.931337e-02 
-6.353527e-02 -6.170563e-02 
-3.784113e-02 -4.220369e-02 
-3.217008e-02 -1.516192e-02 
-3.846581e-02 -6.483434e-02 
2.066714e-03 -3.238619e-01 
2.178164e-02 1.632209e-01 
1.670809e-02 2.010515e-01 
2.721790e-02 1.318680e-01 
7.357264e-02 6.793353e-02 
6.164716e-02 1.322441e-01 
4.844306e-02 1.958707e-01 
1.791844e-02 1.957862e-01 
-3.101047e-04 1.772219e-02 
3.323725e-01 8.757387e-02 
7.415525e-02 9.445169e-02 
6.467683e-03 -1.364620e-02 
-1.073373e-01 -9.666818e-02 
-7.248143e-02 -1.296733e-01 
-5.691603e-02 -1.308124e-01 
-4.131979e-02 -1.585333e-01 
1.016916e-02 -2.957595e-01 
6.749816e-02 2.372589e-01 
6.118571e-02 3.397120e-01 
8.853882e-02 2.875059e-01 
1.119590e-01 1.635763e-01 
6.632860e-02 1.537531e-01 
4.281861e-02 1.630524e-01 
1.655481e-02 1.566326e-01 
-3.227722e-03 7.372736e-02 
4.345523e-01 -2.568951e-02 
5.565510e-02 1.197891e-01 
3.066879e-04 3.385346e-02 
-1.395550e-01 -1.062363e-01 
-9.513711e-02 -2.041191e-01 
-6.763867e-02 -2.246973e-01 
-3.255505e-02 -2.152663e-01 
1.448507e-02 -2.319969e-01 
1.287615e-01 3.100374e-01 
1.418593e-01 4.742704e-01 
1.621597e-01 4.310245e-01 
1.370017e-01 2.115584e-01 
6.928260e-02 1.218987e-01 
4.849293e-02 1.023826e-01 
3.164440e-02 1.548532e-01 
-1.665498e-02 2.620049e-01 
6.326737e-01 -1.642624e-01 
3.048833e-02 2.481856e-01 
-1.083436e-03 1.536510e-01 
-2.007930e-01 -9.945900e-02 
-1.374635e-01 -3.137961e-01 
-9.844272e-02 -3.965571e-01 
-3.297392e-02 -3.770012e-01 
2.137391e-02 -2.575174e-01 
2.505260e-01 4.203466e-01 
2.825358e-01 6.849912e-01 
2.840573e-01 6.649926e-01 
1.680556e-01 3.391921e-01 
6.307942e-02 1.299473e-01 
3.918288e-02 4.111532e-02 
3.144321e-02 9.909157e-02 
-2.484506e-02 3.055287e-01 
8.101838e-01 -3.860279e-01 
-2.947207e-02 3.950883e-01 
-5.854741e-02 2.483350e-01 
-2.722442e-01 -2.427726e-01 
-1.628283e-01 -5.907855e-01 
-8.386828e-02 -6.492262e-01 
4.172528e-03 -4.265482e-01 
-4.874156e-03 5.549873e-02 
4.398967e-01 5.439077e-01 
4.673906e-01 9.215970e-01 
3.804240e-01 8.651571e-01 
1.163266e-01 2.589936e-01 
2.260476e-02 -1.192245e-01 
4.054233e-02 -2.110776e-01 
5.424785e-02 2.521409e-02 
-5.844299e-02 6.844217e-01 
5.090919e-02 -1.337616e-01 
1.408361e-01 4.010946e-01 
7.472210e-02 5.620934e-01 
-1.198168e-01 1.785466e-01 
-1.106348e-01 -1.369849e-01 
-8.544531e-02 -3.683629e-01 
-6.154736e-03 -4.812524e-01 
4.019827e-02 -3.093948e-01 
