poroelastic
-1.709924e-01 -3.130267e-02 
-1.736473e-01 5.223564e-02 
-1.157009e-01 1.658982e-01 
1.389347e-01 1.991569e-01 
1.448849e-01 3.026364e-01 
1.373401e-01 3.640770e-01 
1.383316e-01 4.573116e-01 
6.956302e-02 6.498477e-01 
3.146956e-01 -4.183739e-02 
8.225038e-02 -4.303484e-02 
2.111903e-02 -7.578581e-02 
-6.387472e-02 -1.325900e-01 
-4.909523e-02 -1.398299e-01 
-3.337257e-02 -1.152419e-01 
-1.985942e-02 -7.978146e-02 
-6.885560e-03 -7.188067e-02 
-5.643882e-02 1.071423e-01 
-6.345031e-02 1.265283e-01 
-3.396656e-02 1.074210e-01 
8.109275e-02 9.790485e-02 
7.966346e-02 1.717664e-01 
8.021513e-02 2.437762e-01 
6.795173e-02 2.840384e-01 
2.006258e-02 2.320202e-01 
6.844203e-02 -2.426186e-01 
-5.866825e-02 -2.150310e-01 
-6.138915e-02 -1.427420e-01 
6.449144e-03 -6.048224e-02 
2.958318e-02 3.730430e-02 
4.111203e-02 1.174674e-01 
3.627818e-02 1.605329e-01 
8.982483e-03 1.199157e-01 
-6.961353e-02 1.368637e-01 
-7.998086e-02 2.435293e-01 
8.118939e-03 3.154939e-01 
1.916003e-01 3.324841e-01 
1.446978e-01 3.699242e-01 
1.042821e-01 3.543988e-01 
6.299624e-02 3.035613e-01 
1.241068e-02 2.035313e-01 
1.743924e-01 -2.160997e-01 
-8.342198e-03 -1.263192e-01 
-9.801979e-03 -4.765355e-02 
-6.103718e-03 -1.146370e-03 
-4.982470e-05 2.172513e-02 
-2.924444e-03 2.448538e-02 
-1.177354e-02 -8.533889e-03 
-5.490157e-03 -1.160981e-01 
-2.327763e-02 1.735641e-01 
-5.010199e-02 2.865888e-01 
3.886921e-02 3.440856e-01 
2.101140e-01 3.435532e-01 
1.520131e-01 3.791021e-01 
1.064893e-01 3.708490e-01 
5.795036e-02 3.152988e-01 
6.911134e-03 1.919150e-01 
-1.636407e-02 -3.138864e-01 
-6.126963e-02 -1.459826e-01 
-8.999627e-03 6.443861e-03 
5.570285e-02 9.908293e-02 
4.124299e-02 1.395284e-01 
2.145428e-02 1.263682e-01 
-1.358418e-03 5.507304e-02 
-1.329853e-03 -7.917680e-02 
2.008994e-02 2.427027e-01 
1.973063e-02 4.187550e-01 
1.259454e-01 5.065461e-01 
2.518486e-01 4.827790e-01 
1.520467e-01 4.457051e-01 
7.948645e-02 3.465639e-01 
2.468922e-02 2.047908e-01 
2.703225e-04 4.178591e-02 
-7.983126e-02 -3.001311e-01 
-3.287911e-02 -4.896564e-02 
3.954718e-02 1.315060e-01 
6.515378e-02 1.832262e-01 
2.807700e-02 1.553583e-01 
-2.511825e-03 7.955733e-02 
-1.928038e-02 -3.583399e-02 
1.765007e-03 -1.649021e-01 
1.014174e-01 3.308371e-01 
9.227306e-02 5.616973e-01 
2.049372e-01 6.472308e-01 
2.890084e-01 5.657782e-01 
1.515251e-01 4.652176e-01 
6.792159e-02 3.180903e-01 
1.777910e-02 1.622155e-01 
-1.081726e-03 5.483581e-02 
-1.902365e-01 -3.116021e-01 
7.682576e-03 4.239216e-02 
9.311235e-02 2.639128e-01 
7.766246e-02 2.640875e-01 
1.563903e-02 1.579913e-01 
-1.966106e-02 2.083658e-02 
-2.214603e-02 -1.117941e-01 
6.225520e-03 -1.584801e-01 
2.027187e-01 4.514732e-01 
2.408265e-01 7.638524e-01 
3.252896e-01 8.592305e-01 
2.965039e-01 6.864142e-01 
1.228108e-01 4.659555e-01 
3.268084e-02 2.241176e-01 
9.209079e-04 2.859320e-02 
2.709550e-04 -6.669030e-03 
-3.790086e-01 -2.800950e-01 
1.050346e-01 1.787191e-01 
1.659493e-01 4.521919e-01 
8.429939e-02 3.639714e-01 
-1.314751e-03 1.488228e-01 
-3.714817e-02 -5.934697e-02 
-2.142787e-02 -2.022614e-01 
9.009809e-03 -1.467597e-01 
3.612325e-01 5.894933e-01 
4.302197e-01 1.005298e+00 
4.619861e-01 1.103940e+00 
2.789674e-01 7.741815e-01 
7.186231e-02 3.749482e-01 
-2.685969e-03 3.933249e-02 
-4.275537e-04 -1.251433e-01 
-2.381865e-03 3.888359e-02 
-4.787794e-01 -1.674486e-01 
2.548415e-01 3.797148e-01 
2.231122e-01 6.490992e-01 
2.256563e-02 3.178804e-01 
-4.540786e-02 -7.261802e-02 
-4.340023e-02 -3.106486e-01 
6.529575e-03 -3.039387e-01 
-9.305858e-03 1.330850e-01 
5.842313e-01 7.109101e-01 
6.546676e-01 1.239943e+00 
5.812227e-01 1.335324e+00 
2.228741e-01 8.200011e-01 
1.395828e-02 2.677842e-01 
-3.011666e-02 -1.410922e-01 
2.688874e-03 -2.953096e-01 
-4.340821e-03 6.232598e-02 
-7.585299e-01 3.140775e-01 
3.720454e-01 6.661582e-01 
4.570711e-01 1.048036e+00 
1.709051e-01 8.689786e-01 
-1.075193e-02 4.658816e-01 
-8.020265e-02 -5.631872e-03 
-2.728033e-02 -4.322345e-01 
5.625470e-02 -4.843450e-01 
