poroelastic
-6.758972e-02 1.169806e-01 
-4.186057e-02 2.350630e-01 
3.399988e-02 3.168854e-01 
1.554819e-01 3.676590e-01 
1.011509e-01 4.024262e-01 
6.306240e-02 3.819867e-01 
2.464522e-02 2.974723e-01 
-3.320942e-03 1.407853e-01 
4.708961e-01 -5.785741e-02 
8.065404e-02 -5.743159e-02 
1.164136e-03 -7.410155e-02 
-7.103488e-02 -8.051329e-02 
-4.915486e-02 -8.857373e-02 
-4.548516e-02 -1.166617e-01 
-3.963278e-02 -2.127730e-01 
1.139162e-02 -4.162315e-01 
-2.150072e-03 1.502183e-01 
-1.268639e-02 2.132330e-01 
3.735253e-02 2.261061e-01 
1.193064e-01 2.532489e-01 
8.154166e-02 3.135983e-01 
5.458306e-02 3.377825e-01 
2.071353e-02 2.900326e-01 
-3.761752e-03 1.227845e-01 
2.665237e-01 -1.802270e-01 
1.451143e-02 -9.909897e-02 
-3.104481e-03 -2.888023e-02 
-2.274898e-02 1.296018e-02 
-1.682876e-02 1.847457e-02 
-2.215975e-02 -1.262967e-02 
-2.361480e-02 -1.053265e-01 
9.643768e-03 -2.754811e-01 
4.622860e-02 2.486776e-01 
3.252114e-02 3.897360e-01 
9.302130e-02 4.265181e-01 
1.397008e-01 3.951854e-01 
7.777832e-02 3.731119e-01 
3.871587e-02 3.148637e-01 
6.380706e-03 1.973447e-01 
-8.665610e-05 2.227192e-03 
3.209144e-01 -2.332324e-01 
1.433242e-02 -9.410905e-02 
-4.493896e-03 -1.077247e-02 
-3.459774e-02 2.406403e-03 
-2.651420e-02 -1.663967e-02 
-2.886311e-02 -5.976816e-02 
-2.412467e-02 -1.438860e-01 
1.211922e-02 -2.821839e-01 
1.081758e-01 3.095674e-01 
7.062147e-02 4.969844e-01 
1.312530e-01 5.397685e-01 
1.545680e-01 4.567418e-01 
7.904785e-02 3.808118e-01 
3.788842e-02 2.870785e-01 
9.656789e-03 1.814107e-01 
-3.470741e-03 7.605595e-02 
3.608648e-01 -2.620967e-01 
1.833571e-02 -6.738256e-03 
8.727799e-03 9.347850e-02 
-5.158512e-02 3.991983e-02 
-4.370180e-02 -5.383349e-02 
-4.432854e-02 -1.472647e-01 
-2.687985e-02 -2.466921e-01 
1.758153e-02 -3.257079e-01 
1.725747e-01 3.923474e-01 
1.331889e-01 6.308102e-01 
1.805506e-01 6.713285e-01 
1.668930e-01 5.270873e-01 
7.740386e-02 3.971862e-01 
3.272548e-02 2.670103e-01 
7.541172e-03 1.502439e-01 
-4.576302e-03 8.154257e-02 
2.787833e-01 -3.250585e-01 
9.429194e-03 1.241478e-02 
1.526825e-02 1.472065e-01 
-4.093760e-02 6.167438e-02 
-3.958008e-02 -6.224422e-02 
-3.774858e-02 -1.676457e-01 
-1.680088e-02 -2.349880e-01 
1.364720e-02 -2.179115e-01 
2.708105e-01 5.047081e-01 
2.065499e-01 8.198909e-01 
2.327502e-01 8.496374e-01 
1.594392e-01 5.910527e-01 
5.633234e-02 3.463446e-01 
1.676553e-02 1.446436e-01 
6.474494e-03 3.443350e-02 
-6.067295e-03 9.409862e-02 
3.940821e-01 -3.684536e-01 
1.904782e-02 1.419943e-01 
1.325680e-02 2.538241e-01 
-8.441174e-02 3.793356e-02 
-6.723955e-02 -1.863385e-01 
-5.295441e-02 -3.301175e-01 
-1.205788e-02 -3.638528e-01 
1.585504e-02 -2.115440e-01 
3.736753e-01 5.929894e-01 
3.114107e-01 9.662749e-01 
2.963923e-01 9.814989e-01 
1.737670e-01 6.339330e-01 
6.199128e-02 3.362767e-01 
2.547966e-02 1.249418e-01 
1.617589e-02 6.503257e-02 
-1.835342e-02 2.528854e-01 
3.221527e-01 -4.600960e-01 
2.686383e-02 2.345830e-01 
2.236653e-02 3.709207e-01 
-8.166263e-02 7.099017e-02 
-6.709929e-02 -2.209986e-01 
-4.879674e-02 -3.962433e-01 
-2.211439e-03 -3.971768e-01 
1.061854e-02 -1.294734e-01 
5.255907e-01 7.462823e-01 
4.435931e-01 1.229011e+00 
3.593026e-01 1.226286e+00 
1.431641e-01 6.991881e-01 
2.659150e-02 2.408353e-01 
3.829528e-03 -5.702639e-02 
1.511687e-02 -1.036213e-01 
-1.683836e-02 2.102258e-01 
4.788555e-01 -5.597010e-01 
1.801906e-02 4.300150e-01 
-2.258810e-02 4.640677e-01 
-1.390932e-01 -1.076820e-01 
-8.456288e-02 -5.152919e-01 
-3.893885e-02 -6.544947e-01 
1.963651e-02 -4.620726e-01 
-1.163170e-02 1.362131e-01 
7.171322e-01 8.683238e-01 
5.984743e-01 1.432205e+00 
4.197429e-01 1.370825e+00 
1.200780e-01 6.285539e-01 
1.753219e-02 7.435313e-02 
1.709223e-02 -2.049796e-01 
3.119726e-02 -1.024301e-01 
-4.251670e-02 5.245513e-01 
-1.869896e-01 -2.501274e-01 
1.687813e-01 5.374366e-01 
1.210931e-01 8.474820e-01 
-3.993530e-02 4.415611e-01 
-6.484677e-02 1.820266e-03 
-5.662805e-02 -3.694403e-01 
6.634381e-03 -5.566859e-01 
3.708712e-02 -3.509540e-01 
