poroelastic
-2.683752e-02 -1.586275e-02 
-1.623396e-02 4.784065e-02 
3.397193e-02 1.832810e-01 
6.335712e-02 2.317417e-01 
2.087560e-02 1.298525e-01 
-1.033957e-02 -1.908012e-02 
-1.400680e-02 -1.267196e-01 
1.399949e-06 5.142182e-05 
-1.230507e-01 -5.462636e-01 
-1.373515e-01 -2.689071e-01 
-1.872944e-02 6.827319e-02 
1.036695e-01 2.159366e-01 
6.406296e-02 1.902192e-01 
3.744106e-02 1.072066e-01 
3.090169e-02 7.664623e-02 
5.221096e-03 2.750961e-01 
-9.787973e-03 5.111432e-02 
1.619502e-02 1.790357e-01 
7.737665e-02 3.186671e-01 
6.431234e-02 2.950590e-01 
4.115185e-03 1.120987e-01 
-2.987799e-02 -8.682089e-02 
-2.605007e-02 -2.034725e-01 
-9.162385e-04 -7.459649e-02 
1.724085e-03 -4.660417e-01 
-8.551541e-02 -2.325211e-01 
-8.970697e-03 2.331446e-02 
6.550441e-02 1.400230e-01 
3.788639e-02 1.171313e-01 
2.000379e-02 5.246406e-02 
1.701315e-02 2.708250e-02 
7.945342e-04 1.705675e-01 
-1.217859e-02 8.057153e-03 
-3.775844e-03 1.009514e-01 
5.735134e-02 2.454258e-01 
8.350274e-02 2.843375e-01 
2.851777e-02 1.675447e-01 
-5.162557e-03 1.128020e-02 
-8.827382e-03 -9.253922e-02 
5.029057e-05 -1.466919e-02 
-1.547839e-01 -3.851917e-01 
-8.401714e-02 -1.513589e-01 
1.887737e-02 1.072395e-01 
9.351968e-02 2.260224e-01 
5.006885e-02 1.937972e-01 
2.058144e-02 1.014808e-01 
8.301381e-03 2.301081e-02 
-9.149335e-04 7.513808e-02 
5.897163e-04 7.925585e-03 
6.136578e-03 7.809585e-02 
5.263038e-02 2.002726e-01 
6.228073e-02 2.475531e-01 
1.535324e-02 1.478649e-01 
-1.447705e-02 7.902013e-03 
-1.799244e-02 -1.129101e-01 
2.154877e-03 -1.185039e-01 
-3.927201e-01 -3.315723e-01 
-9.108964e-02 -1.385943e-01 
3.149724e-02 1.175080e-01 
1.437357e-01 2.646624e-01 
8.413929e-02 2.826108e-01 
4.673136e-02 2.191057e-01 
1.954480e-02 1.396855e-01 
-4.122831e-03 1.316188e-01 
-4.300112e-03 -1.423895e-02 
7.772392e-03 2.372009e-02 
3.386559e-02 1.260980e-01 
1.899057e-02 1.919914e-01 
-1.489788e-02 9.870478e-02 
-3.795275e-02 -4.403636e-02 
-3.288368e-02 -1.901551e-01 
9.759781e-03 -2.648213e-01 
-5.014793e-01 -2.150222e-01 
-6.525146e-02 -9.163408e-02 
5.576009e-02 1.362248e-01 
1.622521e-01 2.966365e-01 
9.361087e-02 3.309523e-01 
4.938871e-02 2.713627e-01 
1.449613e-02 1.661129e-01 
-4.094280e-03 8.534165e-02 
-1.189524e-02 -4.053626e-02 
-7.591846e-03 -2.512657e-02 
2.129043e-02 7.408058e-02 
3.107666e-02 1.823577e-01 
1.053857e-03 1.418596e-01 
-2.490641e-02 3.093631e-02 
-2.673510e-02 -1.204652e-01 
1.358980e-02 -2.563884e-01 
-7.317309e-01 -8.097662e-02 
-1.398767e-02 -6.613651e-02 
1.005217e-01 1.694561e-01 
2.115103e-01 3.643645e-01 
1.146707e-01 4.274092e-01 
5.682292e-02 3.627572e-01 
9.754275e-03 2.174227e-01 
-3.952802e-03 5.810030e-02 
-4.818509e-02 -6.165285e-02 
-3.713635e-02 -8.886105e-02 
-2.953653e-02 -1.332180e-02 
-3.988756e-02 1.139876e-01 
-4.808146e-02 7.276288e-02 
-6.315291e-02 -5.728187e-02 
-4.770770e-02 -2.616833e-01 
3.334266e-02 -4.939285e-01 
-9.751785e-01 1.030051e-01 
7.499711e-02 -8.486157e-02 
1.494896e-01 1.581075e-01 
2.512174e-01 3.891249e-01 
1.330073e-01 4.843390e-01 
7.205928e-02 4.406621e-01 
1.449513e-02 3.084500e-01 
-1.225664e-02 1.483152e-01 
-7.313994e-02 -8.128381e-02 
-6.558507e-02 -1.256305e-01 
-5.401594e-02 -5.977407e-02 
-4.327915e-02 7.308738e-02 
-4.252376e-02 5.809671e-02 
-5.246441e-02 -4.426010e-02 
-3.565069e-02 -2.215634e-01 
3.397683e-02 -4.091305e-01 
-1.269810e+00 3.925899e-01 
2.287049e-01 -1.090209e-01 
2.501705e-01 1.885614e-01 
3.040143e-01 5.221483e-01 
1.438060e-01 6.592871e-01 
6.341135e-02 5.816839e-01 
-1.861488e-03 3.344649e-01 
-1.929213e-03 2.115635e-02 
-1.869311e-01 -1.676067e-01 
-1.837886e-01 -2.996028e-01 
-1.509310e-01 -2.105508e-01 
-7.496326e-02 1.047295e-01 
-6.041962e-02 1.683873e-01 
-8.039746e-02 2.620645e-02 
-5.432673e-02 -3.136108e-01 
7.368575e-02 -8.120337e-01 
-5.231354e-01 3.351623e-01 
7.437640e-02 -1.085357e-02 
1.904083e-01 2.731275e-02 
2.097095e-01 3.185786e-01 
1.033330e-01 4.215810e-01 
4.528502e-02 4.069619e-01 
-7.052752e-03 2.997244e-01 
-1.227577e-02 9.515520e-02 
