poroelastic
3.645861e-02 -2.161493e-02 
2.059951e-02 -1.099572e-01 
-4.812391e-02 -2.595918e-01 
-1.154606e-01 -3.570190e-01 
-5.349805e-02 -3.068220e-01 
-2.006688e-02 -1.985401e-01 
-3.782284e-03 -9.178507e-02 
5.580059e-03 -6.167373e-02 
-4.823481e-02 4.084945e-01 
5.182595e-02 2.041480e-01 
-9.779400e-03 -5.522861e-02 
-4.704479e-02 -2.044445e-01 
-1.660489e-02 -1.780921e-01 
3.591659e-03 -7.820057e-02 
5.894458e-03 3.921980e-02 
-7.360325e-03 8.118310e-02 
-1.064282e-02 -9.453601e-02 
-1.573654e-02 -1.852662e-01 
-5.839381e-02 -2.912069e-01 
-6.378919e-02 -3.244542e-01 
-1.509709e-02 -2.201494e-01 
9.621843e-03 -6.954196e-02 
8.915699e-03 7.612722e-02 
-1.209286e-02 1.296274e-01 
5.184718e-02 4.507468e-01 
7.134684e-02 2.382981e-01 
-1.075780e-02 -2.806521e-02 
-7.047418e-02 -2.054673e-01 
-3.463543e-02 -2.143142e-01 
-1.190217e-02 -1.451875e-01 
-1.657722e-03 -5.220501e-02 
3.130510e-03 -3.317011e-02 
-3.510764e-02 -1.153899e-01 
-2.632379e-02 -2.298760e-01 
-8.308535e-02 -3.582177e-01 
-9.984303e-02 -4.124572e-01 
-3.443502e-02 -3.136640e-01 
-7.070710e-04 -1.549171e-01 
5.948485e-03 1.022274e-02 
-7.874446e-03 8.176305e-02 
2.704487e-02 4.156058e-01 
4.915523e-02 1.718136e-01 
-2.574333e-02 -9.484525e-02 
-5.575112e-02 -2.501238e-01 
-1.780624e-02 -2.172308e-01 
5.591337e-03 -1.009043e-01 
7.419923e-03 4.382825e-02 
-1.087214e-02 1.105610e-01 
-6.561616e-02 -1.447235e-01 
-4.480719e-02 -2.645870e-01 
-9.151276e-02 -3.844205e-01 
-8.825143e-02 -4.218046e-01 
-2.371144e-02 -3.013839e-01 
8.341583e-03 -1.225397e-01 
9.215598e-03 6.111297e-02 
-1.444193e-02 1.446134e-01 
2.841716e-01 4.459276e-01 
5.598544e-02 1.562493e-01 
-5.711124e-02 -1.515278e-01 
-1.056023e-01 -3.292771e-01 
-4.427144e-02 -3.137645e-01 
-1.214438e-02 -2.081048e-01 
1.134361e-03 -7.014158e-02 
1.419352e-03 -1.351744e-02 
-9.018889e-02 -1.849992e-01 
-7.196233e-02 -3.231171e-01 
-1.037440e-01 -4.388674e-01 
-7.430438e-02 -4.463402e-01 
-9.126603e-03 -2.904111e-01 
2.089365e-02 -7.945135e-02 
1.286637e-02 1.321780e-01 
-2.489963e-02 2.347004e-01 
2.726378e-01 3.973293e-01 
2.675219e-02 8.096540e-02 
-7.241795e-02 -2.158897e-01 
-8.830703e-02 -3.473473e-01 
-2.918794e-02 -2.884448e-01 
-4.512370e-04 -1.517820e-01 
4.037717e-03 1.661086e-03 
-6.128320e-03 5.559193e-02 
-1.408684e-01 -2.411064e-01 
-1.038474e-01 -4.103382e-01 
-1.268883e-01 -5.204391e-01 
-7.601773e-02 -4.825834e-01 
-5.596401e-03 -2.917395e-01 
2.268942e-02 -5.948882e-02 
1.023548e-02 1.536026e-01 
-2.500911e-02 2.254072e-01 
5.159178e-01 3.755344e-01 
-1.703645e-02 3.092697e-02 
-1.190201e-01 -2.971100e-01 
-1.224870e-01 -4.110850e-01 
-4.323490e-02 -3.437779e-01 
-1.094160e-02 -2.071099e-01 
-2.915085e-04 -6.523864e-02 
5.387257e-03 -4.547382e-02 
-1.666646e-01 -2.947906e-01 
-1.390197e-01 -4.884769e-01 
-1.288693e-01 -5.793344e-01 
-4.609513e-02 -4.713963e-01 
1.632163e-02 -2.245948e-01 
3.392906e-02 4.042759e-02 
7.859497e-03 2.528724e-01 
-3.171698e-02 2.750353e-01 
5.234433e-01 2.736257e-01 
-8.822942e-02 -1.044800e-01 
-1.366858e-01 -4.114351e-01 
-8.788025e-02 -4.195226e-01 
-1.914654e-02 -2.681348e-01 
2.140008e-03 -8.420038e-02 
-3.217136e-03 5.435230e-02 
6.864392e-04 -5.612138e-03 
-2.576341e-01 -3.837230e-01 
-2.091339e-01 -6.429123e-01 
-1.673488e-01 -7.143275e-01 
-4.816831e-02 -4.973631e-01 
1.664009e-02 -1.868767e-01 
2.663366e-02 9.160780e-02 
-2.601627e-03 2.593442e-01 
-1.860329e-02 1.553482e-01 
8.278444e-01 2.031577e-01 
-2.094492e-01 -1.546651e-01 
-2.016141e-01 -4.858065e-01 
-1.133005e-01 -4.296568e-01 
-3.350820e-02 -2.610819e-01 
-1.846765e-02 -1.027851e-01 
-1.482540e-02 -4.431691e-02 
3.242653e-02 -2.640075e-01 
-2.703295e-01 -4.446837e-01 
-2.209450e-01 -7.264214e-01 
-1.225706e-01 -7.833249e-01 
1.824021e-02 -4.791741e-01 
5.828777e-02 -7.451301e-02 
4.748528e-02 2.849259e-01 
-8.326960e-03 4.952802e-01 
-4.055885e-02 3.424449e-01 
6.996336e-01 -1.718710e-02 
-1.817066e-01 -3.252200e-01 
-2.499857e-01 -6.370794e-01 
-1.117979e-01 -6.054185e-01 
-1.889579e-02 -3.941509e-01 
7.126807e-03 -1.442388e-01 
-4.006054e-03 6.435550e-02 
-2.128396e-03 1.509994e-02 
