poroelastic
1.605544e-01 8.706320e-03 
1.534037e-01 -7.792207e-02 
6.810667e-02 -2.005816e-01 
-2.005055e-01 -2.833828e-01 
-1.684452e-01 -3.853847e-01 
-1.324050e-01 -4.201109e-01 
-9.522851e-02 -4.367949e-01 
-9.093423e-03 -4.423471e-01 
-2.231903e-01 4.522577e-02 
-4.979451e-02 4.891945e-02 
-8.621301e-03 4.660356e-02 
3.363852e-02 2.979847e-02 
2.233233e-02 1.305189e-02 
2.306539e-02 1.568352e-02 
3.154973e-02 7.155845e-02 
3.651936e-03 2.454875e-01 
5.229440e-02 -1.024330e-01 
6.150787e-02 -1.228887e-01 
1.508362e-02 -1.280691e-01 
-1.255780e-01 -1.793233e-01 
-1.028248e-01 -2.716663e-01 
-7.851686e-02 -3.171076e-01 
-3.835473e-02 -2.818169e-01 
-5.160761e-04 -8.730337e-02 
2.395922e-02 2.268844e-01 
7.245510e-02 1.881796e-01 
4.473913e-02 8.895751e-02 
-4.642292e-02 -3.755070e-02 
-5.110468e-02 -1.410833e-01 
-3.890969e-02 -1.846043e-01 
-1.147897e-02 -1.451921e-01 
-5.914361e-05 2.740447e-02 
4.563256e-02 -1.496631e-01 
5.371565e-02 -2.504193e-01 
-3.914395e-02 -3.205787e-01 
-2.098503e-01 -3.749978e-01 
-1.420032e-01 -4.199313e-01 
-8.474888e-02 -3.836266e-01 
-2.964811e-02 -2.690555e-01 
8.625116e-04 -6.369810e-02 
-9.892769e-02 2.282682e-01 
2.777804e-02 1.318865e-01 
6.013941e-03 1.574252e-02 
-2.515175e-02 -9.186720e-02 
-1.713184e-02 -1.276741e-01 
4.666644e-03 -9.486220e-02 
2.591437e-02 2.164581e-02 
-5.818846e-03 2.356216e-01 
5.185807e-04 -1.891341e-01 
2.583779e-02 -3.181593e-01 
-7.941207e-02 -4.008900e-01 
-2.462091e-01 -4.473359e-01 
-1.540069e-01 -4.695498e-01 
-8.362453e-02 -4.059673e-01 
-2.315171e-02 -2.625690e-01 
1.776822e-03 -5.102097e-02 
7.822407e-02 3.121716e-01 
6.066974e-02 1.245115e-01 
-1.440893e-02 -6.707414e-02 
-8.130678e-02 -2.006794e-01 
-4.374185e-02 -2.220213e-01 
-5.452299e-03 -1.543766e-01 
2.005317e-02 -3.827121e-03 
-9.786598e-03 1.937979e-01 
-4.806000e-02 -2.588788e-01 
-4.485285e-02 -4.437190e-01 
-1.551863e-01 -5.450976e-01 
-2.670670e-01 -5.544782e-01 
-1.414813e-01 -5.016498e-01 
-5.600780e-02 -3.593240e-01 
-2.767193e-03 -1.590635e-01 
-2.495461e-03 4.167856e-02 
9.484685e-02 3.254190e-01 
3.386680e-02 5.264780e-02 
-5.306249e-02 -1.700768e-01 
-7.727163e-02 -2.644823e-01 
-2.284532e-02 -2.136707e-01 
1.847367e-02 -8.266302e-02 
2.824482e-02 9.440337e-02 
-1.740044e-02 2.348378e-01 
-1.371123e-01 -3.557919e-01 
-1.234691e-01 -6.153200e-01 
-2.430465e-01 -7.296804e-01 
-3.047150e-01 -6.750401e-01 
-1.359039e-01 -5.318822e-01 
-4.063337e-02 -3.168985e-01 
1.586948e-03 -9.212387e-02 
-2.943292e-03 3.610256e-02 
1.890225e-01 3.555834e-01 
-4.452376e-03 -3.421836e-02 
-1.027795e-01 -3.011091e-01 
-8.207598e-02 -3.351483e-01 
-6.952027e-03 -1.998359e-01 
3.219056e-02 -1.405328e-02 
2.368944e-02 1.633049e-01 
-2.038688e-02 2.083232e-01 
-2.338871e-01 -4.624784e-01 
-2.586816e-01 -7.934406e-01 
-3.415611e-01 -9.109091e-01 
-2.976402e-01 -7.586211e-01 
-1.055814e-01 -5.005875e-01 
-1.576523e-02 -2.088946e-01 
3.081282e-03 1.780133e-02 
-2.816181e-03 2.859531e-02 
2.759844e-01 3.628402e-01 
-9.013480e-02 -1.804564e-01 
-1.611981e-01 -4.856011e-01 
-5.978567e-02 -4.090412e-01 
2.546250e-02 -1.415343e-01 
5.387752e-02 1.251066e-01 
1.654626e-02 2.930495e-01 
-2.123078e-02 1.839774e-01 
-4.054160e-01 -6.205992e-01 
-4.552102e-01 -1.078556e+00 
-4.854133e-01 -1.203202e+00 
-2.889534e-01 -8.729435e-01 
-6.479429e-02 -4.285176e-01 
7.684643e-03 -4.262129e-02 
-4.724697e-03 1.519130e-01 
3.340020e-03 -2.930127e-02 
3.448058e-01 3.273365e-01 
-2.074613e-01 -3.678545e-01 
-1.977237e-01 -6.552017e-01 
2.917432e-03 -3.226548e-01 
5.792609e-02 1.016021e-01 
4.111721e-02 3.668080e-01 
-2.152564e-02 3.539880e-01 
1.611662e-02 -1.339359e-01 
-6.251199e-01 -7.563694e-01 
-6.631255e-01 -1.330939e+00 
-5.785727e-01 -1.440444e+00 
-2.054718e-01 -8.893699e-01 
5.268198e-03 -2.657172e-01 
3.459871e-02 2.066145e-01 
-1.902469e-02 3.673065e-01 
1.015053e-02 -8.531806e-02 
7.354576e-01 -1.512185e-01 
-3.274700e-01 -6.441963e-01 
-4.386799e-01 -1.094204e+00 
-1.518371e-01 -9.135312e-01 
3.431195e-02 -4.469507e-01 
8.630383e-02 8.337611e-02 
5.237414e-03 4.977513e-01 
-6.537506e-02 4.034329e-01 
