poroelastic
5.609633e-02 -3.452415e-02 
5.612791e-02 -4.056871e-02 
4.615321e-02 1.151416e-02 
-6.349796e-02 4.955050e-03 
-7.912156e-02 -1.416117e-01 
-8.280975e-02 -2.903553e-01 
-5.705898e-02 -3.735949e-01 
-2.919668e-03 -2.070590e-01 
-2.744396e-01 -4.542472e-01 
-1.564813e-01 -2.054090e-01 
-1.793560e-02 1.012146e-01 
1.223675e-01 2.277465e-01 
7.496545e-02 1.891581e-01 
4.896262e-02 1.090183e-01 
4.679796e-02 1.128352e-01 
2.729489e-03 4.038658e-01 
1.138062e-02 -3.185469e-02 
4.054880e-02 6.160133e-02 
6.777524e-02 1.890526e-01 
-1.920885e-02 1.489810e-01 
-5.985236e-02 -7.203721e-02 
-7.532362e-02 -2.833090e-01 
-4.586007e-02 -3.715467e-01 
6.572659e-05 -1.374054e-01 
-3.883425e-02 -2.849542e-01 
-5.253796e-02 -1.052825e-01 
9.972262e-03 7.436869e-02 
4.708773e-02 1.159870e-01 
1.679557e-02 3.978192e-02 
6.118946e-03 -4.051143e-02 
1.719970e-02 -3.198697e-02 
-1.701820e-03 2.182323e-01 
-5.062142e-03 -1.028526e-01 
7.723831e-03 -8.901994e-02 
1.217798e-02 4.897907e-03 
-4.350315e-02 1.887266e-02 
-5.517917e-02 -1.109774e-01 
-5.268129e-02 -2.323108e-01 
-2.230891e-02 -2.535742e-01 
6.121655e-04 -3.755366e-02 
-1.921849e-01 -2.007423e-01 
-6.160696e-02 -6.395984e-02 
1.803058e-02 9.748023e-02 
7.345743e-02 1.517460e-01 
3.680276e-02 1.010410e-01 
2.078139e-02 3.319341e-02 
2.117936e-02 2.759867e-02 
-5.252878e-03 2.074187e-01 
-2.817456e-02 -1.437379e-01 
-1.022486e-02 -1.786617e-01 
-2.400990e-02 -1.096100e-01 
-8.014206e-02 -6.423107e-02 
-6.912134e-02 -1.472896e-01 
-5.690853e-02 -2.271530e-01 
-2.676508e-02 -2.500252e-01 
4.016523e-03 -1.259224e-01 
-3.436798e-01 -1.220406e-01 
-6.671883e-02 -7.770025e-02 
1.304423e-02 5.030658e-02 
1.046836e-01 1.346133e-01 
6.549277e-02 1.524426e-01 
4.735535e-02 1.364731e-01 
3.187068e-02 1.494790e-01 
-1.181652e-02 2.619488e-01 
-6.482718e-02 -2.039321e-01 
-4.978394e-02 -2.981398e-01 
-8.135592e-02 -2.558994e-01 
-1.345069e-01 -1.711415e-01 
-9.475433e-02 -2.128284e-01 
-6.873418e-02 -2.591377e-01 
-3.250055e-02 -2.786285e-01 
1.134100e-02 -2.213161e-01 
-3.877539e-01 -6.951909e-03 
-5.259186e-02 -7.402605e-02 
1.392981e-02 3.205943e-03 
1.141354e-01 1.198025e-01 
7.710596e-02 1.880113e-01 
5.491097e-02 2.058595e-01 
2.681041e-02 2.032535e-01 
-1.325344e-02 2.117471e-01 
-1.310879e-01 -2.921865e-01 
-1.180938e-01 -4.558796e-01 
-1.441152e-01 -4.220219e-01 
-1.325804e-01 -2.479967e-01 
-6.785936e-02 -1.743438e-01 
-4.184245e-02 -1.399212e-01 
-2.185726e-02 -1.468695e-01 
1.303899e-02 -1.921048e-01 
-5.619071e-01 1.253882e-01 
-3.512126e-02 -1.108264e-01 
2.894160e-02 -4.642103e-02 
1.657978e-01 1.484810e-01 
1.100985e-01 2.972875e-01 
7.209908e-02 3.429670e-01 
2.129478e-02 3.036052e-01 
-1.532380e-02 1.850803e-01 
-2.225390e-01 -3.694700e-01 
-2.209456e-01 -6.113454e-01 
-2.441606e-01 -5.995893e-01 
-2.043492e-01 -3.525627e-01 
-1.062337e-01 -2.257434e-01 
-7.171374e-02 -1.772319e-01 
-4.364118e-02 -2.412060e-01 
3.665501e-02 -4.451856e-01 
-7.243676e-01 2.948174e-01 
4.370043e-04 -2.096241e-01 
4.268052e-02 -1.610758e-01 
2.117454e-01 1.278950e-01 
1.411426e-01 3.767508e-01 
9.534896e-02 4.843595e-01 
2.103245e-02 4.499786e-01 
-2.378316e-02 2.438441e-01 
-3.437785e-01 -4.811690e-01 
-3.571480e-01 -8.141319e-01 
-3.390348e-01 -8.139208e-01 
-1.915432e-01 -4.497218e-01 
-6.955079e-02 -1.813557e-01 
-4.140449e-02 -4.493102e-02 
-3.301953e-02 -9.615599e-02 
3.577435e-02 -3.665268e-01 
-9.624227e-01 5.388856e-01 
7.534633e-02 -3.390310e-01 
1.210097e-01 -2.250521e-01 
2.989160e-01 3.143969e-01 
1.696614e-01 6.897264e-01 
7.958765e-02 7.588273e-01 
-1.542507e-02 5.062223e-01 
7.031097e-03 -6.683674e-02 
-5.673608e-01 -6.308605e-01 
-5.780839e-01 -1.101849e+00 
-4.779046e-01 -1.066351e+00 
-1.868340e-01 -4.124037e-01 
-6.003423e-02 1.072192e-02 
-6.345378e-02 1.399903e-01 
-6.220370e-02 -9.700379e-02 
8.570518e-02 -8.178317e-01 
-5.676294e-02 2.159633e-01 
-1.317779e-01 -4.097837e-01 
-7.396062e-02 -6.400716e-01 
1.230477e-01 -2.523767e-01 
1.205899e-01 1.159232e-01 
9.501184e-02 4.176306e-01 
-5.312091e-04 5.800319e-01 
-5.571644e-02 3.856217e-01 
