poroelastic
-1.877140e-02 -1.283421e-01 
-2.720812e-02 -1.530955e-01 
-4.157114e-03 -3.014478e-02 
2.331364e-02 1.292897e-01 
1.210364e-02 1.688177e-01 
-5.878422e-03 1.233865e-01 
-1.628412e-02 -1.126098e-02 
1.195565e-02 -2.641810e-01 
-9.032073e-01 -3.315206e-01 
-1.668187e-01 -8.747761e-02 
6.047272e-02 2.343865e-01 
1.929989e-01 4.690924e-01 
1.204854e-01 5.762218e-01 
7.099733e-02 5.586053e-01 
2.112361e-02 4.360926e-01 
-1.201219e-02 2.460738e-01 
-2.986965e-02 -8.057019e-02 
-9.451993e-03 -1.479401e-01 
-6.123478e-02 -1.424040e-01 
-1.279435e-01 -1.246991e-01 
-9.277944e-02 -2.024925e-01 
-8.323879e-02 -3.402637e-01 
-4.742099e-02 -5.243723e-01 
3.584100e-02 -6.948910e-01 
-1.038017e+00 -5.173922e-01 
-1.969437e-01 -2.928648e-01 
6.850382e-02 7.546949e-02 
2.454805e-01 4.638078e-01 
1.643933e-01 7.037964e-01 
1.067993e-01 7.685944e-01 
3.679971e-02 6.845134e-01 
-2.810371e-02 5.263895e-01 
-4.660243e-02 -1.045244e-01 
-2.565092e-02 -1.368555e-01 
-3.378462e-02 -4.233588e-02 
-5.278155e-02 7.890692e-02 
-4.711462e-02 4.847525e-02 
-5.808926e-02 -1.033700e-01 
-3.908161e-02 -3.637690e-01 
3.659218e-02 -6.373171e-01 
-1.089465e+00 -2.713035e-01 
-1.106696e-01 -3.176992e-02 
1.317427e-01 3.235522e-01 
2.333534e-01 6.278662e-01 
1.325761e-01 7.656714e-01 
6.347984e-02 7.143767e-01 
2.943464e-03 4.534042e-01 
-3.207289e-03 5.244103e-02 
-1.289665e-01 -2.019362e-01 
-8.190964e-02 -3.401636e-01 
-1.028038e-01 -2.537677e-01 
-1.067198e-01 -5.932642e-02 
-7.425380e-02 -2.344599e-02 
-7.869433e-02 -1.239449e-01 
-5.381269e-02 -4.256856e-01 
6.040338e-02 -9.388495e-01 
-2.042799e+00 -3.349626e-01 
-1.538465e-01 -1.473536e-01 
2.579573e-01 3.900361e-01 
4.431704e-01 9.321397e-01 
2.558246e-01 1.226474e+00 
1.457705e-01 1.285251e+00 
2.246218e-02 1.072985e+00 
-4.045544e-02 5.676872e-01 
-1.346812e-01 -8.578253e-02 
-6.469413e-02 -1.337722e-01 
-9.924834e-02 -2.589892e-02 
-1.461133e-01 7.811286e-02 
-1.200215e-01 -3.334476e-02 
-1.231616e-01 -2.710874e-01 
-6.731494e-02 -6.920263e-01 
9.991542e-02 -1.308603e+00 
-1.710073e+00 1.637734e-02 
-1.691627e-02 1.426386e-01 
2.787120e-01 5.539794e-01 
3.466385e-01 9.230496e-01 
1.747352e-01 1.053244e+00 
7.424674e-02 9.793537e-01 
-1.035007e-02 6.479248e-01 
-4.689825e-03 5.723210e-02 
-2.079417e-01 -2.154865e-01 
-1.340998e-01 -3.784881e-01 
-1.463637e-01 -2.907066e-01 
-1.313112e-01 -6.913010e-02 
-9.067209e-02 -4.704119e-02 
-8.972385e-02 -1.550088e-01 
-4.751993e-02 -4.618945e-01 
8.620671e-02 -9.934210e-01 
-2.711594e+00 1.844063e-02 
5.800129e-02 8.921565e-02 
4.822653e-01 6.782016e-01 
5.747726e-01 1.210553e+00 
2.910738e-01 1.443112e+00 
1.513360e-01 1.433915e+00 
3.861214e-03 1.182440e+00 
-7.234080e-02 7.481724e-01 
-2.965849e-01 -2.486713e-02 
-1.705123e-01 -1.296572e-01 
-2.572991e-01 -9.826724e-02 
-3.137194e-01 -1.315555e-01 
-2.234928e-01 -3.561454e-01 
-1.820128e-01 -6.844902e-01 
-5.263674e-02 -1.135694e+00 
1.626640e-01 -1.611877e+00 
-2.514540e+00 4.319347e-01 
2.308624e-01 3.251142e-01 
5.064648e-01 7.609025e-01 
4.863572e-01 1.081198e+00 
2.295702e-01 1.201164e+00 
1.131961e-01 1.135474e+00 
-2.928316e-03 9.065109e-01 
-7.246797e-02 6.614701e-01 
-3.877959e-01 -1.741544e-01 
-2.584449e-01 -3.565871e-01 
-3.093003e-01 -3.450192e-01 
-2.943673e-01 -3.525174e-01 
-1.809148e-01 -4.681447e-01 
-1.221996e-01 -6.531823e-01 
-1.165105e-02 -8.732484e-01 
1.069887e-01 -9.323436e-01 
-3.728016e+00 7.661166e-01 
5.493371e-01 3.830154e-01 
8.562137e-01 1.111982e+00 
7.258017e-01 1.626830e+00 
3.123284e-01 1.758628e+00 
1.425887e-01 1.587741e+00 
-1.548137e-02 1.213079e+00 
-1.217027e-01 9.885400e-01 
-4.778913e-01 -1.568044e-01 
-3.138344e-01 -2.930970e-01 
-3.603207e-01 -1.203923e-01 
-3.349620e-01 5.054261e-02 
-2.379453e-01 -1.233669e-01 
-2.026505e-01 -5.619081e-01 
-2.749261e-02 -1.259014e+00 
2.473853e-01 -1.930158e+00 
-1.545274e+00 4.647542e-01 
1.728753e-01 1.435981e-01 
5.033951e-01 4.363893e-01 
4.315915e-01 9.540570e-01 
1.851731e-01 1.146893e+00 
5.358121e-02 1.104870e+00 
-5.217418e-02 7.802622e-01 
-3.763268e-02 2.533400e-01 
