poroelastic
6.273565e-02 -1.142130e-01 
3.146148e-02 -2.545379e-01 
-6.980291e-02 -3.793432e-01 
-2.047861e-01 -4.870741e-01 
-1.202349e-01 -5.194226e-01 
-6.070486e-02 -4.608378e-01 
-9.995057e-03 -3.122993e-01 
5.402475e-03 -7.616481e-02 
-4.068669e-01 8.642835e-02 
-5.417962e-02 9.146534e-02 
1.334764e-02 8.262006e-02 
6.260407e-02 5.196141e-02 
4.227549e-02 4.152730e-02 
4.158867e-02 6.911858e-02 
3.391430e-02 1.766883e-01 
-2.843789e-02 3.882669e-01 
-1.094323e-02 -1.669887e-01 
-1.459698e-03 -2.492986e-01 
-6.788884e-02 -2.800279e-01 
-1.564622e-01 -3.254293e-01 
-9.600402e-02 -3.821598e-01 
-5.456312e-02 -3.839919e-01 
-1.144584e-02 -3.045515e-01 
8.945247e-03 -1.169606e-01 
-2.555568e-01 1.980355e-01 
-5.926918e-03 1.154655e-01 
7.057334e-03 2.551659e-02 
2.197569e-02 -3.542071e-02 
1.886431e-02 -4.065142e-02 
2.672630e-02 5.209320e-03 
2.395445e-02 1.177457e-01 
-2.266744e-02 2.879125e-01 
-6.839771e-02 -2.670776e-01 
-5.547028e-02 -4.371177e-01 
-1.320426e-01 -5.037864e-01 
-1.799910e-01 -4.982903e-01 
-9.158787e-02 -4.682046e-01 
-3.636006e-02 -3.750540e-01 
2.101882e-03 -2.071033e-01 
-1.874771e-03 2.288572e-02 
-2.414456e-01 2.674225e-01 
4.075215e-03 1.166522e-01 
2.370260e-03 -1.219523e-02 
1.769724e-02 -6.621009e-02 
1.943944e-02 -5.100278e-02 
2.857299e-02 1.257638e-02 
2.334021e-02 1.310379e-01 
-2.489659e-02 2.919241e-01 
-1.414176e-01 -3.342395e-01 
-1.029650e-01 -5.623315e-01 
-1.795299e-01 -6.382962e-01 
-1.990421e-01 -5.719901e-01 
-9.364735e-02 -4.751102e-01 
-3.766865e-02 -3.410099e-01 
-4.180941e-03 -1.923523e-01 
6.056172e-03 -6.932667e-02 
-3.369241e-01 2.864658e-01 
-1.463715e-02 1.539204e-02 
-8.405869e-03 -1.229351e-01 
5.324276e-02 -9.035239e-02 
5.056259e-02 2.067588e-02 
5.225440e-02 1.489293e-01 
2.595005e-02 2.839116e-01 
-3.486774e-02 3.699209e-01 
-2.151470e-01 -4.154152e-01 
-1.733537e-01 -6.996714e-01 
-2.378149e-01 -7.813480e-01 
-2.201947e-01 -6.627352e-01 
-9.614100e-02 -5.144317e-01 
-3.451498e-02 -3.404348e-01 
-3.093397e-03 -1.730029e-01 
7.230339e-03 -7.490229e-02 
-2.227573e-01 3.780252e-01 
-1.016090e-03 1.641747e-02 
-2.149315e-02 -1.742881e-01 
3.025213e-02 -1.287922e-01 
3.854102e-02 4.417546e-03 
3.988551e-02 1.411309e-01 
1.437499e-02 2.429025e-01 
-2.484585e-02 2.437237e-01 
-3.190879e-01 -5.254954e-01 
-2.533381e-01 -8.903867e-01 
-2.926610e-01 -9.663984e-01 
-2.072458e-01 -7.285388e-01 
-7.026017e-02 -4.544166e-01 
-1.737179e-02 -2.028445e-01 
-4.884392e-03 -4.450201e-02 
7.862530e-03 -7.580904e-02 
-3.682223e-01 4.298148e-01 
-1.773174e-02 -1.123787e-01 
-1.643106e-02 -2.910694e-01 
8.745526e-02 -1.084158e-01 
7.617557e-02 1.376116e-01 
6.076755e-02 3.250760e-01 
9.281754e-03 4.050478e-01 
-3.252356e-02 2.870218e-01 
-4.393878e-01 -6.196641e-01 
-3.748196e-01 -1.050942e+00 
-3.760818e-01 -1.119877e+00 
-2.384173e-01 -7.994992e-01 
-8.485034e-02 -4.756212e-01 
-3.149456e-02 -2.132493e-01 
-1.563743e-02 -9.967121e-02 
2.722786e-02 -2.442489e-01 
-3.634881e-01 5.434367e-01 
-1.876642e-02 -1.953700e-01 
-1.855406e-02 -3.961941e-01 
9.935130e-02 -1.264240e-01 
8.351868e-02 1.949836e-01 
5.990612e-02 4.167270e-01 
-1.696576e-03 4.630916e-01 
-2.750355e-02 2.285195e-01 
-5.941167e-01 -7.725265e-01 
-5.177601e-01 -1.314727e+00 
-4.467717e-01 -1.365073e+00 
-2.031997e-01 -8.569406e-01 
-4.566556e-02 -3.664676e-01 
-1.114495e-02 -2.197007e-02 
-1.959499e-02 6.630602e-02 
2.607427e-02 -2.181967e-01 
-5.378749e-01 6.469226e-01 
-1.112090e-02 -3.898069e-01 
3.395372e-02 -4.951049e-01 
1.750289e-01 6.745203e-02 
1.062783e-01 5.168947e-01 
4.506766e-02 7.035467e-01 
-3.108227e-02 5.457665e-01 
5.387964e-03 -4.316522e-02 
-8.119784e-01 -9.295589e-01 
-6.961339e-01 -1.579028e+00 
-5.239795e-01 -1.573395e+00 
-1.713110e-01 -8.186843e-01 
-2.651896e-02 -1.913221e-01 
-2.157086e-02 1.726036e-01 
-4.101070e-02 1.336711e-01 
6.047216e-02 -4.918262e-01 
2.480664e-01 3.051564e-01 
-1.703310e-01 -5.067857e-01 
-1.704536e-01 -9.189906e-01 
2.963794e-02 -5.828101e-01 
8.008498e-02 -1.167234e-01 
7.286945e-02 3.277368e-01 
-1.509395e-02 6.047299e-01 
-6.441601e-02 4.297879e-01 
