poroelastic
5.964400e-02 -2.795580e-02 
6.272929e-02 -2.512575e-02 
6.273804e-02 4.153498e-02 
-4.741485e-02 5.289348e-02 
-7.566321e-02 -1.055679e-01 
-9.105328e-02 -2.837821e-01 
-7.291681e-02 -3.983449e-01 
-8.891832e-03 -2.558478e-01 
-2.515933e-01 -5.062864e-01 
-1.748456e-01 -2.469196e-01 
-3.230600e-02 8.779968e-02 
1.283307e-01 2.343107e-01 
8.161059e-02 2.003378e-01 
5.258985e-02 1.152151e-01 
5.092850e-02 1.109804e-01 
1.111182e-02 4.217926e-01 
9.218310e-03 -2.636736e-02 
4.130426e-02 8.474599e-02 
8.274822e-02 2.289058e-01 
3.988495e-04 1.911925e-01 
-5.303647e-02 -4.287117e-02 
-7.834647e-02 -2.731470e-01 
-5.327350e-02 -3.769828e-01 
-2.293921e-03 -1.271860e-01 
3.362139e-02 -3.188029e-01 
-4.620343e-02 -1.241650e-01 
1.155552e-02 7.123745e-02 
4.022287e-02 1.169737e-01 
8.321743e-03 2.628336e-02 
-4.740881e-03 -7.191422e-02 
9.743252e-03 -7.721789e-02 
1.823017e-03 1.898682e-01 
-2.573420e-03 -9.078582e-02 
1.126445e-02 -5.791345e-02 
2.773199e-02 5.170061e-02 
-2.495151e-02 6.414774e-02 
-4.902597e-02 -8.061276e-02 
-5.403374e-02 -2.192911e-01 
-2.573053e-02 -2.531188e-01 
1.290064e-05 -2.430417e-02 
-1.685856e-01 -2.411699e-01 
-6.858659e-02 -8.049523e-02 
1.705041e-02 1.040844e-01 
7.638610e-02 1.613994e-01 
3.660909e-02 1.001012e-01 
1.803729e-02 1.883267e-02 
2.068142e-02 6.699139e-03 
-2.350490e-03 2.096222e-01 
-1.784477e-02 -1.262561e-01 
1.172329e-03 -1.382435e-01 
-3.917461e-03 -5.548162e-02 
-6.789220e-02 -1.990642e-02 
-6.895526e-02 -1.269530e-01 
-6.228217e-02 -2.300725e-01 
-3.154280e-02 -2.642927e-01 
2.303035e-03 -1.190384e-01 
-2.890384e-01 -1.535609e-01 
-6.776485e-02 -7.971162e-02 
1.139873e-02 6.099130e-02 
9.668260e-02 1.327076e-01 
5.811017e-02 1.299610e-01 
4.066945e-02 9.766224e-02 
3.092982e-02 1.076327e-01 
-8.514458e-03 2.478557e-01 
-4.820511e-02 -1.859865e-01 
-3.498763e-02 -2.580030e-01 
-6.083589e-02 -2.042648e-01 
-1.220285e-01 -1.284485e-01 
-9.288038e-02 -1.890999e-01 
-7.082311e-02 -2.518437e-01 
-3.452141e-02 -2.761388e-01 
8.281720e-03 -1.974493e-01 
-3.680535e-01 -3.904788e-02 
-5.889766e-02 -7.796817e-02 
1.093698e-02 1.517833e-02 
1.143568e-01 1.211957e-01 
7.675681e-02 1.755698e-01 
5.488464e-02 1.830348e-01 
2.959651e-02 1.825645e-01 
-1.192897e-02 2.162053e-01 
-1.108201e-01 -2.712223e-01 
-1.014505e-01 -4.129525e-01 
-1.282038e-01 -3.718358e-01 
-1.304100e-01 -2.142976e-01 
-7.171703e-02 -1.652657e-01 
-4.633165e-02 -1.494812e-01 
-2.386064e-02 -1.599634e-01 
1.131085e-02 -1.834301e-01 
-5.170624e-01 9.927395e-02 
-4.091660e-02 -1.058889e-01 
2.151767e-02 -3.593583e-02 
1.591503e-01 1.390947e-01 
1.070499e-01 2.718831e-01 
7.052321e-02 3.078060e-01 
2.301919e-02 2.711046e-01 
-1.352022e-02 1.731751e-01 
-1.964403e-01 -3.526363e-01 
-2.035510e-01 -5.767910e-01 
-2.304355e-01 -5.609792e-01 
-2.001257e-01 -3.215920e-01 
-1.055852e-01 -2.065198e-01 
-7.198297e-02 -1.660473e-01 
-4.500962e-02 -2.287909e-01 
3.293510e-02 -4.205405e-01 
-7.020272e-01 2.697120e-01 
-9.904525e-03 -2.149151e-01 
3.099038e-02 -1.585882e-01 
2.143387e-01 1.158660e-01 
1.457554e-01 3.592096e-01 
1.004451e-01 4.635276e-01 
2.549175e-02 4.362956e-01 
-2.348865e-02 2.464487e-01 
-3.196285e-01 -4.618535e-01 
-3.462290e-01 -7.797579e-01 
-3.383767e-01 -7.814202e-01 
-1.999042e-01 -4.313833e-01 
-7.480044e-02 -1.761649e-01 
-4.490813e-02 -4.865783e-02 
-3.573265e-02 -1.027308e-01 
3.545822e-02 -3.711959e-01 
-9.200825e-01 5.198187e-01 
5.874402e-02 -3.471234e-01 
1.030030e-01 -2.371655e-01 
3.034526e-01 2.914405e-01 
1.768507e-01 6.735992e-01 
8.408349e-02 7.457085e-01 
-1.468638e-02 4.936281e-01 
9.090828e-03 -8.772947e-02 
-5.444655e-01 -6.165514e-01 
-5.766309e-01 -1.080215e+00 
-4.840368e-01 -1.051738e+00 
-1.861485e-01 -3.987057e-01 
-5.530808e-02 3.109471e-02 
-6.119868e-02 1.633175e-01 
-6.487094e-02 -7.190606e-02 
8.358402e-02 -8.056607e-01 
-2.028881e-02 1.829215e-01 
-1.476902e-01 -4.183446e-01 
-9.793994e-02 -6.518646e-01 
1.163568e-01 -2.702939e-01 
1.217461e-01 9.240602e-02 
9.918454e-02 3.930939e-01 
2.362619e-03 5.674047e-01 
-5.593488e-02 3.812353e-01 
