poroelastic
-1.353641e-01 2.287138e-02 
-1.304454e-01 8.285071e-02 
-8.874225e-02 1.121524e-01 
1.208490e-01 1.123821e-01 
1.274475e-01 2.543705e-01 
1.282831e-01 3.853414e-01 
1.138157e-01 4.880334e-01 
3.163083e-02 4.933210e-01 
3.702658e-01 2.294749e-01 
1.618089e-01 1.275734e-01 
5.489626e-02 -4.546665e-02 
-9.900551e-02 -1.461838e-01 
-7.458843e-02 -1.564251e-01 
-6.112097e-02 -1.416749e-01 
-6.344920e-02 -1.890803e-01 
-2.507922e-02 -4.474683e-01 
-4.090721e-02 9.442577e-02 
-5.860578e-02 6.718880e-02 
-4.967467e-02 2.689734e-03 
7.030011e-02 3.227096e-02 
8.423162e-02 1.880907e-01 
8.818486e-02 3.252410e-01 
5.930230e-02 3.596738e-01 
6.320038e-03 1.315389e-01 
-2.437637e-02 -3.393280e-03 
-1.791182e-02 -4.543535e-02 
-2.594489e-02 -6.821347e-02 
4.031467e-03 -3.091703e-02 
2.182810e-02 6.122003e-02 
2.482355e-02 1.325310e-01 
5.141920e-03 1.180530e-01 
-4.211775e-03 -1.106301e-01 
-2.929326e-02 1.546840e-01 
-3.825264e-02 2.132594e-01 
8.483596e-03 1.999292e-01 
1.283930e-01 2.012589e-01 
1.034079e-01 2.847583e-01 
7.812047e-02 3.297114e-01 
3.609041e-02 2.831809e-01 
1.150658e-03 4.310668e-02 
2.330136e-01 -1.179249e-02 
4.576366e-02 -1.900523e-02 
1.148686e-04 -5.733303e-02 
-4.550329e-02 -5.378112e-02 
-2.584236e-02 -2.161448e-02 
-2.360070e-02 -2.893702e-03 
-3.342242e-02 -5.977622e-02 
-4.765435e-03 -3.008767e-01 
4.057893e-03 1.888480e-01 
-2.383067e-02 2.721554e-01 
3.642789e-02 2.703132e-01 
1.672808e-01 2.611540e-01 
1.235884e-01 3.314173e-01 
8.786777e-02 3.635702e-01 
3.979801e-02 3.149513e-01 
6.891393e-04 1.040239e-01 
1.452881e-01 -1.161659e-01 
8.418809e-03 -3.045628e-02 
5.250890e-03 2.553141e-03 
-1.322565e-02 2.863148e-02 
-8.769490e-03 4.310463e-02 
-1.758970e-02 3.177075e-02 
-2.857450e-02 -5.138319e-02 
2.522619e-03 -2.645961e-01 
4.892998e-02 2.695772e-01 
4.046915e-02 4.189414e-01 
1.124892e-01 4.380578e-01 
1.988942e-01 3.763926e-01 
1.214233e-01 3.685627e-01 
6.836504e-02 3.251653e-01 
2.165659e-02 2.297960e-01 
-8.933710e-04 5.095114e-02 
1.951821e-01 -1.621613e-01 
2.560728e-02 3.207047e-02 
2.892872e-02 9.058753e-02 
-3.262568e-02 5.948004e-02 
-3.514752e-02 -2.058436e-03 
-4.295172e-02 -6.854179e-02 
-3.666565e-02 -1.595539e-01 
8.975574e-03 -2.849615e-01 
1.348685e-01 3.741742e-01 
1.156896e-01 5.985323e-01 
1.947981e-01 6.226891e-01 
2.316599e-01 4.779137e-01 
1.163465e-01 3.753896e-01 
5.546471e-02 2.670981e-01 
1.770229e-02 1.666664e-01 
-3.647786e-03 9.492605e-02 
2.133977e-01 -2.464483e-01 
3.657722e-02 1.080233e-01 
5.063068e-02 1.957786e-01 
-5.293778e-02 8.475880e-02 
-5.833713e-02 -6.697479e-02 
-5.789329e-02 -1.762717e-01 
-3.018111e-02 -2.406214e-01 
1.234979e-02 -2.248537e-01 
2.386586e-01 4.944569e-01 
2.536924e-01 8.084278e-01 
3.046351e-01 8.407561e-01 
2.488472e-01 5.765977e-01 
1.045405e-01 3.570253e-01 
4.344446e-02 1.802710e-01 
2.073594e-02 9.938938e-02 
-1.043487e-02 1.916864e-01 
2.119514e-01 -3.238179e-01 
7.285552e-02 2.716805e-01 
8.576178e-02 3.849524e-01 
-8.245365e-02 1.448961e-01 
-8.829318e-02 -1.391015e-01 
-8.147303e-02 -3.244575e-01 
-2.814289e-02 -3.843566e-01 
1.622207e-02 -2.263200e-01 
4.132046e-01 6.495785e-01 
4.467621e-01 1.088454e+00 
4.455379e-01 1.129900e+00 
2.477104e-01 6.952733e-01 
7.006553e-02 2.964855e-01 
1.877270e-02 2.568778e-02 
2.032917e-02 -3.029247e-02 
-1.664404e-02 2.370922e-01 
2.881122e-01 -4.120066e-01 
1.109205e-01 4.860050e-01 
6.989315e-02 5.466187e-01 
-1.622493e-01 4.886549e-03 
-1.256268e-01 -4.547747e-01 
-7.428397e-02 -6.319426e-01 
8.982135e-03 -4.697542e-01 
-1.051438e-02 1.372006e-01 
6.636025e-01 8.083540e-01 
6.865481e-01 1.387479e+00 
5.637354e-01 1.396994e+00 
1.863678e-01 6.628785e-01 
1.842412e-02 7.355085e-02 
7.966734e-03 -2.358313e-01 
3.656599e-02 -1.644074e-01 
-3.727251e-02 5.045284e-01 
-4.042569e-01 2.214854e-02 
2.910505e-01 6.459101e-01 
2.797466e-01 9.837570e-01 
6.720530e-03 5.995449e-01 
-7.668699e-02 1.407794e-01 
-9.216369e-02 -2.813531e-01 
-1.355851e-02 -5.697409e-01 
4.968246e-02 -4.336718e-01 
