poroelastic
1.205161e-02 6.483475e-02 
1.575178e-02 5.616901e-02 
-2.850935e-03 -2.502329e-02 
-1.939597e-02 -6.306250e-02 
-5.543139e-03 -1.060345e-02 
-3.678881e-03 4.375004e-02 
-1.116285e-02 2.726724e-02 
8.870870e-03 -1.444032e-01 
1.959188e-01 3.207476e-01 
8.905864e-02 1.322150e-01 
-8.139224e-03 -9.333332e-02 
-8.017936e-02 -1.982371e-01 
-4.308217e-02 -1.660744e-01 
-2.496934e-02 -9.830010e-02 
-1.794535e-02 -7.534780e-02 
1.297680e-02 -2.075434e-01 
-1.697913e-03 1.878275e-03 
-1.316442e-02 -4.467077e-02 
-2.637240e-02 -1.277656e-01 
5.503131e-03 -1.284219e-01 
2.334663e-02 -5.728990e-03 
2.875129e-02 1.264173e-01 
1.177041e-02 2.005599e-01 
-7.491897e-03 1.130102e-01 
1.797307e-01 3.159519e-01 
8.121338e-02 1.737152e-01 
-1.784713e-04 -1.724565e-02 
-7.857494e-02 -1.423178e-01 
-4.782410e-02 -1.559327e-01 
-3.240264e-02 -1.323720e-01 
-2.024253e-02 -1.316199e-01 
1.644250e-02 -2.378841e-01 
8.291225e-03 4.534318e-02 
7.981770e-03 1.981213e-02 
-1.628082e-02 -7.572445e-02 
-2.462875e-02 -1.310292e-01 
-3.175026e-03 -6.341835e-02 
5.335995e-03 2.671552e-02 
-9.672218e-04 7.387548e-02 
1.263435e-03 -1.740681e-02 
1.929283e-01 2.235801e-01 
5.206348e-02 7.980602e-02 
-2.432763e-02 -9.776596e-02 
-6.957593e-02 -2.012602e-01 
-3.299759e-02 -1.744681e-01 
-1.355532e-02 -9.972382e-02 
-6.304844e-03 -3.419082e-02 
6.002482e-03 -7.910329e-02 
1.165706e-02 4.710839e-02 
8.084496e-03 4.573183e-02 
-5.905064e-03 -3.409043e-02 
-5.938090e-03 -1.056146e-01 
7.743970e-03 -5.453350e-02 
1.560027e-02 3.177264e-02 
7.828345e-03 1.120154e-01 
-8.144546e-03 1.036747e-01 
4.759984e-01 2.514330e-01 
7.291145e-02 1.413683e-01 
-3.926647e-02 -7.016545e-02 
-1.364607e-01 -2.510291e-01 
-7.635361e-02 -3.008961e-01 
-4.555417e-02 -2.755583e-01 
-1.679139e-02 -2.279014e-01 
2.063131e-02 -2.416825e-01 
2.689692e-02 6.221453e-02 
1.430029e-02 7.221878e-02 
7.542033e-03 -7.447477e-03 
1.820003e-02 -8.959496e-02 
2.545959e-02 -2.871733e-02 
3.018883e-02 7.705750e-02 
1.442467e-02 1.866022e-01 
-1.897910e-02 2.176031e-01 
4.546177e-01 1.464759e-01 
3.336818e-02 5.905677e-02 
-5.950921e-02 -1.248332e-01 
-1.182036e-01 -2.802165e-01 
-5.894408e-02 -2.990418e-01 
-2.709708e-02 -2.387876e-01 
-5.234384e-03 -1.423812e-01 
9.142864e-03 -9.860547e-02 
3.309299e-02 7.416026e-02 
2.347981e-02 9.842889e-02 
9.763322e-03 1.744363e-02 
3.161400e-03 -9.717742e-02 
1.246288e-02 -7.578674e-02 
2.194443e-02 7.003684e-03 
1.294989e-02 1.258023e-01 
-1.943760e-02 2.068172e-01 
7.573990e-01 1.071032e-01 
-3.243679e-03 9.698906e-02 
-1.044545e-01 -1.301938e-01 
-1.796929e-01 -3.511112e-01 
-9.002576e-02 -4.214172e-01 
-4.692338e-02 -3.842661e-01 
-7.683272e-03 -2.839933e-01 
2.133968e-02 -2.078226e-01 
6.968562e-02 7.081115e-02 
4.426613e-02 1.039781e-01 
4.246397e-02 3.023109e-02 
5.032230e-02 -6.789155e-02 
4.736048e-02 -9.699321e-03 
4.782613e-02 1.159435e-01 
2.113513e-02 2.809861e-01 
-3.957604e-02 3.987252e-01 
8.167992e-01 -5.300014e-02 
-8.813964e-02 2.407910e-02 
-1.351183e-01 -1.897529e-01 
-1.598688e-01 -3.741450e-01 
-7.161373e-02 -4.099854e-01 
-3.226449e-02 -3.440886e-01 
-1.822874e-03 -2.170768e-01 
1.403964e-02 -1.305287e-01 
6.726433e-02 7.377943e-02 
4.758656e-02 1.061170e-01 
3.550142e-02 3.580417e-02 
2.674284e-02 -6.292784e-02 
2.713200e-02 -3.356393e-02 
2.962316e-02 5.708446e-02 
1.172099e-02 1.875138e-01 
-2.706714e-02 2.592342e-01 
1.185203e+00 -2.028022e-01 
-2.275330e-01 7.990353e-02 
-2.235090e-01 -2.147181e-01 
-2.073247e-01 -4.802451e-01 
-8.737232e-02 -5.538360e-01 
-4.080370e-02 -4.848334e-01 
-8.309936e-04 -3.238512e-01 
2.279340e-02 -2.120944e-01 
1.634772e-01 8.718908e-02 
1.155364e-01 1.421453e-01 
1.094592e-01 4.600935e-02 
8.091643e-02 -9.330387e-02 
6.715802e-02 -2.885517e-02 
6.350829e-02 1.543538e-01 
2.090920e-02 4.235206e-01 
-6.663713e-02 6.522117e-01 
6.781040e-01 -2.773757e-01 
-1.242382e-01 -5.883051e-02 
-2.085091e-01 -1.683304e-01 
-1.565596e-01 -3.625647e-01 
-6.823891e-02 -4.126163e-01 
-2.840799e-02 -3.837015e-01 
5.927881e-03 -2.810539e-01 
2.378982e-02 -1.869564e-01 
