poroelastic
-5.195002e-02 7.778839e-02 
-3.985595e-02 1.110404e-01 
-1.709538e-02 8.156359e-02 
7.454958e-02 8.582904e-02 
6.820082e-02 1.899318e-01 
5.695204e-02 2.747054e-01 
2.585611e-02 2.714255e-01 
-1.662863e-04 4.459771e-02 
3.304267e-01 2.940910e-01 
1.388761e-01 1.378619e-01 
2.423493e-02 -6.519735e-02 
-9.812125e-02 -1.436309e-01 
-6.480218e-02 -1.261364e-01 
-5.351656e-02 -1.029873e-01 
-5.524241e-02 -1.774660e-01 
3.802457e-03 -4.996470e-01 
-1.649524e-02 5.874395e-02 
-3.412612e-02 2.162722e-02 
-3.192515e-02 -4.998490e-02 
5.302951e-02 -9.876782e-03 
6.253473e-02 1.505003e-01 
5.942799e-02 2.868219e-01 
2.701601e-02 3.082144e-01 
-8.219919e-04 6.061313e-02 
8.243698e-02 1.767890e-01 
4.986129e-02 9.148393e-02 
8.425261e-03 -1.044541e-02 
-3.596264e-02 -3.935256e-02 
-2.009744e-02 -4.678805e-03 
-2.023482e-02 1.770654e-02 
-3.001562e-02 -4.799021e-02 
6.341396e-03 -3.166781e-01 
9.652152e-03 1.350957e-01 
4.439103e-03 1.553191e-01 
1.297626e-02 8.912243e-02 
5.049451e-02 6.499308e-02 
4.329876e-02 1.429822e-01 
3.136759e-02 2.082297e-01 
3.618827e-03 1.784297e-01 
2.108894e-03 -7.773919e-02 
2.530815e-01 9.998445e-02 
5.857772e-02 3.232301e-02 
-8.574968e-03 -7.051569e-02 
-6.625609e-02 -1.082574e-01 
-3.807810e-02 -7.947421e-02 
-2.952542e-02 -4.844903e-02 
-2.906342e-02 -8.241958e-02 
9.787188e-03 -2.903020e-01 
3.298254e-02 1.633246e-01 
1.594939e-02 2.257989e-01 
4.049144e-02 1.848440e-01 
8.309283e-02 1.384727e-01 
5.708506e-02 1.806897e-01 
3.795673e-02 2.130010e-01 
1.082407e-02 1.888840e-01 
-1.071672e-03 2.724073e-02 
3.700006e-01 6.715696e-02 
6.515051e-02 8.499163e-02 
1.748064e-04 -1.465992e-03 
-9.618401e-02 -8.751483e-02 
-6.415928e-02 -1.299678e-01 
-5.318746e-02 -1.488443e-01 
-3.719740e-02 -2.011564e-01 
1.783676e-02 -3.541324e-01 
6.953318e-02 2.239737e-01 
5.235983e-02 3.268645e-01 
8.015679e-02 2.878827e-01 
1.084630e-01 1.915131e-01 
6.702074e-02 1.984452e-01 
4.339148e-02 2.167467e-01 
1.538815e-02 2.084809e-01 
-6.017232e-03 1.098077e-01 
4.203389e-01 -3.309000e-02 
4.617767e-02 6.650672e-02 
-1.226506e-02 5.311210e-03 
-1.065618e-01 -1.129671e-01 
-7.066820e-02 -1.843396e-01 
-5.190109e-02 -2.090786e-01 
-2.609338e-02 -2.163131e-01 
1.605130e-02 -2.511800e-01 
1.316427e-01 3.039243e-01 
1.072453e-01 4.697431e-01 
1.293997e-01 4.343204e-01 
1.061701e-01 2.534596e-01 
4.769683e-02 1.626571e-01 
2.585981e-02 1.140763e-01 
1.151300e-02 1.051685e-01 
-7.969609e-03 1.180572e-01 
6.040115e-01 -1.174382e-01 
3.022848e-02 1.361311e-01 
-2.810376e-02 6.215597e-02 
-1.582320e-01 -1.503034e-01 
-1.013100e-01 -3.003476e-01 
-6.875137e-02 -3.501627e-01 
-2.264236e-02 -3.248166e-01 
2.007214e-02 -2.523361e-01 
2.094313e-01 3.662182e-01 
1.854745e-01 5.827157e-01 
1.932092e-01 5.468360e-01 
1.457834e-01 2.977796e-01 
7.238733e-02 1.753992e-01 
4.957654e-02 1.363826e-01 
2.957011e-02 1.988384e-01 
-2.747064e-02 3.569876e-01 
7.128535e-01 -2.648061e-01 
-1.578341e-02 2.140428e-01 
-4.545195e-02 1.431576e-01 
-1.794050e-01 -1.529620e-01 
-1.120703e-01 -3.730402e-01 
-7.348373e-02 -4.548300e-01 
-1.474139e-02 -4.019062e-01 
1.953340e-02 -2.192917e-01 
3.205156e-01 4.734472e-01 
2.967324e-01 7.732297e-01 
2.610376e-01 7.392316e-01 
1.258133e-01 3.727509e-01 
4.085446e-02 1.257360e-01 
2.512511e-02 1.012091e-02 
2.208904e-02 6.265706e-02 
-2.482854e-02 2.877624e-01 
9.633723e-01 -4.550652e-01 
-9.948307e-02 3.568173e-01 
-1.193278e-01 1.951691e-01 
-2.406372e-01 -3.203191e-01 
-1.296096e-01 -6.373411e-01 
-6.432824e-02 -6.849246e-01 
7.311638e-03 -4.629223e-01 
7.312058e-04 -8.086286e-03 
5.052915e-01 5.753771e-01 
4.508432e-01 9.607312e-01 
3.472700e-01 8.759405e-01 
1.255340e-01 2.968089e-01 
4.545000e-02 -3.717155e-02 
5.085838e-02 -1.060130e-01 
4.508026e-02 1.384780e-01 
-6.311306e-02 7.381073e-01 
2.323069e-01 -2.729426e-01 
6.218096e-02 3.458122e-01 
-1.911286e-02 4.798111e-01 
-1.332981e-01 8.924257e-02 
-9.984565e-02 -2.293299e-01 
-6.895735e-02 -4.528476e-01 
1.781378e-03 -5.224377e-01 
3.854309e-02 -3.273896e-01 
