poroelastic
-1.395883e-01 -5.909531e-02 
-1.444853e-01 2.437910e-02 
-7.708725e-02 1.991577e-01 
1.365998e-01 2.884836e-01 
1.215940e-01 2.981403e-01 
8.626981e-02 2.245648e-01 
7.976804e-02 2.146009e-01 
5.717060e-02 4.280175e-01 
1.678503e-01 -3.953771e-01 
-5.999120e-02 -2.718996e-01 
-4.647959e-02 -8.645720e-02 
9.509639e-03 -1.693105e-02 
1.253192e-02 -1.479715e-03 
1.563137e-02 4.273822e-03 
3.116921e-02 5.245209e-02 
3.109916e-02 2.584848e-01 
-6.044277e-02 8.212361e-02 
-5.101932e-02 1.665611e-01 
1.023400e-02 2.318711e-01 
9.618411e-02 2.024046e-01 
6.194973e-02 1.546772e-01 
4.045119e-02 1.040530e-01 
3.637412e-02 9.452502e-02 
2.341265e-02 2.134007e-01 
2.200153e-01 -4.468677e-01 
-6.756687e-02 -3.337216e-01 
-6.597382e-02 -1.596614e-01 
6.725102e-03 -3.874286e-02 
2.123184e-02 1.758955e-02 
2.688510e-02 4.612317e-02 
3.351726e-02 8.348356e-02 
2.023655e-02 2.077391e-01 
-8.722011e-02 8.242274e-02 
-9.326226e-02 2.167730e-01 
1.899608e-02 3.670269e-01 
2.078255e-01 3.983320e-01 
1.421072e-01 3.602679e-01 
8.928847e-02 2.701598e-01 
5.689430e-02 2.017164e-01 
2.049011e-02 2.514115e-01 
8.785982e-02 -4.116975e-01 
-7.124882e-02 -2.186500e-01 
-1.718436e-02 -6.364447e-03 
4.516324e-02 8.955719e-02 
3.018020e-02 8.699332e-02 
1.362449e-02 4.430334e-02 
6.052367e-03 7.765592e-03 
3.378205e-03 5.153156e-02 
-3.652399e-02 1.139878e-01 
-4.772499e-02 2.456842e-01 
5.507045e-02 3.665821e-01 
1.987507e-01 3.745265e-01 
1.270316e-01 3.311717e-01 
7.340093e-02 2.430924e-01 
3.738434e-02 1.585434e-01 
7.777499e-03 1.482465e-01 
-1.252777e-01 -4.439875e-01 
-1.110481e-01 -2.094667e-01 
-1.391925e-02 3.711648e-02 
1.043070e-01 1.616098e-01 
7.176953e-02 1.899517e-01 
4.216030e-02 1.494410e-01 
1.842689e-02 8.712815e-02 
2.259464e-03 7.295113e-02 
-6.394640e-03 1.468128e-01 
2.185888e-03 3.078641e-01 
1.138983e-01 4.461838e-01 
2.283466e-01 4.625496e-01 
1.282274e-01 3.877472e-01 
5.424166e-02 2.446617e-01 
1.000959e-02 8.863774e-02 
-7.404941e-05 -3.993247e-03 
-2.946831e-01 -3.699922e-01 
-8.784236e-02 -1.140607e-01 
3.559169e-02 1.467294e-01 
1.417282e-01 2.551222e-01 
8.131123e-02 2.530574e-01 
3.583241e-02 1.739255e-01 
5.005911e-03 6.357292e-02 
1.728322e-05 -1.410453e-02 
4.742377e-02 1.899728e-01 
5.135002e-02 3.675211e-01 
1.596017e-01 4.934744e-01 
2.411075e-01 4.915904e-01 
1.211444e-01 3.975345e-01 
4.054920e-02 2.330978e-01 
-9.465855e-04 5.477625e-02 
6.902015e-04 -5.763059e-02 
-4.821848e-01 -2.865927e-01 
-3.310883e-02 -2.984950e-02 
9.730549e-02 2.518180e-01 
1.794787e-01 3.458141e-01 
8.571826e-02 3.128223e-01 
2.539995e-02 1.871365e-01 
-5.832502e-03 2.736846e-02 
2.534665e-03 -7.463559e-02 
1.073617e-01 2.514429e-01 
1.429318e-01 4.550379e-01 
2.266008e-01 5.775091e-01 
2.343846e-01 5.590071e-01 
9.426231e-02 4.139820e-01 
7.030932e-03 1.918596e-01 
-2.360906e-02 -4.624194e-02 
7.575952e-03 -2.047233e-01 
-7.879188e-01 -1.438014e-01 
8.009995e-02 2.670587e-02 
1.724682e-01 3.595488e-01 
2.266074e-01 4.361949e-01 
9.481550e-02 3.641280e-01 
2.747398e-02 2.016564e-01 
-1.581373e-03 3.310836e-02 
1.756257e-03 -2.902912e-02 
1.909430e-01 3.248031e-01 
2.495642e-01 5.693838e-01 
2.889649e-01 6.788589e-01 
1.813402e-01 5.667824e-01 
3.092983e-02 3.084878e-01 
-3.581150e-02 2.488090e-02 
-3.098233e-02 -1.992830e-01 
1.423660e-02 -2.316791e-01 
-1.022822e+00 1.427137e-01 
2.706397e-01 1.202493e-01 
2.728341e-01 4.783950e-01 
2.255938e-01 4.841788e-01 
7.559316e-02 3.453375e-01 
1.752716e-02 1.513281e-01 
2.344460e-03 -9.659605e-03 
-1.985622e-03 2.758906e-02 
2.848668e-01 3.393160e-01 
3.357406e-01 5.974948e-01 
3.346811e-01 7.172474e-01 
1.699264e-01 6.416683e-01 
1.311682e-02 3.798568e-01 
-5.245001e-02 4.976028e-02 
-3.627421e-02 -2.669983e-01 
3.025592e-02 -4.091051e-01 
-7.023048e-01 4.217309e-01 
2.662812e-01 4.122868e-01 
4.028064e-01 6.584944e-01 
2.548965e-01 7.511878e-01 
5.756255e-02 5.584654e-01 
-3.582850e-02 2.262563e-01 
-2.917071e-02 -1.495527e-01 
4.680987e-02 -3.727935e-01 
