poroelastic
-1.603485e-01 -1.685967e-02 
-1.579846e-01 7.195392e-02 
-9.095776e-02 1.872703e-01 
1.527105e-01 2.294617e-01 
1.456463e-01 3.232974e-01 
1.307020e-01 3.725852e-01 
1.207284e-01 4.401648e-01 
4.982150e-02 5.882504e-01 
3.204624e-01 -7.157819e-02 
7.284053e-02 -5.650880e-02 
1.843917e-02 -6.555861e-02 
-5.519362e-02 -1.010355e-01 
-4.185924e-02 -1.088235e-01 
-3.169220e-02 -9.926123e-02 
-2.481250e-02 -9.381043e-02 
-9.410026e-03 -1.262586e-01 
-5.260199e-02 1.116317e-01 
-5.880824e-02 1.428403e-01 
-2.054078e-02 1.386438e-01 
9.590031e-02 1.394061e-01 
8.545377e-02 2.056208e-01 
7.765277e-02 2.600962e-01 
5.800131e-02 2.761196e-01 
1.317301e-02 1.994508e-01 
8.231529e-02 -2.632229e-01 
-5.566899e-02 -2.171146e-01 
-5.159694e-02 -1.276103e-01 
1.312417e-02 -3.499031e-02 
3.002204e-02 5.502302e-02 
3.495465e-02 1.178102e-01 
2.511459e-02 1.362355e-01 
3.826265e-03 6.905721e-02 
-5.486005e-02 1.446073e-01 
-6.463634e-02 2.572969e-01 
2.498038e-02 3.331754e-01 
1.927606e-01 3.545795e-01 
1.396226e-01 3.850064e-01 
9.564794e-02 3.576071e-01 
5.226837e-02 2.894816e-01 
7.414909e-03 1.710769e-01 
1.712899e-01 -2.385285e-01 
-1.165338e-02 -1.278299e-01 
-5.423540e-03 -3.048109e-02 
2.715666e-04 2.503706e-02 
1.975441e-03 4.222959e-02 
-5.513934e-03 2.969958e-02 
-1.634794e-02 -2.511232e-02 
-4.674892e-03 -1.492024e-01 
-5.687440e-03 1.895885e-01 
-3.144387e-02 3.159885e-01 
5.981340e-02 3.800430e-01 
2.113249e-01 3.786194e-01 
1.445509e-01 3.956755e-01 
9.479078e-02 3.659078e-01 
4.639298e-02 2.902046e-01 
3.447098e-03 1.583091e-01 
-8.822705e-03 -3.263291e-01 
-5.448100e-02 -1.363593e-01 
9.032002e-04 2.745409e-02 
5.447698e-02 1.182106e-01 
3.568786e-02 1.444041e-01 
1.387376e-02 1.154495e-01 
-6.865558e-03 3.012643e-02 
-4.866104e-04 -1.064755e-01 
4.092330e-02 2.577270e-01 
3.843384e-02 4.425679e-01 
1.394568e-01 5.312032e-01 
2.429577e-01 5.022895e-01 
1.406698e-01 4.495652e-01 
6.924675e-02 3.365050e-01 
1.845495e-02 1.851435e-01 
-9.850503e-05 2.472935e-02 
-8.403521e-02 -3.125876e-01 
-2.824788e-02 -4.053475e-02 
4.583597e-02 1.518505e-01 
6.397461e-02 2.001668e-01 
2.449983e-02 1.600563e-01 
-6.259569e-03 7.125972e-02 
-2.018182e-02 -5.237771e-02 
3.298628e-03 -1.727178e-01 
1.261653e-01 3.498095e-01 
1.131341e-01 5.931813e-01 
2.170902e-01 6.795407e-01 
2.733672e-01 5.866496e-01 
1.358120e-01 4.623213e-01 
5.578129e-02 2.971630e-01 
1.181823e-02 1.322872e-01 
-8.901322e-04 3.339391e-02 
-1.857110e-01 -3.224511e-01 
1.402192e-02 5.390278e-02 
9.557518e-02 2.815373e-01 
7.089850e-02 2.706196e-01 
1.073818e-02 1.518328e-01 
-2.188003e-02 7.421107e-03 
-2.112620e-02 -1.251413e-01 
7.072383e-03 -1.589744e-01 
2.252863e-01 4.650662e-01 
2.538532e-01 7.850890e-01 
3.240630e-01 8.772297e-01 
2.751081e-01 6.908920e-01 
1.086487e-01 4.541497e-01 
2.556298e-02 2.043269e-01 
-5.842976e-04 1.020916e-02 
5.200596e-04 -1.160766e-02 
-3.756598e-01 -2.921604e-01 
1.084433e-01 1.898431e-01 
1.633540e-01 4.665742e-01 
7.701397e-02 3.646689e-01 
-3.715944e-03 1.403971e-01 
-3.578670e-02 -7.113255e-02 
-1.830546e-02 -2.078559e-01 
8.487146e-03 -1.334494e-01 
3.826727e-01 6.058196e-01 
4.353732e-01 1.032029e+00 
4.493294e-01 1.125073e+00 
2.540524e-01 7.740325e-01 
5.913251e-02 3.594130e-01 
-7.828180e-03 1.760780e-02 
-1.532928e-03 -1.461372e-01 
-1.626343e-03 2.573233e-02 
-4.672290e-01 -1.898507e-01 
2.493539e-01 3.874100e-01 
2.112530e-01 6.506401e-01 
1.789260e-02 3.046005e-01 
-4.288884e-02 -8.225549e-02 
-3.871147e-02 -3.129544e-01 
8.805907e-03 -2.966972e-01 
-1.049717e-02 1.474572e-01 
5.921950e-01 7.224477e-01 
6.411088e-01 1.253337e+00 
5.501293e-01 1.337673e+00 
1.985104e-01 8.006716e-01 
7.748675e-03 2.456910e-01 
-2.945851e-02 -1.583143e-01 
4.046987e-03 -3.008326e-01 
-4.826803e-03 6.885397e-02 
-7.498716e-01 2.715495e-01 
3.597697e-01 6.606440e-01 
4.304253e-01 1.044869e+00 
1.529680e-01 8.500640e-01 
-1.330071e-02 4.410793e-01 
-7.453979e-02 -2.469084e-02 
-2.271194e-02 -4.294610e-01 
5.163483e-02 -4.553922e-01 
