poroelastic
-3.238757e-02 -1.981114e-02 
-2.193074e-02 4.739996e-02 
3.378363e-02 1.933098e-01 
7.352591e-02 2.525939e-01 
2.728525e-02 1.482038e-01 
-1.081648e-02 -1.675341e-02 
-1.806704e-02 -1.346898e-01 
-2.045903e-04 -4.376008e-03 
-9.698000e-02 -5.723583e-01 
-1.479059e-01 -2.982543e-01 
-3.147570e-02 4.920146e-02 
1.036655e-01 2.036120e-01 
6.700486e-02 1.829148e-01 
4.050648e-02 1.038281e-01 
3.577906e-02 7.958714e-02 
1.147832e-02 3.065348e-01 
-1.736248e-02 5.156105e-02 
1.040217e-02 1.880499e-01 
8.123348e-02 3.351898e-01 
7.735058e-02 3.101076e-01 
1.121894e-02 1.240134e-01 
-2.806447e-02 -7.921562e-02 
-2.700869e-02 -1.965998e-01 
-1.423139e-03 -4.794756e-02 
6.610190e-02 -4.816021e-01 
-8.103791e-02 -2.492521e-01 
-1.332650e-02 8.593168e-03 
5.667124e-02 1.236781e-01 
3.154143e-02 9.414494e-02 
1.424551e-02 2.465860e-02 
1.443291e-02 -2.210789e-04 
3.453500e-03 1.649081e-01 
-2.015343e-02 1.133980e-02 
-1.125164e-02 1.155426e-01 
6.068560e-02 2.703811e-01 
1.009700e-01 3.070489e-01 
3.911579e-02 1.857933e-01 
9.603771e-05 2.418361e-02 
-6.177937e-03 -7.887069e-02 
2.112259e-04 1.869641e-02 
-1.247963e-01 -4.064609e-01 
-8.927918e-02 -1.650968e-01 
1.423199e-02 1.017841e-01 
9.302270e-02 2.180138e-01 
4.982743e-02 1.803612e-01 
1.969843e-02 8.441118e-02 
8.824529e-03 9.968202e-03 
8.495832e-05 8.747236e-02 
-2.211091e-03 1.422078e-02 
4.430412e-03 9.773569e-02 
6.022860e-02 2.281792e-01 
7.680690e-02 2.680831e-01 
2.253219e-02 1.594200e-01 
-1.183656e-02 1.191734e-02 
-1.717241e-02 -1.077020e-01 
5.878550e-04 -9.091299e-02 
-3.380845e-01 -3.511224e-01 
-9.609925e-02 -1.455065e-01 
2.428751e-02 1.121829e-01 
1.374107e-01 2.481779e-01 
8.062012e-02 2.557410e-01 
4.402714e-02 1.867449e-01 
1.985396e-02 1.124602e-01 
-2.758875e-03 1.297767e-01 
-2.313616e-03 -8.959218e-03 
9.661401e-03 4.249233e-02 
4.510503e-02 1.536711e-01 
3.734980e-02 2.164411e-01 
-4.904528e-03 1.185512e-01 
-3.301141e-02 -2.812464e-02 
-3.129702e-02 -1.701712e-01 
6.288185e-03 -2.238877e-01 
-4.780200e-01 -2.367099e-01 
-7.467378e-02 -9.928719e-02 
4.905049e-02 1.351681e-01 
1.644009e-01 2.870562e-01 
9.588601e-02 3.154196e-01 
5.102040e-02 2.525169e-01 
1.664737e-02 1.528304e-01 
-3.759518e-03 9.181354e-02 
-7.674790e-03 -3.239274e-02 
-3.214492e-03 -4.077941e-03 
3.139872e-02 1.003648e-01 
4.332447e-02 2.007289e-01 
6.512738e-03 1.515350e-01 
-2.313787e-02 3.404323e-02 
-2.679159e-02 -1.149409e-01 
1.101885e-02 -2.341219e-01 
-6.857503e-01 -9.866980e-02 
-2.413536e-02 -6.745476e-02 
9.158111e-02 1.669975e-01 
2.093776e-01 3.482336e-01 
1.146330e-01 4.035003e-01 
5.613719e-02 3.345024e-01 
1.006966e-02 1.924005e-01 
-2.896109e-03 4.566819e-02 
-3.670552e-02 -5.624315e-02 
-2.793170e-02 -7.286008e-02 
-1.514401e-02 7.480712e-03 
-2.268458e-02 1.376503e-01 
-3.838119e-02 9.771729e-02 
-5.863713e-02 -3.206417e-02 
-4.803805e-02 -2.327127e-01 
2.906561e-02 -4.582466e-01 
-9.561912e-01 8.713997e-02 
6.372898e-02 -9.579245e-02 
1.400534e-01 1.524225e-01 
2.588481e-01 3.766873e-01 
1.387971e-01 4.711658e-01 
7.568219e-02 4.249684e-01 
1.671066e-02 2.958575e-01 
-1.149515e-02 1.431452e-01 
-6.256715e-02 -7.255561e-02 
-5.704967e-02 -1.086864e-01 
-4.560701e-02 -4.193104e-02 
-3.882596e-02 8.890151e-02 
-4.220161e-02 6.921201e-02 
-5.478808e-02 -3.864561e-02 
-3.908571e-02 -2.196352e-01 
3.321391e-02 -4.109945e-01 
-1.233975e+00 3.888383e-01 
2.153626e-01 -1.206133e-01 
2.388355e-01 1.739073e-01 
3.116983e-01 5.036145e-01 
1.498187e-01 6.464265e-01 
6.569518e-02 5.698334e-01 
-2.111699e-03 3.197496e-01 
5.060841e-04 -5.665634e-03 
-1.698135e-01 -1.641542e-01 
-1.744097e-01 -2.921487e-01 
-1.389551e-01 -2.046430e-01 
-5.973265e-02 1.234955e-01 
-5.106543e-02 1.999733e-01 
-7.739161e-02 6.318561e-02 
-5.728597e-02 -2.766289e-01 
7.073400e-02 -7.916088e-01 
-4.871015e-01 3.308221e-01 
6.685056e-02 -1.010269e-02 
1.813490e-01 2.225081e-02 
2.119436e-01 3.129225e-01 
1.040846e-01 4.089912e-01 
4.422856e-02 3.847562e-01 
-7.154239e-03 2.754041e-01 
-8.981613e-03 6.858670e-02 
