poroelastic
3.371051e-02 7.122236e-02 
3.942210e-02 3.779156e-02 
-1.416858e-03 -9.675353e-02 
-6.425330e-02 -1.800442e-01 
-2.753097e-02 -1.040562e-01 
3.480247e-03 2.945054e-02 
4.624012e-04 8.807155e-02 
-6.892507e-03 -1.319636e-01 
1.011941e-01 4.600587e-01 
1.527908e-01 2.869241e-01 
6.301105e-02 2.019976e-02 
-8.237787e-02 -1.061119e-01 
-6.275826e-02 -1.106972e-01 
-5.109079e-02 -8.711206e-02 
-5.955238e-02 -1.356023e-01 
-2.068887e-02 -4.469685e-01 
1.622214e-02 -4.445525e-03 
6.640007e-04 -8.523143e-02 
-4.831917e-02 -1.920563e-01 
-4.680717e-02 -1.833659e-01 
-4.782357e-04 -4.615883e-02 
2.520139e-02 9.743547e-02 
1.602113e-02 1.558911e-01 
-1.826477e-03 -4.899164e-02 
-1.445244e-01 4.098049e-01 
6.797683e-02 2.779534e-01 
4.112097e-02 8.574520e-02 
-3.024600e-02 -2.774267e-02 
-2.141001e-02 -2.201101e-02 
-1.688078e-02 7.482017e-03 
-2.819830e-02 -2.063119e-02 
-7.307729e-03 -2.640878e-01 
4.303995e-02 1.924675e-02 
4.513538e-02 -6.586382e-02 
-2.977057e-02 -2.146356e-01 
-1.142221e-01 -2.600232e-01 
-5.454419e-02 -1.689979e-01 
-1.923289e-02 -3.942086e-02 
-1.728555e-02 1.154353e-02 
-2.766621e-03 -1.910537e-01 
7.333610e-02 3.428559e-01 
8.696721e-02 1.650520e-01 
5.561364e-03 -5.121424e-02 
-7.419810e-02 -1.442635e-01 
-4.063345e-02 -1.069990e-01 
-2.056441e-02 -3.525015e-02 
-2.052485e-02 -1.129721e-02 
-4.539105e-04 -1.935885e-01 
1.613228e-02 1.660166e-02 
1.819489e-02 -3.938655e-02 
-3.297024e-02 -1.511823e-01 
-7.180637e-02 -1.903089e-01 
-2.566200e-02 -1.056382e-01 
-6.328968e-04 3.487114e-03 
-2.220619e-03 6.054370e-02 
7.409406e-04 -7.677277e-02 
2.154215e-01 3.509972e-01 
1.088099e-01 1.884047e-01 
1.165357e-02 -3.099909e-02 
-1.144201e-01 -1.547656e-01 
-7.136439e-02 -1.640020e-01 
-4.698796e-02 -1.196423e-01 
-3.433829e-02 -1.050595e-01 
7.064310e-03 -2.571283e-01 
1.256223e-02 2.499487e-02 
8.010142e-03 -3.452163e-02 
-4.453604e-02 -1.589081e-01 
-7.227630e-02 -2.266538e-01 
-1.959950e-02 -1.363325e-01 
1.147521e-02 8.322757e-04 
1.031349e-02 1.051009e-01 
-1.312425e-03 3.433664e-02 
3.622335e-01 2.562780e-01 
8.820001e-02 1.187010e-01 
-2.372575e-02 -9.899468e-02 
-1.459821e-01 -2.308847e-01 
-8.342571e-02 -2.384297e-01 
-4.531575e-02 -1.743732e-01 
-2.144011e-02 -1.056781e-01 
8.225268e-03 -1.518405e-01 
1.250376e-02 4.675910e-02 
1.690758e-02 1.773401e-02 
-2.882790e-02 -9.192068e-02 
-6.889870e-02 -1.894490e-01 
-2.463705e-02 -1.426925e-01 
4.122028e-03 -3.843269e-02 
7.014979e-03 6.069049e-02 
-2.735008e-03 4.339880e-02 
5.375136e-01 1.765250e-01 
5.451809e-02 1.060024e-01 
-5.785781e-02 -1.215780e-01 
-1.886880e-01 -2.833593e-01 
-1.015254e-01 -3.102705e-01 
-5.141477e-02 -2.356249e-01 
-1.811419e-02 -1.371507e-01 
1.130008e-02 -1.402034e-01 
1.383885e-02 3.948421e-02 
5.469481e-03 1.722936e-02 
-2.677977e-02 -8.837460e-02 
-2.964219e-02 -2.093025e-01 
1.058266e-02 -1.474614e-01 
4.018253e-02 -4.343251e-04 
3.208016e-02 1.787914e-01 
-2.267567e-02 2.781472e-01 
8.006381e-01 3.642893e-02 
-2.930368e-02 1.282025e-01 
-1.033485e-01 -1.306368e-01 
-2.373252e-01 -3.327811e-01 
-1.224857e-01 -3.914364e-01 
-6.389948e-02 -3.267162e-01 
-1.714161e-02 -2.119885e-01 
1.568370e-02 -1.572517e-01 
2.946331e-02 5.665436e-02 
2.458314e-02 6.121640e-02 
-1.478306e-03 -2.611379e-02 
-1.123805e-02 -1.532552e-01 
1.552007e-02 -1.106480e-01 
3.542398e-02 1.110914e-02 
2.337206e-02 1.623301e-01 
-2.240618e-02 2.294777e-01 
1.026592e+00 -2.095721e-01 
-1.689975e-01 1.441965e-01 
-1.878926e-01 -1.603437e-01 
-2.668364e-01 -4.336971e-01 
-1.219060e-01 -5.112079e-01 
-5.083318e-02 -4.090565e-01 
-2.892798e-03 -2.053246e-01 
5.754382e-03 -5.563665e-02 
7.315960e-02 8.207612e-02 
6.468005e-02 1.131893e-01 
3.080570e-02 -6.021673e-03 
4.631123e-03 -2.537089e-01 
3.512706e-02 -2.413067e-01 
6.884247e-02 -5.161697e-02 
4.678478e-02 2.698444e-01 
-6.291317e-02 6.248438e-01 
5.362854e-01 -2.656992e-01 
-8.198408e-02 -5.464882e-03 
-1.996094e-01 -1.002269e-01 
-2.153389e-01 -3.432800e-01 
-9.811177e-02 -3.857016e-01 
-3.969947e-02 -3.268659e-01 
1.993689e-03 -2.120132e-01 
1.513442e-02 -1.050595e-01 
