poroelastic
1.578402e-02 6.121001e-02 
1.852890e-02 4.392899e-02 
-5.169478e-03 -4.644597e-02 
-2.710266e-02 -8.330340e-02 
-8.120013e-03 -2.057135e-02 
-3.589852e-03 4.646594e-02 
-1.290490e-02 3.492551e-02 
7.817862e-03 -1.672166e-01 
1.692873e-01 3.444251e-01 
9.598499e-02 1.528945e-01 
-1.005812e-03 -8.146137e-02 
-8.119702e-02 -1.851096e-01 
-4.493815e-02 -1.503673e-01 
-2.718222e-02 -8.254727e-02 
-2.251777e-02 -6.936826e-02 
1.158136e-02 -2.391626e-01 
-3.529287e-04 -4.666281e-03 
-1.287136e-02 -6.359389e-02 
-3.531639e-02 -1.555862e-01 
-7.976244e-03 -1.534589e-01 
1.792416e-02 -2.196895e-02 
2.742650e-02 1.179095e-01 
1.187779e-02 1.899164e-01 
-3.780602e-03 7.104335e-02 
1.260665e-01 3.374798e-01 
8.310443e-02 1.905857e-01 
7.883940e-03 -4.735640e-03 
-7.330820e-02 -1.242747e-01 
-4.542338e-02 -1.292795e-01 
-3.193268e-02 -1.010990e-01 
-2.386087e-02 -1.079257e-01 
1.429750e-02 -2.500517e-01 
9.400751e-03 3.814999e-02 
9.628563e-03 -1.549920e-03 
-2.335342e-02 -1.077838e-01 
-3.931988e-02 -1.591482e-01 
-1.000889e-02 -8.124318e-02 
2.254229e-03 1.965512e-02 
-3.375132e-03 6.638750e-02 
3.559349e-03 -5.739604e-02 
1.672375e-01 2.486897e-01 
5.764602e-02 9.360294e-02 
-2.042058e-02 -9.333460e-02 
-7.121237e-02 -1.938914e-01 
-3.417409e-02 -1.607315e-01 
-1.436058e-02 -8.223627e-02 
-8.314277e-03 -2.235942e-02 
6.319112e-03 -9.502144e-02 
7.967948e-03 4.057256e-02 
7.577122e-03 2.688275e-02 
-1.409371e-02 -6.155935e-02 
-2.046724e-02 -1.294603e-01 
3.260795e-04 -7.151769e-02 
1.142295e-02 1.917963e-02 
5.777364e-03 9.322662e-02 
-3.995546e-03 5.681112e-02 
4.272693e-01 2.724037e-01 
8.120999e-02 1.498872e-01 
-2.943596e-02 -6.577855e-02 
-1.352758e-01 -2.350791e-01 
-7.718910e-02 -2.746620e-01 
-4.708570e-02 -2.429379e-01 
-2.062389e-02 -2.002945e-01 
1.889469e-02 -2.406299e-01 
1.882655e-02 5.392222e-02 
8.923069e-03 5.023196e-02 
-3.816931e-03 -3.822955e-02 
6.714529e-03 -1.171601e-01 
2.114235e-02 -4.707049e-02 
2.943904e-02 6.747244e-02 
1.526698e-02 1.772444e-01 
-1.527918e-02 1.877352e-01 
4.398005e-01 1.671938e-01 
4.280812e-02 7.075538e-02 
-5.422269e-02 -1.220382e-01 
-1.251412e-01 -2.749912e-01 
-6.398937e-02 -2.907265e-01 
-3.034974e-02 -2.273856e-01 
-7.703638e-03 -1.327926e-01 
9.129667e-03 -1.036078e-01 
2.427418e-02 6.886483e-02 
1.970241e-02 8.260463e-02 
5.377615e-04 -5.000499e-03 
-9.714925e-03 -1.191259e-01 
5.877791e-03 -9.360849e-02 
1.877828e-02 -7.659536e-03 
1.259378e-02 1.073783e-01 
-1.541228e-02 1.709046e-01 
7.148578e-01 1.170981e-01 
8.056240e-03 9.914832e-02 
-9.489950e-02 -1.290833e-01 
-1.830443e-01 -3.388387e-01 
-9.329668e-02 -3.993156e-01 
-4.886772e-02 -3.533348e-01 
-1.053102e-02 -2.519894e-01 
1.913865e-02 -1.915796e-01 
5.611164e-02 6.405226e-02 
3.527719e-02 8.660489e-02 
3.061835e-02 6.258326e-03 
4.288081e-02 -9.519129e-02 
4.583495e-02 -3.211656e-02 
5.001248e-02 1.010550e-01 
2.484175e-02 2.723884e-01 
-3.746927e-02 3.876240e-01 
8.221266e-01 -3.827892e-02 
-8.043826e-02 4.859229e-02 
-1.316463e-01 -1.761315e-01 
-1.755583e-01 -3.693283e-01 
-8.131390e-02 -4.107183e-01 
-3.837431e-02 -3.452698e-01 
-4.556887e-03 -2.192916e-01 
1.468821e-02 -1.382261e-01 
5.805744e-02 7.223572e-02 
4.278769e-02 9.924018e-02 
2.818874e-02 2.412968e-02 
2.043422e-02 -8.191523e-02 
2.507194e-02 -5.046409e-02 
3.032367e-02 4.525584e-02 
1.369183e-02 1.788620e-01 
-2.551355e-02 2.475692e-01 
1.156992e+00 -2.089580e-01 
-2.186865e-01 9.416548e-02 
-2.173444e-01 -2.032114e-01 
-2.185538e-01 -4.715279e-01 
-9.408775e-02 -5.440691e-01 
-4.385749e-02 -4.678705e-01 
-2.667968e-03 -2.997106e-01 
1.972141e-02 -1.857057e-01 
1.468304e-01 8.714611e-02 
1.073802e-01 1.377602e-01 
9.823698e-02 3.448530e-02 
7.418745e-02 -1.248225e-01 
6.617874e-02 -6.563630e-02 
6.734908e-02 1.237713e-01 
2.642857e-02 4.062730e-01 
-6.598522e-02 6.534964e-01 
6.640227e-01 -2.769896e-01 
-1.185430e-01 -4.295308e-02 
-2.109263e-01 -1.528878e-01 
-1.706838e-01 -3.603880e-01 
-7.612737e-02 -4.118871e-01 
-3.287328e-02 -3.804540e-01 
4.260511e-03 -2.779702e-01 
2.381488e-02 -1.844748e-01 
