poroelastic
-1.523450e-01 2.929808e-03 
-1.538575e-01 5.667906e-02 
-1.316580e-01 7.425393e-02 
8.493137e-02 3.564585e-02 
1.188134e-01 1.950371e-01 
1.415842e-01 3.628399e-01 
1.533553e-01 5.236255e-01 
6.907948e-02 6.276275e-01 
3.369592e-01 3.114518e-01 
1.934055e-01 1.927510e-01 
8.110675e-02 -3.565356e-02 
-1.119660e-01 -1.946831e-01 
-9.181221e-02 -2.195029e-01 
-6.955395e-02 -1.860122e-01 
-6.236791e-02 -1.778471e-01 
-3.658835e-02 -3.664118e-01 
-4.237773e-02 9.510528e-02 
-6.003092e-02 4.727342e-02 
-7.095328e-02 -4.699274e-02 
3.697643e-02 -4.092223e-02 
6.942979e-02 1.218553e-01 
9.205593e-02 2.861683e-01 
7.843483e-02 3.620258e-01 
1.512828e-02 1.673395e-01 
-1.267981e-01 4.807344e-02 
-3.579958e-02 -1.297618e-02 
-3.960835e-02 -6.465985e-02 
3.918891e-03 -5.619913e-02 
2.924594e-02 4.611647e-02 
4.378351e-02 1.490462e-01 
3.102060e-02 1.845496e-01 
7.979181e-05 1.014444e-03 
-4.507025e-02 1.434912e-01 
-5.236337e-02 1.869573e-01 
-1.629696e-02 1.573839e-01 
1.116846e-01 1.468589e-01 
1.020977e-01 2.411061e-01 
8.733077e-02 3.053324e-01 
5.086307e-02 2.890971e-01 
4.504512e-03 7.099375e-02 
2.018086e-01 5.598302e-02 
5.778853e-02 6.698401e-03 
1.557201e-06 -7.564965e-02 
-5.485881e-02 -9.299844e-02 
-2.882150e-02 -5.009250e-02 
-1.754340e-02 -1.258914e-03 
-2.620639e-02 -1.902872e-02 
-1.231867e-02 -2.503027e-01 
-2.367514e-02 1.563887e-01 
-5.408090e-02 2.060265e-01 
-6.305130e-03 1.860249e-01 
1.551415e-01 1.841861e-01 
1.335826e-01 2.958622e-01 
1.095302e-01 3.737893e-01 
6.104122e-02 3.610704e-01 
5.204744e-03 1.429886e-01 
7.290892e-02 -6.933397e-02 
-1.197010e-03 -3.605626e-02 
-6.309557e-03 -2.647597e-02 
-2.083659e-03 1.006778e-02 
7.027773e-03 5.865665e-02 
3.579410e-04 8.014037e-02 
-1.919529e-02 1.805623e-02 
-3.465960e-03 -2.168490e-01 
1.346620e-02 2.350572e-01 
9.839882e-03 3.553274e-01 
8.062551e-02 3.643076e-01 
1.963274e-01 3.174790e-01 
1.315377e-01 3.428214e-01 
8.127179e-02 3.282509e-01 
2.954502e-02 2.469244e-01 
1.839800e-04 4.358894e-02 
1.667755e-01 -1.119331e-01 
2.708106e-02 2.677718e-02 
2.581689e-02 5.782902e-02 
-2.864751e-02 4.298781e-02 
-2.862262e-02 1.059238e-02 
-3.718547e-02 -3.045054e-02 
-3.880990e-02 -1.159283e-01 
3.957399e-03 -2.822966e-01 
8.678370e-02 3.317150e-01 
7.540049e-02 5.217022e-01 
1.643667e-01 5.394933e-01 
2.518345e-01 4.250985e-01 
1.422504e-01 3.765428e-01 
7.737077e-02 3.085615e-01 
2.814810e-02 2.212291e-01 
-2.715083e-03 1.125380e-01 
1.579950e-01 -2.049440e-01 
3.527895e-02 8.819725e-02 
5.437804e-02 1.653817e-01 
-3.719795e-02 9.014392e-02 
-4.888441e-02 -3.046954e-02 
-5.359907e-02 -1.233526e-01 
-3.360869e-02 -1.940117e-01 
9.767819e-03 -2.204700e-01 
1.883564e-01 4.608851e-01 
2.245672e-01 7.488778e-01 
2.953869e-01 7.827118e-01 
2.691631e-01 5.451755e-01 
1.184910e-01 3.552904e-01 
4.973112e-02 1.931628e-01 
2.153969e-02 1.050897e-01 
-7.505650e-03 1.628082e-01 
1.762653e-01 -2.799210e-01 
8.229317e-02 2.604737e-01 
1.025759e-01 3.645008e-01 
-7.576241e-02 1.609563e-01 
-9.051677e-02 -1.059079e-01 
-8.891846e-02 -2.850218e-01 
-3.721270e-02 -3.630444e-01 
1.684555e-02 -2.501582e-01 
3.642843e-01 6.138994e-01 
4.335643e-01 1.028199e+00 
4.665067e-01 1.080920e+00 
2.932246e-01 6.864428e-01 
9.429223e-02 3.188136e-01 
3.077869e-02 6.356154e-02 
2.555934e-02 8.128793e-03 
-1.736947e-02 2.610129e-01 
2.283598e-01 -3.621199e-01 
1.397052e-01 4.845572e-01 
1.048159e-01 5.596927e-01 
-1.649879e-01 4.863864e-02 
-1.392155e-01 -4.272021e-01 
-8.655532e-02 -6.200807e-01 
5.397310e-03 -4.717754e-01 
-1.018392e-02 1.367011e-01 
6.334316e-01 7.831463e-01 
7.075345e-01 1.355762e+00 
6.126915e-01 1.389559e+00 
2.113805e-01 6.813713e-01 
1.592466e-02 7.959670e-02 
1.097916e-03 -2.461708e-01 
3.604588e-02 -1.956820e-01 
-3.462144e-02 4.717180e-01 
-4.757877e-01 1.207072e-01 
3.306702e-01 6.638882e-01 
3.467512e-01 1.010388e+00 
3.885689e-02 6.532892e-01 
-7.378773e-02 2.054758e-01 
-1.021710e-01 -2.275862e-01 
-2.062634e-02 -5.563536e-01 
5.526631e-02 -4.590444e-01 
