poroelastic
-2.070125e-02 -1.373256e-02 
-1.088513e-02 4.362061e-02 
3.262739e-02 1.677938e-01 
5.219709e-02 2.078417e-01 
1.444975e-02 1.095767e-01 
-1.040974e-02 -2.501900e-02 
-1.060095e-02 -1.170409e-01 
-4.001347e-06 -4.505042e-04 
-1.538892e-01 -5.160648e-01 
-1.272963e-01 -2.398884e-01 
-6.990137e-03 8.693350e-02 
1.036942e-01 2.305035e-01 
6.169075e-02 2.024120e-01 
3.478184e-02 1.165482e-01 
2.594481e-02 7.644739e-02 
3.932770e-04 2.389309e-01 
-2.703902e-03 4.941428e-02 
2.120545e-02 1.659128e-01 
7.115758e-02 2.955434e-01 
4.891206e-02 2.741460e-01 
-3.892184e-03 9.621761e-02 
-3.227521e-02 -9.696433e-02 
-2.563700e-02 -2.140091e-01 
4.270227e-04 -1.079898e-01 
-6.369264e-02 -4.456484e-01 
-8.819556e-02 -2.171908e-01 
-4.221441e-03 3.405397e-02 
7.389494e-02 1.554890e-01 
4.390914e-02 1.417843e-01 
2.529240e-02 8.337134e-02 
1.879201e-02 5.656241e-02 
-1.858011e-03 1.778118e-01 
-6.355126e-03 2.449943e-03 
1.254556e-03 8.189414e-02 
5.109172e-02 2.145549e-01 
6.562214e-02 2.576213e-01 
1.836478e-02 1.468371e-01 
-9.740140e-03 -1.921992e-03 
-1.067009e-02 -1.063832e-01 
7.760537e-04 -4.539140e-02 
-1.852065e-01 -3.615032e-01 
-7.807281e-02 -1.376176e-01 
2.341788e-02 1.108326e-01 
9.366500e-02 2.343794e-01 
5.000387e-02 2.081410e-01 
2.106294e-02 1.191009e-01 
7.602769e-03 3.565076e-02 
-1.589490e-03 6.522030e-02 
9.784650e-04 -1.333697e-03 
5.894457e-03 5.329515e-02 
4.269904e-02 1.658451e-01 
4.660110e-02 2.225335e-01 
7.657410e-03 1.326044e-01 
-1.748117e-02 2.595478e-04 
-1.867467e-02 -1.216875e-01 
4.253374e-03 -1.461994e-01 
-4.523544e-01 -3.144289e-01 
-8.604925e-02 -1.351274e-01 
3.903955e-02 1.188962e-01 
1.506595e-01 2.812972e-01 
8.802213e-02 3.118347e-01 
4.988956e-02 2.554313e-01 
1.971666e-02 1.729310e-01 
-5.899165e-03 1.448377e-01 
-9.338458e-03 -2.190110e-02 
3.117517e-03 1.436244e-03 
2.066831e-02 9.499095e-02 
1.974303e-03 1.657805e-01 
-2.354532e-02 7.827043e-02 
-4.175805e-02 -6.042480e-02 
-3.322053e-02 -2.097207e-01 
1.360760e-02 -3.012118e-01 
-5.226324e-01 -1.955264e-01 
-5.540273e-02 -8.389359e-02 
6.275361e-02 1.369652e-01 
1.590879e-01 3.064076e-01 
9.048232e-02 3.459058e-01 
4.709379e-02 2.888485e-01 
1.224544e-02 1.784539e-01 
-4.428712e-03 8.091082e-02 
-1.858967e-02 -5.056071e-02 
-1.368923e-02 -4.959330e-02 
9.917209e-03 4.414000e-02 
1.862607e-02 1.610792e-01 
-4.496502e-03 1.298132e-01 
-2.669065e-02 2.554494e-02 
-2.633055e-02 -1.275813e-01 
1.636601e-02 -2.782226e-01 
-7.843929e-01 -6.756223e-02 
-3.382795e-03 -6.670733e-02 
1.110263e-01 1.717267e-01 
2.143964e-01 3.820978e-01 
1.150310e-01 4.543253e-01 
5.781593e-02 3.953415e-01 
9.509713e-03 2.483355e-01 
-5.652776e-03 7.776594e-02 
-6.182997e-02 -6.693090e-02 
-4.762882e-02 -1.047552e-01 
-4.442776e-02 -3.364245e-02 
-5.545830e-02 9.015467e-02 
-5.656283e-02 4.722556e-02 
-6.674129e-02 -8.337574e-02 
-4.647068e-02 -2.912845e-01 
3.805536e-02 -5.296704e-01 
-9.897515e-01 1.188400e-01 
8.631399e-02 -6.950369e-02 
1.593654e-01 1.676992e-01 
2.416363e-01 4.024402e-01 
1.258452e-01 4.963425e-01 
6.712074e-02 4.536812e-01 
1.162810e-02 3.175772e-01 
-1.278101e-02 1.497499e-01 
-8.515163e-02 -8.991874e-02 
-7.478291e-02 -1.435191e-01 
-6.316356e-02 -7.926159e-02 
-4.849892e-02 5.444284e-02 
-4.337859e-02 4.427134e-02 
-5.047867e-02 -5.230267e-02 
-3.222463e-02 -2.255065e-01 
3.503679e-02 -4.088679e-01 
-1.310670e+00 3.981192e-01 
2.423263e-01 -9.714507e-02 
2.623960e-01 2.040041e-01 
2.966852e-01 5.414870e-01 
1.380012e-01 6.744196e-01 
6.111205e-02 5.967714e-01 
-1.941773e-03 3.528799e-01 
-4.843522e-03 5.174987e-02 
-2.055803e-01 -1.708379e-01 
-1.935638e-01 -3.065993e-01 
-1.631787e-01 -2.167210e-01 
-8.902523e-02 8.394422e-02 
-6.873390e-02 1.352506e-01 
-8.264502e-02 -1.228533e-02 
-5.060640e-02 -3.518268e-01 
7.718228e-02 -8.315348e-01 
-5.560147e-01 3.392699e-01 
8.178429e-02 -1.068400e-02 
1.980881e-01 3.259456e-02 
2.054547e-01 3.240688e-01 
1.011215e-01 4.328578e-01 
4.508161e-02 4.266743e-01 
-7.476129e-03 3.216852e-01 
-1.534516e-02 1.201544e-01 
