poroelastic
3.988069e-02 -1.423496e-01 
4.696337e-03 -3.079569e-01 
-9.782898e-02 -4.512250e-01 
-2.004745e-01 -5.540554e-01 
-1.052046e-01 -5.480970e-01 
-4.441588e-02 -4.482519e-01 
-8.706942e-04 -2.655788e-01 
3.646201e-03 -4.198174e-02 
-4.510516e-01 1.645855e-01 
-4.353513e-02 1.337657e-01 
1.925811e-02 8.289947e-02 
6.125842e-02 4.015714e-02 
4.273759e-02 4.326545e-02 
4.142771e-02 9.068021e-02 
2.708825e-02 2.057626e-01 
-3.288179e-02 3.717281e-01 
-3.186594e-02 -1.896072e-01 
-2.285199e-02 -3.049845e-01 
-9.546226e-02 -3.616784e-01 
-1.626493e-01 -3.991245e-01 
-8.964344e-02 -4.160993e-01 
-4.566799e-02 -3.786584e-01 
-6.982480e-03 -2.813257e-01 
1.250454e-02 -1.380074e-01 
-3.115313e-01 2.716194e-01 
-2.965816e-03 1.434485e-01 
9.110895e-03 1.691558e-02 
2.711730e-02 -4.359099e-02 
2.454058e-02 -2.455989e-02 
2.957810e-02 4.441388e-02 
1.882757e-02 1.587369e-01 
-2.530943e-02 2.756089e-01 
-9.809708e-02 -2.971203e-01 
-8.059585e-02 -4.995990e-01 
-1.560568e-01 -5.888084e-01 
-1.775296e-01 -5.683869e-01 
-8.099556e-02 -4.966159e-01 
-2.646355e-02 -3.640493e-01 
4.826191e-03 -1.771526e-01 
-1.953462e-03 2.080487e-02 
-2.795495e-01 3.457209e-01 
8.889477e-03 1.429748e-01 
3.160985e-03 -2.694297e-02 
2.009085e-02 -8.071752e-02 
2.289494e-02 -4.638836e-02 
3.012709e-02 3.622179e-02 
1.903296e-02 1.597410e-01 
-2.804886e-02 2.914461e-01 
-1.781769e-01 -3.657461e-01 
-1.291789e-01 -6.226517e-01 
-2.009096e-01 -7.153559e-01 
-1.942718e-01 -6.295087e-01 
-8.459053e-02 -4.979503e-01 
-3.112942e-02 -3.368394e-01 
-2.530332e-03 -1.814524e-01 
8.676494e-03 -8.894798e-02 
-3.927813e-01 3.460852e-01 
-1.052490e-02 2.699377e-02 
-7.088957e-04 -1.401894e-01 
6.228841e-02 -8.869471e-02 
5.546020e-02 4.545073e-02 
5.247952e-02 1.913854e-01 
1.917210e-02 3.262202e-01 
-3.895005e-02 3.769830e-01 
-2.553905e-01 -4.521313e-01 
-2.001469e-01 -7.654026e-01 
-2.533351e-01 -8.579342e-01 
-2.061701e-01 -7.132704e-01 
-8.188812e-02 -5.280866e-01 
-2.488182e-02 -3.237004e-01 
-6.170223e-04 -1.427837e-01 
7.059464e-03 -6.719086e-02 
-2.639061e-01 4.284000e-01 
4.568021e-03 3.756449e-02 
-1.321891e-02 -1.771141e-01 
3.621640e-02 -1.243973e-01 
4.027679e-02 1.840578e-02 
3.808979e-02 1.630120e-01 
9.129831e-03 2.643275e-01 
-2.676455e-02 2.442923e-01 
-3.576007e-01 -5.507209e-01 
-2.723865e-01 -9.373188e-01 
-2.982642e-01 -1.018254e+00 
-1.943490e-01 -7.616162e-01 
-6.210921e-02 -4.650390e-01 
-1.481417e-02 -1.992905e-01 
-5.655197e-03 -4.092782e-02 
1.083539e-02 -9.762869e-02 
-4.322776e-01 4.692488e-01 
-7.684690e-03 -9.913596e-02 
1.532917e-03 -2.892558e-01 
9.684707e-02 -9.251434e-02 
7.740102e-02 1.651202e-01 
5.742261e-02 3.615561e-01 
2.279858e-03 4.403356e-01 
-3.579612e-02 2.990579e-01 
-4.786478e-01 -6.456862e-01 
-3.887556e-01 -1.095604e+00 
-3.748027e-01 -1.165113e+00 
-2.207905e-01 -8.307651e-01 
-7.398364e-02 -4.867727e-01 
-2.633686e-02 -2.090513e-01 
-1.375931e-02 -8.856745e-02 
2.889539e-02 -2.444477e-01 
-4.161479e-01 5.992165e-01 
-2.153918e-03 -1.611363e-01 
1.853624e-03 -3.729347e-01 
1.015459e-01 -1.056000e-01 
7.893322e-02 2.096909e-01 
5.234718e-02 4.275928e-01 
-8.080308e-03 4.698035e-01 
-2.893039e-02 2.295747e-01 
-6.249973e-01 -7.899046e-01 
-5.150469e-01 -1.338033e+00 
-4.307389e-01 -1.381219e+00 
-1.875720e-01 -8.665463e-01 
-4.185740e-02 -3.750624e-01 
-1.253354e-02 -3.233916e-02 
-1.977632e-02 5.242064e-02 
2.952643e-02 -2.353111e-01 
-6.165260e-01 6.948928e-01 
1.461585e-02 -3.608071e-01 
6.191123e-02 -4.653079e-01 
1.764638e-01 9.593869e-02 
1.000528e-01 5.337608e-01 
3.832241e-02 7.172418e-01 
-3.489503e-02 5.638453e-01 
8.962978e-04 -6.856413e-03 
-8.341479e-01 -9.490228e-01 
-6.782170e-01 -1.597183e+00 
-4.982981e-01 -1.581678e+00 
-1.588674e-01 -8.311841e-01 
-2.577767e-02 -2.136684e-01 
-2.269685e-02 1.483289e-01 
-3.864056e-02 1.179543e-01 
6.149277e-02 -4.761598e-01 
1.873670e-01 3.885456e-01 
-1.375479e-01 -4.463821e-01 
-1.354776e-01 -8.620352e-01 
3.856441e-02 -5.426911e-01 
7.640279e-02 -9.854905e-02 
6.435450e-02 3.258204e-01 
-2.014192e-02 5.874222e-01 
-6.441333e-02 4.216460e-01 
