poroelastic
2.180524e-02 -8.530722e-02 
1.590902e-02 -1.500233e-01 
-8.174436e-03 -2.120238e-01 
-4.059541e-02 -2.559065e-01 
-2.266546e-02 -2.281649e-01 
-1.082563e-02 -1.573584e-01 
-3.114110e-03 -6.653390e-02 
-5.852961e-04 5.467146e-03 
-1.658818e-03 5.280778e-02 
-3.242793e-03 7.267926e-02 
-2.540754e-03 4.923149e-02 
2.675476e-03 -1.605082e-02 
2.518494e-03 -4.815678e-02 
1.993848e-03 -5.579811e-02 
1.091426e-03 -3.612510e-02 
1.500105e-04 -1.427539e-02 
-1.175085e-04 -5.432136e-02 
3.710940e-02 2.989321e-01 
2.671851e-02 1.670065e-01 
7.869704e-03 -2.764862e-03 
-3.022746e-02 -1.784252e-01 
-2.130104e-02 -2.425502e-01 
-9.526745e-03 -2.269041e-01 
3.502715e-03 -1.318647e-01 
2.011565e-03 6.476382e-03 
-9.208228e-04 9.013364e-02 
-3.059024e-03 1.203707e-01 
-3.096237e-03 8.484819e-02 
1.060078e-03 -7.058551e-03 
1.707126e-03 -5.508837e-02 
1.027028e-03 -6.462224e-02 
-2.639006e-04 -2.787292e-02 
-1.561459e-04 3.131276e-02 
3.836920e-05 2.868441e-02 
6.270150e-02 6.568739e-01 
6.261535e-02 3.982510e-01 
1.787317e-02 3.785060e-02 
-5.777380e-02 -3.116354e-01 
-4.208427e-02 -4.467242e-01 
-2.110781e-02 -4.307721e-01 
2.687022e-03 -2.562458e-01 
2.298941e-03 2.317012e-02 
-3.064620e-03 1.787361e-01 
-7.070250e-03 2.308019e-01 
-6.535670e-03 1.628483e-01 
3.317835e-03 -1.099298e-02 
4.441932e-03 -1.101613e-01 
3.408582e-03 -1.448292e-01 
8.715012e-04 -1.062729e-01 
-1.552890e-04 -7.243992e-03 
5.506653e-05 5.089305e-02 
-4.148629e-01 8.404411e-01 
4.920302e-02 6.540030e-01 
2.771169e-02 2.712185e-01 
-2.935714e-02 -1.219121e-01 
-2.609030e-02 -2.908386e-01 
-1.393661e-02 -3.131891e-01 
2.110234e-03 -2.048947e-01 
2.251870e-03 -1.300859e-02 
-1.689234e-03 1.082930e-01 
-4.792084e-03 1.653068e-01 
-5.118111e-03 1.355271e-01 
1.591889e-03 1.212479e-02 
2.760416e-03 -6.339531e-02 
2.270690e-03 -9.912647e-02 
5.355775e-04 -8.759725e-02 
-1.355412e-04 -1.695670e-02 
1.060701e-04 5.831933e-02 
-9.888272e-01 -6.435809e-01 
-1.934099e-01 -9.148054e-01 
-8.286586e-02 -7.709893e-01 
-4.113935e-02 -4.470272e-01 
-8.262747e-03 -1.652281e-01 
1.536186e-03 4.379660e-02 
-2.035602e-03 1.314183e-01 
-2.098295e-03 4.593457e-02 
-5.691218e-04 -7.232395e-03 
1.456618e-04 -2.941175e-02 
6.840875e-04 -2.801082e-02 
1.349595e-03 -1.218767e-02 
7.284667e-04 -1.074039e-03 
7.219780e-04 4.638193e-03 
9.687741e-04 6.119228e-03 
1.582314e-04 -1.599175e-02 
-4.968904e-05 -9.387032e-02 
-5.518840e-01 -6.929226e-01 
-1.230619e-01 -8.094695e-01 
-6.574168e-02 -6.368746e-01 
-1.500681e-02 -2.791938e-01 
3.774728e-03 -9.465648e-03 
5.207575e-03 1.568138e-01 
-2.666286e-03 1.789766e-01 
-1.454997e-03 2.943073e-02 
1.349431e-03 -5.839970e-02 
2.762021e-03 -9.139111e-02 
2.144986e-03 -6.470943e-02 
-8.022842e-04 1.095564e-02 
-1.231933e-03 5.248655e-02 
-6.034809e-04 6.662880e-02 
5.743177e-04 4.983225e-02 
7.882207e-05 -1.416688e-02 
2.264958e-05 -1.065021e-01 
-2.238865e-01 -5.281213e-01 
-9.991935e-02 -6.993805e-01 
-7.272253e-02 -6.385454e-01 
-2.239440e-02 -3.417638e-01 
-8.455916e-04 -9.383550e-02 
3.476055e-03 8.377333e-02 
-1.959803e-03 1.468309e-01 
-1.831588e-03 5.396444e-02 
-1.484495e-04 -2.847277e-03 
7.180566e-04 -2.969062e-02 
9.967279e-04 -2.726400e-02 
5.692228e-04 -8.328242e-05 
1.705654e-04 1.473150e-02 
4.033035e-04 1.759835e-02 
7.724266e-04 8.269639e-03 
1.304956e-04 -2.418877e-02 
1.393063e-04 -8.577449e-02 
7.450365e-02 -6.979982e-02 
-5.100387e-02 -3.537370e-01 
-5.556027e-02 -4.576860e-01 
-2.108302e-02 -3.032173e-01 
-2.156709e-03 -1.358594e-01 
4.084931e-03 6.538287e-03 
1.578497e-03 8.888744e-02 
-1.861906e-03 6.266718e-02 
-1.263824e-03 3.847454e-02 
-6.427712e-04 1.809424e-02 
5.466960e-05 2.216417e-03 
5.114724e-04 -5.516970e-03 
3.963742e-04 -8.061712e-03 
2.972253e-04 -5.431964e-03 
2.122877e-04 4.482570e-03 
3.865350e-05 4.105551e-03 
9.261234e-05 -3.894745e-02 
7.266077e-02 5.495074e-01 
-1.212770e-03 6.415066e-02 
-3.764332e-02 -2.485165e-01 
-2.421947e-02 -2.807430e-01 
-7.149287e-03 -2.084447e-01 
2.345722e-03 -1.004223e-01 
4.521671e-03 1.786081e-02 
-2.324091e-03 8.431029e-02 
-3.296502e-03 1.027158e-01 
-3.012606e-03 8.989041e-02 
-1.028437e-03 4.264426e-02 
1.689901e-03 -2.584174e-02 
1.752497e-03 -5.952864e-02 
1.172718e-03 -6.280980e-02 
1.831864e-04 -3.075314e-02 
-1.016641e-04 1.536162e-02 
-4.260317e-05 1.224394e-02 
-2.496797e-01 1.060642e+00 
5.360866e-02 5.035507e-01 
-1.711085e-02 1.321376e-02 
-2.604989e-02 -2.217298e-01 
-1.192861e-02 -2.707700e-01 
3.471212e-04 -2.161071e-01 
7.348980e-03 -7.468406e-02 
-2.469109e-03 7.551657e-02 
-5.265286e-03 1.460478e-01 
-5.543302e-03 1.579657e-01 
-2.625127e-03 1.008186e-01 
1.971872e-03 -1.253987e-02 
2.602765e-03 -7.626772e-02 
2.166268e-03 -9.958133e-02 
7.862268e-04 -7.453598e-02 
-2.311934e-05 -6.216816e-03 
-1.382917e-04 3.294414e-02 
