poroelastic
4.727265e-02 -7.655724e-02 
3.778009e-02 -1.229430e-01 
2.963896e-03 -1.364591e-01 
-7.277189e-02 -1.711346e-01 
-5.202940e-02 -2.053896e-01 
-3.422480e-02 -2.087189e-01 
-1.177093e-02 -1.924039e-01 
6.065637e-03 -9.475985e-02 
7.033260e-04 3.552546e-02 
-1.308019e-02 1.283595e-01 
-2.259118e-02 1.366456e-01 
4.361843e-03 5.479624e-03 
1.151758e-02 -6.927863e-02 
9.803045e-03 -8.389576e-02 
3.467701e-03 -4.594762e-02 
-5.702712e-04 1.284055e-02 
2.019310e-04 -5.336413e-03 
2.748089e-02 -3.449997e-02 
8.408105e-03 3.386364e-03 
2.379709e-02 8.498292e-02 
-4.012785e-03 5.357469e-02 
-2.034602e-02 -6.419406e-02 
-2.211951e-02 -1.709487e-01 
-1.207071e-04 -2.143099e-01 
1.421657e-02 -1.078467e-01 
5.761811e-03 3.700338e-02 
-9.449908e-03 1.496870e-01 
-2.312253e-02 1.731548e-01 
-3.097554e-03 3.809674e-02 
7.779361e-03 -5.304559e-02 
8.916471e-03 -9.150561e-02 
2.443528e-03 -6.441479e-02 
-2.877342e-03 3.886221e-02 
-2.589327e-03 6.158466e-02 
3.379058e-01 5.439178e-02 
6.706972e-02 -3.139958e-02 
1.159441e-02 -1.031217e-01 
-9.096117e-02 -2.015386e-01 
-7.296181e-02 -3.127082e-01 
-4.458147e-02 -3.525487e-01 
1.536084e-03 -2.832274e-01 
1.469308e-02 -6.296261e-02 
-2.314855e-03 1.281272e-01 
-2.325743e-02 2.391450e-01 
-3.436310e-02 2.178350e-01 
3.826129e-03 1.551745e-02 
1.825270e-02 -1.176521e-01 
1.896129e-02 -1.694326e-01 
7.748554e-03 -1.196079e-01 
-3.294210e-03 3.183899e-02 
-4.125514e-03 8.418678e-02 
2.387637e-01 2.376132e-01 
7.300781e-02 9.571005e-02 
9.137325e-03 -5.718274e-02 
-7.935674e-02 -1.976778e-01 
-5.858831e-02 -2.776369e-01 
-3.077671e-02 -2.815914e-01 
6.793614e-03 -2.166088e-01 
1.529307e-02 -6.878374e-02 
1.759588e-03 8.089095e-02 
-1.498447e-02 1.845034e-01 
-2.676193e-02 1.898395e-01 
-1.656435e-03 3.410775e-02 
1.185766e-02 -8.038460e-02 
1.384722e-02 -1.313355e-01 
5.141243e-03 -9.540482e-02 
-4.129519e-03 4.055602e-02 
-5.009421e-03 9.791186e-02 
-7.328655e-01 -4.190741e-01 
-2.257260e-01 -8.011959e-01 
-1.548377e-01 -7.300859e-01 
-9.836839e-02 -4.372898e-01 
-1.880531e-02 -1.735683e-01 
1.039405e-02 2.746760e-02 
7.850896e-03 1.134068e-01 
-7.359388e-04 2.893224e-02 
-1.873115e-04 1.123638e-03 
-1.481178e-03 1.142442e-02 
-4.606742e-03 2.832280e-02 
7.169982e-04 3.235947e-04 
4.300823e-03 -3.162030e-02 
4.274057e-03 -4.188604e-02 
3.063448e-04 -1.399213e-02 
-3.421806e-03 4.826424e-02 
2.997768e-04 -5.179138e-03 
-5.510561e-01 -5.582099e-01 
-2.156441e-01 -8.445252e-01 
-1.721106e-01 -7.491539e-01 
-6.267106e-02 -3.885806e-01 
3.966566e-03 -9.382116e-02 
2.200749e-02 1.070824e-01 
1.058087e-02 1.744358e-01 
-7.317627e-04 4.265583e-02 
2.568967e-03 -2.214046e-02 
5.266444e-03 -3.460189e-02 
3.541813e-03 -1.217011e-02 
-3.264556e-03 1.389362e-02 
-2.922322e-03 1.627863e-02 
-2.607504e-03 1.714081e-02 
-3.054643e-03 2.881981e-02 
-2.755463e-03 4.277869e-02 
1.787137e-03 -2.953144e-02 
-3.059472e-01 -6.373127e-01 
-2.412148e-01 -9.582573e-01 
-2.094317e-01 -9.073381e-01 
-5.638448e-02 -4.495250e-01 
1.804913e-02 -4.733288e-02 
3.262351e-02 2.296391e-01 
6.211598e-03 3.045693e-01 
-7.788309e-03 9.394730e-02 
6.526975e-04 -3.539026e-02 
8.548120e-03 -8.942287e-02 
1.052729e-02 -7.445308e-02 
4.502225e-04 -1.269354e-02 
-3.421407e-03 2.016909e-02 
-4.778749e-03 3.827350e-02 
-4.511379e-03 4.985848e-02 
-2.333083e-03 3.923485e-02 
3.817796e-03 -5.830752e-02 
3.913047e-02 -4.887723e-01 
-2.233438e-01 -8.660103e-01 
-2.176738e-01 -9.132500e-01 
-5.737719e-02 -4.803334e-01 
1.771163e-02 -9.104014e-02 
3.518224e-02 1.929417e-01 
1.102148e-02 3.016708e-01 
-8.121878e-03 1.325464e-01 
-2.369746e-03 1.513874e-02 
4.866153e-03 -5.105589e-02 
8.436292e-03 -6.214184e-02 
2.127792e-03 -2.270310e-02 
-4.120000e-04 -3.890846e-03 
-2.286476e-03 1.233977e-02 
-4.339719e-03 3.764427e-02 
-4.040649e-03 5.315900e-02 
1.632540e-03 -2.364719e-02 
2.772396e-01 -3.278755e-02 
-1.602302e-01 -5.952812e-01 
-1.861848e-01 -8.001058e-01 
-4.255128e-02 -4.250769e-01 
2.424060e-02 -3.712919e-02 
3.605065e-02 2.543111e-01 
4.053475e-03 3.494612e-01 
-1.150359e-02 1.361326e-01 
-1.080823e-03 -1.761896e-02 
9.496620e-03 -1.038784e-01 
1.470492e-02 -1.126259e-01 
4.548886e-03 -4.282965e-02 
-2.129686e-03 8.882661e-03 
-6.020740e-03 4.574065e-02 
-7.310258e-03 7.004922e-02 
-4.067238e-03 5.497626e-02 
4.465659e-03 -5.947218e-02 
3.783154e-01 5.340185e-01 
-5.404184e-02 -2.106601e-01 
-1.884670e-01 -6.658491e-01 
-9.583025e-02 -5.579527e-01 
-1.369198e-02 -3.355371e-01 
2.871949e-02 -7.297007e-02 
3.066592e-02 1.715269e-01 
-9.769990e-03 2.147741e-01 
-1.636261e-02 1.841046e-01 
-1.324428e-02 1.108295e-01 
-3.363147e-03 1.357521e-02 
9.178361e-03 -6.549908e-02 
1.283692e-02 -1.038188e-01 
1.013953e-02 -9.359120e-02 
-8.737200e-05 -1.930403e-02 
-9.903505e-03 9.055893e-02 
-5.671315e-03 6.835989e-02 
