poroelastic
6.846055e-03 5.669645e-02 
1.160760e-02 6.502870e-02 
7.478518e-03 3.235063e-02 
-1.106171e-02 -6.250298e-03 
-9.094304e-03 -3.538181e-02 
-8.148616e-03 -5.643255e-02 
-5.670029e-03 -5.903104e-02 
2.353671e-04 -4.735020e-02 
1.391935e-03 -3.992292e-02 
1.184524e-03 -2.529752e-02 
-3.920265e-04 4.107942e-03 
-2.145797e-03 4.525505e-02 
-1.609072e-03 5.575564e-02 
5.809765e-04 3.787126e-02 
2.860879e-03 -1.171102e-02 
1.325784e-03 -7.098032e-02 
7.187505e-04 -8.028002e-02 
9.422045e-02 -6.753532e-02 
1.039205e-02 -6.254359e-02 
-1.978834e-03 -8.628735e-02 
-1.812328e-02 -9.231820e-02 
-9.369736e-03 -7.383793e-02 
-5.483296e-03 -5.035167e-02 
-3.492521e-03 -2.938359e-02 
-1.236011e-04 -2.256047e-02 
8.439444e-04 -2.552302e-02 
1.061843e-03 -2.189282e-02 
9.263866e-05 -2.203938e-03 
-1.674583e-03 3.306203e-02 
-1.584851e-03 4.669546e-02 
-2.048074e-05 3.633839e-02 
2.091568e-03 -5.037978e-03 
1.297755e-03 -5.931405e-02 
6.310191e-04 -6.234963e-02 
7.812563e-02 -7.398084e-02 
8.174871e-03 8.858887e-03 
6.765599e-03 3.643673e-02 
-7.430621e-03 1.470286e-02 
-6.768527e-03 -1.556816e-03 
-7.649382e-03 -2.157052e-02 
-7.192428e-03 -4.559506e-02 
7.784012e-04 -6.562852e-02 
3.132744e-03 -7.258076e-02 
3.418385e-03 -5.740542e-02 
9.152524e-04 -1.130289e-02 
-3.660803e-03 5.617381e-02 
-3.606734e-03 8.251484e-02 
-1.176258e-03 6.779462e-02 
2.566202e-03 4.048364e-03 
2.219372e-03 -8.223822e-02 
1.107568e-03 -9.179601e-02 
2.802181e-01 -1.112756e-01 
2.376101e-02 -6.813466e-02 
-8.098319e-04 -4.332202e-02 
-1.949969e-02 -6.932676e-02 
-1.224023e-02 -8.712305e-02 
-8.089519e-03 -9.320001e-02 
-3.659555e-03 -8.090325e-02 
1.227209e-03 -4.933330e-02 
1.482367e-03 -3.192328e-02 
8.472968e-04 -1.412232e-02 
-8.338696e-04 1.256479e-02 
-2.566195e-03 4.722668e-02 
-2.244992e-03 6.048270e-02 
-3.752404e-04 4.656098e-02 
2.477999e-03 -2.535085e-03 
2.033410e-03 -7.231112e-02 
1.060583e-03 -8.501477e-02 
2.085856e-01 3.985525e-01 
4.807532e-02 4.782482e-01 
2.018242e-02 3.019184e-01 
-2.558432e-02 -1.519395e-02 
-2.181889e-02 -2.208657e-01 
-1.113914e-02 -3.118713e-01 
4.645760e-03 -2.566897e-01 
3.840080e-03 -5.419608e-02 
-2.714593e-03 6.720802e-02 
-7.198299e-03 1.242693e-01 
-7.837670e-03 1.149098e-01 
-4.988039e-04 4.278126e-02 
2.072548e-03 -5.682626e-03 
3.377482e-03 -4.163644e-02 
3.434351e-03 -6.857241e-02 
1.436304e-03 -6.711680e-02 
1.107185e-04 -7.799842e-03 
4.465555e-02 3.554454e-01 
2.424255e-02 3.363304e-01 
-9.629354e-03 1.543124e-01 
-3.153279e-02 -1.308164e-01 
-1.908174e-02 -2.932806e-01 
-5.823526e-03 -3.407170e-01 
8.259043e-03 -2.433928e-01 
2.479926e-03 -1.699118e-02 
-5.505379e-03 1.146161e-01 
-1.030175e-02 1.688403e-01 
-8.966515e-03 1.338808e-01 
1.908295e-03 1.917881e-02 
4.497415e-03 -4.863264e-02 
4.826166e-03 -8.300526e-02 
3.098999e-03 -8.208112e-02 
7.154884e-04 -4.128896e-02 
-1.137236e-04 8.483227e-03 
2.789947e-02 2.404621e-01 
2.039879e-02 2.682820e-01 
-1.009537e-02 1.450419e-01 
-2.261427e-02 -9.800074e-02 
-1.335191e-02 -2.409142e-01 
-2.864963e-03 -2.854458e-01 
7.920227e-03 -2.009556e-01 
1.866998e-03 -8.894043e-03 
-4.802321e-03 1.008624e-01 
-8.603877e-03 1.438441e-01 
-7.034250e-03 1.087923e-01 
1.582434e-03 1.120962e-02 
3.531392e-03 -4.244661e-02 
3.606477e-03 -6.607589e-02 
2.092678e-03 -5.883549e-02 
4.149392e-04 -2.428959e-02 
-9.180607e-05 6.632345e-03 
3.171797e-02 2.498457e-02 
2.117775e-03 1.204085e-01 
-1.752746e-02 7.085733e-02 
-2.239268e-02 -1.056582e-01 
-1.249371e-02 -2.075589e-01 
-3.493260e-03 -2.377028e-01 
5.503837e-03 -1.707803e-01 
1.751166e-03 -2.064043e-02 
-3.652162e-03 7.115268e-02 
-7.069203e-03 1.134831e-01 
-6.005622e-03 9.357387e-02 
9.888873e-04 2.146178e-02 
2.726324e-03 -2.202006e-02 
3.325351e-03 -4.719763e-02 
2.659708e-03 -5.392244e-02 
9.388550e-04 -4.281922e-02 
3.846719e-04 -2.751506e-02 
1.026917e-01 -2.386485e-01 
-1.224001e-02 -5.061726e-02 
-1.058402e-02 6.454004e-03 
-1.080074e-02 -6.640938e-02 
-5.588893e-03 -1.078241e-01 
-1.016394e-03 -1.159603e-01 
3.300904e-03 -7.854204e-02 
6.955396e-04 -3.156198e-03 
-1.927133e-03 3.952393e-02 
-3.329917e-03 5.598955e-02 
-2.659998e-03 4.204301e-02 
3.369340e-04 7.487206e-03 
1.032160e-03 -9.753579e-03 
1.199817e-03 -1.775639e-02 
9.683829e-04 -1.933152e-02 
3.989772e-04 -1.686643e-02 
1.276862e-04 -8.234646e-03 
3.287260e-01 -4.271210e-01 
-2.282920e-02 -2.077003e-01 
-2.273842e-02 -6.879195e-02 
-1.400933e-02 -6.085387e-02 
-7.478840e-03 -6.981399e-02 
-4.712633e-03 -8.278918e-02 
-1.074590e-03 -8.359361e-02 
2.413833e-03 -5.394270e-02 
1.197386e-03 -2.241451e-02 
-6.606741e-04 9.213561e-03 
-2.049475e-03 3.220675e-02 
-1.398031e-03 3.766870e-02 
-8.782065e-04 3.611542e-02 
3.678241e-04 2.250380e-02 
2.104847e-03 -8.013731e-03 
1.931714e-03 -5.526355e-02 
1.605379e-03 -9.150185e-02 
