poroelastic
2.298552e-03 2.474084e-03 
2.499997e-03 -4.803509e-03 
3.665568e-04 -2.636366e-02 
-3.212033e-03 -4.498020e-02 
-1.297964e-03 -3.403154e-02 
-3.742864e-04 -1.758565e-02 
-2.407382e-04 2.970739e-03 
-5.350168e-04 1.834121e-02 
-6.464581e-04 1.975681e-02 
-7.110093e-04 1.779258e-02 
-2.080300e-04 9.755876e-03 
8.063350e-04 -3.551954e-03 
6.878266e-04 -1.214421e-02 
6.021022e-04 -1.741416e-02 
3.392873e-04 -2.060183e-02 
-4.485736e-05 -1.919375e-02 
-1.862733e-05 -4.898171e-03 
-3.142527e-02 1.175710e-01 
1.985880e-03 1.116585e-01 
3.218200e-03 5.980068e-02 
-2.422220e-03 -2.250747e-02 
-1.635813e-03 -4.604892e-02 
-2.668578e-04 -4.326824e-02 
7.929501e-04 -1.982434e-02 
-1.347769e-04 1.016351e-02 
-5.282517e-04 2.044363e-02 
-6.545969e-04 2.172127e-02 
-3.768814e-04 1.347990e-02 
2.748970e-04 -1.558654e-03 
3.266249e-04 -1.074650e-02 
2.403061e-04 -1.669234e-02 
-2.589792e-05 -2.095101e-02 
-7.813737e-05 -1.135066e-02 
9.953901e-05 3.290302e-02 
-1.318587e-01 2.429712e-01 
2.653244e-03 2.545722e-01 
7.940301e-03 1.615051e-01 
-4.701499e-03 -1.177498e-02 
-4.161853e-03 -9.158681e-02 
-1.449351e-03 -1.172891e-01 
2.074754e-03 -9.245710e-02 
1.074806e-03 -2.922699e-02 
-1.087992e-04 9.956263e-03 
-8.619155e-04 3.412832e-02 
-1.368922e-03 4.329134e-02 
-9.251161e-04 3.358433e-02 
-2.741270e-04 2.093284e-02 
1.757200e-04 1.566656e-03 
2.528488e-04 -2.710084e-02 
-7.550166e-05 -3.508120e-02 
7.585748e-05 3.236796e-02 
-2.515743e-01 2.304895e-01 
-1.146353e-02 2.434755e-01 
5.637311e-03 1.577471e-01 
-2.596638e-04 1.670939e-02 
-8.576446e-04 -4.846080e-02 
6.695660e-04 -6.517971e-02 
2.345705e-03 -4.361151e-02 
2.393435e-04 -1.720518e-04 
-6.573214e-04 2.405711e-02 
-9.548204e-04 3.294880e-02 
-8.791514e-04 2.673058e-02 
-3.600270e-04 7.257486e-03 
-5.610712e-05 -3.732026e-03 
-4.455900e-05 -1.196746e-02 
-2.722486e-04 -1.888530e-02 
-1.294273e-04 -6.002735e-03 
1.053434e-04 5.988904e-02 
-2.498099e-01 -8.018660e-02 
-3.086092e-02 -7.287209e-02 
-1.152112e-02 -9.967628e-02 
-9.309645e-03 -1.610939e-01 
-2.862959e-03 -1.814967e-01 
9.559236e-04 -1.535276e-01 
2.605206e-03 -7.206107e-02 
-9.253290e-04 2.978175e-02 
-2.726895e-03 8.708391e-02 
-3.053320e-03 1.019659e-01 
-1.258787e-03 6.385744e-02 
1.718036e-03 -1.783049e-02 
1.744348e-03 -6.152550e-02 
1.248211e-03 -7.798784e-02 
2.637334e-04 -6.321112e-02 
-5.087479e-05 -1.089960e-02 
1.972600e-05 4.515413e-02 
-2.034317e-01 -1.639474e-01 
-2.801433e-02 -2.210860e-01 
-1.574247e-02 -2.313048e-01 
-3.833324e-03 -1.890489e-01 
9.386830e-04 -1.392479e-01 
2.786658e-03 -7.716682e-02 
1.985384e-03 -1.293031e-03 
-2.251464e-03 6.050150e-02 
-3.032246e-03 8.939171e-02 
-2.628894e-03 8.528547e-02 
-6.633915e-04 3.979426e-02 
1.412509e-03 -3.100994e-02 
1.240702e-03 -6.319415e-02 
5.172709e-04 -6.277566e-02 
-3.186217e-04 -2.472276e-02 
1.381388e-06 3.067014e-02 
2.836201e-05 3.868313e-02 
-5.450255e-02 -1.161207e-01 
-1.578972e-02 -1.537853e-01 
-1.079180e-02 -1.604750e-01 
-2.048249e-03 -1.229581e-01 
6.798487e-04 -7.686113e-02 
1.365675e-03 -3.249840e-02 
4.438517e-04 1.238598e-02 
-1.674911e-03 4.556576e-02 
-1.727049e-03 5.271512e-02 
-1.172229e-03 4.138665e-02 
1.104565e-04 1.139028e-02 
1.048051e-03 -2.631269e-02 
8.121649e-04 -4.213892e-02 
3.229776e-04 -3.610748e-02 
-1.319421e-04 -8.428884e-03 
-5.944306e-06 1.839406e-02 
8.595035e-07 1.105852e-02 
2.011769e-02 -2.952827e-02 
-8.376984e-03 -8.645817e-02 
-6.942790e-03 -1.109664e-01 
-1.252272e-03 -9.639210e-02 
1.008254e-03 -6.605385e-02 
1.744335e-03 -2.667683e-02 
5.869581e-04 1.869888e-02 
-1.938309e-03 4.784233e-02 
-2.036606e-03 5.818910e-02 
-1.568090e-03 5.265201e-02 
-1.737468e-04 2.451131e-02 
9.568443e-04 -1.720221e-02 
8.577621e-04 -3.641199e-02 
5.185961e-04 -3.856747e-02 
4.460570e-05 -2.244117e-02 
-1.568371e-05 3.546463e-03 
-3.876725e-06 1.546302e-02 
-1.536494e-02 1.180366e-01 
2.434992e-03 6.495122e-02 
-2.132487e-03 6.939574e-03 
-1.477594e-03 -5.013451e-02 
3.080009e-04 -6.560508e-02 
1.639937e-03 -5.438950e-02 
1.926208e-03 -2.510107e-02 
-2.691068e-04 6.450019e-04 
-8.352175e-04 1.831214e-02 
-9.976628e-04 2.588770e-02 
-8.511021e-04 2.123501e-02 
-3.934353e-04 9.101937e-03 
-1.843094e-04 4.491227e-03 
-1.194216e-04 9.522455e-05 
-1.272573e-04 -4.055606e-03 
-3.592549e-05 1.970330e-03 
-3.148648e-05 2.524482e-02 
-4.845055e-02 1.718398e-01 
3.996211e-03 8.741982e-02 
-2.870604e-03 7.922277e-03 
-1.659850e-03 -4.708183e-02 
2.387443e-04 -5.692416e-02 
1.526278e-03 -5.187564e-02 
2.230781e-03 -3.648669e-02 
2.270471e-04 -1.447679e-02 
-3.983740e-04 1.349545e-03 
-7.742760e-04 1.220909e-02 
-1.098781e-03 1.939132e-02 
-8.176452e-04 2.174054e-02 
-5.162393e-04 2.178351e-02 
-3.032722e-04 1.811477e-02 
-8.675613e-05 8.857379e-03 
4.997867e-06 -2.162103e-03 
-5.548321e-06 2.297760e-03 
