poroelastic
4.896590e-02 -7.169246e-02 
3.986536e-02 -1.584521e-01 
-1.539138e-02 -2.740248e-01 
-9.541531e-02 -3.799895e-01 
-5.194705e-02 -3.598184e-01 
-2.318443e-02 -2.684753e-01 
-3.066172e-03 -1.400308e-01 
6.618668e-04 -1.204771e-02 
-5.369272e-03 7.269289e-02 
-1.161248e-02 1.094624e-01 
-1.022553e-02 7.841752e-02 
7.479208e-03 -2.560527e-02 
8.709697e-03 -7.341117e-02 
6.810560e-03 -7.968885e-02 
2.990384e-03 -4.875047e-02 
2.884472e-04 -5.485146e-03 
3.448526e-04 -1.781156e-02 
1.001728e-01 2.505416e-01 
4.556706e-02 1.370244e-01 
1.078691e-02 -2.484782e-02 
-6.166588e-02 -2.250580e-01 
-4.075323e-02 -3.074791e-01 
-1.677106e-02 -2.930289e-01 
9.072057e-03 -1.824995e-01 
5.898346e-03 -1.027035e-02 
-4.382828e-03 1.075255e-01 
-1.286271e-02 1.631149e-01 
-1.383961e-02 1.300942e-01 
3.304685e-03 -1.538987e-03 
7.740315e-03 -7.656724e-02 
6.720378e-03 -1.005872e-01 
1.585526e-03 -6.306491e-02 
-1.200812e-03 2.403924e-02 
-1.143351e-03 5.353354e-02 
1.995598e-01 5.998450e-01 
1.002298e-01 3.652096e-01 
2.646954e-02 8.466466e-03 
-1.100514e-01 -3.679908e-01 
-7.462650e-02 -5.205514e-01 
-3.367596e-02 -5.006771e-01 
9.740078e-03 -3.094635e-01 
6.801792e-03 -5.719123e-03 
-9.328204e-03 1.775977e-01 
-2.174070e-02 2.520025e-01 
-2.155262e-02 1.906234e-01 
6.769562e-03 -7.410911e-03 
1.334822e-02 -1.201710e-01 
1.246802e-02 -1.618856e-01 
5.430807e-03 -1.249621e-01 
-6.035525e-04 -7.458059e-03 
-2.027173e-03 8.285649e-02 
-9.698421e-02 8.032372e-01 
9.933852e-02 5.270338e-01 
2.581125e-02 1.049359e-01 
-8.365418e-02 -2.980577e-01 
-5.594513e-02 -4.389179e-01 
-2.194263e-02 -4.161773e-01 
1.408560e-02 -2.619101e-01 
9.516052e-03 -2.741030e-02 
-4.806414e-03 1.307138e-01 
-1.584383e-02 2.102585e-01 
-1.856972e-02 1.804917e-01 
1.192005e-03 2.009686e-02 
8.267069e-03 -7.916238e-02 
8.436887e-03 -1.212786e-01 
2.966957e-03 -9.603369e-02 
-1.393237e-03 8.996138e-03 
-2.598457e-03 1.052086e-01 
-1.182700e+00 -5.449045e-01 
-2.623340e-01 -9.976946e-01 
-1.526523e-01 -9.739312e-01 
-1.161660e-01 -6.985753e-01 
-3.411565e-02 -3.828966e-01 
-2.239317e-03 -1.060492e-01 
1.145910e-03 7.087660e-02 
-4.244438e-03 7.011516e-02 
-5.909352e-03 6.595359e-02 
-7.401799e-03 5.988589e-02 
-5.508748e-03 3.297562e-02 
6.521648e-03 -3.233616e-02 
7.296773e-03 -6.543797e-02 
5.655933e-03 -6.651244e-02 
2.324874e-03 -3.139926e-02 
-1.459244e-04 1.427280e-02 
1.110684e-03 -4.014936e-02 
-7.828490e-01 -7.210880e-01 
-2.127558e-01 -1.031129e+00 
-1.566454e-01 -9.474337e-01 
-6.502563e-02 -5.626452e-01 
-6.094725e-03 -2.155746e-01 
1.031144e-02 4.413085e-02 
2.957820e-03 1.653698e-01 
-4.035659e-03 7.789581e-02 
-2.064615e-03 2.379208e-02 
-1.327801e-04 -4.094313e-03 
1.214272e-03 -1.481143e-02 
1.759415e-03 -1.700803e-02 
9.598360e-04 -1.317507e-02 
-2.247228e-04 1.115597e-03 
-1.250553e-03 2.954957e-02 
-9.081200e-04 3.816985e-02 
1.618921e-03 -5.798725e-02 
-3.396691e-01 -6.491210e-01 
-1.899815e-01 -9.579018e-01 
-1.646607e-01 -9.495664e-01 
-6.366248e-02 -5.814812e-01 
-6.151845e-03 -2.266145e-01 
9.342288e-03 4.942029e-02 
2.242210e-04 1.831474e-01 
-6.365959e-03 1.000470e-01 
-4.108017e-03 4.102273e-02 
-1.797914e-03 3.504337e-03 
8.373437e-04 -1.671811e-02 
3.509279e-03 -2.240023e-02 
2.358082e-03 -1.925548e-02 
1.279618e-03 -7.495172e-03 
4.462478e-04 1.394595e-02 
1.420721e-04 1.232960e-02 
2.367486e-03 -7.881907e-02 
9.866637e-02 -2.926721e-01 
-1.305243e-01 -6.527125e-01 
-1.379224e-01 -7.732248e-01 
-5.413948e-02 -5.216918e-01 
-4.098024e-03 -2.380471e-01 
1.231116e-02 6.641810e-03 
6.020183e-03 1.532801e-01 
-5.821839e-03 1.162453e-01 
-6.166036e-03 8.069297e-02 
-4.831139e-03 4.695894e-02 
-1.547925e-03 1.111502e-02 
3.393603e-03 -2.295484e-02 
3.605214e-03 -3.836726e-02 
2.381911e-03 -3.346401e-02 
6.244538e-05 -1.841900e-03 
-9.092683e-04 2.845940e-02 
8.148509e-04 -2.606173e-02 
2.447659e-01 3.399980e-01 
-5.024275e-02 -1.922227e-01 
-9.835557e-02 -5.075635e-01 
-5.085008e-02 -4.419270e-01 
-8.908838e-03 -2.571362e-01 
8.942296e-03 -5.623589e-02 
7.679783e-03 9.897608e-02 
-5.064152e-03 1.106004e-01 
-7.101643e-03 9.617033e-02 
-6.540760e-03 6.743060e-02 
-2.712645e-03 2.220090e-02 
4.070377e-03 -2.877266e-02 
4.536065e-03 -4.894231e-02 
3.209548e-03 -4.499369e-02 
4.863964e-04 -1.351586e-02 
-1.002413e-03 2.424107e-02 
1.731299e-04 -5.046034e-03 
7.305899e-02 9.271270e-01 
4.100883e-02 2.663634e-01 
-7.378353e-02 -2.610252e-01 
-6.317477e-02 -4.361498e-01 
-2.047774e-02 -3.888721e-01 
7.504023e-03 -2.378541e-01 
1.915832e-02 -2.652713e-02 
-3.712140e-03 1.213611e-01 
-1.314340e-02 1.822329e-01 
-1.621785e-02 1.800187e-01 
-1.119181e-02 1.080533e-01 
4.302091e-03 -1.820052e-02 
8.838854e-03 -9.073071e-02 
8.446300e-03 -1.129819e-01 
3.296298e-03 -7.264116e-02 
-1.689346e-03 2.237506e-02 
-2.339024e-03 6.162886e-02 
