poroelastic
3.706025e-02 5.044096e-02 
4.584135e-02 3.681727e-02 
1.625770e-02 -4.999746e-02 
-5.326804e-02 -1.022812e-01 
-3.033444e-02 -7.145359e-02 
-2.087928e-02 -1.481903e-02 
-2.864828e-02 3.267876e-02 
-1.938336e-02 -2.055818e-02 
-2.911282e-03 -9.028223e-02 
9.662839e-03 -1.261898e-01 
1.725771e-02 -1.058786e-01 
8.400862e-05 2.853927e-03 
-8.931831e-03 6.781516e-02 
-5.244636e-03 7.562434e-02 
4.709852e-03 3.057999e-02 
5.777721e-03 -6.264050e-02 
6.803947e-03 -1.297978e-01 
1.517712e-01 1.288066e-01 
6.013136e-02 2.378072e-02 
-5.147295e-03 -1.731091e-01 
-8.628275e-02 -2.536853e-01 
-4.015609e-02 -1.750064e-01 
-1.354453e-02 -4.099724e-02 
-1.411374e-02 6.949248e-02 
-1.452283e-02 3.467691e-02 
-3.988902e-03 -4.730529e-02 
1.053553e-02 -1.189095e-01 
2.369858e-02 -1.345067e-01 
3.579400e-03 -3.138409e-02 
-1.007044e-02 5.602979e-02 
-1.365519e-02 1.149475e-01 
-4.289963e-03 1.033721e-01 
4.723367e-03 -3.309128e-02 
9.237859e-03 -1.569215e-01 
5.596262e-02 2.658675e-01 
7.474564e-02 2.350267e-01 
4.383912e-02 6.169698e-02 
-6.413350e-02 -9.974048e-02 
-4.510160e-02 -1.251534e-01 
-3.077250e-02 -9.065175e-02 
-2.698945e-02 -4.065931e-02 
-1.057541e-02 -4.842490e-02 
2.166396e-03 -8.688999e-02 
1.234475e-02 -1.121843e-01 
1.731842e-02 -9.252962e-02 
-4.035544e-03 1.330518e-02 
-1.539680e-02 9.518242e-02 
-1.456576e-02 1.249613e-01 
-9.405230e-04 7.478363e-02 
1.004812e-02 -7.796407e-02 
1.144744e-02 -1.619727e-01 
1.197108e-01 2.682836e-01 
8.741514e-02 2.310233e-01 
4.036298e-02 5.050456e-02 
-7.849099e-02 -1.357507e-01 
-5.487803e-02 -1.830243e-01 
-3.389803e-02 -1.542376e-01 
-1.971137e-02 -8.777561e-02 
-4.987771e-03 -4.359185e-02 
9.260250e-04 -4.340789e-02 
5.401581e-03 -5.355209e-02 
8.941484e-03 -5.122111e-02 
-2.166899e-03 9.321480e-03 
-1.005674e-02 6.488224e-02 
-9.971193e-03 8.573511e-02 
-4.405514e-04 4.827488e-02 
8.767333e-03 -6.716148e-02 
8.837351e-03 -1.148391e-01 
-2.349924e-02 2.585166e-01 
5.803304e-02 2.825339e-01 
4.344493e-02 1.149709e-01 
-9.469278e-02 -1.316652e-01 
-7.372017e-02 -2.634370e-01 
-4.699777e-02 -2.902610e-01 
-1.479375e-02 -2.180802e-01 
2.525115e-03 -6.157302e-02 
-2.151991e-03 2.216336e-02 
-8.024051e-03 5.075329e-02 
-9.380473e-03 3.790604e-02 
-4.685686e-04 1.272294e-02 
-2.704486e-04 1.399363e-02 
2.643673e-04 1.533844e-02 
4.286754e-03 -4.145730e-03 
8.443413e-03 -6.487770e-02 
6.340292e-03 -7.206807e-02 
-1.157051e-02 2.637309e-01 
6.108361e-02 2.654845e-01 
9.269594e-03 1.086538e-01 
-9.894417e-02 -1.596478e-01 
-7.133515e-02 -3.022723e-01 
-4.200120e-02 -3.321251e-01 
-6.026776e-03 -2.502984e-01 
6.580002e-03 -6.158081e-02 
-3.592241e-03 5.304003e-02 
-1.427653e-02 1.027191e-01 
-1.796557e-02 8.720063e-02 
-9.058752e-04 2.035257e-02 
4.428040e-03 -1.212685e-02 
6.603326e-03 -2.881230e-02 
7.650076e-03 -3.996552e-02 
6.499483e-03 -5.258381e-02 
3.814245e-03 -4.145841e-02 
4.009880e-02 2.410764e-01 
6.445707e-02 2.847670e-01 
4.551559e-05 1.483531e-01 
-8.827582e-02 -1.529601e-01 
-6.552502e-02 -3.291093e-01 
-3.532938e-02 -3.775610e-01 
5.464815e-03 -2.771164e-01 
9.976555e-03 -3.252812e-02 
-7.303195e-03 1.145285e-01 
-2.226388e-02 1.710113e-01 
-2.519282e-02 1.286214e-01 
1.964515e-03 4.847086e-03 
1.135180e-02 -5.750722e-02 
1.273346e-02 -7.644334e-02 
8.772950e-03 -6.124676e-02 
2.930322e-03 -2.673559e-02 
-9.908011e-04 1.001426e-02 
7.272773e-02 1.745754e-01 
6.392572e-02 2.903857e-01 
-6.565136e-03 1.871876e-01 
-8.888756e-02 -1.305396e-01 
-6.602970e-02 -3.208822e-01 
-3.670457e-02 -3.878778e-01 
4.668703e-03 -3.065155e-01 
1.099932e-02 -6.711841e-02 
-6.051634e-03 9.451525e-02 
-2.291352e-02 1.766506e-01 
-2.887675e-02 1.559947e-01 
-2.579134e-03 3.172497e-02 
9.063950e-03 -4.206752e-02 
1.377068e-02 -7.964148e-02 
1.254036e-02 -8.242034e-02 
5.871305e-03 -4.774126e-02 
9.093099e-04 -8.818856e-03 
8.914926e-02 -1.268166e-02 
3.776602e-02 1.926132e-01 
-4.722267e-03 1.494737e-01 
-6.581488e-02 -1.275834e-01 
-4.948991e-02 -2.974510e-01 
-2.197868e-02 -3.485144e-01 
1.611877e-02 -2.513227e-01 
1.118873e-02 -1.072658e-02 
-8.922336e-03 1.433962e-01 
-2.481906e-02 2.061480e-01 
-2.753666e-02 1.557764e-01 
8.686101e-04 3.956110e-03 
1.378050e-02 -7.963966e-02 
1.681603e-02 -1.082590e-01 
1.050018e-02 -7.919088e-02 
-1.207019e-03 1.864243e-03 
-6.200446e-03 5.590089e-02 
1.931864e-01 -1.799125e-01 
2.809532e-02 1.338820e-01 
-9.209136e-03 1.705730e-01 
-6.956902e-02 -7.160962e-02 
-5.365519e-02 -2.315086e-01 
-3.231661e-02 -3.128653e-01 
2.290859e-03 -2.769253e-01 
9.713727e-03 -8.138306e-02 
-4.202947e-03 6.086435e-02 
-1.924863e-02 1.505987e-01 
-2.719841e-02 1.560407e-01 
-6.747853e-03 4.520583e-02 
5.891866e-03 -3.081797e-02 
1.269258e-02 -7.511130e-02 
1.411086e-02 -8.617319e-02 
8.368500e-03 -5.674984e-02 
2.734091e-03 -2.267235e-02 
