poroelastic
3.408969e-03 -4.823775e-03 
3.394892e-03 -1.426669e-02 
6.054727e-04 -3.541651e-02 
-3.679419e-03 -3.491697e-02 
-2.070103e-03 -3.160425e-02 
-1.367362e-03 -4.010971e-02 
-1.343954e-04 -4.060085e-02 
3.203090e-04 -1.578814e-02 
2.826809e-04 -9.368572e-03 
1.220872e-04 2.813855e-04 
-5.548881e-04 2.138836e-02 
-8.384623e-04 4.232795e-02 
-2.726007e-04 4.211117e-02 
4.373871e-04 2.798692e-02 
7.966618e-04 -4.921192e-03 
-1.492066e-04 -4.795565e-02 
-2.146267e-04 -5.048879e-02 
7.350234e-02 -1.517394e-01 
2.571472e-03 -1.222538e-01 
-2.138810e-03 -8.828237e-02 
-2.906013e-03 -3.992683e-02 
-7.689159e-04 -7.254234e-03 
-5.401396e-04 9.320375e-03 
-1.055744e-03 1.217356e-02 
-3.455421e-04 2.455183e-03 
5.734983e-06 -9.189370e-03 
6.553938e-05 -1.010994e-02 
-9.285784e-06 -1.832861e-04 
9.973576e-05 1.275503e-02 
1.260758e-04 1.580405e-02 
4.260571e-04 7.007622e-03 
5.548299e-04 -1.703770e-02 
-5.080658e-05 -4.059556e-02 
-7.069483e-05 -2.039879e-02 
7.205133e-02 -1.853142e-01 
-3.433485e-04 -5.436963e-02 
1.608305e-03 3.223495e-02 
1.008067e-03 4.654931e-02 
-3.222316e-04 3.701497e-02 
-1.647618e-03 2.049687e-02 
-2.372923e-03 -8.782311e-03 
4.533456e-04 -5.239247e-02 
1.174552e-03 -6.174385e-02 
1.066305e-03 -4.394534e-02 
5.175288e-05 -1.775138e-03 
-1.186308e-03 5.180879e-02 
-8.216602e-04 7.184773e-02 
1.594084e-04 5.479123e-02 
1.049024e-03 -3.559820e-03 
8.838127e-05 -7.036503e-02 
-1.833287e-04 -6.895825e-02 
2.637790e-01 -1.890086e-01 
1.965777e-02 -1.309357e-01 
-1.492411e-03 -5.995463e-02 
-6.144960e-03 -6.707570e-02 
-3.307173e-03 -7.330787e-02 
-1.490094e-03 -6.624901e-02 
9.691180e-05 -4.753866e-02 
5.889526e-04 -2.683606e-02 
1.471938e-04 -4.482883e-03 
-2.973091e-04 1.420553e-02 
-6.904333e-04 2.804243e-02 
-5.913115e-04 3.756684e-02 
-2.009644e-04 3.528267e-02 
3.435015e-04 1.581464e-02 
6.737559e-04 -2.155690e-02 
3.659840e-05 -5.083533e-02 
-4.981054e-05 -2.503310e-02 
3.040907e-01 4.359815e-01 
3.939814e-02 5.448145e-01 
9.211184e-03 3.678365e-01 
-8.795371e-03 1.715714e-02 
-7.140624e-03 -1.996982e-01 
-2.076056e-03 -2.922615e-01 
4.267887e-03 -2.359953e-01 
1.119998e-03 -3.912083e-02 
-2.013329e-03 8.557620e-02 
-3.431624e-03 1.432633e-01 
-2.683501e-03 1.244223e-01 
3.991607e-04 3.411831e-02 
1.167713e-03 -2.923874e-02 
1.245753e-03 -7.204434e-02 
5.712942e-04 -9.084251e-02 
-2.976244e-05 -5.238638e-02 
2.682362e-05 5.702377e-02 
6.396443e-02 3.205996e-01 
1.085028e-02 3.134004e-01 
-7.062117e-03 1.557115e-01 
-9.819284e-03 -9.559460e-02 
-4.410977e-03 -2.332125e-01 
7.745690e-04 -2.674837e-01 
4.551101e-03 -1.755575e-01 
-5.747520e-04 1.956846e-02 
-3.424475e-03 1.308101e-01 
-4.160363e-03 1.697520e-01 
-1.948926e-03 1.184073e-01 
1.797111e-03 -8.092554e-03 
2.024918e-03 -8.239799e-02 
1.512814e-03 -1.157861e-01 
3.278019e-04 -1.007788e-01 
-2.241826e-05 -2.615419e-02 
3.575067e-05 6.216327e-02 
8.311382e-03 1.558621e-01 
3.930296e-03 1.614921e-01 
-7.492260e-03 6.897090e-02 
-6.290656e-03 -8.562213e-02 
-2.220007e-03 -1.727763e-01 
1.585461e-03 -1.963534e-01 
4.057051e-03 -1.297931e-01 
-5.249697e-04 1.246596e-02 
-2.450857e-03 9.030972e-02 
-2.920717e-03 1.192088e-01 
-1.545523e-03 8.740254e-02 
6.814987e-04 4.341519e-03 
9.936145e-04 -4.378292e-02 
7.687971e-04 -6.403625e-02 
1.547696e-04 -5.202225e-02 
-4.369626e-06 -9.747384e-03 
-6.856041e-07 3.351809e-02 
3.215468e-02 -6.438308e-02 
-7.811215e-03 -1.844544e-02 
-1.136087e-02 -3.230542e-02 
-6.642147e-03 -9.987792e-02 
-2.356208e-03 -1.363183e-01 
6.771463e-04 -1.421496e-01 
2.826059e-03 -9.851992e-02 
1.056992e-04 -9.508684e-03 
-1.297439e-03 4.292123e-02 
-1.792034e-03 6.914914e-02 
-1.172202e-03 6.263953e-02 
7.208027e-05 2.304662e-02 
4.236220e-04 -3.896433e-03 
5.485694e-04 -2.084277e-02 
4.019385e-04 -2.803315e-02 
4.543492e-05 -2.758751e-02 
6.742927e-06 -1.873743e-02 
8.138762e-02 -2.671420e-01 
-8.728217e-03 -1.433266e-01 
-1.322042e-03 -4.037475e-02 
3.375754e-04 4.871743e-04 
1.690738e-04 1.162097e-02 
-2.068930e-04 1.925380e-02 
-6.972741e-04 1.998578e-02 
-9.015684e-05 5.128988e-03 
4.831200e-05 5.159234e-04 
4.326733e-05 1.155210e-03 
1.743053e-04 -6.673856e-04 
2.574829e-04 -6.182130e-03 
1.516828e-04 -4.734880e-03 
1.340910e-04 -5.321810e-03 
1.123045e-04 -8.605640e-03 
2.628031e-05 -9.569786e-03 
1.840262e-06 -1.408027e-03 
3.093493e-01 -3.829353e-01 
-8.976279e-03 -2.670337e-01 
-1.182929e-02 -1.358013e-01 
-3.122024e-03 -5.711872e-02 
-1.148274e-03 -2.079066e-02 
-1.223125e-03 -7.525815e-04 
-1.064047e-03 -4.642525e-03 
1.381212e-03 -3.557288e-02 
1.136490e-03 -3.482128e-02 
5.775704e-04 -2.047866e-02 
1.604809e-05 -2.832817e-04 
-3.084433e-04 2.134417e-02 
-3.145020e-04 3.245111e-02 
-3.884433e-05 2.701843e-02 
3.270479e-04 5.652289e-03 
2.159868e-04 -2.700701e-02 
1.493306e-04 -6.106783e-02 
