poroelastic
9.676950e-02 -2.103595e-02 
9.206930e-02 -1.044443e-01 
6.369881e-03 -2.519595e-01 
-1.584950e-01 -3.968088e-01 
-9.656975e-02 -4.205634e-01 
-5.122318e-02 -3.529104e-01 
-1.350911e-02 -2.266118e-01 
4.036321e-03 -7.405773e-02 
-3.430394e-03 3.283400e-02 
-1.511524e-02 9.063965e-02 
-1.877015e-02 8.502352e-02 
5.987115e-03 4.083453e-03 
9.889529e-03 -3.635823e-02 
9.308556e-03 -4.717261e-02 
6.432188e-03 -3.892827e-02 
2.092363e-03 -2.811803e-02 
1.923786e-03 -4.335489e-02 
1.890245e-01 1.755209e-01 
7.931999e-02 8.978658e-02 
2.149534e-02 -7.279361e-02 
-1.104988e-01 -2.751012e-01 
-7.529198e-02 -3.685656e-01 
-3.640845e-02 -3.587888e-01 
9.225999e-03 -2.474756e-01 
1.577828e-02 -6.115851e-02 
4.647742e-04 7.141938e-02 
-1.523072e-02 1.473591e-01 
-2.489866e-02 1.470596e-01 
-5.060753e-03 4.882103e-02 
5.255948e-03 -1.718020e-02 
8.262366e-03 -5.319108e-02 
5.437749e-03 -5.466068e-02 
6.911015e-04 -1.376674e-02 
-6.751246e-04 1.351515e-02 
3.652479e-01 4.746518e-01 
1.569091e-01 3.161982e-01 
5.921893e-02 -5.141391e-03 
-1.769441e-01 -3.762647e-01 
-1.280912e-01 -5.620964e-01 
-6.825802e-02 -5.726111e-01 
3.859829e-03 -4.031258e-01 
1.855290e-02 -8.932312e-02 
-4.468991e-03 1.169774e-01 
-2.754253e-02 2.227953e-01 
-3.793425e-02 2.053279e-01 
-1.450312e-03 4.710523e-02 
1.323831e-02 -5.502322e-02 
1.714428e-02 -1.085768e-01 
1.213130e-02 -1.112700e-01 
2.431198e-03 -4.213004e-02 
-2.766110e-03 4.649013e-02 
2.797561e-01 6.553689e-01 
1.645659e-01 4.117021e-01 
4.302983e-02 2.573007e-03 
-1.685313e-01 -4.112989e-01 
-1.137730e-01 -5.685215e-01 
-5.105411e-02 -5.401510e-01 
1.881082e-02 -3.620663e-01 
2.474204e-02 -8.195580e-02 
1.928872e-04 1.112547e-01 
-2.174539e-02 2.174082e-01 
-3.410826e-02 2.111704e-01 
-8.394806e-03 6.522438e-02 
7.020252e-03 -3.140466e-02 
1.171335e-02 -8.273171e-02 
7.693415e-03 -8.491492e-02 
-1.084622e-04 -1.561588e-02 
-4.929648e-03 7.712145e-02 
-9.550748e-01 -2.240206e-01 
-1.930979e-01 -6.403745e-01 
-1.439901e-01 -7.586261e-01 
-2.192898e-01 -7.275035e-01 
-9.799370e-02 -5.743798e-01 
-2.989216e-02 -3.623817e-01 
9.182505e-03 -1.442975e-01 
7.472271e-03 3.548036e-03 
-6.505579e-03 9.783649e-02 
-1.927897e-02 1.463855e-01 
-2.473594e-02 1.280925e-01 
1.411249e-03 1.628914e-02 
1.103918e-02 -5.165838e-02 
1.235525e-02 -7.679844e-02 
7.879872e-03 -6.014156e-02 
1.021495e-03 -7.780797e-03 
1.246704e-03 -1.710176e-02 
-7.199094e-01 -4.204724e-01 
-1.950495e-01 -7.778004e-01 
-2.082347e-01 -8.521801e-01 
-1.716343e-01 -7.154951e-01 
-5.999966e-02 -4.985772e-01 
-4.332777e-03 -2.648140e-01 
2.236249e-02 -5.562348e-02 
8.562436e-03 4.213131e-02 
-5.005001e-03 1.022140e-01 
-1.407735e-02 1.290310e-01 
-1.703179e-02 1.055191e-01 
-1.794495e-03 1.873302e-02 
5.850443e-03 -3.358091e-02 
6.495668e-03 -4.838652e-02 
1.721708e-03 -2.073243e-02 
-2.964632e-03 3.305379e-02 
3.871847e-04 -5.093235e-03 
-3.174615e-01 -4.916810e-01 
-2.027128e-01 -8.097741e-01 
-2.327157e-01 -8.997190e-01 
-1.435188e-01 -7.011642e-01 
-4.008900e-02 -4.252413e-01 
5.781118e-03 -1.566875e-01 
1.781805e-02 4.701023e-02 
1.136223e-03 8.644608e-02 
-7.643198e-03 9.980886e-02 
-1.210237e-02 9.554154e-02 
-1.113045e-02 6.146537e-02 
2.155755e-03 -4.071962e-03 
5.702769e-03 -3.215516e-02 
4.661271e-03 -3.096970e-02 
7.654675e-04 -2.377440e-03 
-1.894616e-03 2.693054e-02 
3.848329e-03 -4.689330e-02 
1.196924e-01 -3.774738e-01 
-1.855845e-01 -6.957308e-01 
-2.366494e-01 -8.605863e-01 
-1.358129e-01 -7.004064e-01 
-3.544619e-02 -4.430723e-01 
1.154370e-02 -1.766684e-01 
2.466585e-02 4.520511e-02 
1.193349e-03 1.096936e-01 
-1.060612e-02 1.349914e-01 
-1.614421e-02 1.302425e-01 
-1.432075e-02 8.353542e-02 
1.608792e-03 -5.543906e-04 
7.913446e-03 -4.763277e-02 
7.828642e-03 -5.694340e-02 
1.907735e-03 -2.004449e-02 
-3.678377e-03 3.801530e-02 
1.032594e-03 -1.201551e-02 
3.697136e-01 8.135764e-03 
-1.175762e-01 -3.933441e-01 
-1.772331e-01 -6.577105e-01 
-9.864394e-02 -5.643652e-01 
-2.122487e-02 -3.368373e-01 
1.492337e-02 -9.119059e-02 
1.984748e-02 1.018074e-01 
-2.267892e-03 1.208392e-01 
-8.901413e-03 1.068256e-01 
-9.652239e-03 7.777470e-02 
-5.396316e-03 3.008607e-02 
4.253268e-03 -2.392776e-02 
5.702545e-03 -3.819895e-02 
3.333055e-03 -2.680003e-02 
-1.962420e-03 1.103956e-02 
-4.830890e-03 4.702398e-02 
1.864398e-03 -2.001633e-02 
4.679614e-01 4.349052e-01 
-2.172616e-02 -6.527824e-02 
-1.693337e-01 -4.991564e-01 
-1.312062e-01 -6.139124e-01 
-4.520572e-02 -5.137713e-01 
9.329774e-03 -3.107581e-01 
3.713231e-02 -4.504185e-02 
1.708549e-03 1.356087e-01 
-1.795084e-02 2.102475e-01 
-2.623302e-02 2.108771e-01 
-2.212979e-02 1.323239e-01 
2.434924e-03 -7.169480e-03 
1.408704e-02 -8.787345e-02 
1.566477e-02 -1.091870e-01 
6.548265e-03 -5.925391e-02 
-6.360998e-03 4.488127e-02 
-5.211581e-03 5.092248e-02 
