poroelastic
-5.835436e-02 -3.540283e-02 
-6.297439e-02 1.055645e-02 
-1.900401e-02 1.240579e-01 
8.217683e-02 2.135121e-01 
6.032095e-02 2.416476e-01 
4.352196e-02 2.173080e-01 
2.901489e-02 1.436635e-01 
1.063729e-02 6.390983e-02 
4.868332e-03 3.592545e-02 
4.330911e-03 2.508743e-02 
3.437084e-03 1.015602e-02 
-9.407779e-04 -2.514346e-02 
-6.955071e-04 -3.158864e-02 
-3.109474e-03 -1.233019e-02 
-5.990260e-03 3.432713e-02 
-3.506242e-03 9.216244e-02 
-2.239589e-03 1.088677e-01 
-1.800554e-01 -1.653612e-01 
-6.482480e-02 -7.270340e-02 
-1.330995e-02 1.063008e-01 
8.289172e-02 2.456761e-01 
5.908394e-02 2.819692e-01 
3.654723e-02 2.460916e-01 
1.341698e-02 1.460480e-01 
8.531936e-04 2.840414e-02 
1.000647e-03 -1.614585e-02 
2.770365e-03 -2.745176e-02 
3.798651e-03 -2.612483e-02 
1.230402e-03 -3.164000e-02 
3.354268e-04 -2.730662e-02 
-1.619353e-03 -9.521531e-03 
-3.889749e-03 2.816011e-02 
-2.633633e-03 6.839462e-02 
-1.214169e-03 5.271433e-02 
-1.630983e-01 -4.227291e-01 
-1.116177e-01 -3.657414e-01 
-6.260822e-02 -1.247774e-01 
8.904340e-02 1.719660e-01 
8.096231e-02 3.257348e-01 
6.060856e-02 3.670913e-01 
2.810543e-02 2.866140e-01 
1.350344e-03 1.052014e-01 
-1.063429e-04 5.878266e-03 
3.618915e-03 -4.860563e-02 
8.076145e-03 -7.205444e-02 
3.853153e-03 -6.859376e-02 
9.551917e-04 -4.675687e-02 
-3.002157e-03 -3.974876e-03 
-7.066615e-03 6.563271e-02 
-5.020843e-03 1.204480e-01 
-1.490135e-03 5.550675e-02 
-1.994598e-01 -4.656203e-01 
-1.199122e-01 -3.543955e-01 
-4.522831e-02 -8.061133e-02 
9.663132e-02 2.224078e-01 
7.982702e-02 3.587824e-01 
5.369930e-02 3.755360e-01 
1.834610e-02 2.796291e-01 
-2.947657e-03 9.192142e-02 
-1.590471e-03 -1.299362e-02 
2.807418e-03 -6.695962e-02 
7.382480e-03 -8.232524e-02 
4.451710e-03 -6.531808e-02 
1.547218e-03 -4.430563e-02 
-1.636894e-03 -1.121098e-02 
-5.008190e-03 4.336871e-02 
-3.862135e-03 9.304660e-02 
-1.203056e-03 4.414234e-02 
4.713660e-01 -1.069881e-01 
7.447780e-02 7.758071e-02 
4.294010e-02 2.585383e-01 
1.437432e-01 4.161032e-01 
9.344818e-02 4.681880e-01 
5.399707e-02 4.249888e-01 
1.515064e-02 2.813674e-01 
-2.125897e-03 5.095397e-02 
2.790753e-03 -8.171575e-02 
1.025823e-02 -1.375732e-01 
1.428700e-02 -1.196608e-01 
-6.726074e-04 -3.387471e-02 
-5.027482e-03 2.323431e-02 
-6.882266e-03 5.950599e-02 
-6.951545e-03 7.940547e-02 
-3.711188e-03 7.884554e-02 
-1.960869e-03 6.310142e-02 
3.580291e-01 8.736200e-03 
7.220787e-02 1.972458e-01 
9.565431e-02 3.380742e-01 
1.264202e-01 4.332642e-01 
7.146851e-02 4.403359e-01 
3.449227e-02 3.739719e-01 
1.157375e-03 2.266255e-01 
-4.549163e-03 1.986364e-02 
2.616809e-03 -9.695649e-02 
9.367140e-03 -1.434453e-01 
1.179038e-02 -1.174500e-01 
-3.233199e-04 -2.618434e-02 
-4.145389e-03 2.776113e-02 
-5.161857e-03 5.255583e-02 
-4.130498e-03 5.005586e-02 
-1.664733e-03 3.189137e-02 
-1.753835e-03 5.374480e-02 
1.234998e-01 4.154039e-02 
5.356911e-02 1.511320e-01 
1.030323e-01 2.823646e-01 
1.165126e-01 4.113053e-01 
6.593156e-02 4.420742e-01 
3.001897e-02 3.848031e-01 
-2.903968e-03 2.227251e-01 
-3.671197e-03 -1.017399e-02 
5.400694e-03 -1.383569e-01 
1.303009e-02 -1.836355e-01 
1.412822e-02 -1.389349e-01 
-1.862622e-03 -1.701480e-02 
-6.347941e-03 5.294536e-02 
-7.366008e-03 8.329248e-02 
-5.484210e-03 7.426404e-02 
-2.033934e-03 3.934333e-02 
-1.790091e-03 5.048214e-02 
-9.188828e-02 4.026694e-02 
2.965037e-02 6.270528e-02 
9.079757e-02 1.915901e-01 
1.053376e-01 3.676233e-01 
5.955395e-02 4.226297e-01 
2.408331e-02 3.801099e-01 
-8.996439e-03 2.250580e-01 
-4.380533e-03 -5.665619e-03 
5.506663e-03 -1.371336e-01 
1.285498e-02 -1.900895e-01 
1.383619e-02 -1.522381e-01 
1.249369e-04 -3.146312e-02 
-4.867564e-03 4.067322e-02 
-6.514340e-03 7.608699e-02 
-5.169149e-03 7.325447e-02 
-1.969249e-03 3.847927e-02 
-1.144261e-03 3.034403e-02 
-2.188488e-01 2.971360e-02 
9.650408e-03 -2.789587e-02 
6.260157e-02 8.986428e-02 
8.592326e-02 3.014150e-01 
5.060119e-02 3.803961e-01 
1.820646e-02 3.496262e-01 
-1.267075e-02 1.939381e-01 
-2.971971e-03 -3.705312e-02 
7.390283e-03 -1.613057e-01 
1.389476e-02 -2.014066e-01 
1.314002e-02 -1.454742e-01 
-1.343542e-03 -8.804680e-03 
-6.445112e-03 6.848735e-02 
-7.704933e-03 1.015818e-01 
-5.408461e-03 8.837724e-02 
-1.116254e-03 2.736541e-02 
1.198843e-03 -2.902589e-02 
-2.708534e-01 6.138394e-03 
-2.016318e-02 -1.078664e-01 
4.501078e-02 -1.238379e-02 
8.074992e-02 2.274988e-01 
5.028460e-02 3.290779e-01 
2.170367e-02 3.359374e-01 
-9.405478e-03 2.327964e-01 
-4.845545e-03 3.506224e-02 
4.382248e-03 -9.187899e-02 
1.118309e-02 -1.636526e-01 
1.345015e-02 -1.618043e-01 
4.451031e-03 -7.172911e-02 
-1.078081e-03 -2.302682e-03 
-4.951583e-03 5.291910e-02 
-7.035820e-03 9.089646e-02 
-4.873688e-03 8.411132e-02 
-9.715276e-04 2.115270e-02 
