poroelastic
-7.430060e-02 6.504747e-02 
-6.375454e-02 1.494661e-01 
-8.842218e-03 2.263441e-01 
1.012605e-01 2.831566e-01 
7.018942e-02 3.146754e-01 
4.494940e-02 2.910263e-01 
1.680256e-02 2.195637e-01 
-3.139078e-03 8.319172e-02 
-4.787006e-04 -3.925368e-02 
9.809867e-03 -1.157354e-01 
1.788663e-02 -1.206843e-01 
-1.298897e-03 -2.659683e-02 
-7.396968e-03 3.827626e-02 
-8.232762e-03 6.605277e-02 
-5.161490e-03 5.476470e-02 
-1.067568e-03 1.802014e-02 
-1.057426e-03 3.225114e-02 
-9.000098e-02 -6.768454e-02 
-3.359584e-02 -3.040347e-02 
-2.095545e-02 -4.558707e-03 
4.019430e-02 8.436836e-02 
4.007174e-02 1.924705e-01 
2.982490e-02 2.591952e-01 
-1.474003e-04 2.343531e-01 
-1.387993e-02 7.052494e-02 
-5.996899e-03 -6.290865e-02 
5.368532e-03 -1.473233e-01 
1.622847e-02 -1.547573e-01 
4.518217e-03 -4.769669e-02 
-3.566796e-03 2.492513e-02 
-5.435180e-03 6.186588e-02 
-2.298980e-03 5.454556e-02 
1.021309e-03 -9.975967e-03 
1.933536e-03 -5.373291e-02 
-3.590331e-01 -2.657037e-01 
-1.062938e-01 -1.178142e-01 
-3.676802e-02 8.371840e-02 
1.198959e-01 2.993102e-01 
9.589277e-02 4.496207e-01 
5.963650e-02 4.821749e-01 
2.731493e-03 3.551627e-01 
-1.560018e-02 5.349209e-02 
-2.519407e-04 -1.548415e-01 
1.865116e-02 -2.606736e-01 
3.029055e-02 -2.306430e-01 
-4.128791e-04 -3.807042e-02 
-1.316223e-02 9.149855e-02 
-1.570683e-02 1.553045e-01 
-8.870431e-03 1.368441e-01 
4.582087e-04 1.336882e-02 
3.923655e-03 -9.306243e-02 
-2.957011e-01 -4.271589e-01 
-1.114587e-01 -2.016403e-01 
-2.063494e-02 7.922718e-02 
1.137035e-01 3.190710e-01 
8.238985e-02 4.299433e-01 
4.351194e-02 4.209734e-01 
-7.711647e-03 2.920826e-01 
-1.750640e-02 4.913536e-02 
-3.057403e-03 -1.208954e-01 
1.185456e-02 -2.141594e-01 
2.232700e-02 -2.015544e-01 
3.604536e-03 -4.768064e-02 
-7.472770e-03 5.760822e-02 
-1.002917e-02 1.090632e-01 
-4.880134e-03 9.264842e-02 
2.017705e-03 -1.243621e-02 
4.472563e-03 -1.004415e-01 
9.352110e-01 3.801949e-01 
2.131386e-01 8.251044e-01 
1.543727e-01 8.407676e-01 
1.484886e-01 6.138878e-01 
5.399610e-02 3.786191e-01 
7.585098e-03 1.623963e-01 
-1.227904e-02 -1.258970e-03 
-4.607020e-03 -5.440525e-02 
2.550369e-03 -8.562160e-02 
8.176150e-03 -1.006328e-01 
1.094581e-02 -7.984429e-02 
-1.968700e-03 2.618969e-03 
-6.971035e-03 5.676641e-02 
-6.951637e-03 7.316594e-02 
-2.468488e-03 4.055979e-02 
2.347803e-03 -3.550844e-02 
4.651773e-04 -9.240397e-03 
7.176248e-01 5.721919e-01 
2.169101e-01 9.479586e-01 
1.993343e-01 9.182460e-01 
1.085895e-01 5.833515e-01 
2.400716e-02 2.857949e-01 
-1.098643e-02 5.198586e-02 
-1.814251e-02 -9.242783e-02 
-3.453033e-03 -8.053406e-02 
1.362205e-03 -6.608806e-02 
3.040584e-03 -5.550855e-02 
3.601008e-03 -3.861851e-02 
5.680567e-04 -4.862649e-03 
-1.559341e-03 1.671812e-02 
-1.188039e-03 1.739664e-02 
1.331511e-03 -1.163733e-02 
2.795496e-03 -4.910778e-02 
-1.393044e-03 2.675888e-02 
3.465596e-01 6.589527e-01 
2.368548e-01 1.016788e+00 
2.224005e-01 1.003889e+00 
8.767221e-02 5.904164e-01 
6.153964e-03 2.148292e-01 
-2.251446e-02 -7.176737e-02 
-1.603564e-02 -2.151346e-01 
2.318626e-03 -1.302140e-01 
3.606473e-03 -5.994076e-02 
1.436382e-03 -1.096561e-02 
-1.667609e-03 1.953103e-02 
-3.061916e-03 2.878298e-02 
-2.188510e-03 2.554380e-02 
-9.209362e-05 7.269782e-03 
2.959049e-03 -3.254756e-02 
3.537657e-03 -6.019229e-02 
-2.274062e-03 4.098553e-02 
-7.822842e-02 5.128159e-01 
2.194384e-01 8.816209e-01 
2.195539e-01 9.532824e-01 
8.195753e-02 5.895736e-01 
4.423685e-03 2.403541e-01 
-2.479370e-02 -4.273399e-02 
-1.932103e-02 -2.079653e-01 
3.003726e-03 -1.556250e-01 
5.689492e-03 -9.811214e-02 
4.083281e-03 -4.560742e-02 
4.937035e-04 -8.689612e-05 
-2.981925e-03 2.644643e-02 
-3.511589e-03 3.739693e-02 
-1.805371e-03 2.567196e-02 
2.136544e-03 -1.887509e-02 
3.924073e-03 -6.066465e-02 
-1.228480e-03 2.126168e-02 
-3.042902e-01 5.170971e-02 
1.418053e-01 5.271654e-01 
1.603581e-01 7.219152e-01 
5.393859e-02 4.554008e-01 
-4.739966e-03 1.513527e-01 
-2.510048e-02 -1.030336e-01 
-1.381855e-02 -2.356397e-01 
5.125323e-03 -1.447947e-01 
4.152706e-03 -5.888161e-02 
-1.393473e-04 8.355586e-03 
-4.845141e-03 4.887093e-02 
-4.463539e-03 4.586392e-02 
-2.068344e-03 2.650115e-02 
1.101376e-03 -4.513187e-03 
4.596779e-03 -4.732174e-02 
4.549523e-03 -6.564532e-02 
-1.569422e-03 2.522766e-02 
-3.615546e-01 -4.484702e-01 
4.899935e-02 1.675618e-01 
1.536895e-01 5.748815e-01 
8.525815e-02 5.462617e-01 
1.869539e-02 3.788953e-01 
-2.116011e-02 1.506967e-01 
-3.242475e-02 -9.239400e-02 
3.652565e-03 -1.981448e-01 
1.333934e-02 -2.147735e-01 
1.444041e-02 -1.705283e-01 
8.347441e-03 -7.211994e-02 
-4.964475e-03 4.345463e-02 
-1.062914e-02 1.055033e-01 
-1.014913e-02 1.112149e-01 
-2.293833e-03 4.495718e-02 
7.279100e-03 -7.269961e-02 
6.885352e-03 -1.011715e-01 
