poroelastic
-1.487806e-01 -6.008267e-02 
-1.650420e-01 1.459994e-02 
-8.581716e-02 1.840183e-01 
1.511039e-01 2.743498e-01 
1.215964e-01 2.963764e-01 
8.846657e-02 2.367287e-01 
7.259851e-02 1.309795e-01 
5.099702e-02 8.680771e-02 
2.288085e-02 1.145476e-01 
6.266214e-03 1.436430e-01 
-1.149185e-02 1.313188e-01 
-5.480018e-03 1.383168e-02 
5.665194e-03 -5.221466e-02 
3.524212e-03 -6.224153e-02 
-6.242351e-03 -1.945940e-02 
-9.329528e-03 7.833104e-02 
-1.062777e-02 1.499819e-01 
-2.866827e-01 -2.372228e-01 
-1.484859e-01 -7.576798e-02 
-4.760985e-02 1.852754e-01 
1.542102e-01 3.112407e-01 
1.131137e-01 3.271407e-01 
7.122763e-02 2.535805e-01 
3.726896e-02 1.325468e-01 
1.421489e-02 5.183750e-02 
2.944851e-03 6.342021e-02 
-9.403124e-03 9.920026e-02 
-2.199118e-02 9.981911e-02 
5.010906e-03 -1.093591e-02 
1.757567e-02 -9.597943e-02 
1.808243e-02 -1.346614e-01 
5.851498e-03 -1.014933e-01 
-7.010524e-03 4.359139e-02 
-1.317676e-02 1.684295e-01 
-3.925739e-01 -5.352792e-01 
-2.569320e-01 -3.890329e-01 
-1.550987e-01 -3.985150e-02 
1.890756e-01 2.484304e-01 
1.813365e-01 4.306736e-01 
1.447370e-01 4.783466e-01 
8.708275e-02 3.921105e-01 
1.710768e-02 1.923307e-01 
-1.893014e-03 8.320059e-02 
-3.394930e-03 2.620527e-02 
4.996146e-04 -9.250681e-03 
1.145386e-02 -6.194703e-02 
1.326017e-02 -8.660541e-02 
7.701934e-03 -7.340752e-02 
-5.236618e-03 -1.004667e-02 
-1.390157e-02 1.026151e-01 
-1.069615e-02 1.163933e-01 
-4.226087e-01 -6.363045e-01 
-2.616675e-01 -4.062771e-01 
-1.124811e-01 1.879833e-02 
2.126339e-01 3.379629e-01 
1.792637e-01 4.790383e-01 
1.217674e-01 4.615229e-01 
5.405330e-02 3.330348e-01 
2.160976e-04 1.451545e-01 
-7.773677e-03 4.496672e-02 
-6.364220e-03 -3.231717e-03 
-1.833984e-03 -2.618164e-02 
1.138291e-02 -5.561839e-02 
1.313077e-02 -7.643602e-02 
9.532140e-03 -6.993696e-02 
-1.790960e-04 -2.288039e-02 
-9.137340e-03 6.669914e-02 
-6.176090e-03 6.258841e-02 
5.872168e-01 -5.639370e-02 
5.785884e-02 2.497350e-01 
4.264158e-02 4.610327e-01 
2.978498e-01 5.343010e-01 
1.999695e-01 5.546592e-01 
1.199965e-01 4.766961e-01 
4.956978e-02 3.283364e-01 
9.137229e-04 1.326101e-01 
-3.290189e-03 9.088561e-03 
3.688994e-03 -5.205620e-02 
1.118153e-02 -6.271564e-02 
7.609821e-03 -4.446231e-02 
4.118237e-03 -3.179640e-02 
6.647835e-04 -1.670914e-02 
-4.328462e-03 8.513529e-03 
-8.860842e-03 5.623708e-02 
-8.922351e-03 7.982651e-02 
3.984573e-01 5.803067e-02 
7.411518e-02 3.248483e-01 
1.429477e-01 4.835173e-01 
2.680869e-01 5.435809e-01 
1.588585e-01 5.312251e-01 
8.119253e-02 4.321973e-01 
1.391127e-02 2.697772e-01 
-1.235162e-02 7.128680e-02 
-5.040011e-03 -4.296613e-02 
4.230770e-03 -8.988239e-02 
1.039130e-02 -8.045418e-02 
5.777555e-03 -3.301283e-02 
2.008818e-03 -1.380796e-02 
9.138020e-04 -9.171157e-03 
-2.345313e-04 -4.894663e-03 
-2.524818e-03 1.409909e-02 
-4.751409e-03 4.019406e-02 
1.432332e-01 1.391370e-01 
8.344295e-02 3.210244e-01 
1.860981e-01 4.538352e-01 
2.617583e-01 5.413634e-01 
1.533768e-01 5.599359e-01 
7.551526e-02 4.821553e-01 
1.299600e-03 3.042237e-01 
-1.712096e-02 4.445342e-02 
-1.055235e-03 -1.174095e-01 
1.612446e-02 -1.854880e-01 
2.636097e-02 -1.552036e-01 
5.813864e-03 -3.665111e-02 
-7.070311e-03 3.586548e-02 
-1.157135e-02 6.618506e-02 
-9.083803e-03 5.702018e-02 
-1.533944e-03 1.071317e-02 
-8.454522e-05 6.639588e-04 
-1.311383e-01 1.795002e-01 
8.533473e-02 2.713173e-01 
2.180523e-01 4.228368e-01 
2.553147e-01 5.636665e-01 
1.365885e-01 5.660182e-01 
5.259854e-02 4.584590e-01 
-1.865288e-02 2.563298e-01 
-1.636256e-02 -3.081264e-03 
3.698648e-03 -1.508984e-01 
1.930629e-02 -2.051047e-01 
2.596085e-02 -1.618322e-01 
4.544644e-03 -2.757557e-02 
-8.464717e-03 4.893170e-02 
-1.256435e-02 7.582693e-02 
-8.915884e-03 5.769466e-02 
5.073103e-04 -1.543080e-03 
2.666254e-03 -1.984604e-02 
-3.409360e-01 1.806812e-01 
6.633122e-02 1.538961e-01 
1.790722e-01 2.911418e-01 
2.136300e-01 4.743682e-01 
1.199930e-01 5.378250e-01 
4.197944e-02 4.700914e-01 
-3.112381e-02 2.582612e-01 
-1.579374e-02 -4.626846e-02 
9.944973e-03 -2.219526e-01 
2.840036e-02 -2.768411e-01 
3.316275e-02 -1.974482e-01 
4.953044e-04 2.861285e-03 
-1.865600e-02 1.129516e-01 
-2.362903e-02 1.426618e-01 
-1.438581e-02 9.170031e-02 
6.992985e-03 -3.734503e-02 
1.102484e-02 -7.645810e-02 
-4.561294e-01 9.156756e-02 
-1.014648e-02 -1.743162e-02 
1.560892e-01 1.398600e-01 
2.342081e-01 4.709778e-01 
1.334116e-01 5.917624e-01 
4.136507e-02 5.407554e-01 
-4.532106e-02 3.241152e-01 
-1.343682e-02 -2.485352e-02 
1.533499e-02 -2.285322e-01 
3.292062e-02 -3.118342e-01 
3.860540e-02 -2.612030e-01 
1.107130e-02 -5.067314e-02 
-1.412063e-02 9.638051e-02 
-2.774288e-02 1.664314e-01 
-2.578347e-02 1.482037e-01 
-3.393414e-04 1.378231e-02 
2.013095e-02 -1.274101e-01 
