poroelastic
-1.225617e-02 9.789253e-02 
-2.522773e-03 1.554241e-01 
1.370881e-02 1.767372e-01 
2.180917e-02 1.803827e-01 
8.046383e-03 1.384461e-01 
-2.069090e-03 7.341747e-02 
-8.271624e-03 4.199775e-03 
-1.978550e-03 -5.575614e-02 
2.259856e-03 -9.303558e-02 
4.784520e-03 -9.580649e-02 
3.460681e-03 -4.690748e-02 
-3.672071e-03 4.644875e-02 
-3.883996e-03 8.480649e-02 
-1.500604e-03 7.670797e-02 
1.772583e-03 1.619786e-02 
1.119959e-03 -6.681973e-02 
5.735716e-04 -7.420513e-02 
5.858424e-02 -1.556737e-01 
-1.368529e-03 -9.261947e-02 
-3.817926e-03 -5.317997e-02 
-1.265266e-03 1.648795e-02 
1.028772e-03 6.172922e-02 
-2.873243e-03 7.308497e-02 
-9.685872e-03 3.757848e-02 
-3.071235e-03 -4.213917e-02 
1.716552e-03 -9.602569e-02 
4.741461e-03 -1.114466e-01 
4.287270e-03 -6.745568e-02 
-2.555165e-03 3.512375e-02 
-3.738013e-03 8.581173e-02 
-1.821172e-03 8.869173e-02 
1.873979e-03 3.061291e-02 
1.634096e-03 -7.191158e-02 
1.011625e-03 -1.130276e-01 
1.151613e-02 -3.165451e-01 
-2.370371e-02 -1.354959e-01 
-2.312696e-03 3.888343e-02 
2.691418e-02 1.779562e-01 
1.651487e-02 2.251441e-01 
2.000977e-03 1.941189e-01 
-1.296636e-02 8.144906e-02 
-3.086954e-03 -7.899255e-02 
4.605127e-03 -1.673377e-01 
9.129492e-03 -1.839411e-01 
7.474419e-03 -1.064891e-01 
-5.037238e-03 5.382063e-02 
-6.930211e-03 1.337015e-01 
-4.513641e-03 1.432273e-01 
9.811605e-04 6.921941e-02 
2.238442e-03 -7.222210e-02 
1.615008e-03 -1.477234e-01 
2.901647e-01 -4.045017e-01 
-6.914088e-03 -2.278965e-01 
-2.600196e-03 -2.824004e-02 
6.072730e-03 9.251726e-02 
2.735434e-03 1.216783e-01 
-5.522338e-03 9.292360e-02 
-1.377546e-02 1.797921e-02 
-2.803080e-03 -7.356082e-02 
3.136162e-03 -1.265296e-01 
6.043032e-03 -1.360719e-01 
5.000481e-03 -8.063299e-02 
-2.958592e-03 4.255372e-02 
-4.624991e-03 1.046271e-01 
-2.659316e-03 1.096353e-01 
1.929155e-03 4.476570e-02 
2.503288e-03 -8.240175e-02 
1.751437e-03 -1.553110e-01 
7.664708e-01 6.240087e-01 
1.500606e-01 9.071269e-01 
8.058261e-02 7.512705e-01 
1.505691e-02 3.334789e-01 
-1.260610e-02 7.959993e-03 
-1.654402e-02 -2.052043e-01 
-4.484098e-03 -2.628131e-01 
3.964094e-03 -1.207774e-01 
1.690314e-03 -2.359246e-02 
-1.096112e-03 3.585573e-02 
-3.650645e-03 6.595247e-02 
-3.409509e-03 6.883058e-02 
-1.661919e-03 5.535260e-02 
4.865144e-04 2.316622e-02 
2.614574e-03 -3.515252e-02 
1.826624e-03 -8.711433e-02 
3.806534e-04 -2.894963e-02 
4.471013e-01 7.005174e-01 
1.152615e-01 8.612543e-01 
5.672686e-02 6.602073e-01 
-1.178918e-02 1.824842e-01 
-2.244053e-02 -1.457425e-01 
-1.722677e-02 -3.279616e-01 
-3.949793e-04 -3.223839e-01 
4.246059e-03 -1.035851e-01 
-9.302489e-04 3.369487e-02 
-5.366624e-03 1.058462e-01 
-6.692616e-03 1.102458e-01 
-6.091092e-04 4.755340e-02 
1.712176e-03 -2.714189e-04 
3.122114e-03 -4.113394e-02 
3.273306e-03 -7.862740e-02 
1.371966e-03 -8.059643e-02 
-5.993170e-05 4.674408e-03 
1.894163e-01 5.647424e-01 
1.006744e-01 7.515386e-01 
5.098923e-02 6.195799e-01 
-7.909851e-03 1.880864e-01 
-1.778134e-02 -1.234962e-01 
-1.305858e-02 -3.034958e-01 
2.102658e-03 -3.000975e-01 
4.356344e-03 -9.587359e-02 
-7.661133e-04 3.282011e-02 
-4.927276e-03 1.026307e-01 
-6.121514e-03 1.066770e-01 
-9.591807e-04 4.565278e-02 
1.209135e-03 1.458071e-03 
2.458176e-03 -3.458751e-02 
2.549930e-03 -6.520231e-02 
1.081046e-03 -6.370723e-02 
-1.017652e-04 7.590844e-03 
-1.570734e-02 2.024909e-01 
6.060832e-02 4.642542e-01 
3.129118e-02 4.497317e-01 
-1.054148e-02 1.415067e-01 
-1.634018e-02 -9.483387e-02 
-1.253391e-02 -2.413239e-01 
-4.363316e-05 -2.511788e-01 
4.012843e-03 -1.009646e-01 
2.353280e-04 -2.560774e-04 
-3.212347e-03 6.264540e-02 
-4.527255e-03 7.921563e-02 
-1.066454e-03 4.473972e-02 
4.753455e-04 1.677565e-02 
1.830990e-03 -1.317006e-02 
2.587182e-03 -5.005016e-02 
1.395380e-03 -6.996449e-02 
3.685391e-04 -2.676745e-02 
2.665705e-02 -3.456093e-01 
6.693897e-03 5.533875e-02 
1.455755e-02 2.137865e-01 
-3.758271e-03 9.864965e-02 
-8.185057e-03 -2.601951e-02 
-7.379188e-03 -1.187191e-01 
-9.580026e-04 -1.409362e-01 
2.408150e-03 -6.528849e-02 
5.675132e-04 -1.105037e-02 
-1.289831e-03 2.562018e-02 
-2.254386e-03 4.043829e-02 
-9.411484e-04 3.011538e-02 
-1.851856e-04 1.883584e-02 
7.151945e-04 2.245675e-03 
1.556256e-03 -2.370275e-02 
1.102432e-03 -4.669437e-02 
4.490487e-04 -2.942449e-02 
3.123579e-01 -7.544001e-01 
-3.206208e-02 -2.585789e-01 
-1.858418e-03 6.526033e-02 
-3.212682e-03 1.118881e-01 
-6.724002e-03 6.963104e-02 
-1.062225e-02 -9.568012e-03 
-8.632554e-03 -9.296987e-02 
3.643489e-03 -1.177524e-01 
4.860465e-03 -1.078313e-01 
3.617896e-03 -7.126117e-02 
6.583056e-04 -1.189927e-02 
-2.391465e-03 4.980964e-02 
-2.875582e-03 7.732930e-02 
-1.453587e-03 6.956104e-02 
1.606916e-03 1.616687e-02 
2.587800e-03 -7.549084e-02 
2.293723e-03 -1.332034e-01 
