poroelastic
-4.230541e-02 3.708766e-02 
-3.442814e-02 6.896632e-02 
-2.428708e-02 3.654242e-02 
2.924891e-02 7.373088e-03 
4.145930e-02 1.090273e-01 
4.359899e-02 2.130202e-01 
1.552806e-02 2.846530e-01 
-2.665438e-02 1.681581e-01 
-1.974642e-02 -2.007351e-02 
4.863515e-03 -1.563115e-01 
3.634416e-02 -1.992948e-01 
1.706468e-02 -8.406928e-02 
-6.390522e-03 2.086241e-02 
-1.089922e-02 6.300847e-02 
-4.619348e-03 5.099989e-02 
1.161585e-03 -4.619455e-03 
3.111446e-03 -4.381761e-02 
8.724512e-02 1.445662e-01 
4.471601e-02 1.483626e-02 
-3.267606e-02 -2.137628e-01 
-7.859799e-02 -2.664832e-01 
-1.533993e-02 -9.570541e-02 
2.386623e-02 1.358017e-01 
5.642620e-03 3.017858e-01 
-3.524116e-02 1.942411e-01 
-2.936196e-02 1.257335e-02 
-4.461564e-03 -1.573589e-01 
3.942176e-02 -2.582901e-01 
3.379070e-02 -1.532892e-01 
5.491944e-03 -4.061618e-02 
-8.562614e-03 3.982044e-02 
-1.213201e-02 1.007143e-01 
-2.032759e-03 3.623586e-02 
6.600767e-03 -8.301210e-02 
-2.909238e-01 1.835454e-01 
-2.731968e-02 1.727110e-01 
-1.398963e-02 7.277184e-02 
3.800935e-02 2.332318e-02 
5.013077e-02 1.450060e-01 
4.765517e-02 2.714468e-01 
9.323922e-04 3.098627e-01 
-3.249507e-02 1.177258e-01 
-1.370490e-02 -8.455916e-02 
1.810364e-02 -2.290481e-01 
5.337628e-02 -2.689274e-01 
1.866787e-02 -1.062218e-01 
-1.479561e-02 5.197923e-02 
-2.862952e-02 1.535442e-01 
-2.047081e-02 1.635994e-01 
2.527388e-03 5.621901e-03 
1.342765e-02 -1.402683e-01 
-2.366947e-01 1.184859e-01 
-6.624751e-03 1.382156e-01 
7.466952e-03 7.257690e-02 
2.109973e-02 3.131766e-02 
2.674749e-02 1.045597e-01 
2.211306e-02 1.872524e-01 
-1.504624e-02 2.191143e-01 
-3.334620e-02 9.616357e-02 
-1.823397e-02 -3.969644e-02 
2.051140e-03 -1.478619e-01 
2.749084e-02 -1.937508e-01 
2.013683e-02 -9.128772e-02 
1.680491e-04 -8.996151e-04 
-9.779759e-03 6.087139e-02 
-6.938701e-03 6.950528e-02 
6.041971e-03 -2.921085e-02 
1.055415e-02 -1.004932e-01 
3.593162e-01 2.593519e-01 
1.160541e-01 4.633954e-01 
9.747302e-02 3.684437e-01 
4.443770e-02 1.748898e-01 
3.869232e-03 7.112901e-02 
-1.091598e-02 2.017449e-02 
-1.991520e-02 6.417116e-03 
-1.576384e-02 1.647069e-02 
-1.015444e-02 -4.870428e-03 
-3.487948e-03 -4.849646e-02 
9.658237e-03 -9.134109e-02 
1.459060e-02 -6.697889e-02 
3.253614e-03 -1.550861e-02 
-3.875430e-03 2.371307e-02 
-3.606378e-03 3.109738e-02 
5.167522e-03 -3.126214e-02 
3.761518e-03 -3.129898e-02 
3.191688e-01 3.649751e-01 
1.477824e-01 5.597508e-01 
1.389452e-01 4.811298e-01 
3.636902e-02 2.341206e-01 
-1.447956e-02 5.379839e-02 
-3.123896e-02 -5.870157e-02 
-2.968818e-02 -9.910017e-02 
-1.191857e-02 -3.555412e-02 
-9.233358e-03 5.863523e-03 
-1.110654e-02 9.934503e-03 
-7.051806e-03 -1.739654e-02 
9.791848e-03 -3.967800e-02 
8.423151e-03 -3.475575e-02 
6.701101e-03 -2.803285e-02 
6.965263e-03 -3.113071e-02 
8.615080e-03 -5.568038e-02 
3.039492e-03 -2.392751e-02 
2.081455e-01 4.779977e-01 
2.034243e-01 7.071722e-01 
1.820951e-01 6.423668e-01 
1.766185e-02 2.666442e-01 
-4.339486e-02 -4.797617e-02 
-5.240563e-02 -2.450293e-01 
-2.179209e-02 -2.819596e-01 
3.538689e-03 -8.407912e-02 
-5.586438e-03 5.883338e-02 
-1.979217e-02 1.199291e-01 
-2.502695e-02 9.311712e-02 
2.229894e-03 -3.665587e-03 
1.300700e-02 -5.955216e-02 
1.671549e-02 -8.535401e-02 
1.512239e-02 -8.691912e-02 
8.070762e-03 -5.802818e-02 
-6.982667e-03 5.101215e-02 
8.432260e-03 4.857750e-01 
2.458982e-01 7.752427e-01 
2.248461e-01 7.802199e-01 
2.803922e-02 3.604364e-01 
-4.481945e-02 -2.129699e-03 
-5.935885e-02 -2.496789e-01 
-2.682940e-02 -3.310584e-01 
5.330903e-03 -1.396331e-01 
-2.179220e-03 1.620223e-02 
-1.710747e-02 1.064022e-01 
-2.601243e-02 1.122522e-01 
-3.518579e-03 2.262288e-02 
7.560091e-03 -3.423131e-02 
1.400328e-02 -7.084892e-02 
1.701337e-02 -9.273558e-02 
1.280938e-02 -8.116633e-02 
-1.798999e-03 1.254687e-02 
-1.653396e-01 2.475533e-01 
2.176364e-01 6.446807e-01 
1.938814e-01 7.247868e-01 
-2.528986e-03 2.732561e-01 
-6.353682e-02 -1.446209e-01 
-6.016081e-02 -4.114051e-01 
-2.769362e-03 -4.385821e-01 
1.745270e-02 -1.191160e-01 
-5.088679e-03 1.221752e-01 
-3.000221e-02 2.449366e-01 
-4.269265e-02 2.198192e-01 
-7.384259e-03 3.729546e-02 
1.575974e-02 -8.316785e-02 
2.654861e-02 -1.431964e-01 
2.500260e-02 -1.415660e-01 
7.292726e-03 -5.210369e-02 
-1.445670e-02 9.419801e-02 
-3.306339e-01 -2.231498e-02 
1.842879e-01 5.285096e-01 
2.342231e-01 7.848380e-01 
4.050711e-02 4.471933e-01 
-4.066582e-02 9.607356e-02 
-6.571403e-02 -1.959700e-01 
-3.514457e-02 -3.651818e-01 
1.155412e-02 -2.254453e-01 
6.544616e-03 -6.996839e-02 
-9.561212e-03 6.537842e-02 
-2.625472e-02 1.402670e-01 
-1.671563e-02 8.163296e-02 
-3.767239e-03 1.366715e-02 
8.634722e-03 -5.036403e-02 
2.056839e-02 -1.070605e-01 
2.279720e-02 -1.202893e-01 
5.383911e-03 -3.242743e-02 
