poroelastic
-1.763912e-01 -4.504157e-02 
-1.921151e-01 3.764055e-02 
-1.190800e-01 1.693858e-01 
1.527841e-01 2.196883e-01 
1.384393e-01 3.061671e-01 
1.202604e-01 3.295807e-01 
1.077632e-01 3.146001e-01 
5.464326e-02 2.650794e-01 
1.056029e-02 1.785821e-01 
9.732284e-04 8.927308e-02 
6.941297e-03 1.267628e-03 
9.390848e-03 -6.745410e-02 
5.757690e-03 -6.514986e-02 
-2.283876e-03 -3.751439e-02 
-1.161957e-02 1.028104e-02 
-1.111261e-02 9.144608e-02 
-1.260772e-02 1.747096e-01 
-2.021931e-01 -1.077275e-01 
-1.038259e-01 -5.985124e-02 
-7.220657e-02 1.200806e-02 
7.607090e-02 7.177442e-02 
8.159699e-02 1.864310e-01 
8.053144e-02 2.737334e-01 
5.715447e-02 3.003055e-01 
5.840082e-03 2.162348e-01 
-1.612560e-02 1.332009e-01 
-2.328263e-02 5.601142e-02 
-1.109211e-02 -3.516882e-02 
2.670179e-02 -1.145716e-01 
2.626703e-02 -1.463921e-01 
1.797564e-02 -1.374796e-01 
1.794939e-03 -7.027617e-02 
-8.289677e-03 5.842420e-02 
-1.223836e-02 1.541388e-01 
-5.974542e-01 -3.587088e-01 
-2.710929e-01 -2.527688e-01 
-1.759825e-01 -8.428501e-03 
2.007792e-01 2.153212e-01 
2.071963e-01 4.759650e-01 
1.821241e-01 6.223505e-01 
1.089473e-01 5.949386e-01 
7.130684e-03 3.127490e-01 
-1.282567e-02 7.822264e-02 
-2.458900e-04 -8.318300e-02 
2.626920e-02 -1.657541e-01 
2.379423e-02 -1.341693e-01 
8.663213e-03 -7.245276e-02 
-4.681072e-03 -4.403697e-03 
-1.569497e-02 6.687976e-02 
-1.433590e-02 1.104146e-01 
-7.842052e-03 8.393858e-02 
-6.297670e-01 -4.936782e-01 
-2.659932e-01 -2.894435e-01 
-1.188374e-01 5.390602e-02 
2.209898e-01 3.183460e-01 
1.947399e-01 5.091033e-01 
1.441563e-01 5.601372e-01 
6.417605e-02 4.804165e-01 
-1.102594e-02 2.471224e-01 
-1.984939e-02 6.426226e-02 
-1.029595e-02 -6.371102e-02 
1.028356e-02 -1.362568e-01 
2.314431e-02 -1.158754e-01 
1.374189e-02 -7.978282e-02 
5.305725e-03 -4.136979e-02 
-2.855766e-03 4.079972e-03 
-6.429259e-03 4.722603e-02 
-3.631564e-03 3.603600e-02 
7.850156e-01 8.003052e-02 
1.123529e-01 4.965398e-01 
8.448657e-02 6.364902e-01 
3.162530e-01 5.907715e-01 
1.984207e-01 5.652894e-01 
1.167240e-01 4.784818e-01 
4.628102e-02 3.461653e-01 
-4.523767e-03 1.783542e-01 
-1.097606e-02 4.539430e-02 
-3.110026e-03 -5.198911e-02 
1.208583e-02 -1.079818e-01 
1.712124e-02 -9.247317e-02 
8.911545e-03 -5.640346e-02 
1.694416e-03 -2.118449e-02 
-4.320481e-03 1.084032e-02 
-6.389993e-03 3.582045e-02 
-9.636744e-03 8.444491e-02 
5.870136e-01 2.541765e-01 
1.517417e-01 6.327061e-01 
2.184125e-01 7.397758e-01 
2.935134e-01 6.590393e-01 
1.529544e-01 5.523525e-01 
6.778526e-02 3.997376e-01 
3.875420e-03 2.265778e-01 
-1.632384e-02 7.961533e-02 
-1.093734e-02 -8.145515e-03 
-4.092825e-03 -6.131471e-02 
4.686119e-03 -8.354598e-02 
1.164060e-02 -6.181044e-02 
8.349335e-03 -4.629948e-02 
6.334284e-03 -3.907478e-02 
4.070214e-03 -3.133758e-02 
8.066855e-04 -1.236683e-02 
-6.652097e-03 5.523535e-02 
2.778729e-01 4.343409e-01 
2.164877e-01 7.676012e-01 
3.137611e-01 8.674154e-01 
2.819673e-01 7.223355e-01 
1.252284e-01 5.370989e-01 
3.917781e-02 3.263439e-01 
-1.326988e-02 1.178477e-01 
-1.354922e-02 -8.413208e-03 
-2.977843e-03 -7.143732e-02 
5.275149e-03 -9.809127e-02 
1.107905e-02 -8.543236e-02 
5.270911e-03 -3.037805e-02 
-7.997898e-04 3.829514e-03 
-2.390471e-03 1.392158e-02 
-1.576219e-05 -6.485656e-04 
3.676273e-03 -2.939170e-02 
-4.920829e-03 3.801059e-02 
-1.341272e-01 5.064946e-01 
2.591137e-01 7.833501e-01 
3.915320e-01 9.484834e-01 
2.919661e-01 8.223065e-01 
1.120908e-01 5.851818e-01 
1.508550e-02 3.090121e-01 
-3.339286e-02 4.712020e-02 
-1.203294e-02 -8.253718e-02 
2.580194e-03 -1.257578e-01 
9.624045e-03 -1.255682e-01 
1.125538e-02 -8.457981e-02 
1.800266e-03 -1.079173e-02 
-4.700138e-03 2.839579e-02 
-5.092711e-03 3.232979e-02 
3.263475e-04 6.368758e-04 
7.410146e-03 -4.971854e-02 
-5.132829e-04 3.770874e-03 
-4.713005e-01 4.028390e-01 
2.493093e-01 6.449221e-01 
3.500307e-01 8.526653e-01 
2.163214e-01 7.053867e-01 
6.510152e-02 4.415137e-01 
-1.216102e-02 1.556094e-01 
-3.571073e-02 -9.056695e-02 
-3.057216e-03 -1.481913e-01 
7.811481e-03 -1.367921e-01 
9.974888e-03 -9.515309e-02 
5.021902e-03 -2.595243e-02 
-7.153468e-03 4.458421e-02 
-1.033459e-02 6.213843e-02 
-6.587285e-03 4.026769e-02 
3.416749e-03 -1.808885e-02 
1.324468e-02 -8.338376e-02 
-7.737210e-04 5.307638e-03 
-8.052985e-01 1.748124e-01 
1.583492e-01 4.185397e-01 
3.890813e-01 7.724293e-01 
2.993108e-01 8.577738e-01 
1.161365e-01 7.242216e-01 
-2.969515e-03 4.555055e-01 
-6.966932e-02 8.573449e-02 
-3.561306e-03 -2.027255e-01 
2.265500e-02 -3.094320e-01 
3.148062e-02 -2.953552e-01 
2.646489e-02 -1.726713e-01 
-2.052678e-03 2.847136e-02 
-2.237380e-02 1.405182e-01 
-2.816252e-02 1.631359e-01 
-1.563438e-02 8.851828e-02 
1.547251e-02 -7.548055e-02 
2.226683e-02 -1.401615e-01 
