poroelastic
-4.833101e-02 9.228143e-02 
-3.661392e-02 1.823069e-01 
7.786428e-03 2.614058e-01 
7.567981e-02 3.135779e-01 
4.626441e-02 3.043768e-01 
2.414821e-02 2.420932e-01 
4.167383e-03 1.409659e-01 
-2.465531e-03 1.602532e-02 
1.532972e-03 -7.521528e-02 
7.793386e-03 -1.204914e-01 
1.011449e-02 -9.753370e-02 
-3.621526e-03 2.302723e-03 
-5.837630e-03 5.773071e-02 
-5.136018e-03 7.483242e-02 
-2.330752e-03 4.943856e-02 
-1.589975e-04 2.309098e-03 
-2.681347e-04 1.879496e-02 
-6.689430e-02 -1.328751e-01 
-2.625677e-02 -5.498395e-02 
-9.754243e-03 2.044342e-02 
3.528562e-02 1.343222e-01 
2.879668e-02 2.107692e-01 
1.590545e-02 2.298018e-01 
-5.819494e-03 1.629565e-01 
-7.792172e-03 6.021340e-03 
-8.547814e-04 -1.020599e-01 
6.143918e-03 -1.542167e-01 
9.718290e-03 -1.254475e-01 
-1.030483e-03 -5.702987e-03 
-4.602071e-03 6.264991e-02 
-4.000363e-03 8.608424e-02 
-3.631384e-04 5.452215e-02 
1.202753e-03 -3.000438e-02 
1.195938e-03 -7.451166e-02 
-2.271310e-01 -3.873185e-01 
-7.969040e-02 -2.000127e-01 
-2.323905e-02 5.376102e-02 
8.742727e-02 3.138223e-01 
6.566068e-02 4.391652e-01 
3.544858e-02 4.333650e-01 
-4.283327e-03 2.758840e-01 
-8.658967e-03 -7.381530e-03 
2.616393e-03 -1.828019e-01 
1.369315e-02 -2.551018e-01 
1.749386e-02 -1.955299e-01 
-3.943021e-03 -1.161135e-03 
-9.792895e-03 1.150370e-01 
-9.481917e-03 1.624317e-01 
-3.858534e-03 1.270778e-01 
8.827625e-04 -8.838580e-05 
2.007858e-03 -1.052249e-01 
-6.945811e-02 -5.406212e-01 
-8.044511e-02 -2.930256e-01 
-1.360119e-02 2.316642e-02 
7.277391e-02 2.900473e-01 
5.130242e-02 3.888856e-01 
2.338102e-02 3.636582e-01 
-1.024311e-02 2.224995e-01 
-9.629707e-03 -3.441036e-03 
8.508944e-04 -1.484658e-01 
9.744801e-03 -2.153504e-01 
1.368195e-02 -1.763229e-01 
-9.700624e-04 -1.476481e-02 
-6.479442e-03 8.409177e-02 
-6.480806e-03 1.243938e-01 
-1.888882e-03 9.290144e-02 
1.552079e-03 -2.145596e-02 
2.256289e-03 -1.146262e-01 
1.036643e+00 4.891906e-01 
2.196858e-01 9.239421e-01 
1.370361e-01 9.070737e-01 
1.015284e-01 6.205450e-01 
3.000528e-02 3.348323e-01 
-1.638864e-03 8.953222e-02 
-9.545758e-03 -7.639646e-02 
-2.996710e-06 -9.692071e-02 
3.987732e-03 -9.855578e-02 
6.213874e-03 -8.659951e-02 
5.259334e-03 -4.413243e-02 
-4.561178e-03 3.796283e-02 
-5.790890e-03 7.938768e-02 
-4.270714e-03 8.044556e-02 
-6.568446e-04 3.137612e-02 
1.409095e-03 -4.520677e-02 
1.318934e-04 -5.837835e-03 
7.357807e-01 6.791517e-01 
1.984686e-01 1.018280e+00 
1.532864e-01 9.393192e-01 
5.970274e-02 5.289529e-01 
4.267225e-03 1.926854e-01 
-1.473581e-02 -5.225677e-02 
-1.128006e-02 -1.743693e-01 
1.164619e-03 -1.116596e-01 
2.493803e-03 -6.397239e-02 
1.927209e-03 -3.011200e-02 
3.846396e-04 -1.059347e-03 
-1.852368e-03 2.378173e-02 
-1.732511e-03 3.113009e-02 
-5.274457e-04 1.816818e-02 
1.259776e-03 -2.307311e-02 
1.414465e-03 -5.610921e-02 
-8.504127e-04 3.681560e-02 
3.280229e-01 6.704824e-01 
1.914229e-01 9.949519e-01 
1.574931e-01 9.543357e-01 
5.037798e-02 5.282054e-01 
-1.105773e-03 1.646120e-01 
-1.708766e-02 -1.042267e-01 
-8.937237e-03 -2.279922e-01 
3.528150e-03 -1.387558e-01 
3.517049e-03 -6.805627e-02 
1.720517e-03 -1.419051e-02 
-1.184516e-03 2.613651e-02 
-3.337580e-03 4.464642e-02 
-2.388317e-03 4.334618e-02 
-6.408935e-04 2.191536e-02 
1.466435e-03 -2.615575e-02 
1.598663e-03 -5.867013e-02 
-7.798811e-04 3.172349e-02 
-7.854508e-02 3.958611e-01 
1.486675e-01 7.424523e-01 
1.348642e-01 8.005703e-01 
4.228140e-02 4.755168e-01 
-1.817999e-03 1.754077e-01 
-1.722854e-02 -6.384037e-02 
-1.087472e-02 -1.959461e-01 
3.620926e-03 -1.461988e-01 
4.562659e-03 -9.723734e-02 
3.373156e-03 -4.961218e-02 
5.428054e-04 -1.627506e-03 
-2.755279e-03 3.412688e-02 
-2.812294e-03 4.790701e-02 
-1.495839e-03 3.650868e-02 
8.915617e-04 -9.568459e-03 
1.585219e-03 -5.217754e-02 
-3.345140e-04 1.302564e-02 
-2.048920e-01 -1.595455e-01 
6.914441e-02 3.075018e-01 
8.762448e-02 5.190196e-01 
3.119177e-02 3.608500e-01 
-1.129002e-03 1.508984e-01 
-1.407864e-02 -4.122701e-02 
-9.553591e-03 -1.603202e-01 
3.407913e-03 -1.282797e-01 
4.054399e-03 -8.578575e-02 
2.605546e-03 -3.921355e-02 
-3.622786e-04 9.915586e-03 
-3.078980e-03 4.488380e-02 
-2.780198e-03 5.179861e-02 
-1.205840e-03 3.468139e-02 
1.329801e-03 -1.089784e-02 
2.089362e-03 -5.565201e-02 
5.504104e-04 -1.965668e-02 
-9.984137e-02 -6.697761e-01 
-7.825843e-03 -7.777061e-02 
7.196833e-02 3.314826e-01 
4.509159e-02 3.938887e-01 
1.127172e-02 3.086914e-01 
-1.152966e-02 1.521364e-01 
-1.939226e-02 -3.914351e-02 
3.239602e-03 -1.538943e-01 
9.150465e-03 -1.914504e-01 
1.016330e-02 -1.700357e-01 
6.166025e-03 -8.630828e-02 
-3.129024e-03 3.373391e-02 
-6.256650e-03 1.001726e-01 
-5.798674e-03 1.142862e-01 
-1.479085e-03 6.090066e-02 
2.770324e-03 -4.855017e-02 
3.207733e-03 -1.033209e-01 
