poroelastic
4.439402e-03 4.408699e-02 
7.514492e-03 5.024725e-02 
4.932207e-03 2.379873e-02 
-7.150608e-03 -5.323633e-03 
-5.895901e-03 -3.134073e-02 
-5.172747e-03 -5.286879e-02 
-3.029358e-03 -5.695354e-02 
5.644072e-04 -4.083712e-02 
8.786805e-04 -2.938189e-02 
4.288198e-04 -1.248733e-02 
-7.260144e-04 1.448632e-02 
-1.288682e-03 4.389254e-02 
-6.796884e-04 4.820179e-02 
7.344698e-04 2.993604e-02 
1.887172e-03 -1.429733e-02 
4.937878e-04 -6.483356e-02 
1.163758e-04 -6.874465e-02 
9.348548e-02 -1.141376e-01 
6.343664e-03 -9.924835e-02 
-2.413501e-03 -9.572800e-02 
-1.096185e-02 -7.677748e-02 
-5.325186e-03 -5.644093e-02 
-3.009397e-03 -3.942273e-02 
-1.620215e-03 -2.600684e-02 
2.723876e-04 -2.042125e-02 
5.839527e-04 -1.876738e-02 
3.992469e-04 -1.023869e-02 
-4.215823e-04 8.851993e-03 
-1.069491e-03 3.261807e-02 
-7.338240e-04 3.921073e-02 
2.949231e-04 2.657507e-02 
1.348673e-03 -9.814042e-03 
5.181656e-04 -5.169377e-02 
1.197623e-04 -4.698264e-02 
1.006625e-01 -1.474262e-01 
3.613937e-03 -4.910703e-02 
2.650533e-03 1.108743e-02 
-3.159564e-03 2.187861e-02 
-3.192151e-03 1.681281e-02 
-4.521913e-03 -1.427498e-03 
-4.677548e-03 -3.188929e-02 
1.015373e-03 -6.284832e-02 
2.470269e-03 -7.158878e-02 
2.431999e-03 -5.507842e-02 
4.407116e-04 -8.041560e-03 
-2.540679e-03 5.569394e-02 
-2.236468e-03 7.975867e-02 
-5.235264e-04 6.501727e-02 
1.754511e-03 4.872939e-03 
1.029910e-03 -7.452590e-02 
3.098705e-04 -8.420262e-02 
3.140118e-01 -1.777763e-01 
2.140761e-02 -1.349684e-01 
-3.677668e-03 -7.870558e-02 
-1.259623e-02 -7.046975e-02 
-7.082761e-03 -6.964241e-02 
-4.510098e-03 -6.742270e-02 
-2.097815e-03 -5.852064e-02 
9.282120e-04 -4.018309e-02 
9.503129e-04 -2.661099e-02 
4.235071e-04 -1.023808e-02 
-6.346200e-04 1.365726e-02 
-1.388143e-03 4.202062e-02 
-1.023973e-03 5.083500e-02 
1.674926e-04 3.650049e-02 
1.674384e-03 -6.156199e-03 
8.853004e-04 -6.296755e-02 
2.894120e-04 -7.322627e-02 
2.360505e-01 4.193324e-01 
4.068290e-02 4.933571e-01 
1.298155e-02 3.130696e-01 
-1.783067e-02 -9.224560e-03 
-1.437772e-02 -2.143536e-01 
-6.082767e-03 -3.045831e-01 
5.189624e-03 -2.494073e-01 
2.594578e-03 -4.969554e-02 
-2.556496e-03 7.313445e-02 
-5.566235e-03 1.313649e-01 
-5.335069e-03 1.195942e-01 
8.701340e-05 4.074722e-02 
1.797756e-03 -1.391333e-02 
2.459998e-03 -5.252757e-02 
1.996377e-03 -7.519809e-02 
5.024489e-04 -6.006565e-02 
-4.420295e-05 8.611581e-03 
4.155205e-02 3.505082e-01 
1.504173e-02 3.225756e-01 
-1.184681e-02 1.412710e-01 
-2.139461e-02 -1.318732e-01 
-1.135220e-02 -2.842669e-01 
-1.496872e-03 -3.254958e-01 
7.596694e-03 -2.264156e-01 
9.691267e-04 -6.012239e-03 
-4.857198e-03 1.221954e-01 
-7.657401e-03 1.730369e-01 
-5.600451e-03 1.329408e-01 
1.963122e-03 1.318296e-02 
3.363374e-03 -5.802328e-02 
3.184881e-03 -9.243438e-02 
1.577903e-03 -8.578219e-02 
1.740253e-04 -3.367876e-02 
-1.001495e-04 2.278257e-02 
1.811538e-02 2.148119e-01 
1.120600e-02 2.312944e-01 
-1.116347e-02 1.168765e-01 
-1.464581e-02 -9.590767e-02 
-7.320840e-03 -2.200250e-01 
7.859570e-05 -2.571349e-01 
6.584899e-03 -1.788209e-01 
7.558239e-04 -5.965886e-03 
-3.708472e-03 9.388886e-02 
-5.798464e-03 1.337254e-01 
-4.164284e-03 1.020240e-01 
1.160700e-03 1.176783e-02 
2.212194e-03 -3.970608e-02 
2.094370e-03 -6.291482e-02 
9.932072e-04 -5.524338e-02 
1.092561e-04 -1.983432e-02 
-5.080271e-05 1.097631e-02 
3.101898e-02 -1.593427e-02 
-4.799612e-03 6.349817e-02 
-1.645923e-02 2.930560e-02 
-1.436435e-02 -1.045322e-01 
-6.845075e-03 -1.806626e-01 
-8.018676e-04 -2.002519e-01 
4.428884e-03 -1.413147e-01 
8.733781e-04 -1.606079e-02 
-2.536141e-03 6.031743e-02 
-4.298759e-03 9.593217e-02 
-3.194173e-03 8.046081e-02 
7.070776e-04 2.115297e-02 
1.589511e-03 -1.597309e-02 
1.875031e-03 -3.844315e-02 
1.395558e-03 -4.581119e-02 
3.323503e-04 -3.830168e-02 
1.207057e-04 -2.549494e-02 
1.086881e-01 -2.688312e-01 
-1.358439e-02 -1.028279e-01 
-8.247107e-03 -2.606385e-02 
-5.221565e-03 -5.062476e-02 
-2.221302e-03 -6.602509e-02 
-1.386793e-04 -6.700033e-02 
1.572573e-03 -4.564134e-02 
3.066794e-04 -5.215198e-03 
-7.943390e-04 1.952484e-02 
-1.374234e-03 3.163118e-02 
-1.086519e-03 2.701918e-02 
1.595911e-05 1.016191e-02 
2.875661e-04 1.349490e-03 
4.707405e-04 -5.093833e-03 
5.185120e-04 -1.159405e-02 
1.995740e-04 -1.777038e-02 
8.895804e-05 -1.524678e-02 
3.372510e-01 -4.346697e-01 
-1.921970e-02 -2.563567e-01 
-1.863165e-02 -1.059123e-01 
-7.902277e-03 -5.575905e-02 
-3.780746e-03 -3.813808e-02 
-2.885082e-03 -3.705484e-02 
-1.480693e-03 -4.418020e-02 
1.874895e-03 -4.520726e-02 
1.458363e-03 -3.233529e-02 
4.748157e-04 -1.054183e-02 
-4.657839e-04 1.375473e-02 
-7.216497e-04 3.266601e-02 
-5.652911e-04 3.842817e-02 
2.386601e-04 2.868507e-02 
1.312694e-03 -6.153323e-04 
8.837799e-04 -4.976676e-02 
6.714619e-04 -9.282647e-02 
