poroelastic
1.420114e-01 7.768035e-04 
1.447837e-01 -7.513938e-02 
4.667731e-02 -2.165944e-01 
-1.977780e-01 -3.545392e-01 
-1.381305e-01 -4.232461e-01 
-8.845242e-02 -4.009853e-01 
-3.992648e-02 -3.167348e-01 
3.648539e-03 -1.655211e-01 
3.577600e-03 -2.938190e-02 
-1.150207e-02 6.248734e-02 
-2.424686e-02 9.219117e-02 
-2.918308e-04 3.155451e-02 
7.535772e-03 -9.648934e-03 
9.391538e-03 -2.552214e-02 
8.668259e-03 -2.748485e-02 
3.836435e-03 -3.671889e-02 
4.329493e-03 -7.099739e-02 
2.165715e-01 1.352697e-01 
1.045840e-01 8.653732e-02 
4.871712e-02 -3.489277e-02 
-1.249970e-01 -2.119644e-01 
-1.000209e-01 -3.439495e-01 
-6.316136e-02 -3.862832e-01 
-5.169332e-03 -3.269436e-01 
2.558749e-02 -1.501379e-01 
1.432645e-02 3.529659e-03 
-5.140992e-03 1.136439e-01 
-2.845403e-02 1.606844e-01 
-2.166507e-02 1.012227e-01 
-7.094361e-03 5.233497e-02 
2.700505e-03 6.469523e-03 
7.425794e-03 -2.865602e-02 
3.887209e-03 -3.588574e-02 
3.203140e-03 -4.584426e-02 
5.017163e-01 4.047371e-01 
2.158708e-01 2.882236e-01 
1.062914e-01 4.417678e-03 
-2.254713e-01 -3.364244e-01 
-1.839510e-01 -5.787329e-01 
-1.182623e-01 -6.532895e-01 
-2.011199e-02 -5.334360e-01 
3.000706e-02 -2.001134e-01 
8.195444e-03 5.438484e-02 
-2.457325e-02 2.108712e-01 
-5.126906e-02 2.406981e-01 
-1.661095e-02 1.026837e-01 
7.369232e-03 -6.488487e-03 
1.817139e-02 -7.781944e-02 
1.774353e-02 -1.065111e-01 
6.362863e-03 -6.179487e-02 
-9.840031e-04 1.156601e-02 
4.719446e-01 5.855322e-01 
2.200639e-01 3.685298e-01 
7.457584e-02 -2.165874e-02 
-2.240350e-01 -4.102238e-01 
-1.661800e-01 -6.007046e-01 
-9.048289e-02 -6.052689e-01 
5.069412e-03 -4.561061e-01 
3.868967e-02 -1.705553e-01 
1.430680e-02 5.341513e-02 
-1.543694e-02 1.996444e-01 
-4.165012e-02 2.350976e-01 
-2.265354e-02 1.082503e-01 
-8.102836e-04 1.400887e-02 
9.025897e-03 -4.481551e-02 
9.211971e-03 -6.598061e-02 
1.631625e-03 -2.330742e-02 
-4.397654e-03 4.711080e-02 
-8.737998e-01 -1.424358e-01 
-1.608746e-01 -5.633644e-01 
-1.317340e-01 -7.015481e-01 
-2.929710e-01 -7.070011e-01 
-1.527962e-01 -6.203628e-01 
-6.314135e-02 -4.532838e-01 
1.273115e-03 -2.550574e-01 
1.885265e-02 -8.464116e-02 
4.579602e-03 4.572657e-02 
-1.411868e-02 1.337723e-01 
-3.062688e-02 1.555860e-01 
-1.224827e-02 6.669637e-02 
3.073727e-03 -2.308406e-03 
9.177669e-03 -3.884906e-02 
8.687905e-03 -4.349826e-02 
2.744190e-03 -1.423106e-02 
4.047470e-03 -3.756430e-02 
-6.758017e-01 -3.363850e-01 
-1.866149e-01 -7.166781e-01 
-2.358953e-01 -8.258191e-01 
-2.531942e-01 -7.532479e-01 
-1.076488e-01 -5.854126e-01 
-2.517183e-02 -3.674456e-01 
2.663871e-02 -1.491081e-01 
2.173186e-02 -1.683843e-02 
4.078529e-03 7.363856e-02 
-1.014471e-02 1.285498e-01 
-2.076602e-02 1.308874e-01 
-1.208201e-02 5.634165e-02 
-4.913978e-04 2.757343e-03 
3.320489e-03 -2.004690e-02 
7.318057e-04 -8.817741e-03 
-4.036535e-03 3.064073e-02 
5.775221e-04 -5.048483e-03 
-3.102147e-01 -4.746829e-01 
-2.246241e-01 -8.127098e-01 
-2.912479e-01 -9.235154e-01 
-2.143211e-01 -7.559374e-01 
-7.243361e-02 -4.955836e-01 
-2.639698e-03 -2.252926e-01 
2.612821e-02 -6.739910e-03 
1.075511e-02 4.985891e-02 
-1.349509e-03 7.871753e-02 
-8.845196e-03 9.295620e-02 
-1.299373e-02 7.861202e-02 
-4.664255e-03 2.273805e-02 
1.017583e-03 -4.928855e-03 
1.354394e-03 -7.732308e-03 
-1.771750e-03 1.159154e-02 
-4.281886e-03 3.563774e-02 
5.354362e-03 -4.306560e-02 
1.312899e-01 -4.600654e-01 
-2.413747e-01 -7.877519e-01 
-3.352550e-01 -9.754017e-01 
-2.167198e-01 -8.196878e-01 
-6.644052e-02 -5.422636e-01 
8.691567e-03 -2.422678e-01 
3.745361e-02 1.809572e-02 
8.856209e-03 1.021488e-01 
-7.740855e-03 1.334453e-01 
-1.563851e-02 1.334014e-01 
-1.651257e-02 9.311928e-02 
-2.349114e-03 1.317668e-02 
6.554608e-03 -3.399533e-02 
7.491598e-03 -4.403389e-02 
5.322995e-04 -9.559838e-03 
-8.022183e-03 5.307199e-02 
-2.374639e-04 1.810338e-03 
4.472563e-01 -1.810770e-01 
-1.941227e-01 -5.677308e-01 
-2.749221e-01 -8.332979e-01 
-1.517323e-01 -6.764016e-01 
-3.208528e-02 -3.785235e-01 
2.279496e-02 -7.461801e-02 
2.909913e-02 1.478122e-01 
-6.693540e-04 1.364881e-01 
-7.426089e-03 9.610668e-02 
-6.155564e-03 5.374438e-02 
-6.159080e-04 7.674920e-03 
5.594033e-03 -2.954036e-02 
4.743611e-03 -2.723874e-02 
2.581810e-04 -5.176870e-03 
-6.866892e-03 3.443997e-02 
-1.086799e-02 7.024780e-02 
3.330254e-03 -2.349947e-02 
7.043204e-01 1.921215e-01 
-9.256176e-02 -2.812735e-01 
-2.923175e-01 -7.259017e-01 
-2.137969e-01 -7.925925e-01 
-7.329527e-02 -6.353497e-01 
1.406363e-02 -3.666684e-01 
5.781152e-02 -3.035182e-02 
4.354659e-03 1.813694e-01 
-2.246210e-02 2.523603e-01 
-3.151334e-02 2.339553e-01 
-2.521723e-02 1.329826e-01 
3.644121e-03 -1.991769e-02 
2.003725e-02 -1.046311e-01 
2.195502e-02 -1.174342e-01 
7.302679e-03 -4.807046e-02 
-1.617307e-02 8.261237e-02 
-1.192259e-02 7.677186e-02 
