poroelastic
3.776766e-02 -1.069472e-01 
2.469531e-02 -1.816852e-01 
-1.575766e-02 -2.288622e-01 
-7.158617e-02 -2.627693e-01 
-4.126464e-02 -2.433637e-01 
-2.049773e-02 -1.844546e-01 
-4.537071e-03 -1.130195e-01 
1.376107e-03 -2.648910e-02 
-2.940245e-03 5.550261e-02 
-9.619202e-03 1.028121e-01 
-1.091385e-02 8.506428e-02 
5.927744e-03 -2.001001e-02 
7.836307e-03 -7.036895e-02 
5.932851e-03 -7.455095e-02 
2.021440e-03 -3.537033e-02 
-1.565408e-04 1.203181e-02 
4.398347e-04 -2.216195e-02 
6.187681e-02 7.214067e-02 
1.910662e-02 1.787147e-02 
6.536530e-03 -1.082866e-02 
-2.884750e-02 -8.348805e-02 
-2.401207e-02 -1.514847e-01 
-1.326239e-02 -1.773652e-01 
5.105885e-03 -1.423209e-01 
6.633145e-03 -3.096373e-02 
-6.134155e-04 7.259764e-02 
-8.571499e-03 1.345984e-01 
-1.188605e-02 1.179495e-01 
2.167521e-03 -1.978100e-03 
6.272035e-03 -6.836062e-02 
5.184130e-03 -8.645219e-02 
2.639933e-04 -4.178810e-02 
-1.832373e-03 4.651807e-02 
-9.483164e-04 4.309760e-02 
2.852148e-01 2.733661e-01 
6.984373e-02 8.782682e-02 
4.476868e-03 -1.160688e-01 
-9.055376e-02 -2.992057e-01 
-6.287492e-02 -3.892097e-01 
-3.059296e-02 -3.709261e-01 
6.588005e-03 -2.322794e-01 
7.037171e-03 4.348239e-03 
-6.400014e-03 1.649775e-01 
-1.859739e-02 2.344287e-01 
-2.027556e-02 1.763976e-01 
7.160314e-03 -1.995777e-02 
1.351065e-02 -1.313251e-01 
1.184863e-02 -1.638722e-01 
3.807472e-03 -1.039617e-01 
-1.783727e-03 2.960989e-02 
-1.755956e-03 6.962916e-02 
6.439764e-02 4.855612e-01 
7.556350e-02 2.675362e-01 
1.061075e-02 -7.300784e-03 
-6.969404e-02 -2.399798e-01 
-4.787433e-02 -3.231968e-01 
-2.098895e-02 -2.986317e-01 
8.822784e-03 -1.894444e-01 
8.477914e-03 -2.237144e-02 
-2.453838e-03 1.098562e-01 
-1.266226e-02 1.842866e-01 
-1.663897e-02 1.615744e-01 
2.051716e-03 1.000727e-02 
8.696836e-03 -8.737358e-02 
8.393535e-03 -1.247292e-01 
2.303542e-03 -8.515288e-02 
-1.988241e-03 3.172402e-02 
-2.182284e-03 8.664711e-02 
-9.219714e-01 -5.255636e-01 
-2.456828e-01 -9.409093e-01 
-1.476529e-01 -8.603093e-01 
-8.524821e-02 -5.190915e-01 
-1.450208e-02 -1.968595e-01 
9.222320e-03 5.012815e-02 
3.353804e-03 1.594192e-01 
-3.994535e-03 6.486994e-02 
-2.463426e-03 1.478931e-02 
-1.703184e-03 -1.679145e-03 
-9.467815e-04 -5.780200e-03 
3.619069e-03 -2.453344e-02 
3.598273e-03 -3.691784e-02 
2.336271e-03 -3.189906e-02 
6.228732e-05 4.565055e-05 
-9.932015e-04 3.607285e-02 
1.118268e-03 -3.938583e-02 
-6.194675e-01 -6.550757e-01 
-2.023327e-01 -9.245737e-01 
-1.424260e-01 -8.018305e-01 
-4.361253e-02 -3.980528e-01 
6.595167e-03 -6.892407e-02 
1.679980e-02 1.510689e-01 
2.790933e-03 2.122602e-01 
-3.585097e-03 5.743633e-02 
1.067604e-03 -2.843316e-02 
4.561292e-03 -5.938915e-02 
4.565248e-03 -4.408236e-02 
-9.457592e-04 -6.516095e-04 
-2.285623e-03 2.107704e-02 
-2.488646e-03 3.385373e-02 
-1.768373e-03 4.365873e-02 
-5.870965e-04 2.945515e-02 
1.897215e-03 -6.488707e-02 
-3.061232e-01 -6.480859e-01 
-1.997723e-01 -9.483772e-01 
-1.615013e-01 -8.916922e-01 
-4.529298e-02 -4.544259e-01 
8.537084e-03 -7.616271e-02 
1.868604e-02 1.877550e-01 
6.170004e-04 2.662572e-01 
-6.413679e-03 9.444667e-02 
-8.978661e-04 -1.115325e-02 
3.618476e-03 -6.156511e-02 
5.233580e-03 -5.988843e-02 
1.490414e-03 -1.815381e-02 
-6.633447e-04 6.431995e-03 
-1.442400e-03 2.266825e-02 
-1.194998e-03 3.528464e-02 
-3.357380e-04 2.164128e-02 
2.161641e-03 -6.803322e-02 
6.512148e-02 -3.629630e-01 
-1.530345e-01 -7.267473e-01 
-1.462947e-01 -7.887559e-01 
-4.076674e-02 -4.315936e-01 
8.343715e-03 -1.038945e-01 
1.968743e-02 1.417730e-01 
4.282913e-03 2.404153e-01 
-6.349338e-03 1.152662e-01 
-2.829855e-03 3.014298e-02 
9.093270e-04 -2.126151e-02 
3.254798e-03 -3.801319e-02 
2.164330e-03 -2.325674e-02 
1.010364e-03 -1.503421e-02 
-9.882821e-05 -2.709046e-03 
-1.303727e-03 2.217013e-02 
-1.184316e-03 3.524221e-02 
1.154891e-03 -3.453216e-02 
2.347820e-01 2.054528e-01 
-8.191148e-02 -3.592534e-01 
-1.158171e-01 -6.116461e-01 
-3.873796e-02 -3.897724e-01 
4.790299e-03 -1.238707e-01 
1.751476e-02 1.015581e-01 
5.304990e-03 2.126378e-01 
-6.391746e-03 1.194774e-01 
-3.794355e-03 4.551511e-02 
-2.982743e-04 -7.149649e-03 
2.998254e-03 -3.681871e-02 
3.644649e-03 -3.913828e-02 
2.230034e-03 -3.146521e-02 
3.657269e-04 -1.272693e-02 
-1.815939e-03 2.277451e-02 
-1.956733e-03 4.682917e-02 
7.382104e-04 -2.008308e-02 
1.515504e-01 8.182680e-01 
1.652084e-02 9.586521e-02 
-9.879452e-02 -3.989826e-01 
-6.578065e-02 -4.468334e-01 
-1.685834e-02 -3.355421e-01 
1.271663e-02 -1.507126e-01 
2.012479e-02 6.067216e-02 
-6.166493e-03 1.607992e-01 
-1.296376e-02 1.838935e-01 
-1.349112e-02 1.526600e-01 
-7.235513e-03 6.853227e-02 
5.944696e-03 -4.434600e-02 
9.368725e-03 -1.063504e-01 
7.990868e-03 -1.149996e-01 
1.744800e-03 -5.402335e-02 
-3.410459e-03 5.480690e-02 
-2.672827e-03 6.569652e-02 
