poroelastic
5.236977e-02 -4.317490e-02 
5.095113e-02 -5.787363e-02 
3.491350e-02 -2.782161e-02 
-5.462939e-02 -4.235924e-02 
-5.736856e-02 -1.361731e-01 
-5.425098e-02 -2.228150e-01 
-3.167702e-02 -2.918208e-01 
9.587510e-03 -1.991621e-01 
9.452951e-03 -9.658034e-03 
-1.256641e-02 1.435610e-01 
-3.748185e-02 1.939220e-01 
-3.536463e-03 5.026772e-02 
1.325159e-02 -5.360980e-02 
1.421594e-02 -8.639502e-02 
6.651908e-03 -5.925750e-02 
-5.146927e-06 6.038041e-04 
1.489860e-04 -2.633235e-03 
-3.113155e-02 -1.209130e-01 
-1.252299e-02 1.016982e-02 
4.915355e-02 2.087276e-01 
4.523412e-02 2.248483e-01 
-6.041702e-03 5.058620e-02 
-3.402150e-02 -1.558623e-01 
-1.586783e-02 -3.006762e-01 
2.157734e-02 -2.104739e-01 
1.809555e-02 -2.087306e-02 
-4.618941e-03 1.537082e-01 
-3.684738e-02 2.369595e-01 
-1.661053e-02 1.010644e-01 
5.274156e-03 -1.714145e-02 
1.264786e-02 -8.583381e-02 
7.615853e-03 -9.086717e-02 
-1.977553e-03 1.160803e-02 
-4.298588e-03 6.769890e-02 
3.482962e-01 -1.250829e-01 
5.888694e-02 -1.066980e-01 
3.108138e-02 -4.391611e-02 
-6.820292e-02 -6.084106e-02 
-7.541832e-02 -2.106174e-01 
-6.455510e-02 -3.344821e-01 
-1.580009e-02 -3.586438e-01 
2.210544e-02 -1.601132e-01 
7.591533e-03 6.844601e-02 
-2.249614e-02 2.345128e-01 
-5.065675e-02 2.693170e-01 
-7.538545e-03 7.396490e-02 
1.911301e-02 -8.545371e-02 
2.652611e-02 -1.689659e-01 
1.530423e-02 -1.475747e-01 
-3.056330e-03 1.308193e-02 
-7.076914e-03 9.411409e-02 
3.291029e-01 6.728511e-03 
5.895649e-02 -3.115667e-02 
1.626209e-02 -4.831962e-02 
-6.541300e-02 -9.625581e-02 
-6.063574e-02 -1.954777e-01 
-4.386719e-02 -2.585778e-01 
-3.914746e-03 -2.623839e-01 
2.181654e-02 -1.369821e-01 
1.064474e-02 3.076871e-02 
-1.163572e-02 1.689048e-01 
-3.554334e-02 2.163141e-01 
-1.121096e-02 7.418644e-02 
1.041331e-02 -4.997335e-02 
1.747824e-02 -1.180709e-01 
9.505728e-03 -1.023234e-01 
-5.023678e-03 3.227954e-02 
-7.483200e-03 9.296033e-02 
-5.298946e-01 -3.126693e-01 
-1.787988e-01 -6.141486e-01 
-1.303078e-01 -5.328330e-01 
-9.072342e-02 -2.986207e-01 
-2.319455e-02 -1.296249e-01 
2.771690e-03 -1.265770e-02 
6.234937e-03 2.713289e-02 
4.944715e-03 -3.540323e-02 
6.158056e-03 -2.944927e-02 
1.807187e-03 1.877819e-02 
-9.239062e-03 6.996600e-02 
-8.005671e-03 4.428712e-02 
1.404989e-03 -6.507555e-03 
5.606855e-03 -3.837408e-02 
2.704450e-03 -2.962230e-02 
-4.736015e-03 4.079117e-02 
-9.696099e-04 1.056625e-02 
-4.423707e-01 -4.406232e-01 
-1.973676e-01 -6.986692e-01 
-1.730658e-01 -6.215089e-01 
-7.451164e-02 -3.317593e-01 
-2.822171e-03 -1.020756e-01 
2.055027e-02 5.830570e-02 
1.508679e-02 1.157500e-01 
3.977724e-03 1.028944e-02 
6.618772e-03 -3.470732e-02 
8.232851e-03 -2.657620e-02 
2.889714e-03 1.339884e-02 
-8.026503e-03 3.630244e-02 
-5.388766e-03 2.610125e-02 
-3.229015e-03 1.521572e-02 
-3.463963e-03 1.919330e-02 
-4.880256e-03 4.425605e-02 
9.330719e-04 -9.607758e-03 
-2.744837e-01 -5.711417e-01 
-2.518631e-01 -8.723387e-01 
-2.342379e-01 -8.299218e-01 
-6.348926e-02 -4.059533e-01 
2.502443e-02 -2.383777e-02 
4.334531e-02 2.381575e-01 
1.157885e-02 3.058145e-01 
-8.266232e-03 7.995390e-02 
3.204478e-03 -6.435124e-02 
1.501537e-02 -1.177830e-01 
1.760843e-02 -8.691890e-02 
-1.372276e-03 -2.007791e-03 
-8.131301e-03 4.107121e-02 
-9.955626e-03 5.965428e-02 
-8.661874e-03 6.332920e-02 
-4.481245e-03 4.511861e-02 
6.463845e-03 -6.143124e-02 
1.389627e-02 -5.410868e-01 
-2.733674e-01 -8.989609e-01 
-2.783811e-01 -9.418633e-01 
-7.672126e-02 -4.944156e-01 
2.297118e-02 -8.960282e-02 
4.804574e-02 2.051150e-01 
1.878713e-02 3.231954e-01 
-8.219313e-03 1.335857e-01 
-6.160545e-04 -4.606271e-03 
1.039129e-02 -7.960832e-02 
1.582439e-02 -8.440943e-02 
2.059096e-03 -1.936606e-02 
-3.326926e-03 1.303204e-02 
-6.322262e-03 3.367439e-02 
-8.702124e-03 5.496887e-02 
-7.787918e-03 6.375713e-02 
2.264333e-03 -2.034481e-02 
2.757742e-01 -2.270120e-01 
-2.391588e-01 -7.482939e-01 
-2.598326e-01 -9.196106e-01 
-4.538326e-02 -4.463255e-01 
4.802671e-02 3.679026e-02 
5.854839e-02 3.824067e-01 
2.261386e-03 4.692726e-01 
-1.895389e-02 1.525822e-01 
1.697710e-03 -8.082997e-02 
2.241989e-02 -2.026260e-01 
3.237896e-02 -1.940856e-01 
7.482767e-03 -5.063476e-02 
-9.000460e-03 4.831480e-02 
-1.716851e-02 1.045808e-01 
-1.694504e-02 1.161927e-01 
-6.015248e-03 5.587556e-02 
1.190346e-02 -9.887491e-02 
5.361613e-01 2.019352e-01 
-1.531489e-01 -4.916859e-01 
-3.009778e-01 -8.959033e-01 
-1.269680e-01 -6.431370e-01 
-5.758274e-03 -3.201317e-01 
4.856396e-02 3.976402e-03 
4.078326e-02 2.725833e-01 
-1.410331e-02 2.578052e-01 
-1.748723e-02 1.684689e-01 
-7.889808e-03 5.204097e-02 
7.187148e-03 -5.518618e-02 
1.417724e-02 -8.689822e-02 
1.359507e-02 -8.418103e-02 
7.204436e-03 -4.729909e-02 
-6.456354e-03 3.127709e-02 
-1.822813e-02 1.151272e-01 
-6.243160e-03 4.704412e-02 
