poroelastic
-1.310259e-01 -4.537434e-02 
-1.413911e-01 3.046584e-02 
-6.443111e-02 1.895504e-01 
1.428703e-01 2.752437e-01 
1.105565e-01 2.929207e-01 
7.945375e-02 2.361338e-01 
6.269258e-02 1.324209e-01 
3.968980e-02 7.872836e-02 
1.780851e-02 9.568928e-02 
5.682484e-03 1.201763e-01 
-7.542172e-03 1.093612e-01 
-3.967139e-03 5.047360e-03 
4.127400e-03 -4.958424e-02 
1.531742e-03 -5.388992e-02 
-6.950080e-03 -9.223402e-03 
-8.377513e-03 8.282883e-02 
-8.738132e-03 1.438383e-01 
-2.741300e-01 -2.176467e-01 
-1.299767e-01 -6.305473e-02 
-3.527781e-02 1.847683e-01 
1.446039e-01 3.119625e-01 
1.038369e-01 3.273809e-01 
6.417244e-02 2.558798e-01 
3.098173e-02 1.334696e-01 
9.784578e-03 4.120517e-02 
2.482441e-03 4.081324e-02 
-5.096339e-03 6.833112e-02 
-1.313872e-02 7.118082e-02 
4.091321e-03 -1.500334e-02 
1.208974e-02 -7.842049e-02 
1.139832e-02 -1.034897e-01 
1.704929e-03 -6.840982e-02 
-6.384632e-03 5.163217e-02 
-9.313348e-03 1.390293e-01 
-3.629543e-01 -5.138699e-01 
-2.262630e-01 -3.767778e-01 
-1.293982e-01 -4.184985e-02 
1.756018e-01 2.531858e-01 
1.632007e-01 4.275316e-01 
1.265057e-01 4.676477e-01 
7.068714e-02 3.724074e-01 
1.089295e-02 1.659323e-01 
-1.506749e-03 5.683080e-02 
-1.989873e-04 2.541380e-03 
4.744341e-03 -2.634490e-02 
9.695263e-03 -6.246941e-02 
9.239419e-03 -7.411538e-02 
3.514653e-03 -5.332629e-02 
-7.312872e-03 1.103037e-02 
-1.222453e-02 1.076211e-01 
-7.642185e-03 9.749469e-02 
-3.937056e-01 -6.118191e-01 
-2.337632e-01 -3.986710e-01 
-9.532651e-02 6.493517e-03 
1.948538e-01 3.320084e-01 
1.614881e-01 4.728457e-01 
1.080271e-01 4.583575e-01 
4.403981e-02 3.278152e-01 
-2.373512e-03 1.276369e-01 
-6.025402e-03 2.187679e-02 
-2.218721e-03 -2.720922e-02 
3.381520e-03 -4.446924e-02 
9.919073e-03 -5.706756e-02 
9.221729e-03 -6.455845e-02 
5.152134e-03 -5.049798e-02 
-3.033095e-03 -2.599624e-03 
-8.574542e-03 7.488117e-02 
-4.459390e-03 5.328461e-02 
5.804409e-01 -6.458910e-02 
6.931635e-02 2.256584e-01 
4.904984e-02 4.352599e-01 
2.719235e-01 5.295116e-01 
1.797661e-01 5.530134e-01 
1.056730e-01 4.759490e-01 
3.931843e-02 3.202468e-01 
-1.614365e-03 1.077882e-01 
-1.277874e-03 -2.046732e-02 
7.597686e-03 -7.951895e-02 
1.539703e-02 -8.082213e-02 
5.741824e-03 -4.230496e-02 
4.619755e-04 -1.649655e-02 
-3.114913e-03 4.317933e-03 
-6.841980e-03 2.839427e-02 
-8.399688e-03 6.353966e-02 
-6.995841e-03 7.389834e-02 
4.021481e-01 4.828774e-02 
7.898359e-02 3.056652e-01 
1.391669e-01 4.652500e-01 
2.437122e-01 5.387386e-01 
1.420311e-01 5.278191e-01 
7.088804e-02 4.302665e-01 
8.987509e-03 2.638337e-01 
-1.153502e-02 5.567803e-02 
-2.523228e-03 -6.232689e-02 
7.482378e-03 -1.094686e-01 
1.362995e-02 -9.466559e-02 
4.882248e-03 -3.384676e-02 
-3.057329e-04 -3.637000e-03 
-2.138081e-03 8.217979e-03 
-2.762069e-03 1.206024e-02 
-2.989376e-03 2.080261e-02 
-4.151529e-03 4.155501e-02 
1.466285e-01 1.237501e-01 
8.238809e-02 2.966260e-01 
1.748735e-01 4.328799e-01 
2.340844e-01 5.327987e-01 
1.348330e-01 5.492495e-01 
6.401610e-02 4.677883e-01 
-2.098698e-03 2.838082e-01 
-1.413690e-02 2.282415e-02 
2.041652e-03 -1.325859e-01 
1.795428e-02 -1.931196e-01 
2.593517e-02 -1.546977e-01 
3.403817e-03 -2.947401e-02 
-8.229392e-03 4.461420e-02 
-1.187956e-02 7.456707e-02 
-9.097117e-03 6.335835e-02 
-2.138388e-03 1.626160e-02 
-1.240922e-03 1.153392e-02 
-1.245178e-01 1.524902e-01 
7.482134e-02 2.324612e-01 
1.941276e-01 3.848098e-01 
2.268014e-01 5.428731e-01 
1.216479e-01 5.548313e-01 
4.631534e-02 4.544584e-01 
-1.816225e-02 2.536029e-01 
-1.390948e-02 -8.378292e-03 
5.171865e-03 -1.566377e-01 
1.991379e-02 -2.112628e-01 
2.562894e-02 -1.668573e-01 
4.048037e-03 -3.071215e-02 
-8.040747e-03 4.862362e-02 
-1.202304e-02 7.939362e-02 
-8.936931e-03 6.417077e-02 
-9.558648e-04 8.093481e-03 
6.055629e-04 -5.335641e-03 
-3.216576e-01 1.465174e-01 
5.282658e-02 1.162024e-01 
1.538716e-01 2.554653e-01 
1.865028e-01 4.517037e-01 
1.047392e-01 5.166317e-01 
3.556522e-02 4.504261e-01 
-2.867311e-02 2.419640e-01 
-1.252109e-02 -5.307108e-02 
1.084110e-02 -2.186636e-01 
2.702606e-02 -2.680234e-01 
2.994518e-02 -1.882214e-01 
-5.538187e-04 4.430057e-03 
-1.660175e-02 1.088387e-01 
-2.044312e-02 1.379261e-01 
-1.238668e-02 9.095723e-02 
4.500142e-03 -2.631841e-02 
7.946422e-03 -6.505284e-02 
-4.287160e-01 6.118441e-02 
-1.618053e-02 -4.763666e-02 
1.296947e-01 1.077455e-01 
2.008976e-01 4.321895e-01 
1.160992e-01 5.535004e-01 
3.741694e-02 5.115410e-01 
-3.787955e-02 3.094966e-01 
-1.185664e-02 -1.493094e-02 
1.336930e-02 -2.069386e-01 
2.962327e-02 -2.916114e-01 
3.483432e-02 -2.488418e-01 
1.000553e-02 -5.633201e-02 
-1.077653e-02 7.832847e-02 
-2.211571e-02 1.476410e-01 
-2.129304e-02 1.402682e-01 
-2.835752e-03 2.912467e-02 
1.283815e-02 -9.566983e-02 
