poroelastic
9.024408e-02 2.230142e-02 
9.310461e-02 -3.730363e-02 
2.012115e-02 -1.787453e-01 
-1.356640e-01 -2.946136e-01 
-8.350491e-02 -2.992943e-01 
-4.889890e-02 -2.327679e-01 
-2.740175e-02 -1.338313e-01 
-6.483476e-03 -7.094320e-02 
-8.408131e-04 -4.137012e-02 
-1.594041e-03 -2.125842e-02 
-2.126112e-03 -5.792802e-03 
8.522573e-04 1.577116e-02 
-7.638936e-04 2.887482e-02 
2.168535e-03 2.368806e-02 
7.092414e-03 -1.969749e-03 
4.882016e-03 -5.401052e-02 
5.485760e-03 -1.050358e-01 
2.052221e-01 1.701248e-01 
8.620821e-02 6.179297e-02 
1.295902e-02 -1.441459e-01 
-1.199885e-01 -3.067333e-01 
-7.202007e-02 -3.201676e-01 
-3.290701e-02 -2.428637e-01 
-3.250567e-03 -1.185370e-01 
4.172978e-03 -2.747762e-02 
1.581712e-03 4.548653e-03 
2.629012e-04 1.159101e-02 
-8.733973e-04 1.104726e-02 
-5.164447e-03 2.405796e-02 
-7.018028e-03 4.723679e-02 
-5.499953e-03 5.913508e-02 
1.163974e-03 3.802229e-02 
4.245781e-03 -3.714994e-02 
5.948338e-03 -1.005017e-01 
2.806242e-01 4.175676e-01 
1.473135e-01 3.088876e-01 
6.817219e-02 2.203068e-02 
-1.549444e-01 -2.846944e-01 
-1.127000e-01 -4.161713e-01 
-6.583093e-02 -4.096270e-01 
-1.437666e-02 -2.837871e-01 
9.013333e-03 -9.496787e-02 
1.771500e-03 1.279582e-02 
-8.289197e-03 6.841770e-02 
-1.528902e-02 7.715837e-02 
-7.031789e-03 4.951882e-02 
-3.000786e-03 3.663969e-02 
1.484279e-03 1.865283e-02 
7.890911e-03 -1.942876e-02 
8.222756e-03 -7.505101e-02 
5.176882e-03 -7.250502e-02 
2.856914e-01 5.206744e-01 
1.579424e-01 3.547337e-01 
5.219822e-02 9.643239e-03 
-1.598151e-01 -3.369731e-01 
-1.092238e-01 -4.602139e-01 
-5.494931e-02 -4.284572e-01 
1.875557e-03 -2.825602e-01 
1.666647e-02 -8.242473e-02 
3.811642e-03 3.748798e-02 
-8.450613e-03 9.919887e-02 
-1.636395e-02 1.014098e-01 
-1.021287e-02 5.595892e-02 
-4.375836e-03 3.388384e-02 
-2.399619e-04 1.496519e-02 
4.351883e-03 -1.350176e-02 
5.387128e-03 -4.914573e-02 
2.136504e-03 -2.743807e-02 
-5.565768e-01 4.332761e-02 
-6.374663e-02 -1.845480e-01 
-5.548658e-02 -3.622283e-01 
-2.010490e-01 -5.071810e-01 
-1.113427e-01 -5.133259e-01 
-4.917917e-02 -4.140655e-01 
2.211775e-04 -2.404523e-01 
1.031056e-02 -4.435915e-02 
-3.342930e-03 7.169355e-02 
-1.654336e-02 1.245834e-01 
-2.278032e-02 1.105315e-01 
-2.563706e-03 2.938178e-02 
4.810174e-03 -1.089084e-02 
6.874352e-03 -2.671378e-02 
7.371912e-03 -3.240294e-02 
5.833576e-03 -4.255005e-02 
4.935021e-03 -5.525073e-02 
-4.285667e-01 -7.118750e-02 
-7.319900e-02 -2.902823e-01 
-1.253408e-01 -4.407010e-01 
-1.777939e-01 -5.380634e-01 
-8.638425e-02 -5.051890e-01 
-2.870512e-02 -3.850968e-01 
1.513757e-02 -2.023897e-01 
1.312225e-02 -1.439360e-02 
-4.255321e-03 9.900931e-02 
-1.812053e-02 1.495842e-01 
-2.343384e-02 1.270180e-01 
-3.585174e-03 3.099413e-02 
5.662727e-03 -2.248924e-02 
7.964413e-03 -4.313393e-02 
5.613651e-03 -3.470485e-02 
1.381272e-03 -8.738206e-03 
2.029789e-03 -2.166208e-02 
-1.627017e-01 -1.474251e-01 
-8.535336e-02 -3.151162e-01 
-1.485788e-01 -4.530162e-01 
-1.473643e-01 -5.177208e-01 
-6.556269e-02 -4.592514e-01 
-1.547588e-02 -3.268554e-01 
1.935545e-02 -1.415546e-01 
9.669095e-03 3.166040e-02 
-8.152026e-03 1.287260e-01 
-2.066199e-02 1.607826e-01 
-2.228319e-02 1.160096e-01 
1.292410e-03 4.287913e-03 
9.372891e-03 -4.712052e-02 
9.241343e-03 -5.460278e-02 
4.185952e-03 -2.785551e-02 
-7.725803e-04 9.262541e-03 
1.865874e-03 -1.843788e-02 
1.170733e-01 -1.495444e-01 
-8.822407e-02 -2.745298e-01 
-1.645127e-01 -4.351372e-01 
-1.460046e-01 -5.205496e-01 
-6.367700e-02 -4.707519e-01 
-1.309059e-02 -3.427238e-01 
2.204318e-02 -1.540894e-01 
9.438709e-03 2.942286e-02 
-9.935810e-03 1.401635e-01 
-2.428621e-02 1.848357e-01 
-2.694767e-02 1.432035e-01 
-1.039512e-03 1.909338e-02 
1.047299e-02 -5.205794e-02 
1.320057e-02 -7.806945e-02 
8.073322e-03 -5.497778e-02 
-2.259198e-04 3.103790e-03 
9.445042e-04 -8.920077e-03 
2.817270e-01 -5.574736e-02 
-6.612211e-02 -1.683223e-01 
-1.226263e-01 -3.395481e-01 
-1.010913e-01 -4.216421e-01 
-4.029701e-02 -3.678248e-01 
-5.830763e-04 -2.420483e-01 
2.446784e-02 -7.151345e-02 
6.613462e-03 6.685231e-02 
-9.727078e-03 1.398243e-01 
-1.923460e-02 1.555493e-01 
-1.807216e-02 1.000568e-01 
2.951029e-03 -1.178972e-02 
1.077911e-02 -6.178282e-02 
1.042623e-02 -6.686396e-02 
2.822372e-03 -2.572296e-02 
-5.684251e-03 4.041279e-02 
-2.050064e-03 1.793592e-02 
4.377390e-01 7.663342e-02 
-1.812848e-02 -3.159863e-02 
-1.273093e-01 -2.565783e-01 
-1.268315e-01 -4.367556e-01 
-5.888083e-02 -4.483272e-01 
-1.003173e-02 -3.589758e-01 
2.790628e-02 -1.711091e-01 
7.950521e-03 4.608917e-02 
-1.345589e-02 1.661598e-01 
-2.746858e-02 2.113708e-01 
-2.935107e-02 1.630122e-01 
-2.149553e-03 1.714444e-02 
1.297113e-02 -7.187739e-02 
1.758004e-02 -1.046259e-01 
1.136326e-02 -7.419024e-02 
-1.699254e-03 8.713673e-03 
-2.725626e-03 2.182992e-02 
