poroelastic
-2.355176e-02 -9.989473e-01 
-6.168214e-02 -1.356202e+00 
-8.250335e-02 -9.598403e-01 
1.408078e-02 -4.327364e-02 
2.810645e-02 5.292112e-01 
3.446646e-02 8.503980e-01 
4.048613e-02 8.030813e-01 
2.723819e-02 3.558105e-01 
1.540153e-02 7.237737e-02 
1.837380e-02 -1.577095e-01 
1.608622e-02 -3.631638e-01 
-1.627054e-02 -3.996844e-01 
-1.636295e-02 -2.281719e-01 
-1.986801e-02 9.113458e-02 
-1.261013e-02 6.255439e-01 
1.490223e-02 1.214034e+00 
1.566643e-02 1.397848e+00 
-6.422719e-01 -8.848706e-02 
-9.003515e-02 -2.799430e-01 
-5.804483e-02 9.174112e-03 
4.045975e-02 5.708368e-01 
3.917631e-02 8.467173e-01 
3.480141e-02 9.142796e-01 
2.835962e-02 7.086485e-01 
1.273864e-02 2.259967e-01 
7.010134e-03 -8.443064e-02 
1.085769e-02 -2.929649e-01 
1.200018e-02 -4.414209e-01 
-1.025754e-02 -4.377870e-01 
-1.181860e-02 -2.526665e-01 
-1.505122e-02 3.151654e-02 
-9.980677e-03 4.519391e-01 
1.115677e-02 9.496712e-01 
1.159287e-02 1.226169e+00 
-1.800505e+00 1.591482e+00 
-1.091017e-01 2.092462e+00 
3.830802e-02 1.888653e+00 
3.574899e-02 1.075779e+00 
1.021797e-02 4.859376e-01 
-5.353022e-03 -2.170933e-02 
-1.357577e-02 -4.442396e-01 
-6.298264e-03 -6.229435e-01 
1.656829e-03 -6.646269e-01 
9.115679e-03 -5.674179e-01 
8.882682e-03 -2.706759e-01 
-1.065239e-02 1.488142e-01 
-7.293175e-03 3.796983e-01 
-3.859006e-03 4.531809e-01 
-2.188364e-04 3.411821e-01 
1.333446e-03 1.261361e-01 
1.499202e-03 1.735999e-01 
-3.781494e+00 1.555261e+00 
-4.937171e-01 2.824510e+00 
5.690230e-02 2.854700e+00 
6.888410e-02 1.965942e+00 
2.872965e-02 1.266541e+00 
4.324793e-03 5.374915e-01 
-9.779429e-03 -2.350960e-01 
-3.797956e-03 -7.756977e-01 
3.600675e-03 -1.073734e+00 
1.132210e-02 -1.066152e+00 
1.157012e-02 -6.214950e-01 
-1.247930e-02 1.394525e-01 
-9.891812e-03 6.052977e-01 
-6.004732e-03 8.218473e-01 
-9.856870e-04 6.857093e-01 
1.479563e-03 2.570089e-01 
1.389687e-03 2.462716e-01 
1.018956e+00 -6.023428e-01 
2.194086e-01 2.066615e-01 
6.253979e-02 9.354556e-01 
5.152809e-02 1.262008e+00 
2.801839e-02 1.330307e+00 
9.110429e-03 1.074960e+00 
-6.160383e-03 3.966717e-01 
4.875043e-04 -5.198015e-01 
4.788121e-03 -1.039968e+00 
7.631992e-03 -1.198853e+00 
6.535099e-03 -8.882211e-01 
-3.960672e-03 -1.464730e-01 
-4.961324e-03 3.514771e-01 
-4.821881e-03 6.605103e-01 
-3.386084e-03 7.287360e-01 
-2.042155e-04 5.409560e-01 
5.075784e-04 4.806055e-01 
7.195467e-01 -1.192457e+00 
8.449320e-02 -9.108469e-01 
7.923808e-02 -1.650753e-02 
8.818388e-02 1.162197e+00 
5.302532e-02 1.784989e+00 
2.593795e-02 1.883740e+00 
-1.766046e-03 1.276512e+00 
-6.129435e-04 7.298426e-02 
5.096855e-03 -6.595116e-01 
5.681529e-03 -1.050493e+00 
2.047754e-03 -1.032005e+00 
6.487015e-04 -5.205199e-01 
-9.339344e-04 -6.162846e-02 
-2.460316e-03 3.573658e-01 
-4.333037e-03 7.400470e-01 
-3.442646e-03 1.011277e+00 
-1.482906e-03 1.121667e+00 
8.946175e-02 -1.820574e+00 
-5.253725e-02 -2.239153e+00 
5.423034e-02 -1.299791e+00 
1.170808e-01 5.522004e-01 
8.251697e-02 1.608129e+00 
5.651033e-02 2.070946e+00 
1.484800e-02 1.706484e+00 
-1.156566e-02 4.776484e-01 
-1.659980e-03 -2.839719e-01 
-1.006453e-03 -7.732860e-01 
-4.023493e-03 -1.017917e+00 
4.512032e-03 -8.209491e-01 
3.253573e-03 -3.908170e-01 
1.341037e-03 1.803468e-01 
-3.739157e-03 9.560023e-01 
-9.472896e-03 1.781585e+00 
-7.779048e-03 2.087407e+00 
-2.365217e-01 -5.815221e-01 
-3.908639e-02 -1.020946e+00 
3.259071e-02 -6.334165e-01 
8.245778e-02 3.421269e-01 
5.729664e-02 8.974329e-01 
3.984285e-02 1.161635e+00 
1.072121e-02 1.002888e+00 
-1.079431e-02 3.740915e-01 
-2.978366e-03 -3.650464e-02 
-1.472966e-03 -3.567610e-01 
-3.349919e-03 -6.030479e-01 
2.833450e-03 -6.087404e-01 
2.463658e-03 -4.131829e-01 
1.329251e-03 -6.402976e-02 
-1.108909e-03 5.122429e-01 
-5.531124e-03 1.176609e+00 
-6.888947e-03 1.449550e+00 
-1.354862e+00 1.703412e+00 
8.181930e-02 1.776093e+00 
8.726450e-02 1.520698e+00 
3.589613e-02 9.260111e-01 
6.164611e-03 4.869599e-01 
-4.051255e-03 1.248445e-01 
-2.005008e-03 -1.512891e-01 
4.899474e-03 -2.870218e-01 
3.677679e-03 -3.623916e-01 
9.423136e-04 -3.633604e-01 
-2.298918e-03 -2.774863e-01 
8.142558e-04 -1.240524e-01 
4.073989e-04 2.555088e-02 
-2.472224e-05 1.317519e-01 
-8.012858e-05 1.617312e-01 
-1.076207e-03 2.568454e-01 
-3.113424e-03 6.053416e-01 
-3.141170e+00 1.937723e+00 
-7.439782e-02 2.343056e+00 
1.652154e-01 2.116436e+00 
7.839467e-02 1.421358e+00 
2.366795e-02 9.033711e-01 
6.784757e-03 4.182410e-01 
6.431835e-03 -4.720208e-02 
3.562014e-03 -3.631747e-01 
2.846735e-03 -5.641324e-01 
-4.029040e-03 -6.181981e-01 
-1.163830e-02 -4.575993e-01 
4.606678e-03 -1.050730e-01 
3.120040e-03 1.932616e-01 
1.523102e-03 4.158248e-01 
-9.935573e-05 5.134128e-01 
-4.416473e-03 5.713320e-01 
-6.901565e-03 8.804363e-01 
