poroelastic
-4.491266e-02 -4.852961e-02 
-5.098193e-02 -1.734219e-02 
-1.707844e-02 8.575648e-02 
6.550205e-02 1.830857e-01 
4.900691e-02 2.193437e-01 
3.615564e-02 2.067175e-01 
2.353630e-02 1.442103e-01 
7.445595e-03 6.419080e-02 
3.369864e-03 2.916409e-02 
3.572032e-03 1.164229e-02 
3.477058e-03 -4.469843e-03 
-7.612174e-04 -2.888579e-02 
-9.939094e-04 -2.826302e-02 
-2.925052e-03 -5.907356e-03 
-4.783614e-03 3.973830e-02 
-2.288084e-03 9.070205e-02 
-1.182272e-03 1.005445e-01 
-1.494271e-01 -1.643987e-01 
-5.348017e-02 -9.130723e-02 
-1.352570e-02 6.982105e-02 
6.632226e-02 2.134462e-01 
4.840188e-02 2.582427e-01 
3.073647e-02 2.352287e-01 
1.125742e-02 1.473941e-01 
4.087824e-04 3.197999e-02 
6.438936e-04 -1.847223e-02 
2.549214e-03 -3.746963e-02 
3.933642e-03 -3.924262e-02 
8.303583e-04 -3.493475e-02 
-3.206138e-04 -2.241754e-02 
-1.959801e-03 8.154204e-04 
-3.333384e-03 3.878732e-02 
-1.751290e-03 6.963654e-02 
-5.886852e-04 4.308277e-02 
-1.015248e-01 -3.975906e-01 
-8.834323e-02 -3.645721e-01 
-5.296072e-02 -1.535566e-01 
6.642269e-02 1.313940e-01 
6.236613e-02 2.802652e-01 
4.768776e-02 3.275888e-01 
2.220595e-02 2.623929e-01 
9.337148e-04 1.003667e-01 
-2.577625e-04 8.581152e-03 
2.573331e-03 -4.627861e-02 
6.256220e-03 -7.403543e-02 
2.987663e-03 -7.122688e-02 
6.059111e-04 -4.874880e-02 
-2.540506e-03 -4.715666e-03 
-5.489022e-03 6.641301e-02 
-3.335074e-03 1.198089e-01 
-8.680669e-04 5.369966e-02 
-1.392102e-01 -4.116079e-01 
-9.349085e-02 -3.289850e-01 
-3.582707e-02 -9.768459e-02 
7.130057e-02 1.769908e-01 
6.022467e-02 3.057257e-01 
4.141573e-02 3.306921e-01 
1.442265e-02 2.527107e-01 
-2.082048e-03 8.665717e-02 
-1.238267e-03 -8.326659e-03 
1.989601e-03 -6.090955e-02 
5.615536e-03 -8.008559e-02 
3.338730e-03 -6.601661e-02 
1.028666e-03 -4.574345e-02 
-1.500456e-03 -1.215890e-02 
-3.934046e-03 4.289321e-02 
-2.486077e-03 9.135922e-02 
-7.533873e-04 4.732028e-02 
4.232321e-01 -1.120370e-01 
6.798914e-02 4.235882e-02 
3.704634e-02 2.087367e-01 
1.120395e-01 3.668088e-01 
7.346579e-02 4.248294e-01 
4.302822e-02 3.945833e-01 
1.190061e-02 2.645101e-01 
-1.569496e-03 4.605610e-02 
2.344796e-03 -8.093962e-02 
8.117293e-03 -1.360223e-01 
1.098134e-02 -1.191953e-01 
-1.181361e-03 -3.323634e-02 
-4.307943e-03 2.451096e-02 
-5.552313e-03 6.133189e-02 
-5.272429e-03 8.030863e-02 
-2.347707e-03 7.690260e-02 
-1.187148e-03 6.380403e-02 
3.281261e-01 -3.066640e-04 
6.503246e-02 1.680972e-01 
8.068447e-02 2.979448e-01 
9.813854e-02 3.865693e-01 
5.543278e-02 3.956241e-01 
2.699213e-02 3.392570e-01 
1.235473e-03 2.058175e-01 
-2.821943e-03 1.507694e-02 
2.536884e-03 -9.345214e-02 
7.496688e-03 -1.365096e-01 
8.757068e-03 -1.098058e-01 
-1.171405e-03 -2.052046e-02 
-3.709133e-03 3.217869e-02 
-4.201353e-03 5.578505e-02 
-3.121817e-03 5.047152e-02 
-1.033856e-03 2.990847e-02 
-1.120405e-03 5.662972e-02 
1.091134e-01 1.740417e-02 
4.300745e-02 1.069846e-01 
8.283924e-02 2.297109e-01 
9.072545e-02 3.596576e-01 
5.206634e-02 3.968531e-01 
2.460092e-02 3.530221e-01 
-1.024425e-03 2.096431e-01 
-2.158108e-03 -3.053698e-03 
4.258335e-03 -1.217419e-01 
9.616371e-03 -1.655725e-01 
9.903400e-03 -1.268526e-01 
-1.909783e-03 -1.771896e-02 
-4.750537e-03 4.625182e-02 
-5.384790e-03 7.596803e-02 
-4.025941e-03 7.045578e-02 
-1.457483e-03 4.325673e-02 
-1.305560e-03 5.962603e-02 
-8.184357e-02 1.485421e-02 
2.037996e-02 2.380287e-02 
6.911868e-02 1.411517e-01 
8.061871e-02 3.126710e-01 
4.658441e-02 3.725518e-01 
1.977703e-02 3.434303e-01 
-5.778517e-03 2.081088e-01 
-2.635407e-03 -6.591174e-04 
4.377397e-03 -1.200470e-01 
9.428028e-03 -1.689139e-01 
9.537381e-03 -1.356804e-01 
-4.964658e-04 -2.879692e-02 
-3.682829e-03 3.595165e-02 
-4.721437e-03 6.967639e-02 
-3.726301e-03 7.044709e-02 
-1.414754e-03 4.255784e-02 
-7.849970e-04 3.325222e-02 
-1.861476e-01 8.889867e-03 
3.268962e-03 -5.543429e-02 
4.513154e-02 4.733504e-02 
6.525257e-02 2.494091e-01 
3.962581e-02 3.303854e-01 
1.552350e-02 3.132617e-01 
-8.202602e-03 1.819082e-01 
-1.805231e-03 -2.208698e-02 
5.298480e-03 -1.332315e-01 
9.686100e-03 -1.728358e-01 
8.923990e-03 -1.299011e-01 
-9.364816e-04 -1.597059e-02 
-4.138397e-03 5.134533e-02 
-5.080869e-03 8.536000e-02 
-3.831009e-03 8.401957e-02 
-1.174185e-03 3.964480e-02 
4.743627e-04 -1.806810e-02 
-2.272946e-01 8.856284e-03 
-1.727933e-02 -1.046162e-01 
3.175442e-02 -3.260824e-02 
5.851962e-02 1.747932e-01 
3.741697e-02 2.667803e-01 
1.774354e-02 2.819811e-01 
-4.696322e-03 2.050492e-01 
-3.486777e-03 4.471080e-02 
2.481351e-03 -6.039138e-02 
6.978028e-03 -1.245060e-01 
8.578110e-03 -1.331004e-01 
3.151391e-03 -7.164505e-02 
-1.344437e-04 -1.956053e-02 
-2.802200e-03 2.946033e-02 
-4.675300e-03 7.517314e-02 
-3.531292e-03 8.927306e-02 
-1.180200e-03 4.009386e-02 
