poroelastic
-1.322201e-01 -2.990788e-03 
-1.361590e-01 6.609078e-02 
-8.629940e-02 1.217991e-01 
1.105756e-01 1.274857e-01 
1.078171e-01 2.419803e-01 
1.008244e-01 3.245187e-01 
7.987686e-02 3.735286e-01 
1.535319e-02 2.893012e-01 
-1.167782e-02 1.150805e-01 
-2.918236e-03 -4.041583e-02 
2.459194e-02 -1.368702e-01 
1.995090e-02 -1.104406e-01 
2.088331e-03 -3.927899e-02 
-7.528389e-03 1.001263e-02 
-1.092481e-02 3.642002e-02 
-6.474431e-03 5.486333e-02 
-6.525698e-03 9.033837e-02 
-5.532750e-02 4.101124e-02 
-2.610610e-02 -2.051223e-02 
-6.026410e-02 -1.338236e-01 
-1.013477e-02 -1.368610e-01 
3.248123e-02 3.437168e-02 
6.007694e-02 2.335291e-01 
3.982491e-02 3.636785e-01 
-1.866833e-02 2.624903e-01 
-3.178682e-02 1.039247e-01 
-2.344324e-02 -5.206855e-02 
1.252008e-02 -1.813056e-01 
3.972871e-02 -1.741278e-01 
2.289418e-02 -1.270106e-01 
7.907218e-03 -6.746467e-02 
-4.732059e-03 4.736524e-03 
-5.914845e-03 5.037255e-02 
-4.520988e-03 5.661007e-02 
-5.506814e-01 -7.904818e-02 
-1.746099e-01 -2.934881e-02 
-1.120986e-01 4.450270e-02 
1.460692e-01 1.415431e-01 
1.538560e-01 3.725323e-01 
1.378471e-01 5.403532e-01 
6.573563e-02 5.521395e-01 
-1.847825e-02 2.693465e-01 
-1.973431e-02 1.153760e-03 
7.293277e-03 -1.903760e-01 
4.688781e-02 -2.709819e-01 
2.779036e-02 -1.536784e-01 
-1.140871e-03 -2.186655e-02 
-1.805239e-02 7.980906e-02 
-2.159961e-02 1.312610e-01 
-8.057817e-03 7.203864e-02 
1.445468e-03 -1.524671e-02 
-5.425685e-01 -1.977421e-01 
-1.581119e-01 -7.331875e-02 
-6.457228e-02 7.913138e-02 
1.465853e-01 2.076654e-01 
1.314034e-01 3.688818e-01 
9.903923e-02 4.548114e-01 
2.847899e-02 4.318424e-01 
-2.961403e-02 2.175483e-01 
-2.597008e-02 2.049350e-02 
-7.707458e-03 -1.291596e-01 
2.180235e-02 -2.076233e-01 
2.753080e-02 -1.311003e-01 
9.252301e-03 -5.010445e-02 
-6.277378e-04 2.273464e-03 
-4.588961e-03 3.401190e-02 
-2.425381e-04 6.828757e-03 
2.936488e-03 -2.849278e-02 
6.882619e-01 1.998796e-01 
1.314591e-01 5.674787e-01 
1.067043e-01 5.889291e-01 
2.133470e-01 4.521128e-01 
1.170872e-01 3.809216e-01 
6.007280e-02 3.037523e-01 
1.211248e-02 2.186082e-01 
-1.524299e-02 1.223207e-01 
-1.463758e-02 2.683425e-02 
-5.361692e-03 -6.239604e-02 
1.259099e-02 -1.266321e-01 
2.031683e-02 -1.021749e-01 
8.695252e-03 -4.942745e-02 
2.135253e-05 -5.232348e-03 
-3.985311e-03 1.900798e-02 
-8.662548e-04 5.503557e-04 
-4.506696e-03 3.847449e-02 
5.537512e-01 3.692689e-01 
1.766226e-01 7.143397e-01 
2.152311e-01 7.317059e-01 
1.983149e-01 5.415047e-01 
8.078486e-02 3.707577e-01 
1.918270e-02 2.120206e-01 
-1.856267e-02 8.263681e-02 
-1.889016e-02 3.188456e-02 
-1.311562e-02 2.242915e-03 
-9.555722e-03 -3.155129e-02 
-1.164678e-03 -6.605702e-02 
1.394413e-02 -6.724515e-02 
1.128631e-02 -5.606949e-02 
8.700343e-03 -4.638282e-02 
6.928397e-03 -4.158059e-02 
5.366978e-03 -4.138395e-02 
-3.305137e-03 2.674736e-02 
3.013087e-01 5.610453e-01 
2.594642e-01 9.080713e-01 
3.062556e-01 9.314905e-01 
1.765501e-01 6.102995e-01 
4.145127e-02 2.942999e-01 
-1.621071e-02 3.615834e-02 
-2.642474e-02 -1.182471e-01 
-6.720009e-03 -6.522385e-02 
-4.438386e-03 -7.827426e-03 
-8.037427e-03 1.802803e-02 
-8.735379e-03 1.104090e-02 
3.613443e-03 -1.621988e-02 
6.807220e-03 -3.324059e-02 
8.808982e-03 -4.714511e-02 
1.008598e-02 -6.097536e-02 
8.177531e-03 -6.089315e-02 
-7.353106e-03 5.536092e-02 
-8.005140e-02 6.177009e-01 
3.185762e-01 9.698181e-01 
3.848135e-01 1.078080e+00 
1.918491e-01 7.348239e-01 
3.503172e-02 3.571468e-01 
-3.236110e-02 2.896859e-02 
-3.913881e-02 -1.838193e-01 
-4.562006e-03 -1.370621e-01 
4.025613e-04 -6.238640e-02 
-3.861853e-03 -6.947597e-03 
-8.301376e-03 1.982917e-02 
-1.159288e-03 7.346237e-03 
1.523019e-03 -5.641567e-03 
5.325134e-03 -2.694573e-02 
1.078083e-02 -6.087122e-02 
1.270165e-02 -8.376959e-02 
-2.136456e-03 1.534365e-02 
-3.939233e-01 4.132454e-01 
3.027387e-01 8.229895e-01 
3.410443e-01 1.005021e+00 
1.191321e-01 6.085566e-01 
-1.210109e-02 1.587043e-01 
-5.381618e-02 -1.993766e-01 
-2.487567e-02 -3.652464e-01 
9.534647e-03 -1.724157e-01 
1.945230e-03 4.167941e-03 
-1.285569e-02 1.150854e-01 
-2.497599e-02 1.407312e-01 
-1.034855e-02 5.626181e-02 
3.558004e-03 -2.038701e-02 
1.392016e-02 -7.909125e-02 
1.967895e-02 -1.146812e-01 
1.341724e-02 -8.848321e-02 
-1.080435e-02 7.254040e-02 
-7.410734e-01 1.149228e-01 
2.346859e-01 6.260313e-01 
4.041101e-01 1.016993e+00 
2.050352e-01 8.304469e-01 
3.820873e-02 5.052998e-01 
-4.849434e-02 1.434787e-01 
-6.474426e-02 -1.983484e-01 
5.414706e-03 -2.790694e-01 
1.851759e-02 -2.359406e-01 
1.441635e-02 -1.341049e-01 
6.072413e-04 -5.279911e-03 
-1.360747e-02 8.051493e-02 
-1.821575e-02 1.014829e-01 
-1.298494e-02 6.789164e-02 
4.076859e-03 -2.206896e-02 
2.534262e-02 -1.325903e-01 
1.588653e-02 -9.839305e-02 
