poroelastic
3.650746e-02 -6.098770e-02 
3.009063e-02 -1.379204e-01 
-1.289927e-02 -2.491573e-01 
-7.277856e-02 -3.515654e-01 
-3.819882e-02 -3.264580e-01 
-1.600685e-02 -2.358607e-01 
-1.603389e-03 -1.112015e-01 
-1.339460e-04 1.875825e-03 
-4.378898e-03 6.993474e-02 
-8.137581e-03 9.519932e-02 
-6.178866e-03 6.280334e-02 
5.637911e-03 -2.530704e-02 
6.073709e-03 -6.575149e-02 
4.693723e-03 -7.163449e-02 
2.069677e-03 -4.470591e-02 
2.278975e-04 -6.689368e-03 
2.013854e-04 -1.799481e-02 
6.346736e-02 3.184856e-01 
3.966772e-02 1.899024e-01 
1.068915e-02 7.483286e-04 
-4.899376e-02 -2.158519e-01 
-3.137959e-02 -2.921441e-01 
-1.169733e-02 -2.688196e-01 
7.503979e-03 -1.530727e-01 
2.960657e-03 7.560179e-03 
-4.421188e-03 1.066261e-01 
-9.645029e-03 1.460114e-01 
-8.741495e-03 1.054351e-01 
3.376323e-03 -1.209079e-02 
5.675238e-03 -7.451647e-02 
4.490319e-03 -9.133308e-02 
8.156794e-04 -5.500384e-02 
-7.579128e-04 2.101104e-02 
-6.084705e-04 4.866436e-02 
8.443783e-02 6.913472e-01 
8.393078e-02 4.477480e-01 
2.575443e-02 6.855120e-02 
-8.475059e-02 -3.322158e-01 
-5.713059e-02 -4.876708e-01 
-2.460455e-02 -4.698409e-01 
8.698681e-03 -2.829880e-01 
3.945309e-03 6.023458e-03 
-8.096127e-03 1.716949e-01 
-1.634966e-02 2.336868e-01 
-1.468117e-02 1.705454e-01 
5.707553e-03 -1.112555e-02 
9.687743e-03 -1.127147e-01 
8.687375e-03 -1.505832e-01 
3.558974e-03 -1.184239e-01 
-3.672754e-04 -1.257378e-02 
-1.136514e-03 7.980009e-02 
-2.785644e-01 8.695226e-01 
7.680254e-02 6.126078e-01 
2.651431e-02 1.845792e-01 
-5.723712e-02 -2.300642e-01 
-3.930529e-02 -3.790348e-01 
-1.490240e-02 -3.702553e-01 
1.092028e-02 -2.329309e-01 
5.751766e-03 -1.849513e-02 
-4.392517e-03 1.182516e-01 
-1.141984e-02 1.827009e-01 
-1.214372e-02 1.518814e-01 
1.431400e-03 1.335068e-02 
5.611225e-03 -7.001830e-02 
5.347288e-03 -1.051149e-01 
1.585937e-03 -8.481445e-02 
-8.105004e-04 3.031330e-03 
-1.334279e-03 9.592791e-02 
-1.184795e+00 -5.991121e-01 
-2.425754e-01 -1.000107e+00 
-1.270721e-01 -9.410085e-01 
-8.370944e-02 -6.422138e-01 
-2.194851e-02 -3.262757e-01 
-7.059102e-04 -6.341662e-02 
-1.602180e-03 9.213473e-02 
-4.565670e-03 7.199396e-02 
-4.305665e-03 5.160565e-02 
-4.176466e-03 3.454521e-02 
-1.812219e-03 7.836870e-03 
5.548492e-03 -3.754777e-02 
4.947949e-03 -5.617612e-02 
3.500708e-03 -5.094938e-02 
1.560747e-03 -1.978797e-02 
1.873927e-04 8.312468e-03 
8.551927e-04 -5.445361e-02 
-7.429659e-01 -7.480057e-01 
-1.827147e-01 -1.001002e+00 
-1.202430e-01 -8.850349e-01 
-4.015299e-02 -4.847132e-01 
1.719313e-05 -1.459881e-01 
7.946656e-03 9.363831e-02 
-1.561310e-03 1.865447e-01 
-4.458315e-03 7.551321e-02 
-9.088542e-04 4.152080e-03 
1.751326e-03 -3.360107e-02 
3.033262e-03 -4.145802e-02 
1.653978e-03 -2.372246e-02 
1.298755e-04 -5.378261e-03 
-8.202519e-04 1.581665e-02 
-8.772049e-04 4.067665e-02 
-2.948347e-04 3.238832e-02 
1.110349e-03 -7.141622e-02 
-3.051018e-01 -6.120492e-01 
-1.531485e-01 -8.726826e-01 
-1.234461e-01 -8.488847e-01 
-4.267454e-02 -5.044386e-01 
-2.989634e-03 -1.857947e-01 
5.931985e-03 5.613393e-02 
-2.306544e-03 1.677887e-01 
-5.339350e-03 8.858883e-02 
-2.747518e-03 3.092410e-02 
-5.902642e-04 -6.183455e-03 
1.530888e-03 -2.379185e-02 
2.867050e-03 -2.253688e-02 
1.635547e-03 -1.501615e-02 
9.011151e-04 -2.434452e-03 
6.464622e-04 1.465302e-02 
3.144550e-04 4.500055e-03 
1.368366e-03 -8.099214e-02 
8.965075e-02 -1.963386e-01 
-9.257872e-02 -5.224793e-01 
-9.543053e-02 -6.383297e-01 
-3.493633e-02 -4.323436e-01 
-1.695479e-03 -1.971547e-01 
8.413120e-03 6.654781e-03 
2.888656e-03 1.301944e-01 
-5.079832e-03 1.021538e-01 
-4.733105e-03 7.170641e-02 
-3.423750e-03 4.105790e-02 
-6.401440e-04 7.324224e-03 
2.871403e-03 -2.425371e-02 
2.639158e-03 -3.644957e-02 
1.628341e-03 -3.075898e-02 
1.507739e-04 -3.287868e-03 
-3.589508e-04 2.087069e-02 
3.944941e-04 -2.240781e-02 
1.634846e-01 4.448753e-01 
-2.205111e-02 -4.858405e-02 
-6.461765e-02 -3.645349e-01 
-3.628579e-02 -3.659918e-01 
-7.786346e-03 -2.443516e-01 
5.465748e-03 -9.012869e-02 
6.054788e-03 5.055632e-02 
-3.978957e-03 9.309928e-02 
-6.148324e-03 9.873160e-02 
-6.117934e-03 8.096171e-02 
-2.884598e-03 3.676646e-02 
3.293979e-03 -2.424581e-02 
3.829050e-03 -5.220179e-02 
2.884379e-03 -5.442083e-02 
7.773014e-04 -2.751637e-02 
-4.130089e-04 1.385298e-02 
-1.787612e-04 9.096079e-03 
-8.852619e-02 9.812482e-01 
5.018947e-02 3.881847e-01 
-4.105070e-02 -1.151172e-01 
-4.109757e-02 -3.297409e-01 
-1.390044e-02 -3.280979e-01 
5.105443e-03 -2.232558e-01 
1.349508e-02 -4.998686e-02 
-3.248449e-03 9.281337e-02 
-9.926891e-03 1.567068e-01 
-1.198047e-02 1.624511e-01 
-7.817509e-03 1.017567e-01 
3.324329e-03 -1.303254e-02 
6.025634e-03 -7.850777e-02 
5.535008e-03 -1.011038e-01 
2.141969e-03 -7.178369e-02 
-6.442837e-04 8.212489e-03 
-1.288917e-03 5.876132e-02 
