poroelastic
6.954187e-03 -1.281331e-01 
-4.366684e-03 -1.884386e-01 
-1.674595e-02 -1.838431e-01 
-1.684634e-02 -1.373131e-01 
-5.754373e-03 -8.200652e-02 
1.061398e-03 -2.401951e-02 
3.755406e-03 1.594975e-02 
1.158742e-03 3.004199e-02 
-1.678555e-04 4.671539e-02 
-1.272330e-03 5.016320e-02 
-1.296304e-03 2.748489e-02 
1.199179e-03 -2.155263e-02 
1.109406e-03 -4.082144e-02 
3.947807e-04 -3.424871e-02 
-3.132575e-04 1.948389e-03 
-1.801916e-06 3.448837e-02 
-1.330912e-05 -5.656395e-03 
-4.308493e-03 2.765006e-02 
-4.137123e-03 -3.629865e-02 
-6.099518e-03 -4.288975e-02 
1.980059e-04 -2.710088e-02 
1.516983e-03 -1.776933e-02 
3.466709e-03 -3.387841e-03 
4.921865e-03 1.566287e-02 
1.409013e-03 3.563361e-02 
-1.585207e-04 5.463846e-02 
-1.231119e-03 5.547668e-02 
-9.999865e-04 2.304832e-02 
1.404426e-03 -3.697520e-02 
1.257245e-03 -5.970786e-02 
2.157096e-04 -4.885327e-02 
-9.488669e-04 2.673832e-03 
-2.522636e-04 6.061327e-02 
4.246093e-05 3.340770e-02 
1.472096e-01 1.398635e-01 
1.868487e-02 -3.934703e-02 
-1.201717e-02 -1.648265e-01 
-3.087275e-02 -2.092398e-01 
-1.805594e-02 -2.082326e-01 
-4.990263e-03 -1.566616e-01 
7.293551e-03 -5.206936e-02 
2.896048e-03 7.219895e-02 
-9.991243e-04 1.421920e-01 
-3.892352e-03 1.526631e-01 
-3.720786e-03 8.341331e-02 
2.999055e-03 -5.028299e-02 
3.232770e-03 -1.135353e-01 
1.659462e-03 -1.154073e-01 
-7.323398e-04 -4.388107e-02 
-4.144977e-04 6.423117e-02 
5.349504e-05 6.685513e-02 
-1.211046e-01 3.136622e-01 
1.911608e-02 1.758577e-01 
2.431398e-03 8.502848e-03 
-1.495620e-02 -1.072848e-01 
-1.054660e-02 -1.398482e-01 
-2.579412e-03 -1.169115e-01 
6.273159e-03 -4.590102e-02 
2.502329e-03 4.826399e-02 
-5.948631e-04 1.026048e-01 
-2.711264e-03 1.173791e-01 
-2.979236e-03 7.636064e-02 
1.711497e-03 -2.393180e-02 
2.172931e-03 -7.880903e-02 
1.092779e-03 -8.883751e-02 
-7.093765e-04 -4.450786e-02 
-2.419134e-04 4.090366e-02 
1.290330e-04 7.820508e-02 
-4.441627e-01 -4.462902e-01 
-1.068020e-01 -6.044743e-01 
-5.135619e-02 -4.594094e-01 
-4.303199e-03 -1.682549e-01 
1.291121e-02 5.360975e-02 
1.508230e-02 1.934850e-01 
5.312598e-03 2.123020e-01 
-1.331310e-03 7.441603e-02 
-3.504759e-04 -1.320072e-02 
9.620119e-04 -5.452010e-02 
1.739034e-03 -5.583024e-02 
4.287473e-04 -2.695542e-02 
-2.927050e-04 -4.707411e-03 
-5.897239e-04 1.318760e-02 
-4.659475e-04 2.912827e-02 
-2.247150e-05 2.852600e-02 
-1.738710e-06 -1.115875e-02 
-2.333456e-01 -4.328015e-01 
-6.840924e-02 -4.776069e-01 
-2.976816e-02 -3.262119e-01 
8.853830e-03 -6.314029e-02 
1.543170e-02 1.149439e-01 
1.255363e-02 2.121968e-01 
1.832657e-03 1.926705e-01 
-1.039001e-03 3.153929e-02 
1.030984e-03 -5.731484e-02 
2.539361e-03 -8.965467e-02 
2.262526e-03 -6.591009e-02 
-1.196600e-03 4.385576e-03 
-1.568068e-03 4.406583e-02 
-1.152035e-03 5.669378e-02 
-2.731770e-04 4.199915e-02 
7.006723e-06 4.926438e-03 
2.290087e-05 -2.250316e-02 
-1.250974e-01 -3.826845e-01 
-7.214622e-02 -5.041589e-01 
-4.156201e-02 -4.151975e-01 
1.660880e-03 -1.379175e-01 
1.293211e-02 7.239004e-02 
1.218422e-02 2.033786e-01 
1.614253e-03 2.089587e-01 
-1.628713e-03 6.432047e-02 
2.099868e-04 -2.129238e-02 
1.608554e-03 -6.471420e-02 
1.929372e-03 -6.409290e-02 
8.176161e-05 -2.026128e-02 
-5.254560e-04 7.032161e-03 
-6.513848e-04 2.196082e-02 
-4.024513e-04 2.654738e-02 
-6.279968e-05 1.834835e-02 
6.064534e-06 -2.277965e-03 
2.443741e-02 -1.217301e-01 
-4.753343e-02 -3.338923e-01 
-3.618593e-02 -3.440864e-01 
3.307858e-05 -1.280233e-01 
1.016787e-02 4.338812e-02 
9.868959e-03 1.561929e-01 
8.787860e-04 1.715697e-01 
-1.765109e-03 6.465589e-02 
-9.410581e-05 -2.590833e-03 
1.121985e-03 -4.264144e-02 
1.589361e-03 -5.225165e-02 
5.174902e-04 -2.711149e-02 
-6.787629e-05 -8.569989e-03 
-3.984076e-04 7.806781e-03 
-4.307259e-04 2.563755e-02 
-1.327809e-04 2.881611e-02 
4.017665e-05 -1.078894e-02 
5.131980e-02 2.834621e-01 
-1.792935e-02 -1.083068e-01 
-3.379012e-02 -2.813326e-01 
-8.589002e-03 -1.718853e-01 
3.849527e-03 -4.578811e-02 
8.025833e-03 5.890012e-02 
4.121237e-03 1.112770e-01 
-1.731099e-03 7.886043e-02 
-1.207479e-03 4.398733e-02 
-2.766823e-04 7.865882e-03 
7.636032e-04 -2.522921e-02 
1.015912e-03 -4.301627e-02 
6.171683e-04 -4.308250e-02 
-1.215803e-04 -2.322782e-02 
-8.154295e-04 2.184145e-02 
-4.497010e-04 5.946959e-02 
-1.189399e-04 2.364025e-02 
-1.177210e-01 6.675527e-01 
2.511539e-02 1.923159e-01 
-2.222783e-02 -1.316871e-01 
-1.578289e-02 -1.823869e-01 
-3.810341e-03 -1.482670e-01 
5.135130e-03 -7.195227e-02 
7.551694e-03 3.080978e-02 
-2.701374e-03 1.023970e-01 
-3.790514e-03 1.213501e-01 
-3.212050e-03 1.011248e-01 
-9.176753e-04 3.951710e-02 
1.875841e-03 -4.563815e-02 
2.022896e-03 -8.573226e-02 
1.181636e-03 -8.309168e-02 
-2.542448e-04 -2.854538e-02 
-4.956408e-04 4.982759e-02 
-3.397091e-04 5.694872e-02 
