poroelastic
-2.035433e-02 9.433859e-02 
-7.222056e-03 1.509857e-01 
1.553385e-02 1.679665e-01 
3.459308e-02 1.769145e-01 
1.729769e-02 1.642493e-01 
2.396062e-03 1.243005e-01 
-1.242100e-02 6.401758e-02 
-7.463639e-03 -2.799182e-02 
1.647414e-03 -1.011130e-01 
9.185844e-03 -1.315886e-01 
1.078838e-02 -9.332918e-02 
-4.526784e-03 2.678959e-02 
-7.656747e-03 8.542328e-02 
-4.581668e-03 8.793835e-02 
1.661847e-03 3.159470e-02 
2.553972e-03 -5.965890e-02 
2.009632e-03 -8.132305e-02 
3.437323e-02 -4.915736e-02 
2.727351e-03 -3.276106e-02 
-6.260670e-03 -5.673021e-02 
-4.730950e-03 -1.406938e-02 
3.090722e-03 5.745057e-02 
1.183601e-04 1.085435e-01 
-1.411869e-02 9.945549e-02 
-9.533988e-03 -5.037322e-03 
-3.914432e-05 -9.521382e-02 
8.405562e-03 -1.449312e-01 
1.222630e-02 -1.199446e-01 
-1.224340e-03 2.052625e-03 
-6.457581e-03 7.381266e-02 
-5.452535e-03 9.944111e-02 
7.817279e-04 5.683089e-02 
3.180265e-03 -5.855116e-02 
3.287504e-03 -1.211246e-01 
-1.071668e-01 -1.500499e-01 
-2.686085e-02 -1.578736e-02 
2.321762e-03 8.860996e-02 
4.038080e-02 1.775285e-01 
2.617951e-02 2.272234e-01 
6.564973e-03 2.147735e-01 
-1.844186e-02 1.207574e-01 
-8.997037e-03 -5.194074e-02 
5.044304e-03 -1.668040e-01 
1.563594e-02 -2.079961e-01 
1.687529e-02 -1.440494e-01 
-6.314303e-03 3.272759e-02 
-1.284543e-02 1.329590e-01 
-1.053426e-02 1.575295e-01 
-7.907433e-04 8.813998e-02 
4.730882e-03 -7.006329e-02 
4.934433e-03 -1.549829e-01 
6.996012e-02 -2.601518e-01 
-1.799392e-02 -9.120592e-02 
5.478371e-03 5.203731e-02 
2.143716e-02 1.355131e-01 
1.112778e-02 1.564524e-01 
-3.345025e-03 1.297342e-01 
-2.015352e-02 5.894930e-02 
-8.478083e-03 -4.751194e-02 
2.866938e-03 -1.269492e-01 
1.066833e-02 -1.613231e-01 
1.235450e-02 -1.190907e-01 
-3.086766e-03 1.937138e-02 
-8.982851e-03 1.020249e-01 
-7.477206e-03 1.230718e-01 
5.625443e-04 6.415206e-02 
5.214865e-03 -7.695404e-02 
5.110082e-03 -1.527243e-01 
6.823577e-01 5.080292e-01 
1.638770e-01 8.110939e-01 
1.090796e-01 6.940873e-01 
3.193004e-02 3.417975e-01 
-1.200448e-02 5.061802e-02 
-2.269281e-02 -1.475693e-01 
-1.136863e-02 -2.129113e-01 
2.659594e-03 -1.026175e-01 
2.386805e-03 -3.415830e-02 
3.163310e-04 3.390295e-03 
-2.253603e-03 2.577770e-02 
-4.457030e-03 4.752354e-02 
-4.025734e-03 5.642865e-02 
-1.472241e-03 4.152664e-02 
3.174793e-03 -1.074570e-02 
4.631230e-03 -8.407366e-02 
1.783016e-03 -4.723861e-02 
4.664899e-01 6.245810e-01 
1.505500e-01 8.347455e-01 
9.929876e-02 6.819134e-01 
-1.244747e-03 2.482977e-01 
-2.771061e-02 -6.891599e-02 
-2.765293e-02 -2.577756e-01 
-8.397141e-03 -2.828189e-01 
4.036725e-03 -1.055170e-01 
-2.144708e-04 6.246292e-03 
-5.657405e-03 6.441047e-02 
-8.225448e-03 7.180206e-02 
-1.282061e-03 3.419176e-02 
1.271258e-03 7.508380e-03 
3.495056e-03 -2.001046e-02 
5.324157e-03 -5.665643e-02 
3.918600e-03 -7.980132e-02 
4.541592e-04 -1.187631e-02 
2.270982e-01 5.871327e-01 
1.493614e-01 8.172326e-01 
9.687843e-02 7.034296e-01 
-3.559772e-03 2.443963e-01 
-2.774739e-02 -9.946892e-02 
-2.497991e-02 -3.044122e-01 
-2.291098e-03 -3.162399e-01 
6.040926e-03 -1.008346e-01 
-1.027437e-03 3.498640e-02 
-8.091693e-03 1.036535e-01 
-1.063060e-02 1.011363e-01 
-1.304868e-03 3.449685e-02 
2.500003e-03 -9.505986e-03 
4.638927e-03 -4.167661e-02 
5.250346e-03 -6.775921e-02 
3.062068e-03 -6.498467e-02 
-6.540751e-04 1.621572e-02 
-1.451911e-02 3.396046e-01 
1.195850e-01 6.386816e-01 
7.924898e-02 6.169573e-01 
-8.587893e-03 2.234417e-01 
-2.770394e-02 -8.004573e-02 
-2.539593e-02 -2.727723e-01 
-4.611481e-03 -3.025829e-01 
6.144962e-03 -1.241294e-01 
5.172815e-04 -1.383745e-04 
-6.137693e-03 7.475160e-02 
-9.318237e-03 8.969212e-02 
-2.207603e-03 4.251470e-02 
9.656971e-04 8.596062e-03 
3.554686e-03 -2.348060e-02 
5.456475e-03 -5.999794e-02 
4.026965e-03 -7.599651e-02 
6.876022e-04 -1.656857e-02 
-6.513528e-02 -1.606608e-01 
5.283670e-02 2.761314e-01 
4.942035e-02 3.994129e-01 
-5.952300e-03 1.520730e-01 
-1.940379e-02 -6.726876e-02 
-1.704071e-02 -2.121698e-01 
-8.214009e-04 -2.292689e-01 
4.752515e-03 -7.820395e-02 
-9.906451e-04 2.556508e-02 
-6.537050e-03 8.225507e-02 
-8.272409e-03 8.136592e-02 
-1.002447e-03 2.510028e-02 
2.194737e-03 -1.308603e-02 
3.922040e-03 -3.896012e-02 
4.302519e-03 -5.520530e-02 
2.417579e-03 -4.654382e-02 
-6.072176e-04 1.359258e-02 
1.025819e-01 -6.016675e-01 
-5.352029e-03 -3.091811e-02 
3.423192e-02 2.749324e-01 
2.214964e-03 2.088961e-01 
-1.299650e-02 7.985769e-02 
-2.085082e-02 -6.177120e-02 
-1.469241e-02 -1.690830e-01 
4.962140e-03 -1.505581e-01 
6.448561e-03 -1.053944e-01 
3.266629e-03 -4.421138e-02 
-1.947526e-03 1.900810e-02 
-4.684288e-03 5.552599e-02 
-5.075908e-03 6.910142e-02 
-2.671189e-03 5.277393e-02 
3.034898e-03 -4.516192e-03 
6.730914e-03 -8.811894e-02 
5.631163e-03 -1.152874e-01 
