poroelastic
-1.177197e-01 9.001237e-03 
-1.170565e-01 9.766014e-02 
-4.446395e-02 2.214892e-01 
1.391848e-01 2.978767e-01 
1.063130e-01 3.465180e-01 
7.973900e-02 3.293407e-01 
5.507215e-02 2.611626e-01 
1.849815e-02 1.532527e-01 
5.106906e-03 6.188118e-02 
7.562770e-03 -4.078365e-03 
1.289535e-02 -4.365147e-02 
9.207239e-04 -4.533199e-02 
-2.520407e-03 -2.269863e-02 
-6.629783e-03 6.526906e-03 
-9.857677e-03 4.155869e-02 
-6.039397e-03 8.515343e-02 
-5.656973e-03 1.364715e-01 
-2.049361e-01 -1.232353e-01 
-8.049015e-02 -4.340263e-02 
-3.460269e-02 7.285120e-02 
8.984438e-02 1.843712e-01 
7.597421e-02 2.763518e-01 
5.730901e-02 3.087460e-01 
2.365708e-02 2.567254e-01 
-4.702244e-03 1.073039e-01 
-5.914926e-03 5.948204e-03 
-5.872148e-04 -5.613311e-02 
8.284020e-03 -8.348340e-02 
8.020006e-03 -6.349302e-02 
3.369849e-03 -4.085858e-02 
-4.750418e-04 -1.630938e-02 
-3.795759e-03 1.527248e-02 
-3.046518e-03 4.241334e-02 
-2.302057e-03 5.058379e-02 
-4.678869e-01 -4.007309e-01 
-1.859403e-01 -2.683267e-01 
-9.294219e-02 1.078033e-02 
1.707115e-01 3.065449e-01 
1.519679e-01 5.191372e-01 
1.132562e-01 5.896544e-01 
4.519917e-02 4.776723e-01 
-6.607924e-03 1.637029e-01 
-3.658463e-03 -4.971580e-02 
1.213304e-02 -1.707370e-01 
2.775509e-02 -1.892692e-01 
7.073827e-03 -8.560154e-02 
-4.901997e-03 3.190247e-03 
-1.167975e-02 7.128492e-02 
-1.327659e-02 1.135194e-01 
-6.663481e-03 9.499595e-02 
-8.684954e-04 1.634884e-02 
-4.884369e-01 -5.558410e-01 
-1.979600e-01 -3.328893e-01 
-6.529909e-02 3.925029e-02 
1.810859e-01 3.749471e-01 
1.444469e-01 5.439796e-01 
9.383646e-02 5.541354e-01 
2.499239e-02 4.155956e-01 
-1.338446e-02 1.380814e-01 
-6.910111e-03 -4.766709e-02 
6.665994e-03 -1.542077e-01 
2.035252e-02 -1.734530e-01 
9.079739e-03 -8.170022e-02 
-1.035293e-03 -9.654922e-03 
-6.312290e-03 4.103808e-02 
-7.694138e-03 7.098275e-02 
-3.788108e-03 5.593475e-02 
6.148892e-04 -1.094408e-02 
8.882335e-01 1.420915e-01 
1.778295e-01 5.762200e-01 
1.280918e-01 7.184382e-01 
2.452270e-01 6.752112e-01 
1.332411e-01 5.767276e-01 
6.304996e-02 4.201501e-01 
1.143680e-02 2.287866e-01 
-6.125708e-03 4.485289e-02 
4.005740e-04 -6.937671e-02 
1.064617e-02 -1.291169e-01 
1.902573e-02 -1.258961e-01 
2.884017e-03 -4.097773e-02 
-5.236389e-03 2.223337e-02 
-8.344098e-03 5.699960e-02 
-7.589329e-03 6.074077e-02 
-3.217876e-03 3.254506e-02 
-3.236670e-03 5.098066e-02 
6.811702e-01 3.270626e-01 
1.884695e-01 7.145295e-01 
2.149278e-01 8.084324e-01 
2.114979e-01 6.891867e-01 
9.617314e-02 5.259215e-01 
3.268601e-02 3.358823e-01 
-7.961046e-03 1.394579e-01 
-9.016206e-03 -2.914393e-03 
-1.205132e-04 -8.082681e-02 
7.504991e-03 -1.158804e-01 
1.258009e-02 -1.041346e-01 
3.809605e-03 -3.836116e-02 
-1.763740e-03 5.626027e-03 
-3.631033e-03 2.471809e-02 
-2.716672e-03 1.764143e-02 
-5.953547e-04 -1.197050e-03 
-3.915579e-03 5.895382e-02 
3.133968e-01 4.627838e-01 
2.146094e-01 7.954491e-01 
2.624504e-01 8.877982e-01 
1.879920e-01 7.108063e-01 
7.205248e-02 4.833951e-01 
1.256580e-02 2.461416e-01 
-1.601657e-02 2.925443e-02 
-4.789777e-03 -8.074057e-02 
5.224502e-03 -1.261239e-01 
1.168212e-02 -1.291186e-01 
1.254867e-02 -8.416648e-02 
-1.646507e-03 1.245620e-03 
-6.401256e-03 4.598828e-02 
-6.534005e-03 5.466317e-02 
-2.884272e-03 2.465115e-02 
1.046299e-03 -1.951492e-02 
-3.562300e-03 4.999038e-02 
-1.198984e-01 4.309186e-01 
2.057029e-01 7.027378e-01 
2.772359e-01 8.506951e-01 
1.836502e-01 7.236188e-01 
6.704261e-02 5.105943e-01 
5.009194e-03 2.683340e-01 
-2.426842e-02 2.956339e-02 
-4.489456e-03 -1.031242e-01 
7.408949e-03 -1.587101e-01 
1.412220e-02 -1.624792e-01 
1.435643e-02 -1.088569e-01 
-1.975320e-04 -8.498078e-03 
-6.594935e-03 5.005005e-02 
-7.689807e-03 6.711475e-02 
-3.706711e-03 3.560191e-02 
1.380556e-03 -2.027079e-02 
-2.409720e-03 3.219633e-02 
-4.124439e-01 1.932539e-01 
1.545106e-01 4.694332e-01 
2.193417e-01 6.811861e-01 
1.347817e-01 5.966972e-01 
4.187024e-02 3.964203e-01 
-8.213314e-03 1.611268e-01 
-2.497740e-02 -5.947803e-02 
1.713265e-04 -1.443578e-01 
9.348895e-03 -1.593180e-01 
1.230072e-02 -1.299784e-01 
8.315170e-03 -5.476785e-02 
-5.326825e-03 4.039736e-02 
-8.975573e-03 7.682543e-02 
-7.278264e-03 6.819430e-02 
-8.643910e-04 1.381565e-02 
4.888193e-03 -5.254993e-02 
-2.365926e-05 2.930760e-04 
-6.093462e-01 -1.483441e-01 
5.855590e-02 1.690982e-01 
2.150903e-01 5.257966e-01 
1.761267e-01 6.585201e-01 
7.315864e-02 5.900570e-01 
2.176846e-03 3.987372e-01 
-4.117481e-02 1.066329e-01 
-1.742686e-03 -1.457026e-01 
1.652917e-02 -2.599812e-01 
2.468430e-02 -2.742266e-01 
2.212534e-02 -1.818721e-01 
2.063746e-04 -2.514801e-03 
-1.263120e-02 1.079274e-01 
-1.698466e-02 1.496968e-01 
-1.109636e-02 1.072229e-01 
3.039301e-03 -1.792182e-02 
7.362041e-03 -8.303126e-02 
