poroelastic
2.105523e-02 5.901449e-02 
2.911215e-02 5.733997e-02 
1.296978e-02 -5.345431e-03 
-3.150165e-02 -5.090199e-02 
-2.084931e-02 -5.228406e-02 
-1.732428e-02 -3.766556e-02 
-1.907508e-02 -1.837257e-02 
-7.527432e-03 -4.095891e-02 
9.596382e-04 -7.240118e-02 
5.894327e-03 -8.300615e-02 
6.660166e-03 -5.475155e-02 
-2.903077e-03 2.814885e-02 
-5.833926e-03 6.864001e-02 
-1.848988e-03 6.305564e-02 
5.095832e-03 1.078219e-02 
4.377058e-03 -7.426215e-02 
4.002042e-03 -1.155343e-01 
1.179026e-01 6.098783e-02 
3.440479e-02 4.202612e-03 
-3.459962e-03 -1.232973e-01 
-5.181186e-02 -1.773547e-01 
-2.527015e-02 -1.304621e-01 
-1.158149e-02 -5.148557e-02 
-1.051788e-02 1.522356e-02 
-6.007391e-03 1.742655e-03 
-1.226515e-04 -4.151020e-02 
5.965468e-03 -7.560012e-02 
9.374810e-03 -7.086294e-02 
-1.107847e-03 3.969717e-03 
-6.676211e-03 6.202139e-02 
-5.737809e-03 8.488786e-02 
1.241859e-03 4.895900e-02 
4.088643e-03 -5.653118e-02 
4.525098e-03 -1.181483e-01 
4.815849e-02 1.389990e-01 
4.014465e-02 1.582432e-01 
2.527380e-02 6.474820e-02 
-3.428345e-02 -4.722737e-02 
-2.546248e-02 -7.561201e-02 
-1.984352e-02 -7.002597e-02 
-1.727783e-02 -5.168735e-02 
-3.704178e-03 -5.650689e-02 
3.517001e-03 -7.654542e-02 
7.688322e-03 -8.078767e-02 
6.741644e-03 -4.704296e-02 
-5.796523e-03 3.941379e-02 
-9.741666e-03 9.119514e-02 
-6.488981e-03 9.488586e-02 
3.124867e-03 3.219132e-02 
7.049081e-03 -8.879391e-02 
5.731325e-03 -1.268522e-01 
1.601395e-01 1.207101e-01 
5.317947e-02 1.359242e-01 
2.155680e-02 4.168373e-02 
-4.927700e-02 -9.351988e-02 
-3.495748e-02 -1.440293e-01 
-2.299763e-02 -1.428059e-01 
-1.210385e-02 -1.026084e-01 
-6.041438e-04 -5.318820e-02 
2.250126e-03 -4.122073e-02 
3.578429e-03 -3.665949e-02 
2.437792e-03 -1.687460e-02 
-4.940682e-03 3.721777e-02 
-7.453677e-03 7.277007e-02 
-4.875292e-03 7.351239e-02 
2.892064e-03 2.196717e-02 
6.634022e-03 -8.018235e-02 
5.165340e-03 -1.072573e-01 
8.022870e-02 3.166399e-01 
5.975311e-02 3.811128e-01 
3.926568e-02 2.151319e-01 
-6.011074e-02 -7.174344e-02 
-5.053101e-02 -2.443118e-01 
-3.175947e-02 -3.064564e-01 
-4.446392e-03 -2.435247e-01 
4.923933e-03 -5.918975e-02 
-2.510760e-03 4.397813e-02 
-9.415120e-03 8.594233e-02 
-1.177133e-02 7.561085e-02 
-1.594039e-03 3.083652e-02 
1.278198e-03 9.926836e-03 
3.405254e-03 -7.177720e-03 
6.221367e-03 -3.572699e-02 
5.956850e-03 -7.513801e-02 
2.802317e-03 -5.145822e-02 
2.334995e-02 3.163529e-01 
5.196413e-02 3.263732e-01 
4.161698e-03 1.581739e-01 
-6.985568e-02 -1.378799e-01 
-4.979966e-02 -3.033386e-01 
-2.688903e-02 -3.508644e-01 
2.184978e-03 -2.646289e-01 
6.310581e-03 -5.031454e-02 
-4.949404e-03 7.764015e-02 
-1.472098e-02 1.336972e-01 
-1.692698e-02 1.130812e-01 
8.392283e-05 2.629285e-02 
5.492679e-03 -2.283610e-02 
7.626559e-03 -5.032652e-02 
7.426589e-03 -6.199900e-02 
4.211687e-03 -5.634924e-02 
1.507397e-03 -2.708485e-02 
4.274385e-02 2.649581e-01 
5.096969e-02 3.148653e-01 
-2.575524e-03 1.754240e-01 
-5.801149e-02 -1.264415e-01 
-4.164722e-02 -3.010878e-01 
-1.986123e-02 -3.531387e-01 
8.177859e-03 -2.550331e-01 
6.330324e-03 -2.115296e-02 
-7.198123e-03 1.128445e-01 
-1.744809e-02 1.631785e-01 
-1.771696e-02 1.216497e-01 
2.324636e-03 6.912549e-03 
8.103811e-03 -5.116723e-02 
8.836792e-03 -7.106912e-02 
6.222599e-03 -6.163708e-02 
2.179668e-03 -3.092402e-02 
-1.663711e-04 2.812288e-03 
5.245784e-02 1.372924e-01 
3.752540e-02 2.536947e-01 
-1.330654e-02 1.607462e-01 
-5.891736e-02 -1.207187e-01 
-4.121195e-02 -2.864590e-01 
-2.046034e-02 -3.436232e-01 
6.565838e-03 -2.625654e-01 
6.737856e-03 -4.770781e-02 
-5.989845e-03 9.004797e-02 
-1.712009e-02 1.575233e-01 
-1.916067e-02 1.351232e-01 
-2.420762e-04 2.865216e-02 
6.510090e-03 -3.378793e-02 
9.172146e-03 -6.736069e-02 
8.230815e-03 -7.293980e-02 
4.054578e-03 -5.085016e-02 
1.468205e-03 -2.406017e-02 
8.487117e-02 -9.658640e-02 
1.189897e-02 1.127555e-01 
-9.921683e-03 1.003003e-01 
-3.899310e-02 -1.072760e-01 
-2.678707e-02 -2.283998e-01 
-1.004363e-02 -2.609016e-01 
1.075381e-02 -1.810249e-01 
5.068437e-03 -1.534396e-03 
-6.718403e-03 1.061278e-01 
-1.498975e-02 1.468792e-01 
-1.452818e-02 1.060498e-01 
2.035161e-03 -1.551197e-03 
7.491199e-03 -5.522263e-02 
8.016767e-03 -7.102750e-02 
4.595888e-03 -5.142637e-02 
9.501101e-05 -5.943110e-03 
-1.820984e-03 2.771694e-02 
2.426482e-01 -3.003548e-01 
-5.352711e-03 -2.527858e-03 
-2.016857e-02 7.469916e-02 
-4.150285e-02 -6.493611e-02 
-2.911157e-02 -1.621061e-01 
-1.750678e-02 -2.165529e-01 
2.281839e-04 -1.961929e-01 
5.720505e-03 -7.193021e-02 
-1.378589e-03 2.307772e-02 
-9.664599e-03 8.934354e-02 
-1.396006e-02 1.025104e-01 
-3.720785e-03 4.268594e-02 
1.198318e-03 3.201288e-03 
4.529706e-03 -2.607002e-02 
6.975593e-03 -4.827814e-02 
6.368692e-03 -6.158531e-02 
4.671198e-03 -6.517593e-02 
