poroelastic
3.114696e-03 -1.210507e-01 
-9.288814e-03 -1.703094e-01 
-1.828722e-02 -1.500533e-01 
-1.098997e-02 -9.521431e-02 
-1.526733e-03 -4.609924e-02 
3.926730e-03 -1.343719e-04 
5.386309e-03 2.315957e-02 
1.622085e-03 2.622039e-02 
-2.793254e-04 4.353856e-02 
-1.932957e-03 5.251303e-02 
-2.099926e-03 3.240857e-02 
1.853069e-03 -2.601473e-02 
1.910016e-03 -4.719620e-02 
6.765177e-04 -3.832600e-02 
-8.240668e-04 3.524912e-03 
-4.325147e-04 4.456043e-02 
-3.206806e-05 8.088907e-03 
-1.609764e-02 -2.975669e-02 
-1.208062e-02 -6.462276e-02 
-7.375309e-03 -2.810414e-02 
9.289386e-03 1.671503e-02 
6.961734e-03 2.137522e-02 
6.148994e-03 1.880404e-02 
6.202770e-03 1.501921e-02 
2.010276e-03 2.105217e-02 
5.434995e-05 4.140437e-02 
-1.399067e-03 5.091928e-02 
-1.481588e-03 2.876797e-02 
1.572275e-03 -3.118079e-02 
1.751009e-03 -5.397003e-02 
3.535236e-04 -4.345476e-02 
-1.597518e-03 8.444034e-03 
-9.254727e-04 6.751955e-02 
-1.860311e-04 3.522618e-02 
1.615633e-01 1.221332e-02 
6.170601e-03 -1.299558e-01 
-2.179217e-02 -1.948630e-01 
-2.589718e-02 -1.723200e-01 
-1.181082e-02 -1.456014e-01 
3.818085e-04 -9.314202e-02 
1.031225e-02 -1.303741e-02 
2.986280e-03 7.327462e-02 
-2.155286e-03 1.275914e-01 
-5.675875e-03 1.345906e-01 
-4.968658e-03 7.152919e-02 
4.286520e-03 -5.349830e-02 
4.992291e-03 -1.109578e-01 
2.821643e-03 -1.075638e-01 
-9.912013e-04 -3.188845e-02 
-1.284281e-03 7.469493e-02 
-3.858500e-04 6.027412e-02 
-2.882219e-02 1.573988e-01 
9.196045e-03 4.074027e-02 
-7.185492e-03 -5.896463e-02 
-1.156165e-02 -9.411196e-02 
-5.166122e-03 -8.906614e-02 
2.216530e-03 -5.420100e-02 
8.380591e-03 -1.965942e-03 
2.499822e-03 4.576615e-02 
-1.235282e-03 8.490568e-02 
-3.798504e-03 9.787350e-02 
-3.830960e-03 6.186522e-02 
2.488406e-03 -2.947313e-02 
3.405123e-03 -7.895581e-02 
1.967631e-03 -8.438978e-02 
-9.214720e-04 -3.362739e-02 
-9.606179e-04 5.646266e-02 
-3.850135e-04 7.017662e-02 
-4.075209e-01 -4.213283e-01 
-1.156219e-01 -6.095552e-01 
-6.238229e-02 -4.672852e-01 
3.110102e-04 -1.571204e-01 
2.053355e-02 8.202240e-02 
2.127878e-02 2.282972e-01 
6.741341e-03 2.372581e-01 
-2.143756e-03 7.303594e-02 
-4.370635e-05 -2.446025e-02 
2.450797e-03 -6.901946e-02 
3.754742e-03 -6.876969e-02 
5.534610e-04 -3.144442e-02 
-7.675364e-04 -4.745019e-03 
-1.509759e-03 1.841757e-02 
-1.617366e-03 4.318267e-02 
-5.509402e-04 5.116621e-02 
4.074706e-05 -5.706395e-03 
-2.252753e-01 -4.261174e-01 
-8.024686e-02 -4.954436e-01 
-3.656272e-02 -3.439492e-01 
1.637936e-02 -4.990572e-02 
2.339181e-02 1.525620e-01 
1.758324e-02 2.573456e-01 
1.375490e-03 2.270188e-01 
-2.278013e-03 4.115174e-02 
1.571405e-03 -6.442272e-02 
4.541026e-03 -1.057595e-01 
4.609814e-03 -8.274940e-02 
-1.275941e-03 -5.089622e-03 
-2.459956e-03 3.849279e-02 
-2.261813e-03 5.662318e-02 
-1.055039e-03 5.072602e-02 
-1.166922e-04 1.764865e-02 
2.095919e-04 -2.619537e-02 
-1.326354e-01 -3.989555e-01 
-8.809490e-02 -5.359073e-01 
-4.919311e-02 -4.392059e-01 
9.130733e-03 -1.173140e-01 
2.105485e-02 1.203079e-01 
1.726339e-02 2.583817e-01 
8.997952e-04 2.467306e-01 
-2.815136e-03 6.405698e-02 
9.951854e-04 -4.528086e-02 
3.985680e-03 -9.681679e-02 
4.476359e-03 -8.744760e-02 
-7.588479e-05 -2.396127e-02 
-1.480717e-03 1.496690e-02 
-1.861513e-03 3.700530e-02 
-1.358652e-03 4.512670e-02 
-3.861636e-04 3.181515e-02 
3.651486e-05 -3.783681e-03 
1.273868e-02 -1.868392e-01 
-6.730929e-02 -4.077391e-01 
-4.587897e-02 -3.969946e-01 
7.015956e-03 -1.184315e-01 
1.812343e-02 8.898736e-02 
1.505798e-02 2.154889e-01 
3.658957e-04 2.176703e-01 
-2.992831e-03 7.062014e-02 
4.405835e-04 -2.201121e-02 
3.028426e-03 -7.153438e-02 
3.626254e-03 -7.262590e-02 
5.608710e-04 -2.838076e-02 
-6.836109e-04 6.977909e-04 
-1.298052e-03 2.226004e-02 
-1.254075e-03 4.024601e-02 
-4.834765e-04 3.692199e-02 
1.209429e-04 -1.118774e-02 
4.973887e-02 1.846403e-01 
-3.450636e-02 -2.019815e-01 
-3.995859e-02 -3.303113e-01 
1.326709e-03 -1.354181e-01 
1.333697e-02 3.512480e-02 
1.346791e-02 1.557615e-01 
2.351168e-03 1.828112e-01 
-2.953230e-03 7.979381e-02 
-6.017973e-04 8.498614e-03 
1.549130e-03 -3.848299e-02 
2.847281e-03 -5.840862e-02 
1.584004e-03 -4.626848e-02 
4.318670e-04 -2.831876e-02 
-7.629544e-04 -2.061810e-03 
-1.686929e-03 3.780988e-02 
-1.051455e-03 6.178929e-02 
-1.230115e-04 9.758169e-03 
-6.187931e-02 5.723781e-01 
1.306241e-02 8.526489e-02 
-3.289355e-02 -2.095471e-01 
-1.353079e-02 -1.901274e-01 
1.387579e-03 -1.148320e-01 
1.048991e-02 -1.313285e-02 
9.356754e-03 8.888690e-02 
-4.021856e-03 1.187932e-01 
-5.060251e-03 1.129343e-01 
-3.955258e-03 7.842219e-02 
-6.710057e-04 1.468354e-02 
3.229811e-03 -5.768747e-02 
3.370995e-03 -8.834342e-02 
1.875335e-03 -7.830347e-02 
-8.290803e-04 -1.631357e-02 
-1.560688e-03 6.925234e-02 
-9.722047e-04 6.794351e-02 
