poroelastic
1.121422e-01 -3.450322e-02 
1.098661e-01 -9.855269e-02 
3.519497e-02 -1.796791e-01 
-1.573402e-01 -2.847323e-01 
-1.168129e-01 -3.707965e-01 
-7.937579e-02 -3.875648e-01 
-3.302572e-02 -3.462457e-01 
8.973417e-03 -1.774987e-01 
3.206779e-03 6.788303e-03 
-1.863702e-02 1.326837e-01 
-3.561792e-02 1.596905e-01 
2.498472e-03 2.936451e-02 
1.491697e-02 -5.407892e-02 
1.467900e-02 -7.743591e-02 
8.251272e-03 -5.631894e-02 
1.643433e-03 -1.819491e-02 
1.585074e-03 -2.915600e-02 
1.326846e-01 4.059566e-02 
6.227998e-02 6.374047e-02 
5.168044e-02 7.392990e-02 
-6.417649e-02 -4.621780e-02 
-7.154561e-02 -2.256603e-01 
-5.729450e-02 -3.538335e-01 
-6.158789e-03 -3.723289e-01 
2.779186e-02 -1.863920e-01 
1.409013e-02 2.052785e-02 
-1.228367e-02 1.796176e-01 
-4.063740e-02 2.365184e-01 
-1.682147e-02 1.030522e-01 
3.536031e-03 2.415001e-04 
1.246357e-02 -7.263404e-02 
9.400460e-03 -9.059117e-02 
1.476797e-04 -9.693169e-03 
-2.376020e-03 3.861406e-02 
4.959074e-01 2.369944e-01 
1.657901e-01 1.491637e-01 
7.404704e-02 -2.606730e-02 
-1.804823e-01 -2.786833e-01 
-1.545406e-01 -5.122328e-01 
-1.029107e-01 -6.122377e-01 
-1.361084e-02 -5.248809e-01 
2.954963e-02 -1.849627e-01 
4.232849e-03 1.017173e-01 
-3.248302e-02 2.817399e-01 
-5.981306e-02 3.013694e-01 
-8.987463e-03 8.910018e-02 
1.953425e-02 -7.521997e-02 
2.831362e-02 -1.660701e-01 
1.886971e-02 -1.624326e-01 
6.914476e-04 -2.518467e-02 
-6.205488e-03 8.431074e-02 
4.433808e-01 4.413483e-01 
1.705162e-01 2.544384e-01 
5.017871e-02 -3.506782e-02 
-1.754390e-01 -3.353386e-01 
-1.348643e-01 -5.098224e-01 
-7.619417e-02 -5.365879e-01 
5.295180e-03 -4.271710e-01 
3.431289e-02 -1.624971e-01 
1.054620e-02 7.385942e-02 
-2.026339e-02 2.366575e-01 
-4.668827e-02 2.724037e-01 
-1.613152e-02 9.942664e-02 
9.309414e-03 -3.807061e-02 
1.809416e-02 -1.150650e-01 
1.148919e-02 -1.131297e-01 
-2.536128e-03 5.062345e-03 
-8.027317e-03 1.011018e-01 
-9.202023e-01 -3.089685e-01 
-2.324039e-01 -7.758872e-01 
-1.745033e-01 -8.163110e-01 
-2.326860e-01 -6.613015e-01 
-1.035805e-01 -4.756160e-01 
-3.340495e-02 -2.757931e-01 
4.340368e-03 -1.136706e-01 
1.095126e-02 -4.734961e-02 
2.966273e-03 2.853053e-02 
-9.981432e-03 9.967420e-02 
-2.378688e-02 1.299504e-01 
-7.704825e-03 5.160363e-02 
6.182400e-03 -2.311676e-02 
1.111880e-02 -6.313174e-02 
7.501635e-03 -5.471921e-02 
-1.510819e-03 1.516591e-02 
7.909994e-04 -8.699572e-03 
-7.176886e-01 -5.129613e-01 
-2.492958e-01 -9.135229e-01 
-2.531262e-01 -9.274098e-01 
-1.900968e-01 -6.811329e-01 
-6.150968e-02 -4.172391e-01 
-6.185704e-04 -1.729432e-01 
2.360934e-02 -1.304370e-05 
1.257669e-02 1.203507e-02 
4.540418e-03 3.414812e-02 
-1.956627e-03 6.499505e-02 
-9.985773e-03 8.236168e-02 
-9.757365e-03 4.722474e-02 
-1.985935e-03 8.405218e-03 
8.206336e-04 -1.002250e-02 
-1.512671e-03 3.593805e-03 
-5.150038e-03 4.637945e-02 
7.517198e-04 -7.822852e-03 
-3.668830e-01 -6.520370e-01 
-2.888195e-01 -1.044504e+00 
-3.112889e-01 -1.083674e+00 
-1.634026e-01 -7.162495e-01 
-3.003731e-02 -3.225832e-01 
2.020033e-02 2.402279e-03 
1.807143e-02 1.776457e-01 
-8.034742e-04 8.304266e-02 
-2.028332e-04 1.883038e-02 
2.405492e-03 -4.653659e-03 
1.552388e-03 1.007292e-03 
-2.758709e-03 1.151662e-02 
-3.031941e-03 1.544023e-02 
-3.480189e-03 2.124826e-02 
-4.226395e-03 3.385680e-02 
-3.468061e-03 3.819725e-02 
7.041797e-03 -6.754623e-02 
8.985402e-02 -5.855405e-01 
-2.935149e-01 -1.002705e+00 
-3.467436e-01 -1.141619e+00 
-1.654451e-01 -7.844666e-01 
-2.523851e-02 -3.791628e-01 
3.098051e-02 -2.572479e-02 
3.070217e-02 1.992115e-01 
-1.260920e-03 1.445305e-01 
-5.786094e-03 8.568836e-02 
-3.504419e-03 4.148045e-02 
-6.893848e-04 1.216222e-02 
-3.564609e-05 -2.757250e-03 
1.999146e-03 -1.560806e-02 
8.881789e-04 -1.149817e-02 
-4.195367e-03 2.136548e-02 
-7.973315e-03 6.435138e-02 
1.376697e-03 -1.250930e-02 
4.361205e-01 -1.768026e-01 
-2.286059e-01 -7.280685e-01 
-2.937718e-01 -1.001040e+00 
-1.183290e-01 -6.654588e-01 
-6.977829e-05 -2.348634e-01 
3.914548e-02 1.336204e-01 
1.692691e-02 3.234867e-01 
-1.135448e-02 1.667254e-01 
-4.670154e-03 2.967703e-02 
6.541250e-03 -5.691050e-02 
1.456329e-02 -8.343602e-02 
6.532955e-03 -4.114014e-02 
-1.454168e-03 3.559037e-03 
-7.467246e-03 4.169670e-02 
-1.076368e-02 7.043697e-02 
-7.400547e-03 6.281698e-02 
8.067787e-03 -6.768696e-02 
6.772611e-01 3.554761e-01 
-1.055650e-01 -3.557380e-01 
-3.082628e-01 -8.765307e-01 
-1.892534e-01 -8.189574e-01 
-4.837546e-02 -5.681662e-01 
3.102942e-02 -2.366307e-01 
5.468243e-02 1.120098e-01 
-5.198007e-03 2.410288e-01 
-2.325082e-02 2.467938e-01 
-2.394235e-02 1.816360e-01 
-1.250673e-02 6.657142e-02 
8.431622e-03 -4.793947e-02 
1.798693e-02 -1.059192e-01 
1.655049e-02 -1.030070e-01 
2.065611e-03 -2.587582e-02 
-1.644346e-02 9.937597e-02 
-9.955415e-03 7.587851e-02 
