poroelastic
9.344327e-03 1.087013e-02 
9.905767e-03 -1.052801e-02 
1.614998e-04 -6.802276e-02 
-1.588066e-02 -1.235261e-01 
-7.709421e-03 -1.241804e-01 
-2.318674e-03 -9.852084e-02 
1.329101e-03 -4.926073e-02 
1.675536e-04 2.422580e-03 
-1.166833e-03 2.795365e-02 
-1.993070e-03 3.827126e-02 
-1.648507e-03 3.138686e-02 
4.174382e-04 1.051699e-02 
8.017557e-04 -2.636085e-03 
1.054206e-03 -1.359502e-02 
9.009013e-04 -2.291619e-02 
1.797705e-04 -2.450733e-02 
2.605913e-05 -1.100351e-02 
2.050552e-02 1.024853e-01 
9.247622e-03 6.298424e-02 
2.129546e-03 -1.690473e-02 
-1.166505e-02 -1.016938e-01 
-5.645896e-03 -1.164791e-01 
-3.033689e-04 -9.367238e-02 
3.300871e-03 -3.919957e-02 
-1.035396e-04 1.984093e-02 
-1.740684e-03 4.515255e-02 
-2.418610e-03 5.066962e-02 
-1.734223e-03 3.378194e-02 
5.892104e-04 -8.575153e-04 
9.807620e-04 -1.882697e-02 
8.370956e-04 -2.779651e-02 
2.022575e-04 -2.816233e-02 
-9.986597e-05 -8.947979e-03 
-1.232807e-04 3.813678e-02 
-5.345182e-02 2.345655e-01 
1.494088e-02 2.188791e-01 
1.041545e-02 1.050065e-01 
-1.373758e-02 -6.408491e-02 
-9.456242e-03 -1.345062e-01 
-3.479416e-03 -1.449380e-01 
2.800633e-03 -9.926729e-02 
1.333621e-03 -1.911369e-02 
-9.201267e-04 2.708224e-02 
-2.440199e-03 5.288035e-02 
-2.825118e-03 5.477034e-02 
-6.870198e-04 2.931854e-02 
3.119299e-04 9.534019e-03 
1.059714e-03 -1.280225e-02 
1.245840e-03 -4.004244e-02 
3.401043e-04 -4.486766e-02 
-6.886155e-05 1.618273e-02 
-9.043545e-02 2.252266e-01 
1.115251e-02 1.734776e-01 
3.749865e-03 5.384170e-02 
-9.643329e-03 -8.206457e-02 
-4.992001e-03 -1.290943e-01 
5.759087e-04 -1.216003e-01 
5.348942e-03 -6.803264e-02 
7.355457e-04 7.026586e-03 
-1.749295e-03 4.708186e-02 
-2.826691e-03 6.262114e-02 
-2.582649e-03 5.033589e-02 
-4.590029e-04 1.242848e-02 
3.620500e-04 -7.432471e-03 
5.050376e-04 -1.966099e-02 
9.969802e-05 -2.577907e-02 
-1.448689e-04 -9.854239e-03 
-2.111721e-04 4.732477e-02 
-3.524457e-01 -5.085696e-02 
-4.896467e-02 -1.297755e-01 
-2.404197e-02 -2.005369e-01 
-2.380591e-02 -2.595229e-01 
-8.471056e-03 -2.563184e-01 
4.990264e-04 -2.041419e-01 
5.537545e-03 -9.630741e-02 
-9.152092e-04 3.588566e-02 
-4.816099e-03 1.051934e-01 
-6.186872e-03 1.227314e-01 
-3.809959e-03 7.997858e-02 
2.543538e-03 -1.293717e-02 
3.261770e-03 -6.154517e-02 
2.632212e-03 -7.740733e-02 
9.480917e-04 -5.865441e-02 
-6.385816e-05 -7.227299e-03 
-1.816528e-04 3.278095e-02 
-2.731217e-01 -1.579966e-01 
-4.454293e-02 -2.685547e-01 
-3.287157e-02 -3.105214e-01 
-1.348400e-02 -2.688889e-01 
-1.433536e-03 -2.034724e-01 
4.032262e-03 -1.198527e-01 
4.647447e-03 -1.627040e-02 
-2.891036e-03 7.317925e-02 
-5.482903e-03 1.140537e-01 
-5.729538e-03 1.118448e-01 
-2.428372e-03 5.604644e-02 
3.109115e-03 -3.531414e-02 
3.198249e-03 -7.639659e-02 
1.873404e-03 -7.712507e-02 
-1.455100e-04 -3.242200e-02 
-3.185921e-04 3.197646e-02 
-1.560951e-04 3.339368e-02 
-8.811659e-02 -1.302553e-01 
-3.148052e-02 -2.074554e-01 
-2.763696e-02 -2.444609e-01 
-9.671829e-03 -2.158203e-01 
-6.603018e-04 -1.623567e-01 
3.209038e-03 -9.272716e-02 
3.091832e-03 -8.559547e-03 
-2.445823e-03 5.828333e-02 
-4.148883e-03 8.608662e-02 
-4.115950e-03 8.095303e-02 
-1.439355e-03 3.639256e-02 
2.360275e-03 -2.905179e-02 
2.270645e-03 -5.560697e-02 
1.264716e-03 -5.275656e-02 
-1.019193e-04 -1.804762e-02 
-2.034505e-04 2.370776e-02 
-7.649946e-05 1.524918e-02 
3.999453e-02 -6.113285e-02 
-2.116872e-02 -1.294148e-01 
-2.234551e-02 -1.799340e-01 
-8.801248e-03 -1.830954e-01 
-7.133825e-04 -1.467160e-01 
3.068663e-03 -8.865870e-02 
3.175423e-03 -1.384055e-02 
-2.121831e-03 4.788692e-02 
-3.846523e-03 7.711307e-02 
-4.019744e-03 7.769935e-02 
-1.720118e-03 4.199431e-02 
1.758706e-03 -1.486448e-02 
1.946125e-03 -4.136278e-02 
1.357806e-03 -4.576348e-02 
2.719604e-04 -2.533687e-02 
-7.956034e-05 6.386961e-03 
-6.163087e-05 1.198378e-02 
3.359035e-02 6.403631e-02 
-3.249099e-03 5.962048e-03 
-8.354654e-03 -5.425687e-02 
-4.313250e-03 -9.960716e-02 
-5.657759e-05 -9.101056e-02 
2.408520e-03 -5.778867e-02 
2.703676e-03 -9.510544e-03 
-1.191450e-03 2.968261e-02 
-2.193695e-03 4.549147e-02 
-2.191751e-03 4.383966e-02 
-1.067622e-03 2.284681e-02 
5.234899e-04 -7.050805e-03 
6.838914e-04 -1.878181e-02 
4.022901e-04 -2.026220e-02 
-1.048825e-04 -1.256191e-02 
-1.335750e-04 4.995042e-03 
-1.801024e-04 2.839168e-02 
2.873558e-02 1.122654e-01 
2.220159e-03 3.062981e-02 
-9.097142e-03 -4.351933e-02 
-4.761833e-03 -8.871461e-02 
-4.021562e-04 -8.551920e-02 
2.095328e-03 -6.270402e-02 
3.012724e-03 -2.655435e-02 
-2.533013e-04 7.375057e-03 
-1.470199e-03 2.797281e-02 
-2.006251e-03 3.813347e-02 
-1.687282e-03 3.242856e-02 
-4.207349e-04 1.209913e-02 
6.918150e-05 1.582066e-03 
2.617569e-04 -5.229303e-03 
2.327498e-04 -8.957800e-03 
6.731305e-05 -7.017784e-03 
-2.942051e-05 3.754121e-03 
