poroelastic
-9.290041e-02 -2.895663e-02 
-9.729742e-02 3.878233e-02 
-3.352030e-02 1.751920e-01 
1.163533e-01 2.578447e-01 
8.567728e-02 2.749643e-01 
6.092113e-02 2.301456e-01 
4.432387e-02 1.393360e-01 
2.188802e-02 6.909620e-02 
9.843178e-03 6.202507e-02 
5.191330e-03 6.891452e-02 
1.093647e-04 5.553511e-02 
-1.905780e-03 -1.236181e-02 
1.007393e-03 -4.049650e-02 
-1.948848e-03 -3.155933e-02 
-7.462883e-03 1.540813e-02 
-6.091141e-03 9.036213e-02 
-5.107855e-03 1.272959e-01 
-2.349733e-01 -1.843773e-01 
-9.446167e-02 -5.498838e-02 
-1.909262e-02 1.604066e-01 
1.168957e-01 2.927034e-01 
8.217977e-02 3.145626e-01 
5.000347e-02 2.562357e-01 
2.070857e-02 1.396529e-01 
3.804939e-03 2.932778e-02 
1.787660e-03 4.505970e-03 
8.315505e-04 1.254331e-02 
-9.377210e-04 1.681683e-02 
2.359064e-03 -2.326707e-02 
4.079280e-03 -4.730915e-02 
2.111227e-03 -4.750971e-02 
-3.120233e-03 -1.042172e-02 
-4.583403e-03 6.278387e-02 
-3.855091e-03 8.715617e-02 
-2.777007e-01 -4.705978e-01 
-1.660560e-01 -3.659737e-01 
-8.923301e-02 -7.059812e-02 
1.366075e-01 2.329962e-01 
1.225024e-01 3.954058e-01 
9.141168e-02 4.298505e-01 
4.505285e-02 3.311759e-01 
3.901275e-03 1.260652e-01 
-3.841136e-04 1.870145e-02 
3.744078e-03 -3.426236e-02 
9.195237e-03 -5.558543e-02 
6.293785e-03 -6.440093e-02 
3.393953e-03 -5.397796e-02 
-1.873870e-03 -1.951884e-02 
-8.855388e-03 4.713807e-02 
-8.664093e-03 1.164376e-01 
-3.565681e-03 6.928770e-02 
-3.104347e-01 -5.511251e-01 
-1.763011e-01 -3.828114e-01 
-6.700664e-02 -3.328616e-02 
1.492298e-01 2.946867e-01 
1.215321e-01 4.355873e-01 
8.027846e-02 4.340040e-01 
2.858005e-02 3.120643e-01 
-4.040726e-03 1.040604e-01 
-3.143802e-03 -7.541600e-03 
2.479167e-03 -5.993436e-02 
8.417651e-03 -7.220414e-02 
7.047699e-03 -6.148804e-02 
3.933047e-03 -4.865550e-02 
-1.965709e-04 -2.195564e-02 
-5.714707e-03 2.906987e-02 
-6.579545e-03 8.788424e-02 
-2.315501e-03 4.290051e-02 
5.438433e-01 -8.559532e-02 
7.971991e-02 1.584970e-01 
5.133700e-02 3.590976e-01 
2.104643e-01 4.922248e-01 
1.365542e-01 5.279581e-01 
7.835277e-02 4.619460e-01 
2.421082e-02 3.028339e-01 
-3.006153e-03 6.962231e-02 
1.999530e-03 -6.459227e-02 
1.170724e-02 -1.209551e-01 
1.818167e-02 -1.078142e-01 
1.793314e-03 -3.680418e-02 
-4.295756e-03 9.805233e-03 
-7.285369e-03 4.019494e-02 
-8.741641e-03 6.176776e-02 
-6.446126e-03 7.478169e-02 
-3.980787e-03 6.526408e-02 
3.945175e-01 2.833698e-02 
8.078636e-02 2.566294e-01 
1.223299e-01 4.120548e-01 
1.872824e-01 5.051317e-01 
1.067201e-01 5.024686e-01 
5.158790e-02 4.161492e-01 
2.828288e-03 2.510797e-01 
-8.483029e-03 3.269099e-02 
1.166419e-03 -8.965727e-02 
1.068670e-02 -1.379069e-01 
1.552725e-02 -1.155446e-01 
2.291445e-03 -3.294670e-02 
-3.422281e-03 1.439793e-02 
-5.344743e-03 3.593061e-02 
-4.948958e-03 3.773451e-02 
-2.800649e-03 3.000216e-02 
-3.026344e-03 4.724754e-02 
1.423117e-01 8.633802e-02 
7.192595e-02 2.323363e-01 
1.427276e-01 3.711013e-01 
1.744675e-01 4.899286e-01 
9.836630e-02 5.093721e-01 
4.439909e-02 4.321828e-01 
-4.717313e-03 2.485400e-01 
-8.151193e-03 -6.761928e-03 
5.689786e-03 -1.490504e-01 
1.789371e-02 -1.986048e-01 
2.172840e-02 -1.505727e-01 
-4.236122e-04 -1.876623e-02 
-8.627461e-03 5.606192e-02 
-1.070640e-02 8.580226e-02 
-7.956448e-03 7.288335e-02 
-2.602138e-03 2.812994e-02 
-2.171130e-03 3.145106e-02 
-1.098301e-01 9.581010e-02 
5.140119e-02 1.471007e-01 
1.411290e-01 2.921426e-01 
1.642607e-01 4.676966e-01 
9.015356e-02 5.059454e-01 
3.476809e-02 4.327649e-01 
-1.462750e-02 2.468839e-01 
-8.960398e-03 -9.661664e-03 
6.409763e-03 -1.556199e-01 
1.827083e-02 -2.127152e-01 
2.176318e-02 -1.700970e-01 
2.167888e-03 -3.407368e-02 
-6.859821e-03 4.652702e-02 
-9.914201e-03 8.231588e-02 
-7.766103e-03 7.303241e-02 
-2.364795e-03 2.572070e-02 
-1.302343e-03 1.786597e-02 
-2.757742e-01 8.317711e-02 
2.794716e-02 3.983282e-02 
1.047575e-01 1.753456e-01 
1.337044e-01 3.891975e-01 
7.600521e-02 4.608860e-01 
2.528187e-02 4.068475e-01 
-2.170169e-02 2.154986e-01 
-6.838549e-03 -5.511033e-02 
1.054024e-02 -2.013360e-01 
2.188367e-02 -2.435615e-01 
2.211311e-02 -1.693730e-01 
-1.672579e-03 2.131308e-03 
-1.178805e-02 9.490515e-02 
-1.398451e-02 1.251355e-01 
-8.810967e-03 9.115921e-02 
6.236822e-04 -5.050682e-04 
3.734263e-03 -4.731256e-02 
-3.568562e-01 1.930558e-02 
-2.264906e-02 -9.374312e-02 
8.109627e-02 4.028043e-02 
1.363598e-01 3.343009e-01 
8.165120e-02 4.505395e-01 
3.019590e-02 4.362244e-01 
-2.225566e-02 2.808043e-01 
-8.370010e-03 1.182089e-02 
8.936895e-03 -1.542609e-01 
2.095982e-02 -2.365083e-01 
2.478247e-02 -2.127303e-01 
7.347254e-03 -6.638785e-02 
-4.898559e-03 3.820025e-02 
-1.205421e-02 1.030171e-01 
-1.330842e-02 1.193423e-01 
-5.692221e-03 6.073551e-02 
2.812107e-03 -3.226349e-02 
