poroelastic
-8.838321e-02 4.825523e-02 
-8.020514e-02 1.273045e-01 
-2.368504e-02 1.986637e-01 
1.091520e-01 2.500793e-01 
8.172251e-02 3.052950e-01 
5.804313e-02 3.086295e-01 
2.769367e-02 2.626260e-01 
-2.233581e-03 1.286570e-01 
-2.868032e-03 -9.591294e-03 
8.850974e-03 -1.052523e-01 
2.144871e-02 -1.306966e-01 
2.187330e-03 -4.728456e-02 
-6.689008e-03 2.138099e-02 
-9.163017e-03 5.570339e-02 
-6.853760e-03 5.442629e-02 
-1.995822e-03 2.791409e-02 
-1.837122e-03 4.305170e-02 
-9.022072e-02 -3.806004e-02 
-3.544017e-02 -2.555916e-02 
-2.982632e-02 -3.086544e-02 
3.570377e-02 3.990713e-02 
4.307650e-02 1.661858e-01 
3.804435e-02 2.639025e-01 
6.112116e-03 2.706996e-01 
-1.684192e-02 1.119953e-01 
-1.066014e-02 -3.176492e-02 
2.123073e-03 -1.339047e-01 
1.838766e-02 -1.663712e-01 
1.018544e-02 -7.522025e-02 
-5.442961e-04 -4.239399e-03 
-4.724231e-03 3.969482e-02 
-3.409285e-03 4.929105e-02 
2.197662e-04 3.635154e-03 
1.668281e-03 -3.561084e-02 
-4.144390e-01 -2.098723e-01 
-1.216812e-01 -8.790026e-02 
-5.007620e-02 8.116304e-02 
1.323030e-01 2.706493e-01 
1.118579e-01 4.401644e-01 
7.633408e-02 5.029215e-01 
1.202810e-02 4.041004e-01 
-1.875187e-02 9.964461e-02 
-3.742970e-03 -1.259871e-01 
1.884225e-02 -2.530282e-01 
3.654795e-02 -2.464520e-01 
4.139779e-03 -6.468613e-02 
-1.286862e-02 6.929887e-02 
-1.810548e-02 1.435309e-01 
-1.210062e-02 1.399547e-01 
-6.057423e-04 2.572881e-02 
4.364282e-03 -7.936012e-02 
-3.847612e-01 -3.678961e-01 
-1.260911e-01 -1.639188e-01 
-2.857991e-02 9.042273e-02 
1.304358e-01 3.088210e-01 
9.805721e-02 4.305280e-01 
5.655792e-02 4.394211e-01 
-2.456471e-03 3.288822e-01 
-2.146881e-02 8.583100e-02 
-6.967429e-03 -9.396607e-02 
1.034170e-02 -2.013783e-01 
2.517526e-02 -2.075854e-01 
7.756965e-03 -6.635181e-02 
-5.849485e-03 3.556408e-02 
-1.028771e-02 9.078209e-02 
-6.103357e-03 8.541668e-02 
1.838271e-03 -6.926889e-03 
5.101328e-03 -8.699467e-02 
8.725038e-01 3.286281e-01 
1.994811e-01 7.622649e-01 
1.526183e-01 7.858357e-01 
1.700836e-01 5.879383e-01 
6.876502e-02 3.892698e-01 
1.643858e-02 2.000183e-01 
-1.078551e-02 4.774788e-02 
-7.774264e-03 -1.973721e-02 
-4.316986e-05 -6.703410e-02 
7.306465e-03 -9.890627e-02 
1.327254e-02 -9.542129e-02 
1.681231e-03 -2.145917e-02 
-5.544498e-03 3.564132e-02 
-7.185976e-03 6.020213e-02 
-3.510007e-03 4.043969e-02 
2.241424e-03 -2.714567e-02 
1.678397e-04 -2.530496e-03 
6.879478e-01 5.157882e-01 
2.154349e-01 8.949559e-01 
2.139284e-01 8.842973e-01 
1.350510e-01 5.908390e-01 
3.753874e-02 3.225223e-01 
-5.942956e-03 1.013723e-01 
-2.046947e-02 -4.832789e-02 
-6.917925e-03 -5.755739e-02 
-7.887274e-04 -5.616415e-02 
1.978834e-03 -5.733062e-02 
4.459951e-03 -5.162621e-02 
3.258635e-03 -2.160872e-02 
1.147997e-05 2.225539e-03 
-4.697846e-04 7.986795e-03 
1.647241e-03 -1.250761e-02 
3.396526e-03 -4.538871e-02 
-1.705335e-03 2.470917e-02 
3.439068e-01 6.416953e-01 
2.520467e-01 1.005334e+00 
2.510037e-01 1.004094e+00 
1.084080e-01 6.063149e-01 
1.177627e-02 2.357430e-01 
-2.406414e-02 -5.113154e-02 
-1.998704e-02 -2.005234e-01 
6.369093e-04 -1.198982e-01 
2.546397e-03 -5.061863e-02 
1.542834e-04 -5.862305e-03 
-2.512242e-03 1.644851e-02 
-1.845719e-03 1.738525e-02 
-8.400381e-04 1.128099e-02 
1.211563e-03 -5.438210e-03 
4.180355e-03 -3.862561e-02 
4.598820e-03 -6.010425e-02 
-3.441205e-03 4.665192e-02 
-7.620032e-02 5.566301e-01 
2.525833e-01 9.281728e-01 
2.647849e-01 1.008358e+00 
1.064955e-01 6.371374e-01 
9.640109e-03 2.721139e-01 
-2.818477e-02 -2.686876e-02 
-2.455520e-02 -2.070582e-01 
1.761188e-03 -1.559837e-01 
5.368081e-03 -9.436274e-02 
3.394821e-03 -4.018500e-02 
-3.385959e-04 2.094241e-03 
-2.493032e-03 2.091915e-02 
-2.991429e-03 2.817982e-02 
-1.082239e-03 1.541140e-02 
3.408510e-03 -2.675030e-02 
5.587982e-03 -6.568874e-02 
-1.739659e-03 2.261555e-02 
-3.379303e-01 1.586015e-01 
1.834067e-01 6.239169e-01 
2.029574e-01 8.102835e-01 
6.714467e-02 4.963473e-01 
-7.379649e-03 1.487318e-01 
-3.202163e-02 -1.342743e-01 
-1.630409e-02 -2.730738e-01 
6.132719e-03 -1.518331e-01 
3.677788e-03 -4.214591e-02 
-2.844140e-03 3.609106e-02 
-8.802563e-03 7.147584e-02 
-5.247721e-03 4.635491e-02 
-7.787524e-04 1.193018e-02 
3.685271e-03 -2.649043e-02 
7.540243e-03 -6.687550e-02 
6.199188e-03 -7.088434e-02 
-3.749365e-03 4.534430e-02 
-4.801193e-01 -3.106164e-01 
8.917740e-02 2.928410e-01 
2.067489e-01 6.942527e-01 
1.103923e-01 6.197132e-01 
2.290360e-02 4.109498e-01 
-2.723141e-02 1.474963e-01 
-3.989169e-02 -1.205956e-01 
3.918443e-03 -2.192153e-01 
1.505245e-02 -2.221668e-01 
1.548060e-02 -1.642920e-01 
7.929091e-03 -5.867555e-02 
-6.190521e-03 4.997855e-02 
-1.257437e-02 1.050691e-01 
-1.171673e-02 1.035635e-01 
-1.883509e-03 3.144910e-02 
1.064825e-02 -8.656496e-02 
8.908378e-03 -9.875760e-02 
