poroelastic
-2.860020e-02 9.644044e-02 
-2.023152e-02 1.769900e-01 
7.782920e-03 2.456952e-01 
4.493507e-02 2.826149e-01 
2.626296e-02 2.586885e-01 
1.212100e-02 1.900202e-01 
3.171783e-04 8.951876e-02 
-1.499633e-03 -1.345480e-02 
6.012242e-04 -7.949637e-02 
3.366806e-03 -1.071318e-01 
4.023467e-03 -7.734339e-02 
-2.182409e-03 1.014587e-02 
-2.574552e-03 5.454652e-02 
-1.894681e-03 6.581077e-02 
-5.792602e-04 3.764024e-02 
-2.791353e-05 -5.774901e-03 
1.216776e-05 1.478208e-02 
-1.817823e-02 -1.968894e-01 
-1.693883e-02 -9.579603e-02 
-5.544725e-03 1.072974e-02 
2.030205e-02 1.271038e-01 
1.612513e-02 1.853633e-01 
7.259515e-03 1.849213e-01 
-5.617566e-03 1.069464e-01 
-3.994686e-03 -3.067260e-02 
-3.588435e-04 -1.116272e-01 
2.737695e-03 -1.406507e-01 
3.815477e-03 -9.817138e-02 
-1.272394e-03 1.333486e-02 
-2.173741e-03 7.068251e-02 
-1.255805e-03 8.381460e-02 
6.230316e-04 4.358789e-02 
4.173514e-04 -3.853809e-02 
2.546760e-05 -8.043044e-02 
-7.573942e-02 -4.763883e-01 
-5.469780e-02 -2.873282e-01 
-1.919255e-02 -1.090721e-02 
5.119650e-02 2.677353e-01 
3.973517e-02 3.869841e-01 
2.111622e-02 3.771666e-01 
-3.047933e-03 2.251239e-01 
-4.286008e-03 -2.950345e-02 
9.858901e-04 -1.763558e-01 
5.925310e-03 -2.297135e-01 
7.281564e-03 -1.663238e-01 
-2.609914e-03 7.359980e-03 
-4.321279e-03 1.071909e-01 
-3.508197e-03 1.460669e-01 
-7.585833e-04 1.125841e-01 
3.935332e-04 1.028147e-03 
1.516465e-04 -9.996275e-02 
1.622005e-01 -5.895434e-01 
-4.631971e-02 -3.706435e-01 
-1.239594e-02 -5.751203e-02 
3.434458e-02 2.043969e-01 
2.577026e-02 2.965828e-01 
1.129786e-02 2.781013e-01 
-6.292520e-03 1.593842e-01 
-4.141837e-03 -2.524544e-02 
4.962221e-04 -1.360936e-01 
3.944990e-03 -1.779500e-01 
4.976115e-03 -1.317307e-01 
-1.179319e-03 2.434512e-03 
-2.645275e-03 7.945369e-02 
-1.947665e-03 1.065231e-01 
2.198385e-04 7.297798e-02 
5.149216e-04 -2.612151e-02 
1.677807e-04 -1.069490e-01 
1.071554e+00 5.931968e-01 
1.991252e-01 9.808586e-01 
1.006565e-01 9.083831e-01 
5.772789e-02 5.626524e-01 
1.362103e-02 2.542557e-01 
-3.712432e-03 1.184138e-02 
-4.583145e-03 -1.269999e-01 
1.182035e-03 -1.044752e-01 
2.137409e-03 -7.834642e-02 
2.341777e-03 -4.776264e-02 
9.515217e-04 -1.263164e-03 
-2.887419e-03 5.413192e-02 
-2.337605e-03 7.381361e-02 
-1.231458e-03 6.198070e-02 
5.802067e-05 1.029276e-02 
2.110087e-04 -4.646597e-02 
-7.223864e-05 2.261765e-02 
6.893811e-01 7.566366e-01 
1.557110e-01 1.025338e+00 
9.793038e-02 8.893506e-01 
2.560171e-02 4.288669e-01 
-4.211186e-03 8.582539e-02 
-1.184525e-02 -1.421145e-01 
-5.134303e-03 -2.223548e-01 
1.700596e-03 -1.111128e-01 
1.020150e-03 -3.483442e-02 
-1.377660e-04 1.474069e-02 
-1.266268e-03 4.147059e-02 
-1.025309e-03 3.822165e-02 
-2.694153e-04 2.350703e-02 
4.177871e-04 -3.204617e-03 
6.691308e-04 -4.785423e-02 
2.363595e-04 -6.215146e-02 
-2.090006e-04 5.686873e-02 
2.721301e-01 6.360927e-01 
1.306998e-01 8.967761e-01 
9.340200e-02 8.300129e-01 
2.382361e-02 4.252810e-01 
-3.100004e-03 1.059459e-01 
-1.044012e-02 -1.188142e-01 
-4.288152e-03 -2.111147e-01 
2.235730e-03 -1.263249e-01 
1.605191e-03 -5.833953e-02 
5.207521e-04 -6.130418e-03 
-8.694463e-04 3.136467e-02 
-1.518180e-03 4.578609e-02 
-8.414560e-04 4.100010e-02 
-4.783431e-05 1.754174e-02 
5.054659e-04 -2.957717e-02 
2.650765e-04 -5.310482e-02 
-1.627982e-04 3.569795e-02 
-6.935913e-02 2.467927e-01 
7.963631e-02 5.382894e-01 
6.680711e-02 5.893785e-01 
1.747162e-02 3.376876e-01 
-2.860782e-03 1.143708e-01 
-9.802943e-03 -6.200607e-02 
-5.556031e-03 -1.586759e-01 
2.376611e-03 -1.243156e-01 
2.260207e-03 -8.660534e-02 
1.514381e-03 -4.746495e-02 
1.027229e-04 -3.564093e-03 
-1.305211e-03 3.473647e-02 
-1.107084e-03 4.772193e-02 
-4.484519e-04 3.641243e-02 
3.488884e-04 -6.235061e-03 
3.051256e-04 -4.374884e-02 
-2.162574e-05 4.054993e-03 
-6.722638e-02 -3.397336e-01 
1.474012e-02 6.059001e-02 
3.444769e-02 2.810127e-01 
1.462283e-02 2.422421e-01 
9.449430e-04 1.371330e-01 
-6.367693e-03 1.685370e-02 
-5.977203e-03 -8.379634e-02 
1.861988e-03 -1.043299e-01 
2.497565e-03 -9.827105e-02 
2.106202e-03 -7.163262e-02 
5.755171e-04 -2.026321e-02 
-1.412069e-03 3.999873e-02 
-1.453780e-03 6.461920e-02 
-7.878395e-04 5.918838e-02 
3.313375e-04 1.733044e-02 
5.173384e-04 -4.303006e-02 
3.614837e-04 -5.487743e-02 
1.668759e-01 -7.858495e-01 
-3.403895e-02 -2.994832e-01 
1.952658e-02 8.822385e-02 
1.845246e-02 2.336302e-01 
5.981592e-03 2.315516e-01 
-5.143891e-03 1.491533e-01 
-1.016801e-02 9.875303e-03 
2.402633e-03 -1.087047e-01 
4.670643e-03 -1.597680e-01 
4.722364e-03 -1.561587e-01 
2.495904e-03 -8.934995e-02 
-1.201174e-03 2.164152e-02 
-2.129825e-03 8.258769e-02 
-1.808789e-03 1.002516e-01 
-3.460968e-04 6.330437e-02 
5.944522e-04 -2.768968e-02 
7.809217e-04 -9.798987e-02 
