poroelastic
-9.836290e-02 2.205019e-02 
-9.512250e-02 1.107205e-01 
-2.754458e-02 2.323272e-01 
1.270078e-01 3.144080e-01 
9.288073e-02 3.508590e-01 
6.637702e-02 3.213395e-01 
4.160618e-02 2.387742e-01 
1.206914e-02 1.203558e-01 
4.385237e-03 3.023540e-02 
8.263012e-03 -2.887498e-02 
1.253005e-02 -5.443581e-02 
-9.358632e-04 -3.735509e-02 
-3.829137e-03 -9.325924e-03 
-6.775785e-03 1.962040e-02 
-8.517122e-03 4.911340e-02 
-4.524612e-03 8.138829e-02 
-3.929290e-03 1.253968e-01 
-1.946706e-01 -1.321189e-01 
-7.052820e-02 -4.531174e-02 
-2.560494e-02 8.105450e-02 
8.530507e-02 2.068775e-01 
6.891026e-02 2.914755e-01 
4.859147e-02 3.097025e-01 
1.618392e-02 2.395773e-01 
-5.203599e-03 7.930947e-02 
-3.525734e-03 -2.426950e-02 
2.773989e-03 -8.195434e-02 
9.801928e-03 -9.340810e-02 
4.233000e-03 -4.982594e-02 
-1.927358e-04 -1.505027e-02 
-2.803413e-03 1.221532e-02 
-3.825029e-03 3.348320e-02 
-1.938151e-03 3.692189e-02 
-9.547978e-04 2.767136e-02 
-4.104102e-01 -4.223664e-01 
-1.599627e-01 -2.841255e-01 
-7.403212e-02 3.216211e-03 
1.518717e-01 3.180137e-01 
1.308853e-01 5.164001e-01 
9.313154e-02 5.675524e-01 
3.198168e-02 4.376384e-01 
-6.820251e-03 1.249424e-01 
-1.382727e-03 -7.848701e-02 
1.284250e-02 -1.871549e-01 
2.464957e-02 -1.894481e-01 
3.374536e-03 -7.108278e-02 
-6.407043e-03 2.147904e-02 
-1.126026e-02 8.766556e-02 
-1.121749e-02 1.221023e-01 
-4.817332e-03 9.090849e-02 
-1.036620e-04 2.573922e-03 
-4.119441e-01 -5.752668e-01 
-1.731021e-01 -3.512007e-01 
-5.228324e-02 2.088599e-02 
1.576325e-01 3.710476e-01 
1.235087e-01 5.340997e-01 
7.770029e-02 5.373637e-01 
1.690639e-02 3.901693e-01 
-1.177988e-02 1.105398e-01 
-4.102590e-03 -7.129049e-02 
8.294643e-03 -1.709225e-01 
1.915439e-02 -1.779685e-01 
5.795082e-03 -7.253215e-02 
-2.923699e-03 5.467441e-03 
-6.985033e-03 5.804958e-02 
-7.105357e-03 8.366765e-02 
-2.859572e-03 5.695125e-02 
8.098775e-04 -1.921673e-02 
9.154190e-01 1.663589e-01 
1.896845e-01 5.949799e-01 
1.303674e-01 7.307306e-01 
2.138778e-01 6.808536e-01 
1.115382e-01 5.636941e-01 
4.947436e-02 3.938044e-01 
6.172041e-03 1.943561e-01 
-4.573154e-03 1.383001e-02 
2.531136e-03 -9.255485e-02 
1.162119e-02 -1.419897e-01 
1.744737e-02 -1.246118e-01 
-3.046895e-04 -2.553554e-02 
-6.865005e-03 4.151402e-02 
-8.693451e-03 7.441041e-02 
-6.888292e-03 7.006760e-02 
-2.370391e-03 3.095778e-02 
-2.210170e-03 4.633885e-02 
6.983314e-01 3.568836e-01 
1.911133e-01 7.354818e-01 
2.019039e-01 8.167325e-01 
1.777276e-01 6.748452e-01 
7.688915e-02 4.958366e-01 
2.343704e-02 3.022350e-01 
-8.596750e-03 1.089707e-01 
-6.258710e-03 -2.300887e-02 
1.787774e-03 -9.420387e-02 
8.391635e-03 -1.235725e-01 
1.177522e-02 -1.033535e-01 
1.410414e-03 -2.827556e-02 
-3.241722e-03 1.916579e-02 
-4.431873e-03 3.802254e-02 
-2.968795e-03 2.524004e-02 
-5.708671e-04 -6.959577e-04 
-3.129609e-03 6.289994e-02 
3.142855e-01 4.644197e-01 
2.028797e-01 7.868734e-01 
2.352576e-01 8.722525e-01 
1.572266e-01 6.881323e-01 
5.802072e-02 4.584360e-01 
8.184278e-03 2.236691e-01 
-1.396648e-02 1.208456e-02 
-2.441705e-03 -9.258103e-02 
6.094791e-03 -1.347413e-01 
1.144517e-02 -1.336838e-01 
1.111212e-02 -8.241455e-02 
-2.947746e-03 9.113021e-03 
-6.672208e-03 5.605973e-02 
-6.431412e-03 6.460675e-02 
-2.951425e-03 3.099549e-02 
4.926133e-04 -1.569912e-02 
-2.793740e-03 5.232839e-02 
-1.172455e-01 3.917082e-01 
1.803201e-01 6.559735e-01 
2.345372e-01 7.960588e-01 
1.493454e-01 6.738262e-01 
5.366408e-02 4.739029e-01 
2.998778e-03 2.479962e-01 
-2.015105e-02 2.355215e-02 
-2.375871e-03 -1.046654e-01 
7.591170e-03 -1.608794e-01 
1.326442e-02 -1.651103e-01 
1.271247e-02 -1.092843e-01 
-1.161012e-03 -5.434121e-03 
-6.350244e-03 5.483607e-02 
-7.113817e-03 7.345058e-02 
-3.690944e-03 4.228887e-02 
4.306989e-04 -1.210096e-02 
-2.107001e-03 3.753475e-02 
-3.816822e-01 1.114806e-01 
1.220795e-01 3.926379e-01 
1.782681e-01 6.061185e-01 
1.113942e-01 5.519715e-01 
3.592035e-02 3.804786e-01 
-5.979252e-03 1.679959e-01 
-2.104358e-02 -4.151192e-02 
7.970534e-04 -1.376265e-01 
8.914428e-03 -1.629515e-01 
1.177100e-02 -1.396658e-01 
8.109936e-03 -6.419761e-02 
-4.736300e-03 3.783147e-02 
-8.053073e-03 8.092787e-02 
-6.857826e-03 7.810963e-02 
-1.658680e-03 2.697151e-02 
3.054836e-03 -4.138712e-02 
5.488615e-04 -9.036544e-03 
-5.178795e-01 -2.481110e-01 
3.158986e-02 8.346092e-02 
1.668915e-01 4.356944e-01 
1.410321e-01 5.846371e-01 
6.021712e-02 5.381015e-01 
3.434731e-03 3.745578e-01 
-3.230009e-02 1.126825e-01 
-9.461382e-04 -1.245250e-01 
1.391709e-02 -2.377612e-01 
2.085252e-02 -2.588766e-01 
1.863078e-02 -1.775681e-01 
1.112503e-04 -1.000661e-02 
-9.750131e-03 9.511117e-02 
-1.315560e-02 1.397465e-01 
-9.003235e-03 1.084221e-01 
8.185729e-04 9.024659e-06 
4.394940e-03 -6.566460e-02 
