poroelastic
7.979850e-02 -6.300848e-02 
7.029922e-02 -1.470557e-01 
-2.828785e-03 -2.553275e-01 
-1.364354e-01 -3.705061e-01 
-8.468064e-02 -3.924743e-01 
-4.587901e-02 -3.363840e-01 
-1.118255e-02 -2.305999e-01 
4.722915e-03 -7.361216e-02 
-4.126218e-03 5.636767e-02 
-1.765816e-02 1.303356e-01 
-2.188353e-02 1.183770e-01 
8.381348e-03 -8.440938e-03 
1.338342e-02 -7.344835e-02 
1.118747e-02 -8.512898e-02 
5.239913e-03 -5.422032e-02 
5.804329e-04 -7.884661e-03 
6.917623e-04 -1.883566e-02 
1.377886e-01 1.312622e-01 
5.625410e-02 7.647417e-02 
2.247619e-02 -9.373761e-03 
-7.607882e-02 -1.741993e-01 
-5.963534e-02 -2.954547e-01 
-3.313614e-02 -3.345912e-01 
7.854828e-03 -2.677246e-01 
1.577186e-02 -7.805800e-02 
5.123672e-04 8.402063e-02 
-1.687435e-02 1.853402e-01 
-2.716607e-02 1.844971e-01 
-1.923956e-03 4.029926e-02 
9.413041e-03 -5.549140e-02 
1.118950e-02 -1.026144e-01 
4.493593e-03 -8.075950e-02 
-1.597831e-03 1.683117e-02 
-2.349119e-03 5.741788e-02 
3.813689e-01 4.069678e-01 
1.331401e-01 2.328005e-01 
3.946594e-02 -4.619267e-02 
-1.559469e-01 -3.664712e-01 
-1.148654e-01 -5.453085e-01 
-6.151152e-02 -5.627658e-01 
5.984534e-03 -3.995943e-01 
1.677904e-02 -6.992621e-02 
-7.034643e-03 1.607659e-01 
-3.084378e-02 2.784215e-01 
-3.960816e-02 2.431239e-01 
4.158455e-03 2.523781e-02 
1.938768e-02 -1.133951e-01 
2.091046e-02 -1.734222e-01 
1.074671e-02 -1.421478e-01 
-8.686288e-04 -7.314725e-03 
-4.226578e-03 8.820256e-02 
2.238671e-01 6.279848e-01 
1.391899e-01 3.729081e-01 
3.071916e-02 -1.219314e-03 
-1.387700e-01 -3.664040e-01 
-9.596144e-02 -5.120156e-01 
-4.399788e-02 -4.925379e-01 
1.612685e-02 -3.371191e-01 
2.085760e-02 -7.507391e-02 
-1.280944e-03 1.253262e-01 
-2.242500e-02 2.425632e-01 
-3.371824e-02 2.327715e-01 
-3.412475e-03 5.008213e-02 
1.200972e-02 -7.472695e-02 
1.491909e-02 -1.338154e-01 
6.931911e-03 -1.116886e-01 
-2.569895e-03 1.285352e-02 
-5.692970e-03 1.130252e-01 
-1.082920e+00 -4.242662e-01 
-2.683344e-01 -9.191667e-01 
-1.830998e-01 -9.434203e-01 
-1.822258e-01 -7.285557e-01 
-6.579997e-02 -4.546689e-01 
-1.156091e-02 -1.903983e-01 
6.278695e-03 -1.065744e-03 
8.439038e-04 3.336010e-02 
-5.305263e-03 6.611825e-02 
-1.205680e-02 9.244827e-02 
-1.517785e-02 8.325016e-02 
3.838918e-03 -2.061673e-03 
1.006400e-02 -6.019954e-02 
9.979390e-03 -7.887165e-02 
4.689363e-03 -4.893343e-02 
-1.213571e-03 2.024237e-02 
9.306421e-04 -1.632338e-02 
-7.890201e-01 -6.276690e-01 
-2.502373e-01 -1.011263e+00 
-2.203468e-01 -9.853811e-01 
-1.274657e-01 -6.619162e-01 
-2.874397e-02 -3.369513e-01 
9.681132e-03 -6.887885e-02 
1.452244e-02 9.134866e-02 
1.684353e-03 5.799792e-02 
-1.679326e-03 4.463491e-02 
-3.518157e-03 4.438691e-02 
-5.047590e-03 4.019735e-02 
-1.425669e-03 1.012191e-02 
1.583422e-03 -1.326943e-02 
1.442959e-03 -1.657359e-02 
-1.304071e-03 9.470290e-03 
-2.873864e-03 4.497791e-02 
1.710134e-03 -2.890168e-02 
-3.756188e-01 -6.784011e-01 
-2.540027e-01 -1.052680e+00 
-2.479749e-01 -1.072179e+00 
-1.133255e-01 -6.845271e-01 
-1.577099e-02 -2.867712e-01 
1.646064e-02 3.265562e-02 
8.372827e-03 1.960978e-01 
-5.623380e-03 1.034323e-01 
-4.396692e-03 4.076901e-02 
-2.094931e-03 7.578767e-03 
-2.555349e-04 -5.381527e-03 
2.182094e-03 -1.025780e-02 
1.757352e-03 -1.035266e-02 
6.552700e-04 -1.808792e-03 
-8.387681e-04 1.896541e-02 
-1.084097e-03 2.645653e-02 
4.672356e-03 -7.315187e-02 
1.001001e-01 -4.683062e-01 
-2.166030e-01 -8.755132e-01 
-2.411044e-01 -1.004778e+00 
-1.044858e-01 -6.777532e-01 
-1.165115e-02 -3.136083e-01 
2.243236e-02 -2.187003e-04 
1.673829e-02 1.898206e-01 
-5.219185e-03 1.377048e-01 
-7.544752e-03 8.989229e-02 
-6.055373e-03 5.048686e-02 
-2.766302e-03 1.580307e-02 
2.503810e-03 -1.384994e-02 
4.119621e-03 -3.193948e-02 
2.927645e-03 -2.893177e-02 
-1.085346e-03 5.915559e-03 
-3.417001e-03 4.645640e-02 
1.564136e-03 -2.334919e-02 
3.719705e-01 8.174311e-02 
-1.315881e-01 -4.890296e-01 
-1.881938e-01 -7.861929e-01 
-8.329552e-02 -5.710045e-01 
-6.629851e-03 -2.541524e-01 
2.148146e-02 3.736423e-02 
1.207606e-02 2.125002e-01 
-7.678493e-03 1.413833e-01 
-6.857478e-03 7.016734e-02 
-2.738053e-03 1.497672e-02 
2.142376e-03 -2.151638e-02 
4.643724e-03 -3.241243e-02 
3.051975e-03 -2.551882e-02 
4.456199e-04 -6.959387e-03 
-2.818313e-03 2.573648e-02 
-3.288165e-03 4.425073e-02 
2.891522e-03 -3.969204e-02 
4.044772e-01 6.957701e-01 
-1.131554e-02 -3.664741e-02 
-1.722535e-01 -5.775625e-01 
-1.203890e-01 -6.420260e-01 
-3.470847e-02 -4.923396e-01 
1.685957e-02 -2.463432e-01 
3.527530e-02 3.887856e-02 
-4.372318e-03 1.832006e-01 
-1.919645e-02 2.235393e-01 
-2.274464e-02 1.946953e-01 
-1.545100e-02 1.007983e-01 
5.713515e-03 -2.963379e-02 
1.415676e-02 -1.044420e-01 
1.400418e-02 -1.195986e-01 
4.490205e-03 -5.892550e-02 
-6.772554e-03 5.912909e-02 
-5.569419e-03 6.932634e-02 
