poroelastic
7.104250e-02 1.741113e-02 
7.205221e-02 -3.959394e-02 
9.321570e-03 -1.722106e-01 
-1.134252e-01 -2.837419e-01 
-6.717508e-02 -2.852569e-01 
-3.725561e-02 -2.208678e-01 
-1.792715e-02 -1.219434e-01 
-3.249304e-03 -5.136563e-02 
-1.565630e-03 -1.826825e-02 
-3.674496e-03 1.073634e-04 
-4.028903e-03 7.733975e-03 
1.458134e-03 1.481992e-02 
7.958957e-04 2.034147e-02 
3.111051e-03 1.296571e-02 
6.478782e-03 -1.085790e-02 
3.990633e-03 -5.364906e-02 
3.967268e-03 -9.065074e-02 
1.808728e-01 1.599540e-01 
6.934824e-02 5.823916e-02 
7.113779e-03 -1.341576e-01 
-1.008099e-01 -2.926003e-01 
-5.860151e-02 -3.054104e-01 
-2.487054e-02 -2.330221e-01 
6.867231e-04 -1.113742e-01 
3.803223e-03 -1.377809e-02 
-6.780802e-04 2.436571e-02 
-3.558513e-03 3.404171e-02 
-4.459950e-03 2.692279e-02 
-2.647196e-03 2.037923e-02 
-2.732546e-03 2.836484e-02 
-1.341206e-03 3.092927e-02 
2.497151e-03 1.230091e-02 
3.196233e-03 -3.697907e-02 
3.335169e-03 -6.788489e-02 
2.288661e-01 3.962170e-01 
1.180698e-01 2.941709e-01 
5.059512e-02 2.612466e-02 
-1.269812e-01 -2.700057e-01 
-8.900380e-02 -3.863333e-01 
-4.886810e-02 -3.734048e-01 
-6.656381e-03 -2.483471e-01 
7.426746e-03 -6.825121e-02 
-8.203585e-04 3.100951e-02 
-9.842959e-03 7.927128e-02 
-1.465663e-02 7.995683e-02 
-4.004637e-03 4.168302e-02 
3.147427e-05 2.123977e-02 
3.663675e-03 -1.329853e-04 
7.716185e-03 -3.455056e-02 
6.261302e-03 -7.186552e-02 
2.846452e-03 -4.855235e-02 
2.302638e-01 4.901976e-01 
1.291045e-01 3.366955e-01 
3.847753e-02 1.865803e-02 
-1.304351e-01 -3.138477e-01 
-8.652237e-02 -4.287779e-01 
-4.081399e-02 -3.989315e-01 
6.228133e-03 -2.574177e-01 
1.348954e-02 -6.128372e-02 
7.168949e-04 5.219705e-02 
-9.923600e-03 1.064119e-01 
-1.617428e-02 1.051601e-01 
-7.472313e-03 5.171913e-02 
-1.612046e-03 2.232843e-02 
2.039254e-03 -6.949697e-04 
5.036993e-03 -2.749415e-02 
4.297307e-03 -4.990021e-02 
8.846976e-04 -1.398983e-02 
-5.442047e-01 3.274306e-02 
-6.933369e-02 -1.753322e-01 
-5.638963e-02 -3.428385e-01 
-1.656218e-01 -4.856764e-01 
-8.808174e-02 -4.866017e-01 
-3.597191e-02 -3.884968e-01 
4.331032e-03 -2.158150e-01 
7.592031e-03 -1.988411e-02 
-6.166418e-03 9.128623e-02 
-1.782185e-02 1.369299e-01 
-2.144587e-02 1.125209e-01 
4.784740e-04 1.977457e-02 
7.146470e-03 -2.679111e-02 
8.579349e-03 -4.488055e-02 
7.743353e-03 -4.673933e-02 
4.563471e-03 -4.255828e-02 
2.880935e-03 -3.996680e-02 
-4.249616e-01 -8.413984e-02 
-7.560751e-02 -2.890044e-01 
-1.148651e-01 -4.291235e-01 
-1.428510e-01 -5.115629e-01 
-6.583152e-02 -4.714653e-01 
-1.872027e-02 -3.538254e-01 
1.555990e-02 -1.759316e-01 
9.134205e-03 6.284197e-03 
-6.966847e-03 1.132519e-01 
-1.887268e-02 1.567915e-01 
-2.151701e-02 1.250224e-01 
-4.259251e-04 2.035333e-02 
7.548447e-03 -3.689809e-02 
8.935180e-03 -5.762240e-02 
5.660982e-03 -4.366922e-02 
9.385247e-04 -7.604398e-03 
1.151500e-03 -1.539347e-02 
-1.602756e-01 -1.445412e-01 
-8.024052e-02 -3.010814e-01 
-1.290607e-01 -4.312444e-01 
-1.165848e-01 -4.857075e-01 
-4.913940e-02 -4.244381e-01 
-8.894216e-03 -2.962286e-01 
1.735549e-02 -1.181535e-01 
5.754663e-03 4.563495e-02 
-9.638554e-03 1.330818e-01 
-1.964189e-02 1.573684e-01 
-1.901036e-02 1.072562e-01 
3.233949e-03 -3.950325e-03 
9.439287e-03 -5.352495e-02 
8.750962e-03 -5.957973e-02 
4.010580e-03 -3.144954e-02 
-3.951334e-04 7.135678e-03 
1.491134e-03 -1.854630e-02 
1.052619e-01 -1.336562e-01 
-7.789982e-02 -2.533716e-01 
-1.359922e-01 -4.019653e-01 
-1.130741e-01 -4.751765e-01 
-4.721745e-02 -4.256444e-01 
-7.394375e-03 -3.062794e-01 
1.893727e-02 -1.305088e-01 
5.913645e-03 3.844836e-02 
-1.052448e-02 1.385085e-01 
-2.216497e-02 1.762791e-01 
-2.271268e-02 1.320193e-01 
9.051229e-04 1.285087e-02 
9.847006e-03 -5.376544e-02 
1.153074e-02 -7.739616e-02 
6.860663e-03 -5.381305e-02 
3.336027e-04 -9.552387e-04 
1.274925e-03 -1.522747e-02 
2.480584e-01 -2.504243e-02 
-5.158852e-02 -1.357719e-01 
-9.625830e-02 -2.957966e-01 
-7.756944e-02 -3.773325e-01 
-2.981264e-02 -3.304239e-01 
1.192197e-03 -2.168979e-01 
1.999941e-02 -6.102205e-02 
3.903170e-03 6.621901e-02 
-9.480047e-03 1.310355e-01 
-1.684447e-02 1.427761e-01 
-1.475779e-02 8.918327e-02 
3.389246e-03 -1.404614e-02 
9.129578e-03 -5.885180e-02 
8.250184e-03 -6.163215e-02 
2.068488e-03 -2.327881e-02 
-3.652448e-03 3.212573e-02 
-1.185341e-03 1.310412e-02 
3.709928e-01 1.020201e-01 
-1.013377e-02 -1.005967e-02 
-9.746708e-02 -2.154002e-01 
-9.543494e-02 -3.775111e-01 
-4.332574e-02 -3.870106e-01 
-6.570974e-03 -3.096388e-01 
2.144005e-02 -1.484788e-01 
5.695571e-03 3.622874e-02 
-1.115573e-02 1.413899e-01 
-2.243316e-02 1.837656e-01 
-2.354608e-02 1.437175e-01 
-1.299007e-03 1.839139e-02 
9.613113e-03 -5.664635e-02 
1.283908e-02 -8.606651e-02 
8.597894e-03 -6.439909e-02 
2.481662e-04 -2.684235e-03 
-3.596438e-04 3.634589e-03 
