poroelastic
1.099158e-01 2.864406e-02 
1.157299e-01 -3.160941e-02 
3.473938e-02 -1.798308e-01 
-1.551247e-01 -2.973267e-01 
-9.941737e-02 -3.065805e-01 
-6.111110e-02 -2.405570e-01 
-3.848001e-02 -1.447330e-01 
-1.113451e-02 -9.255101e-02 
2.152486e-05 -6.760976e-02 
1.476735e-03 -4.504552e-02 
8.520006e-04 -2.017368e-02 
-2.303692e-04 1.708418e-02 
-3.019421e-03 3.803527e-02 
6.454989e-04 3.469834e-02 
7.346110e-03 7.248945e-03 
5.690365e-03 -5.301982e-02 
7.080899e-03 -1.172136e-01 
2.252386e-01 1.801342e-01 
1.033398e-01 6.731025e-02 
2.092615e-02 -1.491842e-01 
-1.364583e-01 -3.129258e-01 
-8.469902e-02 -3.283228e-01 
-4.121054e-02 -2.488789e-01 
-8.140097e-03 -1.250650e-01 
4.146916e-03 -4.314293e-02 
4.512042e-03 -1.825409e-02 
5.762841e-03 -1.389569e-02 
4.811257e-03 -7.066402e-03 
-8.630772e-03 2.889587e-02 
-1.278433e-02 6.780876e-02 
-1.125285e-02 8.989657e-02 
-1.176218e-03 6.717164e-02 
5.260599e-03 -3.524851e-02 
9.310910e-03 -1.348798e-01 
3.247314e-01 4.358133e-01 
1.774382e-01 3.246896e-01 
8.979976e-02 2.436991e-02 
-1.798339e-01 -2.867844e-01 
-1.363909e-01 -4.348606e-01 
-8.474321e-02 -4.394955e-01 
-2.505329e-02 -3.198855e-01 
1.003092e-02 -1.274554e-01 
5.463165e-03 -1.181689e-02 
-4.914579e-03 5.240417e-02 
-1.426655e-02 7.164147e-02 
-1.099341e-02 5.818007e-02 
-7.553573e-03 5.503298e-02 
-2.234871e-03 4.141423e-02 
7.117285e-03 -4.278181e-04 
1.030985e-02 -7.697373e-02 
8.319535e-03 -9.887461e-02 
3.334284e-01 5.426667e-01 
1.861757e-01 3.675465e-01 
6.774154e-02 2.237882e-03 
-1.859400e-01 -3.486681e-01 
-1.312763e-01 -4.798873e-01 
-7.002127e-02 -4.491931e-01 
-4.634544e-03 -3.048931e-01 
1.946520e-02 -1.075148e-01 
8.080898e-03 1.642079e-02 
-5.057780e-03 8.597070e-02 
-1.556740e-02 9.845054e-02 
-1.332808e-02 6.020580e-02 
-8.031291e-03 4.632531e-02 
-3.638278e-03 3.239643e-02 
2.681319e-03 3.016812e-03 
6.254769e-03 -4.611263e-02 
3.794801e-03 -4.097265e-02 
-5.612816e-01 5.328434e-02 
-5.410545e-02 -1.900951e-01 
-5.030591e-02 -3.747607e-01 
-2.347145e-01 -5.175757e-01 
-1.353821e-01 -5.319152e-01 
-6.427204e-02 -4.363567e-01 
-6.139027e-03 -2.672500e-01 
1.277878e-02 -7.431925e-02 
6.475640e-04 4.662379e-02 
-1.343967e-02 1.078392e-01 
-2.229963e-02 1.058904e-01 
-6.306304e-03 3.935017e-02 
1.190215e-03 6.543245e-03 
3.858877e-03 -6.843492e-03 
5.946410e-03 -1.614746e-02 
6.874546e-03 -4.055875e-02 
7.351337e-03 -6.882075e-02 
-4.242089e-01 -6.106925e-02 
-6.787538e-02 -2.910137e-01 
-1.318329e-01 -4.483239e-01 
-2.109009e-01 -5.542984e-01 
-1.070508e-01 -5.280979e-01 
-3.967827e-02 -4.081626e-01 
1.329394e-02 -2.257619e-01 
1.707898e-02 -3.680798e-02 
-5.981024e-04 8.156162e-02 
-1.564702e-02 1.375224e-01 
-2.334071e-02 1.240135e-01 
-6.921728e-03 3.967143e-02 
2.729095e-03 -7.259599e-03 
5.646543e-03 -2.587736e-02 
4.431029e-03 -2.193358e-02 
1.507402e-03 -7.133131e-03 
3.031278e-03 -2.682084e-02 
-1.615330e-01 -1.498772e-01 
-8.783074e-02 -3.262184e-01 
-1.654522e-01 -4.687841e-01 
-1.790539e-01 -5.412391e-01 
-8.368941e-02 -4.891506e-01 
-2.384209e-02 -3.570107e-01 
2.027170e-02 -1.683569e-01 
1.410157e-02 1.313240e-02 
-5.537427e-03 1.202605e-01 
-2.040346e-02 1.612530e-01 
-2.469007e-02 1.235743e-01 
-1.262493e-03 1.328260e-02 
8.649396e-03 -3.969210e-02 
9.273781e-03 -4.916899e-02 
4.002197e-03 -2.394976e-02 
-1.534108e-03 1.280841e-02 
1.783837e-03 -1.456227e-02 
1.280334e-01 -1.654797e-01 
-9.693461e-02 -2.942591e-01 
-1.916557e-01 -4.636885e-01 
-1.795163e-01 -5.582119e-01 
-8.080811e-02 -5.083371e-01 
-1.928291e-02 -3.724163e-01 
2.480606e-02 -1.733490e-01 
1.312542e-02 2.093159e-02 
-8.547204e-03 1.386858e-01 
-2.501185e-02 1.881893e-01 
-2.974686e-02 1.496723e-01 
-3.012718e-03 2.344156e-02 
1.060851e-02 -4.957481e-02 
1.418959e-02 -7.602042e-02 
8.678252e-03 -5.303521e-02 
-1.395449e-03 9.277238e-03 
-1.603484e-04 1.246175e-03 
3.102668e-01 -8.964375e-02 
-8.101973e-02 -1.991133e-01 
-1.497149e-01 -3.777031e-01 
-1.258699e-01 -4.590831e-01 
-5.170451e-02 -4.006542e-01 
-2.975976e-03 -2.655349e-01 
2.873299e-02 -8.272516e-02 
9.603288e-03 6.584747e-02 
-9.455982e-03 1.465575e-01 
-2.103196e-02 1.663165e-01 
-2.095258e-02 1.094723e-01 
2.588065e-03 -1.090994e-02 
1.226339e-02 -6.397749e-02 
1.252222e-02 -7.075335e-02 
3.704702e-03 -2.810052e-02 
-8.176322e-03 4.858408e-02 
-3.564783e-03 2.569846e-02 
4.967175e-01 3.956798e-02 
-2.799896e-02 -5.707297e-02 
-1.596938e-01 -2.956628e-01 
-1.605315e-01 -4.912901e-01 
-7.555792e-02 -5.050256e-01 
-1.360244e-02 -4.041483e-01 
3.492535e-02 -1.909782e-01 
1.018842e-02 5.705964e-02 
-1.558834e-02 1.894738e-01 
-3.185392e-02 2.352950e-01 
-3.430400e-02 1.785000e-01 
-2.913465e-03 1.438317e-02 
1.662556e-02 -8.709862e-02 
2.276333e-02 -1.219330e-01 
1.438017e-02 -8.251903e-02 
-4.691789e-03 2.180407e-02 
-6.788605e-03 4.486507e-02 
