poroelastic
-1.606629e-02 9.979287e-02 
-4.190730e-03 1.589569e-01 
1.595807e-02 1.798479e-01 
2.860416e-02 1.853393e-01 
1.219451e-02 1.545489e-01 
-6.764531e-04 9.796781e-02 
-1.069495e-02 2.978493e-02 
-4.161825e-03 -4.592098e-02 
2.379343e-03 -9.940271e-02 
7.009883e-03 -1.143270e-01 
6.536530e-03 -6.883479e-02 
-4.498613e-03 3.921101e-02 
-5.793959e-03 8.721220e-02 
-2.896446e-03 8.349848e-02 
1.893126e-03 2.349447e-02 
1.883734e-03 -6.481216e-02 
1.253082e-03 -7.886938e-02 
4.275681e-02 -1.004258e-01 
8.528024e-05 -5.768346e-02 
-4.187174e-03 -4.733272e-02 
-1.875115e-03 8.353364e-03 
2.099710e-03 6.385285e-02 
-2.057268e-03 9.097142e-02 
-1.232288e-02 6.481281e-02 
-5.757116e-03 -2.765745e-02 
1.339684e-03 -9.836881e-02 
6.672825e-03 -1.290057e-01 
7.649582e-03 -9.223756e-02 
-2.392799e-03 2.056047e-02 
-5.285667e-03 8.275086e-02 
-3.475664e-03 9.575696e-02 
1.656394e-03 4.265108e-02 
2.509108e-03 -6.767832e-02 
2.080165e-03 -1.182089e-01 
-5.222981e-02 -2.338374e-01 
-2.595749e-02 -7.245393e-02 
5.634122e-04 7.066319e-02 
3.424920e-02 1.850006e-01 
2.111719e-02 2.300346e-01 
3.532454e-03 2.040407e-01 
-1.614513e-02 9.712484e-02 
-5.552466e-03 -6.931430e-02 
5.238188e-03 -1.693630e-01 
1.239871e-02 -1.962424e-01 
1.156598e-02 -1.232984e-01 
-6.095413e-03 4.624142e-02 
-9.869048e-03 1.353961e-01 
-7.224097e-03 1.506844e-01 
4.352729e-04 7.676040e-02 
3.511094e-03 -7.344394e-02 
3.153036e-03 -1.519550e-01 
1.782299e-01 -3.361827e-01 
-1.350280e-02 -1.570479e-01 
1.666213e-03 1.817395e-02 
1.341685e-02 1.212074e-01 
6.312225e-03 1.428914e-01 
-5.255943e-03 1.110308e-01 
-1.742259e-02 3.461819e-02 
-5.212278e-03 -6.500741e-02 
3.444747e-03 -1.307654e-01 
8.513957e-03 -1.511354e-01 
8.288457e-03 -9.957112e-02 
-3.501560e-03 3.370597e-02 
-6.937791e-03 1.065554e-01 
-4.917899e-03 1.187457e-01 
1.537919e-03 5.466645e-02 
3.908296e-03 -8.156813e-02 
3.366463e-03 -1.560969e-01 
7.328410e-01 5.675166e-01 
1.599161e-01 8.666825e-01 
9.658816e-02 7.319692e-01 
2.334101e-02 3.451408e-01 
-1.291580e-02 3.188268e-02 
-2.010799e-02 -1.780957e-01 
-7.772916e-03 -2.419905e-01 
3.778936e-03 -1.148781e-01 
2.291628e-03 -3.105851e-02 
-4.169060e-04 1.876532e-02 
-3.357767e-03 4.687706e-02 
-4.331360e-03 6.065856e-02 
-2.924169e-03 5.849784e-02 
-3.243777e-04 3.404468e-02 
3.146916e-03 -2.310035e-02 
3.208903e-03 -8.730581e-02 
9.716388e-04 -3.977764e-02 
4.639648e-01 6.671605e-01 
1.347982e-01 8.561669e-01 
7.819153e-02 6.795357e-01 
-7.676826e-03 2.202355e-01 
-2.580234e-02 -1.069341e-01 
-2.263330e-02 -2.958523e-01 
-3.849196e-03 -3.067315e-01 
4.602055e-03 -1.069310e-01 
-4.635563e-04 1.864530e-02 
-5.678160e-03 8.493046e-02 
-7.848019e-03 9.214608e-02 
-1.173170e-03 4.266470e-02 
1.499135e-03 5.446814e-03 
3.460340e-03 -2.927727e-02 
4.442434e-03 -6.755510e-02 
2.567205e-03 -8.110514e-02 
9.908222e-05 -4.068783e-03 
2.118194e-01 5.813209e-01 
1.257033e-01 7.927299e-01 
7.332006e-02 6.695019e-01 
-6.043839e-03 2.206753e-01 
-2.260721e-02 -1.103860e-01 
-1.857301e-02 -3.052786e-01 
4.415125e-04 -3.098619e-01 
5.378355e-03 -9.898352e-02 
-8.095605e-04 3.349230e-02 
-6.432493e-03 1.032277e-01 
-8.367045e-03 1.046953e-01 
-1.306803e-03 4.135198e-02 
1.678440e-03 -2.599320e-03 
3.430965e-03 -3.707026e-02 
3.845347e-03 -6.640788e-02 
2.015634e-03 -6.519446e-02 
-2.854480e-04 1.119104e-02 
-1.717743e-02 2.731607e-01 
8.858656e-02 5.567358e-01 
5.310795e-02 5.377822e-01 
-1.003459e-02 1.839450e-01 
-2.166615e-02 -8.810200e-02 
-1.825066e-02 -2.589626e-01 
-1.711310e-03 -2.780135e-01 
5.151187e-03 -1.122381e-01 
3.845393e-04 3.274759e-04 
-4.583188e-03 6.928806e-02 
-6.774477e-03 8.499777e-02 
-1.679662e-03 4.433658e-02 
6.138454e-04 1.352887e-02 
2.566748e-03 -1.754550e-02 
3.889848e-03 -5.473129e-02 
2.570601e-03 -7.313428e-02 
5.620530e-04 -2.149616e-02 
-2.209278e-02 -2.596337e-01 
2.680816e-02 1.663619e-01 
2.974896e-02 3.085749e-01 
-4.773756e-03 1.261574e-01 
-1.302332e-02 -4.607665e-02 
-1.147405e-02 -1.651102e-01 
-7.977902e-04 -1.846658e-01 
3.416179e-03 -7.175493e-02 
-6.991144e-05 6.516791e-03 
-3.421753e-03 5.261505e-02 
-4.606455e-03 5.897760e-02 
-1.022265e-03 2.756321e-02 
5.900890e-04 4.319529e-03 
1.812545e-03 -1.642746e-02 
2.589982e-03 -3.814628e-02 
1.752980e-03 -4.676180e-02 
2.474231e-04 -8.733470e-03 
2.106614e-01 -6.915233e-01 
-2.273972e-02 -1.490585e-01 
1.304369e-02 1.691583e-01 
-1.232025e-03 1.603197e-01 
-9.544140e-03 7.531173e-02 
-1.515959e-02 -3.507463e-02 
-1.145392e-02 -1.307939e-01 
4.244998e-03 -1.348660e-01 
5.769328e-03 -1.082891e-01 
3.829885e-03 -6.024314e-02 
-1.256776e-04 1.278908e-03 
-3.524821e-03 5.313125e-02 
-4.140790e-03 7.533819e-02 
-2.272757e-03 6.393463e-02 
2.141154e-03 7.843409e-03 
4.445816e-03 -8.186564e-02 
3.937650e-03 -1.260482e-01 
