poroelastic
-2.215427e-02 5.551927e-02 
-1.894729e-02 1.173848e-01 
-3.485518e-05 2.032074e-01 
3.179067e-02 2.690704e-01 
2.074262e-02 2.550350e-01 
1.196452e-02 2.114854e-01 
2.443136e-03 1.321737e-01 
-1.677980e-03 9.474882e-03 
-1.183826e-03 -5.677952e-02 
6.046534e-05 -8.174416e-02 
1.278545e-03 -6.995621e-02 
-2.500704e-04 -1.490425e-02 
-5.611700e-04 2.174775e-02 
-3.503149e-04 2.833208e-02 
-1.273028e-04 6.414988e-03 
-4.258105e-05 -7.237105e-03 
1.615547e-04 2.648327e-02 
2.186811e-02 -2.233562e-01 
-9.533713e-03 -1.174923e-01 
-3.317797e-03 -2.302214e-03 
1.001114e-02 9.784699e-02 
8.593676e-03 1.355825e-01 
4.442946e-03 1.398455e-01 
-3.280017e-03 8.752403e-02 
-3.590705e-03 -2.800828e-02 
-1.909190e-03 -8.569944e-02 
-4.709973e-04 -1.028992e-01 
7.248390e-04 -6.950574e-02 
-9.987884e-05 1.362542e-02 
-2.756870e-04 5.429782e-02 
3.396228e-04 5.446162e-02 
8.521833e-04 9.336067e-03 
-1.950181e-04 -5.725493e-02 
-4.317016e-04 -8.486162e-02 
1.845057e-02 -4.448802e-01 
-3.039691e-02 -2.397238e-01 
-1.140488e-02 -1.196463e-02 
2.337301e-02 1.709576e-01 
2.011516e-02 2.513665e-01 
1.182943e-02 2.349943e-01 
3.060947e-04 1.211499e-01 
-2.205271e-03 -3.819730e-02 
-6.564595e-04 -1.356219e-01 
1.819377e-03 -1.734806e-01 
3.087028e-03 -1.160575e-01 
-1.917014e-03 3.129144e-02 
-1.887024e-03 1.057276e-01 
-1.038247e-03 1.302427e-01 
2.431094e-04 9.347004e-02 
5.040575e-05 -8.032593e-03 
-3.181242e-04 -7.624976e-02 
1.794427e-01 -4.474129e-01 
-2.098023e-02 -2.799766e-01 
-6.191239e-03 -3.872971e-02 
1.323028e-02 1.067620e-01 
1.151396e-02 1.685329e-01 
5.903374e-03 1.541462e-01 
-1.325395e-03 8.537481e-02 
-1.778491e-03 1.257535e-02 
-9.684639e-04 -4.716501e-02 
-1.271469e-04 -7.843729e-02 
5.928698e-04 -6.025734e-02 
7.586132e-06 6.037166e-03 
-1.464275e-04 3.231467e-02 
1.553037e-04 3.373729e-02 
4.823316e-04 2.380352e-03 
-1.261781e-04 -5.227532e-02 
-1.310063e-04 -3.672391e-02 
1.173555e+00 6.840697e-01 
2.025128e-01 1.127158e+00 
8.716338e-02 1.039241e+00 
4.497207e-02 6.076618e-01 
1.049927e-02 2.585582e-01 
-3.450455e-03 1.376864e-02 
-5.576772e-03 -1.045885e-01 
-9.461249e-04 -6.833160e-02 
-1.671467e-04 -3.308487e-02 
-2.294360e-04 -1.408558e-03 
-4.766790e-04 2.028255e-02 
6.105104e-05 2.411489e-02 
2.334804e-04 1.245977e-02 
4.510916e-04 -1.986127e-02 
2.855459e-04 -7.623981e-02 
-1.155862e-04 -8.821013e-02 
1.005997e-04 7.494433e-02 
6.312670e-01 7.295333e-01 
1.224321e-01 9.940680e-01 
7.136401e-02 8.567422e-01 
1.829947e-02 3.962232e-01 
-3.261799e-03 5.413073e-02 
-8.625899e-03 -1.431968e-01 
-4.506708e-03 -1.823717e-01 
7.901059e-05 -7.732601e-02 
-1.031974e-04 8.413968e-03 
-7.468054e-04 6.445530e-02 
-9.738705e-04 6.972438e-02 
3.632460e-04 2.142678e-02 
5.688805e-04 -1.512559e-02 
6.686766e-04 -6.022099e-02 
3.096649e-04 -1.108939e-01 
-3.695243e-06 -8.483606e-02 
5.419252e-06 9.188070e-02 
1.795122e-01 5.167915e-01 
7.346288e-02 6.797578e-01 
4.825019e-02 5.927205e-01 
1.007502e-02 2.649496e-01 
-3.726333e-03 1.546705e-02 
-6.734235e-03 -1.431617e-01 
-2.216344e-03 -1.832859e-01 
6.403551e-04 -9.203089e-02 
2.755666e-04 -1.786325e-02 
-1.355779e-04 3.142001e-02 
-4.807542e-04 5.104112e-02 
-3.861907e-04 3.979193e-02 
-1.172135e-04 2.288994e-02 
9.903318e-05 -7.798704e-03 
1.242654e-04 -4.838781e-02 
4.763261e-05 -4.226699e-02 
-7.977868e-05 6.609469e-02 
-4.399554e-02 7.653504e-02 
3.039160e-02 2.794868e-01 
2.750574e-02 3.237529e-01 
7.274926e-03 1.794363e-01 
-1.344828e-03 5.335883e-02 
-4.636143e-03 -6.195224e-02 
-2.068951e-03 -1.291549e-01 
8.419359e-04 -9.266616e-02 
6.534791e-04 -6.440261e-02 
3.902978e-04 -3.455462e-02 
-1.872673e-04 1.104598e-02 
-6.823965e-04 5.581837e-02 
-5.379895e-04 6.627721e-02 
-2.856456e-04 5.445857e-02 
5.389511e-05 1.184196e-02 
1.248161e-04 -3.812744e-02 
3.595172e-05 -1.727835e-02 
-1.665708e-02 -4.036442e-01 
-3.923049e-03 -8.342115e-02 
1.790838e-02 1.450301e-01 
1.378236e-02 2.056201e-01 
5.755921e-03 1.909239e-01 
-1.234111e-03 1.267256e-01 
-5.370517e-03 3.072685e-02 
1.143441e-04 -4.153490e-02 
7.682881e-04 -8.058087e-02 
8.452432e-04 -8.938242e-02 
5.892333e-04 -6.000056e-02 
6.301684e-05 -3.265626e-03 
-1.293572e-04 2.242634e-02 
-1.157927e-04 2.795844e-02 
1.044708e-04 4.666467e-03 
2.307688e-04 -3.817001e-02 
1.482889e-04 -4.800763e-02 
2.089207e-01 -7.707237e-01 
-3.521865e-02 -4.003242e-01 
9.585028e-03 -1.853444e-02 
1.674292e-02 1.935736e-01 
8.927813e-03 2.437053e-01 
6.420673e-04 2.152004e-01 
-6.106726e-03 1.102124e-01 
7.726557e-04 -3.737976e-02 
1.689305e-03 -1.061586e-01 
1.577098e-03 -1.224122e-01 
9.229912e-04 -9.209639e-02 
1.601999e-04 -2.198073e-02 
-1.701109e-04 2.243945e-02 
-2.678407e-04 3.953464e-02 
-1.144706e-04 2.549702e-02 
1.395766e-04 -1.191979e-02 
1.910093e-04 -4.585822e-02 
