poroelastic
-2.252213e-02 8.034356e-02 
-4.467955e-03 1.288805e-01 
8.476210e-03 9.622293e-02 
1.207971e-02 3.377976e-02 
1.385729e-02 5.965605e-02 
1.566008e-02 9.711212e-02 
8.524550e-03 1.580254e-01 
-1.808388e-02 1.769541e-01 
-2.679351e-02 6.743320e-02 
-2.216090e-02 -6.467765e-02 
3.407169e-03 -1.592000e-01 
2.576927e-02 -1.296994e-01 
1.094962e-02 -5.759888e-02 
4.264874e-04 2.097636e-03 
-3.217442e-03 3.262749e-02 
-2.817887e-03 3.451213e-02 
-1.741449e-03 2.747956e-02 
8.927470e-04 7.948577e-03 
3.647140e-03 -1.122628e-02 
2.260640e-03 -4.055280e-03 
1.667538e-03 -6.227209e-03 
2.221857e-03 -1.772242e-02 
3.297769e-03 -3.193695e-02 
2.293368e-03 -3.959944e-02 
3.189467e-04 -3.411557e-02 
-3.806249e-04 -1.876523e-02 
1.703896e-04 4.987759e-03 
8.292893e-02 1.735651e-01 
2.495664e-02 1.742818e-01 
1.445882e-02 4.985777e-02 
-1.054086e-02 -3.391325e-02 
2.806934e-03 2.506672e-02 
1.447055e-02 1.230034e-01 
1.964840e-03 1.959881e-01 
-2.949169e-02 1.565810e-01 
-3.174893e-02 4.856502e-02 
-2.748349e-02 -6.581596e-02 
-7.110255e-03 -1.526231e-01 
2.445094e-02 -1.315718e-01 
1.668541e-02 -8.965134e-02 
8.775876e-03 -4.713392e-02 
2.149718e-03 -2.881459e-03 
-2.047931e-03 2.882921e-02 
-3.422637e-03 4.231833e-02 
-2.441287e-03 4.231834e-02 
1.164618e-03 2.798280e-02 
3.616694e-03 -3.086290e-03 
4.131312e-03 -3.004500e-02 
4.624057e-03 -4.764236e-02 
4.902547e-03 -5.382863e-02 
3.041854e-03 -4.659130e-02 
9.607554e-04 -3.239019e-02 
2.473151e-04 -1.893881e-02 
-2.509520e-04 -1.660030e-02 
-2.704338e-01 -8.463458e-02 
-4.516050e-02 5.351068e-02 
1.323093e-02 1.594993e-01 
6.432296e-02 2.116453e-01 
5.334891e-02 2.735820e-01 
3.269214e-02 2.902755e-01 
-1.447095e-02 2.306089e-01 
-3.956128e-02 5.180825e-02 
-2.317996e-02 -8.946571e-02 
-7.270776e-03 -1.744520e-01 
1.010056e-02 -1.800018e-01 
1.144352e-02 -6.475051e-02 
7.981115e-05 4.923840e-03 
-3.948205e-03 3.317707e-02 
-2.255969e-03 3.266574e-02 
3.127313e-03 -4.981011e-03 
3.475598e-03 -1.550389e-02 
2.588930e-03 -8.668552e-03 
1.945211e-03 6.146081e-03 
8.906817e-04 1.850612e-02 
9.693351e-04 1.132525e-02 
2.302613e-03 -6.068800e-03 
4.580901e-03 -3.205430e-02 
4.282837e-03 -6.281576e-02 
1.909268e-03 -6.070989e-02 
5.022215e-04 -3.821605e-02 
1.047016e-06 -1.275623e-03 
-2.812441e-01 1.967869e-01 
2.494153e-02 3.787505e-01 
8.920919e-02 4.354175e-01 
9.093187e-02 3.635380e-01 
4.299799e-02 2.894032e-01 
4.796947e-03 1.946305e-01 
-3.657529e-02 8.227121e-02 
-3.445635e-02 -2.616210e-02 
-1.737686e-02 -9.979234e-02 
-6.935519e-03 -1.396047e-01 
2.559330e-03 -1.242488e-01 
4.393026e-03 -2.797426e-02 
-4.211459e-03 3.011064e-02 
-7.295357e-03 5.308640e-02 
-2.217646e-03 3.202021e-02 
9.067408e-03 -3.871674e-02 
1.033121e-02 -6.313572e-02 
8.360433e-03 -5.497469e-02 
4.080081e-03 -1.659978e-02 
-1.831503e-03 4.431839e-02 
-2.602248e-03 5.811846e-02 
3.500785e-06 3.705183e-02 
5.263277e-03 -1.863015e-02 
6.751881e-03 -9.902856e-02 
4.193509e-03 -1.089000e-01 
1.611452e-03 -6.837183e-02 
-2.964008e-04 1.771534e-02 
1.621784e-01 5.910602e-01 
1.379560e-01 8.672330e-01 
2.054197e-01 8.259345e-01 
1.055624e-01 5.259016e-01 
8.599049e-03 2.259823e-01 
-4.287420e-02 -2.706854e-02 
-5.714895e-02 -1.774253e-01 
-2.288332e-02 -1.283788e-01 
-9.822950e-03 -7.008454e-02 
-1.063223e-02 -2.743459e-02 
-1.407164e-02 2.017022e-03 
-4.575560e-03 2.519451e-02 
-4.603213e-03 3.279115e-02 
-2.267575e-03 2.182746e-02 
5.018000e-03 -1.603318e-02 
1.506867e-02 -7.870242e-02 
1.441435e-02 -9.317306e-02 
1.013556e-02 -7.051133e-02 
3.111413e-03 -1.113253e-02 
-4.955839e-03 7.555211e-02 
-5.787527e-03 9.738730e-02 
-1.857008e-03 6.715305e-02 
5.871766e-03 -1.644617e-02 
9.417147e-03 -1.420682e-01 
7.229170e-03 -1.587007e-01 
3.178453e-03 -9.161323e-02 
-1.644903e-03 5.149021e-02 
1.114104e+00 8.540796e-01 
4.986852e-01 1.534490e+00 
3.750405e-01 1.445881e+00 
1.027407e-01 7.704171e-01 
-4.041621e-02 1.247929e-01 
-9.214257e-02 -3.459623e-01 
-6.855228e-02 -5.602064e-01 
-6.372777e-03 -3.249464e-01 
2.313862e-03 -7.496463e-02 
-9.601899e-03 1.036501e-01 
-2.884726e-02 1.877266e-01 
-2.155774e-02 1.276613e-01 
-1.018211e-02 5.555413e-02 
9.409916e-04 -1.648118e-02 
1.248758e-02 -8.613714e-02 
2.218737e-02 -1.288592e-01 
1.864060e-02 -1.229928e-01 
1.104391e-02 -8.026840e-02 
4.765313e-04 1.288847e-03 
-1.014159e-02 1.145432e-01 
-1.086594e-02 1.458592e-01 
-4.994469e-03 1.036897e-01 
5.892150e-03 -1.164755e-02 
1.324456e-02 -1.957713e-01 
1.252786e-02 -2.206416e-01 
5.553901e-03 -1.072827e-01 
-6.775101e-03 1.296226e-01 
-2.225744e-01 -2.910508e-01 
1.255951e-01 4.038124e-01 
1.774001e-01 7.174701e-01 
3.202372e-02 4.519416e-01 
-3.355803e-02 1.396983e-01 
-6.627053e-02 -1.380099e-01 
-5.774900e-02 -3.227870e-01 
-2.782491e-03 -2.473916e-01 
4.368473e-03 -1.386711e-01 
-2.016048e-03 -2.664206e-02 
-1.375895e-02 6.782473e-02 
-1.532031e-02 9.110954e-02 
-1.379159e-02 8.090399e-02 
-9.006170e-03 4.475362e-02 
2.818798e-03 -2.460213e-02 
2.108886e-02 -1.108764e-01 
2.077300e-02 -1.322996e-01 
1.485191e-02 -1.045218e-01 
4.726787e-03 -3.009365e-02 
-6.318615e-03 7.590137e-02 
-9.020590e-03 1.181011e-01 
-5.401634e-03 9.771848e-02 
2.659060e-03 8.400017e-03 
8.964244e-03 -1.363249e-01 
1.185628e-02 -1.708544e-01 
7.992608e-03 -1.102178e-01 
-3.565872e-03 4.849294e-02 
