poroelastic
3.065999e-02 -5.137905e-02 
2.563206e-02 -1.146962e-01 
-7.195319e-03 -2.091304e-01 
-5.674133e-02 -2.980725e-01 
-3.172621e-02 -2.765823e-01 
-1.533567e-02 -2.012645e-01 
-4.110224e-03 -1.026221e-01 
-2.823857e-04 -1.401125e-02 
-2.919789e-03 4.936767e-02 
-6.633586e-03 7.979998e-02 
-6.130521e-03 5.793317e-02 
4.607870e-03 -2.206497e-02 
5.328616e-03 -6.028545e-02 
4.294076e-03 -6.700887e-02 
1.945132e-03 -4.170271e-02 
1.276090e-06 6.036854e-03 
-3.243223e-04 2.925115e-02 
-1.545062e-04 3.380942e-02 
2.915823e-04 1.728606e-02 
2.189193e-04 -1.499835e-02 
1.961940e-04 -2.997098e-02 
1.561028e-04 -3.215187e-02 
7.957353e-05 -2.042427e-02 
2.475127e-05 7.500953e-04 
4.194304e-05 7.785104e-03 
4.412120e-05 1.892401e-03 
-1.019574e-04 -2.083379e-02 
-7.009997e-01 -6.094887e-01 
-4.664993e-02 -6.819054e-01 
-4.597324e-02 -5.887213e-01 
-6.909743e-02 -4.490126e-01 
-2.987232e-02 -2.962812e-01 
-1.116575e-02 -1.492766e-01 
-4.063220e-03 -3.124456e-02 
-2.386655e-03 2.032977e-02 
-4.025234e-03 5.539868e-02 
-6.562051e-03 6.662488e-02 
-5.362912e-03 3.777085e-02 
5.629613e-03 -3.690067e-02 
6.001908e-03 -7.279656e-02 
4.730089e-03 -7.524830e-02 
2.160905e-03 -3.966158e-02 
-2.592827e-04 2.479322e-02 
-6.190448e-04 5.274709e-02 
-1.774949e-04 5.174248e-02 
6.918080e-04 1.793424e-02 
5.211377e-04 -3.953261e-02 
4.367180e-04 -6.183896e-02 
3.080476e-04 -5.703583e-02 
9.835238e-05 -2.243892e-02 
-5.973823e-06 2.817815e-02 
5.181319e-05 3.384823e-02 
8.489771e-05 2.892765e-03 
-1.159118e-04 -7.202353e-02 
-3.705413e-01 1.021600e+00 
7.906851e-02 7.414539e-01 
2.592275e-02 2.667006e-01 
-4.940689e-02 -1.971943e-01 
-3.808232e-02 -3.946170e-01 
-1.776181e-02 -4.200930e-01 
7.568348e-03 -2.844307e-01 
6.481397e-03 -3.458590e-02 
-3.115998e-03 1.196687e-01 
-1.041501e-02 1.906170e-01 
-1.209735e-02 1.607023e-01 
5.701174e-04 2.424859e-02 
4.823987e-03 -5.714333e-02 
5.120600e-03 -9.345921e-02 
2.356529e-03 -8.021538e-02 
-2.580359e-05 -1.665135e-02 
-6.031354e-04 2.373926e-02 
-6.611168e-04 4.535012e-02 
-2.626086e-04 4.668783e-02 
-5.992866e-05 2.352600e-02 
3.315049e-05 -1.139645e-04 
1.190904e-04 -2.410061e-02 
1.710362e-04 -4.957664e-02 
1.745528e-04 -6.154383e-02 
1.009583e-04 -3.618222e-02 
-3.994685e-05 1.398521e-02 
-2.499186e-04 8.862949e-02 
1.905491e-01 3.799446e-01 
2.617823e-02 1.198554e-01 
-3.223861e-02 -1.792290e-01 
-6.334815e-02 -3.845544e-01 
-3.380526e-02 -4.022050e-01 
-1.259597e-02 -3.210739e-01 
3.940545e-03 -1.660111e-01 
2.016474e-03 2.912869e-03 
-4.038116e-03 1.034460e-01 
-8.743550e-03 1.440506e-01 
-8.194867e-03 1.054925e-01 
2.818342e-03 -7.773200e-03 
5.294943e-03 -6.968467e-02 
5.031367e-03 -9.086006e-02 
2.327838e-03 -6.404075e-02 
-2.170689e-04 3.406621e-03 
-7.542784e-04 3.947752e-02 
-5.278072e-04 5.185456e-02 
1.558942e-04 3.775935e-02 
9.263981e-05 1.332543e-04 
1.743643e-04 -2.433549e-02 
2.287029e-04 -3.938451e-02 
2.133682e-04 -4.458289e-02 
1.809992e-04 -3.394550e-02 
1.019650e-04 -1.390872e-02 
-3.635438e-05 1.016858e-02 
-2.385677e-04 3.594219e-02 
-1.983391e-01 -4.367730e-01 
-6.136981e-02 -6.179498e-01 
-8.847389e-02 -6.687356e-01 
-7.714895e-02 -5.513980e-01 
-2.699550e-02 -3.527976e-01 
-5.113220e-03 -1.503615e-01 
5.526640e-04 4.799185e-03 
-2.020551e-03 4.667373e-02 
-3.996393e-03 6.521512e-02 
-5.223925e-03 6.231751e-02 
-2.858447e-03 2.595809e-02 
4.675784e-03 -4.039359e-02 
4.916687e-03 -6.862721e-02 
3.538970e-03 -6.529213e-02 
8.909109e-04 -2.566644e-02 
-8.718379e-04 3.693744e-02 
-9.112211e-04 6.164330e-02 
-1.996078e-04 5.665460e-02 
7.417403e-04 1.839153e-02 
2.970167e-04 -4.047384e-02 
3.177505e-04 -6.335866e-02 
2.664610e-04 -5.858964e-02 
1.050700e-04 -2.359379e-02 
-1.225543e-04 2.713840e-02 
-2.480590e-04 3.695701e-02 
-1.393747e-04 1.273719e-02 
3.965368e-04 -5.128628e-02 
-1.348876e+00 -9.001156e-01 
-3.093952e-01 -1.344685e+00 
-1.627333e-01 -1.205390e+00 
-7.423184e-02 -7.258708e-01 
-1.233417e-02 -2.931539e-01 
5.296725e-03 3.812023e-02 
-1.861978e-03 2.158802e-01 
-7.602444e-03 1.488066e-01 
-5.887066e-03 7.753381e-02 
-3.537534e-03 1.423996e-02 
9.985168e-04 -4.439823e-02 
7.520504e-03 -8.682569e-02 
6.110585e-03 -9.197744e-02 
3.685754e-03 -6.676678e-02 
5.800372e-04 -9.225680e-03 
-1.511347e-03 6.480482e-02 
-1.345458e-03 8.923458e-02 
-6.112710e-05 7.360570e-02 
1.599646e-03 1.343606e-02 
7.143423e-04 -7.675867e-02 
6.684148e-04 -1.063091e-01 
5.059020e-04 -8.761925e-02 
1.062156e-04 -1.657419e-02 
-6.179565e-04 8.170011e-02 
-9.821852e-04 8.485254e-02 
-4.275322e-04 1.171445e-02 
1.839940e-03 -1.469489e-01 
-1.615959e-01 1.023469e+00 
5.320382e-02 4.289584e-01 
-3.021128e-02 -6.014601e-02 
-3.464238e-02 -2.796353e-01 
-1.288617e-02 -2.945235e-01 
3.454202e-03 -2.120451e-01 
1.216309e-02 -6.133518e-02 
-1.639416e-03 7.048492e-02 
-7.492774e-03 1.336253e-01 
-9.701218e-03 1.464675e-01 
-7.077835e-03 9.901462e-02 
1.628084e-03 -1.540738e-03 
4.281064e-03 -5.885891e-02 
4.372445e-03 -8.075583e-02 
2.033224e-03 -6.032611e-02 
-4.195278e-04 4.787957e-04 
-8.973903e-04 3.511592e-02 
-6.379185e-04 4.840153e-02 
8.132452e-05 3.788872e-02 
-1.366953e-05 5.238523e-03 
5.502805e-05 -1.660849e-02 
1.251248e-04 -3.024854e-02 
1.697103e-04 -3.495422e-02 
3.098084e-04 -2.542253e-02 
2.280010e-04 -8.593346e-03 
-4.603318e-05 1.029777e-02 
-5.216757e-04 2.819903e-02 
