poroelastic
-5.018333e-02 -5.364011e-02 
-5.862447e-02 -3.389374e-02 
-2.854329e-02 6.433946e-02 
6.246655e-02 1.672307e-01 
4.991837e-02 2.071164e-01 
4.135666e-02 1.997597e-01 
3.578601e-02 1.387813e-01 
1.852731e-02 5.888963e-02 
1.093708e-02 3.060270e-02 
1.120058e-02 2.453805e-02 
8.580803e-03 2.379711e-02 
-5.119091e-03 8.144800e-03 
-3.830050e-03 8.091635e-04 
-4.465784e-03 3.308802e-03 
-5.922279e-03 1.793120e-02 
-2.789345e-03 3.805382e-02 
-1.960956e-03 4.206100e-02 
-1.685839e-03 3.432671e-02 
-1.562345e-03 1.246905e-02 
-6.135931e-04 -1.558278e-02 
-4.222150e-04 -1.831997e-02 
-6.247297e-04 -2.920787e-03 
-1.158322e-03 3.110959e-02 
-7.131868e-04 7.252520e-02 
7.195542e-05 8.176812e-02 
3.924688e-04 7.031857e-02 
4.849731e-04 4.527986e-02 
4.244821e-01 4.652121e-02 
-9.335050e-03 1.318609e-01 
-4.957619e-03 2.306267e-01 
9.282800e-02 3.106456e-01 
6.438741e-02 3.047714e-01 
4.636575e-02 2.465840e-01 
3.637226e-02 1.492853e-01 
1.811997e-02 5.244800e-02 
1.106952e-02 1.420691e-02 
1.214024e-02 4.676284e-03 
1.110973e-02 9.400526e-03 
-4.899960e-03 9.241749e-03 
-4.250463e-03 8.646585e-03 
-4.674583e-03 1.066570e-02 
-6.109585e-03 1.858180e-02 
-3.277481e-03 3.121673e-02 
-2.219197e-03 3.231942e-02 
-2.022241e-03 2.534010e-02 
-2.136831e-03 9.208709e-03 
-8.709996e-04 -1.077273e-02 
-5.698857e-04 -9.693139e-03 
-7.578999e-04 6.150519e-03 
-1.234133e-03 3.586967e-02 
-8.049307e-04 7.342705e-02 
-2.614312e-04 8.890372e-02 
2.611425e-05 9.174507e-02 
3.701180e-04 9.345335e-02 
-3.440378e-02 -4.871615e-01 
-9.251435e-02 -4.547967e-01 
-4.807800e-02 -2.705493e-01 
4.478175e-02 1.639433e-02 
4.812098e-02 1.708864e-01 
4.558860e-02 2.443185e-01 
3.786246e-02 2.407606e-01 
1.178163e-02 1.648611e-01 
2.749420e-03 1.124204e-01 
1.507741e-03 6.203179e-02 
3.302704e-03 -2.033934e-03 
2.608906e-03 -7.379408e-02 
3.034692e-03 -1.021204e-01 
5.190593e-04 -9.145947e-02 
-4.688521e-03 -3.210016e-02 
-4.247516e-03 6.342305e-02 
-3.427981e-03 1.011942e-01 
-2.645217e-03 9.356399e-02 
-1.458209e-03 3.386836e-02 
1.116099e-04 -6.117829e-02 
2.782553e-04 -8.641618e-02 
-9.021154e-05 -5.932887e-02 
-6.922864e-04 2.602290e-02 
-6.428927e-04 1.430010e-01 
-5.047779e-04 1.569188e-01 
-2.629470e-04 9.818631e-02 
8.097175e-05 -3.283573e-02 
-1.930767e-01 -3.076331e-01 
-7.685820e-02 -3.268333e-01 
-1.977771e-02 -1.495719e-01 
7.657334e-02 1.337401e-01 
6.608151e-02 2.829930e-01 
5.602649e-02 3.402526e-01 
3.891603e-02 2.951038e-01 
9.503250e-03 1.561036e-01 
3.641285e-03 6.649182e-02 
5.139015e-03 2.958099e-03 
7.249936e-03 -4.290617e-02 
9.763707e-04 -6.664543e-02 
7.574175e-04 -7.099830e-02 
-1.455963e-03 -5.287145e-02 
-5.614554e-03 -1.503749e-03 
-4.797994e-03 6.915467e-02 
-3.771061e-03 9.252087e-02 
-2.953554e-03 7.845274e-02 
-1.806913e-03 1.987682e-02 
1.337193e-04 -6.215606e-02 
3.164724e-04 -7.904749e-02 
-1.303730e-04 -4.729645e-02 
-6.812013e-04 3.899374e-02 
-7.538061e-04 1.480475e-01 
-1.049471e-03 1.627871e-01 
-8.190243e-04 1.123150e-01 
1.151088e-05 -1.466118e-03 
4.238961e-02 -1.529671e-01 
-4.522969e-02 -1.489689e-01 
8.740158e-03 1.161686e-02 
1.163543e-01 2.643497e-01 
8.658512e-02 3.988289e-01 
6.379766e-02 4.275506e-01 
3.436301e-02 3.254002e-01 
5.700423e-03 1.056164e-01 
5.068139e-03 -2.643224e-02 
9.970415e-03 -9.354128e-02 
1.153330e-02 -9.478994e-02 
-2.343496e-03 -3.608822e-02 
-3.870628e-03 -2.570291e-04 
-5.436549e-03 2.290491e-02 
-7.008732e-03 3.937742e-02 
-4.091866e-03 4.676086e-02 
-2.694794e-03 4.149495e-02 
-2.290589e-03 2.584372e-02 
-2.069275e-03 -2.624237e-03 
-1.657095e-04 -3.334689e-02 
-2.335993e-05 -3.184127e-02 
-2.931430e-04 -6.400173e-03 
-4.316837e-04 4.431611e-02 
-2.628909e-04 1.059017e-01 
-8.529607e-04 1.212590e-01 
-9.829742e-04 1.066748e-01 
-8.220439e-04 7.124772e-02 
2.122267e-01 -3.732900e-01 
1.944741e-02 -3.203616e-01 
2.867310e-02 -8.683330e-02 
1.264321e-01 2.839827e-01 
9.244833e-02 4.900887e-01 
6.301338e-02 5.438160e-01 
2.501400e-02 4.115551e-01 
1.514099e-03 8.300402e-02 
5.770390e-03 -1.231717e-01 
1.325712e-02 -2.203140e-01 
1.652869e-02 -1.961022e-01 
-1.014797e-03 -3.914269e-02 
-6.045297e-03 6.049440e-02 
-8.153115e-03 1.109971e-01 
-8.261784e-03 1.117450e-01 
-4.632423e-03 5.514063e-02 
-2.166964e-03 1.133136e-02 
-1.638514e-03 -1.950618e-02 
-2.112657e-03 -3.746240e-02 
-5.780275e-05 -3.453453e-02 
-7.116261e-07 -1.486221e-02 
-3.415908e-04 1.668112e-02 
-2.853921e-04 5.808643e-02 
2.561909e-05 9.951423e-02 
-1.089236e-03 1.103902e-01 
-1.494163e-03 1.014499e-01 
-1.743607e-03 8.654224e-02 
-3.185569e-01 3.772672e-02 
-1.585930e-02 -1.235157e-01 
3.540979e-02 -7.334043e-02 
6.854892e-02 1.335628e-01 
4.709940e-02 2.260360e-01 
3.302901e-02 2.524811e-01 
1.541817e-02 2.092627e-01 
-1.903557e-03 9.218251e-02 
3.833543e-04 8.129210e-03 
3.905278e-03 -5.401884e-02 
5.734256e-03 -8.569869e-02 
2.015152e-03 -7.051409e-02 
7.422349e-04 -5.092934e-02 
-1.311230e-03 -2.245256e-02 
-4.590880e-03 1.916131e-02 
-4.895775e-03 6.223776e-02 
-3.535375e-03 7.481589e-02 
-2.644213e-03 6.137254e-02 
-1.613436e-03 1.710384e-02 
4.546478e-04 -4.406133e-02 
6.927996e-04 -5.994977e-02 
5.769385e-04 -4.006348e-02 
8.726657e-04 1.954470e-02 
1.906439e-04 9.973929e-02 
-1.794849e-03 1.178016e-01 
-2.110011e-03 9.079590e-02 
-5.832940e-04 1.972433e-02 
