poroelastic
5.115297e-02 -5.275547e-02 
4.390392e-02 -1.277697e-01 
-3.132259e-03 -2.370213e-01 
-8.196918e-02 -3.346292e-01 
-4.875022e-02 -3.299585e-01 
-2.525060e-02 -2.642077e-01 
-5.727597e-03 -1.585660e-01 
2.404749e-03 -4.529028e-02 
-1.727225e-03 3.786787e-02 
-8.583121e-03 8.562793e-02 
-1.181611e-02 8.148310e-02 
1.175997e-03 1.640891e-02 
4.640409e-03 -2.261978e-02 
5.659819e-03 -4.172525e-02 
4.542899e-03 -4.087035e-02 
1.578376e-03 -2.213105e-02 
6.978104e-04 -1.114125e-02 
3.783506e-04 -4.673634e-03 
3.774228e-04 -4.302993e-03 
3.008239e-04 -9.050097e-03 
1.124148e-04 -3.504777e-03 
-3.569335e-05 7.161250e-03 
1.639105e-05 2.261369e-02 
3.196958e-04 3.396441e-02 
4.551747e-04 1.755833e-02 
2.893472e-04 -1.877138e-02 
-8.209633e-04 -7.663613e-02 
-5.956771e-01 -3.677633e-01 
-1.610150e-02 -4.743349e-01 
-3.457629e-02 -4.887162e-01 
-9.936575e-02 -4.720671e-01 
-5.199450e-02 -3.940716e-01 
-2.351748e-02 -2.800131e-01 
-3.475827e-03 -1.456896e-01 
2.537760e-03 -2.799753e-02 
-2.253271e-03 5.411333e-02 
-9.192736e-03 9.990201e-02 
-1.301369e-02 9.350872e-02 
3.424859e-04 2.306698e-02 
4.498345e-03 -2.139618e-02 
5.979065e-03 -4.469143e-02 
5.193519e-03 -4.451353e-02 
1.825597e-03 -1.963160e-02 
7.635852e-04 -7.344425e-03 
5.498387e-04 -2.725160e-03 
7.878253e-04 -7.095682e-03 
6.814210e-04 -1.897120e-02 
3.662336e-04 -1.373601e-02 
6.564266e-05 1.637813e-03 
-6.241817e-05 2.732836e-02 
1.386295e-04 5.096376e-02 
3.997829e-04 2.983300e-02 
4.236820e-04 -2.349732e-02 
-5.216991e-04 -1.114525e-01 
-1.459292e-02 7.368672e-01 
9.706907e-02 4.971907e-01 
2.097123e-02 1.082252e-01 
-7.755163e-02 -2.863590e-01 
-5.634433e-02 -4.495724e-01 
-2.754902e-02 -4.585576e-01 
9.371793e-03 -3.234855e-01 
1.496336e-02 -8.346619e-02 
2.353861e-03 7.843381e-02 
-9.450739e-03 1.713346e-01 
-1.785296e-02 1.784267e-01 
-8.466933e-03 8.291596e-02 
-4.525803e-05 1.290335e-02 
4.194655e-03 -3.583559e-02 
4.823015e-03 -6.037208e-02 
2.528612e-03 -5.102096e-02 
1.244468e-03 -3.674441e-02 
2.990531e-05 -1.742321e-02 
-1.100858e-03 6.666922e-03 
-9.789490e-04 2.818812e-02 
-8.456527e-04 3.812762e-02 
-5.996118e-04 3.588973e-02 
-1.378720e-04 1.909176e-02 
1.503774e-04 -6.678076e-03 
1.268256e-04 -1.733021e-02 
3.846065e-05 -1.405689e-02 
-1.216614e-05 7.672977e-03 
3.046917e-01 2.464302e-01 
3.655504e-02 2.672938e-02 
-4.140702e-02 -2.617934e-01 
-1.028122e-01 -4.854924e-01 
-5.729101e-02 -5.142777e-01 
-2.278191e-02 -4.285774e-01 
8.940466e-03 -2.492331e-01 
9.697159e-03 -3.761934e-02 
-1.200107e-03 9.747704e-02 
-1.104720e-02 1.669842e-01 
-1.591467e-02 1.512693e-01 
-3.721913e-03 4.774039e-02 
2.847212e-03 -1.671037e-02 
5.584986e-03 -5.312244e-02 
4.885476e-03 -5.886331e-02 
1.869499e-03 -3.302147e-02 
5.470082e-04 -1.562722e-02 
-2.571880e-04 -1.623132e-03 
-6.431908e-04 8.302905e-03 
-3.857482e-04 1.151366e-02 
-3.781297e-04 1.657342e-02 
-3.315888e-04 1.925066e-02 
-1.634696e-04 1.822128e-02 
-5.661918e-05 1.253271e-02 
6.895694e-05 -2.435596e-04 
1.903802e-04 -1.559223e-02 
2.325935e-04 -3.113625e-02 
-1.860127e-01 -3.445392e-01 
-4.360625e-02 -5.503968e-01 
-1.057021e-01 -6.800626e-01 
-1.303452e-01 -6.744304e-01 
-5.644827e-02 -5.393032e-01 
-1.483450e-02 -3.451937e-01 
1.037565e-02 -1.280691e-01 
4.597723e-03 3.181839e-02 
-5.516502e-03 1.227627e-01 
-1.320725e-02 1.555085e-01 
-1.392970e-02 1.129886e-01 
1.931843e-03 6.719762e-04 
7.233011e-03 -5.977421e-02 
7.758467e-03 -7.904753e-02 
4.133399e-03 -5.387519e-02 
-5.115762e-04 5.551101e-03 
-1.609514e-03 3.251010e-02 
-1.166244e-03 3.608491e-02 
3.175789e-04 1.256268e-02 
9.324999e-04 -3.022520e-02 
8.336236e-04 -3.805736e-02 
3.697726e-04 -2.195924e-02 
-3.457076e-04 2.026897e-02 
-8.424123e-04 6.924978e-02 
-5.815343e-04 5.435026e-02 
1.562448e-04 -6.313266e-03 
1.248840e-03 -1.158638e-01 
-1.167546e+00 -5.169044e-01 
-2.833837e-01 -9.794782e-01 
-1.812932e-01 -1.027458e+00 
-1.259935e-01 -8.094952e-01 
-4.142437e-02 -5.246322e-01 
-3.328456e-03 -2.408693e-01 
1.051508e-02 9.239405e-03 
-1.481961e-03 1.292452e-01 
-1.082451e-02 1.763941e-01 
-1.631769e-02 1.690901e-01 
-1.397717e-02 9.228980e-02 
6.836233e-03 -4.567661e-02 
1.244946e-02 -1.138314e-01 
1.186725e-02 -1.240023e-01 
5.843549e-03 -7.183714e-02 
-2.264134e-03 3.327028e-02 
-3.967171e-03 7.949950e-02 
-2.426695e-03 7.928501e-02 
1.293946e-03 2.965602e-02 
2.419369e-03 -6.064859e-02 
2.297007e-03 -8.868499e-02 
1.446827e-03 -6.855428e-02 
-1.105541e-04 3.523475e-03 
-1.726308e-03 1.053876e-01 
-1.713879e-03 9.557322e-02 
-1.625264e-04 3.830040e-04 
3.385002e-03 -1.876341e-01 
1.568231e-01 6.006469e-01 
1.706493e-02 1.441763e-01 
-6.574597e-02 -2.363953e-01 
-5.742074e-02 -3.911332e-01 
-2.158107e-02 -3.615272e-01 
3.384892e-03 -2.485220e-01 
1.983021e-02 -7.926462e-02 
3.594873e-03 6.299378e-02 
-7.153344e-03 1.393906e-01 
-1.317307e-02 1.654292e-01 
-1.322487e-02 1.255915e-01 
-1.357402e-03 2.019847e-02 
5.044006e-03 -4.589465e-02 
7.094779e-03 -7.645211e-02 
4.359435e-03 -6.236630e-02 
-8.119867e-04 -3.651780e-03 
-2.320333e-03 3.072250e-02 
-2.291860e-03 4.405227e-02 
-9.244445e-04 3.125108e-02 
2.265603e-04 -5.800569e-03 
4.830917e-04 -2.115580e-02 
3.638831e-04 -2.000342e-02 
-2.106692e-05 -5.627703e-04 
-5.370321e-04 2.994491e-02 
-7.191315e-04 2.997032e-02 
-2.767942e-04 6.343260e-03 
1.142931e-03 -4.343259e-02 
