poroelastic
1.166072e-01 -4.872369e-02 
1.150522e-01 -9.674009e-02 
6.835335e-02 -1.281645e-01 
-1.035201e-01 -1.566165e-01 
-9.420249e-02 -2.299252e-01 
-8.696318e-02 -2.799074e-01 
-8.375099e-02 -3.331820e-01 
-3.309870e-02 -3.142645e-01 
1.489171e-03 -1.514678e-01 
-6.012660e-03 2.532278e-02 
-3.358831e-02 1.417539e-01 
-1.628137e-02 9.891097e-02 
5.597488e-04 2.188795e-02 
1.084122e-02 -3.251639e-02 
1.436092e-02 -5.346247e-02 
9.154335e-03 -4.614567e-02 
5.748078e-03 -3.389238e-02 
3.387959e-03 -1.642584e-02 
2.793138e-03 -4.115325e-03 
3.258416e-03 -1.612266e-02 
2.218697e-03 -1.534882e-02 
1.401213e-03 -3.561544e-03 
1.946400e-03 1.402791e-02 
3.208511e-03 2.683320e-02 
2.918327e-03 9.937518e-03 
1.717214e-03 -3.560149e-02 
-4.667679e-03 -1.182329e-01 
-4.514201e-01 -2.563149e-01 
2.426878e-02 -3.500162e-01 
2.613318e-02 -2.587408e-01 
-1.132643e-01 -1.881229e-01 
-9.686266e-02 -2.561196e-01 
-8.898475e-02 -3.352650e-01 
-7.244505e-02 -3.823434e-01 
-1.736598e-02 -3.196682e-01 
1.123573e-02 -1.538889e-01 
6.106216e-03 1.982289e-02 
-2.058244e-02 1.480751e-01 
-2.431883e-02 1.319929e-01 
-1.197828e-02 7.865326e-02 
-1.396941e-03 2.737015e-02 
6.809423e-03 -1.374480e-02 
6.961038e-03 -2.844509e-02 
6.066864e-03 -3.416318e-02 
5.660047e-03 -3.542902e-02 
5.255981e-03 -3.203585e-02 
3.363494e-03 -2.225162e-02 
1.280548e-03 -5.715913e-03 
1.238061e-04 1.359205e-02 
6.617910e-04 3.374209e-02 
2.416675e-03 4.505286e-02 
2.812480e-03 1.607398e-02 
2.305181e-03 -4.649181e-02 
-2.718137e-03 -1.452476e-01 
5.536606e-01 6.103816e-01 
2.335178e-01 4.022188e-01 
9.109384e-02 4.779600e-02 
-1.782023e-01 -3.071770e-01 
-1.710079e-01 -5.589906e-01 
-1.346400e-01 -6.551712e-01 
-6.452879e-02 -5.776656e-01 
1.094115e-02 -2.859567e-01 
1.565185e-02 -2.465047e-02 
-5.035962e-03 1.585477e-01 
-3.386494e-02 2.268037e-01 
-2.112198e-02 1.189948e-01 
-3.514260e-03 2.998482e-02 
5.662751e-03 -2.140084e-02 
9.022515e-03 -4.015593e-02 
5.142134e-03 -2.294208e-02 
2.589421e-03 -1.112964e-02 
1.775469e-03 -5.081937e-03 
1.975118e-03 -1.660803e-03 
1.471212e-03 2.056569e-03 
6.870986e-04 6.153556e-03 
7.946821e-04 7.562866e-03 
2.088716e-03 5.686348e-03 
2.646776e-03 -5.440209e-04 
1.957791e-03 -1.632678e-02 
1.538297e-03 -4.081388e-02 
-1.571393e-04 -7.722921e-02 
6.520908e-01 2.171913e-02 
1.215605e-01 -1.829953e-01 
-5.093458e-02 -4.416745e-01 
-2.688686e-01 -6.152044e-01 
-1.873064e-01 -6.822360e-01 
-1.176097e-01 -6.207545e-01 
-4.097110e-02 -4.490060e-01 
1.143332e-02 -1.939732e-01 
9.835303e-03 1.396450e-02 
-8.312228e-03 1.552607e-01 
-2.992097e-02 1.927398e-01 
-1.388150e-02 7.986250e-02 
8.785938e-04 -3.477945e-04 
8.301527e-03 -4.363730e-02 
8.212908e-03 -4.282238e-02 
-2.862942e-04 1.140538e-02 
-3.269878e-03 3.341959e-02 
-2.289390e-03 3.255886e-02 
1.601620e-03 1.337779e-02 
4.302585e-03 -1.943439e-02 
3.877395e-03 -2.895416e-02 
2.978842e-03 -2.265394e-02 
2.064844e-03 -1.914039e-03 
7.964608e-04 2.671787e-02 
1.143671e-03 1.271099e-02 
2.215050e-03 -3.446547e-02 
1.734082e-03 -1.187059e-01 
-1.921690e-01 -5.532037e-01 
-7.249042e-02 -9.005660e-01 
-2.319524e-01 -1.019202e+00 
-3.438794e-01 -9.114074e-01 
-1.739150e-01 -7.119771e-01 
-6.986075e-02 -4.435685e-01 
-4.163900e-03 -1.796822e-01 
1.013376e-02 -3.740415e-02 
2.627205e-03 5.572466e-02 
-8.645895e-03 1.120097e-01 
-1.837123e-02 1.098749e-01 
-3.926144e-03 2.235034e-02 
5.972728e-03 -3.244909e-02 
8.608863e-03 -4.902431e-02 
3.481820e-03 -2.018598e-02 
-7.989152e-03 5.621897e-02 
-1.031540e-02 8.218485e-02 
-6.968279e-03 7.086477e-02 
1.042744e-03 2.475848e-02 
8.126226e-03 -5.330565e-02 
8.378368e-03 -7.967121e-02 
5.760008e-03 -6.332259e-02 
9.844807e-04 -4.631624e-03 
-3.612021e-03 8.635859e-02 
-2.043623e-03 7.601895e-02 
2.168216e-03 -1.562577e-02 
6.053169e-03 -1.898775e-01 
-1.554913e+00 -7.485058e-01 
-6.861655e-01 -1.670983e+00 
-5.270841e-01 -1.774180e+00 
-3.651417e-01 -1.276066e+00 
-1.092038e-01 -6.862510e-01 
9.539923e-03 -1.472582e-01 
3.946316e-02 2.420159e-01 
1.755905e-03 2.529767e-01 
-1.226550e-02 1.697288e-01 
-1.410437e-02 8.008382e-02 
-7.660307e-03 -1.196591e-02 
1.187342e-02 -8.504529e-02 
1.694388e-02 -1.046129e-01 
1.283138e-02 -7.726337e-02 
5.936134e-04 -4.084958e-03 
-1.665231e-02 1.044323e-01 
-1.957195e-02 1.405581e-01 
-1.336773e-02 1.173716e-01 
3.724204e-04 3.896878e-02 
1.440178e-02 -9.529244e-02 
1.580484e-02 -1.449833e-01 
1.070686e-02 -1.160331e-01 
8.034846e-04 -1.338254e-02 
-1.028434e-02 1.598844e-01 
-8.863319e-03 1.593574e-01 
9.701310e-04 4.156496e-03 
1.646274e-02 -2.991455e-01 
8.262595e-01 4.048335e-01 
-9.781190e-02 -3.137613e-01 
-3.335222e-01 -8.833917e-01 
-2.483706e-01 -8.843559e-01 
-8.942807e-02 -6.525766e-01 
7.825520e-03 -3.249466e-01 
5.544053e-02 4.122862e-02 
5.235837e-03 2.266180e-01 
-1.765685e-02 2.712944e-01 
-2.596214e-02 2.346563e-01 
-2.145808e-02 1.205433e-01 
5.009466e-03 -4.085719e-02 
2.023438e-02 -1.272333e-01 
2.372153e-02 -1.432782e-01 
1.237950e-02 -7.519005e-02 
-1.322357e-02 7.298926e-02 
-2.080792e-02 1.391452e-01 
-1.806682e-02 1.416069e-01 
-6.056540e-03 7.944163e-02 
8.249680e-03 -5.047924e-02 
1.271376e-02 -1.141404e-01 
1.064510e-02 -1.106290e-01 
2.830554e-03 -3.651127e-02 
-7.800243e-03 9.894739e-02 
-9.095797e-03 1.140498e-01 
-1.785064e-03 2.097895e-02 
1.542699e-02 -1.926628e-01 
