poroelastic
3.746088e-02 -8.757313e-02 
2.963477e-02 -1.539606e-01 
-5.135214e-03 -2.078791e-01 
-6.405101e-02 -2.462179e-01 
-3.969828e-02 -2.226753e-01 
-2.598363e-02 -1.631778e-01 
-1.901397e-02 -1.001136e-01 
-7.140444e-03 -4.222784e-02 
-5.847500e-03 2.121303e-02 
-9.986153e-03 6.237413e-02 
-9.702846e-03 5.509100e-02 
7.238466e-03 -2.023056e-02 
7.779390e-03 -6.310513e-02 
7.268148e-03 -7.475963e-02 
5.422712e-03 -5.292648e-02 
1.177299e-03 -4.634089e-03 
3.637718e-04 2.128045e-02 
5.351700e-04 2.853974e-02 
1.119310e-03 1.432777e-02 
4.976560e-04 -1.580922e-02 
3.693130e-04 -2.856855e-02 
3.422629e-04 -2.694525e-02 
4.645213e-04 -8.146615e-03 
5.219420e-04 1.221078e-02 
3.611615e-04 -5.648630e-03 
1.086558e-04 -5.410279e-02 
-8.188298e-04 -1.429306e-01 
-6.284167e-01 -5.332231e-01 
-5.814078e-02 -6.429916e-01 
-4.830335e-02 -5.178940e-01 
-6.745381e-02 -3.309713e-01 
-3.132699e-02 -1.936099e-01 
-1.690018e-02 -8.746294e-02 
-1.470287e-02 -2.553371e-02 
-7.313713e-03 -1.605689e-02 
-5.395812e-03 1.209176e-02 
-7.694883e-03 3.403294e-02 
-7.512934e-03 2.981982e-02 
5.718056e-03 -2.084794e-02 
6.109571e-03 -5.203708e-02 
5.682946e-03 -5.870812e-02 
4.431617e-03 -3.530720e-02 
9.154289e-04 1.462968e-02 
1.790168e-04 3.771757e-02 
5.839953e-04 3.735448e-02 
1.470849e-03 1.101633e-02 
7.404747e-04 -3.289633e-02 
5.408810e-04 -4.781741e-02 
4.269830e-04 -3.804060e-02 
3.724513e-04 -2.784565e-04 
2.920967e-04 4.200212e-02 
2.811432e-04 1.793557e-02 
2.341360e-04 -5.823412e-02 
-3.229183e-04 -1.968755e-01 
-1.700063e-02 8.814045e-01 
1.090137e-01 5.904740e-01 
1.936669e-02 1.516230e-01 
-7.593670e-02 -2.455920e-01 
-6.015240e-02 -4.284633e-01 
-3.733763e-02 -4.476684e-01 
-9.068993e-03 -3.010900e-01 
1.051806e-03 -2.755773e-02 
-6.565727e-03 1.456249e-01 
-1.577288e-02 2.236630e-01 
-1.762184e-02 1.815745e-01 
5.898132e-03 1.074284e-02 
1.021039e-02 -9.276123e-02 
1.047829e-02 -1.368477e-01 
7.462952e-03 -1.144708e-01 
1.654290e-03 -2.513236e-02 
1.174964e-04 3.150655e-02 
1.185640e-04 6.011493e-02 
9.200710e-04 5.798608e-02 
2.398065e-04 2.302649e-02 
2.192449e-04 -5.635787e-03 
3.134347e-04 -2.748387e-02 
3.514000e-04 -3.995330e-02 
1.810873e-04 -4.325206e-02 
1.741094e-04 -5.167213e-02 
2.109918e-04 -6.659912e-02 
2.963612e-04 -9.819900e-02 
3.280023e-01 2.112345e-01 
2.251411e-02 -4.382793e-02 
-5.287481e-02 -3.020403e-01 
-9.219159e-02 -4.307949e-01 
-5.278074e-02 -4.179295e-01 
-2.758098e-02 -3.201321e-01 
-9.451660e-03 -1.590789e-01 
-2.621083e-03 8.441705e-03 
-6.920812e-03 1.131834e-01 
-1.298283e-02 1.577345e-01 
-1.232460e-02 1.164063e-01 
6.365108e-03 -1.322194e-02 
8.797231e-03 -8.796319e-02 
8.853119e-03 -1.153196e-01 
6.435497e-03 -8.466753e-02 
1.473815e-03 -2.455256e-03 
1.699726e-04 4.278014e-02 
5.016166e-04 5.880456e-02 
1.500080e-03 4.209133e-02 
4.222121e-04 -2.067871e-03 
3.890571e-04 -2.760305e-02 
4.302045e-04 -3.765876e-02 
2.688084e-04 -2.843383e-02 
-1.108934e-04 -1.256600e-02 
3.810561e-05 -2.913099e-02 
3.411075e-04 -7.235973e-02 
1.024322e-03 -1.543662e-01 
-2.181816e-01 -4.848918e-01 
-8.077234e-02 -7.022670e-01 
-1.126368e-01 -7.257302e-01 
-1.001151e-01 -5.469025e-01 
-3.845531e-02 -3.199410e-01 
-1.358681e-02 -1.070819e-01 
-1.004006e-02 3.355785e-02 
-5.620991e-03 3.831020e-02 
-5.358435e-03 4.281856e-02 
-6.901865e-03 4.290161e-02 
-4.923301e-03 2.381071e-02 
5.825629e-03 -2.379068e-02 
5.854930e-03 -4.984361e-02 
5.461262e-03 -5.332324e-02 
4.351888e-03 -2.824512e-02 
1.130896e-03 1.941473e-02 
4.430472e-04 3.985669e-02 
1.019369e-03 3.793802e-02 
1.894718e-03 1.162802e-02 
4.986135e-04 -2.934835e-02 
3.834387e-04 -4.384748e-02 
3.161250e-04 -3.618628e-02 
4.312494e-05 -2.818414e-03 
-4.908485e-04 3.230855e-02 
-2.985838e-04 6.175566e-03 
2.586839e-04 -6.814494e-02 
1.624143e-03 -2.015515e-01 
-1.366363e+00 -9.363363e-01 
-3.799247e-01 -1.465043e+00 
-2.073418e-01 -1.293152e+00 
-8.982196e-02 -7.075670e-01 
-1.158964e-02 -2.060475e-01 
8.208288e-03 1.549264e-01 
-6.830553e-03 3.080220e-01 
-1.034492e-02 1.523250e-01 
-5.597275e-03 2.860751e-02 
-1.916391e-03 -5.176818e-02 
2.216318e-03 -8.716260e-02 
6.785533e-03 -6.960080e-02 
4.191838e-03 -4.590151e-02 
2.371013e-03 -1.570435e-02 
1.536944e-03 2.100129e-02 
3.632684e-04 5.265047e-02 
2.997804e-04 5.576033e-02 
1.379085e-03 3.551409e-02 
2.688114e-03 -1.020370e-02 
9.168895e-04 -6.873087e-02 
6.784737e-04 -8.088953e-02 
4.463940e-04 -5.462771e-02 
-1.530354e-04 1.388821e-02 
-1.361079e-03 9.324669e-02 
-1.261714e-03 6.196887e-02 
4.687486e-05 -5.578858e-02 
3.749913e-03 -2.708204e-01 
3.364882e-02 1.018813e+00 
4.876611e-02 3.402539e-01 
-6.207802e-02 -1.794461e-01 
-6.112101e-02 -3.556766e-01 
-2.656846e-02 -3.386957e-01 
-3.922097e-03 -2.240725e-01 
6.723646e-03 -4.120221e-02 
-4.463734e-03 1.067115e-01 
-1.028653e-02 1.721544e-01 
-1.263830e-02 1.761652e-01 
-8.352501e-03 1.098537e-01 
4.674179e-03 -1.301770e-02 
7.363911e-03 -8.401557e-02 
7.522119e-03 -1.097133e-01 
5.162005e-03 -8.078137e-02 
1.058017e-03 -9.784281e-04 
-1.063240e-04 4.317978e-02 
3.244340e-04 5.826235e-02 
1.382632e-03 4.082143e-02 
8.134352e-05 -4.344947e-03 
1.213782e-04 -2.921538e-02 
1.790170e-04 -3.759057e-02 
-2.224400e-04 -2.575140e-02 
-8.323907e-04 -2.794043e-03 
-4.449210e-04 -1.052694e-02 
2.619644e-04 -4.402218e-02 
2.354571e-03 -1.145752e-01 
