poroelastic
-1.629767e-02 1.183226e-01 
2.592266e-03 1.822393e-01 
2.201699e-02 1.755921e-01 
2.347173e-02 1.428297e-01 
1.261492e-02 1.268281e-01 
2.020629e-03 1.036664e-01 
-1.443331e-02 8.615132e-02 
-1.995436e-02 4.298966e-02 
-1.268888e-02 -4.014776e-02 
-5.032101e-03 -1.091191e-01 
6.357448e-03 -1.260151e-01 
8.120273e-03 -4.890842e-02 
8.537730e-05 1.294416e-02 
-2.212478e-03 4.584498e-02 
6.124847e-04 4.077284e-02 
1.999148e-03 -3.523424e-06 
2.356091e-03 -1.964293e-02 
2.530400e-03 -2.632049e-02 
2.183411e-03 -1.505851e-02 
4.708259e-04 1.406103e-02 
2.465886e-04 1.622279e-02 
7.812794e-04 5.207988e-04 
1.905249e-03 -3.113866e-02 
1.491972e-03 -6.638525e-02 
1.583487e-04 -6.354460e-02 
-3.557341e-04 -3.428038e-02 
2.568025e-04 1.837043e-02 
2.160980e-01 3.324512e-01 
3.672249e-02 3.752949e-01 
4.201553e-02 2.632631e-01 
1.410132e-02 1.377246e-01 
2.727147e-03 9.443605e-02 
-5.167291e-03 8.074706e-02 
-2.077732e-02 6.903728e-02 
-2.349364e-02 2.221771e-02 
-1.445845e-02 -4.846268e-02 
-7.844384e-03 -1.076568e-01 
1.959373e-03 -1.254010e-01 
9.452041e-03 -5.967034e-02 
2.505959e-03 -4.799945e-03 
-4.723545e-04 3.062857e-02 
1.102290e-03 3.641137e-02 
2.453113e-03 1.266485e-03 
2.499987e-03 -1.470191e-02 
2.576218e-03 -1.734361e-02 
2.552325e-03 -5.982471e-03 
8.956705e-04 1.576733e-02 
6.355435e-04 1.258000e-02 
1.243233e-03 -6.387294e-03 
2.424599e-03 -4.008379e-02 
1.947602e-03 -7.900788e-02 
6.422619e-04 -7.619068e-02 
-8.673786e-06 -4.590051e-02 
2.267505e-05 4.209469e-03 
-4.819097e-02 -2.773141e-01 
-3.077247e-02 -6.308126e-02 
1.677587e-02 1.398156e-01 
4.480513e-02 2.604029e-01 
3.022267e-02 3.090528e-01 
6.332339e-03 2.790975e-01 
-3.202363e-02 1.569985e-01 
-2.890623e-02 -4.842035e-02 
-8.411053e-03 -1.812538e-01 
5.596702e-03 -2.366940e-01 
1.415411e-02 -1.886875e-01 
3.731643e-03 -2.398936e-02 
-6.644348e-03 7.386104e-02 
-8.442884e-03 1.138593e-01 
-1.914216e-03 8.796081e-02 
4.196158e-03 -7.253642e-03 
5.347126e-03 -5.419825e-02 
5.253271e-03 -6.523988e-02 
3.817999e-03 -3.951285e-02 
6.168023e-04 1.669943e-02 
-9.218031e-05 3.363941e-02 
4.792592e-04 2.345268e-02 
1.967477e-03 -1.561686e-02 
2.012069e-03 -7.627967e-02 
1.124422e-03 -8.714364e-02 
4.627054e-04 -6.488260e-02 
3.585662e-05 -1.374835e-02 
-2.013696e-01 9.935197e-02 
3.039737e-02 3.471850e-01 
7.334262e-02 4.529999e-01 
5.249166e-02 3.858832e-01 
1.577489e-02 2.757325e-01 
-1.334565e-02 1.416310e-01 
-3.810835e-02 1.615184e-03 
-2.085219e-02 -1.002598e-01 
-5.297566e-03 -1.599973e-01 
2.764561e-03 -1.746674e-01 
6.170418e-03 -1.185994e-01 
2.667428e-05 1.057405e-02 
-7.179974e-03 8.404479e-02 
-7.792722e-03 1.075561e-01 
-2.925048e-04 6.380187e-02 
7.398657e-03 -4.175870e-02 
7.950822e-03 -8.510673e-02 
6.752439e-03 -8.387691e-02 
3.781373e-03 -3.463607e-02 
-4.587539e-04 4.618362e-02 
-1.045195e-03 6.735694e-02 
1.556389e-04 4.580439e-02 
2.445373e-03 -2.214669e-02 
2.653155e-03 -1.144409e-01 
1.989305e-03 -1.264829e-01 
1.011949e-03 -8.312818e-02 
-1.400429e-04 1.364335e-02 
1.808371e-01 6.179396e-01 
1.191295e-01 8.866523e-01 
1.478457e-01 8.369309e-01 
5.294938e-02 4.989368e-01 
-9.149808e-03 1.766085e-01 
-3.904485e-02 -8.160104e-02 
-4.078230e-02 -2.156583e-01 
-1.128389e-02 -1.503192e-01 
-3.034206e-03 -9.397935e-02 
-3.634690e-03 -4.715881e-02 
-6.273942e-03 -9.261972e-04 
-2.853127e-03 4.329688e-02 
-4.365972e-03 6.298104e-02 
-2.286175e-03 5.495105e-02 
4.678933e-03 6.466131e-03 
9.949655e-03 -7.306269e-02 
8.756704e-03 -9.643824e-02 
6.342903e-03 -7.788197e-02 
2.765416e-03 -1.350954e-02 
-1.458843e-03 7.653153e-02 
-1.735357e-03 9.471796e-02 
6.956329e-06 5.879177e-02 
2.816887e-03 -3.527794e-02 
3.176870e-03 -1.569620e-01 
2.857322e-03 -1.660427e-01 
1.484961e-03 -9.389125e-02 
-8.734213e-04 5.640505e-02 
1.152649e+00 9.811403e-01 
3.798798e-01 1.555886e+00 
2.396871e-01 1.377394e+00 
4.273236e-02 6.579655e-01 
-3.647153e-02 5.223602e-02 
-5.913330e-02 -3.634618e-01 
-3.602401e-02 -5.150432e-01 
6.781351e-04 -2.701746e-01 
1.671645e-03 -5.872753e-02 
-7.318225e-03 8.714655e-02 
-1.804387e-02 1.542503e-01 
-1.084669e-02 1.105712e-01 
-4.822447e-03 5.861493e-02 
1.281219e-03 1.205608e-03 
8.502916e-03 -6.292426e-02 
1.307622e-02 -1.133180e-01 
9.818210e-03 -1.122502e-01 
5.521751e-03 -7.193383e-02 
6.858931e-04 1.001613e-02 
-3.423344e-03 1.153408e-01 
-3.295384e-03 1.340333e-01 
-7.327018e-04 8.307358e-02 
3.009871e-03 -3.977223e-02 
4.268238e-03 -2.057045e-01 
4.838753e-03 -2.136196e-01 
2.505339e-03 -9.851452e-02 
-3.346082e-03 1.340456e-01 
8.703960e-02 -5.976272e-01 
1.880310e-02 9.601543e-02 
5.665666e-02 4.207065e-01 
6.987859e-04 2.949688e-01 
-2.206109e-02 1.139328e-01 
-3.762515e-02 -6.811142e-02 
-3.622982e-02 -2.063735e-01 
-1.801580e-03 -1.899026e-01 
4.205711e-03 -1.414883e-01 
1.881366e-03 -7.387100e-02 
-3.722512e-03 3.409658e-03 
-5.351157e-03 5.590855e-02 
-7.090377e-03 7.737789e-02 
-5.544556e-03 6.697350e-02 
2.143358e-03 1.267665e-02 
1.147609e-02 -7.274889e-02 
1.048493e-02 -1.045802e-01 
7.952325e-03 -9.350105e-02 
3.916929e-03 -3.616546e-02 
-8.802943e-04 5.005890e-02 
-1.729048e-03 8.088004e-02 
-6.160125e-04 6.465500e-02 
9.924019e-04 -4.327742e-03 
1.385299e-03 -1.057088e-01 
3.261115e-03 -1.304157e-01 
2.967430e-03 -9.496112e-02 
-1.363522e-04 3.895205e-03 
