poroelastic
-8.460060e-02 -2.968593e-02 
-9.230942e-02 1.416019e-02 
-4.695589e-02 1.302485e-01 
9.103742e-02 2.212535e-01 
7.317724e-02 2.501229e-01 
5.972695e-02 2.264692e-01 
5.512560e-02 1.487257e-01 
3.634828e-02 6.738414e-02 
2.146733e-02 5.191774e-02 
1.978701e-02 5.746748e-02 
1.438439e-02 5.670891e-02 
-6.704856e-03 1.700618e-02 
-4.120074e-03 -3.773894e-03 
-4.755852e-03 -5.553079e-03 
-7.913902e-03 1.271988e-02 
-6.009951e-03 4.302882e-02 
-4.814408e-03 5.236960e-02 
-4.196265e-03 4.668915e-02 
-3.710949e-03 2.370399e-02 
-1.600968e-03 -1.124288e-02 
-9.405263e-04 -2.010275e-02 
-1.463705e-03 -1.036222e-02 
-3.228272e-03 1.714429e-02 
-2.786029e-03 5.782271e-02 
-8.079497e-04 7.849406e-02 
3.588664e-04 8.530303e-02 
1.659246e-03 8.433151e-02 
5.124586e-01 1.007388e-01 
-2.223571e-02 2.413833e-01 
-7.181951e-03 3.488521e-01 
1.346028e-01 3.894784e-01 
9.176759e-02 3.509420e-01 
6.403363e-02 2.617800e-01 
5.299020e-02 1.480802e-01 
3.389205e-02 6.559183e-02 
2.001977e-02 4.749473e-02 
1.859052e-02 5.129214e-02 
1.549849e-02 5.085630e-02 
-4.947227e-03 1.282923e-02 
-2.903898e-03 -1.111919e-02 
-3.015730e-03 -1.934224e-02 
-6.303652e-03 -6.634307e-03 
-6.092326e-03 2.953995e-02 
-5.154726e-03 4.541789e-02 
-4.855320e-03 4.509887e-02 
-4.778901e-03 2.779246e-02 
-2.332453e-03 -3.413202e-03 
-1.338329e-03 -1.324692e-02 
-1.725144e-03 -7.488249e-03 
-3.393664e-03 1.227393e-02 
-3.052775e-03 4.743048e-02 
-1.509968e-03 7.939017e-02 
-4.895682e-04 1.101653e-01 
1.331220e-03 1.494147e-01 
-2.013113e-01 -6.057856e-01 
-1.550914e-01 -5.171498e-01 
-7.608290e-02 -2.429149e-01 
8.694437e-02 1.088818e-01 
8.898739e-02 2.947578e-01 
7.930940e-02 3.651610e-01 
6.242188e-02 3.251096e-01 
2.222934e-02 1.933281e-01 
6.394558e-03 1.116106e-01 
4.808257e-03 5.053256e-02 
8.115153e-03 -1.102342e-02 
5.695027e-03 -8.012862e-02 
6.466202e-03 -1.043564e-01 
3.034653e-03 -8.860373e-02 
-5.210840e-03 -2.690100e-02 
-8.742491e-03 7.239293e-02 
-8.073335e-03 1.096097e-01 
-6.417838e-03 9.820207e-02 
-3.488814e-03 3.511670e-02 
5.120274e-04 -6.507603e-02 
1.130336e-03 -9.472394e-02 
-1.955847e-04 -7.046898e-02 
-3.025723e-03 1.092740e-02 
-3.181328e-03 1.314157e-01 
-1.657184e-03 1.605652e-01 
-5.513215e-04 1.223377e-01 
-5.282682e-06 1.889562e-02 
-3.440157e-01 -3.016338e-01 
-1.209889e-01 -2.807923e-01 
-2.660872e-02 -4.571410e-02 
1.404995e-01 2.650337e-01 
1.162000e-01 4.215131e-01 
9.357815e-02 4.599708e-01 
6.339653e-02 3.762302e-01 
1.798798e-02 1.871805e-01 
7.015677e-03 6.681515e-02 
9.902945e-03 -1.106708e-02 
1.481076e-02 -5.745353e-02 
4.516427e-03 -7.601139e-02 
3.645425e-03 -7.558538e-02 
3.948712e-04 -5.363174e-02 
-6.700388e-03 4.349959e-04 
-9.722535e-03 7.645701e-02 
-8.575391e-03 1.021535e-01 
-6.847893e-03 8.688953e-02 
-4.066679e-03 2.514877e-02 
3.425441e-04 -6.588872e-02 
1.028110e-03 -9.043698e-02 
-4.390973e-04 -6.371823e-02 
-3.279166e-03 1.818430e-02 
-3.333608e-03 1.340504e-01 
-2.612206e-03 1.676185e-01 
-1.699932e-03 1.414434e-01 
-5.219476e-04 5.938894e-02 
5.104562e-02 -1.142065e-01 
-6.743916e-02 -5.929497e-02 
1.905518e-02 1.386759e-01 
1.977269e-01 4.046290e-01 
1.444048e-01 5.460106e-01 
1.026796e-01 5.558772e-01 
5.293840e-02 4.133495e-01 
9.276869e-03 1.331033e-01 
7.736579e-03 -4.029262e-02 
1.709690e-02 -1.279543e-01 
2.331351e-02 -1.295369e-01 
1.528059e-03 -5.374392e-02 
-3.331428e-03 -4.296521e-03 
-6.644802e-03 2.740529e-02 
-9.787040e-03 4.787439e-02 
-8.244250e-03 5.591350e-02 
-5.811400e-03 4.950217e-02 
-4.596718e-03 3.047349e-02 
-3.901678e-03 -2.554592e-03 
-7.739865e-04 -3.958094e-02 
-2.405240e-04 -4.419642e-02 
-1.187741e-03 -2.310477e-02 
-2.786915e-03 2.438408e-02 
-2.130131e-03 9.119614e-02 
-2.337306e-03 1.249443e-01 
-2.368609e-03 1.352562e-01 
-2.137924e-03 1.320437e-01 
3.339695e-01 -3.547361e-01 
5.535278e-02 -2.281059e-01 
5.898498e-02 3.695528e-02 
2.087047e-01 4.203148e-01 
1.480669e-01 6.350362e-01 
9.750806e-02 6.736757e-01 
3.551671e-02 5.032055e-01 
4.059402e-04 1.023907e-01 
7.800825e-03 -1.578446e-01 
2.229542e-02 -2.834099e-01 
3.259554e-02 -2.594909e-01 
4.928759e-03 -6.279916e-02 
-7.570415e-03 6.744081e-02 
-1.325264e-02 1.341838e-01 
-1.404071e-02 1.373165e-01 
-8.514212e-03 6.285301e-02 
-3.270630e-03 6.055166e-03 
-1.590061e-03 -3.096135e-02 
-2.590015e-03 -4.901915e-02 
-8.786880e-04 -3.930752e-02 
-8.935479e-04 -1.756007e-02 
-1.899012e-03 1.204807e-02 
-2.754189e-03 4.654562e-02 
-1.278774e-03 7.987742e-02 
-2.259742e-03 1.041087e-01 
-3.121290e-03 1.227886e-01 
-4.402329e-03 1.510630e-01 
-4.630056e-01 2.958785e-02 
-2.288115e-02 -1.329835e-01 
6.926963e-02 -1.611837e-02 
1.301796e-01 2.688473e-01 
8.566133e-02 3.841116e-01 
5.207289e-02 3.885253e-01 
1.561941e-02 2.844637e-01 
-2.448373e-03 8.254148e-02 
3.923576e-03 -5.313373e-02 
1.194023e-02 -1.388017e-01 
1.668313e-02 -1.578986e-01 
6.862831e-03 -8.785481e-02 
1.436555e-03 -2.990221e-02 
-3.045314e-03 1.899940e-02 
-7.877110e-03 5.771645e-02 
-9.408983e-03 7.241370e-02 
-6.554249e-03 6.515457e-02 
-4.504411e-03 3.944387e-02 
-2.721841e-03 -4.622338e-03 
8.554203e-04 -5.217433e-02 
1.291383e-03 -6.189899e-02 
3.574609e-04 -3.966108e-02 
-4.590007e-04 1.665813e-02 
-7.698157e-04 9.350277e-02 
-3.298818e-03 1.212589e-01 
-3.928579e-03 1.113806e-01 
-2.931953e-03 6.813553e-02 
