poroelastic
6.588245e-03 -1.108404e-01 
-4.958948e-03 -1.522919e-01 
-1.261534e-02 -1.182658e-01 
-1.144997e-02 -5.590471e-02 
-3.772852e-03 -1.783144e-02 
-1.195378e-03 9.037353e-03 
-3.002643e-03 2.608861e-03 
-1.919713e-03 -1.545055e-02 
-1.447639e-03 1.038142e-02 
-3.717535e-03 4.005457e-02 
-5.478399e-03 4.623850e-02 
1.906274e-03 -6.762370e-04 
3.196851e-03 -3.253457e-02 
3.104056e-03 -4.346231e-02 
1.834191e-03 -2.949431e-02 
1.468739e-04 4.219377e-03 
-1.861398e-04 2.072969e-02 
-2.993398e-05 2.291768e-02 
4.123351e-04 7.533847e-03 
3.202640e-04 -1.816753e-02 
2.076169e-04 -2.056854e-02 
1.129201e-04 -4.811210e-03 
1.744602e-04 3.196717e-02 
4.884150e-04 6.512308e-02 
5.452135e-04 3.699960e-02 
2.008969e-04 -3.485208e-02 
-1.242322e-03 -1.556585e-01 
-1.657261e-01 -2.760607e-01 
-4.060026e-02 -3.277375e-01 
-2.961588e-02 -1.949866e-01 
4.215118e-03 -1.400487e-02 
1.047221e-02 5.986787e-02 
8.499926e-03 7.779818e-02 
2.779944e-03 4.684272e-02 
-2.324516e-05 -5.773304e-03 
2.107393e-04 -5.431985e-03 
-4.384606e-04 1.241226e-02 
-1.914218e-03 2.662497e-02 
-1.452300e-04 7.604640e-03 
8.751373e-04 -1.088972e-02 
1.055238e-03 -1.935434e-02 
4.504433e-04 -1.229847e-02 
-2.726142e-04 1.094420e-02 
-3.681993e-04 2.072584e-02 
-1.608962e-04 1.846871e-02 
2.224105e-04 2.515699e-03 
2.499961e-04 -2.012340e-02 
1.480311e-04 -1.840768e-02 
-9.155081e-08 3.143578e-03 
-7.127414e-05 4.656411e-02 
9.277655e-05 8.646637e-02 
2.511007e-04 5.359600e-02 
2.155054e-04 -3.096935e-02 
-4.285819e-04 -1.686303e-01 
1.855072e-01 2.202371e-01 
4.022622e-02 6.149069e-02 
-1.330767e-02 -1.049927e-01 
-4.140281e-02 -1.833614e-01 
-2.873595e-02 -2.196298e-01 
-1.461949e-02 -1.949620e-01 
1.358377e-03 -9.883291e-02 
2.105717e-03 5.387679e-02 
-4.602850e-03 1.531914e-01 
-1.181402e-02 1.881187e-01 
-1.348776e-02 1.321827e-01 
5.558829e-03 -2.012786e-02 
9.052708e-03 -1.097473e-01 
8.474669e-03 -1.413297e-01 
4.549187e-03 -1.047758e-01 
1.856461e-04 -3.555050e-03 
-8.582600e-04 5.292870e-02 
-6.593787e-04 7.263190e-02 
3.454698e-04 5.023044e-02 
3.350781e-04 -7.894519e-03 
3.149005e-04 -3.032443e-02 
2.477092e-04 -2.489833e-02 
8.685788e-05 1.453889e-02 
-1.634108e-04 6.496889e-02 
-8.137828e-05 3.664417e-02 
1.699491e-04 -4.715885e-02 
5.646022e-04 -1.959848e-01 
2.093693e-01 -1.202942e-01 
-2.204844e-02 -2.932388e-01 
-5.551154e-02 -3.557379e-01 
-4.402374e-02 -2.661564e-01 
-1.721920e-02 -1.722472e-01 
-1.997247e-03 -7.066817e-02 
4.426633e-03 2.308937e-02 
-2.037249e-04 7.845061e-02 
-4.373169e-03 1.152275e-01 
-8.459529e-03 1.214821e-01 
-8.089854e-03 7.374925e-02 
4.653757e-03 -3.006133e-02 
6.698063e-03 -9.073786e-02 
6.179693e-03 -1.087932e-01 
3.082604e-03 -7.075487e-02 
-2.942855e-04 1.529546e-02 
-1.017974e-03 5.768196e-02 
-5.795870e-04 6.573756e-02 
5.244803e-04 3.357964e-02 
4.574753e-04 -2.537832e-02 
4.250860e-04 -4.168674e-02 
2.630104e-04 -2.530183e-02 
-9.889234e-05 3.074134e-02 
-6.164901e-04 9.061079e-02 
-4.695767e-04 5.591395e-02 
1.653978e-04 -4.522986e-02 
1.575779e-03 -2.231824e-01 
-1.375331e-01 -4.255131e-01 
-8.504698e-02 -6.014360e-01 
-8.708905e-02 -5.396966e-01 
-3.259401e-02 -2.767705e-01 
3.643539e-03 -5.181620e-02 
1.457923e-02 1.135116e-01 
5.754295e-03 1.696577e-01 
-2.585984e-03 7.858796e-02 
-2.312951e-03 2.700409e-02 
-1.751196e-03 1.081087e-03 
-6.056661e-04 -1.005106e-02 
2.130295e-03 -1.808934e-02 
2.080745e-03 -2.671826e-02 
1.721359e-03 -2.741448e-02 
7.753593e-04 -1.197337e-02 
-2.919905e-04 1.835579e-02 
-3.946257e-04 2.974079e-02 
-2.232143e-05 2.550408e-02 
5.216233e-04 3.254213e-03 
3.107913e-04 -2.685891e-02 
2.260995e-04 -2.681871e-02 
4.891887e-05 -2.990924e-03 
-2.736513e-04 4.861813e-02 
-8.256228e-04 9.644585e-02 
-6.805832e-04 5.807558e-02 
9.823699e-05 -4.072743e-02 
1.939200e-03 -2.046052e-01 
-8.110336e-01 -7.748431e-01 
-2.812731e-01 -1.155297e+00 
-1.531344e-01 -9.516497e-01 
-1.852445e-02 -3.690613e-01 
3.000707e-02 7.633660e-02 
3.498408e-02 3.563948e-01 
8.101330e-03 4.091983e-01 
-6.332340e-03 1.539864e-01 
-1.480159e-03 -2.508705e-02 
4.021449e-03 -1.236846e-01 
7.525990e-03 -1.356371e-01 
2.666685e-03 -5.141202e-02 
-8.086292e-04 6.099043e-03 
-2.429241e-03 4.272671e-02 
-2.448444e-03 5.913416e-02 
-1.163729e-03 4.719027e-02 
-2.801922e-04 2.749637e-02 
4.741331e-04 2.736767e-03 
9.403777e-04 -2.824556e-02 
5.741525e-04 -5.471530e-02 
3.988830e-04 -4.499249e-02 
4.027981e-05 -6.370917e-03 
-5.415721e-04 6.333359e-02 
-1.678823e-03 1.337242e-01 
-1.709145e-03 9.405492e-02 
-1.949039e-04 -2.601708e-02 
3.809353e-03 -2.273183e-01 
1.538938e-02 5.932755e-01 
8.735049e-03 6.072834e-02 
-5.149103e-02 -2.549397e-01 
-2.656677e-02 -2.348273e-01 
-3.831638e-03 -1.544912e-01 
1.007686e-02 -4.191730e-02 
1.133795e-02 8.268883e-02 
-4.847955e-03 1.388163e-01 
-7.823385e-03 1.470518e-01 
-7.773628e-03 1.181252e-01 
-3.768920e-03 4.945774e-02 
4.190232e-03 -4.057118e-02 
5.777414e-03 -8.936904e-02 
5.098988e-03 -9.880098e-02 
2.029679e-03 -5.856820e-02 
-9.918631e-04 2.328669e-02 
-1.418918e-03 6.341465e-02 
-7.526712e-04 6.977887e-02 
4.493567e-04 3.689745e-02 
1.717411e-04 -2.495382e-02 
3.110745e-04 -4.660118e-02 
2.631894e-04 -3.654814e-02 
-2.042121e-04 1.084287e-02 
-1.402705e-03 7.083445e-02 
-1.591922e-03 5.507830e-02 
-3.634907e-04 -1.655413e-02 
3.832643e-03 -1.544488e-01 
