poroelastic
-1.869252e-02 2.687227e-01 
7.679454e-04 4.467973e-01 
2.958707e-02 5.234691e-01 
3.814792e-02 4.289026e-01 
2.528843e-02 3.870679e-01 
1.356363e-02 3.356361e-01 
-6.844593e-03 2.049639e-01 
-1.333752e-02 1.486698e-02 
-1.040827e-02 -8.135438e-02 
-9.673552e-03 -1.374117e-01 
-5.222335e-03 -1.467018e-01 
3.730307e-03 -9.221241e-02 
2.140521e-03 -4.593198e-02 
1.968946e-03 -4.126981e-03 
1.973435e-03 3.563582e-02 
-3.332825e-04 7.478431e-02 
-3.316774e-04 1.042761e-01 
-6.215156e-04 1.166391e-01 
-7.405068e-04 1.244915e-01 
3.364137e-04 1.074636e-01 
3.193503e-04 1.509680e-02 
3.109008e-04 -1.210655e-01 
6.080914e-04 -3.119381e-01 
-7.096758e-04 -4.514497e-01 
-1.856969e-03 -3.403947e-01 
-1.024978e-03 -7.555831e-02 
2.412090e-03 3.078603e-01 
-1.407756e-03 -5.524606e-01 
-2.856749e-02 -3.671060e-01 
-2.182174e-02 -5.762402e-02 
3.117997e-02 2.106810e-01 
3.351020e-02 3.728387e-01 
2.977251e-02 4.499218e-01 
1.426653e-02 3.775032e-01 
-1.289810e-03 1.294740e-01 
-3.917425e-03 -1.540227e-02 
-3.952048e-03 -1.128685e-01 
-6.346006e-04 -1.837012e-01 
1.890339e-03 -1.941445e-01 
4.530594e-04 -1.484395e-01 
-7.242100e-04 -7.100902e-02 
-1.014253e-03 5.114315e-02 
3.612703e-04 1.994349e-01 
8.710636e-05 2.476728e-01 
-2.586293e-04 2.183470e-01 
-3.423892e-04 1.217804e-01 
3.399560e-04 -2.620208e-02 
2.369192e-04 -1.405173e-01 
7.537665e-05 -2.090129e-01 
-2.520044e-04 -2.389651e-01 
-7.298248e-04 -2.076831e-01 
-5.720264e-04 -8.137685e-02 
5.910008e-05 9.233865e-02 
1.417198e-03 2.985563e-01 
-8.408217e-01 8.590266e-01 
-4.067018e-03 7.564986e-01 
3.381907e-02 4.197113e-01 
7.037533e-03 8.561852e-02 
-6.409627e-03 -1.224030e-01 
-5.088833e-03 -1.824701e-01 
4.937594e-03 -6.654319e-02 
4.692834e-03 1.446913e-01 
1.657866e-03 2.726429e-01 
-2.190278e-03 3.041168e-01 
-4.426426e-03 1.707313e-01 
2.966693e-03 -9.643293e-02 
2.478101e-03 -2.053453e-01 
1.137718e-03 -2.316428e-01 
-4.372243e-04 -1.420398e-01 
2.420115e-04 8.288301e-02 
4.299262e-04 1.716035e-01 
3.467674e-04 1.891651e-01 
5.289869e-05 1.523933e-01 
-5.505815e-05 4.507581e-02 
-1.114575e-04 -3.354046e-02 
-1.625624e-04 -8.495669e-02 
-1.926633e-04 -1.300749e-01 
-1.024284e-04 -1.603047e-01 
-2.586120e-05 -1.259618e-01 
1.581214e-05 -5.038463e-02 
-1.192273e-05 9.486404e-02 
-2.684475e-01 8.599561e-01 
6.728560e-02 9.035409e-01 
5.893659e-02 7.487701e-01 
1.350942e-02 4.466549e-01 
-3.547371e-03 2.514671e-01 
-1.795316e-02 1.072142e-01 
-2.958572e-02 -6.346383e-04 
-1.174033e-02 -5.962859e-02 
-7.463193e-03 -8.946820e-02 
-7.490187e-03 -1.005375e-01 
-6.029673e-03 -8.737924e-02 
2.962983e-03 -4.659895e-02 
2.120583e-03 -1.176859e-02 
2.347743e-03 -7.508800e-03 
2.768085e-03 -4.088963e-02 
4.503351e-04 -6.969998e-02 
2.244161e-04 -5.880186e-02 
2.611622e-04 -1.786875e-02 
2.500468e-04 8.849199e-02 
-2.259972e-05 2.012538e-01 
-7.530531e-05 1.507631e-01 
-2.177949e-04 -1.902376e-04 
-9.170685e-04 -2.778903e-01 
-5.253504e-04 -5.544565e-01 
6.321606e-04 -5.033344e-01 
7.384208e-04 -2.561661e-01 
-5.629804e-04 1.771614e-01 
1.287433e-01 5.727207e-01 
8.607058e-02 9.921093e-01 
9.035783e-02 1.054233e+00 
1.943853e-02 7.421425e-01 
-7.111869e-03 5.261770e-01 
-3.780881e-02 2.973002e-01 
-6.023656e-02 8.559082e-03 
-1.420369e-02 -2.399814e-01 
-7.401494e-03 -3.632628e-01 
-5.798251e-03 -3.856485e-01 
-3.094850e-03 -2.517848e-01 
3.579176e-03 6.180437e-03 
2.377931e-03 1.202485e-01 
3.328031e-03 1.279323e-01 
4.319221e-03 1.576275e-03 
6.629486e-04 -1.985094e-01 
1.619946e-04 -2.413619e-01 
1.422000e-04 -1.826984e-01 
4.512355e-04 1.406653e-02 
3.635089e-04 2.606479e-01 
3.231209e-04 2.548404e-01 
-9.984322e-06 8.135541e-02 
-1.595545e-03 -2.842795e-01 
-1.834371e-03 -6.697934e-01 
2.127253e-04 -6.353125e-01 
8.050262e-04 -3.448688e-01 
-4.740471e-04 1.571788e-01 
-3.080631e-01 -4.420153e-01 
-5.118611e-02 -3.523526e-01 
-7.724378e-03 -7.722711e-02 
1.020544e-02 1.892956e-01 
1.065383e-02 3.384349e-01 
-1.187077e-03 3.858706e-01 
-1.953972e-02 2.925606e-01 
-3.508706e-03 4.221827e-02 
-1.446789e-03 -1.080936e-01 
-1.188384e-03 -1.678274e-01 
-9.217161e-04 -1.488015e-01 
3.485735e-05 -5.791083e-02 
-3.964183e-05 7.677234e-03 
-6.641670e-05 2.738827e-02 
3.141363e-04 -4.217818e-03 
1.179874e-03 -5.714457e-02 
8.294532e-04 -7.760886e-02 
7.318290e-04 -6.783407e-02 
8.125859e-04 -4.349610e-04 
1.174672e-04 1.012825e-01 
5.993213e-05 1.049419e-01 
-2.252185e-05 4.997485e-02 
-9.636975e-04 -7.103087e-02 
-1.503067e-03 -2.343444e-01 
2.499545e-05 -2.642675e-01 
6.288405e-04 -2.108538e-01 
7.123715e-04 -1.179928e-01 
-2.533827e-01 7.796487e-01 
4.633865e-02 4.624426e-01 
3.526513e-03 1.530330e-01 
-1.538553e-02 -3.694026e-02 
-1.323479e-02 -1.505655e-01 
-7.799678e-03 -1.686937e-01 
-1.804570e-03 -7.174966e-02 
-8.315093e-04 7.180486e-02 
-1.260877e-03 1.542872e-01 
-2.791295e-04 1.720449e-01 
1.630315e-03 8.560161e-02 
4.185150e-04 -7.459087e-02 
4.396536e-04 -1.452265e-01 
4.448657e-04 -1.660108e-01 
2.839155e-04 -1.156290e-01 
6.821784e-05 9.435105e-03 
1.655933e-04 6.006269e-02 
3.753517e-04 6.884199e-02 
4.010161e-04 3.869707e-02 
-3.187742e-04 -2.631159e-02 
-2.935054e-04 -5.222146e-02 
-2.021723e-04 -4.736870e-02 
-2.258730e-04 -9.034381e-03 
-5.024566e-04 3.563347e-02 
-5.083511e-04 2.184268e-02 
-1.700262e-04 -2.434768e-02 
1.259214e-03 -1.119519e-01 
