poroelastic
2.014464e-02 -1.015539e-01 
1.331268e-02 -1.557774e-01 
-4.796959e-03 -1.664373e-01 
-3.232436e-02 -1.405202e-01 
-1.953278e-02 -1.036404e-01 
-1.429709e-02 -5.872701e-02 
-1.440486e-02 -2.625238e-02 
-6.714798e-03 -1.313598e-02 
-4.599253e-03 8.957692e-03 
-5.899578e-03 2.493170e-02 
-4.795519e-03 2.221292e-02 
4.449544e-03 -1.094105e-02 
3.837851e-03 -3.363067e-02 
3.843542e-03 -4.280490e-02 
3.450413e-03 -3.598477e-02 
4.275023e-04 -1.572144e-02 
2.122032e-04 -2.177166e-03 
2.436003e-04 4.695155e-03 
2.630263e-04 2.783891e-03 
-1.780722e-05 -4.912228e-03 
-2.626638e-05 -4.594780e-03 
-3.414767e-06 4.076870e-03 
1.433759e-04 2.483811e-02 
3.779972e-04 3.193325e-02 
1.766905e-04 -1.663494e-02 
-1.911706e-04 -1.067702e-01 
-1.018342e-03 -2.446826e-01 
-3.910457e-01 -3.554110e-01 
-3.484471e-02 -4.092350e-01 
-2.121918e-02 -2.868135e-01 
-2.574622e-02 -1.226237e-01 
-1.071171e-02 -2.465535e-02 
-8.175102e-03 2.922350e-02 
-1.351018e-02 3.137114e-02 
-7.466173e-03 -1.299094e-02 
-4.552934e-03 -2.461506e-02 
-4.686888e-03 -2.068154e-02 
-3.770020e-03 -8.387577e-03 
3.107938e-03 -7.424705e-04 
2.524190e-03 -2.341187e-03 
2.849045e-03 -6.397019e-03 
3.306990e-03 -1.381781e-02 
7.024961e-04 -2.101057e-02 
3.678444e-04 -2.120281e-02 
3.610705e-04 -1.928773e-02 
3.740802e-04 -1.368629e-02 
3.521413e-05 -1.254608e-03 
1.208344e-05 9.979532e-03 
3.016847e-05 2.427047e-02 
8.116174e-05 4.563313e-02 
1.211878e-04 4.599043e-02 
3.774115e-05 -1.806376e-02 
-1.107112e-04 -1.281520e-01 
-4.130697e-04 -2.964633e-01 
1.282711e-01 6.149813e-01 
8.204394e-02 4.115149e-01 
7.270754e-03 9.394012e-02 
-5.262290e-02 -1.851285e-01 
-4.241148e-02 -3.179170e-01 
-3.045678e-02 -3.324331e-01 
-1.587294e-02 -2.144800e-01 
-3.658903e-03 8.627971e-03 
-4.960002e-03 1.396099e-01 
-8.949163e-03 1.905329e-01 
-8.831285e-03 1.456646e-01 
6.414109e-03 5.603445e-03 
6.772587e-03 -8.263066e-02 
6.549659e-03 -1.243326e-01 
5.448839e-03 -1.149846e-01 
9.187348e-04 -5.401369e-02 
3.822449e-04 -7.057677e-03 
4.677492e-04 2.541155e-02 
5.070485e-04 4.085004e-02 
-1.312762e-04 3.535895e-02 
-1.539413e-04 2.434246e-02 
-2.250905e-04 1.231922e-02 
-5.252783e-04 5.735452e-03 
-6.034611e-04 -1.129408e-02 
-3.209629e-04 -6.961120e-02 
-2.645262e-05 -1.566671e-01 
7.431266e-04 -2.959463e-01 
2.777217e-01 7.224417e-02 
4.924427e-03 -1.079409e-01 
-4.007673e-02 -2.616685e-01 
-5.385764e-02 -2.952428e-01 
-3.171098e-02 -2.683872e-01 
-1.940435e-02 -1.937975e-01 
-1.158605e-02 -7.731789e-02 
-3.651584e-03 3.758846e-02 
-4.173721e-03 1.029366e-01 
-6.567049e-03 1.248250e-01 
-5.417677e-03 8.510494e-02 
4.917614e-03 -1.375414e-02 
4.783748e-03 -7.174344e-02 
4.682418e-03 -9.604848e-02 
3.962457e-03 -8.001671e-02 
8.837178e-04 -2.751449e-02 
4.587797e-04 6.703740e-03 
5.428619e-04 2.539340e-02 
5.868944e-04 2.572158e-02 
-8.774796e-05 1.069182e-02 
-9.594658e-05 4.809035e-03 
-1.134844e-04 8.036991e-03 
-5.023072e-04 2.677919e-02 
-8.884263e-04 2.939416e-02 
-5.215187e-04 -3.715317e-02 
4.151659e-05 -1.520781e-01 
1.578835e-03 -3.305650e-01 
-1.528195e-01 -3.485594e-01 
-5.254376e-02 -4.916274e-01 
-6.279319e-02 -4.749646e-01 
-5.100525e-02 -3.145910e-01 
-2.023740e-02 -1.584428e-01 
-9.858082e-03 -2.483148e-02 
-1.051592e-02 4.992451e-02 
-3.498808e-03 2.743838e-02 
-2.459702e-03 1.908880e-02 
-2.928658e-03 1.781730e-02 
-1.701585e-03 1.520614e-02 
3.260343e-03 3.934087e-03 
2.735208e-03 -7.023758e-03 
3.114449e-03 -1.619060e-02 
3.375954e-03 -2.116870e-02 
8.148625e-04 -1.867601e-02 
4.620055e-04 -1.495675e-02 
4.833832e-04 -9.828159e-03 
4.454445e-04 -3.479168e-03 
-1.715456e-04 4.678388e-03 
-1.320599e-04 1.509687e-02 
-1.559123e-04 2.900478e-02 
-5.404883e-04 4.942443e-02 
-9.398358e-04 4.534702e-02 
-5.674469e-04 -2.687984e-02 
4.813327e-05 -1.465218e-01 
1.649407e-03 -3.198854e-01 
-8.610353e-01 -6.906797e-01 
-2.108406e-01 -9.611328e-01 
-1.007746e-01 -7.681642e-01 
-3.524250e-02 -3.365291e-01 
-6.055865e-04 -1.015984e-02 
4.075110e-03 1.959443e-01 
-8.462182e-03 2.392423e-01 
-4.177196e-03 7.612998e-02 
-1.071773e-03 -3.358283e-02 
3.641898e-04 -8.863962e-02 
1.355141e-03 -8.274926e-02 
1.874667e-03 -1.598345e-02 
7.296290e-04 2.330164e-02 
8.453073e-04 4.082000e-02 
1.822350e-03 3.258897e-02 
1.065798e-03 -2.307808e-03 
7.494932e-04 -2.330981e-02 
7.309477e-04 -3.463165e-02 
6.358577e-04 -3.465093e-02 
-1.631610e-04 -1.804960e-02 
-1.390807e-04 1.962844e-03 
-1.638624e-04 2.703911e-02 
-6.350761e-04 6.080803e-02 
-1.411126e-03 7.310691e-02 
-9.308037e-04 4.770935e-03 
1.389603e-04 -1.205405e-01 
2.975631e-03 -3.167633e-01 
1.493475e-02 7.915167e-01 
3.945726e-02 3.164654e-01 
-3.749590e-02 -6.336030e-02 
-4.128093e-02 -2.104776e-01 
-2.222011e-02 -2.316239e-01 
-1.041064e-02 -1.786440e-01 
-3.679092e-03 -5.777216e-02 
-2.548756e-03 7.260206e-02 
-4.254850e-03 1.326313e-01 
-4.336257e-03 1.411495e-01 
-9.501309e-04 9.254381e-02 
3.609091e-03 -2.937734e-03 
3.635096e-03 -6.066839e-02 
3.619398e-03 -8.537828e-02 
3.129207e-03 -7.231917e-02 
1.014396e-03 -2.575376e-02 
5.875729e-04 4.722692e-03 
7.115599e-04 2.154358e-02 
7.126104e-04 2.127946e-02 
-4.837745e-04 4.774123e-03 
-4.071830e-04 -3.063811e-03 
-4.375913e-04 -2.927909e-03 
-1.162681e-03 1.041300e-02 
-1.803583e-03 1.681606e-02 
-9.657298e-04 -2.640216e-02 
2.570651e-04 -1.057523e-01 
3.563629e-03 -2.416764e-01 
