poroelastic
1.496368e-02 -4.703607e-02 
1.231365e-02 -9.852218e-02 
-1.852731e-03 -1.534238e-01 
-2.115602e-02 -1.823189e-01 
-1.072731e-02 -1.736305e-01 
-4.392270e-03 -1.405180e-01 
3.975882e-04 -8.034987e-02 
6.244664e-04 -1.288460e-02 
-9.543010e-04 2.746986e-02 
-2.449158e-03 5.018709e-02 
-2.820417e-03 5.307374e-02 
-1.571970e-04 3.651338e-02 
7.379919e-04 1.879007e-02 
1.703520e-03 -1.556537e-03 
2.049593e-03 -2.395430e-02 
4.517252e-04 -4.187645e-02 
2.448554e-04 -4.696392e-02 
1.187491e-04 -4.007408e-02 
9.272248e-07 -2.117269e-02 
-2.506652e-06 6.268357e-03 
9.428363e-06 2.999084e-02 
2.641255e-05 4.806763e-02 
5.389848e-05 6.051370e-02 
8.097333e-05 5.243232e-02 
4.367027e-05 9.745529e-03 
-3.257259e-05 -5.315701e-02 
-1.782282e-04 -1.339978e-01 
-2.696183e-01 -4.623927e-02 
3.724345e-03 -1.023087e-01 
-1.812368e-03 -1.857667e-01 
-2.666797e-02 -2.533575e-01 
-1.396629e-02 -2.595631e-01 
-5.408230e-03 -2.192744e-01 
1.591326e-03 -1.260337e-01 
9.884585e-04 -6.883941e-03 
-1.831752e-03 6.413071e-02 
-4.264312e-03 1.002756e-01 
-4.737944e-03 9.415837e-02 
1.392010e-04 4.562959e-02 
1.507420e-03 8.325795e-03 
2.490399e-03 -2.310975e-02 
2.629578e-03 -4.739756e-02 
7.668513e-04 -5.769551e-02 
4.102754e-04 -5.617833e-02 
1.984608e-04 -4.290455e-02 
1.386979e-05 -1.850850e-02 
-1.640001e-05 1.247246e-02 
-1.305345e-05 3.863532e-02 
8.834421e-06 5.729989e-02 
4.370151e-05 6.928550e-02 
1.687860e-06 5.941775e-02 
-1.129486e-05 9.064852e-03 
-1.934344e-05 -6.434730e-02 
-1.491794e-05 -1.610449e-01 
1.240524e-01 1.556201e-01 
2.567846e-02 8.183483e-02 
-4.223641e-03 -2.765099e-02 
-1.583490e-02 -1.433134e-01 
-8.057193e-03 -1.868667e-01 
-1.717050e-03 -1.851293e-01 
4.689101e-03 -1.385862e-01 
3.381101e-03 -5.845145e-02 
6.858084e-04 3.378350e-03 
-1.763826e-03 5.494706e-02 
-4.414822e-03 9.192325e-02 
-4.329703e-03 9.817094e-02 
-2.031238e-03 8.248028e-02 
2.963478e-04 4.576222e-02 
2.171847e-03 -1.420643e-02 
8.979806e-04 -8.144090e-02 
4.400464e-04 -1.060799e-01 
2.456505e-05 -9.348574e-02 
-3.007471e-04 -4.086373e-02 
7.113862e-05 3.974928e-02 
9.726455e-05 8.817863e-02 
5.594201e-05 1.075382e-01 
-1.001253e-04 9.518129e-02 
-2.679434e-04 4.525843e-02 
-1.449077e-04 -1.472812e-02 
5.949090e-05 -7.316224e-02 
4.233058e-04 -1.248701e-01 
1.546501e-01 4.433441e-02 
7.095541e-04 -3.721483e-02 
-1.771435e-02 -1.468988e-01 
-2.018045e-02 -2.409536e-01 
-8.291950e-03 -2.611512e-01 
-3.332212e-04 -2.303816e-01 
5.819604e-03 -1.439783e-01 
1.963820e-03 -2.743391e-02 
-1.348657e-03 4.842998e-02 
-3.660151e-03 9.540435e-02 
-4.694192e-03 1.061315e-01 
-2.391862e-03 7.569907e-02 
-5.373843e-04 4.347188e-02 
9.940219e-04 6.099292e-03 
1.917546e-03 -3.741071e-02 
9.942785e-04 -7.439767e-02 
5.287270e-04 -8.275113e-02 
4.654198e-05 -6.578792e-02 
-2.929744e-04 -2.222225e-02 
4.930976e-05 3.587788e-02 
2.825254e-06 7.254521e-02 
-7.528494e-05 8.902557e-02 
-2.758552e-04 8.370796e-02 
-4.522086e-04 4.822969e-02 
-2.193605e-04 -6.366303e-03 
1.591727e-04 -6.617785e-02 
8.543329e-04 -1.291465e-01 
-1.041431e-01 -1.169807e-01 
-1.539208e-02 -2.168289e-01 
-3.018554e-02 -3.154840e-01 
-3.166114e-02 -3.663246e-01 
-1.138170e-02 -3.442399e-01 
3.381440e-04 -2.665650e-01 
6.961585e-03 -1.277553e-01 
-2.348286e-04 2.717962e-02 
-4.588383e-03 1.135259e-01 
-6.674830e-03 1.456870e-01 
-5.091603e-03 1.130465e-01 
6.905879e-04 2.872835e-02 
2.193690e-03 -2.389962e-02 
2.656820e-03 -5.462456e-02 
1.982728e-03 -6.061382e-02 
5.693071e-04 -4.352545e-02 
1.907843e-04 -2.929539e-02 
1.003966e-05 -1.500484e-02 
-5.813713e-05 -3.926963e-03 
2.000423e-05 4.488200e-03 
1.684695e-05 2.227555e-02 
-2.521290e-05 4.348434e-02 
-2.125409e-04 7.097885e-02 
-5.119428e-04 8.051807e-02 
-4.080209e-04 3.087293e-02 
1.918735e-05 -5.402160e-02 
1.137338e-03 -1.766883e-01 
-4.445855e-01 -1.754959e-02 
-6.571504e-02 -1.622170e-01 
-3.881506e-02 -2.945468e-01 
-2.933881e-02 -3.870276e-01 
-9.699121e-03 -3.912210e-01 
1.398901e-03 -3.198196e-01 
7.699381e-03 -1.575795e-01 
-1.002855e-03 5.249977e-02 
-6.451879e-03 1.708084e-01 
-8.836237e-03 2.100175e-01 
-6.331511e-03 1.526958e-01 
1.966402e-03 9.803924e-03 
3.983729e-03 -7.529474e-02 
4.152183e-03 -1.140616e-01 
2.564959e-03 -9.894600e-02 
4.888572e-04 -3.303098e-02 
-4.253268e-05 7.026665e-03 
-6.757323e-05 2.790770e-02 
1.457906e-04 2.415110e-02 
-2.203112e-05 -2.248025e-03 
-2.638042e-05 -4.699025e-03 
-3.776555e-05 7.954535e-03 
-1.923083e-04 4.029214e-02 
-6.204606e-04 7.290640e-02 
-5.701552e-04 3.751903e-02 
-4.707748e-05 -4.229212e-02 
1.498419e-03 -1.703252e-01 
1.468987e-01 3.833162e-02 
-6.322721e-03 -5.889196e-02 
-1.910641e-02 -1.346693e-01 
-7.246374e-03 -1.572193e-01 
-2.210099e-04 -1.366067e-01 
3.504909e-03 -9.832062e-02 
5.099027e-03 -4.683218e-02 
-4.956002e-06 1.461429e-03 
-1.888337e-03 3.555981e-02 
-2.973577e-03 5.823835e-02 
-3.130697e-03 6.153088e-02 
-1.635956e-03 4.047210e-02 
-5.363677e-04 2.216886e-02 
1.949658e-04 4.308585e-03 
6.113441e-04 -1.367799e-02 
3.842049e-04 -2.937592e-02 
1.559286e-04 -3.455024e-02 
-1.071505e-04 -2.943110e-02 
-2.807646e-04 -1.430916e-02 
1.056301e-04 7.960714e-03 
1.005438e-04 2.834008e-02 
4.205338e-05 4.489270e-02 
-1.792161e-04 5.692987e-02 
-6.126155e-04 5.237867e-02 
-5.052472e-04 1.804562e-02 
1.571579e-05 -3.372106e-02 
1.281686e-03 -9.868955e-02 
