poroelastic
-2.139191e-02 1.830215e-01 
-1.196773e-02 2.970322e-01 
5.916816e-03 3.299668e-01 
2.166582e-02 2.859953e-01 
1.184192e-02 2.334928e-01 
4.679517e-03 1.572962e-01 
-1.473323e-03 7.294853e-02 
-2.129163e-03 9.202816e-03 
-1.124320e-03 -4.952182e-02 
1.650153e-04 -8.798615e-02 
1.666621e-03 -8.903338e-02 
4.860408e-04 -4.190195e-02 
-3.284201e-04 -3.786266e-03 
-5.107842e-04 2.327682e-02 
-1.649604e-04 3.213098e-02 
7.040169e-05 2.032809e-02 
2.494824e-05 1.472084e-02 
-7.233418e-06 1.158449e-02 
-2.791464e-05 1.575510e-02 
7.930341e-06 1.723853e-02 
-1.478330e-06 -1.021591e-02 
-2.328667e-05 -5.607138e-02 
-1.533636e-04 -1.226838e-01 
-6.421806e-04 -1.596788e-01 
-6.471183e-04 -8.138630e-02 
-9.446205e-05 7.176463e-02 
1.535933e-03 2.895758e-01 
7.022920e-01 7.383023e-01 
2.140903e-02 9.329814e-01 
3.176029e-02 8.227347e-01 
2.615489e-02 4.849776e-01 
7.158317e-03 2.384447e-01 
-2.535227e-03 6.728338e-02 
-8.046801e-03 -3.141411e-02 
-4.685241e-03 -5.697064e-02 
-2.383759e-03 -7.244969e-02 
-1.532446e-03 -8.217559e-02 
-2.053948e-05 -7.952248e-02 
1.647425e-03 -4.856658e-02 
6.930356e-04 -1.617128e-02 
5.225662e-04 3.768226e-03 
6.007225e-04 4.401453e-03 
-4.498034e-05 -2.434012e-03 
-5.191530e-05 2.385560e-03 
-6.170735e-05 9.978461e-03 
-6.611104e-05 3.302403e-02 
5.059723e-05 5.752974e-02 
5.586637e-05 1.532752e-02 
3.245453e-05 -6.763214e-02 
-1.223084e-04 -1.971296e-01 
-6.156217e-04 -2.936740e-01 
-6.655608e-04 -1.815582e-01 
-1.290080e-04 6.578958e-02 
1.449715e-03 4.429775e-01 
-1.057546e-01 -5.975555e-01 
-5.650717e-02 -2.809977e-01 
6.374494e-03 1.074915e-01 
2.802148e-02 3.514259e-01 
1.868300e-02 4.577091e-01 
8.378303e-03 4.416498e-01 
-4.246670e-03 2.689415e-01 
-2.904167e-03 -2.291182e-02 
8.011968e-04 -2.048303e-01 
3.956446e-03 -2.981476e-01 
5.433581e-03 -2.713352e-01 
-4.494573e-04 -1.082871e-01 
-2.098927e-03 1.523981e-02 
-2.436790e-03 1.018132e-01 
-1.432180e-03 1.368190e-01 
2.854008e-04 1.091187e-01 
2.404748e-04 8.375181e-02 
1.236055e-04 4.949772e-02 
3.739708e-06 1.556097e-02 
-4.785167e-05 -1.021864e-02 
-1.304766e-04 -6.389758e-02 
-1.986747e-04 -1.253742e-01 
-1.304727e-04 -2.023563e-01 
2.038257e-04 -2.393036e-01 
3.537535e-04 -1.006635e-01 
2.628015e-04 1.417832e-01 
-5.366602e-04 5.002664e-01 
-2.427307e-01 -1.593525e-01 
-1.005938e-03 1.242255e-01 
2.677164e-02 3.521671e-01 
2.708802e-02 4.352816e-01 
1.372299e-02 4.177592e-01 
3.842759e-03 3.220698e-01 
-3.950065e-03 1.506670e-01 
-9.284813e-04 -3.923696e-02 
9.156266e-04 -1.556834e-01 
2.194746e-03 -2.063140e-01 
2.437220e-03 -1.742884e-01 
-3.526111e-05 -6.542849e-02 
-8.076529e-04 1.396900e-02 
-1.053754e-03 6.755798e-02 
-7.166709e-04 8.824117e-02 
-6.322978e-05 6.963109e-02 
1.614242e-05 4.821228e-02 
3.949904e-05 2.364997e-02 
2.105795e-05 -3.009872e-04 
-4.387365e-05 -2.595093e-02 
-6.535970e-05 -6.095338e-02 
-6.723109e-05 -1.005153e-01 
2.013508e-04 -1.502118e-01 
8.635792e-04 -1.604632e-01 
7.846259e-04 -5.564933e-02 
1.450142e-04 1.225528e-01 
-1.893651e-03 3.785486e-01 
1.665210e-01 4.425266e-01 
3.487483e-02 6.070521e-01 
4.035007e-02 6.084992e-01 
2.690052e-02 4.386405e-01 
7.679307e-03 2.531462e-01 
-4.768304e-04 9.541640e-02 
-2.446253e-03 -1.009738e-02 
3.677520e-04 -4.356134e-02 
6.913378e-04 -5.326292e-02 
7.427217e-04 -5.131247e-02 
7.049891e-04 -4.912765e-02 
2.052838e-04 -4.061984e-02 
-1.339662e-04 -1.995201e-02 
-3.809426e-04 -2.309020e-03 
-4.603547e-04 1.879222e-02 
-4.935930e-05 4.447592e-02 
4.466319e-05 4.589525e-02 
8.276743e-05 3.701211e-02 
7.012344e-05 1.879924e-02 
-6.548598e-05 -1.475560e-02 
-1.045330e-04 -5.097377e-02 
-9.597875e-05 -9.333935e-02 
2.214220e-04 -1.454711e-01 
9.101485e-04 -1.572608e-01 
8.554731e-04 -6.234089e-02 
1.742348e-04 1.110436e-01 
-2.036998e-03 3.639567e-01 
1.265775e+00 9.714457e-01 
1.842037e-01 1.323741e+00 
7.455117e-02 1.122298e+00 
2.449247e-02 5.634057e-01 
1.833563e-03 1.583399e-01 
-3.161612e-03 -1.164387e-01 
1.139277e-03 -2.272759e-01 
1.379921e-03 -1.186333e-01 
3.767028e-04 -4.238453e-02 
-1.398926e-04 1.844544e-03 
-5.343045e-04 2.073844e-02 
-5.113313e-04 1.435298e-02 
-3.586503e-04 1.272966e-02 
-3.777610e-04 1.471244e-02 
-4.937362e-04 1.777308e-02 
-4.128447e-04 2.277652e-02 
-2.523030e-04 3.052057e-02 
-1.820093e-04 3.985916e-02 
-4.722682e-05 5.387905e-02 
1.264228e-04 5.724036e-02 
1.629598e-05 1.399083e-02 
-4.287431e-05 -6.236607e-02 
2.973092e-04 -1.817934e-01 
1.826222e-03 -2.710331e-01 
2.021251e-03 -1.494067e-01 
5.447761e-04 1.152534e-01 
-4.660697e-03 5.367661e-01 
8.126210e-02 -7.449237e-01 
-1.765662e-02 -2.642096e-01 
2.551472e-02 1.416589e-01 
1.436546e-02 2.740636e-01 
3.516796e-03 2.895238e-01 
-4.305863e-03 2.290119e-01 
-7.320259e-03 8.909394e-02 
3.569280e-03 -7.018534e-02 
4.490254e-03 -1.542858e-01 
3.723740e-03 -1.849227e-01 
1.345396e-03 -1.505443e-01 
3.394705e-05 -5.309393e-02 
-4.091399e-04 1.579464e-02 
-6.069791e-04 6.010016e-02 
-5.165919e-04 7.187636e-02 
-1.497988e-04 5.055339e-02 
3.485084e-05 3.549445e-02 
9.499014e-05 1.861996e-02 
9.049214e-05 7.811119e-03 
-4.351232e-05 2.688540e-03 
-1.327109e-04 -2.946351e-02 
-1.426470e-04 -7.398159e-02 
4.282359e-04 -1.366032e-01 
2.071792e-03 -1.696682e-01 
2.030600e-03 -7.504403e-02 
3.980746e-04 9.588989e-02 
-4.819986e-03 3.479216e-01 
