poroelastic
-3.547248e-02 -6.758982e-02 
-4.637517e-02 -5.579148e-02 
-1.979552e-02 5.186502e-02 
4.972659e-02 1.451696e-01 
3.681283e-02 1.401670e-01 
2.121275e-02 8.969181e-02 
8.442662e-03 -1.757199e-02 
1.081859e-02 -9.678382e-02 
1.423264e-02 -3.413871e-02 
1.027260e-02 6.103427e-02 
-5.731038e-03 1.231487e-01 
-9.914438e-03 6.217240e-02 
-5.100239e-04 -2.982678e-04 
3.201925e-03 -3.270641e-02 
1.459708e-03 -2.933462e-02 
-1.430951e-03 1.727333e-03 
-2.469722e-03 1.956753e-02 
-2.827857e-03 2.789579e-02 
-2.032913e-03 1.946771e-02 
5.562505e-05 -1.184087e-02 
2.665249e-04 -1.783765e-02 
-4.961993e-04 -4.603170e-03 
-1.670520e-03 2.521038e-02 
-7.747489e-04 5.945681e-02 
9.028168e-04 5.175098e-02 
1.097726e-03 1.047932e-02 
-2.018956e-03 -6.742458e-02 
1.747842e-01 -5.366100e-02 
-3.459224e-02 1.924125e-02 
-3.601241e-03 1.865125e-01 
9.541351e-02 2.914761e-01 
5.866792e-02 2.306272e-01 
2.616884e-02 1.003119e-01 
1.287371e-02 -3.936055e-02 
1.759912e-02 -8.941361e-02 
1.770680e-02 -2.768918e-02 
1.420430e-02 5.999326e-02 
5.527981e-04 1.221656e-01 
-1.080807e-02 7.008444e-02 
-2.809637e-03 1.231513e-02 
1.618662e-03 -2.533567e-02 
1.206525e-03 -3.456176e-02 
-2.059182e-03 -1.305429e-03 
-3.176296e-03 1.942381e-02 
-3.470928e-03 2.582717e-02 
-3.117496e-03 1.764866e-02 
-1.330774e-03 -2.675337e-03 
-7.741914e-04 -5.526551e-03 
-1.326169e-03 5.200056e-03 
-2.585398e-03 2.850537e-02 
-2.032741e-03 5.744286e-02 
-3.523372e-04 5.363792e-02 
3.626218e-04 2.499650e-02 
-3.639104e-04 -2.536325e-02 
1.426845e-01 -2.557700e-01 
-4.298936e-02 -2.552952e-01 
-4.330213e-02 -1.640110e-01 
7.897123e-03 -2.623175e-02 
1.266161e-02 5.360261e-03 
1.353578e-02 5.754102e-03 
2.060249e-02 1.149479e-03 
1.611769e-02 3.718900e-02 
4.460035e-03 1.004849e-01 
-7.075160e-03 1.415361e-01 
-1.625510e-02 1.192023e-01 
2.186808e-03 -1.113215e-02 
1.217238e-02 -9.041331e-02 
1.339965e-02 -1.137555e-01 
6.370944e-03 -7.609147e-02 
-4.248573e-03 2.384476e-02 
-7.199564e-03 7.079880e-02 
-6.435660e-03 7.490727e-02 
-2.572821e-03 3.797870e-02 
1.944507e-03 -3.195851e-02 
2.471337e-03 -5.466125e-02 
1.120094e-03 -4.070387e-02 
-1.584945e-03 1.161523e-02 
-2.373162e-03 8.934791e-02 
-5.877085e-04 8.614262e-02 
7.471358e-04 2.197922e-02 
-1.858804e-04 -1.063042e-01 
3.373832e-02 -2.881817e-01 
-7.825494e-02 -3.662763e-01 
-7.174745e-02 -2.708205e-01 
1.452795e-02 -7.182559e-02 
3.117170e-02 3.946280e-02 
3.710781e-02 1.041308e-01 
3.577347e-02 1.202777e-01 
1.467281e-02 8.896058e-02 
3.554011e-03 8.691938e-02 
-2.231470e-03 8.654901e-02 
-5.169378e-03 5.758613e-02 
3.942136e-03 -3.036585e-02 
1.017094e-02 -8.239532e-02 
1.049115e-02 -9.364703e-02 
3.177656e-03 -5.021313e-02 
-7.719972e-03 4.903398e-02 
-9.838869e-03 9.037842e-02 
-8.066463e-03 8.638621e-02 
-2.916180e-03 3.627276e-02 
2.832011e-03 -4.966953e-02 
3.508110e-03 -7.612385e-02 
1.474389e-03 -5.551413e-02 
-2.579321e-03 1.524482e-02 
-4.109988e-03 1.157820e-01 
-2.253883e-03 1.163413e-01 
-1.116066e-05 4.249440e-02 
1.112344e-03 -1.081430e-01 
-1.040304e-01 -4.214430e-01 
-1.377225e-01 -5.643696e-01 
-1.210106e-01 -4.365532e-01 
3.485856e-02 -1.158570e-01 
7.012844e-02 1.415679e-01 
7.419392e-02 3.029584e-01 
4.529410e-02 3.169285e-01 
5.901688e-03 1.279122e-01 
2.429867e-03 4.886715e-03 
8.251644e-03 -5.483308e-02 
1.341344e-02 -6.251633e-02 
4.867428e-03 -4.155040e-02 
2.551832e-03 -2.880283e-02 
6.980167e-05 -1.378193e-02 
-4.524200e-03 1.473280e-02 
-8.954139e-03 5.967438e-02 
-8.212572e-03 7.077281e-02 
-5.703318e-03 5.400550e-02 
-1.754122e-03 9.335446e-03 
2.456379e-03 -5.291323e-02 
2.782013e-03 -6.735582e-02 
6.467164e-04 -4.201370e-02 
-3.267968e-03 2.539414e-02 
-4.888396e-03 1.194862e-01 
-3.563660e-03 1.211094e-01 
-1.057722e-03 5.264917e-02 
1.840406e-03 -8.214540e-02 
-5.890403e-01 -7.381264e-01 
-3.537619e-01 -1.140592e+00 
-2.385069e-01 -9.543311e-01 
3.746099e-02 -3.062697e-01 
1.119542e-01 2.407116e-01 
1.154861e-01 5.853377e-01 
5.399797e-02 6.476944e-01 
-5.983858e-03 2.664733e-01 
-2.092396e-03 -4.335393e-02 
1.552880e-02 -2.249644e-01 
3.356173e-02 -2.620731e-01 
1.526729e-02 -1.131968e-01 
-3.688572e-04 3.585527e-03 
-1.033238e-02 8.129224e-02 
-1.568822e-02 1.209402e-01 
-1.334810e-02 9.945798e-02 
-7.341114e-03 6.129291e-02 
-2.461604e-03 1.797486e-02 
1.436549e-03 -3.283343e-02 
4.428201e-03 -8.255926e-02 
3.741081e-03 -8.191269e-02 
4.220837e-04 -3.917395e-02 
-4.522528e-03 4.428289e-02 
-7.262878e-03 1.558312e-01 
-6.563374e-03 1.550202e-01 
-2.523811e-03 6.292088e-02 
4.404909e-03 -1.080353e-01 
3.603836e-02 2.573560e-01 
-8.593180e-02 -2.917009e-01 
-1.091498e-01 -4.862331e-01 
1.950223e-02 -1.965977e-01 
5.141301e-02 3.946178e-02 
5.837338e-02 2.110985e-01 
3.461422e-02 3.021508e-01 
-6.086304e-03 2.034885e-01 
-6.618589e-03 9.561028e-02 
2.469129e-04 -6.167101e-03 
9.888071e-03 -8.500042e-02 
1.228258e-02 -9.932173e-02 
1.071485e-02 -8.664786e-02 
6.293516e-03 -5.130660e-02 
-2.744716e-03 1.217820e-02 
-1.295694e-02 8.774032e-02 
-1.217069e-02 1.056141e-01 
-8.080518e-03 8.151227e-02 
-1.650397e-03 1.888404e-02 
4.282874e-03 -6.656939e-02 
5.383896e-03 -9.491616e-02 
3.106360e-03 -7.153228e-02 
-1.415802e-03 7.448555e-03 
-5.773418e-03 1.221116e-01 
-7.405660e-03 1.347082e-01 
-3.980806e-03 6.442201e-02 
5.643636e-03 -9.344851e-02 
