poroelastic
-1.028807e-01 -2.506156e-02 
-1.112641e-01 2.522611e-02 
-6.106856e-02 1.474167e-01 
1.008763e-01 2.342262e-01 
8.290073e-02 2.597119e-01 
6.787730e-02 2.312632e-01 
6.492958e-02 1.501120e-01 
4.778149e-02 7.314362e-02 
2.802619e-02 6.784462e-02 
2.408940e-02 8.080580e-02 
1.627741e-02 7.907980e-02 
-7.111003e-03 2.300167e-02 
-3.370218e-03 -7.698962e-03 
-3.699295e-03 -1.328642e-02 
-7.677278e-03 6.006261e-03 
-7.363492e-03 4.118905e-02 
-6.352406e-03 5.434919e-02 
-5.705994e-03 5.162015e-02 
-5.042724e-03 3.041105e-02 
-2.272032e-03 -6.689142e-03 
-1.225912e-03 -1.842292e-02 
-1.844127e-03 -1.179958e-02 
-4.300274e-03 1.171294e-02 
-4.093983e-03 5.021443e-02 
-1.442218e-03 7.384835e-02 
2.400261e-04 8.624038e-02 
2.355532e-03 9.257130e-02 
5.340887e-01 1.224222e-01 
-3.448295e-02 2.813793e-01 
-1.300577e-02 3.897038e-01 
1.519435e-01 4.114326e-01 
1.040613e-01 3.608097e-01 
7.215812e-02 2.620934e-01 
6.147934e-02 1.474850e-01 
4.372411e-02 7.729045e-02 
2.512104e-02 7.058884e-02 
2.097338e-02 8.091295e-02 
1.561849e-02 7.711569e-02 
-4.573854e-03 1.632640e-02 
-1.078329e-03 -2.137874e-02 
-5.393170e-04 -3.619545e-02 
-4.455700e-03 -2.334074e-02 
-6.715885e-03 2.282145e-02 
-6.528233e-03 4.662885e-02 
-6.450127e-03 5.128906e-02 
-6.338023e-03 3.650732e-02 
-3.349657e-03 3.690471e-03 
-1.810203e-03 -1.015529e-02 
-2.140039e-03 -9.765050e-03 
-4.397338e-03 3.146013e-03 
-4.418366e-03 3.311159e-02 
-2.402995e-03 6.943393e-02 
-9.615904e-04 1.106255e-01 
1.973955e-03 1.648291e-01 
-2.701574e-01 -6.574115e-01 
-1.883655e-01 -5.401903e-01 
-9.489054e-02 -2.266333e-01 
1.068258e-01 1.442938e-01 
1.104238e-01 3.416891e-01 
9.778272e-02 4.110678e-01 
7.655389e-02 3.591155e-01 
2.882471e-02 2.093275e-01 
8.325437e-03 1.189202e-01 
5.647741e-03 5.564655e-02 
9.003586e-03 -4.771872e-03 
7.266206e-03 -7.710450e-02 
8.791660e-03 -1.048043e-01 
5.517956e-03 -9.219202e-02 
-3.782924e-03 -3.230804e-02 
-1.025338e-02 6.827395e-02 
-1.020480e-02 1.065841e-01 
-8.295300e-03 9.615482e-02 
-4.546067e-03 3.616851e-02 
7.131868e-04 -6.147639e-02 
1.673285e-03 -9.168266e-02 
-1.535144e-04 -6.967841e-02 
-4.341518e-03 5.921651e-03 
-4.942189e-03 1.216676e-01 
-2.543927e-03 1.543181e-01 
-8.435828e-04 1.239003e-01 
2.613205e-05 3.318934e-02 
-4.115618e-01 -2.933888e-01 
-1.464862e-01 -2.525688e-01 
-3.379236e-02 5.139128e-03 
1.726843e-01 3.157446e-01 
1.426869e-01 4.731032e-01 
1.138187e-01 5.039558e-01 
7.693334e-02 4.084233e-01 
2.285508e-02 2.056664e-01 
8.189902e-03 7.521645e-02 
1.101147e-02 -8.453447e-03 
1.726954e-02 -5.704731e-02 
6.860297e-03 -7.735589e-02 
5.882304e-03 -7.785025e-02 
2.440943e-03 -5.672363e-02 
-5.610387e-03 -4.291066e-03 
-1.133291e-02 7.187854e-02 
-1.066754e-02 9.906809e-02 
-8.676992e-03 8.548673e-02 
-5.124990e-03 2.676181e-02 
4.956590e-04 -6.328992e-02 
1.557668e-03 -8.967966e-02 
-4.525568e-04 -6.583410e-02 
-4.774175e-03 1.108047e-02 
-5.203252e-03 1.252361e-01 
-3.786604e-03 1.634016e-01 
-2.350693e-03 1.444291e-01 
-7.181376e-04 7.278798e-02 
4.750658e-02 -8.968306e-02 
-8.075463e-02 -9.379439e-03 
2.230782e-02 2.004347e-01 
2.397528e-01 4.591774e-01 
1.754004e-01 6.020424e-01 
1.238220e-01 6.049248e-01 
6.290641e-02 4.499939e-01 
1.053838e-02 1.500243e-01 
7.826544e-03 -3.968930e-02 
1.903139e-02 -1.363959e-01 
2.807575e-02 -1.398193e-01 
4.460593e-03 -5.951812e-02 
-2.221304e-03 -5.964584e-03 
-6.358089e-03 2.767600e-02 
-9.921011e-03 4.771657e-02 
-9.457904e-03 5.377566e-02 
-6.818234e-03 4.654370e-02 
-5.225407e-03 2.727551e-02 
-4.281485e-03 -4.757510e-03 
-9.610283e-04 -4.023393e-02 
-2.381350e-04 -4.562210e-02 
-1.572042e-03 -2.627837e-02 
-4.184345e-03 1.834624e-02 
-3.601591e-03 8.399534e-02 
-3.494098e-03 1.217589e-01 
-3.371494e-03 1.382710e-01 
-2.853921e-03 1.431934e-01 
3.803292e-01 -3.358227e-01 
7.468852e-02 -1.723135e-01 
7.551731e-02 1.014773e-01 
2.527446e-01 4.767129e-01 
1.781746e-01 6.917058e-01 
1.162401e-01 7.237299e-01 
4.102165e-02 5.415778e-01 
-1.172435e-03 1.159418e-01 
7.269830e-03 -1.672365e-01 
2.507997e-02 -3.058902e-01 
3.960615e-02 -2.843073e-01 
9.221996e-03 -7.297668e-02 
-7.547123e-03 7.040163e-02 
-1.548810e-02 1.438527e-01 
-1.660166e-02 1.472866e-01 
-9.638192e-03 6.228389e-02 
-2.818114e-03 -1.794753e-03 
-4.150564e-04 -4.086754e-02 
-1.690060e-03 -5.690031e-02 
-1.130578e-03 -4.075736e-02 
-1.465027e-03 -1.606507e-02 
-2.893582e-03 1.303304e-02 
-4.353283e-03 4.372701e-02 
-2.382699e-03 7.040921e-02 
-3.152741e-03 9.665616e-02 
-4.244930e-03 1.237863e-01 
-5.960157e-03 1.663624e-01 
-5.276943e-01 3.498507e-02 
-2.599563e-02 -1.274408e-01 
8.975565e-02 1.787364e-02 
1.673882e-01 3.370592e-01 
1.084974e-01 4.607644e-01 
6.206769e-02 4.503845e-01 
1.347088e-02 3.154008e-01 
-3.667711e-03 7.440568e-02 
5.427921e-03 -8.367618e-02 
1.588845e-02 -1.775791e-01 
2.237636e-02 -1.889063e-01 
9.878398e-03 -9.233171e-02 
1.454452e-03 -1.507233e-02 
-4.717003e-03 4.297991e-02 
-9.832342e-03 7.785691e-02 
-1.089087e-02 7.357560e-02 
-6.864256e-03 5.260840e-02 
-3.965103e-03 1.944739e-02 
-2.055622e-03 -2.222607e-02 
1.325579e-03 -5.576636e-02 
1.564725e-03 -5.789420e-02 
1.371439e-05 -3.280502e-02 
-1.625876e-03 2.032824e-02 
-1.828545e-03 8.952574e-02 
-4.429426e-03 1.169196e-01 
-5.071137e-03 1.116092e-01 
-4.185573e-03 7.925656e-02 
