poroelastic
-1.614791e-01 1.176828e-02 
-1.678631e-01 8.067946e-02 
-1.205242e-01 1.695963e-01 
1.014584e-01 1.905916e-01 
9.530904e-02 2.346728e-01 
9.068775e-02 2.453840e-01 
1.125811e-01 2.430482e-01 
1.009843e-01 2.493515e-01 
4.536866e-02 2.227352e-01 
2.670766e-02 1.658997e-01 
2.111165e-02 7.073400e-02 
5.514596e-03 -4.520496e-02 
7.537222e-03 -7.054637e-02 
2.779471e-03 -5.041931e-02 
-6.797564e-03 -3.422552e-03 
-1.324478e-02 5.600633e-02 
-1.351445e-02 8.437046e-02 
-1.229205e-02 8.414597e-02 
-1.015212e-02 5.863643e-02 
-5.031422e-03 1.614059e-02 
-1.850166e-03 -1.317160e-02 
-1.581104e-03 -3.106004e-02 
-5.664817e-03 -3.512590e-02 
-8.642688e-03 -9.501448e-03 
-5.335086e-03 4.189459e-02 
-1.656534e-03 1.095508e-01 
7.561993e-03 1.995638e-01 
5.897043e-01 2.298260e-01 
-7.533144e-02 3.840857e-01 
-5.786173e-02 3.815193e-01 
1.414491e-01 2.892365e-01 
1.090341e-01 2.801986e-01 
9.654423e-02 2.821635e-01 
1.048183e-01 2.831731e-01 
8.088934e-02 2.790531e-01 
3.042527e-02 2.479868e-01 
9.295578e-03 1.876047e-01 
2.888588e-03 8.315271e-02 
9.356248e-03 -6.337979e-02 
1.683656e-02 -1.248856e-01 
1.541705e-02 -1.278770e-01 
6.104687e-03 -8.398293e-02 
-7.603361e-03 1.423926e-02 
-1.226023e-02 7.257131e-02 
-1.352719e-02 9.451822e-02 
-1.223705e-02 8.172902e-02 
-5.953155e-03 2.846730e-02 
-1.610079e-03 -1.370828e-02 
-5.666190e-04 -4.307230e-02 
-3.836106e-03 -6.041533e-02 
-7.189659e-03 -4.765935e-02 
-5.852652e-03 2.095890e-02 
-3.695784e-03 1.272994e-01 
4.771843e-03 2.724715e-01 
-7.011360e-01 -7.842742e-01 
-3.185742e-01 -5.604136e-01 
-1.631478e-01 -1.232767e-01 
1.887379e-01 2.924142e-01 
1.998881e-01 5.702208e-01 
1.798929e-01 6.802523e-01 
1.353516e-01 6.090070e-01 
4.587758e-02 3.465550e-01 
7.265942e-03 1.511719e-01 
5.030440e-03 1.538600e-02 
1.675753e-02 -7.178091e-02 
1.509058e-02 -1.038815e-01 
1.379320e-02 -1.060056e-01 
9.863999e-03 -8.707636e-02 
3.614361e-04 -3.764429e-02 
-1.072158e-02 4.593354e-02 
-1.274400e-02 8.423589e-02 
-1.166322e-02 8.401360e-02 
-7.938836e-03 4.451878e-02 
-7.091855e-04 -3.610959e-02 
2.025838e-03 -7.214715e-02 
2.677787e-04 -6.884706e-02 
-6.093338e-03 -2.979735e-02 
-8.806565e-03 4.677409e-02 
-5.820951e-03 1.056799e-01 
-3.557078e-03 1.445767e-01 
1.127449e-04 1.677087e-01 
-8.159683e-01 -1.178535e-01 
-2.078459e-01 5.765478e-02 
-1.346361e-02 3.825376e-01 
3.188056e-01 6.214831e-01 
2.457098e-01 7.541542e-01 
1.840805e-01 7.356890e-01 
1.120362e-01 5.727205e-01 
2.786949e-02 2.891818e-01 
4.165133e-03 8.564493e-02 
9.185176e-03 -5.080401e-02 
2.367589e-02 -1.153853e-01 
1.370970e-02 -9.280317e-02 
8.701846e-03 -6.468548e-02 
4.076187e-03 -3.513863e-02 
-2.181646e-03 -2.682101e-03 
-7.855535e-03 2.634825e-02 
-8.225371e-03 4.186854e-02 
-7.813162e-03 4.076137e-02 
-6.408507e-03 1.654075e-02 
-1.797018e-03 -2.977083e-02 
3.847306e-04 -5.058939e-02 
-1.056669e-03 -4.740334e-02 
-6.234654e-03 -2.011330e-02 
-7.325289e-03 3.613040e-02 
-6.165107e-03 9.517311e-02 
-5.618932e-03 1.497053e-01 
-3.325480e-03 2.051521e-01 
1.416714e-01 3.462676e-01 
-3.165095e-02 6.697027e-01 
1.614040e-01 8.776863e-01 
4.354318e-01 9.141128e-01 
2.697965e-01 8.825548e-01 
1.602675e-01 7.191117e-01 
6.438192e-02 4.480370e-01 
5.811504e-03 1.401670e-01 
3.139360e-03 -5.201316e-02 
1.652995e-02 -1.514503e-01 
3.048335e-02 -1.522936e-01 
8.602156e-03 -5.278804e-02 
-2.034426e-03 1.332506e-02 
-6.672264e-03 4.343841e-02 
-6.738159e-03 3.791512e-02 
-2.655974e-03 -3.425229e-03 
3.745689e-04 -2.556285e-02 
4.774857e-04 -3.371039e-02 
-2.450334e-03 -2.793363e-02 
-4.310590e-03 -4.566551e-03 
-3.791947e-03 5.702153e-03 
-3.967999e-03 6.125575e-03 
-5.129138e-03 -4.311076e-03 
-2.741370e-03 -1.832470e-02 
-3.602895e-03 3.175071e-02 
-6.589593e-03 1.275399e-01 
-9.122177e-03 2.740439e-01 
1.236942e+00 2.322919e-01 
5.070429e-01 9.772013e-01 
4.116739e-01 1.245881e+00 
4.591479e-01 1.154907e+00 
2.251272e-01 9.334071e-01 
9.394525e-02 6.214201e-01 
6.352183e-03 2.508928e-01 
-7.758306e-03 -7.413895e-02 
6.824191e-03 -2.361825e-01 
2.422118e-02 -2.837441e-01 
3.719094e-02 -2.093595e-01 
7.129999e-03 -2.771873e-03 
-1.309980e-02 1.238781e-01 
-2.052960e-02 1.651876e-01 
-1.589743e-02 1.209026e-01 
1.712374e-03 -2.319713e-02 
1.150372e-02 -1.061551e-01 
1.177924e-02 -1.260022e-01 
3.629436e-03 -8.777310e-02 
-7.056070e-03 1.721663e-02 
-9.834398e-03 7.318311e-02 
-9.105476e-03 7.758254e-02 
-5.634930e-03 3.024018e-02 
3.188369e-03 -7.373953e-02 
2.211419e-03 -4.915615e-02 
-5.784573e-03 8.923640e-02 
-1.930813e-02 3.426451e-01 
-1.032635e+00 -9.738507e-03 
1.046386e-01 2.571409e-01 
3.457717e-01 7.045100e-01 
3.302351e-01 9.045041e-01 
1.561225e-01 8.119755e-01 
4.057041e-02 5.433986e-01 
-3.416164e-02 1.646939e-01 
-4.574552e-03 -1.454464e-01 
1.539432e-02 -2.860667e-01 
2.747668e-02 -3.137326e-01 
3.015635e-02 -2.222769e-01 
6.767359e-03 -1.764642e-02 
-1.167867e-02 1.130120e-01 
-2.058921e-02 1.676408e-01 
-1.774496e-02 1.324815e-01 
-4.790300e-04 -1.056895e-03 
9.716175e-03 -8.512499e-02 
1.238579e-02 -1.246999e-01 
6.970810e-03 -1.090511e-01 
-1.420012e-03 -1.795526e-02 
-5.643060e-03 4.083900e-02 
-7.208873e-03 6.417137e-02 
-5.060008e-03 4.594105e-02 
2.099075e-03 -1.596050e-02 
1.402354e-03 -8.328762e-03 
-4.221895e-03 6.194100e-02 
-1.707054e-02 2.106312e-01 
