poroelastic
-7.889131e-03 1.492954e-01 
7.071713e-03 2.304806e-01 
2.256410e-02 2.384766e-01 
1.474934e-02 1.978141e-01 
2.876611e-03 1.351778e-01 
-7.132751e-03 6.319709e-02 
-1.598392e-02 2.677673e-03 
-8.988823e-03 -3.996084e-02 
-3.337792e-03 -8.195440e-02 
-3.509886e-04 -1.024250e-01 
2.283516e-03 -7.883066e-02 
2.140391e-03 -2.479839e-03 
-2.377077e-04 4.253178e-02 
5.359220e-04 5.787913e-02 
2.976019e-03 3.517614e-02 
1.195832e-03 -1.768598e-02 
9.685456e-04 -3.970442e-02 
8.557553e-04 -4.015388e-02 
5.945819e-04 -1.451456e-02 
-2.678457e-05 2.524224e-02 
-6.729652e-05 2.880497e-02 
4.020901e-05 7.658490e-03 
3.464769e-04 -4.006300e-02 
4.177965e-04 -9.209787e-02 
8.641142e-05 -8.727143e-02 
-6.874589e-05 -4.474164e-02 
6.188238e-05 3.126199e-02 
3.378005e-01 5.261523e-01 
3.775425e-02 5.736900e-01 
4.315126e-02 4.422903e-01 
1.156513e-02 2.399475e-01 
-4.406035e-03 9.540352e-02 
-1.345324e-02 -7.858215e-03 
-1.903396e-02 -6.451622e-02 
-9.237548e-03 -6.942861e-02 
-3.662820e-03 -8.175699e-02 
-1.761102e-03 -8.517047e-02 
4.273628e-06 -6.146252e-02 
2.409780e-03 -5.637436e-04 
4.345676e-04 3.616330e-02 
9.790515e-04 4.877535e-02 
3.224427e-03 2.806113e-02 
1.663596e-03 -2.264983e-02 
1.263538e-03 -4.142771e-02 
1.089532e-03 -3.774824e-02 
8.329886e-04 -7.718887e-03 
2.450072e-05 3.681825e-02 
-3.478592e-05 3.800745e-02 
1.338938e-04 9.544795e-03 
4.306185e-04 -5.033928e-02 
4.400677e-04 -1.180642e-01 
2.471280e-04 -1.135232e-01 
7.167832e-05 -6.058099e-02 
-3.218951e-05 3.469772e-02 
2.455112e-01 -4.793125e-01 
-1.477856e-02 -2.312690e-01 
4.840859e-03 5.166637e-02 
1.652161e-02 2.312119e-01 
9.130462e-03 2.897971e-01 
-5.927968e-03 2.509641e-01 
-2.574500e-02 1.082347e-01 
-1.157540e-02 -9.927978e-02 
2.643784e-04 -2.181577e-01 
6.462061e-03 -2.531756e-01 
8.233873e-03 -1.798338e-01 
1.195074e-03 -2.508075e-03 
-3.300689e-03 1.016412e-01 
-2.493539e-03 1.425622e-01 
2.470664e-03 1.060866e-01 
2.163132e-03 -3.688366e-03 
1.885781e-03 -6.133027e-02 
1.771398e-03 -8.046867e-02 
1.277430e-03 -5.420290e-02 
8.093315e-05 1.081425e-02 
-5.521458e-05 3.112079e-02 
-2.034599e-05 2.158375e-02 
8.412486e-06 -2.112253e-02 
9.461585e-05 -8.556215e-02 
3.074448e-04 -9.725630e-02 
3.189663e-04 -7.639361e-02 
1.418832e-04 -2.774662e-02 
-9.890557e-02 -2.414536e-02 
2.026634e-02 2.616593e-01 
3.822657e-02 4.014495e-01 
1.644840e-02 3.413097e-01 
-9.569484e-04 2.302390e-01 
-1.563230e-02 9.316499e-02 
-2.435232e-02 -4.840692e-02 
-6.083936e-03 -1.404824e-01 
1.170604e-03 -1.832055e-01 
3.822017e-03 -1.771986e-01 
3.541684e-03 -1.006043e-01 
-1.150226e-04 3.242744e-02 
-2.773218e-03 1.033326e-01 
-1.592053e-03 1.208181e-01 
2.860313e-03 6.838921e-02 
3.074054e-03 -3.681890e-02 
2.616778e-03 -8.290267e-02 
2.205155e-03 -8.619821e-02 
1.392066e-03 -3.816025e-02 
-5.811762e-05 4.061269e-02 
-1.825893e-04 5.874181e-02 
-6.635903e-05 3.493210e-02 
-6.265314e-05 -3.657539e-02 
1.676142e-04 -1.258873e-01 
7.092993e-04 -1.340193e-01 
6.652437e-04 -8.853390e-02 
-7.430525e-05 8.390361e-03 
1.633854e-01 6.100981e-01 
7.957218e-02 8.373149e-01 
7.728097e-02 7.665736e-01 
1.250759e-02 4.168059e-01 
-1.484262e-02 1.130152e-01 
-2.637740e-02 -1.194607e-01 
-2.155952e-02 -2.265842e-01 
-1.470594e-03 -1.549794e-01 
7.596316e-04 -9.867405e-02 
-4.485705e-04 -4.860620e-02 
-1.771280e-03 4.257307e-03 
1.854812e-05 5.135864e-02 
-5.820106e-04 7.005614e-02 
1.137976e-03 6.014880e-02 
4.535596e-03 9.958250e-03 
3.608223e-03 -6.373659e-02 
2.600211e-03 -8.629989e-02 
1.931443e-03 -7.073196e-02 
1.232004e-03 -1.013567e-02 
-1.085819e-04 6.985136e-02 
-1.910690e-04 8.016103e-02 
-6.833604e-05 3.996564e-02 
-1.511287e-04 -5.616299e-02 
9.113242e-05 -1.664988e-01 
9.028898e-04 -1.676432e-01 
8.022961e-04 -9.283086e-02 
-5.228932e-04 5.551414e-02 
1.094180e+00 1.077431e+00 
2.415557e-01 1.483123e+00 
1.158714e-01 1.224729e+00 
6.695419e-03 5.251251e-01 
-2.428434e-02 -5.812307e-03 
-2.913608e-02 -3.498373e-01 
-1.311779e-02 -4.451271e-01 
3.164943e-03 -2.154568e-01 
7.437270e-04 -4.357396e-02 
-3.655946e-03 7.121819e-02 
-6.819598e-03 1.231971e-01 
-2.527915e-03 9.249848e-02 
-5.909664e-04 5.592557e-02 
1.678862e-03 1.156371e-02 
4.486167e-03 -4.459732e-02 
4.527303e-03 -9.445635e-02 
2.945058e-03 -9.774736e-02 
1.742121e-03 -6.469979e-02 
8.488616e-04 9.638257e-03 
-2.437935e-04 1.019027e-01 
-3.206944e-04 1.127155e-01 
-8.747870e-05 6.104479e-02 
-1.484782e-04 -5.731670e-02 
1.788284e-04 -2.010373e-01 
1.614425e-03 -2.003010e-01 
1.317707e-03 -9.256267e-02 
-1.602114e-03 1.199165e-01 
3.922624e-01 -7.992760e-01 
-3.093244e-02 -2.044107e-01 
-5.841052e-03 1.429553e-01 
-1.071383e-02 1.641543e-01 
-1.361393e-02 9.754140e-02 
-1.962897e-02 -3.466578e-03 
-1.904321e-02 -1.056106e-01 
3.024519e-03 -1.383221e-01 
5.184619e-03 -1.371336e-01 
4.206501e-03 -1.057175e-01 
2.139818e-03 -4.336455e-02 
1.646865e-04 2.884183e-02 
-1.445392e-03 6.801421e-02 
-7.571488e-04 7.337028e-02 
2.634480e-03 3.341741e-02 
4.027247e-03 -4.124095e-02 
3.086545e-03 -7.508801e-02 
2.476244e-03 -7.655000e-02 
1.687461e-03 -4.008896e-02 
-1.410128e-05 2.077203e-02 
-1.088929e-04 4.086374e-02 
-1.145144e-04 3.054800e-02 
-7.323941e-04 -1.331892e-02 
-9.363975e-04 -7.645441e-02 
4.205129e-04 -9.529869e-02 
9.586946e-04 -8.249645e-02 
7.282589e-04 -3.953916e-02 
