poroelastic
-2.271803e-02 -7.660981e-02 
-3.368548e-02 -7.517216e-02 
-1.576869e-02 1.580165e-02 
3.344145e-02 9.859721e-02 
2.523625e-02 1.025650e-01 
1.529539e-02 7.035049e-02 
6.983095e-03 -1.146113e-02 
7.957632e-03 -7.136561e-02 
9.242818e-03 -1.803590e-02 
5.241641e-03 5.770860e-02 
-6.108986e-03 1.015690e-01 
-5.800093e-03 4.133484e-02 
1.042960e-03 -1.191617e-02 
3.079180e-03 -3.646038e-02 
9.159867e-04 -2.774213e-02 
-1.506043e-03 7.182206e-03 
-2.209729e-03 2.503918e-02 
-2.158812e-03 2.982636e-02 
-1.140762e-03 1.608880e-02 
3.640232e-04 -1.614292e-02 
3.800672e-04 -2.132246e-02 
-2.488114e-04 -6.554562e-03 
-1.075786e-03 2.710083e-02 
-2.606411e-04 6.450483e-02 
9.394758e-04 5.318389e-02 
9.149990e-04 4.802847e-03 
-1.955668e-03 -8.354314e-02 
1.073867e-01 -1.044826e-01 
-3.316614e-02 -6.299284e-02 
-1.033110e-02 9.608839e-02 
7.020316e-02 2.204441e-01 
4.530828e-02 1.914928e-01 
2.237952e-02 9.590276e-02 
1.239897e-02 -1.861329e-02 
1.324490e-02 -6.750622e-02 
1.242718e-02 -1.902893e-02 
9.384508e-03 5.213947e-02 
-5.237658e-04 1.000016e-01 
-7.518618e-03 5.206708e-02 
-1.416461e-03 2.579926e-03 
1.476840e-03 -2.837263e-02 
2.710825e-04 -3.092870e-02 
-2.298299e-03 5.990649e-03 
-2.952858e-03 2.628001e-02 
-2.892728e-03 3.021957e-02 
-2.161376e-03 1.688534e-02 
-4.889037e-04 -1.003670e-02 
-1.929144e-04 -1.398074e-02 
-7.799943e-04 1.668214e-04 
-1.838440e-03 3.195792e-02 
-1.301818e-03 6.989284e-02 
1.105301e-05 6.150933e-02 
4.909740e-04 1.897148e-02 
-6.060541e-04 -5.487258e-02 
1.619242e-01 -1.527879e-01 
-1.959256e-02 -1.937350e-01 
-3.437927e-02 -1.636541e-01 
-7.673959e-03 -7.023674e-02 
-4.817264e-04 -4.948061e-02 
5.298384e-03 -3.885215e-02 
1.620619e-02 -1.754989e-02 
1.245761e-02 4.506010e-02 
1.391373e-03 1.155987e-01 
-9.502990e-03 1.529204e-01 
-1.642011e-02 1.190172e-01 
3.611302e-03 -1.901082e-02 
1.207520e-02 -1.003805e-01 
1.244308e-02 -1.232580e-01 
5.571594e-03 -8.266662e-02 
-3.383223e-03 2.249604e-02 
-5.802376e-03 7.371192e-02 
-5.161691e-03 8.092757e-02 
-1.847613e-03 4.326782e-02 
1.579118e-03 -3.053040e-02 
1.941444e-03 -5.546500e-02 
9.838812e-04 -4.246989e-02 
-8.905656e-04 1.195165e-02 
-1.422545e-03 9.094583e-02 
-2.545219e-04 8.380088e-02 
6.565763e-04 1.314178e-02 
-1.071038e-04 -1.258338e-01 
8.032012e-02 -2.605112e-01 
-6.236611e-02 -3.663940e-01 
-6.832606e-02 -3.076273e-01 
-4.230085e-03 -1.246178e-01 
1.663050e-02 -1.046062e-02 
2.650875e-02 6.824732e-02 
2.783198e-02 1.032120e-01 
1.034985e-02 8.791274e-02 
9.861156e-04 9.410735e-02 
-4.616551e-03 9.485445e-02 
-6.770545e-03 6.018662e-02 
4.032979e-03 -3.293945e-02 
9.528152e-03 -8.812073e-02 
9.503525e-03 -1.009408e-01 
2.720281e-03 -5.579792e-02 
-5.958753e-03 4.574308e-02 
-7.577808e-03 8.921760e-02 
-6.121674e-03 8.752847e-02 
-1.925300e-03 3.759908e-02 
2.177279e-03 -4.767555e-02 
2.557697e-03 -7.319940e-02 
1.098321e-03 -5.225383e-02 
-1.643907e-03 1.963894e-02 
-2.639998e-03 1.162723e-01 
-1.437648e-03 1.101110e-01 
1.791419e-04 2.913603e-02 
1.125231e-03 -1.312193e-01 
-1.115890e-01 -4.371059e-01 
-1.263224e-01 -5.967504e-01 
-1.151385e-01 -4.821202e-01 
1.459060e-02 -1.601284e-01 
5.158911e-02 9.827260e-02 
5.832943e-02 2.655520e-01 
3.484335e-02 2.882361e-01 
3.488986e-03 1.164260e-01 
1.341917e-03 9.825527e-03 
5.650623e-03 -4.150314e-02 
9.159081e-03 -5.009147e-02 
3.361501e-03 -3.708701e-02 
2.151475e-03 -3.071833e-02 
3.114812e-04 -1.964130e-02 
-3.606388e-03 7.941570e-03 
-6.750747e-03 5.378192e-02 
-6.112576e-03 6.662417e-02 
-4.209990e-03 5.234399e-02 
-1.211755e-03 9.784453e-03 
1.741221e-03 -4.947157e-02 
1.854587e-03 -6.153593e-02 
3.436621e-04 -3.542207e-02 
-2.214274e-03 3.191232e-02 
-3.195752e-03 1.196423e-01 
-2.340599e-03 1.131697e-01 
-4.934455e-04 3.743992e-02 
1.844954e-03 -1.056029e-01 
-6.513073e-01 -7.665277e-01 
-3.448417e-01 -1.179469e+00 
-2.211462e-01 -9.831912e-01 
2.185400e-02 -3.271319e-01 
9.024221e-02 2.072641e-01 
9.409476e-02 5.416212e-01 
4.134434e-02 5.989583e-01 
-6.352345e-03 2.390291e-01 
-1.375044e-03 -4.042110e-02 
1.328893e-02 -2.014533e-01 
2.675735e-02 -2.308933e-01 
1.057590e-02 -9.708744e-02 
-1.290195e-03 3.885557e-03 
-8.576031e-03 7.106608e-02 
-1.235541e-02 1.060094e-01 
-1.008909e-02 9.023316e-02 
-5.502603e-03 5.788592e-02 
-1.861302e-03 1.815632e-02 
9.801227e-04 -3.062880e-02 
3.101052e-03 -7.857010e-02 
2.536448e-03 -7.630186e-02 
1.683874e-04 -3.297175e-02 
-3.167251e-03 5.069865e-02 
-5.052586e-03 1.564448e-01 
-4.689248e-03 1.471046e-01 
-1.565662e-03 4.779708e-02 
4.252993e-03 -1.318089e-01 
3.383450e-02 3.427589e-01 
-5.754495e-02 -2.162240e-01 
-9.181834e-02 -4.401711e-01 
4.779480e-03 -2.122562e-01 
3.434332e-02 -1.240839e-02 
4.490109e-02 1.492729e-01 
2.991920e-02 2.520720e-01 
-5.345675e-03 1.926480e-01 
-7.350846e-03 1.139716e-01 
-2.846415e-03 2.928073e-02 
4.814562e-03 -4.884269e-02 
9.260772e-03 -8.548006e-02 
9.572401e-03 -9.169396e-02 
6.637613e-03 -6.877073e-02 
-1.038738e-03 -9.201561e-03 
-9.541208e-03 7.355869e-02 
-9.385359e-03 1.012813e-01 
-6.539202e-03 8.654360e-02 
-1.571251e-03 2.888836e-02 
2.717324e-03 -5.714169e-02 
3.541368e-03 -8.642837e-02 
2.130110e-03 -6.659677e-02 
-7.264171e-04 7.253656e-03 
-3.776246e-03 1.129545e-01 
-5.098897e-03 1.204321e-01 
-2.626260e-03 5.061818e-02 
4.918099e-03 -1.023216e-01 
