poroelastic
3.378556e-02 -5.622104e-02 
2.704928e-02 -1.278833e-01 
-8.320837e-03 -2.272964e-01 
-5.801425e-02 -3.099220e-01 
-3.134356e-02 -2.931004e-01 
-1.263812e-02 -2.224571e-01 
2.207414e-03 -1.174229e-01 
3.393132e-03 -1.475103e-02 
-1.411887e-03 5.312575e-02 
-6.170303e-03 8.716578e-02 
-7.624262e-03 7.341272e-02 
8.606317e-04 8.822950e-03 
3.199826e-03 -2.642127e-02 
3.418058e-03 -4.161464e-02 
1.942241e-03 -3.630863e-02 
3.929167e-04 -1.400551e-02 
-1.022916e-05 -2.382919e-03 
-1.466927e-04 2.839254e-03 
-1.014446e-04 -2.166740e-05 
4.826526e-05 -8.825033e-03 
2.488817e-06 -5.647625e-03 
-9.235305e-05 4.029370e-03 
-1.548385e-04 2.020504e-02 
1.228673e-05 3.453693e-02 
1.590417e-04 2.400272e-02 
1.283517e-04 -3.722265e-03 
-3.156088e-04 -4.882692e-02 
-5.685658e-01 -4.016051e-01 
-2.130861e-02 -4.838672e-01 
-3.374674e-02 -4.844465e-01 
-7.248186e-02 -4.489479e-01 
-3.407148e-02 -3.559428e-01 
-1.165717e-02 -2.337829e-01 
2.891857e-03 -9.821705e-02 
2.627059e-03 8.563144e-03 
-2.623035e-03 7.480035e-02 
-7.539704e-03 1.043569e-01 
-8.828561e-03 8.300196e-02 
1.604121e-03 6.233531e-03 
4.337067e-03 -3.735237e-02 
4.631324e-03 -5.589021e-02 
2.854971e-03 -4.635159e-02 
4.624774e-04 -1.103592e-02 
-1.415224e-04 5.942816e-03 
-1.842549e-04 1.082410e-02 
1.311607e-04 9.656423e-04 
3.126412e-04 -2.068812e-02 
2.067667e-04 -2.052457e-02 
1.161351e-05 -6.755983e-03 
-1.843607e-04 2.155485e-02 
-9.509600e-05 5.200171e-02 
1.017275e-04 3.890800e-02 
1.694351e-04 -4.969247e-03 
-1.957765e-04 -8.141930e-02 
-1.656726e-01 7.107453e-01 
6.457497e-02 4.902066e-01 
1.421938e-02 1.266912e-01 
-4.845678e-02 -2.341413e-01 
-3.326591e-02 -3.768833e-01 
-1.178037e-02 -3.820616e-01 
1.477679e-02 -2.603096e-01 
1.180707e-02 -5.130815e-02 
7.746850e-04 8.533485e-02 
-7.526334e-03 1.605233e-01 
-1.266371e-02 1.593889e-01 
-6.499573e-03 6.974263e-02 
-2.864983e-04 6.400272e-03 
2.343347e-03 -3.666233e-02 
1.919801e-03 -5.623773e-02 
7.883243e-04 -4.426721e-02 
1.851582e-04 -2.986300e-02 
-5.796703e-04 -1.174407e-02 
-1.263577e-03 9.683929e-03 
-6.670825e-04 2.734328e-02 
-5.105618e-04 3.543582e-02 
-3.928345e-04 3.266550e-02 
-2.126249e-04 1.640875e-02 
-2.476625e-05 -5.582543e-03 
-6.291061e-06 -8.432142e-03 
-6.225617e-05 6.135047e-03 
-1.173455e-04 4.504540e-02 
2.081739e-01 2.588871e-01 
2.135721e-02 4.439963e-02 
-3.323253e-02 -2.169546e-01 
-6.506651e-02 -4.108392e-01 
-3.292451e-02 -4.290226e-01 
-8.372442e-03 -3.492079e-01 
1.284959e-02 -1.898840e-01 
7.146854e-03 -9.074086e-03 
-1.916099e-03 1.017050e-01 
-8.414284e-03 1.537905e-01 
-1.071701e-02 1.311660e-01 
-2.529943e-03 3.601431e-02 
2.098312e-03 -2.210203e-02 
3.578735e-03 -5.388798e-02 
2.225298e-03 -5.581799e-02 
3.855493e-04 -2.817633e-02 
-2.903309e-04 -1.002054e-02 
-8.105174e-04 3.718702e-03 
-1.012821e-03 1.148082e-02 
-3.391131e-04 1.107963e-02 
-2.632673e-04 1.414360e-02 
-2.532608e-04 1.602323e-02 
-2.117650e-04 1.548531e-02 
-1.159104e-04 1.369639e-02 
-7.138293e-05 9.100527e-03 
-4.347094e-05 5.643874e-03 
-6.070347e-05 8.308891e-03 
-1.730419e-01 -3.389733e-01 
-4.427781e-02 -5.186322e-01 
-8.309888e-02 -6.197746e-01 
-8.556640e-02 -5.878173e-01 
-3.224365e-02 -4.485956e-01 
-3.376021e-03 -2.678123e-01 
1.180820e-02 -7.778998e-02 
2.544685e-03 4.991711e-02 
-5.045858e-03 1.180355e-01 
-9.517551e-03 1.359654e-01 
-8.452288e-03 8.944048e-02 
2.163154e-03 -1.105729e-02 
5.332263e-03 -6.229519e-02 
4.912753e-03 -7.571634e-02 
1.480299e-03 -4.765583e-02 
-1.209338e-03 1.034195e-02 
-1.571464e-03 3.594966e-02 
-1.166632e-03 3.816267e-02 
-2.265791e-04 1.255504e-02 
3.731182e-04 -3.121729e-02 
3.866285e-04 -3.937568e-02 
1.391522e-04 -2.316590e-02 
-2.735026e-04 1.991978e-02 
-5.668724e-04 7.051582e-02 
-5.457274e-04 6.266398e-02 
-1.450445e-04 1.347421e-02 
7.128799e-04 -7.877969e-02 
-1.086000e+00 -5.512180e-01 
-2.355254e-01 -9.366745e-01 
-1.382707e-01 -9.457702e-01 
-8.364584e-02 -7.128492e-01 
-2.325088e-02 -4.404330e-01 
2.206079e-03 -1.814167e-01 
8.999293e-03 3.660750e-02 
-2.599335e-03 1.296835e-01 
-8.952837e-03 1.613218e-01 
-1.174757e-02 1.460530e-01 
-8.267576e-03 7.060777e-02 
6.416836e-03 -5.302267e-02 
9.489977e-03 -1.116511e-01 
8.237356e-03 -1.173280e-01 
3.128141e-03 -6.485840e-02 
-2.172831e-03 3.417332e-02 
-2.893933e-03 7.769115e-02 
-1.711911e-03 7.743959e-02 
6.455932e-04 2.845915e-02 
1.127829e-03 -5.873831e-02 
1.128021e-03 -8.531779e-02 
7.058448e-04 -6.575923e-02 
-1.138675e-04 4.381331e-03 
-1.056844e-03 1.016868e-01 
-1.302516e-03 9.725031e-02 
-4.325825e-04 1.592147e-02 
2.154418e-03 -1.497098e-01 
8.095801e-04 6.184432e-01 
2.274498e-02 1.982145e-01 
-3.710279e-02 -1.490132e-01 
-3.118430e-02 -2.969631e-01 
-9.182939e-03 -2.829261e-01 
6.955603e-03 -1.961555e-01 
1.698578e-02 -6.118983e-02 
1.966739e-03 5.306230e-02 
-5.549144e-03 1.147066e-01 
-9.160908e-03 1.359007e-01 
-8.696102e-03 1.035088e-01 
-1.428404e-03 1.824840e-02 
2.647694e-03 -3.427920e-02 
3.660118e-03 -5.905056e-02 
1.490633e-03 -4.915938e-02 
-1.116824e-03 -5.006134e-03 
-1.625792e-03 2.100691e-02 
-1.634136e-03 3.206439e-02 
-1.060090e-03 2.476557e-02 
-8.259532e-05 5.059307e-04 
6.451018e-05 -9.182232e-03 
3.863663e-05 -8.636925e-03 
1.361448e-05 2.568923e-03 
-5.592702e-05 2.120833e-02 
-3.171215e-04 2.499964e-02 
-3.124661e-04 1.753403e-02 
2.003687e-05 -9.575021e-04 
