poroelastic
-1.312851e-01 4.276802e-02 
-1.298265e-01 1.246944e-01 
-7.295465e-02 2.197307e-01 
1.134376e-01 2.564309e-01 
9.325013e-02 2.866705e-01 
8.065859e-02 2.750629e-01 
8.429602e-02 2.343133e-01 
6.026042e-02 1.870461e-01 
2.851056e-02 1.348431e-01 
2.355098e-02 7.825368e-02 
2.364001e-02 1.732905e-02 
-6.925624e-04 -3.315438e-02 
-1.252254e-03 -3.397697e-02 
-5.014171e-03 -1.214957e-02 
-1.096035e-02 2.379562e-02 
-1.000455e-02 6.185020e-02 
-8.430879e-03 7.507450e-02 
-7.291033e-03 6.858400e-02 
-6.246095e-03 4.367808e-02 
-2.974654e-03 5.855269e-03 
-1.263855e-03 -1.870195e-02 
-1.397729e-03 -3.249807e-02 
-4.315612e-03 -3.527588e-02 
-5.770670e-03 -1.227550e-02 
-3.519205e-03 4.359269e-02 
-9.432999e-04 1.222905e-01 
5.846954e-03 2.314233e-01 
6.640056e-01 2.623069e-01 
-3.335038e-02 4.435118e-01 
-1.444812e-02 4.610559e-01 
1.490720e-01 3.881943e-01 
1.037063e-01 3.490892e-01 
8.054663e-02 3.026698e-01 
7.405614e-02 2.473218e-01 
4.739991e-02 1.904217e-01 
2.020658e-02 1.381451e-01 
1.421814e-02 8.424173e-02 
1.535744e-02 1.956089e-02 
3.659326e-03 -4.963538e-02 
4.636104e-03 -7.105137e-02 
2.340477e-03 -6.476840e-02 
-4.342769e-03 -2.882303e-02 
-8.157515e-03 3.538885e-02 
-8.411221e-03 6.923077e-02 
-8.249862e-03 7.767017e-02 
-7.404279e-03 5.998373e-02 
-3.451252e-03 1.389368e-02 
-1.156638e-03 -2.035260e-02 
-9.175773e-04 -4.394814e-02 
-3.384441e-03 -5.801944e-02 
-4.838967e-03 -4.297480e-02 
-3.682313e-03 2.992470e-02 
-2.143999e-03 1.428370e-01 
3.515267e-03 3.008711e-01 
-5.919064e-01 -7.825648e-01 
-2.518789e-01 -5.601880e-01 
-1.031756e-01 -1.310177e-01 
1.669564e-01 3.123442e-01 
1.615178e-01 5.738197e-01 
1.361022e-01 6.592243e-01 
9.090805e-02 5.553931e-01 
2.385688e-02 2.668535e-01 
5.202838e-03 6.515225e-02 
1.128029e-02 -6.540836e-02 
2.465149e-02 -1.285674e-01 
1.082278e-02 -1.137970e-01 
5.290582e-03 -8.151123e-02 
-6.561302e-04 -3.911284e-02 
-9.189243e-03 1.871458e-02 
-1.206116e-02 8.425137e-02 
-1.041238e-02 1.034222e-01 
-8.079838e-03 8.544523e-02 
-4.739425e-03 2.862801e-02 
2.435740e-04 -5.881568e-02 
1.567688e-03 -9.328961e-02 
3.753898e-05 -8.460664e-02 
-4.313052e-03 -3.383815e-02 
-5.300900e-03 5.783284e-02 
-3.485777e-03 1.242435e-01 
-2.151682e-03 1.661981e-01 
2.998396e-05 1.889462e-01 
-7.137320e-01 -1.469547e-01 
-1.441175e-01 3.273021e-02 
2.267648e-02 3.585015e-01 
2.611848e-01 6.246415e-01 
1.905926e-01 7.355179e-01 
1.355073e-01 6.948845e-01 
7.493347e-02 5.062845e-01 
1.575846e-02 2.084140e-01 
5.935655e-03 8.717709e-03 
1.566236e-02 -1.141326e-01 
2.831641e-02 -1.517686e-01 
8.535653e-03 -9.287722e-02 
1.897863e-03 -4.159963e-02 
-3.502603e-03 2.737234e-03 
-9.483704e-03 4.105918e-02 
-1.056140e-02 6.341920e-02 
-8.434307e-03 6.704600e-02 
-6.764686e-03 5.128753e-02 
-4.957453e-03 1.146648e-02 
-7.893666e-04 -4.467972e-02 
5.244958e-04 -6.760294e-02 
-6.950351e-04 -6.220297e-02 
-4.082713e-03 -2.842668e-02 
-3.985606e-03 3.780843e-02 
-3.651003e-03 1.070672e-01 
-3.676705e-03 1.732273e-01 
-2.693528e-03 2.438131e-01 
1.911843e-01 3.290726e-01 
5.456828e-03 6.281354e-01 
1.572633e-01 8.326822e-01 
3.444120e-01 8.878869e-01 
2.039738e-01 8.328460e-01 
1.163534e-01 6.575741e-01 
4.452719e-02 3.822168e-01 
5.338854e-03 8.392173e-02 
7.596945e-03 -9.538431e-02 
2.094083e-02 -1.822499e-01 
3.106796e-02 -1.671903e-01 
3.924238e-03 -5.069743e-02 
-5.202336e-03 2.568957e-02 
-9.548913e-03 6.444618e-02 
-1.054958e-02 6.435680e-02 
-6.508808e-03 2.478851e-02 
-3.254364e-03 7.860278e-04 
-2.708393e-03 -1.306788e-02 
-4.259772e-03 -1.616733e-02 
-2.985303e-03 -6.138824e-03 
-2.041068e-03 -4.883136e-03 
-2.153113e-03 -9.004041e-03 
-2.924157e-03 -2.105481e-02 
-8.461705e-04 -2.569217e-02 
-1.849547e-03 3.905293e-02 
-4.192210e-03 1.519455e-01 
-6.851017e-03 3.224309e-01 
1.246675e+00 2.386391e-01 
4.448092e-01 9.197128e-01 
3.365122e-01 1.155593e+00 
3.490038e-01 1.074004e+00 
1.673161e-01 8.576649e-01 
6.913462e-02 5.622836e-01 
6.851617e-03 2.124850e-01 
-1.332826e-03 -9.018007e-02 
1.078549e-02 -2.416291e-01 
2.491818e-02 -2.837753e-01 
3.347531e-02 -2.056186e-01 
2.915956e-03 -2.124960e-03 
-1.181386e-02 1.196337e-01 
-1.673964e-02 1.623751e-01 
-1.348501e-02 1.239094e-01 
-2.751296e-03 -3.544675e-03 
3.410592e-03 -7.487553e-02 
3.231047e-03 -9.425846e-02 
-2.269135e-03 -6.241146e-02 
-5.148799e-03 2.399780e-02 
-5.310416e-03 6.314098e-02 
-4.660253e-03 5.973000e-02 
-2.694147e-03 9.486880e-03 
2.927467e-03 -7.973466e-02 
1.691713e-03 -3.583976e-02 
-3.767765e-03 1.141665e-01 
-1.397792e-02 3.790734e-01 
-8.430556e-01 -1.946939e-01 
5.697658e-02 1.159857e-01 
2.365385e-01 5.337931e-01 
2.270539e-01 7.354181e-01 
1.109998e-01 6.843787e-01 
3.433386e-02 4.871082e-01 
-1.789696e-02 1.805015e-01 
-1.552175e-03 -1.012272e-01 
1.352646e-02 -2.446423e-01 
2.388190e-02 -2.890122e-01 
2.606023e-02 -2.199251e-01 
5.475289e-03 -4.040276e-02 
-7.425247e-03 7.831233e-02 
-1.384307e-02 1.374761e-01 
-1.327090e-02 1.221353e-01 
-4.675355e-03 2.474337e-02 
1.213305e-03 -3.754905e-02 
2.533495e-03 -7.138446e-02 
-2.124910e-04 -6.895996e-02 
-9.788029e-04 -1.996639e-02 
-1.799873e-03 1.087198e-02 
-2.465149e-03 2.526499e-02 
-1.532084e-03 1.830296e-02 
2.033231e-03 -4.004728e-03 
2.060524e-04 2.448781e-02 
-3.565587e-03 9.272253e-02 
-1.146882e-02 2.144516e-01 
