poroelastic
3.187950e-02 -2.281557e-02 
2.945600e-02 -7.246177e-02 
1.824258e-03 -1.515973e-01 
-4.786299e-02 -2.128619e-01 
-2.867536e-02 -2.185604e-01 
-1.695477e-02 -1.868477e-01 
-7.662547e-03 -1.173652e-01 
-1.129248e-03 -3.927235e-02 
-1.823635e-03 6.328210e-03 
-4.575763e-03 3.364825e-02 
-5.899349e-03 4.363234e-02 
-1.959057e-04 3.737474e-02 
9.660099e-04 2.536126e-02 
3.120054e-03 5.815533e-03 
5.120973e-03 -2.143934e-02 
2.671123e-03 -4.748922e-02 
1.997256e-03 -5.587375e-02 
1.442276e-03 -4.927312e-02 
7.163265e-04 -2.687499e-02 
1.923387e-05 6.783637e-03 
-1.965979e-04 3.141705e-02 
-1.656384e-04 4.671578e-02 
2.252494e-04 5.223778e-02 
5.130765e-04 3.679102e-02 
4.351470e-04 -5.399889e-03 
2.128489e-04 -6.363210e-02 
-6.063425e-04 -1.394988e-01 
-3.471827e-01 -6.127914e-02 
1.018897e-02 -1.365734e-01 
-4.408238e-03 -2.292005e-01 
-5.880208e-02 -3.033415e-01 
-3.380719e-02 -3.001874e-01 
-1.816617e-02 -2.475251e-01 
-5.887451e-03 -1.487247e-01 
-1.763883e-04 -3.557546e-02 
-2.336017e-03 2.993529e-02 
-6.256000e-03 6.585317e-02 
-8.444381e-03 7.121442e-02 
-7.731652e-04 4.630304e-02 
1.136415e-03 2.480647e-02 
3.370097e-03 1.000797e-03 
5.589369e-03 -2.796718e-02 
3.432581e-03 -5.556170e-02 
2.530946e-03 -6.447716e-02 
1.805130e-03 -5.619848e-02 
8.912412e-04 -2.980773e-02 
6.815042e-06 9.637248e-03 
-2.781593e-04 3.858285e-02 
-2.499500e-04 5.616895e-02 
1.649729e-04 6.203580e-02 
3.632179e-04 4.392320e-02 
3.847440e-04 -6.765708e-03 
3.399466e-04 -7.671743e-02 
-1.547743e-04 -1.678034e-01 
1.712438e-01 2.867595e-01 
5.313379e-02 1.978966e-01 
3.617334e-03 2.631596e-02 
-4.246023e-02 -1.740263e-01 
-2.836601e-02 -2.581017e-01 
-1.557788e-02 -2.694167e-01 
-7.476982e-04 -2.098795e-01 
5.618762e-03 -9.523600e-02 
2.479362e-03 -1.148232e-02 
-2.248269e-03 5.338963e-02 
-7.990168e-03 9.676301e-02 
-7.946084e-03 1.033680e-01 
-4.550183e-03 8.722009e-02 
-1.762966e-04 4.955314e-02 
4.788527e-03 -1.239850e-02 
4.378319e-03 -8.296492e-02 
3.464965e-03 -1.081828e-01 
2.107444e-03 -9.500276e-02 
1.879459e-04 -4.049411e-02 
-6.317534e-04 4.291214e-02 
-8.393845e-04 8.830403e-02 
-6.863873e-04 1.004451e-01 
-1.497711e-04 7.603759e-02 
1.228681e-04 1.427958e-02 
2.934663e-04 -4.095278e-02 
4.151526e-04 -8.431376e-02 
4.043953e-04 -1.105591e-01 
2.278216e-01 1.117204e-01 
1.818806e-02 3.070838e-02 
-2.285720e-02 -1.323200e-01 
-5.679296e-02 -2.997683e-01 
-3.216910e-02 -3.510344e-01 
-1.496406e-02 -3.244173e-01 
1.616706e-03 -2.166486e-01 
4.382552e-03 -6.176338e-02 
-6.997472e-04 3.706009e-02 
-6.101114e-03 9.712196e-02 
-9.813194e-03 1.132213e-01 
-4.858339e-03 8.144204e-02 
-1.631611e-03 5.038862e-02 
1.682219e-03 1.386106e-02 
5.114284e-03 -3.277704e-02 
4.537448e-03 -7.759661e-02 
3.371185e-03 -8.944060e-02 
1.947195e-03 -7.254687e-02 
2.382305e-04 -2.475216e-02 
-5.368765e-04 4.010352e-02 
-7.847471e-04 7.575305e-02 
-6.762550e-04 8.547225e-02 
-2.888821e-04 6.679533e-02 
-1.483052e-04 1.759846e-02 
2.526578e-04 -3.556486e-02 
6.551125e-04 -8.523247e-02 
1.025334e-03 -1.278410e-01 
-1.092893e-01 -7.175100e-02 
-4.926806e-03 -1.741174e-01 
-4.512105e-02 -3.141845e-01 
-7.736863e-02 -4.305078e-01 
-3.859932e-02 -4.382999e-01 
-1.460516e-02 -3.649940e-01 
4.473932e-03 -2.034041e-01 
2.406128e-03 -3.843911e-03 
-5.703541e-03 1.104640e-01 
-1.232069e-02 1.590156e-01 
-1.289516e-02 1.310206e-01 
1.514608e-04 3.773003e-02 
4.038226e-03 -1.874041e-02 
5.923525e-03 -5.098411e-02 
6.056031e-03 -6.019217e-02 
3.249547e-03 -4.805564e-02 
1.801866e-03 -3.531609e-02 
1.072562e-03 -1.962398e-02 
6.665388e-04 -3.300977e-03 
1.529926e-05 1.049907e-02 
-1.727676e-04 2.609775e-02 
-2.251078e-04 3.972677e-02 
-2.420796e-04 5.332908e-02 
-5.248696e-04 5.041765e-02 
-1.453356e-04 2.386189e-03 
5.300955e-04 -7.321509e-02 
1.642985e-03 -1.798397e-01 
-4.923347e-01 6.302834e-02 
-8.333738e-02 -1.219099e-01 
-6.303862e-02 -2.989249e-01 
-7.181281e-02 -4.534102e-01 
-3.399382e-02 -4.810928e-01 
-1.096542e-02 -4.097037e-01 
7.326215e-03 -2.247632e-01 
1.944323e-03 3.158881e-02 
-8.859998e-03 1.809670e-01 
-1.699200e-02 2.370325e-01 
-1.716718e-02 1.801821e-01 
1.959736e-03 1.616847e-02 
8.307315e-03 -8.094203e-02 
1.008995e-02 -1.242071e-01 
7.841562e-03 -1.081281e-01 
2.446883e-03 -3.372104e-02 
1.928660e-04 1.147548e-02 
-1.301146e-04 3.384226e-02 
7.694525e-04 2.982412e-02 
3.867610e-04 -4.315988e-04 
2.856323e-04 -9.233449e-03 
2.180413e-04 -3.509058e-03 
-4.639107e-05 2.116370e-02 
-8.291826e-04 5.094269e-02 
-5.414782e-04 1.889140e-02 
3.730333e-04 -5.478495e-02 
2.423703e-03 -1.777277e-01 
2.783506e-01 3.912058e-02 
-1.295045e-02 -5.085501e-02 
-4.395820e-02 -1.659297e-01 
-3.065964e-02 -2.393630e-01 
-1.194780e-02 -2.301185e-01 
-9.614092e-04 -1.804967e-01 
6.734941e-03 -9.480856e-02 
1.827113e-03 5.910908e-04 
-3.274860e-03 6.287888e-02 
-7.060564e-03 9.820878e-02 
-7.942644e-03 9.268321e-02 
-2.111515e-03 3.967491e-02 
8.667478e-04 1.977704e-03 
2.613975e-03 -2.364178e-02 
3.281254e-03 -3.505322e-02 
2.108582e-03 -3.060186e-02 
1.139357e-03 -2.316573e-02 
5.674225e-04 -1.264736e-02 
2.355511e-04 -1.398396e-03 
-4.085875e-05 7.205761e-03 
-1.433042e-04 1.725313e-02 
-1.930485e-04 2.675008e-02 
-3.719401e-04 3.588758e-02 
-8.815002e-04 3.440150e-02 
-4.951826e-04 4.984852e-03 
3.277207e-04 -4.143539e-02 
2.040058e-03 -1.054528e-01 
