poroelastic
-5.886431e-02 -6.276545e-02 
-7.337819e-02 -4.625120e-02 
-3.704219e-02 8.525132e-02 
7.524638e-02 2.097962e-01 
5.942995e-02 2.000449e-01 
3.445250e-02 1.282136e-01 
9.820203e-03 -2.000843e-02 
1.340729e-02 -1.421719e-01 
2.386446e-02 -6.791667e-02 
2.248397e-02 5.745365e-02 
-2.525301e-03 1.579330e-01 
-1.988686e-02 1.086504e-01 
-5.330006e-03 2.799939e-02 
3.041134e-03 -2.249691e-02 
3.551854e-03 -3.233528e-02 
6.498525e-04 -1.567556e-02 
-1.311343e-03 9.703859e-04 
-3.546108e-03 2.026293e-02 
-4.429150e-03 2.820835e-02 
-1.272323e-03 3.804916e-04 
-2.719867e-04 -9.036934e-03 
-1.048118e-03 8.213983e-06 
-2.664671e-03 2.251547e-02 
-1.717178e-03 4.973455e-02 
7.890263e-04 4.630009e-02 
1.392353e-03 1.446516e-02 
-2.163911e-03 -4.965549e-02 
2.659171e-01 2.588685e-02 
-4.882767e-02 1.426904e-01 
7.177661e-04 3.219894e-01 
1.408802e-01 3.995250e-01 
8.597031e-02 2.956116e-01 
3.516560e-02 1.188291e-01 
1.138113e-02 -6.107522e-02 
2.358047e-02 -1.224536e-01 
2.760435e-02 -4.742846e-02 
2.512678e-02 6.215925e-02 
5.295337e-03 1.499390e-01 
-1.691541e-02 1.010966e-01 
-7.247291e-03 3.867694e-02 
-8.730951e-05 -5.902091e-03 
2.595839e-03 -2.917763e-02 
3.961880e-04 -1.835106e-02 
-1.053292e-03 -5.428084e-03 
-2.269922e-03 2.969821e-03 
-3.864622e-03 7.791338e-03 
-4.033087e-03 1.223575e-02 
-3.332845e-03 1.916907e-02 
-3.397006e-03 2.572569e-02 
-4.029041e-03 3.091703e-02 
-3.017656e-03 3.350178e-02 
-1.080107e-03 3.044849e-02 
-2.066430e-04 2.339373e-02 
3.171154e-04 1.559262e-02 
1.174172e-01 -4.320914e-01 
-8.961348e-02 -3.577929e-01 
-6.501194e-02 -1.580486e-01 
3.817873e-02 5.045017e-02 
4.041805e-02 9.814562e-02 
3.067407e-02 7.860332e-02 
2.772786e-02 2.940678e-02 
2.198981e-02 2.103138e-02 
1.047011e-02 7.197971e-02 
-1.283811e-03 1.206536e-01 
-1.503323e-02 1.224283e-01 
-1.627309e-03 9.869476e-03 
1.043930e-02 -6.403654e-02 
1.375413e-02 -8.942623e-02 
8.329645e-03 -6.400291e-02 
-4.291879e-03 1.840416e-02 
-7.911239e-03 5.321491e-02 
-6.860726e-03 5.128367e-02 
-2.796593e-03 2.098346e-02 
2.269404e-03 -2.972268e-02 
2.708679e-03 -4.210819e-02 
6.347396e-04 -2.545520e-02 
-3.155884e-03 1.783693e-02 
-4.238465e-03 8.022019e-02 
-1.286415e-03 7.765380e-02 
8.435092e-04 2.439482e-02 
-1.447340e-04 -7.984257e-02 
-4.729215e-02 -3.283921e-01 
-1.107483e-01 -3.530419e-01 
-7.950018e-02 -1.953346e-01 
5.129760e-02 1.765064e-02 
5.970128e-02 1.173561e-01 
5.682361e-02 1.543483e-01 
4.997397e-02 1.407777e-01 
2.324381e-02 9.135642e-02 
8.494816e-03 7.744115e-02 
2.346840e-03 7.498092e-02 
-2.064039e-03 5.634499e-02 
3.696407e-03 -2.188414e-02 
1.068942e-02 -6.783176e-02 
1.170868e-02 -7.635624e-02 
4.673360e-03 -3.939411e-02 
-9.446731e-03 4.690819e-02 
-1.271042e-02 8.175452e-02 
-1.051967e-02 7.448433e-02 
-4.217262e-03 2.955284e-02 
3.982475e-03 -4.800927e-02 
5.260170e-03 -7.261675e-02 
2.190924e-03 -5.313209e-02 
-4.397947e-03 1.084840e-02 
-7.645152e-03 1.102421e-01 
-4.376990e-03 1.183074e-01 
-6.025920e-04 5.410526e-02 
1.361436e-03 -8.073382e-02 
-9.439748e-02 -3.779363e-01 
-1.562193e-01 -4.821858e-01 
-1.287450e-01 -3.361570e-01 
7.324813e-02 -4.171185e-02 
1.045618e-01 2.019739e-01 
1.037405e-01 3.493677e-01 
6.590916e-02 3.553393e-01 
1.102084e-02 1.513998e-01 
3.499829e-03 2.625905e-03 
1.154891e-02 -7.261363e-02 
2.036337e-02 -8.053724e-02 
8.452480e-03 -4.685190e-02 
3.578145e-03 -2.297576e-02 
-3.188666e-04 -1.117044e-03 
-5.534026e-03 2.691162e-02 
-1.187275e-02 6.417004e-02 
-1.116328e-02 6.978027e-02 
-7.562584e-03 4.940305e-02 
-1.940284e-03 4.917561e-03 
4.355483e-03 -5.642743e-02 
5.114514e-03 -7.241333e-02 
1.715731e-03 -4.854475e-02 
-5.189716e-03 1.596695e-02 
-9.284034e-03 1.164558e-01 
-6.952495e-03 1.290895e-01 
-2.666674e-03 6.913338e-02 
2.070960e-03 -5.596223e-02 
-4.741223e-01 -6.668589e-01 
-3.559908e-01 -1.031005e+00 
-2.637604e-01 -8.689764e-01 
6.533440e-02 -2.708588e-01 
1.515908e-01 2.806650e-01 
1.560526e-01 6.370823e-01 
8.056571e-02 7.165462e-01 
-3.791009e-03 3.188458e-01 
-4.695766e-03 -3.957289e-02 
1.675062e-02 -2.565867e-01 
4.344067e-02 -3.108298e-01 
2.536401e-02 -1.419788e-01 
2.765738e-03 2.238023e-03 
-1.284365e-02 9.824860e-02 
-2.151772e-02 1.456088e-01 
-1.879682e-02 1.117685e-01 
-1.011482e-02 6.229567e-02 
-2.839565e-03 1.462094e-02 
3.285521e-03 -3.664391e-02 
7.876993e-03 -8.633722e-02 
6.986644e-03 -8.848859e-02 
1.767182e-03 -4.879962e-02 
-6.794384e-03 3.086929e-02 
-1.294101e-02 1.504746e-01 
-1.174857e-02 1.643447e-01 
-5.242131e-03 8.182870e-02 
5.001305e-03 -7.826894e-02 
3.263280e-02 1.003824e-01 
-1.452709e-01 -4.091041e-01 
-1.468891e-01 -5.565465e-01 
5.202965e-02 -1.648014e-01 
8.857225e-02 1.328293e-01 
8.505372e-02 3.109071e-01 
4.185424e-02 3.809346e-01 
-8.056219e-03 2.149249e-01 
-5.029369e-03 5.846382e-02 
5.691472e-03 -6.534979e-02 
1.860662e-02 -1.421417e-01 
1.826573e-02 -1.193225e-01 
1.241150e-02 -7.295726e-02 
4.666438e-03 -1.716283e-02 
-6.537891e-03 5.058956e-02 
-1.913555e-02 1.108953e-01 
-1.659108e-02 1.076360e-01 
-9.261215e-03 6.483269e-02 
2.801808e-04 -4.870677e-03 
8.725075e-03 -8.212744e-02 
1.021800e-02 -1.059354e-01 
5.778862e-03 -7.591130e-02 
-3.012527e-03 9.709179e-03 
-1.170804e-02 1.351811e-01 
-1.394201e-02 1.542448e-01 
-7.544972e-03 8.077234e-02 
8.239036e-03 -8.833276e-02 
