poroelastic
-5.900209e-02 1.394549e-01 
-4.395200e-02 2.454968e-01 
-3.414590e-04 3.065742e-01 
7.373090e-02 3.109430e-01 
4.798061e-02 2.880122e-01 
3.162850e-02 2.315432e-01 
1.932443e-02 1.558719e-01 
6.171457e-03 7.062627e-02 
3.408796e-03 -1.195158e-02 
7.859139e-03 -7.213768e-02 
1.186026e-02 -8.811461e-02 
-1.476798e-03 -3.624185e-02 
-4.082921e-03 1.033877e-02 
-5.774692e-03 4.271983e-02 
-5.848298e-03 5.423472e-02 
-2.150127e-03 3.996198e-02 
-1.259560e-03 2.948374e-02 
-9.734020e-04 2.064189e-02 
-9.133550e-04 1.567132e-02 
-4.104581e-04 1.231052e-02 
-1.363817e-04 -4.737536e-03 
-1.737004e-05 -3.024171e-02 
-3.789844e-04 -6.574974e-02 
-1.071817e-03 -8.225524e-02 
-1.041819e-03 -2.562623e-02 
-4.592989e-04 8.119437e-02 
1.991598e-03 2.428542e-01 
6.473004e-01 4.562490e-01 
2.475827e-02 6.029584e-01 
3.766646e-02 5.473605e-01 
8.090700e-02 4.062381e-01 
4.352797e-02 3.013885e-01 
2.395281e-02 2.089638e-01 
1.098925e-02 1.226825e-01 
2.105919e-03 4.634674e-02 
1.212925e-03 -2.042302e-02 
4.738234e-03 -7.006679e-02 
9.077638e-03 -8.760250e-02 
1.029579e-03 -4.950473e-02 
-1.538055e-03 -1.202726e-02 
-3.371354e-03 1.776879e-02 
-4.356373e-03 3.564137e-02 
-2.108483e-03 3.388199e-02 
-1.395295e-03 3.196187e-02 
-1.156250e-03 2.891743e-02 
-1.006894e-03 2.524159e-02 
-4.295885e-04 1.678849e-02 
-6.568136e-05 -7.302665e-03 
1.405350e-04 -4.130637e-02 
-3.336352e-05 -8.706024e-02 
-4.115319e-04 -1.125058e-01 
-6.219628e-04 -4.414618e-02 
-5.564505e-04 8.809436e-02 
6.750524e-04 2.857666e-01 
-2.473560e-01 -7.132994e-01 
-1.184292e-01 -4.282179e-01 
-1.596242e-02 -1.738908e-02 
9.172617e-02 3.574054e-01 
7.386584e-02 5.386038e-01 
4.785030e-02 5.552278e-01 
9.533715e-03 3.892773e-01 
-7.480627e-03 6.915697e-02 
-2.954891e-04 -1.395861e-01 
1.064696e-02 -2.497577e-01 
1.915639e-02 -2.397580e-01 
2.585140e-03 -9.353690e-02 
-4.379971e-03 1.337915e-02 
-7.686507e-03 8.429521e-02 
-7.852298e-03 1.130664e-01 
-3.460724e-03 8.572581e-02 
-1.663797e-03 5.578967e-02 
-6.590676e-04 2.207663e-02 
-7.686981e-05 -1.467307e-02 
3.143885e-04 -4.623816e-02 
4.036928e-04 -6.483837e-02 
2.602561e-04 -6.981209e-02 
-8.038201e-05 -6.260513e-02 
-4.873321e-05 -3.355634e-02 
-2.449551e-04 2.842288e-02 
-5.185725e-04 1.060863e-01 
-7.481189e-04 2.009825e-01 
-4.866503e-01 -7.729049e-02 
-1.875115e-02 2.183006e-01 
6.995451e-02 4.974062e-01 
1.246887e-01 6.219692e-01 
7.220527e-02 5.991342e-01 
3.512298e-02 4.717675e-01 
1.937107e-03 2.493655e-01 
-4.390762e-03 -2.126865e-03 
2.497507e-03 -1.562688e-01 
1.113257e-02 -2.282093e-01 
1.561116e-02 -1.926057e-01 
-7.776915e-05 -4.811466e-02 
-5.212479e-03 4.716366e-02 
-7.364299e-03 1.011550e-01 
-6.509149e-03 1.031466e-01 
-2.502589e-03 5.013477e-02 
-9.085071e-04 1.597362e-02 
-3.803346e-04 -7.330468e-03 
-4.572067e-04 -1.729529e-02 
-7.313346e-05 -1.494974e-02 
8.006305e-05 -2.515128e-02 
1.303778e-04 -4.135606e-02 
2.685993e-04 -6.745337e-02 
8.270184e-04 -7.651156e-02 
3.184359e-04 -1.138134e-02 
-6.815463e-04 1.000812e-01 
-2.475911e-03 2.640186e-01 
2.792939e-01 6.036718e-01 
9.070258e-02 9.346226e-01 
1.542540e-01 1.015623e+00 
1.505591e-01 8.231990e-01 
6.195775e-02 5.686137e-01 
1.636625e-02 2.965819e-01 
-5.684821e-03 4.855573e-02 
-8.589603e-04 -8.386684e-02 
5.048565e-03 -1.518792e-01 
1.030753e-02 -1.684772e-01 
1.083632e-02 -1.166592e-01 
-2.646562e-03 -2.131744e-03 
-5.858710e-03 6.693869e-02 
-6.504568e-03 9.479919e-02 
-4.569653e-03 7.150608e-02 
-9.333075e-04 3.585052e-03 
9.828829e-05 -2.827197e-02 
-1.752644e-04 -3.411386e-02 
-1.086536e-03 -9.185094e-03 
-6.459684e-04 3.400002e-02 
-4.304584e-04 3.174602e-02 
-1.093727e-04 -2.913569e-03 
4.945340e-04 -7.641612e-02 
1.723250e-03 -1.430472e-01 
1.337577e-03 -7.651603e-02 
-3.145550e-04 8.160858e-02 
-4.219493e-03 3.401348e-01 
1.549447e+00 8.372465e-01 
4.168662e-01 1.522138e+00 
2.536792e-01 1.493408e+00 
1.335154e-01 9.741306e-01 
3.218086e-02 4.789458e-01 
-8.243829e-03 6.928081e-02 
-1.269836e-02 -2.059452e-01 
3.112200e-03 -2.208373e-01 
7.158810e-03 -1.858583e-01 
8.534307e-03 -1.280241e-01 
6.172468e-03 -3.989344e-02 
-4.701233e-03 6.119080e-02 
-6.741354e-03 1.085656e-01 
-6.074019e-03 1.083694e-01 
-2.983702e-03 5.427207e-02 
9.679371e-04 -4.240938e-02 
1.671751e-03 -8.169584e-02 
4.557606e-04 -7.493105e-02 
-1.798056e-03 -1.676276e-02 
-1.407387e-03 7.866583e-02 
-1.171078e-03 9.613688e-02 
-5.881138e-04 5.273516e-02 
5.553913e-04 -5.885007e-02 
3.014584e-03 -1.955874e-01 
3.214696e-03 -1.425600e-01 
4.387928e-04 5.009523e-02 
-7.630801e-03 3.905315e-01 
-2.433055e-01 -7.009340e-01 
9.036897e-03 -4.215282e-02 
9.806358e-02 4.174027e-01 
6.409214e-02 4.937127e-01 
2.106348e-02 4.021222e-01 
-7.112208e-03 2.287743e-01 
-1.998664e-02 6.469016e-03 
2.545988e-03 -1.487143e-01 
9.295146e-03 -2.173905e-01 
1.166294e-02 -2.194325e-01 
9.024943e-03 -1.433371e-01 
-7.029284e-04 -6.251303e-03 
-4.992493e-03 7.837710e-02 
-6.253976e-03 1.144230e-01 
-4.073740e-03 8.794125e-02 
6.601983e-05 4.312194e-03 
1.202358e-03 -4.135322e-02 
9.267791e-04 -5.858367e-02 
-2.330456e-04 -4.146694e-02 
-1.204906e-04 4.152014e-03 
-1.743090e-04 1.852094e-02 
-1.014443e-04 9.856883e-03 
4.760391e-04 -2.667260e-02 
1.916005e-03 -6.842995e-02 
1.738885e-03 -3.934242e-02 
8.199174e-05 3.967194e-02 
-4.878126e-03 1.770647e-01 
