poroelastic
1.653697e-02 5.836730e-02 
2.176462e-02 6.781987e-02 
1.347649e-02 2.793685e-02 
-2.163371e-02 -2.846357e-02 
-1.682958e-02 -7.623798e-02 
-1.615430e-02 -1.089586e-01 
-1.505464e-02 -1.075022e-01 
-3.997934e-03 -7.221981e-02 
-1.731443e-03 -5.001115e-02 
-2.406953e-03 -2.687852e-02 
-1.756591e-03 5.722149e-03 
3.080288e-03 4.220697e-02 
2.503065e-03 5.041225e-02 
4.369973e-03 3.544060e-02 
6.092218e-03 -7.768102e-03 
1.082514e-03 -6.374959e-02 
5.927294e-04 -8.290257e-02 
4.583529e-04 -7.388653e-02 
2.868054e-04 -3.251016e-02 
-8.386532e-05 2.695504e-02 
-1.019527e-04 5.278701e-02 
-1.349055e-04 5.397752e-02 
-1.385226e-04 2.966143e-02 
1.092240e-04 -2.245343e-02 
1.145188e-04 -7.482151e-02 
1.138715e-04 -1.262740e-01 
7.751137e-05 -1.860544e-01 
-2.980159e-02 3.712193e-01 
2.383253e-02 3.256321e-01 
2.113413e-02 1.619486e-01 
-2.432639e-02 -3.540716e-02 
-2.049992e-02 -1.546636e-01 
-1.758009e-02 -2.104494e-01 
-1.312093e-02 -1.866244e-01 
-3.012650e-03 -8.901840e-02 
-1.920636e-03 -2.651301e-02 
-3.597755e-03 1.781135e-02 
-3.949534e-03 4.782817e-02 
2.193593e-03 5.800458e-02 
2.276911e-03 5.113054e-02 
4.027010e-03 2.733338e-02 
5.860032e-03 -1.964560e-02 
1.599747e-03 -7.546521e-02 
9.286117e-04 -9.082095e-02 
6.997658e-04 -7.548147e-02 
4.826189e-04 -2.503762e-02 
-6.010825e-06 4.568291e-02 
-5.956591e-05 7.326263e-02 
-5.171036e-05 6.943379e-02 
-7.253165e-05 3.330191e-02 
-6.898381e-05 -3.551588e-02 
4.864983e-05 -9.620460e-02 
1.507511e-04 -1.498387e-01 
2.851547e-04 -2.029453e-01 
5.092855e-01 -1.973344e-01 
4.101625e-02 -1.169779e-01 
-4.898125e-03 -2.745487e-02 
-2.111944e-02 -1.790800e-02 
-1.498830e-02 -3.074500e-02 
-1.543835e-02 -6.093402e-02 
-1.604445e-02 -1.037924e-01 
-1.169223e-03 -1.367968e-01 
2.461905e-03 -1.363658e-01 
2.078746e-03 -9.942151e-02 
1.026673e-04 -1.726886e-02 
2.809693e-05 8.762963e-02 
-4.122069e-04 1.295016e-01 
2.439448e-03 1.165680e-01 
6.738044e-03 3.745034e-02 
2.269099e-03 -8.774130e-02 
1.199550e-03 -1.404352e-01 
8.045375e-04 -1.362100e-01 
4.188866e-04 -6.691407e-02 
-4.252171e-05 5.117897e-02 
-5.287256e-05 1.055210e-01 
-1.685880e-04 1.120083e-01 
-6.175035e-04 6.751063e-02 
-7.285887e-04 -3.011365e-02 
-1.582480e-04 -1.128111e-01 
3.502781e-04 -1.819987e-01 
1.100196e-03 -2.406283e-01 
2.058545e-01 -3.099393e-02 
9.165177e-03 8.056991e-02 
-1.030970e-02 6.856272e-02 
-2.825632e-02 -5.626768e-02 
-1.972590e-02 -1.469113e-01 
-1.683542e-02 -2.039806e-01 
-1.160258e-02 -2.048120e-01 
9.370823e-04 -1.367214e-01 
1.090397e-03 -7.843595e-02 
-8.287047e-04 -1.914620e-02 
-2.093123e-03 4.520566e-02 
3.761650e-04 9.444877e-02 
4.673267e-04 1.023722e-01 
2.843879e-03 7.300125e-02 
6.111576e-03 -4.590309e-03 
2.977041e-03 -1.038224e-01 
1.888132e-03 -1.372095e-01 
1.342147e-03 -1.194902e-01 
7.665118e-04 -4.293561e-02 
-1.140842e-04 6.562905e-02 
-1.793490e-04 1.102393e-01 
-3.022161e-04 1.070249e-01 
-9.103722e-04 5.241219e-02 
-1.015486e-03 -4.844000e-02 
-9.043300e-05 -1.296565e-01 
6.858069e-04 -1.933959e-01 
1.784038e-03 -2.448466e-01 
-2.594264e-02 2.826273e-01 
2.127483e-02 3.141787e-01 
-4.527078e-03 1.666449e-01 
-4.114411e-02 -1.056790e-01 
-2.782954e-02 -2.779898e-01 
-1.942778e-02 -3.528416e-01 
-8.019374e-03 -2.890365e-01 
1.355722e-03 -9.568147e-02 
-2.005149e-03 2.686769e-02 
-5.315971e-03 9.912677e-02 
-4.469092e-03 1.149247e-01 
2.748464e-03 7.198416e-02 
3.400539e-03 3.278802e-02 
5.267333e-03 -8.986853e-03 
6.884360e-03 -5.844861e-02 
2.878981e-03 -9.967119e-02 
1.643480e-03 -1.021352e-01 
1.229748e-03 -7.404551e-02 
9.449769e-04 -1.203061e-02 
-1.231049e-04 6.219431e-02 
-1.541636e-04 8.828709e-02 
-2.930605e-04 7.783402e-02 
-8.882107e-04 3.074015e-02 
-1.062287e-03 -5.065717e-02 
-2.192040e-04 -1.226441e-01 
4.875419e-04 -1.840902e-01 
1.610303e-03 -2.459660e-01 
2.197283e-01 7.190136e-01 
4.077818e-02 7.634571e-01 
-1.937689e-05 4.621787e-01 
-3.438851e-02 -3.855156e-02 
-2.365642e-02 -3.505239e-01 
-1.331643e-02 -4.878864e-01 
9.639507e-05 -4.024691e-01 
2.234916e-03 -9.256780e-02 
-3.781792e-03 1.060052e-01 
-8.017286e-03 2.093958e-01 
-7.320883e-03 2.012137e-01 
1.350001e-03 7.585553e-02 
3.454476e-03 -1.395354e-02 
4.981032e-03 -7.621579e-02 
5.698711e-03 -1.086224e-01 
3.072828e-03 -9.978018e-02 
1.626944e-03 -7.376871e-02 
1.131593e-03 -3.382002e-02 
1.072255e-03 2.004669e-02 
3.729874e-06 7.077740e-02 
-9.416244e-05 8.100654e-02 
-1.497560e-04 5.924893e-02 
-6.873231e-04 6.911113e-03 
-1.168594e-03 -6.873741e-02 
-1.587906e-04 -1.218555e-01 
5.686836e-04 -1.541231e-01 
1.504602e-03 -1.768909e-01 
5.717470e-01 -5.022468e-01 
-2.925246e-02 -2.769759e-01 
-4.150098e-02 -1.289698e-01 
-2.094146e-02 -9.759712e-02 
-1.123957e-02 -9.139920e-02 
-9.474702e-03 -9.468911e-02 
-7.094724e-03 -9.275184e-02 
2.986294e-03 -6.768088e-02 
1.987294e-03 -3.801246e-02 
5.328079e-04 -3.960291e-03 
4.917658e-04 2.763111e-02 
1.288275e-03 4.358535e-02 
9.837022e-04 4.509646e-02 
2.088660e-03 3.047727e-02 
4.144363e-03 -6.654261e-03 
2.802740e-03 -5.724569e-02 
1.745547e-03 -7.671631e-02 
1.342438e-03 -7.092797e-02 
9.793107e-04 -3.646290e-02 
-1.501691e-04 1.713865e-02 
-1.047691e-04 4.458022e-02 
-1.827354e-04 5.233988e-02 
-1.010350e-03 4.005054e-02 
-1.751929e-03 -2.123896e-03 
-7.291804e-04 -6.090436e-02 
3.828961e-04 -1.293307e-01 
2.595422e-03 -2.134608e-01 
