poroelastic
4.899607e-02 -6.357990e-02 
4.296392e-02 -8.051456e-02 
4.106635e-02 -1.432970e-02 
-1.192993e-02 5.637919e-02 
-2.448600e-02 1.271220e-03 
-4.144972e-02 -8.359491e-02 
-6.478203e-02 -2.227109e-01 
-3.347825e-02 -3.002842e-01 
4.431507e-03 -1.655914e-01 
3.115494e-03 1.630890e-02 
-2.682316e-02 1.586492e-01 
-2.093178e-02 1.176888e-01 
-2.483463e-03 2.852280e-02 
8.560115e-03 -3.252391e-02 
1.142812e-02 -5.174979e-02 
7.372678e-03 -4.061205e-02 
4.011911e-03 -2.425279e-02 
1.198326e-03 -1.773967e-03 
5.440129e-04 1.193529e-02 
2.396724e-03 -9.748764e-03 
2.035895e-03 -1.563146e-02 
1.233978e-03 -5.386026e-03 
1.327619e-03 1.533256e-02 
2.585039e-03 3.427694e-02 
2.837248e-03 1.931835e-02 
1.853335e-03 -2.778105e-02 
-4.808005e-03 -1.156003e-01 
-1.379179e-01 -1.471374e-01 
-6.390814e-03 -1.450028e-01 
3.055035e-02 3.014231e-02 
1.579697e-02 1.479861e-01 
-1.336090e-02 4.194789e-02 
-4.418220e-02 -1.259853e-01 
-5.603097e-02 -2.816284e-01 
-1.502524e-02 -2.989650e-01 
1.484481e-02 -1.602172e-01 
1.477742e-02 1.256020e-02 
-1.119616e-02 1.548986e-01 
-2.513936e-02 1.395026e-01 
-1.208874e-02 7.381038e-02 
-1.702050e-03 1.804645e-02 
4.941292e-03 -2.080350e-02 
4.697799e-03 -2.543989e-02 
3.414874e-03 -2.187596e-02 
2.611569e-03 -1.798320e-02 
2.027875e-03 -1.398440e-02 
1.027769e-03 -7.143438e-03 
-6.642609e-05 4.407164e-03 
-7.365065e-04 1.786458e-02 
-2.965123e-04 3.214800e-02 
1.305223e-03 3.986582e-02 
1.956221e-03 1.710529e-02 
1.690060e-03 -3.054177e-02 
-2.032211e-03 -1.036347e-01 
4.824622e-01 1.449370e-01 
1.223819e-01 6.493762e-02 
4.046556e-02 -4.326964e-02 
-9.303734e-02 -1.417003e-01 
-9.837226e-02 -2.886351e-01 
-8.738715e-02 -3.789783e-01 
-5.035913e-02 -3.739216e-01 
3.399713e-03 -1.986613e-01 
9.780677e-03 -3.140319e-03 
-6.499719e-03 1.434349e-01 
-3.099403e-02 1.939536e-01 
-1.235258e-02 7.395896e-02 
4.175885e-03 -1.659371e-02 
1.106407e-02 -6.008910e-02 
1.011326e-02 -5.733194e-02 
1.443949e-03 -3.655206e-03 
-2.219640e-03 2.293813e-02 
-2.162208e-03 2.665875e-02 
5.169400e-04 1.347789e-02 
2.885645e-03 -1.016786e-02 
2.533902e-03 -1.663681e-02 
1.914063e-03 -1.140845e-02 
1.606921e-03 4.990609e-03 
1.369484e-03 2.777731e-02 
1.621665e-03 1.283492e-02 
1.962736e-03 -3.219697e-02 
-2.405462e-04 -1.116290e-01 
4.321333e-01 -1.924846e-01 
3.639278e-02 -3.280720e-01 
-6.724449e-02 -3.967298e-01 
-1.575597e-01 -3.740772e-01 
-1.055184e-01 -3.707899e-01 
-6.442378e-02 -3.229572e-01 
-2.076096e-02 -2.324097e-01 
8.206968e-03 -1.010101e-01 
6.791066e-03 2.628762e-02 
-5.672491e-03 1.201396e-01 
-2.140696e-02 1.420173e-01 
-6.274572e-03 3.699369e-02 
6.182347e-03 -3.501105e-02 
1.104588e-02 -6.580458e-02 
7.215881e-03 -4.531289e-02 
-5.127832e-03 3.498339e-02 
-8.588749e-03 6.653991e-02 
-6.748829e-03 6.303120e-02 
-5.194474e-04 2.770556e-02 
5.597801e-03 -3.421069e-02 
5.923496e-03 -5.553120e-02 
4.089335e-03 -4.460445e-02 
8.276528e-04 -1.562447e-03 
-1.736111e-03 6.366163e-02 
-3.168791e-04 5.401872e-02 
2.040502e-03 -1.416386e-02 
2.215410e-03 -1.445977e-01 
-1.700263e-01 -5.719615e-01 
-1.305363e-01 -8.624726e-01 
-2.224864e-01 -8.539588e-01 
-2.038560e-01 -6.057945e-01 
-7.536422e-02 -3.501673e-01 
-6.075849e-03 -1.040429e-01 
1.800987e-02 6.184661e-02 
6.068677e-03 3.908424e-02 
2.182763e-03 1.917567e-02 
9.867301e-04 1.836179e-02 
-7.886436e-04 2.001713e-02 
1.681142e-03 -9.629915e-03 
4.749872e-03 -2.907300e-02 
4.236835e-03 -2.752187e-02 
-1.461786e-03 4.716168e-03 
-1.150413e-02 7.242672e-02 
-1.261773e-02 9.246044e-02 
-8.464883e-03 7.429733e-02 
-1.029954e-04 2.134667e-02 
7.832822e-03 -5.942812e-02 
8.407813e-03 -8.580407e-02 
5.252063e-03 -6.541293e-02 
-7.929987e-04 2.099486e-03 
-5.903741e-03 1.077355e-01 
-3.814515e-03 1.024881e-01 
1.140813e-03 7.328857e-03 
5.969443e-03 -1.755780e-01 
-1.247403e+00 -8.470289e-01 
-6.720463e-01 -1.660477e+00 
-5.115427e-01 -1.647752e+00 
-2.322842e-01 -9.852365e-01 
-6.161650e-03 -3.004843e-01 
8.130632e-02 2.455756e-01 
6.390859e-02 5.426963e-01 
-3.128756e-03 3.329512e-01 
-1.018697e-02 8.209360e-02 
1.717450e-03 -9.445484e-02 
2.014691e-02 -1.796156e-01 
2.021948e-02 -1.279790e-01 
1.038070e-02 -6.111712e-02 
-6.762138e-04 7.939332e-03 
-1.248439e-02 7.811837e-02 
-2.065088e-02 1.266821e-01 
-1.778068e-02 1.235252e-01 
-1.019238e-02 8.462646e-02 
1.503309e-03 9.899924e-03 
1.307840e-02 -1.003963e-01 
1.388766e-02 -1.349947e-01 
8.234966e-03 -9.828507e-02 
-2.217855e-03 6.106137e-03 
-1.287267e-02 1.773467e-01 
-1.118453e-02 1.801044e-01 
-8.924773e-04 3.042239e-02 
1.519649e-02 -2.569746e-01 
6.187264e-01 2.537152e-01 
-1.490269e-01 -4.621905e-01 
-3.277093e-01 -9.120621e-01 
-1.692507e-01 -7.030730e-01 
-2.892728e-02 -3.885577e-01 
4.433938e-02 -6.444394e-02 
5.844320e-02 2.285028e-01 
-2.917939e-03 2.746910e-01 
-1.595483e-02 2.232578e-01 
-1.468966e-02 1.283088e-01 
-3.961986e-03 6.676912e-03 
1.292920e-02 -9.189877e-02 
1.967830e-02 -1.268036e-01 
1.777574e-02 -1.082634e-01 
4.565464e-03 -2.675747e-02 
-1.843618e-02 1.055428e-01 
-2.234454e-02 1.495927e-01 
-1.688509e-02 1.303155e-01 
-4.128982e-03 5.445169e-02 
9.631031e-03 -7.099115e-02 
1.365644e-02 -1.271649e-01 
1.041917e-02 -1.122806e-01 
1.011606e-03 -2.255984e-02 
-1.081645e-02 1.292170e-01 
-1.254732e-02 1.467247e-01 
-3.806897e-03 4.232145e-02 
1.664324e-02 -1.924656e-01 
