poroelastic
1.612971e-02 -3.518358e-01 
8.955514e-03 -4.788631e-01 
1.123668e-03 -3.746410e-01 
-3.548177e-03 -1.009875e-01 
1.272199e-03 7.592950e-02 
3.441444e-03 1.773100e-01 
-1.770163e-03 1.593387e-01 
-8.272719e-03 4.146651e-02 
-6.750565e-03 -2.825524e-02 
-7.032506e-03 -1.061447e-01 
-3.930586e-03 -1.772677e-01 
3.334905e-03 -2.034196e-01 
2.190422e-03 -2.201951e-01 
1.210559e-03 -2.075301e-01 
1.678498e-04 -1.358735e-01 
-7.096518e-05 -3.501202e-02 
1.730607e-05 2.351961e-02 
9.244633e-05 5.202268e-02 
5.364120e-05 1.602462e-02 
-2.158246e-04 -5.358582e-02 
-1.574059e-04 -2.277962e-02 
4.786351e-04 8.281504e-02 
2.539120e-03 3.062408e-01 
4.649260e-03 4.735361e-01 
3.227193e-03 2.722626e-01 
-9.441456e-04 -1.692207e-01 
-9.636227e-03 -9.079844e-01 
7.028283e-01 -4.058903e-01 
2.076904e-02 6.851247e-02 
-2.193471e-02 5.295787e-01 
2.528845e-02 7.804183e-01 
2.553421e-02 8.776603e-01 
2.203185e-02 8.352277e-01 
1.285589e-02 5.777591e-01 
1.226355e-04 1.560915e-01 
-2.480517e-03 -9.784683e-02 
-1.142726e-03 -2.770513e-01 
3.102827e-03 -3.709903e-01 
8.847707e-04 -3.131269e-01 
-4.026978e-04 -2.544052e-01 
-1.769445e-03 -1.952462e-01 
-2.879201e-03 -1.123598e-01 
-1.703776e-04 5.397871e-03 
9.475318e-05 1.098967e-01 
1.784589e-04 1.991863e-01 
-1.694648e-04 2.793981e-01 
1.991199e-05 3.318247e-01 
9.531073e-04 3.227769e-01 
1.360188e-03 2.625755e-01 
1.501220e-03 1.506841e-01 
4.656061e-04 5.070215e-04 
-7.243467e-04 -1.142096e-01 
-1.358227e-03 -1.603121e-01 
-1.137619e-03 -1.131950e-01 
-4.344393e+00 5.130977e-01 
-6.867017e-01 1.524186e+00 
3.432541e-02 1.898235e+00 
9.492119e-02 1.849709e+00 
5.740730e-02 1.707036e+00 
3.813189e-02 1.383653e+00 
2.386133e-02 7.789040e-01 
6.999762e-03 1.531349e-02 
5.654056e-03 -4.386307e-01 
9.148417e-03 -6.579958e-01 
9.752264e-03 -5.992040e-01 
-7.905221e-03 -2.091131e-01 
-7.659826e-03 9.366096e-02 
-8.184414e-03 2.691700e-01 
-8.499926e-03 3.002403e-01 
-8.663849e-04 2.317936e-01 
-1.451701e-05 2.210357e-01 
3.737005e-05 2.386384e-01 
2.173371e-04 3.456676e-01 
1.004842e-03 5.550150e-01 
1.495896e-03 5.956140e-01 
1.521280e-03 5.410201e-01 
1.101173e-03 3.648289e-01 
2.097550e-04 6.382618e-02 
-2.003458e-04 -5.905322e-02 
-1.801943e-07 -1.430270e-03 
1.149505e-03 3.375856e-01 
-2.323779e-01 -7.374037e-02 
-2.647007e-02 -3.866165e-01 
6.821963e-03 -2.361526e-01 
2.353027e-02 3.592729e-01 
1.871937e-02 7.352583e-01 
1.062101e-02 8.700049e-01 
-1.167471e-03 6.662599e-01 
-7.654510e-04 1.894253e-01 
3.940980e-04 -1.407125e-01 
1.150543e-03 -3.898700e-01 
1.443291e-03 -4.895539e-01 
7.273204e-04 -3.779745e-01 
2.798203e-04 -2.901021e-01 
-1.996629e-04 -1.742618e-01 
-8.079259e-04 -1.259781e-02 
-5.605272e-04 1.333857e-01 
-2.916001e-04 2.154067e-01 
-1.608102e-04 2.241324e-01 
-4.142301e-05 1.184034e-01 
6.337667e-05 -3.642864e-02 
6.119187e-05 -3.794480e-02 
1.292773e-04 9.588789e-02 
9.428715e-05 4.319580e-01 
-7.527502e-04 7.244461e-01 
-1.122848e-03 4.741257e-01 
-4.914389e-04 -1.206753e-01 
2.380444e-03 -1.126203e+00 
-3.003043e-01 -1.378203e+00 
-7.539056e-02 -1.805122e+00 
-4.951391e-02 -1.370322e+00 
-1.927081e-03 -2.557072e-01 
1.045056e-02 4.402486e-01 
3.661393e-03 8.115215e-01 
-1.194630e-02 7.418266e-01 
-1.525755e-03 2.502697e-01 
1.111327e-03 -7.037658e-02 
2.673213e-03 -3.242937e-01 
3.932325e-03 -4.595088e-01 
2.696804e-03 -4.130521e-01 
9.772989e-04 -3.881375e-01 
-2.293854e-04 -3.055639e-01 
-6.867619e-04 -1.183989e-01 
3.927936e-04 6.735606e-02 
3.412519e-04 1.386075e-01 
1.758084e-04 1.203592e-01 
8.136542e-05 -7.752691e-02 
1.672021e-04 -3.491566e-01 
1.671324e-04 -3.114841e-01 
6.258141e-05 -5.848301e-02 
-2.296335e-04 4.945731e-01 
-6.209680e-04 1.008365e+00 
-5.148145e-04 7.520639e-01 
-3.623490e-05 -1.333387e-02 
9.500427e-04 -1.370420e+00 
2.692464e-01 -1.385456e+00 
5.759160e-02 -1.107172e+00 
1.351615e-02 -3.709468e-01 
6.747820e-02 4.827446e-01 
4.815660e-02 9.851044e-01 
3.158307e-02 1.117181e+00 
1.097924e-02 7.895821e-01 
-1.927719e-03 9.048050e-02 
1.267651e-03 -3.543274e-01 
1.212895e-03 -5.873216e-01 
-2.868188e-03 -5.366534e-01 
-3.256809e-03 -1.777593e-01 
-2.593425e-03 6.717145e-02 
-2.641636e-03 2.272388e-01 
-1.177723e-03 2.866176e-01 
2.119535e-03 2.285657e-01 
1.308975e-03 1.941611e-01 
1.167435e-03 1.503327e-01 
1.170021e-03 9.420789e-02 
1.757044e-04 7.461690e-02 
-5.362724e-05 9.974770e-02 
-2.576350e-04 1.688363e-01 
-6.498977e-04 3.108845e-01 
-1.205355e-03 4.378553e-01 
-9.440385e-04 3.147082e-01 
-2.355355e-04 6.949601e-02 
8.265234e-04 -2.643064e-01 
-3.780424e+00 1.673134e+00 
-1.679069e-01 1.985324e+00 
1.983350e-01 1.848856e+00 
1.380992e-01 1.410066e+00 
6.324068e-02 1.058905e+00 
4.362017e-02 6.995892e-01 
3.054576e-02 2.945312e-01 
-1.504140e-02 -7.354761e-02 
-9.759235e-03 -2.867053e-01 
-1.433466e-02 -3.672734e-01 
-2.414256e-02 -2.774223e-01 
-5.757285e-03 -1.203326e-02 
-3.037067e-03 1.803996e-01 
-2.939173e-03 2.899738e-01 
-1.345712e-03 3.088041e-01 
2.685910e-03 2.504063e-01 
1.785975e-03 2.050175e-01 
1.680445e-03 1.794864e-01 
2.797847e-03 2.022935e-01 
2.614321e-03 2.703598e-01 
9.455685e-04 2.896635e-01 
4.556627e-04 2.731990e-01 
1.035024e-03 1.786053e-01 
1.131192e-03 3.561082e-02 
4.294518e-04 5.152694e-02 
-1.269996e-03 2.033729e-01 
-6.574592e-03 5.969763e-01 
