poroelastic
6.041250e-02 5.551201e-02 
7.523246e-02 5.720637e-02 
5.243927e-02 -2.432611e-02 
-5.840689e-02 -9.775191e-02 
-4.332756e-02 -9.451045e-02 
-3.500361e-02 -6.180325e-02 
-4.515642e-02 -2.849896e-03 
-4.903302e-02 9.924271e-03 
-3.024779e-02 -6.011456e-02 
-1.802540e-02 -1.249233e-01 
7.532027e-04 -1.408076e-01 
1.569093e-02 -5.903215e-02 
1.928534e-03 9.543962e-03 
-2.134603e-03 4.081693e-02 
2.745549e-03 3.255039e-02 
5.283362e-03 -2.870073e-03 
6.334235e-03 -2.761525e-02 
7.843449e-03 -4.616608e-02 
8.311161e-03 -4.891097e-02 
3.841421e-03 -1.641288e-02 
1.347429e-03 6.063474e-03 
1.167964e-03 1.589980e-02 
3.768855e-03 1.608614e-02 
5.612102e-03 2.515776e-03 
3.533989e-03 -2.844326e-02 
1.351838e-03 -7.051443e-02 
-4.291014e-03 -1.272165e-01 
-2.205162e-01 6.083867e-02 
6.552644e-02 -1.040527e-02 
3.706846e-02 -1.397439e-01 
-9.182144e-02 -2.023894e-01 
-5.766072e-02 -1.553544e-01 
-3.804259e-02 -6.853548e-02 
-4.642602e-02 2.404399e-03 
-4.987328e-02 -1.896417e-02 
-2.855398e-02 -8.377658e-02 
-1.557398e-02 -1.377178e-01 
1.244248e-04 -1.448403e-01 
1.274118e-02 -5.573292e-02 
9.412126e-04 1.107862e-02 
-4.496690e-03 5.041895e-02 
-1.871291e-03 5.720042e-02 
3.775402e-03 1.239243e-02 
6.132273e-03 -2.086021e-02 
7.822146e-03 -3.897218e-02 
8.801550e-03 -4.135928e-02 
5.536327e-03 -2.408587e-02 
2.912578e-03 -9.410305e-03 
2.155599e-03 4.186933e-03 
3.836709e-03 1.776539e-02 
5.325234e-03 1.864948e-02 
4.086622e-03 -1.680652e-02 
2.827539e-03 -8.204016e-02 
-2.797343e-03 -1.860114e-01 
1.344933e-01 2.974840e-01 
1.047221e-01 3.029982e-01 
7.624750e-02 1.723652e-01 
-5.294058e-02 -3.202136e-03 
-5.287318e-02 -8.391973e-02 
-5.259694e-02 -1.136489e-01 
-6.240752e-02 -1.173622e-01 
-3.870283e-02 -1.319853e-01 
-1.215745e-02 -1.467689e-01 
-7.867452e-04 -1.413524e-01 
3.759653e-03 -9.293112e-02 
-2.801006e-03 2.149209e-02 
-1.119231e-02 7.610560e-02 
-1.178758e-02 9.106137e-02 
-2.864655e-03 6.020145e-02 
9.460190e-03 -2.973573e-02 
1.175230e-02 -6.972758e-02 
1.060715e-02 -6.997436e-02 
7.110550e-03 -3.722823e-02 
9.147350e-04 2.283300e-02 
-1.290051e-03 4.835214e-02 
-1.468997e-04 4.703677e-02 
4.411267e-03 2.132430e-02 
6.615100e-03 -3.179427e-02 
4.461731e-03 -7.232128e-02 
2.891942e-03 -1.029343e-01 
7.143287e-05 -1.291912e-01 
1.752917e-01 2.341200e-01 
1.064078e-01 2.971379e-01 
7.085100e-02 1.683515e-01 
-8.445828e-02 -3.637465e-02 
-7.716513e-02 -1.664241e-01 
-7.370031e-02 -2.301101e-01 
-6.703906e-02 -2.281226e-01 
-2.858618e-02 -1.606930e-01 
-9.506363e-03 -1.109531e-01 
-6.841317e-03 -7.004115e-02 
-9.044935e-03 -2.390265e-02 
-6.338447e-03 3.953009e-02 
-1.062714e-02 7.087426e-02 
-9.846588e-03 7.278273e-02 
-3.801489e-04 3.384343e-02 
1.375036e-02 -5.267191e-02 
1.536823e-02 -8.793443e-02 
1.312262e-02 -8.222416e-02 
7.583542e-03 -3.503486e-02 
-1.167566e-03 4.743877e-02 
-3.571795e-03 7.968184e-02 
-1.260490e-03 7.105011e-02 
5.427533e-03 2.186252e-02 
8.000212e-03 -6.543336e-02 
6.158042e-03 -1.134601e-01 
4.476452e-03 -1.295556e-01 
1.913090e-03 -1.191149e-01 
5.501311e-02 3.386123e-01 
1.366033e-01 4.117024e-01 
8.948719e-02 2.537211e-01 
-1.212024e-01 -5.429848e-02 
-1.132777e-01 -2.945069e-01 
-9.975539e-02 -4.172704e-01 
-6.215313e-02 -3.857400e-01 
-1.323387e-02 -1.644983e-01 
-8.076967e-03 -7.061854e-03 
-1.955638e-02 8.223888e-02 
-3.076800e-02 1.003006e-01 
-9.392496e-03 5.449717e-02 
-2.152575e-03 2.056864e-02 
3.136866e-03 -6.789453e-03 
9.790983e-03 -3.633104e-02 
1.560757e-02 -6.860104e-02 
1.308731e-02 -7.079811e-02 
9.233107e-03 -4.871094e-02 
4.494817e-03 -1.548035e-03 
-2.001520e-03 6.110246e-02 
-3.460561e-03 8.003229e-02 
-5.926321e-04 6.237955e-02 
6.056153e-03 8.306336e-03 
8.114146e-03 -7.916605e-02 
7.183824e-03 -1.257784e-01 
5.990897e-03 -1.372687e-01 
3.748998e-03 -1.217803e-01 
2.837332e-01 6.446022e-01 
2.021131e-01 8.454282e-01 
1.274258e-01 6.165897e-01 
-1.165276e-01 4.727184e-02 
-1.270524e-01 -3.977208e-01 
-1.096430e-01 -6.368076e-01 
-4.874909e-02 -6.140351e-01 
4.154637e-03 -2.284443e-01 
-2.122291e-03 7.907345e-02 
-2.594536e-02 2.600825e-01 
-5.020113e-02 2.838874e-01 
-2.167496e-02 1.075470e-01 
1.770922e-03 -2.494336e-02 
1.610589e-02 -1.082719e-01 
2.247903e-02 -1.396039e-01 
1.796355e-02 -9.376900e-02 
8.890020e-03 -4.533667e-02 
2.513128e-03 -1.343908e-03 
-1.309690e-03 4.304961e-02 
-4.224740e-03 8.111440e-02 
-3.865377e-03 8.155913e-02 
1.558412e-04 4.950238e-02 
6.956537e-03 -1.364735e-02 
8.602719e-03 -1.027717e-01 
8.486313e-03 -1.392286e-01 
7.021066e-03 -1.268453e-01 
3.903541e-03 -7.737832e-02 
3.571051e-01 -2.372572e-01 
3.507455e-02 1.795103e-01 
-1.403574e-02 2.125436e-01 
-1.061634e-01 -8.430149e-02 
-8.559896e-02 -2.830321e-01 
-6.509077e-02 -3.816539e-01 
-2.746883e-02 -3.508433e-01 
2.332249e-03 -1.316550e-01 
-4.438337e-03 3.298612e-02 
-1.893927e-02 1.428591e-01 
-3.154097e-02 1.715210e-01 
-1.533040e-02 7.754044e-02 
-2.004305e-03 -1.243762e-03 
7.299374e-03 -5.747272e-02 
1.412408e-02 -8.832111e-02 
1.652314e-02 -8.114750e-02 
1.018762e-02 -5.370041e-02 
4.059400e-03 -1.250458e-02 
-1.889384e-04 3.313618e-02 
-2.938164e-03 5.935011e-02 
-2.903038e-03 6.017745e-02 
1.071603e-04 3.797449e-02 
4.347503e-03 -6.925287e-03 
4.714137e-03 -7.043859e-02 
7.017404e-03 -1.043957e-01 
7.643378e-03 -1.105441e-01 
6.686349e-03 -9.408015e-02 
