poroelastic
-1.899855e-02 1.042577e-01 
-2.742659e-04 1.609678e-01 
1.771387e-02 1.454733e-01 
2.228479e-02 1.081834e-01 
1.491423e-02 1.094119e-01 
7.246029e-03 1.084891e-01 
-8.668991e-03 1.158522e-01 
-2.166129e-02 8.475325e-02 
-1.723276e-02 -1.075893e-02 
-9.084319e-03 -1.000727e-01 
6.888191e-03 -1.394291e-01 
1.270166e-02 -7.325950e-02 
2.233691e-03 -7.175813e-03 
-2.307107e-03 3.406060e-02 
-8.486832e-04 3.991304e-02 
1.103701e-03 1.053203e-02 
1.793724e-03 -5.924062e-03 
2.468430e-03 -1.611763e-02 
2.658479e-03 -1.374007e-02 
8.618575e-04 8.087731e-03 
5.522323e-04 8.562402e-03 
1.149507e-03 -5.453600e-03 
2.385229e-03 -3.038107e-02 
1.815117e-03 -5.627817e-02 
1.876631e-04 -5.283297e-02 
-4.222022e-04 -2.850715e-02 
2.937831e-04 1.449869e-02 
1.694535e-01 2.728020e-01 
3.258084e-02 3.029764e-01 
3.454367e-02 1.896818e-01 
9.476683e-03 8.384618e-02 
4.577828e-03 7.801606e-02 
1.069144e-03 1.024775e-01 
-1.588248e-02 1.166954e-01 
-2.735050e-02 6.461948e-02 
-1.986259e-02 -2.313908e-02 
-1.260008e-02 -1.013295e-01 
9.478092e-04 -1.389274e-01 
1.395142e-02 -8.416538e-02 
5.721477e-03 -3.004573e-02 
8.374734e-04 1.061080e-02 
3.788853e-04 2.952954e-02 
1.456732e-03 1.156912e-02 
1.550380e-03 2.231310e-03 
1.960209e-03 -1.101882e-03 
2.705584e-03 1.319383e-03 
1.577737e-03 7.942372e-03 
1.343298e-03 -8.852168e-04 
1.965314e-03 -1.806954e-02 
3.140648e-03 -4.178831e-02 
2.425806e-03 -6.615810e-02 
7.804799e-04 -6.090413e-02 
1.823692e-05 -3.717634e-02 
-2.548811e-05 -2.941359e-03 
-1.322287e-01 -2.097922e-01 
-3.569404e-02 -1.970399e-02 
1.748548e-02 1.514064e-01 
5.355208e-02 2.506623e-01 
3.867267e-02 3.024507e-01 
1.419721e-02 2.857954e-01 
-2.887691e-02 1.811928e-01 
-3.379254e-02 -1.882695e-02 
-1.288124e-02 -1.555467e-01 
2.820854e-03 -2.202427e-01 
1.436005e-02 -1.870907e-01 
5.813436e-03 -3.616143e-02 
-5.605932e-03 5.295989e-02 
-8.528924e-03 9.082623e-02 
-3.088053e-03 7.327684e-02 
4.049458e-03 -5.927448e-03 
5.492219e-03 -4.322336e-02 
5.361636e-03 -4.965107e-02 
3.951001e-03 -2.754090e-02 
7.316350e-04 1.667174e-02 
-5.678189e-06 2.778035e-02 
7.748753e-04 1.637719e-02 
2.715971e-03 -1.835257e-02 
2.802828e-03 -7.115390e-02 
1.427216e-03 -7.880045e-02 
4.835488e-04 -5.627036e-02 
1.260603e-05 -8.103941e-03 
-2.315482e-01 1.350792e-01 
3.008167e-02 3.618760e-01 
8.143274e-02 4.525835e-01 
6.644056e-02 3.844900e-01 
2.445496e-02 2.840670e-01 
-8.727736e-03 1.603598e-01 
-3.940459e-02 2.716935e-02 
-2.583107e-02 -7.771662e-02 
-8.801838e-03 -1.428673e-01 
7.033517e-04 -1.662057e-01 
6.194841e-03 -1.225880e-01 
1.162028e-03 -1.973518e-03 
-7.185551e-03 6.830993e-02 
-8.829055e-03 9.312924e-02 
-1.673214e-03 5.716688e-02 
8.194231e-03 -4.040040e-02 
9.240870e-03 -7.933103e-02 
7.826957e-03 -7.640329e-02 
4.224243e-03 -3.031535e-02 
-8.457338e-04 4.562685e-02 
-1.572813e-03 6.540229e-02 
7.952341e-05 4.451353e-02 
3.379636e-03 -1.948573e-02 
3.871491e-03 -1.087072e-01 
2.613692e-03 -1.202963e-01 
1.156467e-03 -7.770565e-02 
-1.861346e-04 1.625069e-02 
1.781791e-01 6.114606e-01 
1.281548e-01 8.864427e-01 
1.699564e-01 8.412568e-01 
7.038802e-02 5.137463e-01 
-4.252123e-03 1.948780e-01 
-4.137680e-02 -6.469834e-02 
-4.664908e-02 -2.055002e-01 
-1.496964e-02 -1.444145e-01 
-4.928079e-03 -8.729972e-02 
-5.429627e-03 -4.181681e-02 
-8.306202e-03 -6.916553e-04 
-3.524275e-03 3.755303e-02 
-4.937512e-03 5.417263e-02 
-2.890399e-03 4.580652e-02 
4.478602e-03 7.313007e-04 
1.179482e-02 -7.471950e-02 
1.076784e-02 -9.574156e-02 
7.727005e-03 -7.597150e-02 
2.980503e-03 -1.302458e-02 
-2.432638e-03 7.663503e-02 
-2.828906e-03 9.629302e-02 
-3.641595e-04 6.224809e-02 
3.944277e-03 -2.873495e-02 
4.914453e-03 -1.520434e-01 
3.992328e-03 -1.631550e-01 
1.872256e-03 -9.207457e-02 
-1.106363e-03 5.698199e-02 
1.148495e+00 9.377790e-01 
4.238557e-01 1.557311e+00 
2.858773e-01 1.409910e+00 
6.086409e-02 6.989359e-01 
-3.884354e-02 7.550546e-02 
-7.023093e-02 -3.611463e-01 
-4.594540e-02 -5.338064e-01 
-9.495130e-04 -2.892009e-01 
2.109301e-03 -6.397500e-02 
-8.191051e-03 9.336363e-02 
-2.183388e-02 1.660428e-01 
-1.428622e-02 1.162338e-01 
-6.500750e-03 5.740451e-02 
1.206267e-03 -5.023251e-03 
9.882510e-03 -7.095468e-02 
1.616152e-02 -1.187419e-01 
1.256592e-02 -1.156238e-01 
7.066001e-03 -7.374805e-02 
3.824995e-04 8.743309e-03 
-5.413564e-03 1.167310e-01 
-5.301625e-03 1.386393e-01 
-1.624393e-03 8.964350e-02 
4.226339e-03 -3.178127e-02 
6.745349e-03 -2.041190e-01 
6.808546e-03 -2.159793e-01 
3.196050e-03 -9.969563e-02 
-4.377405e-03 1.369466e-01 
-2.202615e-02 -5.020960e-01 
4.888456e-02 2.017125e-01 
9.054802e-02 5.192020e-01 
8.965719e-03 3.441162e-01 
-2.537594e-02 1.208474e-01 
-4.577806e-02 -9.128876e-02 
-4.272438e-02 -2.435225e-01 
-2.531437e-03 -2.082342e-01 
4.161295e-03 -1.407797e-01 
7.051224e-04 -5.869679e-02 
-6.797125e-03 2.415296e-02 
-8.286319e-03 6.676119e-02 
-9.277543e-03 7.854681e-02 
-6.961917e-03 6.035480e-02 
2.102025e-03 1.290436e-03 
1.450180e-02 -8.494360e-02 
1.365665e-02 -1.138836e-01 
1.010862e-02 -9.741310e-02 
4.275401e-03 -3.385315e-02 
-2.144487e-03 5.956184e-02 
-3.410901e-03 9.413555e-02 
-1.572082e-03 7.620258e-02 
1.709633e-03 -6.421988e-04 
3.203987e-03 -1.165810e-01 
5.297221e-03 -1.437357e-01 
4.197566e-03 -9.913625e-02 
-9.747863e-04 2.168283e-02 
