poroelastic
4.825724e-02 -9.454839e-02 
3.805935e-02 -1.514957e-01 
3.618631e-03 -1.715330e-01 
-6.701693e-02 -1.845094e-01 
-4.645245e-02 -1.846145e-01 
-3.410977e-02 -1.605614e-01 
-2.712655e-02 -1.421095e-01 
-9.623359e-03 -1.000450e-01 
-5.176876e-03 -7.004523e-03 
-1.262590e-02 7.190330e-02 
-1.866493e-02 9.247733e-02 
4.754717e-03 5.471289e-03 
9.566722e-03 -5.450673e-02 
1.029030e-02 -7.660972e-02 
7.626817e-03 -5.858845e-02 
1.812206e-03 -8.455058e-03 
5.112261e-05 1.940742e-02 
8.447116e-05 2.868287e-02 
1.477443e-03 1.487211e-02 
1.564400e-03 -1.904989e-02 
1.235857e-03 -2.968101e-02 
9.841904e-04 -2.236448e-02 
1.085192e-03 4.197156e-03 
1.259538e-03 3.298437e-02 
1.128381e-03 1.354302e-02 
5.825826e-04 -4.380207e-02 
-2.154177e-03 -1.479310e-01 
-4.717801e-01 -3.980878e-01 
-4.823744e-02 -5.068940e-01 
-3.947923e-02 -3.806629e-01 
-6.520616e-02 -2.193719e-01 
-3.618767e-02 -1.544896e-01 
-2.456160e-02 -1.222608e-01 
-1.885974e-02 -1.100885e-01 
-6.010593e-03 -8.577051e-02 
-2.639992e-03 -1.088573e-02 
-8.244073e-03 5.990335e-02 
-1.493018e-02 8.848748e-02 
7.184003e-04 2.301201e-02 
5.911118e-03 -3.209028e-02 
7.682758e-03 -6.006482e-02 
6.194201e-03 -5.016436e-02 
1.060887e-03 3.771808e-03 
-5.869488e-04 3.179973e-02 
-2.268036e-04 3.611495e-02 
1.569652e-03 1.440633e-02 
1.847345e-03 -2.779667e-02 
1.474875e-03 -4.004376e-02 
1.029473e-03 -2.741998e-02 
7.361747e-04 1.192920e-02 
7.144917e-04 5.750200e-02 
9.053332e-04 3.342703e-02 
8.013167e-04 -4.437693e-02 
-1.182097e-03 -1.825198e-01 
2.352803e-01 6.164031e-01 
1.223510e-01 3.708614e-01 
1.867155e-02 2.632236e-02 
-1.002563e-01 -2.741572e-01 
-8.174331e-02 -4.307019e-01 
-5.329885e-02 -4.493466e-01 
-1.416330e-02 -3.219272e-01 
4.983052e-03 -5.858528e-02 
-5.028715e-03 1.318931e-01 
-2.065633e-02 2.308971e-01 
-2.916732e-02 2.028101e-01 
3.129987e-03 2.304263e-02 
1.329437e-02 -9.031019e-02 
1.546531e-02 -1.392856e-01 
1.111111e-02 -1.162604e-01 
2.011381e-03 -1.762088e-02 
-1.279659e-03 4.176399e-02 
-1.583292e-03 6.697207e-02 
4.049096e-04 5.543672e-02 
1.089998e-03 8.182030e-03 
1.224617e-03 -1.952376e-02 
1.347853e-03 -3.071414e-02 
1.415230e-03 -2.221690e-02 
8.435253e-04 -1.101741e-03 
6.069338e-04 -1.342411e-02 
5.975200e-04 -5.199557e-02 
9.396744e-05 -1.258558e-01 
4.056475e-01 3.526074e-02 
2.453131e-02 -2.036349e-01 
-7.201043e-02 -4.122190e-01 
-1.303942e-01 -4.818239e-01 
-7.529402e-02 -4.459234e-01 
-3.782108e-02 -3.349492e-01 
-8.882994e-03 -1.736087e-01 
3.043972e-04 -8.008724e-03 
-6.676112e-03 1.118701e-01 
-1.768555e-02 1.734586e-01 
-2.186059e-02 1.417898e-01 
4.247301e-03 -2.483069e-04 
1.161415e-02 -8.812879e-02 
1.319860e-02 -1.227273e-01 
9.020663e-03 -8.965913e-02 
7.069708e-04 8.986480e-03 
-1.973700e-03 5.910483e-02 
-1.417695e-03 7.153515e-02 
1.420663e-03 4.319468e-02 
1.879118e-03 -1.724131e-02 
1.851972e-03 -4.320690e-02 
1.637361e-03 -4.239335e-02 
1.138074e-03 -1.074592e-02 
1.789984e-04 3.174628e-02 
2.965049e-04 1.226260e-02 
8.611535e-04 -5.395105e-02 
1.258863e-03 -1.778241e-01 
-2.243398e-01 -5.605285e-01 
-1.092248e-01 -8.390610e-01 
-1.638795e-01 -8.593508e-01 
-1.453868e-01 -6.324970e-01 
-5.310740e-02 -3.635048e-01 
-1.099300e-02 -1.112803e-01 
-1.923498e-03 5.343995e-02 
-4.511741e-03 5.033282e-02 
-6.225895e-03 5.451768e-02 
-9.523437e-03 5.837853e-02 
-9.561279e-03 4.080594e-02 
4.512696e-03 -1.717432e-02 
7.296894e-03 -5.423102e-02 
7.298153e-03 -6.307112e-02 
4.318936e-03 -3.240481e-02 
-8.122505e-04 3.487412e-02 
-1.974312e-03 6.211195e-02 
-5.928459e-04 5.723489e-02 
2.376058e-03 1.782031e-02 
2.412707e-03 -4.422930e-02 
2.095738e-03 -6.238812e-02 
1.438930e-03 -4.545872e-02 
3.975611e-04 1.038825e-02 
-8.540556e-04 7.695408e-02 
-4.715300e-04 5.056008e-02 
7.924068e-04 -4.602207e-02 
2.639612e-03 -2.215345e-01 
-1.409457e+00 -9.494377e-01 
-5.062474e-01 -1.639474e+00 
-3.157219e-01 -1.516370e+00 
-1.375254e-01 -8.533552e-01 
-1.089284e-02 -2.544298e-01 
2.838232e-02 1.921086e-01 
9.651867e-03 4.004099e-01 
-1.240883e-02 2.174747e-01 
-9.249531e-03 5.746000e-02 
-3.234540e-03 -4.939639e-02 
3.834961e-03 -1.005496e-01 
9.092493e-03 -8.187734e-02 
5.807890e-03 -5.475450e-02 
2.099841e-03 -1.803698e-02 
-1.523613e-03 3.035700e-02 
-3.667317e-03 7.662700e-02 
-2.956508e-03 8.152463e-02 
-1.613824e-04 5.488965e-02 
3.906190e-03 -5.278499e-03 
3.986775e-03 -8.761158e-02 
3.296500e-03 -1.046722e-01 
1.876779e-03 -6.795800e-02 
-3.239854e-04 2.492499e-02 
-2.927025e-03 1.435116e-01 
-2.583501e-03 1.141086e-01 
3.536994e-04 -3.094572e-02 
6.516489e-03 -2.973823e-01 
2.656775e-01 8.301256e-01 
1.067720e-02 7.471234e-02 
-1.252005e-01 -4.411672e-01 
-9.432807e-02 -4.949868e-01 
-3.311795e-02 -3.828385e-01 
4.997935e-03 -1.929384e-01 
2.026444e-02 3.723066e-02 
-4.385224e-03 1.666421e-01 
-1.433987e-02 2.076412e-01 
-1.814790e-02 1.873784e-01 
-1.355522e-02 1.016162e-01 
5.064242e-03 -2.917838e-02 
1.134070e-02 -1.031164e-01 
1.205809e-02 -1.237717e-01 
6.837003e-03 -7.834351e-02 
-1.658042e-03 2.774397e-02 
-3.958608e-03 7.993620e-02 
-2.710861e-03 8.849556e-02 
9.919292e-04 4.924714e-02 
1.701872e-03 -2.829693e-02 
2.036573e-03 -6.213108e-02 
1.737542e-03 -5.984943e-02 
4.471024e-04 -1.580591e-02 
-1.694446e-03 5.118363e-02 
-1.738603e-03 4.425331e-02 
5.270243e-05 -2.150704e-02 
5.191790e-03 -1.586171e-01 
