poroelastic
-8.131736e-02 1.134279e-01 
-6.577699e-02 2.077245e-01 
-1.849118e-02 2.571843e-01 
8.410531e-02 2.545529e-01 
6.126917e-02 2.597310e-01 
4.669087e-02 2.372948e-01 
3.627932e-02 2.018029e-01 
1.447606e-02 1.429873e-01 
3.294860e-03 5.064693e-02 
6.704808e-03 -3.521500e-02 
1.556303e-02 -8.734994e-02 
4.160043e-03 -6.443190e-02 
-1.144854e-03 -2.075200e-02 
-5.432529e-03 1.869331e-02 
-7.812729e-03 4.374981e-02 
-4.733670e-03 4.597750e-02 
-3.359090e-03 4.318518e-02 
-2.529551e-03 3.439955e-02 
-1.927390e-03 2.295469e-02 
-9.030756e-04 1.192818e-02 
-1.406245e-04 -8.553550e-03 
2.004516e-04 -3.373371e-02 
-5.930631e-04 -6.242191e-02 
-2.043831e-03 -7.215315e-02 
-2.087278e-03 -2.165278e-02 
-1.085205e-03 7.057171e-02 
3.539569e-03 2.081938e-01 
5.465481e-01 3.549199e-01 
6.338098e-03 4.902079e-01 
2.278033e-02 4.337853e-01 
9.171455e-02 3.194832e-01 
5.732894e-02 2.720894e-01 
3.997061e-02 2.391740e-01 
2.518921e-02 1.998198e-01 
5.373716e-03 1.296749e-01 
-1.963159e-03 4.551502e-02 
2.277491e-04 -3.156948e-02 
8.654133e-03 -8.623744e-02 
7.897709e-03 -8.278434e-02 
4.034579e-03 -5.728080e-02 
6.636683e-05 -2.565461e-02 
-3.940709e-03 8.824018e-03 
-4.072166e-03 3.498797e-02 
-3.728610e-03 4.880367e-02 
-3.291143e-03 5.130254e-02 
-2.324139e-03 4.120468e-02 
-7.266769e-04 1.522372e-02 
3.090844e-04 -1.692771e-02 
8.330123e-04 -5.076791e-02 
2.655774e-04 -8.615229e-02 
-1.021159e-03 -9.929354e-02 
-1.569081e-03 -3.674733e-02 
-1.337195e-03 7.689049e-02 
1.708961e-03 2.404479e-01 
-4.354511e-01 -6.132112e-01 
-1.533837e-01 -3.431128e-01 
-3.206423e-02 3.682008e-02 
1.279195e-01 3.772388e-01 
1.078872e-01 5.602327e-01 
7.568600e-02 5.870041e-01 
2.354842e-02 4.381557e-01 
-1.095709e-02 1.218966e-01 
-5.009906e-03 -9.392304e-02 
9.545466e-03 -2.156649e-01 
2.435657e-02 -2.243776e-01 
8.193029e-03 -9.848837e-02 
-2.120452e-03 -6.233493e-03 
-7.533004e-03 5.354199e-02 
-9.338611e-03 8.054379e-02 
-5.497225e-03 6.424351e-02 
-3.131427e-03 4.598159e-02 
-1.565106e-03 2.420261e-02 
-3.441293e-04 -2.182894e-03 
6.066625e-04 -2.974951e-02 
9.475430e-04 -4.866425e-02 
6.874786e-04 -5.713809e-02 
-4.076857e-04 -5.668161e-02 
-9.029687e-04 -3.874363e-02 
-1.042898e-03 1.414325e-02 
-1.142021e-03 8.538405e-02 
-3.167153e-04 1.757970e-01 
-5.753512e-01 4.136267e-03 
-4.087823e-02 2.785849e-01 
7.779207e-02 5.422955e-01 
1.798481e-01 6.535623e-01 
1.095577e-01 6.388199e-01 
5.814934e-02 5.180131e-01 
7.799733e-03 3.003048e-01 
-9.342318e-03 4.294958e-02 
-1.271945e-03 -1.214907e-01 
1.118635e-02 -2.073997e-01 
2.114342e-02 -1.902055e-01 
4.227115e-03 -5.861769e-02 
-4.441316e-03 2.917167e-02 
-8.512355e-03 7.848190e-02 
-8.038340e-03 7.971434e-02 
-2.900214e-03 2.836403e-02 
-6.591541e-04 1.255563e-03 
-5.353296e-05 -1.234544e-02 
-5.569604e-04 -1.238850e-02 
-5.631886e-04 -1.851088e-03 
-1.684059e-04 -9.120303e-03 
1.110776e-04 -2.627990e-02 
1.079446e-04 -5.606891e-02 
5.026584e-04 -7.652624e-02 
-2.475228e-04 -2.376836e-02 
-1.446812e-03 7.562707e-02 
-2.345078e-03 2.254480e-01 
2.620343e-01 6.150827e-01 
9.506393e-02 9.800800e-01 
1.987189e-01 1.074953e+00 
2.210243e-01 8.866408e-01 
9.638684e-02 6.308777e-01 
2.818946e-02 3.454596e-01 
-9.906602e-03 7.808750e-02 
-5.990164e-03 -6.692290e-02 
3.260567e-03 -1.400435e-01 
1.153958e-02 -1.614345e-01 
1.505131e-02 -1.166173e-01 
-6.268116e-04 -7.010517e-03 
-6.797163e-03 5.904382e-02 
-8.356910e-03 8.316781e-02 
-5.271800e-03 5.600183e-02 
7.102322e-04 -1.787537e-02 
2.323788e-03 -4.879997e-02 
1.444309e-03 -4.868683e-02 
-1.259908e-03 -1.432856e-02 
-2.342505e-03 4.338176e-02 
-1.855958e-03 4.929352e-02 
-7.381471e-04 1.731917e-02 
7.681742e-04 -5.770805e-02 
2.404938e-03 -1.405891e-01 
1.459129e-03 -8.995502e-02 
-1.100586e-03 5.420843e-02 
-5.039866e-03 2.968158e-01 
1.555408e+00 7.776406e-01 
5.147727e-01 1.582552e+00 
3.538207e-01 1.614290e+00 
2.061808e-01 1.092647e+00 
5.279313e-02 5.537662e-01 
-1.324543e-02 9.335992e-02 
-2.628400e-02 -2.272615e-01 
-3.409241e-04 -2.491518e-01 
8.633853e-03 -1.996213e-01 
1.144825e-02 -1.265257e-01 
8.568004e-03 -2.801888e-02 
-6.391781e-03 7.264599e-02 
-1.054698e-02 1.146223e-01 
-9.415011e-03 1.052376e-01 
-3.351295e-03 4.054631e-02 
5.206739e-03 -6.850790e-02 
6.571055e-03 -1.102005e-01 
3.851395e-03 -9.702058e-02 
-1.915057e-03 -2.635952e-02 
-4.808533e-03 9.086197e-02 
-4.429975e-03 1.209917e-01 
-2.400531e-03 7.988221e-02 
9.699247e-04 -3.804254e-02 
5.042538e-03 -2.035347e-01 
4.821345e-03 -1.684463e-01 
1.250096e-04 2.065642e-02 
-1.034250e-02 3.667531e-01 
-4.824048e-01 -5.183874e-01 
5.919044e-02 1.617722e-01 
1.726839e-01 6.288420e-01 
1.100841e-01 6.395098e-01 
3.472599e-02 4.752705e-01 
-1.282269e-02 2.338976e-01 
-3.438281e-02 -3.968261e-02 
-2.984417e-04 -1.932829e-01 
1.145962e-02 -2.462189e-01 
1.576644e-02 -2.272408e-01 
1.292660e-02 -1.308614e-01 
-1.462890e-03 1.593863e-02 
-9.480023e-03 1.032486e-01 
-1.187330e-02 1.325063e-01 
-6.840236e-03 8.613611e-02 
3.655930e-03 -2.893596e-02 
6.207422e-03 -8.673357e-02 
5.164766e-03 -9.963690e-02 
1.095945e-03 -6.013919e-02 
-1.469531e-03 2.475076e-02 
-2.085600e-03 5.896839e-02 
-1.541432e-03 5.085069e-02 
1.602529e-04 -6.964997e-03 
2.921193e-03 -9.091022e-02 
3.236097e-03 -7.806419e-02 
5.702216e-04 7.959883e-03 
-7.171725e-03 1.786795e-01 
