poroelastic
4.469007e-02 -6.483514e-02 
3.750817e-02 -1.373680e-01 
-5.869644e-03 -2.341860e-01 
-7.738990e-02 -3.255119e-01 
-4.609243e-02 -3.111433e-01 
-2.514405e-02 -2.383388e-01 
-9.868113e-03 -1.397472e-01 
-1.156113e-03 -3.958606e-02 
-3.848919e-03 4.396093e-02 
-1.001309e-02 9.141223e-02 
-1.105745e-02 7.691779e-02 
5.726138e-03 -1.464478e-02 
7.832959e-03 -6.281419e-02 
7.123697e-03 -7.523145e-02 
4.160973e-03 -5.173080e-02 
4.956471e-04 -1.461851e-03 
-3.474116e-04 2.417802e-02 
-2.065066e-04 3.094025e-02 
5.768950e-04 1.605604e-02 
5.873423e-04 -1.588110e-02 
5.094331e-04 -2.897628e-02 
4.089390e-04 -2.842743e-02 
3.009901e-04 -1.314661e-02 
2.237667e-04 9.392422e-03 
2.167218e-04 8.693126e-03 
1.384392e-04 -1.156081e-02 
-4.376961e-04 -5.528984e-02 
-7.033103e-01 -5.526473e-01 
-4.717005e-02 -6.607328e-01 
-5.062560e-02 -5.857196e-01 
-9.118478e-02 -4.665974e-01 
-4.394769e-02 -3.352679e-01 
-1.971011e-02 -2.010473e-01 
-7.629791e-03 -8.301866e-02 
-2.411371e-03 -1.002454e-02 
-4.609829e-03 5.147136e-02 
-9.565457e-03 8.479416e-02 
-1.048497e-02 6.735645e-02 
5.461716e-03 -1.750499e-02 
7.758157e-03 -6.598520e-02 
7.234967e-03 -7.923380e-02 
4.311607e-03 -5.114033e-02 
1.503088e-04 1.377028e-02 
-7.972762e-04 4.407769e-02 
-3.251543e-04 4.648646e-02 
1.057777e-03 1.741966e-02 
1.097733e-03 -3.600479e-02 
9.273047e-04 -5.545489e-02 
6.633018e-04 -4.881269e-02 
2.983076e-04 -1.376630e-02 
1.013921e-04 3.494302e-02 
2.070054e-04 3.206136e-02 
2.482810e-04 -1.208780e-02 
-3.219339e-04 -1.032250e-01 
-1.682395e-01 9.763619e-01 
1.069882e-01 6.734365e-01 
2.719879e-02 1.962230e-01 
-7.545342e-02 -2.659783e-01 
-5.793315e-02 -4.651974e-01 
-3.038539e-02 -4.845210e-01 
4.718132e-03 -3.327737e-01 
9.315380e-03 -5.415324e-02 
-2.987837e-03 1.266025e-01 
-1.434929e-02 2.161327e-01 
-1.885176e-02 1.908290e-01 
-3.856660e-05 3.710426e-02 
7.060462e-03 -5.862120e-02 
8.513944e-03 -1.041018e-01 
5.345745e-03 -9.362372e-02 
7.195200e-04 -2.390296e-02 
-7.452501e-04 2.113235e-02 
-1.052287e-03 4.551890e-02 
-4.270523e-04 4.740431e-02 
-5.086647e-05 2.271638e-02 
1.605889e-04 2.460808e-04 
3.540450e-04 -2.054060e-02 
4.572445e-04 -4.017157e-02 
2.899709e-04 -4.852152e-02 
1.082817e-04 -3.347234e-02 
-3.616487e-05 -3.380099e-03 
-8.848867e-05 4.054190e-02 
2.952274e-01 3.129250e-01 
3.363292e-02 4.198101e-02 
-4.630421e-02 -2.700003e-01 
-9.726180e-02 -4.776170e-01 
-5.395095e-02 -4.878841e-01 
-2.295281e-02 -3.885324e-01 
2.325414e-03 -2.077895e-01 
3.579418e-03 -1.057944e-02 
-4.796321e-03 1.137286e-01 
-1.279963e-02 1.704925e-01 
-1.406101e-02 1.346223e-01 
2.818687e-03 3.716579e-03 
7.568502e-03 -7.143567e-02 
8.169638e-03 -1.007414e-01 
4.892274e-03 -7.563010e-02 
2.555043e-04 -1.732926e-03 
-1.044688e-03 3.802019e-02 
-8.596439e-04 5.220346e-02 
3.062481e-04 3.802036e-02 
3.793546e-04 -1.322524e-03 
5.069703e-04 -2.419567e-02 
5.665136e-04 -3.534803e-02 
4.577526e-04 -3.399686e-02 
1.831665e-04 -2.007618e-02 
9.100358e-05 -1.102212e-02 
6.204703e-05 -7.811884e-03 
1.032629e-04 -1.501208e-02 
-2.213288e-01 -4.745225e-01 
-7.207190e-02 -7.005908e-01 
-1.185122e-01 -7.742623e-01 
-1.165952e-01 -6.579941e-01 
-4.509362e-02 -4.426428e-01 
-1.129735e-02 -2.118729e-01 
8.147713e-04 -2.372595e-02 
-1.716907e-03 4.347422e-02 
-5.629916e-03 8.137752e-02 
-9.072330e-03 9.071047e-02 
-7.382762e-03 5.412379e-02 
5.418418e-03 -3.034847e-02 
7.310048e-03 -7.236721e-02 
6.314855e-03 -7.712515e-02 
2.759098e-03 -3.818905e-02 
-9.776248e-04 3.278027e-02 
-1.539580e-03 6.222166e-02 
-5.343153e-04 5.925676e-02 
1.269517e-03 2.023014e-02 
9.894044e-04 -4.242319e-02 
9.439110e-04 -6.482531e-02 
6.956534e-04 -5.646476e-02 
1.804889e-04 -1.450694e-02 
-3.635310e-04 4.195070e-02 
-3.829174e-04 4.163017e-02 
5.677278e-06 -3.872542e-03 
9.271734e-04 -1.021553e-01 
-1.449904e+00 -8.842186e-01 
-3.777345e-01 -1.437142e+00 
-2.173577e-01 -1.338803e+00 
-1.122332e-01 -8.465758e-01 
-2.360517e-02 -3.757013e-01 
5.770213e-03 -7.886621e-04 
9.232563e-04 2.171773e-01 
-8.994869e-03 1.659155e-01 
-8.870493e-03 1.008544e-01 
-7.207870e-03 3.854555e-02 
-1.972759e-03 -2.637479e-02 
9.274422e-03 -8.325591e-02 
8.839959e-03 -9.822461e-02 
6.134406e-03 -7.740939e-02 
1.731214e-03 -1.812966e-02 
-2.251857e-03 6.485242e-02 
-2.455843e-03 9.336554e-02 
-5.377592e-04 7.821293e-02 
2.509234e-03 1.530995e-02 
1.988158e-03 -8.205322e-02 
1.770653e-03 -1.125334e-01 
1.197988e-03 -8.956454e-02 
1.129578e-04 -9.237489e-03 
-1.252948e-03 1.009687e-01 
-1.476177e-03 9.575882e-02 
-3.018173e-04 -1.176390e-03 
3.071790e-03 -1.994200e-01 
9.352355e-03 9.923442e-01 
4.766626e-02 3.355863e-01 
-5.873419e-02 -1.831488e-01 
-5.807232e-02 -3.832389e-01 
-2.281022e-02 -3.654432e-01 
1.830947e-03 -2.460515e-01 
1.544387e-02 -5.947547e-02 
-1.038718e-03 8.959791e-02 
-9.750381e-03 1.606016e-01 
-1.385923e-02 1.738200e-01 
-1.128456e-02 1.174846e-01 
2.061940e-03 -5.379913e-04 
6.750947e-03 -6.975801e-02 
7.529642e-03 -9.667589e-02 
4.338872e-03 -7.183262e-02 
-4.026534e-04 3.174943e-03 
-1.657388e-03 4.491485e-02 
-1.260014e-03 5.877834e-02 
2.248226e-04 4.120134e-02 
2.662346e-04 -3.749749e-03 
4.452369e-04 -2.862459e-02 
5.043188e-04 -3.783202e-02 
3.069506e-04 -2.922489e-02 
-2.797743e-05 -4.690315e-03 
-1.577220e-04 5.070454e-03 
-9.142895e-05 2.989540e-04 
5.479540e-04 -2.408958e-02 
