poroelastic
1.267691e-01 1.696199e-02 
1.366892e-01 -2.001100e-02 
8.323683e-02 -1.290675e-01 
-1.194677e-01 -2.189125e-01 
-9.603354e-02 -2.476447e-01 
-7.805786e-02 -2.298159e-01 
-7.668057e-02 -1.835271e-01 
-5.319370e-02 -1.500499e-01 
-1.904163e-02 -1.348343e-01 
-8.878314e-03 -1.047520e-01 
-6.656287e-03 -5.213720e-02 
-1.056235e-03 1.885772e-02 
-6.284080e-03 4.879584e-02 
-2.874636e-03 4.301625e-02 
6.189025e-03 1.278692e-02 
8.747834e-03 -2.297556e-02 
9.474801e-03 -4.625931e-02 
1.016693e-02 -5.907955e-02 
9.592786e-03 -5.697795e-02 
4.942940e-03 -2.978742e-02 
1.365653e-03 -3.292988e-04 
5.737840e-05 2.359181e-02 
2.139916e-03 3.955177e-02 
5.655389e-03 3.637991e-02 
4.781712e-03 -7.487384e-04 
2.395082e-03 -6.288235e-02 
-6.563325e-03 -1.538839e-01 
-4.419707e-01 -1.048234e-01 
8.728366e-02 -2.207091e-01 
4.693701e-02 -3.082393e-01 
-1.591185e-01 -3.393051e-01 
-1.117315e-01 -3.215975e-01 
-8.191075e-02 -2.662233e-01 
-7.240914e-02 -2.060624e-01 
-4.553718e-02 -1.827272e-01 
-1.166795e-02 -1.601105e-01 
9.766628e-04 -1.235263e-01 
3.272301e-03 -6.153714e-02 
-6.464381e-03 3.436427e-02 
-1.515373e-02 8.478109e-02 
-1.523536e-02 9.948783e-02 
-6.328226e-03 7.709966e-02 
5.157274e-03 4.295568e-03 
1.059771e-02 -4.864127e-02 
1.317978e-02 -7.618941e-02 
1.275063e-02 -7.736303e-02 
6.991221e-03 -4.499918e-02 
2.199754e-03 -8.899744e-03 
-2.719441e-04 2.612539e-02 
6.421317e-04 5.878992e-02 
4.376473e-03 7.163911e-02 
5.201512e-03 2.235790e-02 
4.371998e-03 -7.623660e-02 
-4.384701e-03 -2.288590e-01 
3.959965e-01 6.402733e-01 
2.288580e-01 4.916837e-01 
1.247407e-01 1.419181e-01 
-1.567370e-01 -2.249889e-01 
-1.476334e-01 -4.269830e-01 
-1.204393e-01 -4.879361e-01 
-8.060485e-02 -4.258340e-01 
-1.734245e-02 -2.650171e-01 
6.780445e-03 -1.396494e-01 
7.617520e-03 -4.219149e-02 
-3.053246e-03 3.598144e-02 
-1.878226e-02 9.339433e-02 
-2.009007e-02 1.075610e-01 
-1.676762e-02 1.009185e-01 
-6.107980e-03 6.225909e-02 
8.742824e-03 -2.602350e-02 
1.311579e-02 -7.135701e-02 
1.279932e-02 -7.901482e-02 
8.683177e-03 -5.355631e-02 
9.948293e-04 6.472764e-03 
-2.478116e-03 4.237130e-02 
-2.322219e-03 5.441132e-02 
1.699412e-03 4.517781e-02 
5.354038e-03 9.994545e-03 
4.502302e-03 -3.394624e-02 
3.562174e-03 -8.330368e-02 
3.652935e-06 -1.406078e-01 
5.323191e-01 2.355819e-01 
1.686049e-01 1.454855e-01 
4.009698e-02 -1.382649e-01 
-2.349945e-01 -4.175768e-01 
-1.774591e-01 -5.603882e-01 
-1.294359e-01 -5.680986e-01 
-7.139554e-02 -4.545743e-01 
-8.502887e-03 -2.427783e-01 
5.190958e-03 -8.360260e-02 
-1.750121e-03 2.762572e-02 
-1.598323e-02 8.677596e-02 
-1.673456e-02 8.657710e-02 
-1.413390e-02 7.692237e-02 
-9.841131e-03 5.835219e-02 
-1.466395e-03 2.471273e-02 
9.269905e-03 -2.877125e-02 
1.172695e-02 -5.663263e-02 
1.109796e-02 -5.964360e-02 
7.401129e-03 -3.470914e-02 
1.038419e-04 2.029486e-02 
-2.996570e-03 5.065331e-02 
-2.147807e-03 5.617781e-02 
2.858484e-03 3.689343e-02 
6.038155e-03 -1.105713e-02 
5.457415e-03 -5.759100e-02 
4.983953e-03 -9.874343e-02 
2.698145e-03 -1.380111e-01 
-4.619945e-02 -3.082507e-02 
1.001149e-01 -1.747079e-01 
-4.467950e-02 -3.895455e-01 
-3.100264e-01 -5.948696e-01 
-2.047682e-01 -6.909768e-01 
-1.287614e-01 -6.423378e-01 
-4.728603e-02 -4.541480e-01 
4.421708e-03 -1.579047e-01 
7.168657e-04 4.252943e-02 
-1.742625e-02 1.513547e-01 
-3.385672e-02 1.574901e-01 
-1.240117e-02 6.111615e-02 
4.048787e-04 1.517067e-05 
6.553520e-03 -3.043369e-02 
8.345647e-03 -3.555118e-02 
6.316650e-03 -1.891817e-02 
3.553674e-03 -7.561230e-03 
2.215478e-03 2.169874e-03 
2.333097e-03 1.136651e-02 
1.626215e-03 1.586394e-02 
5.992132e-04 1.887775e-02 
1.151644e-03 1.870606e-02 
3.619139e-03 1.552891e-02 
3.791689e-03 5.845627e-03 
4.381637e-03 -3.356728e-02 
6.182507e-03 -9.242358e-02 
6.879663e-03 -1.750875e-01 
-6.352907e-01 1.513334e-01 
-1.527373e-01 -1.782276e-01 
-1.509675e-01 -4.353148e-01 
-3.059315e-01 -6.716023e-01 
-1.840542e-01 -7.559020e-01 
-1.019242e-01 -6.832395e-01 
-1.898286e-02 -4.510282e-01 
1.418864e-02 -7.519812e-02 
-3.022611e-03 1.785811e-01 
-2.963901e-02 3.023614e-01 
-5.118272e-02 2.696544e-01 
-1.497637e-02 5.155867e-02 
1.323541e-02 -8.951892e-02 
2.609185e-02 -1.515406e-01 
2.422480e-02 -1.340274e-01 
4.431502e-03 -1.807135e-02 
-7.814975e-03 5.418309e-02 
-1.031984e-02 7.889446e-02 
-5.090739e-03 6.520145e-02 
3.101918e-03 1.355375e-02 
5.430417e-03 -1.770885e-02 
6.042530e-03 -2.790581e-02 
5.687443e-03 -1.793370e-02 
1.095069e-03 1.749761e-02 
1.641899e-03 -3.692487e-03 
6.050506e-03 -7.312028e-02 
1.245800e-02 -1.939757e-01 
7.253526e-01 4.204513e-03 
-2.758096e-02 -2.935735e-02 
-1.825225e-01 -3.036298e-01 
-2.240357e-01 -5.661235e-01 
-1.234444e-01 -6.080984e-01 
-5.091054e-02 -5.074516e-01 
1.370950e-02 -2.792699e-01 
1.123748e-02 1.469986e-02 
-1.018946e-02 1.830452e-01 
-2.871386e-02 2.564158e-01 
-3.809293e-02 2.153455e-01 
-1.070818e-02 4.054908e-02 
1.134672e-02 -7.851655e-02 
2.261385e-02 -1.345703e-01 
2.108717e-02 -1.171930e-01 
4.005476e-03 -1.967656e-02 
-7.214683e-03 4.609635e-02 
-1.203066e-02 8.451030e-02 
-8.996989e-03 8.526882e-02 
5.280811e-04 2.161977e-02 
5.039788e-03 -2.233775e-02 
6.506068e-03 -3.866322e-02 
4.876726e-03 -2.619826e-02 
-9.129579e-04 1.275829e-02 
-2.789820e-04 3.671843e-03 
4.425068e-03 -4.800151e-02 
1.389226e-02 -1.523846e-01 
