poroelastic
-4.964200e-03 1.656803e-01 
8.590882e-03 2.529008e-01 
2.124631e-02 2.569832e-01 
9.124041e-03 1.986264e-01 
-3.619459e-04 1.244477e-01 
-8.499285e-03 4.439265e-02 
-1.491159e-02 -2.053082e-02 
-6.847421e-03 -5.579874e-02 
-2.579990e-03 -8.580704e-02 
-8.602369e-04 -9.652157e-02 
9.921640e-04 -6.837474e-02 
2.281892e-03 1.733453e-03 
7.871021e-04 4.116917e-02 
1.682921e-03 5.368976e-02 
3.265534e-03 3.050901e-02 
4.876782e-04 -2.002161e-02 
2.738236e-04 -3.986386e-02 
2.402217e-04 -3.823015e-02 
1.518958e-04 -1.040736e-02 
-1.117739e-04 2.934868e-02 
-1.156640e-04 2.969604e-02 
-1.082020e-04 3.432977e-03 
6.212327e-05 -5.171247e-02 
2.611101e-04 -1.093303e-01 
4.587601e-05 -1.023521e-01 
-4.917019e-05 -5.348184e-02 
3.840978e-05 2.983834e-02 
3.543660e-01 5.874910e-01 
3.341395e-02 6.301044e-01 
3.857175e-02 4.863385e-01 
7.794902e-03 2.539208e-01 
-5.827821e-03 8.598233e-02 
-1.332367e-02 -3.243610e-02 
-1.696366e-02 -9.148636e-02 
-7.019999e-03 -8.127296e-02 
-2.972692e-03 -7.868406e-02 
-2.132562e-03 -7.199895e-02 
-8.536203e-04 -4.748898e-02 
2.664252e-03 3.465262e-04 
1.410355e-03 2.811249e-02 
1.986091e-03 3.630095e-02 
3.288358e-03 1.720856e-02 
7.913106e-04 -2.384009e-02 
4.677336e-04 -3.656267e-02 
4.120500e-04 -3.000264e-02 
3.455673e-04 2.773657e-04 
-3.643853e-05 4.097660e-02 
-5.884388e-05 3.638529e-02 
-1.939383e-05 1.235992e-03 
7.884508e-05 -6.618295e-02 
1.829458e-04 -1.378698e-01 
1.282830e-04 -1.295969e-01 
5.002461e-05 -6.770402e-02 
-2.596951e-05 3.863095e-02 
3.296605e-01 -5.107055e-01 
-5.982884e-03 -2.705762e-01 
1.969367e-03 2.709309e-02 
9.582089e-03 2.191051e-01 
4.693557e-03 2.833932e-01 
-7.108649e-03 2.477860e-01 
-2.191867e-02 1.054479e-01 
-7.718389e-03 -1.019026e-01 
6.919557e-04 -2.182594e-01 
4.553242e-03 -2.516521e-01 
5.636777e-03 -1.800240e-01 
1.933504e-03 -1.040655e-02 
-9.921042e-04 9.096897e-02 
-4.407288e-05 1.335941e-01 
3.376949e-03 1.033637e-01 
1.188363e-03 4.180642e-03 
7.045068e-04 -4.912758e-02 
6.368444e-04 -6.929292e-02 
4.415938e-04 -4.872408e-02 
-1.355687e-04 6.910845e-03 
-1.260294e-04 2.033609e-02 
-1.647830e-04 6.609194e-03 
-3.377394e-04 -3.768040e-02 
-1.736449e-04 -9.983141e-02 
1.579586e-04 -1.074230e-01 
2.470303e-04 -8.215161e-02 
1.293016e-04 -2.917936e-02 
-6.801898e-02 -4.132198e-02 
1.665706e-02 2.476374e-01 
2.769836e-02 3.901467e-01 
8.685306e-03 3.294014e-01 
-3.379168e-03 2.217129e-01 
-1.434019e-02 8.797586e-02 
-1.991263e-02 -5.242253e-02 
-3.229150e-03 -1.454112e-01 
1.436959e-03 -1.871447e-01 
2.779551e-03 -1.789783e-01 
2.495372e-03 -1.009179e-01 
8.506280e-04 2.803869e-02 
-7.932786e-04 9.727244e-02 
2.806223e-04 1.157688e-01 
3.110568e-03 6.736098e-02 
1.693651e-03 -3.035486e-02 
1.223118e-03 -7.320961e-02 
1.051698e-03 -7.681558e-02 
7.269835e-04 -3.151030e-02 
-1.132542e-04 4.124630e-02 
-1.416985e-04 5.222739e-02 
-1.770458e-04 2.183374e-02 
-4.960435e-04 -5.610746e-02 
-1.968208e-04 -1.476767e-01 
5.018074e-04 -1.504829e-01 
5.784960e-04 -9.706108e-02 
-6.211553e-05 8.187374e-03 
1.534075e-01 6.146263e-01 
6.615096e-02 8.345128e-01 
5.870612e-02 7.563626e-01 
5.384429e-03 4.040729e-01 
-1.415571e-02 1.076165e-01 
-2.250988e-02 -1.173294e-01 
-1.770270e-02 -2.203258e-01 
2.188955e-04 -1.536665e-01 
1.179969e-03 -1.014568e-01 
9.682163e-05 -5.277938e-02 
-4.440722e-04 2.657122e-04 
1.286934e-03 4.500501e-02 
7.410021e-04 6.328943e-02 
1.991877e-03 5.507844e-02 
3.985408e-03 8.673584e-03 
1.911822e-03 -5.861696e-02 
1.187294e-03 -7.785718e-02 
9.345442e-04 -6.224229e-02 
7.564530e-04 -3.590514e-03 
-5.688850e-05 7.113160e-02 
-1.051914e-04 7.400854e-02 
-2.165656e-04 2.659809e-02 
-6.713245e-04 -7.647164e-02 
-3.308452e-04 -1.884596e-01 
6.082684e-04 -1.829285e-01 
6.630954e-04 -9.809672e-02 
-4.440812e-04 5.852607e-02 
1.054965e+00 1.104817e+00 
1.979707e-01 1.456793e+00 
8.474305e-02 1.183554e+00 
1.077640e-03 4.989788e-01 
-1.986464e-02 -5.606383e-03 
-2.260206e-02 -3.285252e-01 
-1.024345e-02 -4.146143e-01 
2.873067e-03 -2.020068e-01 
6.203886e-04 -4.578739e-02 
-2.147552e-03 5.821725e-02 
-3.409270e-03 1.059002e-01 
-5.040726e-04 8.047592e-02 
3.631462e-04 4.916233e-02 
1.632493e-03 9.912771e-03 
3.215336e-03 -4.176001e-02 
2.565324e-03 -8.841286e-02 
1.538614e-03 -9.106605e-02 
9.906703e-04 -5.958948e-02 
7.558630e-04 1.180614e-02 
4.835125e-05 9.859753e-02 
-3.967812e-05 1.041083e-01 
-1.027493e-04 4.848189e-02 
-6.347815e-04 -7.298007e-02 
-3.650254e-04 -2.147267e-01 
1.112162e-03 -2.092196e-01 
1.082296e-03 -9.677744e-02 
-1.251000e-03 1.188209e-01 
4.806016e-01 -8.168765e-01 
-3.343596e-02 -2.815524e-01 
-1.564038e-02 6.825126e-02 
-1.165151e-02 1.305556e-01 
-1.175491e-02 9.765965e-02 
-1.636767e-02 2.027237e-02 
-1.548908e-02 -7.461666e-02 
4.886635e-03 -1.255093e-01 
5.625190e-03 -1.376263e-01 
4.629213e-03 -1.163449e-01 
3.158160e-03 -5.890185e-02 
1.035738e-03 1.714434e-02 
-1.581653e-04 5.969235e-02 
3.386441e-04 6.946801e-02 
2.380779e-03 3.625036e-02 
2.353867e-03 -2.991171e-02 
1.609098e-03 -6.120500e-02 
1.333179e-03 -6.555051e-02 
1.019119e-03 -3.723154e-02 
-1.763509e-04 1.278053e-02 
-1.450280e-04 2.658824e-02 
-2.240432e-04 1.488207e-02 
-9.830959e-04 -2.491693e-02 
-1.121963e-03 -7.999012e-02 
1.294493e-04 -9.533215e-02 
6.832479e-04 -8.374383e-02 
6.945270e-04 -4.653226e-02 
