poroelastic
-1.332218e-02 1.321904e-01 
5.147340e-03 2.038703e-01 
2.462952e-02 2.046390e-01 
2.216275e-02 1.715707e-01 
9.303169e-03 1.373444e-01 
-2.541682e-03 9.337549e-02 
-1.747898e-02 5.553631e-02 
-1.680339e-02 7.521399e-03 
-8.795364e-03 -6.180696e-02 
-2.487477e-03 -1.122628e-01 
5.067313e-03 -1.111843e-01 
5.048885e-03 -2.903227e-02 
-7.469315e-04 2.788463e-02 
-1.456876e-03 5.372370e-02 
1.865449e-03 4.006357e-02 
2.204216e-03 -8.403667e-03 
2.258965e-03 -3.002040e-02 
2.183932e-03 -3.395630e-02 
1.674837e-03 -1.571985e-02 
2.295897e-04 1.917141e-02 
7.859520e-05 2.247582e-02 
4.927691e-04 4.770936e-03 
1.373512e-03 -3.359550e-02 
1.114250e-03 -7.681535e-02 
1.364373e-04 -7.380880e-02 
-2.554535e-04 -3.938207e-02 
1.962493e-04 2.288232e-02 
2.617271e-01 3.975388e-01 
3.969195e-02 4.487753e-01 
4.640014e-02 3.344296e-01 
1.531355e-02 1.840560e-01 
-1.098594e-07 1.031508e-01 
-1.004757e-02 5.383658e-02 
-2.287430e-02 2.053577e-02 
-1.885653e-02 -1.624864e-02 
-9.900122e-03 -6.773831e-02 
-4.715403e-03 -1.070430e-01 
1.618397e-03 -1.070337e-01 
6.030555e-03 -3.651995e-02 
8.481869e-04 1.496904e-02 
-4.440476e-04 4.301152e-02 
2.179554e-03 3.704173e-02 
2.776598e-03 -8.808510e-03 
2.593840e-03 -2.806159e-02 
2.446763e-03 -2.888523e-02 
2.082005e-03 -9.414893e-03 
4.440859e-04 2.392378e-02 
2.457744e-04 2.403528e-02 
7.584279e-04 2.091093e-03 
1.720757e-03 -4.182390e-02 
1.407761e-03 -9.347944e-02 
4.997939e-04 -9.137346e-02 
6.535408e-06 -5.334314e-02 
3.318917e-05 1.360713e-02 
4.353112e-02 -3.437116e-01 
-2.567679e-02 -1.115068e-01 
1.410443e-02 1.206137e-01 
3.490543e-02 2.607850e-01 
2.201851e-02 3.092533e-01 
2.280086e-04 2.712152e-01 
-3.234153e-02 1.363366e-01 
-2.328422e-02 -7.227114e-02 
-4.693519e-03 -2.010908e-01 
6.980952e-03 -2.488162e-01 
1.280838e-02 -1.887340e-01 
2.301051e-03 -1.377125e-02 
-6.354145e-03 8.969572e-02 
-7.055843e-03 1.308852e-01 
-2.915069e-04 9.854873e-02 
3.894935e-03 -7.618290e-03 
4.528986e-03 -6.128460e-02 
4.420059e-03 -7.593452e-02 
3.204448e-03 -4.795926e-02 
4.838272e-04 1.601957e-02 
-6.337566e-05 3.628366e-02 
3.029822e-04 2.645907e-02 
1.243433e-03 -1.596323e-02 
1.248407e-03 -8.151444e-02 
8.190782e-04 -9.395532e-02 
4.305806e-04 -7.166138e-02 
7.090233e-05 -1.864135e-02 
-1.695347e-01 6.095217e-02 
2.872882e-02 3.267365e-01 
6.290845e-02 4.460592e-01 
3.907976e-02 3.805665e-01 
8.506479e-03 2.645966e-01 
-1.595940e-02 1.240632e-01 
-3.489286e-02 -1.986369e-02 
-1.566930e-02 -1.185081e-01 
-2.444297e-03 -1.726297e-01 
3.805727e-03 -1.791296e-01 
5.458438e-03 -1.129386e-01 
-4.926599e-04 2.107739e-02 
-6.186231e-03 9.537105e-02 
-5.890400e-03 1.167603e-01 
1.165078e-03 6.752228e-02 
6.203489e-03 -4.183614e-02 
6.265374e-03 -8.775499e-02 
5.318814e-03 -8.801489e-02 
3.106634e-03 -3.715418e-02 
-1.886709e-04 4.578502e-02 
-6.094432e-04 6.696576e-02 
1.629854e-04 4.435409e-02 
1.507666e-03 -2.676134e-02 
1.610958e-03 -1.205008e-01 
1.470859e-03 -1.319648e-01 
8.924850e-04 -8.728166e-02 
-1.172089e-04 1.206809e-02 
1.795606e-01 6.208514e-01 
1.076149e-01 8.794753e-01 
1.242377e-01 8.241134e-01 
3.721700e-02 4.790912e-01 
-1.248306e-02 1.578714e-01 
-3.558849e-02 -9.562126e-02 
-3.453840e-02 -2.219574e-01 
-7.770404e-03 -1.540032e-01 
-1.483430e-03 -9.849939e-02 
-2.286528e-03 -5.055816e-02 
-4.588369e-03 -4.299666e-04 
-1.944173e-03 4.762461e-02 
-3.276735e-03 6.890768e-02 
-1.196356e-03 6.073625e-02 
4.923788e-03 9.966457e-03 
7.905232e-03 -7.085338e-02 
6.629943e-03 -9.538144e-02 
4.845629e-03 -7.789013e-02 
2.396824e-03 -1.320091e-02 
-7.469240e-04 7.554045e-02 
-9.386627e-04 9.158180e-02 
1.449313e-04 5.372377e-02 
1.688372e-03 -4.272228e-02 
1.803095e-03 -1.620954e-01 
1.996385e-03 -1.687772e-01 
1.198483e-03 -9.514499e-02 
-7.180048e-04 5.619299e-02 
1.147339e+00 1.023138e+00 
3.340402e-01 1.545468e+00 
1.950521e-01 1.337078e+00 
2.743980e-02 6.157218e-01 
-3.314433e-02 3.125247e-02 
-4.843401e-02 -3.619750e-01 
-2.729035e-02 -4.936834e-01 
1.783309e-03 -2.516449e-01 
1.220121e-03 -5.403071e-02 
-6.260313e-03 8.054244e-02 
-1.415737e-02 1.422668e-01 
-7.632017e-03 1.046814e-01 
-3.215571e-03 5.913893e-02 
1.433901e-03 6.584981e-03 
7.176863e-03 -5.543789e-02 
1.004331e-02 -1.073929e-01 
7.269231e-03 -1.084051e-01 
4.149615e-03 -7.032771e-02 
9.479629e-04 1.012329e-02 
-1.884411e-03 1.122482e-01 
-1.832080e-03 1.281883e-01 
-2.594280e-04 7.625163e-02 
1.771503e-03 -4.662865e-02 
2.374650e-03 -2.059796e-01 
3.381494e-03 -2.108229e-01 
2.004252e-03 -9.773595e-02 
-2.557056e-03 1.289479e-01 
1.957490e-01 -6.793196e-01 
-4.519853e-03 -8.526546e-03 
2.941139e-02 3.247494e-01 
-5.338844e-03 2.488036e-01 
-1.911389e-02 1.080291e-01 
-3.069578e-02 -4.571191e-02 
-3.018481e-02 -1.712418e-01 
-5.682299e-04 -1.723112e-01 
4.417131e-03 -1.415190e-01 
2.895116e-03 -8.753944e-02 
-1.131424e-03 -1.554570e-02 
-2.922660e-03 4.602460e-02 
-4.986876e-03 7.564277e-02 
-3.911731e-03 7.189240e-02 
2.374742e-03 2.224199e-02 
8.707093e-03 -6.130625e-02 
7.640316e-03 -9.508841e-02 
5.943596e-03 -8.893989e-02 
3.356817e-03 -3.824212e-02 
-1.882956e-04 4.025397e-02 
-7.259293e-04 6.739143e-02 
-1.622627e-04 5.301871e-02 
2.828338e-04 -7.696662e-03 
1.734483e-04 -9.543959e-02 
1.876157e-03 -1.181116e-01 
2.066892e-03 -9.128123e-02 
3.763408e-04 -1.363035e-02 
