poroelastic
4.302904e-02 5.995630e-02 
5.462024e-02 6.234273e-02 
3.591671e-02 -4.627964e-03 
-4.555617e-02 -6.311661e-02 
-3.435344e-02 -7.543494e-02 
-3.109867e-02 -6.651295e-02 
-3.905468e-02 -3.399358e-02 
-3.127178e-02 -2.816120e-02 
-1.633167e-02 -6.966388e-02 
-8.937567e-03 -1.028557e-01 
5.094793e-05 -9.546686e-02 
7.198891e-03 -1.568845e-02 
-6.195138e-04 3.510793e-02 
-4.622712e-04 4.951130e-02 
5.968034e-03 2.469645e-02 
6.670497e-03 -2.903896e-02 
6.565190e-03 -5.497728e-02 
6.295504e-03 -6.146875e-02 
5.035925e-03 -4.370005e-02 
1.450174e-03 1.774548e-03 
1.627590e-04 2.551701e-02 
4.376734e-04 3.178537e-02 
2.649821e-03 2.239129e-02 
3.672620e-03 -6.590925e-03 
2.140321e-03 -4.252185e-02 
7.097501e-04 -8.216244e-02 
-2.522123e-03 -1.300861e-01 
-1.614937e-01 1.367652e-01 
5.064964e-02 8.508787e-02 
3.325064e-02 -4.330511e-02 
-6.646819e-02 -1.371880e-01 
-4.563000e-02 -1.373657e-01 
-3.546294e-02 -9.697111e-02 
-4.009042e-02 -5.011428e-02 
-3.098318e-02 -4.778375e-02 
-1.552306e-02 -8.047274e-02 
-8.343519e-03 -1.064605e-01 
-1.232399e-03 -9.631321e-02 
5.779064e-03 -1.522629e-02 
-1.934530e-03 4.134074e-02 
-3.274223e-03 6.700121e-02 
2.908834e-03 4.976182e-02 
6.996289e-03 -2.091640e-02 
7.741085e-03 -5.957736e-02 
7.680022e-03 -7.051688e-02 
6.289095e-03 -5.134176e-02 
2.063826e-03 -1.620769e-03 
3.309627e-04 2.635572e-02 
4.311438e-04 3.754267e-02 
2.617116e-03 3.249215e-02 
3.673724e-03 1.422538e-03 
2.529576e-03 -4.461467e-02 
1.503108e-03 -1.014512e-01 
-1.485718e-03 -1.765819e-01 
2.024849e-01 1.489567e-01 
7.158317e-02 1.971566e-01 
4.395148e-02 1.380839e-01 
-4.171497e-02 1.104404e-02 
-3.890704e-02 -5.723047e-02 
-4.044529e-02 -9.617325e-02 
-4.797138e-02 -1.187793e-01 
-2.383385e-02 -1.389347e-01 
-4.536866e-03 -1.479392e-01 
2.385735e-03 -1.306834e-01 
2.311189e-03 -6.859604e-02 
-4.988451e-03 4.846363e-02 
-1.137152e-02 1.064975e-01 
-9.246173e-03 1.131712e-01 
2.089106e-03 5.994201e-02 
1.066622e-02 -5.380077e-02 
1.147378e-02 -1.046715e-01 
9.905255e-03 -1.054239e-01 
5.842596e-03 -5.646313e-02 
-1.209951e-04 3.382295e-02 
-1.817650e-03 7.528830e-02 
-9.189386e-04 7.829573e-02 
2.541198e-03 4.184042e-02 
3.923170e-03 -3.588941e-02 
2.767766e-03 -8.957362e-02 
1.831820e-03 -1.230696e-01 
1.904146e-04 -1.397744e-01 
1.545163e-01 1.657830e-01 
7.099475e-02 2.559143e-01 
4.185457e-02 1.660132e-01 
-6.483768e-02 -2.564081e-02 
-5.724515e-02 -1.522637e-01 
-5.420553e-02 -2.211881e-01 
-4.686184e-02 -2.217400e-01 
-1.623980e-02 -1.501871e-01 
-4.500684e-03 -9.970619e-02 
-4.342592e-03 -5.519332e-02 
-8.091832e-03 -2.216500e-03 
-6.357454e-03 6.118988e-02 
-9.109251e-03 8.951135e-02 
-6.561669e-03 8.401579e-02 
4.065087e-03 2.845717e-02 
1.351839e-02 -7.286320e-02 
1.336257e-02 -1.123236e-01 
1.082264e-02 -1.033855e-01 
5.778631e-03 -4.295296e-02 
-1.004581e-03 5.450291e-02 
-2.550843e-03 9.360873e-02 
-1.014679e-03 8.694984e-02 
3.135616e-03 3.239567e-02 
4.124885e-03 -6.297753e-02 
3.469623e-03 -1.177110e-01 
2.778030e-03 -1.399428e-01 
1.427459e-03 -1.326367e-01 
3.965364e-02 3.419305e-01 
1.008847e-01 4.178305e-01 
5.858817e-02 2.646621e-01 
-9.325763e-02 -5.279942e-02 
-8.339869e-02 -2.831998e-01 
-7.053634e-02 -3.981686e-01 
-4.038150e-02 -3.556100e-01 
-7.039531e-03 -1.374191e-01 
-6.736208e-03 6.567851e-03 
-1.683109e-02 8.748337e-02 
-2.455579e-02 1.040157e-01 
-5.784613e-03 6.184575e-02 
-7.571155e-04 2.998812e-02 
3.956940e-03 4.072243e-04 
1.075743e-02 -3.679779e-02 
1.400580e-02 -7.867442e-02 
1.116435e-02 -8.499925e-02 
8.027699e-03 -6.214648e-02 
4.426669e-03 -8.836268e-03 
-8.236785e-04 6.047289e-02 
-1.841095e-03 8.292561e-02 
-1.413367e-04 6.742186e-02 
3.539931e-03 1.327534e-02 
3.721926e-03 -7.234290e-02 
3.608334e-03 -1.215063e-01 
3.342748e-03 -1.402563e-01 
2.444616e-03 -1.350798e-01 
3.111793e-01 6.860914e-01 
1.635022e-01 8.658447e-01 
8.680437e-02 6.087167e-01 
-8.936577e-02 2.921526e-02 
-9.121069e-02 -3.861344e-01 
-7.394741e-02 -5.980319e-01 
-2.738816e-02 -5.512552e-01 
4.951099e-03 -1.793870e-01 
-4.621755e-03 9.357821e-02 
-2.403593e-02 2.478598e-01 
-3.983200e-02 2.575625e-01 
-1.263116e-02 9.496730e-02 
3.787668e-03 -2.207541e-02 
1.342178e-02 -9.677491e-02 
1.789775e-02 -1.266460e-01 
1.453680e-02 -9.339945e-02 
7.802980e-03 -5.353481e-02 
3.419867e-03 -1.107291e-02 
1.138063e-03 3.606633e-02 
-1.647984e-03 7.644087e-02 
-1.695722e-03 7.778014e-02 
5.971242e-04 4.688360e-02 
4.119243e-03 -1.441349e-02 
3.719229e-03 -9.622984e-02 
4.084096e-03 -1.303163e-01 
3.748489e-03 -1.227981e-01 
2.491722e-03 -8.352679e-02 
4.070678e-01 -3.451012e-01 
-5.298125e-03 4.279165e-02 
-3.258621e-02 1.079220e-01 
-7.258394e-02 -9.052838e-02 
-5.354798e-02 -2.214654e-01 
-4.064115e-02 -2.890746e-01 
-1.994163e-02 -2.662721e-01 
4.106647e-04 -1.111836e-01 
-3.384214e-03 8.761584e-03 
-1.305357e-02 9.458196e-02 
-2.086573e-02 1.237201e-01 
-8.517390e-03 6.528915e-02 
-1.535133e-03 1.547517e-02 
3.849363e-03 -2.506845e-02 
9.674957e-03 -5.660566e-02 
1.276686e-02 -6.982943e-02 
8.877881e-03 -6.000252e-02 
5.561582e-03 -3.228337e-02 
3.130428e-03 7.794155e-03 
-3.618014e-04 4.257408e-02 
-1.042577e-03 5.308310e-02 
2.138157e-04 4.108646e-02 
1.904378e-03 5.076603e-03 
9.311537e-04 -5.059692e-02 
2.784882e-03 -8.844369e-02 
3.981359e-03 -1.078470e-01 
4.701126e-03 -1.118746e-01 
