poroelastic
-5.329060e-02 1.440991e-02 
-5.563043e-02 6.692948e-02 
-2.359866e-02 1.608157e-01 
6.483837e-02 2.487123e-01 
4.868514e-02 2.742545e-01 
4.001737e-02 2.507639e-01 
3.539280e-02 1.805190e-01 
1.672712e-02 8.699666e-02 
9.895339e-03 2.306513e-02 
1.145557e-02 -1.543065e-02 
1.002794e-02 -2.496821e-02 
-6.234277e-03 -3.077540e-03 
-5.402698e-03 1.810690e-02 
-6.073508e-03 3.631047e-02 
-6.121797e-03 5.112654e-02 
-7.071630e-04 5.500269e-02 
-3.410260e-04 4.848498e-02 
-3.156532e-04 3.536010e-02 
-4.879648e-04 1.418311e-02 
-4.497024e-04 -9.782314e-03 
-3.419985e-04 -1.714810e-02 
-4.184740e-04 -1.373706e-02 
-8.568829e-04 -1.144761e-03 
-8.301163e-04 3.131383e-02 
-6.610995e-05 8.552701e-02 
7.437210e-04 1.580768e-01 
2.265456e-03 2.586325e-01 
7.587676e-01 3.208895e-01 
1.521957e-02 4.450194e-01 
8.766684e-03 4.606841e-01 
8.644380e-02 4.176575e-01 
5.534026e-02 3.521195e-01 
4.009418e-02 2.685519e-01 
3.352059e-02 1.662264e-01 
1.568337e-02 6.736125e-02 
9.456447e-03 6.481478e-03 
1.110238e-02 -2.808473e-02 
1.098180e-02 -3.454675e-02 
-5.196388e-03 -7.277195e-03 
-4.776193e-03 1.633203e-02 
-5.362440e-03 3.401973e-02 
-5.861066e-03 4.613599e-02 
-1.218548e-03 4.842898e-02 
-6.519103e-04 4.168819e-02 
-6.155069e-04 2.992063e-02 
-7.911233e-04 1.303383e-02 
-4.861519e-04 -5.905677e-03 
-3.276373e-04 -1.330652e-02 
-3.901176e-04 -1.442123e-02 
-6.405256e-04 -1.324936e-02 
-4.428147e-04 1.029482e-02 
-4.527257e-05 8.383704e-02 
4.381323e-04 1.959908e-01 
1.390481e-03 3.632790e-01 
-1.198383e-01 -8.282206e-01 
-1.223069e-01 -6.849873e-01 
-3.796329e-02 -3.239466e-01 
6.206671e-02 1.180462e-01 
5.954125e-02 3.581529e-01 
5.214358e-02 4.551899e-01 
3.703147e-02 3.944243e-01 
9.425496e-03 1.789523e-01 
4.318182e-03 3.037460e-02 
6.545063e-03 -7.174323e-02 
8.808364e-03 -1.254368e-01 
-2.341136e-03 -1.077824e-01 
-3.380510e-03 -7.235476e-02 
-5.425924e-03 -2.218626e-02 
-7.434982e-03 4.859319e-02 
-1.728605e-03 1.183255e-01 
-7.418274e-04 1.310055e-01 
-5.568626e-04 9.934380e-02 
-4.787867e-04 1.650905e-02 
-1.156789e-04 -9.422965e-02 
-1.135746e-04 -1.252107e-01 
-3.530006e-05 -9.669355e-02 
4.202185e-04 -5.643984e-03 
7.319566e-04 1.326607e-01 
2.464756e-04 2.049353e-01 
-8.048720e-05 2.279197e-01 
-4.194720e-04 2.140355e-01 
-3.805987e-01 -3.395108e-01 
-5.503383e-02 -2.214884e-01 
2.038671e-02 5.107383e-02 
9.089851e-02 3.478407e-01 
6.725394e-02 4.696128e-01 
5.166982e-02 4.734039e-01 
3.311056e-02 3.501974e-01 
7.502843e-03 1.309968e-01 
4.542403e-03 -1.140042e-02 
7.169467e-03 -9.838415e-02 
8.003835e-03 -1.214590e-01 
-3.107501e-03 -7.093214e-02 
-3.569458e-03 -2.531974e-02 
-4.926370e-03 1.910958e-02 
-6.062675e-03 6.584564e-02 
-1.925346e-03 9.694859e-02 
-1.112341e-03 9.282442e-02 
-9.415006e-04 6.193753e-02 
-7.671067e-04 -1.641298e-03 
8.076307e-05 -7.603305e-02 
1.173488e-04 -9.099846e-02 
1.571084e-04 -6.335946e-02 
8.709184e-04 8.994597e-03 
1.162198e-03 1.155462e-01 
6.861420e-05 1.855981e-01 
-7.003075e-04 2.302000e-01 
-1.708544e-03 2.610198e-01 
2.004129e-01 1.957081e-01 
2.424094e-02 3.441974e-01 
7.302288e-02 4.816553e-01 
1.253054e-01 5.550174e-01 
7.422879e-02 5.228871e-01 
4.828530e-02 4.195012e-01 
2.801597e-02 2.448247e-01 
5.217510e-03 4.910355e-02 
4.622120e-03 -6.621834e-02 
7.352881e-03 -1.213838e-01 
6.347310e-03 -1.057320e-01 
-5.175166e-03 -2.101164e-02 
-5.058723e-03 3.248908e-02 
-5.702224e-03 6.294194e-02 
-5.830499e-03 7.036432e-02 
-1.633015e-03 5.151085e-02 
-9.344510e-04 3.158439e-02 
-9.528896e-04 1.182722e-02 
-8.638778e-04 -8.837209e-03 
4.270163e-04 -2.462374e-02 
3.718385e-04 -2.413232e-02 
4.457610e-04 -1.392422e-02 
1.262583e-03 3.608878e-03 
1.659486e-03 4.295606e-02 
4.832541e-04 1.132828e-01 
-7.133020e-04 2.091558e-01 
-3.120132e-03 3.446158e-01 
1.053211e+00 2.066515e-01 
2.330429e-01 5.805563e-01 
1.325955e-01 6.972391e-01 
1.245913e-01 6.579632e-01 
6.398714e-02 5.421052e-01 
3.578948e-02 3.798525e-01 
1.872899e-02 1.679427e-01 
3.593499e-03 -3.671431e-02 
4.110211e-03 -1.451739e-01 
6.158603e-03 -1.812453e-01 
5.539683e-03 -1.319505e-01 
-3.276974e-03 3.739152e-03 
-4.024785e-03 8.423510e-02 
-4.349868e-03 1.186919e-01 
-4.294490e-03 1.037822e-01 
-2.214659e-03 3.850517e-02 
-1.276851e-03 -3.912789e-03 
-1.367673e-03 -2.611994e-02 
-1.526671e-03 -2.597821e-02 
6.415156e-04 -2.250409e-03 
5.515376e-04 1.298195e-02 
5.583242e-04 1.927266e-02 
1.610338e-03 1.070580e-02 
2.659182e-03 6.547959e-03 
1.049508e-03 7.141235e-02 
-1.034482e-03 1.885536e-01 
-5.832896e-03 3.813220e-01 
-3.426555e-01 -4.726922e-01 
-2.218629e-02 -2.347583e-01 
6.538666e-02 6.559055e-02 
6.945934e-02 2.859855e-01 
4.047243e-02 3.393963e-01 
2.421779e-02 3.023892e-01 
1.062535e-02 1.784902e-01 
-2.884054e-04 1.358822e-02 
2.014796e-03 -8.197174e-02 
3.122573e-03 -1.317312e-01 
1.277868e-03 -1.270395e-01 
-1.608556e-03 -6.121062e-02 
-2.068633e-03 -1.031431e-02 
-2.974964e-03 3.136081e-02 
-4.008697e-03 6.440214e-02 
-2.352072e-03 7.801854e-02 
-1.337161e-03 7.171457e-02 
-1.135638e-03 4.826675e-02 
-8.576305e-04 4.603805e-03 
7.934576e-04 -4.517177e-02 
7.630919e-04 -5.848919e-02 
1.028953e-03 -4.414781e-02 
2.581713e-03 -1.843646e-03 
2.687552e-03 6.588765e-02 
1.218039e-04 1.190948e-01 
-1.786509e-03 1.607149e-01 
-4.703449e-03 2.066243e-01 
