poroelastic
4.848192e-02 7.359266e-02 
6.177569e-02 1.098740e-01 
4.508039e-02 3.970882e-02 
-4.346498e-02 -7.902637e-02 
-3.980214e-02 -1.658566e-01 
-4.349076e-02 -2.401049e-01 
-5.033482e-02 -2.489418e-01 
-2.896761e-02 -1.548216e-01 
-1.725755e-02 -9.723642e-02 
-1.727991e-02 -3.834745e-02 
-1.536893e-02 4.162081e-02 
5.616195e-03 9.968558e-02 
5.312156e-03 9.573839e-02 
7.216803e-03 6.201584e-02 
7.727195e-03 -1.223437e-02 
-8.918172e-04 -1.183178e-01 
-9.072833e-04 -1.519180e-01 
-8.087552e-04 -1.261170e-01 
-6.282175e-04 -4.979510e-02 
-2.871016e-05 4.371534e-02 
5.138153e-05 8.908006e-02 
7.753981e-05 9.215838e-02 
4.488284e-04 5.400726e-02 
8.433849e-04 -5.047079e-02 
1.345041e-04 -2.154876e-01 
-6.599672e-04 -4.258340e-01 
-2.121465e-03 -6.905860e-01 
-6.162710e-02 2.094800e-01 
3.373101e-02 3.666646e-01 
5.466114e-02 3.889383e-01 
-2.269988e-04 2.480374e-01 
-9.191084e-03 1.443129e-01 
-2.220840e-02 2.981766e-02 
-4.123128e-02 -9.112987e-02 
-2.856607e-02 -1.609987e-01 
-1.774279e-02 -2.003039e-01 
-1.499904e-02 -1.884946e-01 
-1.146257e-02 -8.826540e-02 
2.910727e-03 6.334299e-02 
2.498527e-03 1.223936e-01 
3.748234e-03 1.282845e-01 
4.950757e-03 5.228477e-02 
-2.083164e-04 -1.000416e-01 
-3.408467e-04 -1.424867e-01 
-3.089578e-04 -1.182165e-01 
-1.333702e-04 -2.260339e-02 
3.023112e-04 1.146966e-01 
2.873312e-04 1.376342e-01 
3.477160e-04 8.599432e-02 
4.707054e-04 -3.869999e-02 
4.414983e-05 -2.145042e-01 
-2.992596e-04 -3.076560e-01 
-4.935843e-04 -3.562325e-01 
-7.754344e-04 -4.109322e-01 
-2.522163e-01 4.129595e-01 
4.569377e-02 6.201799e-01 
5.386718e-02 5.610675e-01 
2.627689e-03 2.890122e-01 
-1.211913e-02 1.024152e-01 
-2.222051e-02 -7.382574e-03 
-3.131324e-02 -5.506811e-02 
-1.492819e-02 -5.355278e-02 
-8.936560e-03 -5.521729e-02 
-8.922113e-03 -6.106426e-02 
-7.523083e-03 -6.157331e-02 
4.727258e-03 -5.790241e-02 
3.674739e-03 -5.457786e-02 
3.576415e-03 -4.113389e-02 
3.823884e-03 -3.878566e-02 
1.303558e-04 -4.843473e-02 
-5.248601e-05 -1.271115e-02 
5.151599e-05 2.701148e-02 
4.056129e-05 8.120292e-02 
1.254511e-04 1.404906e-01 
4.593873e-05 9.420917e-02 
-2.049622e-04 -5.270768e-03 
-9.009484e-04 -1.529968e-01 
-1.086234e-03 -3.085717e-01 
-2.999397e-04 -3.114390e-01 
6.111617e-05 -2.279287e-01 
2.108804e-04 -1.254276e-01 
4.889493e-01 8.101850e-02 
3.188728e-02 1.990110e-02 
-2.146111e-02 -9.024381e-02 
-6.197577e-02 -1.656502e-01 
-4.772814e-02 -2.348585e-01 
-4.580710e-02 -2.607714e-01 
-4.396977e-02 -2.137106e-01 
-1.569771e-02 -1.182408e-01 
-9.154550e-03 -3.830297e-02 
-1.005652e-02 3.059084e-02 
-1.023266e-02 7.775176e-02 
2.977225e-03 6.884891e-02 
2.900159e-03 3.616669e-02 
3.594802e-03 -9.325311e-03 
4.291319e-03 -7.377872e-02 
8.614022e-04 -1.392205e-01 
4.182721e-04 -1.439825e-01 
4.143952e-04 -1.002713e-01 
5.147968e-04 -1.907057e-02 
3.424474e-04 7.184066e-02 
3.317804e-04 1.148243e-01 
3.765748e-04 1.146077e-01 
-8.988652e-04 8.553774e-02 
-2.678294e-03 -1.841712e-02 
-1.530947e-03 -2.340941e-01 
-2.304195e-04 -5.135114e-01 
2.966662e-03 -8.851722e-01 
-1.988410e-01 -1.008144e-01 
-4.959511e-03 -2.144921e-01 
-3.818567e-02 -2.949607e-01 
-9.483971e-02 -3.204533e-01 
-6.592485e-02 -3.447083e-01 
-5.865084e-02 -3.551319e-01 
-4.958252e-02 -3.074530e-01 
-1.212130e-02 -1.773484e-01 
-6.418702e-03 -7.096358e-02 
-7.042775e-03 1.978957e-02 
-6.755088e-03 1.024446e-01 
3.145866e-03 1.372122e-01 
3.217448e-03 1.026110e-01 
4.431543e-03 3.483406e-02 
4.904313e-03 -6.039708e-02 
4.806594e-04 -1.686690e-01 
4.512626e-05 -1.960767e-01 
5.607010e-05 -1.455218e-01 
2.479250e-04 -4.523844e-02 
8.314343e-05 6.705718e-02 
2.129454e-04 1.519899e-01 
2.504168e-04 1.867289e-01 
-5.826951e-04 1.843755e-01 
-1.907540e-03 8.235722e-02 
-1.303932e-03 -2.026607e-01 
-4.795299e-04 -5.820885e-01 
1.756860e-03 -1.038085e+00 
-1.005131e-01 -1.485457e-01 
-1.224512e-03 4.145623e-02 
1.391775e-02 1.673451e-01 
3.817304e-03 1.832772e-01 
-5.457776e-04 1.746012e-01 
-1.021513e-02 1.166448e-01 
-1.888748e-02 2.022578e-02 
-4.535916e-03 -6.986544e-02 
-2.228172e-03 -1.267063e-01 
-1.687437e-03 -1.206999e-01 
-1.454873e-03 -3.734146e-02 
-2.639693e-04 8.029748e-02 
-3.014049e-04 1.261117e-01 
-1.114181e-04 1.209322e-01 
5.118510e-04 4.273056e-02 
1.106645e-03 -1.011365e-01 
7.581143e-04 -1.479784e-01 
5.486371e-04 -1.281734e-01 
4.564152e-04 -3.586239e-02 
-1.865944e-06 1.090540e-01 
-2.650989e-05 1.600307e-01 
-9.386530e-05 1.445764e-01 
-7.255397e-04 6.355447e-02 
-1.248878e-03 -8.364385e-02 
-3.045888e-04 -1.979540e-01 
4.614609e-04 -2.865689e-01 
1.561593e-03 -3.607027e-01 
-2.844480e-01 4.357587e-01 
4.747243e-02 4.446872e-01 
3.139444e-02 3.504207e-01 
2.679018e-03 2.068715e-01 
-6.002661e-03 1.284078e-01 
-1.391881e-02 8.915716e-02 
-1.937291e-02 5.431980e-02 
6.319966e-04 1.727981e-02 
1.568902e-03 -9.908807e-03 
1.980641e-03 -4.323263e-02 
2.520981e-03 -7.595286e-02 
9.069488e-04 -8.472921e-02 
5.996068e-04 -8.358089e-02 
5.210471e-04 -6.881141e-02 
5.928371e-04 -4.772980e-02 
5.515647e-04 -1.969779e-02 
4.206029e-04 1.726616e-02 
5.547908e-04 3.694392e-02 
6.005984e-04 4.898559e-02 
-3.402455e-04 5.851160e-02 
-3.923221e-04 2.252299e-02 
-5.137621e-04 -3.116730e-02 
-1.060648e-03 -9.608826e-02 
-6.860566e-04 -1.531145e-01 
3.312689e-04 -1.421487e-01 
5.093386e-04 -9.157860e-02 
4.034489e-04 -4.338046e-02 
