poroelastic
-1.500889e-01 -4.524954e-02 
-1.698450e-01 -3.702901e-03 
-1.247120e-01 1.281448e-01 
1.032468e-01 2.218834e-01 
9.932549e-02 2.545704e-01 
8.660157e-02 2.321518e-01 
9.356061e-02 1.574952e-01 
9.205530e-02 9.169604e-02 
5.436327e-02 1.189690e-01 
3.947747e-02 1.566348e-01 
1.894625e-02 1.571105e-01 
-9.340709e-03 5.402649e-02 
6.817640e-04 -1.549883e-02 
3.410416e-03 -3.832250e-02 
-1.569420e-03 -2.064697e-02 
-8.392987e-03 2.112514e-02 
-9.949098e-03 4.691283e-02 
-1.079571e-02 5.940800e-02 
-1.067522e-02 5.213214e-02 
-5.709966e-03 1.432822e-02 
-2.652827e-03 -5.363267e-03 
-2.916641e-03 -7.799670e-03 
-6.833341e-03 5.167441e-03 
-7.913702e-03 3.715853e-02 
-3.309618e-03 6.215097e-02 
-1.558259e-04 7.721410e-02 
3.808664e-03 8.502930e-02 
5.364947e-01 1.645214e-01 
-9.086339e-02 3.314905e-01 
-5.589568e-02 4.263592e-01 
1.741626e-01 3.996601e-01 
1.271775e-01 3.395382e-01 
9.271004e-02 2.492198e-01 
8.986063e-02 1.594638e-01 
8.479426e-02 1.359267e-01 
4.528401e-02 1.617083e-01 
2.640606e-02 1.826332e-01 
8.346473e-03 1.613511e-01 
-3.947705e-03 3.008656e-02 
7.152826e-03 -5.115551e-02 
1.094971e-02 -8.160266e-02 
7.030008e-03 -6.971561e-02 
-3.582810e-03 -1.039519e-02 
-7.850095e-03 2.962993e-02 
-9.856510e-03 4.822412e-02 
-1.115824e-02 4.859875e-02 
-8.349430e-03 3.020846e-02 
-4.868857e-03 1.609831e-02 
-4.032535e-03 5.343663e-03 
-6.470152e-03 -3.355192e-03 
-7.797208e-03 -6.264438e-04 
-5.199022e-03 3.450947e-02 
-2.966544e-03 9.344504e-02 
3.716199e-03 1.800411e-01 
-3.972029e-01 -7.993868e-01 
-2.918150e-01 -6.173645e-01 
-1.736050e-01 -2.072765e-01 
1.464652e-01 1.915160e-01 
1.680479e-01 4.169035e-01 
1.542312e-01 4.934622e-01 
1.277677e-01 4.348842e-01 
5.904296e-02 2.720965e-01 
1.696439e-02 1.745626e-01 
4.980865e-03 1.103457e-01 
2.601939e-03 4.781531e-02 
8.310122e-03 -5.069818e-02 
1.567018e-02 -1.033140e-01 
1.615351e-02 -1.119054e-01 
7.663900e-03 -7.027392e-02 
-8.487484e-03 3.040977e-02 
-1.266681e-02 7.468387e-02 
-1.164611e-02 7.387335e-02 
-7.366465e-03 3.483213e-02 
1.683182e-05 -3.935711e-02 
2.121275e-03 -6.324852e-02 
-6.836783e-04 -4.576622e-02 
-7.895420e-03 8.182628e-03 
-1.043683e-02 9.445483e-02 
-5.582227e-03 1.240158e-01 
-2.125692e-03 1.065692e-01 
5.016347e-05 4.673215e-02 
-5.790172e-01 -2.877087e-01 
-2.358494e-01 -1.986977e-01 
-7.806681e-02 1.083552e-01 
2.533419e-01 3.930298e-01 
2.185381e-01 5.566007e-01 
1.778057e-01 5.830335e-01 
1.270880e-01 4.858492e-01 
4.480772e-02 2.827467e-01 
1.160202e-02 1.381339e-01 
8.395082e-03 3.927931e-02 
1.473019e-02 -2.497344e-02 
1.168730e-02 -6.876024e-02 
1.322377e-02 -8.459956e-02 
1.142619e-02 -7.455573e-02 
3.719868e-03 -3.414536e-02 
-9.379064e-03 3.515033e-02 
-1.235744e-02 6.705587e-02 
-1.133837e-02 6.436217e-02 
-7.186847e-03 2.518966e-02 
5.454819e-04 -4.774870e-02 
2.842019e-03 -7.212944e-02 
-3.887330e-04 -5.409942e-02 
-8.802040e-03 6.556912e-03 
-1.197206e-02 1.075453e-01 
-8.302316e-03 1.463419e-01 
-4.858959e-03 1.322380e-01 
-1.345713e-03 7.159377e-02 
1.021818e-02 -2.209171e-02 
-1.322171e-01 1.194981e-01 
1.599079e-02 3.454618e-01 
3.551024e-01 5.501199e-01 
2.682344e-01 6.996109e-01 
1.926629e-01 7.004496e-01 
1.011904e-01 5.427251e-01 
1.647168e-02 2.219659e-01 
4.290790e-03 -2.793697e-03 
1.666374e-02 -1.252664e-01 
3.239332e-02 -1.430878e-01 
1.223489e-02 -6.556512e-02 
2.161000e-03 -1.068160e-02 
-3.315860e-03 2.134322e-02 
-6.350690e-03 3.526170e-02 
-7.648921e-03 3.138774e-02 
-5.376056e-03 2.037280e-02 
-3.215655e-03 3.034987e-03 
-1.939131e-03 -2.021942e-02 
-1.668350e-04 -4.215016e-02 
2.325329e-04 -4.193855e-02 
-2.455659e-03 -2.222471e-02 
-8.262882e-03 1.750854e-02 
-9.618207e-03 7.745020e-02 
-8.326929e-03 1.140578e-01 
-7.203618e-03 1.283315e-01 
-5.137149e-03 1.284716e-01 
4.716551e-01 -2.634229e-01 
1.301393e-01 -8.141861e-03 
1.227551e-01 2.729469e-01 
3.819480e-01 5.846145e-01 
2.698720e-01 7.969002e-01 
1.764821e-01 8.224573e-01 
6.337021e-02 6.354963e-01 
-5.758419e-03 1.744641e-01 
6.040313e-04 -1.615838e-01 
2.447311e-02 -3.358661e-01 
5.062826e-02 -3.314945e-01 
2.221919e-02 -9.821003e-02 
-5.593694e-03 7.529469e-02 
-2.081861e-02 1.639012e-01 
-2.352553e-02 1.679976e-01 
-9.852650e-03 5.494440e-02 
2.826420e-03 -3.133597e-02 
7.994881e-03 -7.514999e-02 
6.592171e-03 -8.531016e-02 
9.360815e-04 -5.145616e-02 
-2.603168e-03 -1.419358e-02 
-5.925662e-03 1.754892e-02 
-9.450210e-03 4.465431e-02 
-7.400292e-03 6.269329e-02 
-7.276055e-03 8.496916e-02 
-8.698551e-03 1.143474e-01 
-1.101716e-02 1.625491e-01 
-6.948897e-01 8.694748e-02 
-3.328068e-02 -8.120469e-02 
1.657911e-01 1.257543e-01 
3.014577e-01 5.268654e-01 
1.869305e-01 6.611771e-01 
9.187832e-02 5.917598e-01 
2.601374e-03 3.775263e-01 
-8.500882e-03 4.370075e-02 
8.582096e-03 -1.628401e-01 
2.381584e-02 -2.626142e-01 
3.316738e-02 -2.454650e-01 
1.663149e-02 -8.735255e-02 
-6.605444e-04 3.367176e-02 
-1.201349e-02 1.059041e-01 
-1.685732e-02 1.243424e-01 
-1.206324e-02 6.978249e-02 
-2.406224e-03 8.408559e-03 
4.769917e-03 -4.699960e-02 
7.312813e-03 -8.247570e-02 
5.405122e-03 -6.909032e-02 
2.249106e-03 -4.114545e-02 
-2.342283e-03 -2.873650e-03 
-6.782289e-03 4.421428e-02 
-7.151224e-03 8.543148e-02 
-9.012585e-03 9.916165e-02 
-8.937113e-03 9.445797e-02 
-7.932662e-03 8.081667e-02 
