poroelastic
2.660063e-03 -3.599384e-03 
1.794382e-03 -2.288946e-02 
-4.324079e-03 -8.294999e-02 
-8.372925e-03 -1.523012e-01 
-2.391688e-03 -1.317059e-01 
3.468417e-03 -7.960919e-02 
7.720949e-03 -1.865550e-02 
2.300966e-03 2.378265e-02 
5.992091e-04 4.239383e-02 
2.879294e-04 4.328122e-02 
-2.283855e-04 2.015139e-02 
-1.401960e-03 -2.385496e-02 
-1.015731e-03 -3.794432e-02 
-1.972355e-03 -3.120584e-02 
-2.731126e-03 -3.180775e-03 
-1.273576e-04 3.280878e-02 
1.229580e-05 4.585650e-02 
1.700702e-05 4.193221e-02 
-2.565721e-05 1.845274e-02 
-7.390967e-05 -1.853993e-02 
-1.026010e-04 -3.708426e-02 
-1.430186e-04 -4.256382e-02 
-2.925699e-04 -3.592781e-02 
-3.702615e-04 -7.126840e-03 
-5.539965e-05 4.067831e-02 
3.242851e-04 9.774133e-02 
9.427702e-04 1.603535e-01 
-5.353913e-01 -7.157412e-01 
-3.088296e-02 -6.601272e-01 
-2.566069e-02 -4.971056e-01 
-1.962200e-02 -3.201385e-01 
-3.723173e-03 -1.595040e-01 
3.697919e-03 -2.270760e-02 
5.133545e-03 6.680324e-02 
4.223377e-04 6.793274e-02 
-7.127151e-04 6.044036e-02 
-8.092571e-04 4.128676e-02 
1.512743e-04 -2.718602e-03 
1.251180e-03 -6.142964e-02 
8.118829e-04 -7.832608e-02 
-4.837159e-04 -6.684303e-02 
-1.837558e-03 -2.057885e-02 
-2.898319e-04 4.708401e-02 
-1.177093e-04 6.859103e-02 
-6.527997e-05 5.747129e-02 
-4.504550e-05 9.891349e-03 
-8.116685e-05 -6.010108e-02 
-1.284124e-04 -8.374865e-02 
-1.707590e-04 -7.498683e-02 
-2.396818e-04 -3.145292e-02 
-1.115666e-04 3.989177e-02 
1.292537e-04 8.240636e-02 
2.823859e-04 1.027173e-01 
3.553680e-04 9.262340e-02 
-8.869539e-01 1.031058e+00 
4.284034e-04 8.468624e-01 
2.549421e-02 4.094252e-01 
-2.944764e-03 -2.970400e-02 
-5.178195e-03 -2.258715e-01 
2.830464e-03 -2.719791e-01 
1.382611e-02 -1.800354e-01 
3.402713e-03 5.900780e-03 
-1.515671e-03 1.121246e-01 
-3.373943e-03 1.507441e-01 
-3.718574e-03 1.127094e-01 
-2.453199e-03 6.961130e-03 
-8.016566e-04 -4.910049e-02 
-1.547414e-03 -6.805151e-02 
-3.265663e-03 -4.376176e-02 
-5.589899e-04 1.852157e-02 
-1.343814e-04 4.768262e-02 
-7.964119e-05 5.585152e-02 
-2.441651e-05 3.930383e-02 
7.587253e-05 -4.135103e-03 
4.744196e-06 -3.101599e-02 
5.910023e-06 -4.953033e-02 
1.348053e-04 -6.373547e-02 
1.960907e-04 -4.889763e-02 
1.865027e-04 2.008056e-02 
1.597939e-04 1.269463e-01 
-8.635237e-05 2.850301e-01 
-1.606619e-01 4.845720e-01 
1.556002e-02 2.742643e-01 
6.642893e-03 5.515112e-02 
2.039772e-03 -9.168837e-02 
3.105704e-03 -1.132545e-01 
7.543450e-03 -7.406243e-02 
9.873242e-03 -9.846751e-04 
2.858872e-04 5.820387e-02 
-1.361919e-03 8.216927e-02 
-1.377255e-03 7.452761e-02 
-9.427689e-04 2.593902e-02 
-9.028161e-04 -4.543893e-02 
-4.526614e-04 -7.180475e-02 
-1.589265e-03 -6.708857e-02 
-3.175401e-03 -2.559598e-02 
-9.277215e-04 4.125204e-02 
-5.131864e-04 6.924763e-02 
-4.077144e-04 6.752366e-02 
-2.628989e-04 3.475140e-02 
8.713639e-05 -2.002729e-02 
4.429792e-05 -5.411640e-02 
9.356363e-05 -7.389594e-02 
4.813470e-04 -8.257026e-02 
7.579708e-04 -5.123613e-02 
4.374757e-04 3.765159e-02 
-5.655597e-05 1.634953e-01 
-1.326627e-03 3.437895e-01 
-8.149687e-02 -3.699484e-01 
-3.239601e-02 -4.435635e-01 
-2.476394e-02 -4.056055e-01 
1.091471e-05 -2.473090e-01 
9.333684e-03 -6.736687e-02 
1.280169e-02 7.497607e-02 
8.951090e-03 1.339963e-01 
-1.306585e-03 7.612970e-02 
-3.545009e-04 2.374067e-02 
1.196940e-03 -2.346591e-02 
1.062508e-03 -6.023694e-02 
-1.661846e-03 -7.056688e-02 
-1.872493e-03 -5.671913e-02 
-3.387883e-03 -2.210772e-02 
-4.493863e-03 3.482062e-02 
-1.063664e-03 9.278923e-02 
-4.351207e-04 1.073725e-01 
-2.580370e-04 8.611134e-02 
-1.835578e-04 2.610268e-02 
6.541742e-05 -5.382618e-02 
3.645027e-05 -9.250248e-02 
2.035800e-04 -9.822557e-02 
7.466782e-04 -7.272282e-02 
8.765815e-04 -5.384922e-03 
3.397389e-04 8.178296e-02 
-2.337679e-04 1.741888e-01 
-1.340595e-03 2.824855e-01 
-9.850060e-01 -9.869510e-01 
-1.662400e-01 -1.174682e+00 
-6.458707e-02 -9.153278e-01 
-1.106032e-02 -4.337099e-01 
7.482259e-03 -5.979675e-02 
9.064940e-03 1.934467e-01 
-4.648174e-05 2.811772e-01 
-4.019720e-03 1.461125e-01 
-1.041318e-03 3.553629e-02 
1.399858e-03 -4.938239e-02 
2.984529e-03 -1.065088e-01 
2.106261e-03 -1.145738e-01 
8.627834e-04 -9.458235e-02 
-6.330701e-04 -5.352346e-02 
-2.051186e-03 1.194114e-02 
-1.059158e-03 8.310742e-02 
-5.230657e-04 1.020998e-01 
-1.940061e-04 7.954486e-02 
-5.019660e-05 1.161164e-02 
-8.990684e-05 -8.323129e-02 
-1.222590e-06 -1.180813e-01 
1.806490e-04 -1.064179e-01 
6.763743e-04 -4.572364e-02 
7.292447e-04 5.367086e-02 
-8.457317e-05 1.093865e-01 
-5.789235e-04 1.246000e-01 
-7.692349e-04 9.489030e-02 
-5.909489e-01 1.083602e+00 
5.035676e-02 6.139398e-01 
1.613969e-02 1.731472e-01 
2.383547e-04 -8.621171e-02 
2.953754e-03 -1.673553e-01 
1.004245e-02 -1.523430e-01 
1.321584e-02 -6.044049e-02 
-3.272668e-03 4.570233e-02 
-5.098851e-03 9.535780e-02 
-4.964391e-03 1.036544e-01 
-3.830856e-03 6.481632e-02 
-1.409466e-03 -8.242944e-03 
-4.602738e-04 -4.334452e-02 
-1.020305e-03 -5.249544e-02 
-2.297779e-03 -2.914363e-02 
-1.020448e-03 2.390381e-02 
-5.469523e-04 4.949319e-02 
-3.885721e-04 5.651931e-02 
-1.605543e-04 4.333387e-02 
3.386655e-04 9.552777e-03 
1.934096e-04 -1.581662e-02 
2.472152e-04 -3.670133e-02 
8.858421e-04 -5.522846e-02 
1.521819e-03 -4.870804e-02 
9.235584e-04 6.687348e-03 
-1.975752e-04 9.651573e-02 
-2.984128e-03 2.254138e-01 
