poroelastic
2.210128e-02 -3.026480e-02 
1.968578e-02 -7.902974e-02 
-6.101986e-04 -1.464559e-01 
-3.355035e-02 -1.953375e-01 
-1.887799e-02 -1.959649e-01 
-9.996502e-03 -1.647119e-01 
-2.998049e-03 -9.998664e-02 
1.227017e-04 -2.623734e-02 
-1.347757e-03 1.779513e-02 
-3.552241e-03 4.309252e-02 
-4.267438e-03 4.893445e-02 
6.504048e-06 3.670457e-02 
1.054289e-03 2.141016e-02 
2.592990e-03 1.239868e-03 
3.638022e-03 -2.366480e-02 
1.416628e-03 -4.513040e-02 
9.648903e-04 -5.147455e-02 
6.391190e-04 -4.436721e-02 
2.608247e-04 -2.313589e-02 
-1.230812e-05 7.749556e-03 
-8.319125e-05 3.121690e-02 
-6.736139e-05 4.667648e-02 
7.187301e-05 5.391287e-02 
1.855425e-04 4.069560e-02 
1.620952e-04 -9.955238e-04 
7.320393e-05 -5.954564e-02 
-2.503761e-04 -1.358688e-01 
-3.094025e-01 -5.088101e-02 
6.254687e-03 -1.162274e-01 
-3.580846e-03 -2.049449e-01 
-4.153146e-02 -2.778552e-01 
-2.291881e-02 -2.794269e-01 
-1.101366e-02 -2.332586e-01 
-1.414317e-03 -1.375933e-01 
7.450934e-04 -2.037368e-02 
-2.149271e-03 4.837292e-02 
-5.449283e-03 8.384403e-02 
-6.605430e-03 8.216688e-02 
-2.033529e-05 4.411918e-02 
1.702850e-03 1.387803e-02 
3.267055e-03 -1.365127e-02 
4.195029e-03 -3.894153e-02 
1.907461e-03 -5.533860e-02 
1.230354e-03 -5.746623e-02 
7.753357e-04 -4.610199e-02 
3.092304e-04 -2.124964e-02 
-2.877677e-05 1.203194e-02 
-1.224204e-04 3.756736e-02 
-1.010716e-04 5.380645e-02 
4.565010e-05 6.094375e-02 
6.806257e-05 4.638639e-02 
1.016008e-04 -2.115397e-03 
1.280328e-04 -7.034217e-02 
3.651544e-05 -1.591696e-01 
1.382643e-01 2.227561e-01 
3.669160e-02 1.415295e-01 
-1.679234e-03 3.165916e-03 
-2.709572e-02 -1.533168e-01 
-1.637882e-02 -2.155163e-01 
-7.283199e-03 -2.204994e-01 
2.668254e-03 -1.695765e-01 
4.554773e-03 -7.465952e-02 
1.523152e-03 -4.292899e-03 
-1.918809e-03 5.197829e-02 
-5.852729e-03 9.116119e-02 
-5.784620e-03 9.787349e-02 
-3.025618e-03 8.247286e-02 
2.184326e-04 4.624649e-02 
3.453476e-03 -1.331015e-02 
2.394059e-03 -8.065401e-02 
1.688847e-03 -1.046332e-01 
8.380454e-04 -9.154944e-02 
-1.757255e-04 -3.845355e-02 
-2.273189e-04 4.215277e-02 
-2.878473e-04 8.724096e-02 
-2.697395e-04 1.009745e-01 
-1.929265e-04 8.013076e-02 
-1.769368e-04 2.290844e-02 
2.092368e-05 -3.225075e-02 
2.251131e-04 -7.818024e-02 
4.397482e-04 -1.087617e-01 
1.860863e-01 8.222152e-02 
7.390518e-03 1.213561e-03 
-2.112315e-02 -1.343465e-01 
-3.589597e-02 -2.640904e-01 
-1.827415e-02 -3.012898e-01 
-6.214428e-03 -2.747203e-01 
4.546196e-03 -1.784797e-01 
3.279048e-03 -4.304430e-02 
-1.088419e-03 4.341391e-02 
-4.882860e-03 9.686843e-02 
-7.067524e-03 1.103987e-01 
-3.384466e-03 7.844124e-02 
-8.659642e-04 4.677015e-02 
1.544155e-03 9.859098e-03 
3.604911e-03 -3.530040e-02 
2.561577e-03 -7.609359e-02 
1.719469e-03 -8.592084e-02 
7.995002e-04 -6.848655e-02 
-1.275118e-04 -2.192867e-02 
-2.113875e-04 3.979875e-02 
-3.288960e-04 7.484188e-02 
-3.501326e-04 8.606806e-02 
-3.685123e-04 7.124770e-02 
-3.973456e-04 2.653693e-02 
-3.508067e-05 -2.624415e-02 
3.860340e-04 -7.798507e-02 
9.680701e-04 -1.264580e-01 
-1.070062e-01 -8.900795e-02 
-1.160130e-02 -1.881774e-01 
-3.787772e-02 -3.074419e-01 
-5.156581e-02 -3.909899e-01 
-2.296152e-02 -3.856961e-01 
-5.830275e-03 -3.123619e-01 
6.179410e-03 -1.631643e-01 
9.902058e-04 1.320682e-02 
-5.261221e-03 1.120891e-01 
-9.403339e-03 1.518155e-01 
-8.527754e-03 1.213151e-01 
8.313405e-04 3.216351e-02 
3.319507e-03 -2.175489e-02 
4.401731e-03 -5.264116e-02 
4.038177e-03 -6.000840e-02 
1.747884e-03 -4.565392e-02 
8.664598e-04 -3.212532e-02 
4.533353e-04 -1.673668e-02 
2.460414e-04 -2.289414e-03 
-2.155018e-05 9.034374e-03 
-8.869746e-05 2.465026e-02 
-1.481583e-04 4.033931e-02 
-3.077375e-04 5.848098e-02 
-5.855388e-04 5.971631e-02 
-3.288694e-04 1.188770e-02 
2.257386e-04 -6.597199e-02 
1.405262e-03 -1.786286e-01 
-4.590649e-01 3.767084e-02 
-7.339004e-02 -1.277965e-01 
-5.033901e-02 -2.848913e-01 
-4.810405e-02 -4.127819e-01 
-2.021636e-02 -4.307380e-01 
-3.879529e-03 -3.612112e-01 
7.575965e-03 -1.896959e-01 
2.467266e-04 4.188915e-02 
-7.784306e-03 1.743442e-01 
-1.271986e-02 2.205733e-01 
-1.104622e-02 1.627236e-01 
2.489717e-03 1.060485e-02 
6.279475e-03 -7.945367e-02 
7.059275e-03 -1.196614e-01 
5.065463e-03 -1.034003e-01 
1.371224e-03 -3.304919e-02 
8.926390e-05 9.894884e-03 
-4.036881e-05 3.174228e-02 
4.719881e-04 2.786595e-02 
9.302973e-05 -7.476480e-04 
4.906581e-05 -7.403326e-03 
1.415810e-05 3.423595e-04 
-2.000994e-04 2.700629e-02 
-7.513333e-04 5.663080e-02 
-5.728861e-04 2.400645e-02 
1.182721e-04 -4.992023e-02 
1.898643e-03 -1.712690e-01 
2.112230e-01 3.669430e-02 
-9.874901e-03 -5.646179e-02 
-3.052893e-02 -1.474417e-01 
-1.681417e-02 -1.932111e-01 
-4.797044e-03 -1.768584e-01 
1.759925e-03 -1.330881e-01 
5.628576e-03 -6.691315e-02 
8.430209e-04 1.079606e-03 
-2.365083e-03 4.694983e-02 
-4.444509e-03 7.417467e-02 
-4.697238e-03 7.241860e-02 
-1.621737e-03 3.756291e-02 
7.010638e-05 1.131115e-02 
1.167933e-03 -9.264005e-03 
1.738641e-03 -2.360387e-02 
1.142768e-03 -2.964520e-02 
6.432734e-04 -2.885436e-02 
2.451715e-04 -2.146904e-02 
-7.333568e-05 -8.301548e-03 
-1.766590e-05 7.865579e-03 
-5.892689e-05 2.269144e-02 
-1.138092e-04 3.464364e-02 
-3.150468e-04 4.331575e-02 
-7.253977e-04 3.855448e-02 
-4.772829e-04 8.037030e-03 
1.461548e-04 -3.745722e-02 
1.509583e-03 -9.567743e-02 
