poroelastic
5.051962e-02 -7.087473e-02 
4.355028e-02 -9.418051e-02 
3.248420e-02 -4.673904e-02 
-3.034771e-02 -2.450871e-03 
-3.448293e-02 -5.001175e-02 
-4.215585e-02 -1.120876e-01 
-5.287968e-02 -2.104035e-01 
-2.250694e-02 -2.490913e-01 
2.809608e-03 -1.169827e-01 
-3.226740e-03 4.274349e-02 
-2.707008e-02 1.472650e-01 
-1.236898e-02 8.553703e-02 
2.682050e-03 2.680361e-03 
1.021251e-02 -4.702905e-02 
1.064045e-02 -5.488964e-02 
5.014941e-03 -2.990153e-02 
1.926796e-03 -9.479361e-03 
3.190187e-04 7.908258e-03 
9.027133e-04 1.165419e-02 
2.445975e-03 -1.387271e-02 
1.981673e-03 -1.971432e-02 
1.260584e-03 -9.011596e-03 
1.282207e-03 1.419517e-02 
2.214714e-03 3.720659e-02 
2.438863e-03 2.101306e-02 
1.566213e-03 -2.980960e-02 
-4.257298e-03 -1.236164e-01 
-2.074317e-01 -1.993052e-01 
-1.487558e-02 -2.270029e-01 
1.110907e-02 -6.649468e-02 
-1.148188e-02 5.565088e-02 
-2.386853e-02 -1.486739e-02 
-4.043345e-02 -1.381548e-01 
-4.269997e-02 -2.501214e-01 
-8.223562e-03 -2.442945e-01 
1.086824e-02 -1.114916e-01 
6.231667e-03 4.080344e-02 
-1.621898e-02 1.515884e-01 
-1.766594e-02 1.099316e-01 
-5.237894e-03 4.152668e-02 
3.194865e-03 -1.137824e-02 
6.801519e-03 -3.802927e-02 
3.253456e-03 -1.931041e-02 
1.054385e-03 -4.208282e-03 
4.554276e-04 2.082660e-03 
1.101357e-03 -8.507420e-04 
1.607462e-03 -1.136489e-02 
9.948930e-04 -8.953940e-03 
2.939443e-04 3.537289e-03 
1.619619e-04 2.521069e-02 
1.007340e-03 4.654951e-02 
1.675495e-03 2.565210e-02 
1.554066e-03 -2.945595e-02 
-1.994780e-03 -1.205389e-01 
4.419824e-01 2.448939e-01 
1.233567e-01 1.228102e-01 
3.209543e-02 -4.230699e-02 
-1.014177e-01 -1.870724e-01 
-9.800202e-02 -3.330585e-01 
-7.909504e-02 -4.011672e-01 
-3.733821e-02 -3.611898e-01 
7.076934e-03 -1.588546e-01 
6.047442e-03 3.898788e-02 
-1.242105e-02 1.747974e-01 
-3.381672e-02 2.026930e-01 
-8.146625e-03 6.066611e-02 
8.379846e-03 -4.049859e-02 
1.439012e-02 -8.696212e-02 
1.194710e-02 -7.827080e-02 
1.653075e-03 -7.357158e-03 
-2.748128e-03 3.149807e-02 
-3.134437e-03 4.227678e-02 
-3.282960e-04 2.816437e-02 
2.434280e-03 -6.734664e-03 
2.528926e-03 -2.113380e-02 
2.176641e-03 -1.988499e-02 
1.806396e-03 -2.261095e-03 
1.213072e-03 2.629219e-02 
1.315184e-03 1.322379e-02 
1.583582e-03 -3.287252e-02 
-2.607192e-04 -1.174687e-01 
4.323420e-01 -1.524193e-01 
3.185589e-02 -3.169424e-01 
-7.411439e-02 -4.196623e-01 
-1.566602e-01 -4.146811e-01 
-9.973549e-02 -3.972110e-01 
-5.641963e-02 -3.272626e-01 
-1.446248e-02 -2.144661e-01 
7.686565e-03 -7.314053e-02 
2.931837e-03 5.446846e-02 
-1.075382e-02 1.414573e-01 
-2.439850e-02 1.481437e-01 
-3.842418e-03 2.858486e-02 
8.704422e-03 -5.170933e-02 
1.324431e-02 -8.621858e-02 
8.891268e-03 -6.208798e-02 
-3.338616e-03 2.810850e-02 
-7.162715e-03 6.773178e-02 
-5.845710e-03 6.898490e-02 
-2.488829e-04 3.352944e-02 
4.650460e-03 -3.207185e-02 
4.897384e-03 -5.546237e-02 
3.513395e-03 -4.588086e-02 
1.029180e-03 -2.209298e-03 
-1.007811e-03 6.184820e-02 
1.853744e-06 4.979690e-02 
1.783988e-03 -2.049605e-02 
1.811033e-03 -1.545138e-01 
-1.879420e-01 -5.827231e-01 
-1.313021e-01 -8.809994e-01 
-2.155775e-01 -8.799831e-01 
-1.927400e-01 -6.267616e-01 
-6.939373e-02 -3.571528e-01 
-5.419124e-03 -1.013737e-01 
1.455539e-02 6.715767e-02 
3.476405e-03 4.548864e-02 
-3.213110e-04 3.161602e-02 
-2.725175e-03 3.270719e-02 
-4.859179e-03 2.915618e-02 
1.657085e-03 -1.027009e-02 
5.658298e-03 -3.690272e-02 
5.722003e-03 -3.998975e-02 
5.300625e-04 -7.880856e-03 
-8.485292e-03 6.364384e-02 
-9.699005e-03 8.700197e-02 
-6.332337e-03 7.210908e-02 
6.966609e-04 2.093748e-02 
6.411252e-03 -5.813711e-02 
6.522424e-03 -8.245689e-02 
3.993838e-03 -6.122910e-02 
-5.370736e-04 6.943711e-03 
-4.142060e-03 1.066327e-01 
-2.517212e-03 9.527669e-02 
1.257427e-03 -3.009937e-03 
4.932536e-03 -1.888888e-01 
-1.302870e+00 -8.831525e-01 
-6.454612e-01 -1.689369e+00 
-4.706381e-01 -1.650032e+00 
-2.084845e-01 -9.678858e-01 
-5.603708e-03 -2.887999e-01 
6.937582e-02 2.429273e-01 
4.988807e-02 5.206439e-01 
-6.671049e-03 3.090221e-01 
-1.040961e-02 7.780231e-02 
4.242814e-04 -8.286434e-02 
1.572458e-02 -1.596198e-01 
1.649486e-02 -1.152201e-01 
8.667369e-03 -5.912397e-02 
-2.326055e-04 1.288417e-03 
-9.899835e-03 6.632377e-02 
-1.614717e-02 1.159426e-01 
-1.352295e-02 1.146375e-01 
-7.035714e-03 7.744041e-02 
2.759006e-03 4.178401e-03 
1.082342e-02 -1.016145e-01 
1.066900e-02 -1.304424e-01 
5.985291e-03 -9.063756e-02 
-2.027760e-03 1.530008e-02 
-9.649593e-03 1.773377e-01 
-8.140728e-03 1.695256e-01 
-1.505575e-04 1.704381e-02 
1.267670e-02 -2.712076e-01 
5.488020e-01 4.030077e-01 
-1.031543e-01 -3.431249e-01 
-2.696904e-01 -8.088870e-01 
-1.486146e-01 -6.572436e-01 
-3.122658e-02 -3.904461e-01 
3.314205e-02 -9.546018e-02 
4.880068e-02 1.850267e-01 
-2.966658e-03 2.517922e-01 
-1.597633e-02 2.235713e-01 
-1.654955e-02 1.465215e-01 
-7.807849e-03 3.280567e-02 
9.999205e-03 -7.502999e-02 
1.749661e-02 -1.222541e-01 
1.676472e-02 -1.150755e-01 
5.546397e-03 -4.212713e-02 
-1.353145e-02 8.612077e-02 
-1.704741e-02 1.343915e-01 
-1.290431e-02 1.229840e-01 
-2.580875e-03 5.447950e-02 
7.143006e-03 -6.244916e-02 
9.662080e-03 -1.130879e-01 
7.313556e-03 -1.002560e-01 
7.475541e-04 -1.886870e-02 
-7.324487e-03 1.145782e-01 
-8.408720e-03 1.246165e-01 
-2.259309e-03 2.870406e-02 
1.277409e-02 -1.855726e-01 
