poroelastic
9.496342e-03 -4.824303e-02 
5.651858e-03 -1.007516e-01 
-7.397907e-03 -1.670005e-01 
-1.711767e-02 -2.148831e-01 
-5.947617e-03 -1.867986e-01 
2.621530e-03 -1.236318e-01 
8.430407e-03 -4.238312e-02 
2.283840e-03 2.224070e-02 
-6.259088e-04 5.800846e-02 
-1.837611e-03 6.912596e-02 
-2.192555e-03 4.740247e-02 
-1.223805e-03 -1.258521e-03 
-2.170722e-04 -2.397857e-02 
-7.541520e-04 -3.048869e-02 
-1.835886e-03 -1.876751e-02 
-4.426525e-04 5.269423e-03 
-2.913418e-04 1.483496e-02 
-2.780268e-04 1.549392e-02 
-2.642449e-04 4.851946e-03 
-6.043907e-05 -1.218310e-02 
-4.228706e-05 -1.263601e-02 
-5.462705e-05 -3.306536e-03 
-8.273459e-05 1.592533e-02 
-3.308837e-05 3.916175e-02 
5.963996e-05 4.391241e-02 
8.704358e-05 3.715485e-02 
8.612453e-05 2.487005e-02 
-4.548880e-01 -4.636718e-01 
-1.852227e-02 -4.776675e-01 
-2.132009e-02 -4.330092e-01 
-2.615225e-02 -3.543823e-01 
-7.748409e-03 -2.446975e-01 
2.546012e-03 -1.266738e-01 
7.731260e-03 -1.323002e-02 
1.283150e-03 5.599339e-02 
-1.829061e-03 8.832562e-02 
-3.051219e-03 9.009875e-02 
-2.381028e-03 5.169554e-02 
6.463611e-04 -1.877281e-02 
1.412947e-03 -5.287305e-02 
5.416548e-04 -5.986603e-02 
-1.248398e-03 -3.535662e-02 
-5.962689e-04 1.152443e-02 
-4.492775e-04 3.106259e-02 
-3.667504e-04 3.175698e-02 
-2.477387e-04 8.973523e-03 
-3.601755e-05 -2.956864e-02 
-2.781164e-05 -3.638075e-02 
-6.364222e-05 -2.263931e-02 
-9.818047e-05 1.351686e-02 
-3.747821e-06 6.017418e-02 
5.478526e-05 6.610185e-02 
5.688765e-05 4.445713e-02 
-5.582886e-06 -3.585471e-03 
-4.818388e-01 6.298791e-01 
4.732897e-03 4.748753e-01 
1.124223e-02 1.809939e-01 
-5.543177e-03 -9.865617e-02 
-2.725192e-03 -2.070552e-01 
6.032148e-03 -2.153769e-01 
1.608711e-02 -1.355290e-01 
4.693085e-03 -1.523091e-03 
-1.007769e-03 7.904125e-02 
-3.544834e-03 1.179305e-01 
-5.149290e-03 1.069154e-01 
-4.950338e-03 4.327226e-02 
-2.070638e-03 1.746440e-03 
-1.672858e-03 -2.442247e-02 
-2.786381e-03 -3.287481e-02 
-8.680070e-04 -2.086841e-02 
-5.402517e-04 -1.111105e-02 
-6.669330e-04 -2.556483e-04 
-7.075130e-04 1.088675e-02 
3.643889e-05 1.769480e-02 
6.610927e-05 2.254708e-02 
6.698577e-05 2.187898e-02 
1.421873e-04 1.252710e-02 
1.825714e-04 5.303599e-03 
9.491233e-05 2.281070e-02 
-1.576891e-05 6.251965e-02 
-3.277884e-04 1.350748e-01 
1.000151e-02 2.781493e-01 
7.018215e-03 9.178907e-02 
-1.006769e-02 -1.027793e-01 
-1.185289e-02 -2.302621e-01 
-2.222998e-03 -2.374347e-01 
6.706416e-03 -1.815099e-01 
1.258740e-02 -7.799143e-02 
1.716250e-03 2.905367e-02 
-2.183578e-03 8.894360e-02 
-3.652047e-03 1.097473e-01 
-3.862517e-03 8.205081e-02 
-2.390509e-03 1.517790e-02 
-5.360172e-04 -2.303506e-02 
-6.603684e-04 -4.145352e-02 
-2.044411e-03 -3.550828e-02 
-1.002684e-03 -8.092959e-03 
-7.645833e-04 6.820584e-03 
-8.491764e-04 1.500632e-02 
-7.635150e-04 1.414285e-02 
7.531581e-05 4.638246e-03 
8.014387e-05 4.068749e-03 
8.685644e-05 6.651731e-03 
2.336788e-04 1.100506e-02 
2.519816e-04 2.210714e-02 
3.512720e-05 3.838774e-02 
-1.696874e-04 6.109340e-02 
-6.013161e-04 9.870576e-02 
-1.203969e-01 -3.226723e-01 
-3.357279e-02 -4.438747e-01 
-3.849187e-02 -4.789640e-01 
-2.121821e-02 -3.922440e-01 
-1.250131e-03 -2.541261e-01 
8.777081e-03 -1.079175e-01 
1.045142e-02 1.968185e-02 
-1.277728e-03 7.681353e-02 
-3.547653e-03 9.719577e-02 
-3.556913e-03 8.675247e-02 
-2.057794e-03 3.860211e-02 
2.676312e-05 -2.966353e-02 
7.930863e-04 -5.927944e-02 
-3.976795e-04 -5.952341e-02 
-2.549287e-03 -2.546175e-02 
-1.398214e-03 2.854010e-02 
-9.416578e-04 4.918756e-02 
-7.214891e-04 4.556202e-02 
-4.794512e-04 1.236686e-02 
8.003550e-05 -3.694465e-02 
1.178477e-04 -4.699109e-02 
1.864939e-04 -2.988778e-02 
3.380857e-04 1.705744e-02 
1.234747e-04 7.672337e-02 
-2.487526e-04 8.863226e-02 
-3.273257e-04 6.685391e-02 
-8.738016e-05 1.330424e-02 
-8.815042e-01 -6.325844e-01 
-1.477774e-01 -8.657051e-01 
-6.675431e-02 -7.921292e-01 
-2.410280e-02 -5.207542e-01 
-2.283362e-04 -2.697280e-01 
7.724519e-03 -5.732801e-02 
5.932246e-03 9.697214e-02 
-3.911492e-03 1.315998e-01 
-5.072956e-03 1.277226e-01 
-4.231488e-03 9.499687e-02 
-1.146563e-03 2.506268e-02 
2.976588e-03 -6.470860e-02 
3.223931e-03 -1.014460e-01 
1.693905e-03 -9.573732e-02 
-1.179505e-03 -4.138597e-02 
-1.666057e-03 4.608905e-02 
-1.239938e-03 8.182713e-02 
-7.018401e-04 7.729455e-02 
-1.341579e-04 2.558378e-02 
3.198914e-05 -5.927653e-02 
1.219277e-04 -8.415678e-02 
1.920012e-04 -6.489376e-02 
3.257026e-04 2.979651e-03 
-4.145856e-06 9.742842e-02 
-6.170419e-04 1.091348e-01 
-5.675944e-04 5.980759e-02 
5.165271e-04 -5.313525e-02 
-2.997350e-01 6.198680e-01 
2.476597e-02 2.869296e-01 
4.249989e-03 4.981098e-03 
1.192538e-03 -1.242926e-01 
5.118799e-03 -1.368534e-01 
1.047983e-02 -9.577391e-02 
1.228808e-02 -2.006089e-02 
-1.779061e-03 4.342894e-02 
-4.085838e-03 7.494344e-02 
-4.527097e-03 8.336305e-02 
-4.252907e-03 6.153205e-02 
-2.488840e-03 1.216397e-02 
-8.944922e-04 -1.558098e-02 
-1.023191e-03 -2.785186e-02 
-2.290666e-03 -2.128556e-02 
-1.414111e-03 2.779087e-03 
-1.002593e-03 1.595556e-02 
-9.912019e-04 2.195800e-02 
-8.235780e-04 1.950823e-02 
2.716200e-04 8.517503e-03 
2.187184e-04 4.143614e-03 
2.301222e-04 2.612545e-03 
5.719267e-04 2.076594e-03 
7.461288e-04 8.758700e-03 
2.562489e-04 2.666610e-02 
-2.695240e-04 5.427600e-02 
-1.443442e-03 9.862226e-02 
