poroelastic
1.310165e-01 -2.419041e-02 
1.316612e-01 -8.419718e-02 
6.561254e-02 -1.823690e-01 
-1.380551e-01 -2.717675e-01 
-1.106869e-01 -3.280206e-01 
-8.811273e-02 -3.309639e-01 
-7.107497e-02 -3.044211e-01 
-2.643929e-02 -2.343787e-01 
-1.386835e-03 -1.156654e-01 
-6.517564e-03 6.761392e-05 
-2.345899e-02 7.906952e-02 
-1.106940e-02 7.173537e-02 
-2.097630e-03 3.495417e-02 
5.888207e-03 -2.179431e-03 
1.164482e-02 -2.992204e-02 
9.004365e-03 -4.259685e-02 
7.209208e-03 -4.549990e-02 
5.824144e-03 -3.948384e-02 
4.650479e-03 -2.855615e-02 
2.884259e-03 -1.977580e-02 
1.068282e-03 -3.920960e-03 
1.691974e-04 1.444078e-02 
1.194518e-03 3.129304e-02 
3.270343e-03 3.631844e-02 
3.125530e-03 1.000633e-02 
1.761695e-03 -4.296633e-02 
-4.786973e-03 -1.284085e-01 
-5.434549e-01 -2.359983e-01 
4.927877e-02 -3.636069e-01 
2.049454e-02 -3.759131e-01 
-1.666923e-01 -3.751638e-01 
-1.204004e-01 -3.929249e-01 
-8.950218e-02 -3.806481e-01 
-6.230833e-02 -3.366089e-01 
-1.607350e-02 -2.484250e-01 
6.122054e-03 -1.260272e-01 
3.259472e-03 -8.229601e-03 
-1.341132e-02 8.065644e-02 
-1.867559e-02 1.006467e-01 
-1.355745e-02 8.681135e-02 
-6.264227e-03 5.912840e-02 
3.173912e-03 1.997506e-02 
7.516755e-03 -2.514670e-02 
8.948338e-03 -5.386201e-02 
9.292123e-03 -6.590345e-02 
7.883236e-03 -5.966814e-02 
3.759281e-03 -3.154774e-02 
6.265268e-04 1.201658e-04 
-9.723409e-04 2.994704e-02 
-1.868098e-04 5.550911e-02 
2.505914e-03 6.333458e-02 
3.299315e-03 2.213471e-02 
2.772355e-03 -5.771479e-02 
-3.133880e-03 -1.787021e-01 
4.731545e-01 7.443280e-01 
2.409132e-01 5.129317e-01 
9.875475e-02 8.847750e-02 
-1.883263e-01 -3.495384e-01 
-1.693212e-01 -5.988465e-01 
-1.255591e-01 -6.675828e-01 
-5.449897e-02 -5.594159e-01 
1.331755e-02 -2.758032e-01 
1.696514e-02 -4.765231e-02 
6.105293e-04 1.104251e-01 
-2.347714e-02 1.813113e-01 
-2.406427e-02 1.286336e-01 
-1.223201e-02 7.531069e-02 
-4.042457e-03 3.639124e-02 
3.708955e-03 -4.216544e-04 
7.708253e-03 -3.670550e-02 
7.984261e-03 -5.276298e-02 
6.837830e-03 -5.122990e-02 
3.956939e-03 -3.136605e-02 
-1.925320e-04 7.665041e-03 
-1.962578e-03 3.271526e-02 
-1.831784e-03 4.181039e-02 
4.915959e-04 3.427767e-02 
2.555838e-03 7.998840e-03 
2.200872e-03 -2.094009e-02 
1.695344e-03 -5.095193e-02 
-1.158789e-04 -8.257813e-02 
6.362767e-01 1.675758e-01 
1.424995e-01 -2.539492e-02 
-2.467511e-02 -3.519313e-01 
-2.710040e-01 -6.265167e-01 
-1.881244e-01 -7.292121e-01 
-1.180362e-01 -6.766993e-01 
-3.920870e-02 -4.902245e-01 
1.337050e-02 -2.102244e-01 
1.102820e-02 -3.843133e-04 
-6.100566e-03 1.375101e-01 
-2.643630e-02 1.794618e-01 
-1.745598e-02 9.810186e-02 
-5.916114e-03 3.834301e-02 
1.399992e-03 -1.129910e-03 
5.465129e-03 -2.028459e-02 
4.628629e-03 -1.591142e-02 
3.758518e-03 -1.671615e-02 
3.576940e-03 -1.719504e-02 
3.305952e-03 -1.298571e-02 
1.486171e-03 -1.389423e-03 
3.531360e-05 1.145963e-02 
-2.521654e-04 2.033316e-02 
9.800988e-04 2.349509e-02 
1.711154e-03 1.633823e-02 
1.989442e-03 -1.109460e-02 
2.467938e-03 -5.180331e-02 
1.577330e-03 -1.074851e-01 
-1.541613e-01 -3.564010e-01 
-4.745064e-04 -6.412200e-01 
-1.671698e-01 -8.350696e-01 
-3.461349e-01 -8.907993e-01 
-1.923979e-01 -8.068578e-01 
-9.210837e-02 -6.044414e-01 
-1.201595e-02 -3.307108e-01 
1.421577e-02 -7.907985e-02 
2.527429e-03 8.346249e-02 
-1.495910e-02 1.695719e-01 
-2.833727e-02 1.605952e-01 
-7.918194e-03 4.510076e-02 
5.178784e-03 -2.524076e-02 
9.950133e-03 -5.323795e-02 
7.202601e-03 -3.761162e-02 
-1.668290e-03 1.940841e-02 
-4.603065e-03 4.279704e-02 
-3.351330e-03 4.189152e-02 
1.412752e-03 1.726993e-02 
5.331745e-03 -3.022928e-02 
5.000180e-03 -4.317512e-02 
3.330240e-03 -2.991164e-02 
8.735490e-04 9.215729e-03 
-1.805062e-03 6.522208e-02 
-4.361817e-04 4.396689e-02 
2.795318e-03 -3.636510e-02 
5.470020e-03 -1.779561e-01 
-1.307803e+00 -3.886544e-01 
-4.657368e-01 -1.102991e+00 
-3.713145e-01 -1.292511e+00 
-3.498217e-01 -1.124822e+00 
-1.482204e-01 -8.138500e-01 
-4.132845e-02 -4.521909e-01 
1.752105e-02 -9.424336e-02 
1.001684e-02 1.191194e-01 
-9.711132e-03 2.100521e-01 
-2.531764e-02 2.227277e-01 
-3.146955e-02 1.444379e-01 
1.331798e-03 -2.580268e-02 
1.890443e-02 -1.167892e-01 
2.245916e-02 -1.341408e-01 
1.314427e-02 -7.806050e-02 
-8.192326e-03 5.341723e-02 
-1.556197e-02 1.135529e-01 
-1.244883e-02 1.104628e-01 
-1.162528e-03 5.159129e-02 
1.055742e-02 -6.001109e-02 
1.197841e-02 -1.050002e-01 
8.773549e-03 -8.958202e-02 
2.085314e-03 -1.638601e-02 
-6.354152e-03 1.129687e-01 
-5.290688e-03 1.063597e-01 
2.017307e-03 -1.780265e-02 
1.350157e-02 -2.589867e-01 
7.790362e-01 3.232173e-01 
-5.670762e-02 -1.584753e-01 
-2.540756e-01 -6.392352e-01 
-2.278316e-01 -7.822332e-01 
-1.000329e-01 -6.703037e-01 
-1.554596e-02 -4.341733e-01 
4.059043e-02 -1.166779e-01 
1.109872e-02 1.293047e-01 
-1.343666e-02 2.401472e-01 
-2.774969e-02 2.606769e-01 
-3.000560e-02 1.801135e-01 
-2.337119e-03 4.798337e-03 
1.640433e-02 -1.026638e-01 
2.362644e-02 -1.416864e-01 
1.638551e-02 -9.797903e-02 
-5.972441e-03 2.996512e-02 
-1.485980e-02 9.867285e-02 
-1.514521e-02 1.185218e-01 
-6.765323e-03 8.215357e-02 
5.002146e-03 -2.266051e-02 
8.908633e-03 -7.750198e-02 
8.065683e-03 -8.200784e-02 
2.828985e-03 -3.169482e-02 
-5.006815e-03 6.747960e-02 
-5.666196e-03 7.546895e-02 
-2.994693e-04 3.056281e-03 
1.207764e-02 -1.608321e-01 
