poroelastic
9.378833e-02 5.810703e-03 
9.688897e-02 -4.024517e-02 
4.377613e-02 -1.484941e-01 
-1.076504e-01 -2.391181e-01 
-7.823142e-02 -2.608778e-01 
-5.864242e-02 -2.332415e-01 
-4.892431e-02 -1.689291e-01 
-2.587524e-02 -1.084480e-01 
-9.761663e-03 -7.547941e-02 
-8.239382e-03 -4.635783e-02 
-9.241193e-03 -1.350830e-02 
-3.395294e-04 2.580182e-02 
-1.937710e-03 3.874331e-02 
1.573646e-03 2.840996e-02 
8.349007e-03 -7.736580e-04 
7.990575e-03 -3.730149e-02 
7.491212e-03 -5.526351e-02 
6.923882e-03 -5.863113e-02 
5.476747e-03 -4.553203e-02 
2.041322e-03 -1.269602e-02 
1.504933e-04 1.461693e-02 
-2.159265e-04 3.351846e-02 
1.725891e-03 4.329599e-02 
3.841969e-03 3.369873e-02 
3.078023e-03 -6.503667e-03 
1.453255e-03 -6.847290e-02 
-4.323966e-03 -1.561490e-01 
-4.399515e-01 -9.646426e-02 
5.152284e-02 -2.084416e-01 
1.663626e-02 -3.029912e-01 
-1.366408e-01 -3.557558e-01 
-8.919906e-02 -3.348030e-01 
-6.015013e-02 -2.682056e-01 
-4.510385e-02 -1.847899e-01 
-2.177785e-02 -1.246380e-01 
-6.175781e-03 -8.729496e-02 
-3.621183e-03 -5.377103e-02 
-5.874344e-03 -1.361653e-02 
-4.800585e-03 4.048355e-02 
-7.957545e-03 6.861105e-02 
-5.910450e-03 7.137035e-02 
2.356435e-03 4.205776e-02 
7.788948e-03 -2.485288e-02 
9.500973e-03 -6.631531e-02 
9.739805e-03 -8.173641e-02 
7.799791e-03 -6.829414e-02 
2.844467e-03 -2.212874e-02 
3.629497e-05 1.669673e-02 
-8.524585e-04 4.607923e-02 
9.097655e-04 6.484774e-02 
3.390236e-03 5.665937e-02 
3.353868e-03 1.907760e-03 
2.485516e-03 -8.673149e-02 
-2.743025e-03 -2.132985e-01 
3.280617e-01 5.433576e-01 
1.616500e-01 4.110985e-01 
6.804086e-02 1.090028e-01 
-1.246426e-01 -2.307103e-01 
-1.055959e-01 -3.977535e-01 
-7.880261e-02 -4.364235e-01 
-4.319606e-02 -3.606411e-01 
-2.230550e-03 -1.973379e-01 
5.921519e-03 -7.745405e-02 
5.879489e-04 1.115795e-02 
-1.086752e-02 7.137715e-02 
-1.560071e-02 9.696175e-02 
-1.372324e-02 9.917352e-02 
-8.225979e-03 7.918775e-02 
2.593537e-03 2.810562e-02 
1.069259e-02 -5.542911e-02 
1.168683e-02 -9.276433e-02 
9.858850e-03 -9.090917e-02 
5.147417e-03 -5.068435e-02 
-9.106511e-04 2.359134e-02 
-2.948340e-03 6.483452e-02 
-2.390012e-03 7.629638e-02 
1.085222e-03 5.727825e-02 
3.562024e-03 3.247267e-03 
2.904723e-03 -4.772337e-02 
2.128089e-03 -9.256949e-02 
-3.340283e-05 -1.317905e-01 
4.292476e-01 2.075661e-01 
1.063793e-01 1.206485e-01 
3.705768e-03 -1.347792e-01 
-1.754637e-01 -4.024576e-01 
-1.231594e-01 -5.146449e-01 
-8.273766e-02 -5.039780e-01 
-3.692416e-02 -3.784686e-01 
7.172093e-04 -1.708233e-01 
2.530517e-03 -2.710619e-02 
-7.145656e-03 6.690745e-02 
-1.912171e-02 1.070454e-01 
-1.312116e-02 8.752484e-02 
-8.577307e-03 6.619808e-02 
-3.386880e-03 3.990884e-02 
4.924352e-03 -5.617310e-04 
1.120486e-02 -5.437531e-02 
1.105609e-02 -7.692858e-02 
9.029247e-03 -7.119848e-02 
4.835374e-03 -3.410510e-02 
-8.516017e-04 2.962620e-02 
-2.730207e-03 6.341805e-02 
-1.923563e-03 6.963583e-02 
1.651645e-03 4.697492e-02 
3.368608e-03 -6.925049e-03 
3.224975e-03 -5.787131e-02 
3.062389e-03 -1.019958e-01 
1.694971e-03 -1.408613e-01 
-8.100841e-02 -3.083391e-02 
5.563670e-02 -1.570811e-01 
-5.520768e-02 -3.582885e-01 
-2.270856e-01 -5.610255e-01 
-1.409311e-01 -6.273102e-01 
-8.179639e-02 -5.643172e-01 
-2.261733e-02 -3.728632e-01 
5.466335e-03 -9.716442e-02 
-3.737486e-03 7.793395e-02 
-2.030112e-02 1.666813e-01 
-3.156896e-02 1.580738e-01 
-7.690294e-03 5.617880e-02 
3.169712e-03 -7.192824e-03 
8.556126e-03 -4.075712e-02 
1.061102e-02 -4.903347e-02 
8.201364e-03 -3.557424e-02 
5.155802e-03 -2.402334e-02 
3.583333e-03 -1.121581e-02 
3.129620e-03 2.668165e-03 
1.247297e-03 1.333389e-02 
1.629581e-04 2.229696e-02 
3.764951e-04 2.686745e-02 
1.887834e-03 2.771397e-02 
1.612006e-03 1.760716e-02 
2.257054e-03 -2.671406e-02 
3.611673e-03 -9.258580e-02 
4.267208e-03 -1.848916e-01 
-6.067170e-01 1.360836e-01 
-1.299677e-01 -1.462951e-01 
-1.223116e-01 -3.843642e-01 
-2.177309e-01 -6.133272e-01 
-1.254123e-01 -6.777321e-01 
-6.481928e-02 -6.010500e-01 
-6.214402e-03 -3.765085e-01 
1.007484e-02 -3.333885e-02 
-7.884710e-03 1.875581e-01 
-3.000775e-02 2.889062e-01 
-4.404162e-02 2.450973e-01 
-7.882228e-03 3.978938e-02 
1.326746e-02 -8.758614e-02 
2.189031e-02 -1.435052e-01 
1.941749e-02 -1.256194e-01 
5.279740e-03 -2.329933e-02 
-2.673509e-03 3.666230e-02 
-3.950045e-03 5.845148e-02 
-1.320986e-04 4.832209e-02 
3.146658e-03 3.911040e-03 
3.470304e-03 -1.853349e-02 
3.454169e-03 -2.249461e-02 
2.980499e-03 -6.296283e-03 
-1.274306e-04 2.841239e-02 
5.030081e-04 1.949183e-03 
3.362399e-03 -7.119626e-02 
7.697829e-03 -1.978568e-01 
5.758037e-01 4.795342e-02 
-2.187707e-02 -2.060299e-02 
-1.247292e-01 -2.504003e-01 
-1.402576e-01 -4.552195e-01 
-7.519641e-02 -4.810037e-01 
-2.999983e-02 -4.018356e-01 
9.919571e-03 -2.239952e-01 
7.577236e-03 3.718913e-03 
-8.259785e-03 1.414495e-01 
-2.265100e-02 2.083267e-01 
-2.958949e-02 1.815650e-01 
-7.613239e-03 4.484298e-02 
7.212078e-03 -4.935466e-02 
1.475797e-02 -9.830996e-02 
1.433639e-02 -9.214610e-02 
4.914891e-03 -2.599669e-02 
-1.565016e-03 2.101070e-02 
-4.009078e-03 5.061629e-02 
-1.825507e-03 5.255134e-02 
1.255326e-03 1.182276e-02 
2.322114e-03 -1.204614e-02 
2.701128e-03 -1.926276e-02 
1.884760e-03 -7.063424e-03 
-1.130040e-03 1.822673e-02 
-2.498999e-04 3.001375e-04 
2.546649e-03 -5.050082e-02 
7.849203e-03 -1.414769e-01 
