poroelastic
3.077960e-02 -5.805244e-01 
1.894723e-02 -8.123995e-01 
-4.867875e-03 -6.719016e-01 
-8.622110e-03 -2.644097e-01 
-1.083602e-03 1.147131e-01 
1.559723e-02 6.663835e-01 
1.361445e+00 -8.101521e-01 
-5.245130e-02 -1.138772e+00 
-1.572685e-01 -1.748449e-01 
-2.625586e-02 1.770770e+00 
4.071329e-02 3.114796e+00 
9.203900e-02 4.003262e+00 
1.306453e-01 -1.150641e+00 
7.585855e-02 -1.968534e+00 
-5.665755e-02 -1.285642e+00 
-1.456735e-02 6.708713e-01 
2.375303e-02 1.889946e+00 
4.705284e-02 2.391579e+00 
-9.787815e-03 -1.139635e+00 
-5.592937e-02 -1.194216e+00 
-3.446357e-02 -3.207989e-01 
1.870588e-03 8.465962e-01 
1.483829e-02 1.258280e+00 
1.124534e-02 7.627069e-01 
-1.354130e+00 6.162397e-01 
-7.042932e-02 1.518496e+00 
-5.030619e-02 2.377561e+00 
1.438609e-02 2.589948e+00 
2.295910e-02 2.201224e+00 
1.272951e-02 9.983780e-01 
9.028215e-01 9.805470e-01 
-6.600738e-02 1.688592e+00 
-4.310277e-02 2.229865e+00 
9.572528e-03 2.228879e+00 
1.914549e-02 1.864156e+00 
1.248573e-02 9.323481e-01 
7.474800e-01 -6.928051e-01 
6.367713e-02 -1.022213e+00 
-3.140064e-02 -4.137043e-01 
-3.476839e-03 8.841483e-01 
1.541450e-02 1.813021e+00 
2.714598e-02 2.230190e+00 
2.373147e+00 -1.788905e+00 
3.648554e-01 -3.363394e+00 
-6.938411e-03 -2.904385e+00 
-8.977299e-03 -8.596155e-01 
4.815278e-03 6.722017e-01 
1.493998e-02 1.679434e+00 
-1.083488e+00 -1.385177e+00 
-1.058618e-01 -1.511632e+00 
-1.227771e-02 -2.796986e-01 
1.672934e-02 1.769076e+00 
1.898503e-02 2.919208e+00 
1.708796e-02 3.336398e+00 
-2.932690e-01 -5.941342e-01 
-1.105615e-02 -4.343803e-01 
2.057331e-03 8.561298e-01 
2.687214e-02 2.662045e+00 
2.301275e-02 3.573912e+00 
1.712172e-02 3.749431e+00 
5.859368e-01 -1.695848e+00 
1.814392e-02 -1.852482e+00 
-9.289553e-03 -6.986583e-01 
1.879104e-02 1.373261e+00 
2.141762e-02 2.766796e+00 
1.946063e-02 3.525204e+00 
-2.683957e+00 -2.354915e+00 
-3.707787e-01 -4.092519e+00 
-3.873405e-02 -3.586840e+00 
-6.846429e-04 -1.237068e+00 
9.495793e-03 7.926840e-01 
7.590129e-03 2.382635e+00 
1.912063e-01 -1.097047e+00 
-4.574104e-02 -2.307533e+00 
-1.076201e-02 -1.922987e+00 
2.348551e-02 3.928389e-02 
1.693945e-02 1.725519e+00 
6.922049e-04 3.030116e+00 
-1.143694e+00 4.698164e-02 
8.643302e-04 8.618381e-02 
4.983732e-02 8.569517e-01 
4.495050e-02 1.917860e+00 
1.717378e-02 2.442121e+00 
-3.005278e-03 2.463594e+00 
7.044606e-01 -3.816405e-01 
3.172066e-02 1.594652e-01 
7.346777e-02 1.357371e+00 
6.165474e-02 2.679590e+00 
2.338911e-02 3.232362e+00 
-2.848514e-03 3.127567e+00 
2.773254e-01 -2.451533e+00 
6.314708e-02 -2.386230e+00 
3.835073e-02 -9.413409e-01 
5.103406e-02 1.301967e+00 
2.277708e-02 2.679861e+00 
-5.299354e-03 3.305850e+00 
7.611066e-01 -1.424742e-01 
1.226053e-01 -1.655604e+00 
-1.654128e-02 -1.831120e+00 
1.254727e-02 -4.331675e-01 
7.658078e-03 6.208718e-01 
-7.887518e-03 1.284434e+00 
-1.636266e+00 9.406762e-02 
-5.319994e-02 -4.659979e-01 
9.084512e-02 1.249524e-01 
6.412521e-02 1.593287e+00 
1.241039e-02 2.529481e+00 
-2.595196e-02 2.757011e+00 
-3.888481e-01 2.382490e-01 
7.612856e-02 4.786010e-01 
1.080280e-01 1.322180e+00 
5.133159e-02 2.157691e+00 
3.489341e-03 2.275676e+00 
-1.373900e-02 1.433270e+00 
5.800460e-01 -1.838515e+00 
5.285566e-02 -1.501772e+00 
1.056130e-01 2.543529e-02 
6.500800e-02 1.989451e+00 
7.288982e-03 2.859609e+00 
-2.429446e-02 2.448752e+00 
-2.690141e+00 -3.936105e+00 
-3.603854e-01 -5.000999e+00 
1.365454e-03 -3.359469e+00 
5.173286e-02 -1.143927e-01 
1.109139e-02 1.918856e+00 
-3.399587e-02 2.725004e+00 
-1.427116e+00 -4.306397e-01 
-1.966024e-01 -1.849916e+00 
1.153724e-01 -1.406350e+00 
1.045733e-01 1.119490e+00 
1.493824e-02 2.914613e+00 
-7.489050e-02 4.212249e+00 
