poroelastic
-3.218972e-03 -1.067513e-01 
-1.705302e-02 -1.305312e-01 
-1.967235e-02 -6.513036e-02 
1.109518e-02 4.557351e-02 
1.439810e-02 1.007434e-01 
1.459929e-02 1.440123e-01 
3.420056e-01 3.797713e-01 
-5.535179e-02 3.277104e-01 
-5.743748e-03 2.888713e-01 
4.415261e-02 2.467956e-01 
2.840028e-02 2.155218e-01 
2.000701e-02 2.021437e-01 
6.676533e-01 4.461611e-01 
6.165404e-02 5.093674e-01 
6.829065e-03 3.827579e-01 
4.338647e-02 2.681929e-01 
2.822081e-02 2.177922e-01 
2.100655e-02 2.200213e-01 
6.160016e-01 -4.936870e-01 
3.991264e-02 -4.633381e-01 
-1.586792e-02 -3.624178e-01 
-3.466726e-02 -2.311531e-01 
-1.795787e-02 -1.526482e-01 
-9.062414e-03 -1.014950e-01 
6.550190e-02 -2.609368e-01 
-8.674646e-03 -1.597149e-01 
-5.389902e-03 -5.443946e-02 
3.629868e-03 3.282907e-02 
1.432113e-03 2.052372e-02 
-3.844530e-03 -4.361524e-02 
1.226795e-01 2.576441e-01 
-3.122520e-02 2.895226e-01 
7.572693e-03 3.280266e-01 
4.795740e-02 3.281401e-01 
2.844334e-02 2.526404e-01 
1.104458e-02 1.226875e-01 
6.904166e-01 4.658612e-01 
2.346700e-02 5.488654e-01 
1.738497e-02 5.300181e-01 
6.847826e-02 4.771126e-01 
4.076673e-02 3.625532e-01 
1.820389e-02 2.069574e-01 
6.536497e-01 -5.540464e-01 
4.422086e-02 -4.783916e-01 
-1.596960e-02 -2.705525e-01 
-1.692003e-02 -1.080505e-01 
-9.265584e-03 -7.490658e-02 
-1.008762e-02 -1.216296e-01 
2.138582e-01 -4.433672e-01 
-1.337554e-02 -2.813379e-01 
-1.005531e-02 -1.171335e-01 
-1.397629e-03 -3.034640e-04 
-1.377532e-03 -3.223011e-03 
-5.167902e-03 -6.617819e-02 
-3.787617e-02 6.305888e-02 
1.885753e-03 1.862193e-01 
1.990200e-02 2.556427e-01 
2.467288e-02 2.137116e-01 
7.925529e-03 9.451861e-02 
-3.866119e-03 -5.020943e-02 
4.182407e-01 5.151849e-01 
1.136130e-02 5.742978e-01 
3.748083e-02 5.190508e-01 
4.321254e-02 3.558133e-01 
1.776666e-02 1.907388e-01 
3.339717e-03 4.347701e-02 
8.106336e-01 5.516079e-01 
1.791838e-01 7.654856e-01 
6.075553e-02 6.442669e-01 
4.847034e-02 4.133130e-01 
2.032419e-02 2.225237e-01 
6.187171e-03 8.756724e-02 
5.920831e-01 -5.726746e-01 
-1.265844e-02 -2.877846e-01 
-1.301619e-02 -1.532214e-01 
-2.438156e-02 -1.541889e-01 
-1.888187e-02 -1.992016e-01 
-1.609061e-02 -2.522440e-01 
3.086657e-02 -1.958488e-01 
1.927226e-03 1.946929e-02 
9.429904e-03 1.019254e-01 
-3.388595e-04 4.381454e-02 
-7.267467e-03 -6.478152e-02 
-1.153238e-02 -1.854329e-01 
1.688417e-01 4.176092e-01 
3.128483e-02 5.436118e-01 
5.006850e-02 5.452120e-01 
3.604493e-02 3.777745e-01 
1.165495e-02 1.673939e-01 
-3.429235e-03 -5.556324e-02 
7.782674e-01 6.248409e-01 
1.344634e-01 8.156361e-01 
7.090352e-02 7.431958e-01 
5.089717e-02 5.181553e-01 
2.092111e-02 2.797158e-01 
3.203513e-03 5.281117e-02 
6.875958e-01 -6.774137e-01 
1.088330e-02 -4.212897e-01 
-1.873739e-02 -1.696968e-01 
-1.523854e-02 -1.033907e-01 
-1.155810e-02 -1.351727e-01 
-1.142085e-02 -2.151205e-01 
2.015320e-01 -4.932795e-01 
-1.917623e-02 -1.451622e-01 
-3.155988e-03 2.602595e-03 
-5.036860e-03 -2.170860e-02 
-6.609172e-03 -8.227308e-02 
-6.680342e-03 -1.320162e-01 
-2.983669e-02 1.366010e-01 
3.434061e-02 3.199485e-01 
2.802701e-02 3.160016e-01 
7.658574e-03 1.255057e-01 
-2.223344e-03 -2.113029e-02 
-5.123830e-03 -1.001778e-01 
5.350398e-01 7.305105e-01 
9.108672e-02 8.782968e-01 
7.000271e-02 7.351686e-01 
2.200295e-02 3.317904e-01 
1.479664e-03 4.570215e-02 
-6.106652e-03 -1.286967e-01 
1.004845e+00 8.019459e-01 
2.911594e-01 1.156557e+00 
9.430351e-02 9.326059e-01 
2.274421e-02 4.013768e-01 
-7.342859e-04 2.092279e-02 
-8.835644e-03 -2.145724e-01 
5.689647e-01 -7.047667e-01 
-4.508700e-02 -1.775963e-01 
-2.658993e-02 -1.531564e-02 
-1.402757e-02 -1.376690e-01 
-1.170786e-02 -2.428440e-01 
-1.011487e-02 -3.237983e-01 
