poroelastic
-2.914164e-03 1.319266e-01 
1.291412e-02 1.663968e-01 
1.585089e-02 8.148393e-02 
-1.302522e-02 -6.053155e-02 
-1.011300e-02 -8.859269e-02 
-5.024544e-03 -7.926387e-02 
-3.290427e-01 -3.853281e-01 
5.286134e-02 -2.914335e-01 
4.680793e-03 -2.687707e-01 
-4.851395e-02 -2.763792e-01 
-2.507558e-02 -2.328394e-01 
-1.109788e-02 -1.766307e-01 
-7.512400e-01 -4.803180e-01 
-5.497087e-02 -5.220845e-01 
-5.558858e-03 -4.144670e-01 
-5.578888e-02 -3.498551e-01 
-2.937753e-02 -2.771609e-01 
-1.320023e-02 -2.132480e-01 
-6.427473e-01 5.628669e-01 
-4.525624e-02 5.309167e-01 
1.727716e-02 3.753318e-01 
2.990828e-02 1.922876e-01 
1.409604e-02 1.308053e-01 
7.777205e-03 1.374538e-01 
-7.835985e-02 3.111927e-01 
1.019195e-02 2.002234e-01 
6.143569e-03 6.400155e-02 
-5.515315e-03 -5.910073e-02 
-1.045784e-03 -3.399211e-02 
3.699687e-03 6.735817e-02 
-1.130304e-01 -2.427617e-01 
3.111375e-02 -2.459280e-01 
-8.428608e-03 -2.990996e-01 
-4.722351e-02 -3.344434e-01 
-2.190952e-02 -2.484178e-01 
-5.092892e-03 -9.024529e-02 
-7.312512e-01 -4.807120e-01 
-3.753887e-03 -5.103539e-01 
-1.358928e-02 -5.059090e-01 
-7.383086e-02 -5.109667e-01 
-3.721860e-02 -4.050784e-01 
-1.308678e-02 -2.349854e-01 
-7.433027e-01 6.379215e-01 
-6.048632e-02 6.068520e-01 
2.092687e-02 3.493274e-01 
1.635374e-02 1.068449e-01 
6.914085e-03 5.571659e-02 
6.461437e-03 1.240883e-01 
-2.501738e-01 5.230531e-01 
1.620615e-02 3.559445e-01 
1.285842e-02 1.513628e-01 
-5.534726e-04 -1.828815e-02 
8.341875e-05 -1.989521e-02 
2.908077e-03 6.289636e-02 
3.104376e-02 -6.614757e-03 
2.044383e-03 -1.118553e-01 
-1.477014e-02 -2.018502e-01 
-2.092801e-02 -2.037882e-01 
-5.278370e-03 -9.576389e-02 
2.095591e-03 4.737826e-02 
-3.888773e-01 -4.992539e-01 
-7.439058e-03 -5.164402e-01 
-3.246941e-02 -4.696713e-01 
-3.957237e-02 -3.487945e-01 
-1.356439e-02 -1.951724e-01 
-2.209862e-03 -4.975408e-02 
-8.638025e-01 -5.569973e-01 
-1.618251e-01 -7.356388e-01 
-5.381645e-02 -6.218531e-01 
-5.027884e-02 -4.417343e-01 
-1.974429e-02 -2.724951e-01 
-5.900175e-03 -1.474715e-01 
-6.723121e-01 6.426631e-01 
5.431505e-03 4.038438e-01 
2.078247e-02 2.345251e-01 
2.745552e-02 1.783093e-01 
1.543743e-02 1.998842e-01 
8.178522e-03 2.437927e-01 
-6.756399e-02 2.687893e-01 
5.114908e-03 6.777446e-02 
-1.807821e-03 -3.752431e-02 
5.050354e-03 -2.084447e-02 
6.951347e-03 6.928453e-02 
5.294771e-03 1.755750e-01 
-1.495072e-01 -3.669922e-01 
-1.955570e-02 -4.546097e-01 
-4.187395e-02 -4.734570e-01 
-3.121295e-02 -3.568186e-01 
-8.096885e-03 -1.766817e-01 
4.943779e-04 1.720105e-02 
-7.955137e-01 -6.109503e-01 
-1.091878e-01 -7.542765e-01 
-6.330309e-02 -7.007786e-01 
-5.060595e-02 -5.379156e-01 
-1.796463e-02 -3.303960e-01 
-3.411576e-03 -1.191730e-01 
-7.768177e-01 7.265751e-01 
-2.854787e-02 5.485500e-01 
2.470019e-02 2.654215e-01 
1.782670e-02 1.278686e-01 
9.008936e-03 1.297560e-01 
4.377117e-03 2.008194e-01 
-2.673504e-01 5.731500e-01 
2.692544e-02 2.421168e-01 
9.348717e-03 6.492707e-02 
6.615424e-03 3.477390e-02 
4.715897e-03 7.313766e-02 
2.231955e-03 1.174324e-01 
2.473777e-02 -6.475233e-02 
-2.221795e-02 -2.262254e-01 
-1.898298e-02 -2.447262e-01 
-3.618961e-03 -1.018416e-01 
1.830775e-03 1.812412e-02 
1.338621e-03 7.581002e-02 
-4.867249e-01 -6.752041e-01 
-7.144036e-02 -7.734217e-01 
-5.788723e-02 -6.481349e-01 
-1.684812e-02 -3.083243e-01 
-1.260831e-03 -7.097513e-02 
7.002830e-04 5.123040e-02 
-9.910394e-01 -7.697273e-01 
-2.552475e-01 -1.065229e+00 
-8.073925e-02 -8.522513e-01 
-1.780180e-02 -3.926956e-01 
-3.193866e-04 -7.411011e-02 
8.607214e-04 9.701825e-02 
-7.064289e-01 7.399984e-01 
4.705402e-02 3.142031e-01 
4.111474e-02 1.464308e-01 
2.117930e-02 2.180946e-01 
7.901525e-03 2.805311e-01 
-2.611541e-04 3.034993e-01 
