poroelastic
-3.518278e-02 -6.826031e-02 
-5.171348e-02 -8.945314e-02 
-4.875641e-02 -3.760559e-02 
3.154953e-02 9.971758e-02 
4.325128e-02 2.483427e-01 
4.913349e-02 4.115816e-01 
1.139366e-01 3.668896e-01 
1.125478e-02 2.416327e-01 
1.557968e-02 7.113661e-02 
-9.926636e-03 -4.408824e-02 
-9.776441e-03 -6.786100e-02 
-2.536827e-03 -2.163583e-02 
5.953181e-01 4.220701e-01 
4.453170e-02 4.719363e-01 
-5.436269e-03 2.878582e-01 
3.856452e-02 1.707825e-01 
3.393606e-02 2.019734e-01 
3.672913e-02 3.176453e-01 
5.504202e-01 -4.219291e-01 
4.017607e-02 -4.775686e-01 
-3.333199e-02 -4.301194e-01 
-3.944227e-02 -2.529651e-01 
-9.216978e-03 -8.135126e-02 
7.635587e-03 6.926116e-02 
5.596141e-02 -1.993645e-01 
-7.218949e-03 -1.320144e-01 
-8.738543e-03 -6.753641e-02 
2.495081e-03 1.369791e-02 
2.580634e-03 2.097783e-02 
-6.966237e-04 -6.410452e-03 
8.517479e-02 2.920481e-01 
-1.851914e-02 3.031454e-01 
1.459491e-02 2.638866e-01 
3.557576e-02 2.071480e-01 
1.582958e-02 1.207991e-01 
8.283509e-04 7.553653e-03 
7.055856e-01 5.098362e-01 
8.184257e-03 6.245410e-01 
1.720229e-02 5.571283e-01 
8.514805e-02 4.625763e-01 
5.061181e-02 3.565732e-01 
2.444753e-02 2.263075e-01 
8.084462e-01 -4.552768e-01 
9.202092e-02 -4.945052e-01 
-1.778467e-02 -3.916279e-01 
-4.773972e-02 -2.539107e-01 
-2.692225e-02 -1.892922e-01 
-1.740250e-02 -1.677825e-01 
1.108669e-01 -4.178597e-01 
-2.946304e-02 -2.874137e-01 
-2.335232e-02 -1.224472e-01 
1.476997e-02 5.606002e-02 
1.811464e-02 1.269982e-01 
1.295759e-02 1.318342e-01 
-2.504150e-02 7.568257e-02 
7.370058e-03 1.778372e-01 
2.337956e-02 2.004245e-01 
1.460983e-02 1.260814e-01 
-2.810630e-03 -2.691146e-03 
-1.186453e-02 -1.238444e-01 
2.968938e-01 5.409874e-01 
2.254903e-02 5.480317e-01 
4.444924e-02 4.062321e-01 
2.263173e-02 1.807392e-01 
-1.940787e-03 1.541353e-03 
-1.047167e-02 -1.103382e-01 
9.596710e-01 5.769385e-01 
2.064363e-01 8.668769e-01 
7.276365e-02 7.430254e-01 
8.637081e-02 5.143608e-01 
4.699249e-02 3.693329e-01 
2.659734e-02 2.981290e-01 
9.171928e-01 -6.203614e-01 
-4.660634e-03 -4.149724e-01 
-2.983304e-02 -3.568408e-01 
-6.401214e-02 -3.511717e-01 
-4.055028e-02 -3.444837e-01 
-2.489766e-02 -3.050731e-01 
8.045787e-02 -2.645483e-01 
-5.019703e-03 -7.741751e-02 
1.532424e-03 -2.475975e-03 
-8.348903e-03 -2.249272e-02 
-1.032265e-02 -7.957874e-02 
-1.042537e-02 -1.332454e-01 
1.426810e-01 4.658599e-01 
3.565886e-02 5.867985e-01 
6.126938e-02 5.422818e-01 
3.205087e-02 3.004518e-01 
-2.797692e-04 3.703249e-02 
-1.535303e-02 -2.025558e-01 
9.229333e-01 7.378733e-01 
1.616838e-01 1.018287e+00 
1.001304e-01 9.245735e-01 
8.803581e-02 6.368730e-01 
3.711245e-02 3.665824e-01 
9.719261e-03 1.297435e-01 
1.113652e+00 -7.573164e-01 
4.450073e-02 -5.579237e-01 
-3.805189e-02 -3.430675e-01 
-5.404981e-02 -2.864967e-01 
-3.633765e-02 -3.304744e-01 
-2.733494e-02 -4.094191e-01 
2.449368e-01 -6.232241e-01 
-3.248201e-02 -2.602547e-01 
-1.009678e-02 -8.300284e-02 
-5.799159e-03 -4.523340e-02 
-3.295137e-03 -3.927199e-02 
-2.154869e-04 -3.332106e-03 
-2.961783e-02 7.669450e-02 
2.732250e-02 2.461888e-01 
2.619489e-02 2.334108e-01 
4.744988e-03 5.433900e-02 
-2.921432e-03 -3.712429e-02 
9.932222e-05 1.570775e-03 
4.351175e-01 8.242516e-01 
9.433867e-02 8.985177e-01 
6.679528e-02 6.451678e-01 
-1.992687e-03 1.084771e-01 
-1.898218e-02 -2.051495e-01 
-1.634377e-02 -2.867902e-01 
1.229112e+00 9.349283e-01 
3.821293e-01 1.388720e+00 
1.441257e-01 1.115331e+00 
4.396209e-02 4.855340e-01 
5.556742e-03 9.826494e-02 
-2.899607e-03 -5.762668e-02 
1.023217e+00 -9.753941e-01 
-9.289407e-02 -3.712077e-01 
-6.061116e-02 -2.036542e-01 
-4.256427e-02 -3.074885e-01 
-2.781368e-02 -4.051366e-01 
-1.888298e-02 -4.808223e-01 
