poroelastic
-2.547877e-04 -1.039331e-01 
-1.289616e-02 -1.295607e-01 
-1.648652e-02 -6.935101e-02 
8.198839e-03 3.453212e-02 
1.114907e-02 8.271590e-02 
1.117261e-02 1.161888e-01 
3.523261e-01 3.922973e-01 
-5.432659e-02 3.364343e-01 
-5.488858e-03 2.969042e-01 
4.238825e-02 2.539520e-01 
2.715124e-02 2.191185e-01 
1.855789e-02 1.977098e-01 
6.896327e-01 4.610920e-01 
6.386865e-02 5.251597e-01 
7.332664e-03 3.975851e-01 
4.205101e-02 2.797624e-01 
2.669145e-02 2.207705e-01 
1.886175e-02 2.094083e-01 
6.317603e-01 -5.013756e-01 
4.152503e-02 -4.679109e-01 
-1.373617e-02 -3.640846e-01 
-3.374851e-02 -2.360365e-01 
-1.828788e-02 -1.637910e-01 
-1.023337e-02 -1.221178e-01 
7.213524e-02 -2.647459e-01 
-7.405345e-03 -1.624284e-01 
-4.479907e-03 -5.828846e-02 
2.185352e-03 2.637004e-02 
2.146023e-04 1.120965e-02 
-4.823827e-03 -5.831395e-02 
1.263052e-01 2.641407e-01 
-2.896216e-02 2.941277e-01 
7.596639e-03 3.306701e-01 
4.421568e-02 3.275065e-01 
2.614204e-02 2.490181e-01 
9.800540e-03 1.156018e-01 
7.022798e-01 4.772692e-01 
2.522496e-02 5.562119e-01 
1.686900e-02 5.345008e-01 
6.336879e-02 4.783008e-01 
3.765214e-02 3.599916e-01 
1.661141e-02 2.008953e-01 
6.710490e-01 -5.614615e-01 
4.769230e-02 -4.869952e-01 
-1.467136e-02 -2.762657e-01 
-1.668156e-02 -1.142459e-01 
-9.513568e-03 -8.303624e-02 
-1.041450e-02 -1.342699e-01 
2.274610e-01 -4.518164e-01 
-1.217683e-02 -2.883410e-01 
-9.652195e-03 -1.250035e-01 
-2.660391e-03 -1.004869e-02 
-2.273688e-03 -1.324937e-02 
-5.504785e-03 -7.572111e-02 
-3.460095e-02 6.053518e-02 
2.502482e-03 1.808545e-01 
1.813078e-02 2.474555e-01 
2.166144e-02 2.049553e-01 
6.842222e-03 8.864059e-02 
-3.784824e-03 -5.266484e-02 
4.233348e-01 5.253587e-01 
1.183865e-02 5.776812e-01 
3.486739e-02 5.177572e-01 
3.888700e-02 3.507479e-01 
1.615882e-02 1.874437e-01 
3.050230e-03 4.246192e-02 
8.232013e-01 5.658413e-01 
1.775578e-01 7.737522e-01 
5.721859e-02 6.447129e-01 
4.360413e-02 4.078353e-01 
1.819122e-02 2.171123e-01 
5.470478e-03 8.340411e-02 
6.128726e-01 -5.794976e-01 
-1.185517e-02 -2.976979e-01 
-1.372047e-02 -1.642797e-01 
-2.370341e-02 -1.683215e-01 
-1.815755e-02 -2.102695e-01 
-1.540927e-02 -2.616565e-01 
4.080389e-02 -2.025175e-01 
8.020126e-04 1.036966e-02 
7.261500e-03 8.853164e-02 
-1.703743e-03 2.811742e-02 
-7.292716e-03 -7.466848e-02 
-1.091631e-02 -1.896877e-01 
1.673631e-01 4.168320e-01 
3.082439e-02 5.362191e-01 
4.535745e-02 5.319263e-01 
3.112890e-02 3.626733e-01 
1.017927e-02 1.591618e-01 
-3.275272e-03 -5.695646e-02 
7.872154e-01 6.320613e-01 
1.307678e-01 8.152419e-01 
6.585010e-02 7.379575e-01 
4.499926e-02 5.107659e-01 
1.890217e-02 2.769025e-01 
3.100195e-03 5.498765e-02 
7.087907e-01 -6.746973e-01 
1.470399e-02 -4.337185e-01 
-1.964579e-02 -1.864035e-01 
-1.487434e-02 -1.197944e-01 
-1.098786e-02 -1.451285e-01 
-1.066915e-02 -2.182479e-01 
2.182980e-01 -4.984156e-01 
-2.067728e-02 -1.598029e-01 
-5.226718e-03 -1.542197e-02 
-5.480091e-03 -3.611613e-02 
-6.259337e-03 -8.914427e-02 
-6.022988e-03 -1.302799e-01 
-2.721285e-02 1.268190e-01 
3.123826e-02 3.030886e-01 
2.388380e-02 2.951299e-01 
6.075507e-03 1.109761e-01 
-1.972911e-03 -2.370308e-02 
-4.137906e-03 -8.780786e-02 
5.236332e-01 7.236555e-01 
8.572550e-02 8.579898e-01 
6.203803e-02 7.087691e-01 
1.856153e-02 3.132279e-01 
1.431355e-03 4.269245e-02 
-4.900125e-03 -1.113265e-01 
1.003616e+00 8.022207e-01 
2.791067e-01 1.140707e+00 
8.525816e-02 9.091741e-01 
1.952129e-02 3.854931e-01 
-2.838155e-04 2.128998e-02 
-7.240373e-03 -1.913626e-01 
6.032197e-01 -7.082871e-01 
-4.771063e-02 -1.979168e-01 
-3.001507e-02 -4.354266e-02 
-1.282499e-02 -1.642279e-01 
-1.046637e-02 -2.573705e-01 
-8.936846e-03 -3.177552e-01 
