poroelastic
-2.233391e-02 7.934705e-02 
-1.886636e-02 1.021544e-01 
-9.414898e-03 7.743603e-02 
1.098504e-02 5.978707e-02 
9.245434e-03 1.266184e-01 
6.225464e-03 2.312938e-01 
-2.587790e-01 -1.745769e-01 
4.811207e-02 -9.624362e-02 
1.759000e-02 -1.600552e-01 
-2.666301e-02 -2.585477e-01 
-1.498081e-02 -2.751283e-01 
-6.572659e-03 -2.474210e-01 
-2.152162e-01 -2.696297e-01 
-9.442690e-03 -1.595593e-01 
-1.118487e-03 -9.144417e-02 
-4.193328e-03 -7.778121e-02 
-5.328511e-04 -2.598301e-02 
7.884728e-04 3.268939e-02 
-2.696978e-01 3.097084e-01 
-2.141551e-02 2.299780e-01 
-2.411369e-04 1.080619e-01 
4.263442e-03 3.525668e-02 
2.856967e-03 4.432659e-02 
1.794031e-03 9.756003e-02 
-9.434439e-02 1.998757e-01 
-1.894919e-03 1.398054e-01 
-8.294102e-04 7.083825e-02 
4.334103e-03 2.557240e-02 
3.333562e-03 5.378428e-02 
2.139125e-03 1.253242e-01 
-5.405469e-02 -5.537045e-02 
1.528907e-02 -1.771954e-02 
4.637505e-03 -8.075236e-02 
-1.213358e-02 -1.689720e-01 
-6.769268e-03 -1.747224e-01 
-2.363945e-03 -1.224095e-01 
-1.365436e-01 -2.181331e-01 
-3.791436e-05 -8.187370e-02 
2.391379e-04 -4.584976e-02 
-3.518902e-03 -7.229836e-02 
-1.166278e-03 -4.461116e-02 
1.969342e-04 1.075607e-02 
-2.115820e-01 3.825108e-01 
-3.559119e-03 3.046371e-01 
6.622486e-03 1.146778e-01 
-4.996683e-03 -5.043771e-02 
-3.980622e-03 -1.160193e-01 
-1.606995e-03 -1.160729e-01 
-2.899229e-01 2.796685e-01 
-5.851196e-03 2.121667e-01 
3.640987e-03 1.555735e-01 
9.929922e-03 1.366858e-01 
5.591821e-03 1.695970e-01 
1.735393e-03 2.188598e-01 
1.775222e-03 3.722033e-02 
4.238772e-04 4.800556e-03 
-8.818986e-04 -3.262287e-02 
-1.191278e-03 -4.775579e-02 
1.375845e-05 -1.788275e-02 
2.374457e-04 3.329805e-02 
-2.782159e-01 -2.342646e-01 
5.639807e-03 -2.201316e-01 
-4.554778e-03 -2.458916e-01 
-1.184210e-02 -2.699106e-01 
-5.325313e-03 -2.518164e-01 
-1.694574e-03 -2.055791e-01 
-1.693539e-01 -3.392967e-01 
-1.339274e-02 -2.746448e-01 
-1.969335e-03 -1.423345e-01 
3.069469e-03 -6.656342e-03 
2.785484e-03 1.121256e-01 
7.249909e-04 2.006304e-01 
-1.256335e-01 2.770249e-01 
6.783070e-04 9.040739e-02 
-3.490956e-04 -2.181760e-02 
1.447716e-04 -2.501958e-02 
3.539456e-04 3.217516e-03 
-8.711819e-05 4.604556e-02 
-4.665099e-02 1.007661e-01 
1.899108e-03 -1.463788e-02 
2.269037e-03 -3.859906e-02 
2.732827e-03 2.091976e-02 
1.395581e-03 9.167258e-02 
-5.984062e-04 1.620858e-01 
-5.985561e-02 -1.456905e-01 
-4.308600e-03 -1.452557e-01 
-6.100310e-03 -1.462825e-01 
-2.222949e-03 -1.240259e-01 
-3.712817e-04 -8.605952e-02 
1.041853e-04 -3.587817e-02 
-2.200016e-01 -2.595555e-01 
-1.664800e-02 -1.881118e-01 
-5.111789e-03 -1.276617e-01 
-1.259933e-03 -9.416407e-02 
-1.898312e-04 -6.269233e-02 
1.037743e-04 -3.261198e-02 
-1.605854e-01 3.265487e-01 
-5.281023e-04 1.967752e-01 
-1.605115e-03 5.177669e-02 
-1.302058e-03 -1.666691e-02 
-9.324707e-05 -6.184694e-02 
8.976752e-04 -9.052452e-02 
-2.613534e-01 2.220220e-01 
1.965359e-02 9.248484e-02 
1.627040e-02 9.022759e-02 
2.199664e-03 1.666198e-01 
-1.107597e-03 2.088642e-01 
-2.866091e-03 2.135798e-01 
3.903519e-03 -4.706010e-02 
-4.032539e-03 -1.153065e-01 
1.207727e-03 -8.914778e-02 
5.006351e-04 1.758182e-03 
-3.961976e-04 5.148979e-02 
-8.277511e-04 6.341444e-02 
-3.201957e-01 -3.290159e-01 
-2.946398e-02 -3.714899e-01 
-2.052391e-02 -3.381415e-01 
1.093619e-03 -2.409358e-01 
2.272672e-03 -1.818991e-01 
2.138565e-03 -1.510211e-01 
-3.296882e-01 -3.991474e-01 
-4.854514e-02 -4.304580e-01 
9.442343e-04 -2.783939e-01 
1.580064e-03 -5.436276e-02 
-1.454586e-03 8.512923e-02 
-2.864950e-03 1.568861e-01 
-1.765021e-01 1.797191e-01 
5.209988e-03 -4.027694e-02 
1.568895e-02 -5.754943e-02 
-9.649446e-04 9.227538e-02 
-4.237339e-03 1.621126e-01 
-4.523220e-03 1.703540e-01 
