poroelastic
2.882435e-02 -4.046821e-02 
2.910420e-02 -4.089857e-02 
2.067173e-02 -2.729657e-02 
-2.322605e-02 -7.221919e-02 
-2.754509e-02 -1.804511e-01 
-2.981405e-02 -3.223242e-01 
2.007119e-01 -9.534523e-02 
-6.943365e-02 -3.194459e-02 
-2.626725e-02 1.574399e-01 
6.484430e-02 3.208476e-01 
4.770366e-02 3.637662e-01 
2.967593e-02 3.278755e-01 
-1.874663e-01 -5.579517e-02 
-2.338480e-02 -1.483498e-01 
2.794161e-03 -7.668108e-02 
-1.041753e-02 -2.356231e-02 
-1.408147e-02 -8.966214e-02 
-1.777157e-02 -2.040833e-01 
-1.419381e-01 -4.411051e-03 
-9.992656e-03 1.301685e-01 
1.955471e-02 2.135109e-01 
1.757190e-02 1.551792e-01 
3.854360e-04 2.877749e-02 
-9.601025e-03 -1.192281e-01 
-5.755968e-03 -4.525015e-02 
-3.056782e-03 -1.498591e-02 
2.317441e-03 3.269710e-02 
5.564349e-03 4.484568e-02 
1.775485e-03 2.337653e-02 
-2.157385e-03 -2.720114e-02 
-1.499385e-04 -1.380769e-01 
-2.498721e-02 -1.515020e-01 
-1.504777e-02 -3.878484e-02 
2.109693e-02 1.012941e-01 
2.007127e-02 1.644932e-01 
1.466230e-02 1.798965e-01 
-3.132497e-01 -1.669494e-01 
-2.656449e-02 -3.282270e-01 
-1.956233e-02 -2.864963e-01 
-2.719816e-02 -1.770223e-01 
-1.465336e-02 -1.279418e-01 
-7.777700e-03 -9.748251e-02 
-4.408625e-01 -8.312745e-02 
-8.306377e-02 7.432493e-02 
2.415530e-03 2.130434e-01 
5.030777e-02 2.889408e-01 
3.419117e-02 3.031059e-01 
2.115665e-02 2.824410e-01 
1.470433e-01 2.855741e-02 
1.764080e-02 4.098425e-02 
7.045496e-03 3.289853e-03 
-2.495604e-02 -1.030867e-01 
-2.501277e-02 -2.097966e-01 
-2.106893e-02 -3.014325e-01 
-1.697668e-02 -4.975252e-02 
-1.069840e-02 -4.968678e-02 
-1.974271e-03 1.288608e-02 
1.661612e-02 9.324612e-02 
1.342319e-02 1.290875e-01 
7.745780e-03 1.123394e-01 
1.015092e-01 -1.419667e-01 
-2.398194e-02 -1.020858e-01 
-3.348639e-03 5.524021e-02 
4.146323e-02 2.410878e-01 
3.234668e-02 3.146112e-01 
2.021092e-02 2.928641e-01 
-4.799104e-01 -9.894343e-02 
-1.195221e-01 -3.080765e-01 
-3.581057e-02 -3.111245e-01 
-4.630734e-02 -2.723339e-01 
-3.344277e-02 -3.142223e-01 
-2.525478e-02 -4.005743e-01 
-6.409304e-01 1.476429e-01 
1.035697e-02 2.569842e-01 
4.199346e-02 3.699216e-01 
5.282968e-02 3.885939e-01 
2.743877e-02 3.233237e-01 
1.091430e-02 1.949119e-01 
-7.068504e-02 1.267740e-01 
1.620900e-02 1.520292e-01 
1.675820e-02 1.604049e-01 
9.731761e-03 1.176560e-01 
5.536919e-04 3.029830e-02 
-5.029283e-03 -9.282514e-02 
-7.431228e-03 -1.385034e-01 
-1.865757e-02 -1.703075e-01 
-5.478218e-03 -8.857838e-02 
1.658934e-02 7.914458e-02 
1.631916e-02 1.810248e-01 
1.172491e-02 2.174162e-01 
-4.275967e-01 -2.579953e-01 
-9.006582e-02 -4.630312e-01 
-4.913993e-02 -4.312532e-01 
-3.099997e-02 -2.711111e-01 
-1.349806e-02 -1.685398e-01 
-5.616500e-03 -1.056585e-01 
-7.198493e-01 1.672211e-01 
-4.439716e-02 2.603311e-01 
4.349851e-02 2.964809e-01 
4.666055e-02 3.235411e-01 
2.837458e-02 3.489677e-01 
1.710629e-02 3.745350e-01 
-2.002626e-02 2.234389e-01 
1.684457e-02 1.767402e-01 
2.724087e-03 9.386435e-02 
-8.531448e-03 -1.896760e-02 
-9.928111e-03 -1.135511e-01 
-8.524988e-03 -1.991961e-01 
-3.097731e-03 6.486649e-02 
8.471676e-03 6.956275e-02 
7.934313e-03 8.491414e-02 
4.348884e-03 8.342604e-02 
-8.523394e-04 1.543839e-02 
-5.218592e-03 -1.209191e-01 
1.224947e-01 -1.923090e-01 
2.638306e-03 -1.116651e-01 
3.405030e-02 8.165741e-02 
3.999705e-02 3.323112e-01 
2.565642e-02 4.027960e-01 
1.237399e-02 3.113079e-01 
-4.893683e-01 -2.408885e-01 
-1.598258e-01 -4.334477e-01 
-5.849092e-02 -3.521804e-01 
-2.099204e-02 -1.771227e-01 
-1.060473e-02 -1.516305e-01 
-8.364846e-03 -2.481230e-01 
-7.000245e-01 4.527419e-01 
8.578420e-02 3.774951e-01 
6.376737e-02 3.471607e-01 
2.528186e-02 2.940121e-01 
1.092944e-02 2.357419e-01 
4.189645e-03 1.805303e-01 
