poroelastic
-2.039626e-03 -8.398993e-02 
-1.303399e-02 -1.280345e-01 
-1.999098e-02 -9.896532e-02 
6.313379e-03 1.310499e-02 
1.251051e-02 1.069060e-01 
1.587255e-02 2.058652e-01 
2.188268e-01 4.940310e-01 
-1.089669e-02 3.450921e-01 
1.104810e-02 1.830380e-01 
4.894066e-03 5.237649e-02 
-1.478762e-03 -1.328568e-02 
-1.791549e-03 -2.379226e-02 
8.652354e-01 5.697332e-01 
6.463576e-02 6.443953e-01 
-1.581035e-03 4.658125e-01 
3.987357e-02 3.235221e-01 
2.704916e-02 2.765135e-01 
2.091076e-02 2.919259e-01 
7.937457e-01 -5.565669e-01 
6.840742e-02 -6.080655e-01 
-1.255780e-02 -5.247433e-01 
-3.775537e-02 -3.484741e-01 
-1.805099e-02 -2.120402e-01 
-6.987801e-03 -1.065563e-01 
1.154575e-01 -2.917908e-01 
-2.287171e-03 -2.111964e-01 
-5.118311e-03 -1.292842e-01 
-4.334658e-03 -3.265149e-02 
-2.541442e-03 -2.269393e-02 
-4.278568e-03 -6.630121e-02 
1.086565e-01 3.426168e-01 
-1.406887e-02 3.428937e-01 
1.082717e-02 3.021768e-01 
2.088302e-02 2.202298e-01 
7.977263e-03 1.070537e-01 
-1.743628e-03 -2.615970e-02 
8.917421e-01 6.268418e-01 
1.686568e-02 7.210127e-01 
9.949919e-03 6.549330e-01 
5.528366e-02 5.450687e-01 
3.313482e-02 4.082565e-01 
1.633582e-02 2.524295e-01 
1.059063e+00 -5.599385e-01 
1.322676e-01 -6.270695e-01 
-5.189607e-03 -4.812513e-01 
-3.716481e-02 -3.424970e-01 
-2.491434e-02 -3.062073e-01 
-2.017941e-02 -3.382096e-01 
2.341922e-01 -5.300394e-01 
-1.437922e-02 -3.863579e-01 
-1.485714e-02 -2.006119e-01 
9.408558e-04 -1.229929e-02 
5.136266e-03 6.528303e-02 
4.341370e-03 7.948934e-02 
-1.201175e-02 3.583123e-02 
4.054355e-03 1.249828e-01 
9.679172e-03 1.481752e-01 
5.227812e-03 8.868310e-02 
-1.794393e-03 -1.313393e-02 
-5.701021e-03 -1.056236e-01 
3.103349e-01 6.165419e-01 
1.595151e-02 5.831473e-01 
2.458370e-02 4.035129e-01 
7.434529e-03 1.298661e-01 
-3.955534e-03 -4.761530e-02 
-7.422755e-03 -1.367445e-01 
1.098399e+00 6.662951e-01 
2.013791e-01 9.191436e-01 
4.651516e-02 7.534531e-01 
4.077307e-02 4.979316e-01 
2.339338e-02 3.622701e-01 
1.601263e-02 3.311694e-01 
1.111984e+00 -6.808945e-01 
2.568005e-03 -5.452772e-01 
-2.979311e-02 -4.872738e-01 
-4.029754e-02 -4.863135e-01 
-2.574674e-02 -4.537154e-01 
-1.611042e-02 -3.814024e-01 
1.538802e-01 -3.406965e-01 
-1.315010e-02 -1.842534e-01 
-8.431519e-03 -1.290478e-01 
-1.044608e-02 -1.405550e-01 
-7.511244e-03 -1.403481e-01 
-4.644101e-03 -1.129938e-01 
1.350399e-01 4.361343e-01 
2.232259e-02 5.145359e-01 
2.570733e-02 4.470885e-01 
1.145502e-02 2.233996e-01 
7.232223e-04 2.920280e-02 
-5.107624e-03 -1.228754e-01 
9.941328e-01 7.885604e-01 
1.276835e-01 9.978832e-01 
5.449427e-02 8.772733e-01 
3.308664e-02 5.806886e-01 
1.577994e-02 3.344678e-01 
5.768862e-03 1.424943e-01 
1.257291e+00 -7.529101e-01 
7.948989e-02 -6.835385e-01 
-3.696634e-02 -4.819604e-01 
-2.678443e-02 -4.085731e-01 
-1.797909e-02 -4.018018e-01 
-1.431461e-02 -4.301114e-01 
3.442999e-01 -6.737346e-01 
-3.327111e-02 -3.698071e-01 
-1.332543e-02 -1.897464e-01 
-4.866450e-03 -1.070530e-01 
-1.907328e-03 -5.454403e-02 
7.768520e-05 2.549060e-03 
-9.703623e-03 6.244566e-03 
9.664631e-03 1.307584e-01 
4.909909e-03 1.041431e-01 
-1.069258e-03 -2.576097e-02 
-1.613684e-03 -4.955153e-02 
1.027431e-03 3.244842e-02 
3.556471e-01 7.559558e-01 
4.837955e-02 7.554047e-01 
1.924775e-02 4.848917e-01 
-4.182835e-04 2.508271e-02 
-5.868277e-03 -1.832957e-01 
-5.367500e-03 -1.816663e-01 
1.185788e+00 9.124849e-01 
2.745452e-01 1.234483e+00 
6.719666e-02 9.291643e-01 
1.108605e-02 3.716497e-01 
2.274038e-03 9.009278e-02 
1.062234e-03 4.436027e-02 
1.216900e+00 -9.173533e-01 
-9.052984e-02 -5.349929e-01 
-6.913892e-02 -4.195711e-01 
-1.099334e-02 -4.945951e-01 
-7.688066e-03 -4.955258e-01 
-6.537390e-03 -4.319536e-01 
