poroelastic
2.478618e-02 1.007016e-01 
4.151549e-02 1.255605e-01 
3.255250e-02 4.019296e-02 
-3.810651e-02 -1.338166e-01 
-3.408453e-02 -2.331564e-01 
-2.510096e-02 -3.140243e-01 
-2.499321e-01 -4.300824e-01 
1.493655e-02 -3.456909e-01 
-1.351055e-02 -2.249181e-01 
-2.268378e-02 -1.364088e-01 
-7.420662e-03 -6.494217e-02 
-1.484444e-03 -1.879786e-02 
-8.867479e-01 -4.838141e-01 
-8.175349e-02 -6.339116e-01 
-1.026163e-02 -5.001220e-01 
-7.827411e-02 -4.002312e-01 
-4.800546e-02 -3.654501e-01 
-2.811087e-02 -3.619178e-01 
-6.948995e-01 5.346682e-01 
-4.188499e-02 5.640361e-01 
3.216056e-02 4.700030e-01 
4.330436e-02 2.694811e-01 
1.656113e-02 1.462865e-01 
5.587752e-03 7.762268e-02 
-5.478500e-02 2.541995e-01 
1.110902e-02 1.544700e-01 
6.324435e-03 4.915000e-02 
-6.980895e-03 -5.626798e-02 
-2.134371e-03 -3.478738e-02 
3.274457e-03 4.654379e-02 
-1.290882e-01 -3.372031e-01 
1.874529e-02 -3.743946e-01 
-2.366068e-02 -3.712002e-01 
-5.025757e-02 -3.287610e-01 
-2.017544e-02 -2.018329e-01 
-1.398055e-03 -1.944120e-02 
-9.540378e-01 -5.573056e-01 
-2.796502e-02 -7.402120e-01 
-3.497128e-02 -7.313680e-01 
-1.146991e-01 -6.775798e-01 
-6.019632e-02 -5.369735e-01 
-2.312420e-02 -3.257310e-01 
-9.282129e-01 5.861241e-01 
-8.999678e-02 6.095709e-01 
2.510218e-02 4.276903e-01 
4.453649e-02 2.303515e-01 
2.520000e-02 1.983585e-01 
1.857698e-02 2.766455e-01 
-1.142669e-01 5.160797e-01 
3.470265e-02 3.394833e-01 
1.673239e-02 1.084405e-01 
-2.310215e-02 -1.179591e-01 
-1.732663e-02 -1.654791e-01 
-6.721462e-03 -1.093824e-01 
3.189292e-02 -7.165344e-02 
-6.873145e-03 -1.954870e-01 
-2.548213e-02 -2.553135e-01 
-2.150759e-02 -2.007168e-01 
-1.543774e-03 -5.108266e-02 
6.664823e-03 1.121470e-01 
-3.747031e-01 -5.857095e-01 
-3.306461e-02 -6.259149e-01 
-4.920573e-02 -5.045410e-01 
-3.093619e-02 -2.770998e-01 
-3.160899e-03 -6.529535e-02 
5.708700e-03 9.616787e-02 
-1.182260e+00 -5.928249e-01 
-2.585629e-01 -9.497115e-01 
-9.332007e-02 -8.642673e-01 
-1.020304e-01 -6.666408e-01 
-5.010091e-02 -5.086491e-01 
-2.196391e-02 -4.026607e-01 
-9.924079e-01 7.306990e-01 
1.410872e-02 5.214388e-01 
4.456949e-02 4.068524e-01 
6.195230e-02 3.598872e-01 
3.398121e-02 3.625179e-01 
1.736518e-02 3.653661e-01 
-7.152291e-02 3.146373e-01 
1.061265e-02 1.111392e-01 
5.853468e-04 -3.778774e-03 
4.816648e-03 -1.026550e-02 
6.668216e-03 5.439637e-02 
5.707816e-03 1.294920e-01 
-1.763584e-01 -4.787024e-01 
-4.323218e-02 -6.194766e-01 
-6.474341e-02 -6.057051e-01 
-3.567731e-02 -3.824166e-01 
-3.554814e-03 -1.089360e-01 
6.646700e-03 1.564534e-01 
-1.097638e+00 -7.609343e-01 
-1.915391e-01 -1.088084e+00 
-1.179121e-01 -1.039003e+00 
-9.527972e-02 -7.820046e-01 
-3.619579e-02 -4.879924e-01 
-8.137921e-03 -1.926270e-01 
-1.142568e+00 8.481323e-01 
-4.213676e-02 6.701910e-01 
4.870718e-02 3.864387e-01 
4.834307e-02 2.615647e-01 
2.758361e-02 3.057727e-01 
1.531100e-02 4.367015e-01 
-2.156198e-01 6.941417e-01 
3.516377e-02 3.004583e-01 
4.794195e-03 5.493283e-02 
-3.166656e-03 -3.619362e-02 
-8.315712e-04 -2.189626e-02 
5.176187e-04 1.604907e-02 
3.319973e-02 -7.268620e-02 
-3.110151e-02 -2.599727e-01 
-3.068068e-02 -2.864226e-01 
-9.233834e-03 -1.263834e-01 
5.151828e-04 -1.937752e-03 
9.410389e-04 3.051436e-02 
-4.642061e-01 -8.182236e-01 
-1.027339e-01 -9.232626e-01 
-6.403575e-02 -6.994226e-01 
-3.992577e-04 -1.838168e-01 
1.242361e-02 1.520048e-01 
7.653433e-03 2.910341e-01 
-1.338267e+00 -9.113067e-01 
-4.043881e-01 -1.388341e+00 
-1.502220e-01 -1.156589e+00 
-4.732411e-02 -5.841295e-01 
-8.635988e-03 -2.046443e-01 
-4.239244e-04 -2.024940e-02 
-1.038071e+00 1.059415e+00 
9.625317e-02 5.322365e-01 
7.131613e-02 3.023627e-01 
3.933093e-02 3.081598e-01 
1.728874e-02 3.505376e-01 
4.012887e-03 3.887333e-01 
