poroelastic
3.365376e-02 3.299898e-02 
4.296866e-02 4.462357e-02 
3.103475e-02 2.216241e-03 
-3.810737e-02 -1.261554e-01 
-3.806372e-02 -2.539339e-01 
-3.342794e-02 -3.943179e-01 
-6.004311e-02 -3.331244e-01 
-3.244702e-02 -2.633482e-01 
-2.515989e-02 -7.509592e-02 
2.452318e-02 9.128351e-02 
2.248565e-02 1.668880e-01 
1.468612e-02 1.763362e-01 
-6.879322e-01 -3.335566e-01 
-7.602267e-02 -5.073232e-01 
-8.884039e-03 -3.829649e-01 
-5.616655e-02 -2.753480e-01 
-3.939525e-02 -2.890264e-01 
-2.884151e-02 -3.565547e-01 
-5.294040e-01 3.231858e-01 
-3.018688e-02 4.191665e-01 
3.189513e-02 4.216993e-01 
3.981785e-02 2.758767e-01 
1.242496e-02 1.271720e-01 
-6.529621e-04 -8.744218e-03 
-3.326153e-02 1.210634e-01 
4.460811e-03 7.521406e-02 
4.434118e-03 4.347159e-02 
-3.070306e-04 -4.492144e-03 
-3.436942e-05 -3.326581e-03 
8.790617e-04 1.200012e-02 
-9.296575e-02 -3.062712e-01 
-6.252083e-03 -3.518306e-01 
-2.630966e-02 -2.822729e-01 
-1.927860e-02 -1.615748e-01 
-1.921501e-03 -3.968868e-02 
6.447762e-03 8.576535e-02 
-8.105840e-01 -4.511079e-01 
-4.637888e-02 -6.901461e-01 
-3.988226e-02 -6.636911e-01 
-8.909852e-02 -5.514845e-01 
-4.737075e-02 -4.242919e-01 
-1.952953e-02 -2.642858e-01 
-8.325224e-01 3.059627e-01 
-1.024503e-01 4.008158e-01 
1.646833e-02 3.764308e-01 
5.945263e-02 3.155474e-01 
3.738825e-02 3.153849e-01 
2.509797e-02 3.609245e-01 
3.066667e-02 3.263260e-01 
3.189997e-02 2.184740e-01 
1.237947e-02 5.517191e-02 
-3.060495e-02 -1.401903e-01 
-2.592693e-02 -2.289372e-01 
-1.575254e-02 -2.451408e-01 
1.027793e-02 -9.238745e-02 
-1.377055e-02 -1.774002e-01 
-1.933081e-02 -1.738151e-01 
-3.673278e-03 -7.943171e-02 
6.649923e-03 4.190947e-02 
8.782265e-03 1.397795e-01 
-1.935850e-01 -4.608946e-01 
-4.127921e-02 -4.808448e-01 
-3.536798e-02 -3.105660e-01 
6.287841e-03 -4.304910e-02 
1.690292e-02 1.421777e-01 
1.504817e-02 2.392594e-01 
-1.044404e+00 -4.287711e-01 
-2.487408e-01 -7.990552e-01 
-8.645061e-02 -7.518653e-01 
-9.291253e-02 -5.939505e-01 
-5.185803e-02 -5.123724e-01 
-2.812370e-02 -4.885622e-01 
-9.924862e-01 5.363188e-01 
1.818596e-02 4.609774e-01 
5.412640e-02 4.621862e-01 
7.087442e-02 4.560266e-01 
3.793034e-02 4.254165e-01 
1.804568e-02 3.571440e-01 
-7.538096e-02 2.560491e-01 
1.463311e-02 1.393989e-01 
8.829887e-03 7.488119e-02 
7.421105e-03 5.445816e-02 
3.849445e-03 4.783822e-02 
1.288602e-03 2.686404e-02 
-1.260099e-01 -3.981684e-01 
-4.564354e-02 -5.194011e-01 
-4.696518e-02 -4.592741e-01 
-1.158012e-02 -2.038311e-01 
7.439826e-03 3.931092e-02 
1.125661e-02 2.389969e-01 
-9.649217e-01 -6.354104e-01 
-1.897161e-01 -9.867686e-01 
-1.100497e-01 -9.390865e-01 
-7.866166e-02 -6.682391e-01 
-3.109494e-02 -4.111828e-01 
-8.189152e-03 -1.754121e-01 
-1.122907e+00 6.244252e-01 
-4.863375e-02 5.520246e-01 
5.660798e-02 3.981927e-01 
5.855360e-02 3.485169e-01 
3.444931e-02 4.008783e-01 
2.008266e-02 5.095626e-01 
-1.218272e-01 5.515123e-01 
2.972448e-02 2.703474e-01 
1.883362e-03 6.769010e-02 
-9.122018e-03 -4.826858e-02 
-6.994563e-03 -8.839315e-02 
-3.875525e-03 -1.059370e-01 
1.914478e-02 -2.715969e-02 
-1.923590e-02 -1.492723e-01 
-1.739839e-02 -1.544656e-01 
-4.403412e-03 -4.348288e-02 
-5.071655e-04 4.636976e-03 
-1.535599e-03 -4.252644e-02 
-2.297907e-01 -6.381271e-01 
-7.173550e-02 -6.730905e-01 
-2.102364e-02 -4.148364e-01 
2.560112e-02 7.513097e-02 
2.361040e-02 3.443062e-01 
1.280736e-02 3.979196e-01 
-1.148863e+00 -7.144679e-01 
-3.657030e-01 -1.150293e+00 
-1.353725e-01 -9.619522e-01 
-4.407701e-02 -4.885493e-01 
-1.220841e-02 -2.223798e-01 
-3.841748e-03 -1.446836e-01 
-1.029750e+00 9.338143e-01 
1.120172e-01 5.427238e-01 
8.075895e-02 3.741646e-01 
3.778129e-02 3.459428e-01 
1.673570e-02 3.416733e-01 
5.512648e-03 3.449585e-01 
