poroelastic
-2.051084e-02 5.214925e-02 
-1.830862e-02 4.389460e-02 
-1.489051e-02 7.785844e-03 
1.108877e-02 2.151839e-02 
1.467374e-02 9.781344e-02 
1.571353e-02 1.983523e-01 
-1.689358e-01 9.958570e-02 
7.187981e-02 2.723533e-02 
3.095755e-02 -1.354091e-01 
-5.253409e-02 -2.549726e-01 
-3.697256e-02 -3.010150e-01 
-2.376057e-02 -3.033312e-01 
2.221032e-01 8.250449e-02 
1.237459e-02 1.599758e-01 
-5.965191e-03 1.099486e-01 
1.684202e-02 8.190918e-02 
1.433326e-02 1.115340e-01 
1.163398e-02 1.497864e-01 
1.187131e-01 -1.044331e-02 
1.692444e-02 -9.902284e-02 
-8.495313e-03 -1.486469e-01 
-1.205100e-02 -1.024756e-01 
-1.809817e-03 -2.828410e-02 
2.871705e-03 3.951745e-02 
2.037180e-02 3.232297e-02 
6.105443e-03 1.309632e-02 
1.737398e-03 -2.913545e-02 
-6.949659e-03 -3.926072e-02 
-4.762328e-03 -4.214701e-02 
-2.783796e-03 -3.922974e-02 
-6.848114e-03 1.231059e-01 
2.467544e-02 1.155941e-01 
1.610055e-02 1.571852e-02 
-1.977888e-02 -8.918106e-02 
-1.772994e-02 -1.503463e-01 
-1.328328e-02 -1.843302e-01 
2.704072e-01 1.644176e-01 
1.486794e-04 2.635117e-01 
6.297179e-03 2.227583e-01 
2.337130e-02 1.560692e-01 
1.249683e-02 1.185053e-01 
5.772703e-03 8.116756e-02 
4.072547e-01 2.774621e-02 
9.099779e-02 -1.176631e-01 
7.262372e-03 -2.124422e-01 
-3.949066e-02 -2.403165e-01 
-2.593736e-02 -2.426745e-01 
-1.613768e-02 -2.392280e-01 
-7.567672e-02 -5.506727e-02 
-1.753543e-02 -6.482609e-02 
-1.176819e-02 -3.362309e-02 
1.582973e-02 6.166921e-02 
1.682245e-02 1.489084e-01 
1.318340e-02 2.138157e-01 
2.539222e-02 2.353563e-02 
1.175354e-02 5.437648e-03 
2.343123e-03 -5.288757e-02 
-1.842124e-02 -1.103335e-01 
-1.290054e-02 -1.356049e-01 
-6.978520e-03 -1.177527e-01 
-9.777277e-02 1.211363e-01 
2.870050e-02 6.303941e-02 
7.206655e-03 -8.046165e-02 
-3.547906e-02 -2.196338e-01 
-2.429712e-02 -2.642692e-01 
-1.346051e-02 -2.280513e-01 
4.173308e-01 1.043874e-01 
7.192212e-02 2.490728e-01 
1.289306e-02 2.349983e-01 
3.627089e-02 2.181026e-01 
2.721307e-02 2.755908e-01 
2.021125e-02 3.714824e-01 
6.422651e-01 -1.472308e-01 
1.831167e-02 -2.904730e-01 
-2.771810e-02 -3.937735e-01 
-4.728374e-02 -3.866049e-01 
-2.290690e-02 -3.060887e-01 
-8.260616e-03 -1.728140e-01 
1.160580e-01 -1.585696e-01 
-1.329125e-02 -2.126827e-01 
-1.869697e-02 -2.277086e-01 
-1.282740e-02 -1.609842e-01 
-1.568032e-03 -5.096872e-02 
4.000783e-03 9.039243e-02 
-1.509419e-02 7.521379e-02 
1.261884e-02 6.283515e-02 
-1.508911e-04 -1.015275e-02 
-1.738848e-02 -1.139796e-01 
-1.220917e-02 -1.635338e-01 
-6.678070e-03 -1.580943e-01 
3.715741e-01 2.200619e-01 
4.649119e-02 3.616845e-01 
2.643345e-02 3.346639e-01 
2.654327e-02 2.370786e-01 
1.342788e-02 1.846045e-01 
6.577340e-03 1.572458e-01 
7.428439e-01 -1.581031e-01 
7.695698e-02 -3.105865e-01 
-2.924209e-02 -3.512376e-01 
-4.211936e-02 -3.396958e-01 
-2.268378e-02 -3.354853e-01 
-1.181292e-02 -3.410398e-01 
1.143148e-01 -2.459562e-01 
-2.080242e-02 -2.416210e-01 
-1.135597e-02 -1.734700e-01 
2.143614e-03 -3.885836e-02 
5.945843e-03 7.354685e-02 
5.346624e-03 1.652882e-01 
1.415651e-02 -1.150953e-01 
-1.295825e-02 -1.527463e-01 
-1.172803e-02 -1.615235e-01 
-3.902259e-03 -1.093654e-01 
2.113885e-03 -1.385996e-04 
4.872887e-03 1.579337e-01 
-1.702450e-01 1.019549e-01 
5.763189e-04 -2.522499e-02 
-3.041803e-02 -1.937402e-01 
-3.173234e-02 -3.465052e-01 
-1.504448e-02 -3.378451e-01 
-4.964996e-03 -1.909673e-01 
3.723877e-01 1.726978e-01 
9.416372e-02 2.663927e-01 
3.150124e-02 1.906666e-01 
1.481169e-02 1.096444e-01 
9.223343e-03 1.654759e-01 
6.737595e-03 3.245319e-01 
8.443605e-01 -4.197373e-01 
-6.648944e-02 -4.735490e-01 
-6.139706e-02 -4.776951e-01 
-2.377732e-02 -3.811087e-01 
-8.128111e-03 -2.839390e-01 
-2.083863e-03 -1.881661e-01 
