poroelastic
-1.806957e-02 3.863056e-02 
-1.754505e-02 2.641370e-02 
-1.511043e-02 -3.439719e-03 
1.051897e-02 2.054138e-02 
1.378383e-02 1.017873e-01 
1.440912e-02 2.091092e-01 
-1.582729e-01 1.104811e-01 
6.408321e-02 4.014713e-02 
2.850619e-02 -1.195710e-01 
-4.546606e-02 -2.427689e-01 
-3.168348e-02 -2.906403e-01 
-1.976175e-02 -2.906415e-01 
2.652698e-01 9.468026e-02 
1.443400e-02 1.803452e-01 
-6.640737e-03 1.340102e-01 
1.873798e-02 1.048497e-01 
1.493935e-02 1.323901e-01 
1.148911e-02 1.716655e-01 
1.622159e-01 -3.504843e-02 
2.196370e-02 -1.319077e-01 
-7.623545e-03 -1.775207e-01 
-1.351606e-02 -1.244441e-01 
-3.057761e-03 -4.477899e-02 
1.873308e-03 3.031630e-02 
2.210199e-02 1.260114e-02 
3.861411e-03 -6.559244e-03 
-2.319217e-04 -4.025602e-02 
-5.327328e-03 -3.892074e-02 
-2.795771e-03 -3.015629e-02 
-1.164922e-03 -1.935073e-02 
-5.670139e-03 1.248909e-01 
2.055049e-02 1.195969e-01 
1.412708e-02 2.420142e-02 
-1.622557e-02 -8.137842e-02 
-1.463759e-02 -1.427115e-01 
-1.074160e-02 -1.746928e-01 
3.098550e-01 1.713183e-01 
-1.723368e-03 2.777861e-01 
4.249646e-03 2.463398e-01 
2.441071e-02 1.831754e-01 
1.346347e-02 1.460582e-01 
6.653681e-03 1.100293e-01 
4.446789e-01 1.250903e-02 
9.572172e-02 -1.403637e-01 
7.473779e-03 -2.292993e-01 
-3.668162e-02 -2.555644e-01 
-2.392850e-02 -2.606224e-01 
-1.479317e-02 -2.611431e-01 
-7.447172e-02 -7.294520e-02 
-1.693597e-02 -7.983284e-02 
-1.073180e-02 -3.770503e-02 
1.505554e-02 6.839620e-02 
1.552150e-02 1.613768e-01 
1.173710e-02 2.300318e-01 
2.061897e-02 1.576130e-02 
8.188240e-03 -4.862195e-04 
1.160897e-03 -4.982282e-02 
-1.362608e-02 -9.687842e-02 
-9.292853e-03 -1.168921e-01 
-4.726436e-03 -9.646618e-02 
-1.021833e-01 1.227079e-01 
2.499154e-02 6.608602e-02 
6.287186e-03 -7.681241e-02 
-3.041268e-02 -2.212070e-01 
-2.073122e-02 -2.686768e-01 
-1.147274e-02 -2.339104e-01 
4.437118e-01 1.000497e-01 
7.518305e-02 2.486062e-01 
1.268482e-02 2.426238e-01 
3.264593e-02 2.334211e-01 
2.420127e-02 2.949070e-01 
1.754540e-02 3.944164e-01 
6.513088e-01 -1.574164e-01 
1.828506e-02 -3.088486e-01 
-2.577011e-02 -4.046614e-01 
-3.992316e-02 -3.909700e-01 
-1.896865e-02 -3.093666e-01 
-6.837306e-03 -1.787929e-01 
1.115092e-01 -1.651771e-01 
-1.315078e-02 -2.201972e-01 
-1.600202e-02 -2.280604e-01 
-9.543436e-03 -1.538463e-01 
-5.491499e-04 -4.056181e-02 
3.549572e-03 1.007380e-01 
-1.298378e-02 7.087746e-02 
9.060045e-03 6.177692e-02 
-4.921260e-04 -2.958408e-03 
-1.223800e-02 -9.788687e-02 
-8.556555e-03 -1.422358e-01 
-4.579047e-03 -1.355621e-01 
3.774264e-01 2.178373e-01 
4.430827e-02 3.591325e-01 
2.349404e-02 3.375224e-01 
2.141857e-02 2.402317e-01 
1.052841e-02 1.821967e-01 
4.944728e-03 1.479625e-01 
7.295075e-01 -1.558659e-01 
7.796551e-02 -3.163260e-01 
-2.666493e-02 -3.511680e-01 
-3.359295e-02 -3.352501e-01 
-1.773977e-02 -3.322855e-01 
-9.083089e-03 -3.430545e-01 
9.585864e-02 -2.439622e-01 
-1.737230e-02 -2.395655e-01 
-7.161537e-03 -1.600728e-01 
3.384597e-03 -1.652331e-02 
5.395870e-03 9.283328e-02 
4.151076e-03 1.720151e-01 
1.248694e-02 -1.133734e-01 
-1.135687e-02 -1.482244e-01 
-8.605989e-03 -1.495147e-01 
-2.292028e-03 -9.411525e-02 
1.707629e-03 6.389377e-03 
3.344761e-03 1.444170e-01 
-1.686486e-01 9.085715e-02 
-3.280414e-03 -2.753253e-02 
-2.739907e-02 -1.841142e-01 
-2.291707e-02 -3.260342e-01 
-1.062842e-02 -3.209617e-01 
-3.652672e-03 -1.912615e-01 
3.645427e-01 1.579636e-01 
8.883295e-02 2.490793e-01 
2.886228e-02 1.851609e-01 
1.116582e-02 1.154111e-01 
6.482660e-03 1.670031e-01 
4.430790e-03 3.124974e-01 
8.115408e-01 -4.044007e-01 
-5.944552e-02 -4.797166e-01 
-5.412305e-02 -4.761601e-01 
-1.567632e-02 -3.680524e-01 
-4.594795e-03 -2.667399e-01 
-8.547109e-04 -1.689337e-01 
