poroelastic
-7.688212e-03 -4.369439e-02 
-1.550125e-02 -8.598264e-02 
-2.064948e-02 -8.269065e-02 
8.154539e-03 1.189941e-02 
1.384855e-02 1.215942e-01 
1.630777e-02 2.508301e-01 
2.244792e-02 3.785184e-01 
2.947645e-02 2.249245e-01 
2.297829e-02 2.654164e-02 
-2.064026e-02 -1.234329e-01 
-1.816899e-02 -1.938073e-01 
-1.258888e-02 -1.978382e-01 
7.195279e-01 4.282486e-01 
4.323658e-02 5.093116e-01 
-8.154328e-03 3.715459e-01 
3.471627e-02 2.763769e-01 
2.407908e-02 2.623076e-01 
1.788173e-02 2.926408e-01 
6.281167e-01 -3.964165e-01 
6.523841e-02 -5.015883e-01 
-9.954463e-03 -4.642986e-01 
-3.033908e-02 -3.038032e-01 
-1.230464e-02 -1.645234e-01 
-2.884374e-03 -5.197006e-02 
9.406441e-02 -2.028780e-01 
3.010048e-04 -1.672217e-01 
-4.687743e-03 -1.254623e-01 
-4.830937e-03 -4.551898e-02 
-1.933205e-03 -2.194646e-02 
-1.697522e-03 -3.128201e-02 
5.373207e-02 2.792391e-01 
1.080911e-03 2.645884e-01 
1.297969e-02 1.836157e-01 
3.640810e-03 7.459744e-02 
-3.870222e-03 -3.250337e-02 
-7.479089e-03 -1.334799e-01 
7.516727e-01 5.023163e-01 
1.477838e-04 6.028485e-01 
3.424589e-03 5.456545e-01 
4.511873e-02 4.511791e-01 
2.599277e-02 3.489929e-01 
1.287582e-02 2.361773e-01 
9.832226e-01 -3.570565e-01 
1.547143e-01 -5.200269e-01 
3.627789e-03 -4.767204e-01 
-4.161327e-02 -3.922028e-01 
-2.722028e-02 -3.681456e-01 
-1.936687e-02 -3.873622e-01 
1.194639e-01 -3.983173e-01 
-1.580460e-02 -3.201403e-01 
-1.493870e-02 -1.684809e-01 
7.280859e-03 3.022798e-02 
1.074361e-02 1.443402e-01 
8.997688e-03 2.008272e-01 
5.596846e-03 5.944110e-03 
4.211492e-03 4.250308e-02 
4.235163e-03 3.360632e-02 
-3.337772e-03 -1.095754e-02 
-4.966138e-03 -7.096711e-02 
-4.630535e-03 -1.060351e-01 
9.739698e-02 4.472752e-01 
1.962228e-02 3.740725e-01 
1.618842e-02 1.726683e-01 
-1.136262e-02 -8.077365e-02 
-1.351885e-02 -2.160180e-01 
-1.073643e-02 -2.437736e-01 
9.527437e-01 4.720463e-01 
1.601759e-01 6.983643e-01 
3.078808e-02 5.937043e-01 
3.717565e-02 4.442703e-01 
2.430545e-02 4.089509e-01 
1.803148e-02 4.634953e-01 
1.117649e+00 -5.291077e-01 
1.841915e-02 -5.669535e-01 
-3.095125e-02 -5.839859e-01 
-4.187077e-02 -5.591591e-01 
-2.289524e-02 -4.781952e-01 
-1.134138e-02 -3.434210e-01 
1.778435e-01 -3.348991e-01 
-1.629869e-02 -2.833326e-01 
-1.369602e-02 -2.488130e-01 
-1.107111e-02 -1.953300e-01 
-4.434482e-03 -1.131522e-01 
8.474926e-05 2.704726e-03 
6.587183e-02 2.887451e-01 
1.226219e-02 3.171995e-01 
1.192644e-02 2.433478e-01 
1.395070e-03 6.900805e-02 
-3.079432e-03 -5.886188e-02 
-4.071325e-03 -1.306329e-01 
8.252750e-01 6.133195e-01 
9.191856e-02 8.033289e-01 
3.923374e-02 7.176682e-01 
2.581822e-02 4.872133e-01 
1.233418e-02 3.079356e-01 
5.382650e-03 1.764675e-01 
1.243394e+00 -5.564975e-01 
1.076524e-01 -6.471500e-01 
-3.540085e-02 -5.416543e-01 
-2.888039e-02 -4.733775e-01 
-1.684617e-02 -4.592449e-01 
-1.127663e-02 -4.779537e-01 
2.858617e-01 -5.774355e-01 
-2.847917e-02 -4.013673e-01 
-1.039337e-02 -2.332826e-01 
-1.508253e-03 -7.720754e-02 
1.461304e-03 3.146063e-02 
2.453832e-03 1.163980e-01 
5.020621e-03 -8.832356e-02 
-3.410589e-03 -4.253735e-02 
-2.613618e-03 -5.362804e-02 
-2.194265e-03 -8.500704e-02 
-4.008332e-04 -3.051094e-02 
2.238571e-03 1.039177e-01 
9.268847e-02 4.938722e-01 
1.736168e-02 4.068946e-01 
-6.039572e-03 1.540815e-01 
-7.907726e-03 -1.905521e-01 
-6.684899e-03 -2.989495e-01 
-3.953045e-03 -2.087489e-01 
9.199733e-01 6.417290e-01 
2.024328e-01 8.682473e-01 
4.983962e-02 6.459150e-01 
7.450160e-03 2.803821e-01 
2.727008e-03 1.529887e-01 
3.164083e-03 2.270493e-01 
1.268751e+00 -7.876756e-01 
-8.487073e-02 -6.485456e-01 
-7.121658e-02 -5.816360e-01 
-8.662222e-03 -5.551092e-01 
-3.205479e-03 -4.852935e-01 
-2.020150e-03 -3.699578e-01 
