poroelastic
2.550161e-02 4.624652e-02 
3.464759e-02 6.279037e-02 
2.586597e-02 1.955033e-02 
-3.060006e-02 -1.071885e-01 
-3.030159e-02 -2.294989e-01 
-2.623114e-02 -3.685175e-01 
-1.013267e-01 -3.702264e-01 
-2.324889e-02 -3.062984e-01 
-2.344694e-02 -1.245634e-01 
1.591125e-02 5.413385e-02 
1.688211e-02 1.426909e-01 
1.134536e-02 1.622287e-01 
-7.856065e-01 -3.741285e-01 
-8.700563e-02 -5.672759e-01 
-1.243022e-02 -4.504660e-01 
-5.649749e-02 -3.300787e-01 
-3.632051e-02 -3.168581e-01 
-2.389770e-02 -3.563753e-01 
-6.060530e-01 3.713985e-01 
-3.557570e-02 4.628169e-01 
2.801518e-02 4.513696e-01 
4.040831e-02 3.067755e-01 
1.494033e-02 1.682103e-01 
2.570678e-03 4.233153e-02 
-3.799393e-02 1.520638e-01 
5.779583e-03 9.634011e-02 
4.684172e-03 4.957988e-02 
-1.077599e-03 -9.430487e-03 
-5.937148e-04 -9.366067e-03 
4.547617e-04 7.651429e-03 
-1.044418e-01 -3.213654e-01 
-5.082573e-03 -3.726806e-01 
-2.472556e-02 -3.098619e-01 
-1.830352e-02 -1.793424e-01 
-2.114672e-03 -4.692319e-02 
5.294430e-03 8.576382e-02 
-8.830992e-01 -4.760308e-01 
-5.033235e-02 -7.196262e-01 
-3.853031e-02 -7.041126e-01 
-8.073510e-02 -5.901469e-01 
-4.219339e-02 -4.532639e-01 
-1.721958e-02 -2.848109e-01 
-8.982058e-01 3.418004e-01 
-1.087872e-01 4.376200e-01 
1.577931e-02 3.941299e-01 
5.461347e-02 3.346327e-01 
3.464614e-02 3.480002e-01 
2.328181e-02 4.159358e-01 
8.911249e-03 3.602935e-01 
2.750705e-02 2.407190e-01 
9.152981e-03 6.243981e-02 
-2.549391e-02 -1.382637e-01 
-2.078338e-02 -2.245905e-01 
-1.189881e-02 -2.346386e-01 
1.179652e-02 -8.208631e-02 
-1.118446e-02 -1.710078e-01 
-1.637842e-02 -1.799202e-01 
-4.958347e-03 -9.195737e-02 
3.908732e-03 2.359034e-02 
6.045204e-03 1.213694e-01 
-1.974994e-01 -4.754210e-01 
-3.707292e-02 -4.930634e-01 
-2.974127e-02 -3.209918e-01 
6.162925e-03 -4.016704e-02 
1.466382e-02 1.512892e-01 
1.280468e-02 2.547754e-01 
-1.085613e+00 -4.371031e-01 
-2.487979e-01 -8.004825e-01 
-8.020040e-02 -7.544038e-01 
-7.714978e-02 -5.988508e-01 
-4.213453e-02 -5.181144e-01 
-2.224610e-02 -4.957127e-01 
-1.012352e+00 5.510558e-01 
1.884435e-02 4.894174e-01 
5.292692e-02 4.790647e-01 
5.960948e-02 4.683092e-01 
3.106155e-02 4.360518e-01 
1.431044e-02 3.740031e-01 
-8.191358e-02 2.701414e-01 
1.569861e-02 1.561050e-01 
9.192629e-03 8.815573e-02 
6.518137e-03 6.299544e-02 
2.965596e-03 4.843334e-02 
7.907704e-04 2.179315e-02 
-1.284033e-01 -3.865390e-01 
-4.028175e-02 -5.036103e-01 
-3.847259e-02 -4.485383e-01 
-1.038491e-02 -2.058659e-01 
4.294762e-03 1.935670e-02 
7.404760e-03 2.040126e-01 
-9.724281e-01 -6.344524e-01 
-1.777765e-01 -9.671766e-01 
-9.527790e-02 -9.198187e-01 
-5.960210e-02 -6.493749e-01 
-2.282430e-02 -3.926295e-01 
-5.683461e-03 -1.585407e-01 
-1.116796e+00 6.174291e-01 
-5.167481e-02 5.703341e-01 
5.473780e-02 4.122545e-01 
4.636395e-02 3.551142e-01 
2.622028e-02 3.979791e-01 
1.444556e-02 5.013543e-01 
-1.221055e-01 5.537396e-01 
2.627698e-02 2.824928e-01 
-3.056847e-04 7.145783e-02 
-8.248005e-03 -5.774867e-02 
-5.970102e-03 -1.027995e-01 
-2.872397e-03 -1.116795e-01 
1.536310e-02 -1.486212e-02 
-1.593259e-02 -1.300018e-01 
-1.289870e-02 -1.371145e-01 
-2.666682e-03 -3.690887e-02 
-1.621679e-04 6.317431e-03 
-7.802416e-04 -3.002282e-02 
-2.181015e-01 -6.090720e-01 
-5.775242e-02 -6.363809e-01 
-1.208190e-02 -3.891176e-01 
1.768147e-02 6.904860e-02 
1.598157e-02 3.148951e-01 
8.488465e-03 3.649247e-01 
-1.120821e+00 -6.875319e-01 
-3.318888e-01 -1.088111e+00 
-1.124874e-01 -9.053305e-01 
-3.128943e-02 -4.622230e-01 
-8.599425e-03 -2.172740e-01 
-2.687141e-03 -1.500295e-01 
-1.024950e+00 8.983747e-01 
1.064482e-01 5.635236e-01 
7.666354e-02 4.011720e-01 
2.727345e-02 3.605959e-01 
1.073333e-02 3.366546e-01 
2.506329e-03 3.154838e-01 
