poroelastic
-8.443026e-03 -1.742493e-02 
-1.203301e-02 -4.958420e-02 
-1.433913e-02 -6.322789e-02 
5.658482e-03 -3.158051e-03 
8.886383e-03 1.145822e-01 
9.616570e-03 2.775489e-01 
-1.034615e-01 1.576692e-01 
3.431342e-02 9.645338e-02 
1.954340e-02 -5.712229e-02 
-1.909866e-02 -1.994632e-01 
-1.331497e-02 -2.441779e-01 
-7.175789e-03 -2.113836e-01 
4.599991e-01 1.510668e-01 
2.289505e-02 2.677927e-01 
-1.178887e-02 2.345654e-01 
1.634546e-02 1.936149e-01 
1.154273e-02 2.114330e-01 
8.239379e-03 2.670009e-01 
3.276093e-01 -1.242380e-01 
4.352203e-02 -2.521551e-01 
6.907160e-04 -2.840461e-01 
-1.236315e-02 -2.157931e-01 
-4.625804e-03 -1.233194e-01 
-4.400679e-04 -1.762542e-02 
1.645047e-02 -5.602160e-02 
-1.119051e-03 -7.068683e-02 
-3.593816e-03 -7.008266e-02 
2.209179e-04 -2.661301e-02 
1.753944e-03 2.508202e-02 
2.153632e-03 9.064263e-02 
5.642702e-03 1.430375e-01 
5.959645e-03 1.500630e-01 
7.087184e-03 6.894680e-02 
-4.516804e-03 -4.718530e-02 
-4.862689e-03 -1.127323e-01 
-3.432585e-03 -1.319216e-01 
4.748137e-01 2.035310e-01 
-6.010189e-03 3.345795e-01 
-4.777234e-03 3.374388e-01 
1.533725e-02 2.795798e-01 
9.142411e-03 2.424047e-01 
5.432523e-03 2.203956e-01 
5.577019e-01 -3.862138e-02 
1.127354e-01 -2.162043e-01 
1.036405e-02 -2.854277e-01 
-1.689650e-02 -3.126719e-01 
-1.099469e-02 -3.252382e-01 
-6.530441e-03 -3.301927e-01 
-6.646498e-02 -1.223968e-01 
-8.970017e-03 -1.132240e-01 
-3.756655e-03 -3.887654e-02 
7.019623e-03 8.753452e-02 
6.039526e-03 1.886045e-01 
3.614360e-03 2.588973e-01 
3.128756e-03 4.511604e-05 
2.962273e-04 -6.784574e-03 
-4.420948e-04 -2.700234e-02 
-1.140506e-03 -4.060748e-02 
-3.154597e-04 -2.201970e-02 
2.460810e-04 1.841522e-02 
-1.174770e-01 1.332184e-01 
9.990558e-03 8.866774e-02 
2.881739e-03 -5.151711e-02 
-8.636341e-03 -2.246980e-01 
-6.259957e-03 -2.870695e-01 
-3.862885e-03 -2.690326e-01 
5.300804e-01 7.718279e-02 
8.523906e-02 2.419984e-01 
1.034592e-02 2.698725e-01 
1.005001e-02 2.782060e-01 
6.680397e-03 3.466683e-01 
4.157905e-03 4.484298e-01 
6.267697e-01 -1.770951e-01 
2.307163e-02 -3.609378e-01 
-1.381542e-02 -4.245889e-01 
-9.047445e-03 -3.848767e-01 
-3.042698e-03 -2.926612e-01 
-6.255550e-04 -1.669070e-01 
9.115459e-02 -1.661900e-01 
-8.365174e-03 -2.232443e-01 
-4.169080e-03 -2.084330e-01 
-7.984024e-04 -1.227284e-01 
3.549793e-04 -1.034595e-02 
2.719328e-04 1.174686e-01 
4.446714e-03 5.882012e-02 
1.046880e-03 6.499841e-02 
-4.560815e-04 2.955669e-02 
-4.965541e-04 -3.230268e-02 
-2.996713e-04 -4.980754e-02 
-1.003278e-04 -2.968598e-02 
3.815067e-01 2.016437e-01 
3.328196e-02 3.418697e-01 
1.010198e-02 3.377141e-01 
1.456390e-03 2.325428e-01 
5.736913e-04 1.542643e-01 
2.775915e-04 1.018365e-01 
6.410437e-01 -1.244781e-01 
7.883089e-02 -3.012396e-01 
-1.620301e-02 -3.192360e-01 
-2.496642e-03 -3.048679e-01 
4.467189e-04 -3.188609e-01 
1.488148e-03 -3.481504e-01 
7.575410e-04 -2.170871e-01 
4.210060e-04 -2.037904e-01 
8.649526e-03 -8.552818e-02 
4.898642e-04 7.839835e-02 
-1.033058e-03 1.749863e-01 
-1.724520e-03 2.207796e-01 
6.894765e-03 -9.167593e-02 
-4.290448e-03 -1.089149e-01 
1.331403e-04 -8.680844e-02 
2.992807e-04 -3.902170e-02 
-2.127976e-04 1.790655e-02 
-5.604167e-04 8.000577e-02 
-1.487399e-01 5.210393e-02 
-1.386660e-02 -2.588842e-02 
-1.659848e-02 -1.308212e-01 
3.449044e-03 -2.392776e-01 
3.010644e-03 -2.497346e-01 
1.459080e-03 -1.857334e-01 
3.197696e-01 9.330728e-02 
6.895419e-02 1.794482e-01 
1.905553e-02 1.670270e-01 
-2.796528e-03 1.294941e-01 
-3.186577e-03 1.617955e-01 
-3.046549e-03 2.484778e-01 
6.365777e-01 -3.144311e-01 
-2.945748e-02 -4.487321e-01 
-2.612985e-02 -4.198668e-01 
7.791213e-03 -2.929588e-01 
4.955495e-03 -1.948710e-01 
2.354947e-03 -1.152646e-01 
