poroelastic
-4.226603e-03 -5.260524e-02 
-1.213894e-02 -1.001026e-01 
-1.879222e-02 -9.830370e-02 
5.755940e-03 -2.546634e-03 
1.163455e-02 1.089054e-01 
1.448918e-02 2.420234e-01 
3.478204e-02 3.931957e-01 
2.484710e-02 2.356103e-01 
2.120467e-02 3.737460e-02 
-1.758107e-02 -1.150387e-01 
-1.583553e-02 -1.850491e-01 
-1.090869e-02 -1.863050e-01 
7.598343e-01 4.478399e-01 
4.466768e-02 5.292428e-01 
-9.371135e-03 3.914847e-01 
3.320357e-02 2.933508e-01 
2.289877e-02 2.753586e-01 
1.689134e-02 3.032415e-01 
6.667006e-01 -4.156276e-01 
7.055398e-02 -5.256290e-01 
-7.158142e-03 -4.854579e-01 
-2.962415e-02 -3.242883e-01 
-1.261887e-02 -1.844077e-01 
-3.572412e-03 -7.146674e-02 
1.002288e-01 -2.179228e-01 
4.081669e-04 -1.827172e-01 
-4.637376e-03 -1.376862e-01 
-4.820328e-03 -5.340348e-02 
-1.656689e-03 -2.221725e-02 
-1.155447e-03 -2.366720e-02 
5.527801e-02 2.840021e-01 
-2.227878e-05 2.680620e-01 
1.163319e-02 1.873571e-01 
3.372130e-03 7.494834e-02 
-3.390664e-03 -3.199163e-02 
-6.743340e-03 -1.328442e-01 
7.799794e-01 5.142673e-01 
-1.589350e-04 6.133157e-01 
1.302662e-03 5.587833e-01 
4.088851e-02 4.632663e-01 
2.398850e-02 3.614089e-01 
1.226120e-02 2.492083e-01 
1.013359e+00 -3.681175e-01 
1.605044e-01 -5.399371e-01 
5.144938e-03 -4.927887e-01 
-3.781691e-02 -4.079479e-01 
-2.499132e-02 -3.834227e-01 
-1.800535e-02 -4.043632e-01 
1.314986e-01 -4.110951e-01 
-1.366603e-02 -3.332111e-01 
-1.338062e-02 -1.776296e-01 
5.910605e-03 2.420879e-02 
9.210977e-03 1.414437e-01 
7.853665e-03 1.998961e-01 
4.912318e-03 -8.004302e-04 
3.016519e-03 3.317503e-02 
2.996910e-03 2.587198e-02 
-2.563686e-03 -1.249888e-02 
-3.636879e-03 -6.027091e-02 
-3.399009e-03 -8.851883e-02 
9.440074e-02 4.524151e-01 
1.712064e-02 3.756911e-01 
1.406919e-02 1.713140e-01 
-9.889668e-03 -8.751130e-02 
-1.192299e-02 -2.219359e-01 
-9.640941e-03 -2.477246e-01 
9.688345e-01 4.764369e-01 
1.592820e-01 6.981317e-01 
2.796606e-02 5.931280e-01 
3.133363e-02 4.445007e-01 
2.080125e-02 4.123733e-01 
1.588867e-02 4.717745e-01 
1.129059e+00 -5.355533e-01 
2.049866e-02 -5.853802e-01 
-2.914386e-02 -5.994721e-01 
-3.556409e-02 -5.705950e-01 
-1.937871e-02 -4.840127e-01 
-9.628849e-03 -3.449020e-01 
1.817753e-01 -3.414735e-01 
-1.637981e-02 -2.944112e-01 
-1.261293e-02 -2.590161e-01 
-9.354004e-03 -2.022324e-01 
-3.709764e-03 -1.143378e-01 
1.786463e-04 6.749689e-03 
6.592882e-02 2.821378e-01 
1.040278e-02 3.076771e-01 
9.646997e-03 2.354879e-01 
1.476055e-03 6.835544e-02 
-2.068321e-03 -4.905166e-02 
-2.966659e-03 -1.110269e-01 
8.282898e-01 6.123330e-01 
8.759703e-02 7.953255e-01 
3.445086e-02 7.103032e-01 
1.990677e-02 4.804027e-01 
9.825301e-03 3.029994e-01 
4.554446e-03 1.752227e-01 
1.242793e+00 -5.508058e-01 
1.112075e-01 -6.553780e-01 
-3.337184e-02 -5.500982e-01 
-2.245649e-02 -4.799105e-01 
-1.315604e-02 -4.631969e-01 
-9.125032e-03 -4.783998e-01 
2.839677e-01 -5.775062e-01 
-2.637069e-02 -4.083060e-01 
-8.430648e-03 -2.363859e-01 
-9.897931e-04 -7.346817e-02 
1.225192e-03 3.821691e-02 
2.024014e-03 1.236786e-01 
6.004331e-03 -9.294391e-02 
-3.845647e-03 -4.965726e-02 
-2.500262e-03 -5.894175e-02 
-1.683045e-03 -8.604772e-02 
-4.079775e-04 -3.091454e-02 
1.706174e-03 9.964519e-02 
8.736144e-02 4.815910e-01 
1.325122e-02 3.923030e-01 
-7.483460e-03 1.447220e-01 
-4.764575e-03 -1.879322e-01 
-4.486642e-03 -2.888899e-01 
-2.984400e-03 -1.982663e-01 
9.090129e-01 6.315220e-01 
1.923628e-01 8.449873e-01 
4.405146e-02 6.269649e-01 
4.175772e-03 2.728647e-01 
1.466359e-03 1.526240e-01 
2.314804e-03 2.287968e-01 
1.263767e+00 -7.728049e-01 
-8.014416e-02 -6.574588e-01 
-6.798113e-02 -5.922837e-01 
-2.414375e-03 -5.621392e-01 
-5.248407e-05 -4.861985e-01 
-6.495894e-04 -3.646215e-01 
