poroelastic
1.383081e-02 -9.775147e-02 
4.741071e-03 -1.088096e-01 
8.153567e-04 -4.964026e-02 
-2.858738e-03 -4.157663e-04 
-5.768331e-03 -3.243225e-02 
-9.671943e-03 -9.296477e-02 
3.688984e-01 1.813434e-01 
-8.433338e-02 2.139136e-01 
-2.086229e-02 3.176157e-01 
7.600230e-02 3.884117e-01 
5.365046e-02 3.891445e-01 
3.558486e-02 3.502314e-01 
3.450415e-01 2.393052e-01 
3.561470e-02 2.540507e-01 
1.069740e-02 2.313320e-01 
2.929493e-02 1.887623e-01 
1.363897e-02 1.109071e-01 
3.320129e-03 3.390472e-02 
3.128875e-01 -3.165643e-01 
1.537255e-02 -2.087367e-01 
4.645456e-04 -9.585485e-02 
-1.337704e-02 -5.526283e-02 
-1.303052e-02 -9.061861e-02 
-1.430549e-02 -1.564439e-01 
2.446017e-02 -1.861480e-01 
-9.097773e-03 -9.737076e-02 
-1.538471e-03 3.319460e-03 
8.254532e-03 6.218639e-02 
3.526823e-03 3.877444e-02 
-3.373396e-03 -3.736329e-02 
8.902134e-02 8.647516e-02 
-3.574438e-02 1.163374e-01 
-1.570001e-03 2.190820e-01 
5.031244e-02 3.019662e-01 
3.492062e-02 2.864194e-01 
1.859519e-02 2.014260e-01 
2.841530e-01 1.817890e-01 
8.832571e-03 1.708136e-01 
6.160345e-03 2.027603e-01 
3.686315e-02 2.386868e-01 
2.222263e-02 1.897868e-01 
8.464683e-03 9.375111e-02 
1.230584e-01 -4.040087e-01 
-3.166183e-02 -2.453720e-01 
-1.138500e-02 -2.190820e-02 
2.137618e-02 1.255576e-01 
1.635964e-02 1.443431e-01 
7.036806e-03 8.259523e-02 
1.990901e-01 -2.570298e-01 
8.226968e-04 -1.373575e-01 
8.562189e-04 -4.669332e-02 
-1.222964e-02 -3.655068e-02 
-1.539244e-02 -1.131743e-01 
-1.817524e-02 -2.262686e-01 
-4.047409e-02 2.342272e-02 
-4.686753e-03 1.132076e-01 
1.516500e-02 2.050511e-01 
3.176112e-02 2.263791e-01 
1.649321e-02 1.633000e-01 
3.527314e-03 4.448027e-02 
3.476043e-01 2.376728e-01 
-3.309625e-03 3.255789e-01 
2.642078e-02 3.997898e-01 
5.992839e-02 4.083568e-01 
3.528542e-02 3.364849e-01 
1.650882e-02 2.086656e-01 
2.461773e-01 2.705922e-01 
5.852575e-02 3.057949e-01 
2.750171e-02 2.479817e-01 
1.055536e-02 1.332784e-01 
-5.101570e-03 -2.136436e-02 
-1.313697e-02 -1.803485e-01 
-5.636719e-02 -2.730187e-01 
-5.349219e-03 -1.135818e-02 
1.648678e-02 1.556294e-01 
1.889187e-02 1.689503e-01 
6.356004e-03 8.750518e-02 
-3.313832e-03 -5.045088e-02 
-4.720037e-02 -2.963628e-02 
1.345739e-02 1.312553e-01 
2.066511e-02 2.001313e-01 
9.848390e-03 1.359867e-01 
-2.995485e-03 -1.944736e-03 
-1.155265e-02 -1.805042e-01 
1.158894e-01 1.892123e-01 
1.480352e-02 2.696234e-01 
3.631476e-02 3.335225e-01 
3.964648e-02 3.286364e-01 
2.045330e-02 2.426705e-01 
6.177034e-03 9.718174e-02 
2.508658e-01 2.251180e-01 
4.631269e-02 2.491374e-01 
2.638271e-02 2.403804e-01 
2.038392e-02 1.981299e-01 
6.724549e-03 9.432355e-02 
-2.461758e-03 -3.935421e-02 
-6.622147e-02 -3.246143e-01 
-2.852609e-02 -8.586669e-02 
1.529772e-02 1.091797e-01 
2.161559e-02 1.713292e-01 
1.216497e-02 1.523581e-01 
4.972759e-03 9.066934e-02 
6.790814e-02 -1.567923e-01 
2.437955e-03 4.629574e-02 
5.776047e-03 1.032162e-01 
-4.546102e-03 1.896159e-02 
-9.563372e-03 -9.682836e-02 
-1.105508e-02 -2.118834e-01 
-2.436579e-02 1.483042e-01 
3.412467e-02 2.807883e-01 
3.046275e-02 2.997940e-01 
1.151439e-02 1.714109e-01 
-1.468418e-03 9.313083e-03 
-8.594022e-03 -1.633305e-01 
4.364563e-01 3.423427e-01 
7.159924e-02 5.181120e-01 
7.532020e-02 5.641568e-01 
4.378256e-02 4.600575e-01 
1.888390e-02 2.948876e-01 
4.189630e-03 8.581904e-02 
3.504782e-01 3.393713e-01 
1.087865e-01 4.738309e-01 
3.776897e-02 4.071973e-01 
6.722658e-03 1.868706e-01 
-6.872077e-03 -5.896918e-02 
-1.299996e-02 -3.064758e-01 
-1.527635e-01 -1.686561e-01 
3.014862e-02 1.304098e-01 
2.847370e-02 2.394333e-01 
8.424752e-03 1.476092e-01 
8.830442e-04 3.846262e-02 
-2.212040e-03 -6.933551e-02 
