poroelastic
2.532285e-02 -3.054375e-02 
2.641235e-02 -2.936614e-02 
1.906298e-02 -2.072622e-02 
-2.075439e-02 -6.929167e-02 
-2.470575e-02 -1.783261e-01 
-2.690447e-02 -3.213002e-01 
1.847805e-01 -1.064723e-01 
-6.050778e-02 -5.488729e-02 
-2.479316e-02 1.294832e-01 
5.514165e-02 3.023322e-01 
4.162478e-02 3.515807e-01 
2.604674e-02 3.177286e-01 
-2.265919e-01 -6.570699e-02 
-2.818389e-02 -1.734290e-01 
8.461602e-04 -1.082711e-01 
-1.286539e-02 -4.890655e-02 
-1.404566e-02 -1.030425e-01 
-1.646639e-02 -2.110511e-01 
-1.842978e-01 1.908884e-02 
-1.251023e-02 1.577243e-01 
1.830292e-02 2.360385e-01 
1.874843e-02 1.741593e-01 
2.481320e-03 4.959569e-02 
-7.432558e-03 -1.042198e-01 
-3.473036e-03 -2.603440e-02 
-7.418399e-04 4.694268e-04 
3.350415e-03 3.645920e-02 
3.087991e-03 3.516526e-02 
1.026609e-04 1.090637e-02 
-3.304997e-03 -4.709086e-02 
-3.276201e-03 -1.398094e-01 
-2.089379e-02 -1.592482e-01 
-1.353063e-02 -5.358625e-02 
1.645845e-02 8.731792e-02 
1.677961e-02 1.560771e-01 
1.222791e-02 1.681940e-01 
-3.521015e-01 -1.714012e-01 
-2.752254e-02 -3.403794e-01 
-1.839222e-02 -3.105075e-01 
-2.816085e-02 -2.069350e-01 
-1.561203e-02 -1.537319e-01 
-8.903612e-03 -1.255079e-01 
-4.718212e-01 -5.888246e-02 
-8.311518e-02 9.490085e-02 
3.238145e-03 2.206102e-01 
4.523193e-02 2.936068e-01 
3.151439e-02 3.170629e-01 
2.014177e-02 3.057668e-01 
1.433144e-01 5.029898e-02 
1.578027e-02 5.322525e-02 
5.073564e-03 2.371873e-03 
-2.313975e-02 -1.130355e-01 
-2.229255e-02 -2.166849e-01 
-1.846333e-02 -3.039683e-01 
-1.203252e-02 -4.292263e-02 
-7.748731e-03 -4.919346e-02 
-1.906417e-03 -3.189070e-04 
1.144120e-02 7.180838e-02 
9.835375e-03 1.083268e-01 
5.920050e-03 9.829112e-02 
1.035494e-01 -1.452756e-01 
-1.971591e-02 -1.085178e-01 
-2.425797e-03 4.454022e-02 
3.481713e-02 2.351558e-01 
2.823319e-02 3.159715e-01 
1.847546e-02 3.051328e-01 
-5.004352e-01 -9.487917e-02 
-1.216309e-01 -3.046022e-01 
-3.486389e-02 -3.166166e-01 
-4.138395e-02 -2.859631e-01 
-2.956455e-02 -3.271319e-01 
-2.214907e-02 -4.072344e-01 
-6.404453e-01 1.531549e-01 
1.070546e-02 2.699357e-01 
3.977735e-02 3.719059e-01 
4.490513e-02 3.839557e-01 
2.351654e-02 3.218464e-01 
9.881894e-03 2.076711e-01 
-6.824706e-02 1.310265e-01 
1.599238e-02 1.573949e-01 
1.452560e-02 1.585888e-01 
7.428276e-03 1.094733e-01 
1.937400e-05 2.261202e-02 
-4.289155e-03 -9.293116e-02 
-9.809015e-03 -1.309688e-01 
-1.502788e-02 -1.671133e-01 
-4.609353e-03 -9.524435e-02 
1.122310e-02 6.048024e-02 
1.195148e-02 1.565351e-01 
9.053213e-03 1.939851e-01 
-4.269373e-01 -2.511623e-01 
-8.454911e-02 -4.519799e-01 
-4.378698e-02 -4.259049e-01 
-2.520107e-02 -2.693132e-01 
-1.072806e-02 -1.620491e-01 
-4.232083e-03 -9.252542e-02 
-7.016098e-01 1.675323e-01 
-4.346300e-02 2.679568e-01 
4.111256e-02 2.944723e-01 
3.727078e-02 3.128768e-01 
2.283488e-02 3.376166e-01 
1.409371e-02 3.677349e-01 
-5.663368e-03 2.241442e-01 
1.326603e-02 1.766843e-01 
-1.152992e-03 8.063159e-02 
-9.088833e-03 -4.289297e-02 
-9.041854e-03 -1.321194e-01 
-7.007350e-03 -1.998786e-01 
-3.087822e-03 6.727421e-02 
8.056819e-03 7.035113e-02 
6.365672e-03 7.796656e-02 
3.151427e-03 7.128900e-02 
-4.891365e-04 1.321870e-02 
-3.535939e-03 -9.822655e-02 
1.194159e-01 -1.809166e-01 
6.850252e-03 -1.079726e-01 
3.105517e-02 7.158100e-02 
2.947734e-02 3.059717e-01 
1.982749e-02 3.781620e-01 
1.036510e-02 3.082040e-01 
-4.780961e-01 -2.279149e-01 
-1.480396e-01 -4.117617e-01 
-5.167704e-02 -3.403421e-01 
-1.649411e-02 -1.796476e-01 
-8.126041e-03 -1.501903e-01 
-6.311808e-03 -2.277875e-01 
-6.736642e-01 4.300246e-01 
7.904570e-02 3.818246e-01 
5.749375e-02 3.460310e-01 
1.858351e-02 2.817146e-01 
7.826386e-03 2.202604e-01 
2.946352e-03 1.678462e-01 
