poroelastic
-1.379206e-02 1.411174e-02 
-1.564072e-02 -6.121048e-03 
-1.515660e-02 -2.668991e-02 
8.937373e-03 1.461385e-02 
1.196783e-02 1.080472e-01 
1.216306e-02 2.319709e-01 
-1.370475e-01 1.296768e-01 
5.100683e-02 6.217871e-02 
2.441248e-02 -9.248906e-02 
-3.369956e-02 -2.214014e-01 
-2.310229e-02 -2.701429e-01 
-1.359326e-02 -2.636978e-01 
3.419037e-01 1.176695e-01 
1.801815e-02 2.156925e-01 
-7.991459e-03 1.757094e-01 
1.970110e-02 1.434641e-01 
1.445509e-02 1.662781e-01 
1.024115e-02 2.057918e-01 
2.349869e-01 -7.413233e-02 
3.105098e-02 -1.847010e-01 
-4.867978e-03 -2.238258e-01 
-1.452746e-02 -1.621145e-01 
-4.527500e-03 -7.603333e-02 
3.204608e-04 7.218866e-03 
2.237919e-02 -1.888054e-02 
9.022592e-04 -3.734686e-02 
-2.485429e-03 -5.625501e-02 
-2.611221e-03 -3.605588e-02 
-1.584435e-04 -8.408206e-03 
9.028739e-04 2.100061e-02 
-2.821728e-03 1.292887e-01 
1.419859e-02 1.283498e-01 
1.112847e-02 4.058601e-02 
-1.083123e-02 -6.725120e-02 
-1.004119e-02 -1.300479e-01 
-7.233488e-03 -1.620292e-01 
3.770974e-01 1.820543e-01 
-4.125136e-03 3.001446e-01 
7.736996e-04 2.851438e-01 
2.314339e-02 2.274145e-01 
1.308058e-02 1.906064e-01 
6.743710e-03 1.549866e-01 
4.986642e-01 -1.030782e-02 
1.029209e-01 -1.759573e-01 
8.176043e-03 -2.548150e-01 
-2.981614e-02 -2.785758e-01 
-1.917870e-02 -2.878645e-01 
-1.164298e-02 -2.957425e-01 
-7.198780e-02 -9.839980e-02 
-1.449125e-02 -1.005773e-01 
-8.071530e-03 -4.123219e-02 
1.262303e-02 7.992029e-02 
1.217356e-02 1.789477e-01 
8.434280e-03 2.489830e-01 
1.264924e-02 4.046462e-03 
3.374408e-03 -9.432331e-03 
-2.588203e-04 -4.408308e-02 
-6.692768e-03 -7.180049e-02 
-4.082606e-03 -7.675071e-02 
-1.681731e-03 -5.181984e-02 
-1.102613e-01 1.249509e-01 
1.867401e-02 7.165893e-02 
4.736842e-03 -6.926281e-02 
-2.152225e-02 -2.224594e-01 
-1.461971e-02 -2.766547e-01 
-8.181679e-03 -2.482433e-01 
4.841918e-01 9.165794e-02 
8.019081e-02 2.455269e-01 
1.223433e-02 2.539307e-01 
2.446145e-02 2.567894e-01 
1.756633e-02 3.223645e-01 
1.203194e-02 4.241718e-01 
6.535764e-01 -1.730066e-01 
1.889360e-02 -3.370996e-01 
-2.160137e-02 -4.180465e-01 
-2.667152e-02 -3.912647e-01 
-1.192461e-02 -3.070725e-01 
-4.093247e-03 -1.811562e-01 
1.032673e-01 -1.725406e-01 
-1.188740e-02 -2.279112e-01 
-1.097344e-02 -2.235705e-01 
-4.920016e-03 -1.390498e-01 
3.739711e-04 -2.424466e-02 
2.277306e-03 1.117173e-01 
-7.307562e-03 6.348481e-02 
4.339153e-03 6.016144e-02 
-7.085938e-04 1.053246e-02 
-5.383434e-03 -6.782182e-02 
-3.725716e-03 -1.026727e-01 
-1.879264e-03 -9.435062e-02 
3.829137e-01 2.114428e-01 
4.023879e-02 3.518276e-01 
1.820284e-02 3.399848e-01 
1.269230e-02 2.428346e-01 
5.866349e-03 1.750680e-01 
2.517456e-03 1.286222e-01 
7.007853e-01 -1.484265e-01 
7.893021e-02 -3.194747e-01 
-2.225771e-02 -3.449835e-01 
-1.973872e-02 -3.242666e-01 
-9.667826e-03 -3.264410e-01 
-4.463782e-03 -3.474606e-01 
6.101119e-02 -2.379698e-01 
-1.067415e-02 -2.326299e-01 
-2.116200e-04 -1.345148e-01 
3.714369e-03 2.273428e-02 
3.530136e-03 1.273319e-01 
1.929831e-03 1.884252e-01 
1.015006e-02 -1.092624e-01 
-8.585584e-03 -1.386505e-01 
-4.142426e-03 -1.278110e-01 
-5.432962e-04 -6.966298e-02 
8.589444e-04 1.429347e-02 
1.199478e-03 1.189109e-01 
-1.637577e-01 7.117888e-02 
-8.935232e-03 -3.130004e-02 
-2.267097e-02 -1.659702e-01 
-9.949554e-03 -2.895571e-01 
-3.977827e-03 -2.907122e-01 
-1.388844e-03 -1.891214e-01 
3.484193e-01 1.304020e-01 
8.054001e-02 2.183979e-01 
2.485867e-02 1.760265e-01 
5.034955e-03 1.243692e-01 
2.040411e-03 1.680852e-01 
8.187577e-04 2.903096e-01 
7.492307e-01 -3.766692e-01 
-4.768272e-02 -4.813319e-01 
-4.198737e-02 -4.647558e-01 
-3.843218e-03 -3.410263e-01 
3.678571e-04 -2.368390e-01 
7.836819e-04 -1.396924e-01 
