poroelastic
-1.669998e-02 -1.187555e-01 
-3.591161e-02 -1.362917e-01 
-3.495690e-02 -5.276075e-02 
2.298637e-02 8.040504e-02 
2.987120e-02 1.710163e-01 
3.226022e-02 2.592020e-01 
2.973243e-01 3.334301e-01 
-5.756286e-02 2.919111e-01 
-8.295491e-03 2.487303e-01 
4.635798e-02 2.038442e-01 
3.212596e-02 1.950070e-01 
2.699599e-02 2.215919e-01 
5.849977e-01 3.928314e-01 
5.119632e-02 4.488745e-01 
1.790237e-03 3.198127e-01 
4.462984e-02 2.116197e-01 
3.397058e-02 2.040262e-01 
3.242015e-02 2.718413e-01 
5.572426e-01 -4.566623e-01 
3.445812e-02 -4.438304e-01 
-2.453685e-02 -3.590273e-01 
-3.819728e-02 -2.213263e-01 
-1.552533e-02 -1.130411e-01 
-2.317728e-03 -2.044606e-02 
4.178117e-02 -2.397266e-01 
-1.377725e-02 -1.477484e-01 
-9.619399e-03 -4.418232e-02 
8.655609e-03 4.478476e-02 
7.015377e-03 5.109320e-02 
1.476591e-03 1.318881e-02 
1.074574e-01 2.340512e-01 
-4.063826e-02 2.733439e-01 
5.733351e-03 3.144336e-01 
6.100509e-02 3.208259e-01 
3.793199e-02 2.625825e-01 
1.744697e-02 1.540664e-01 
6.409532e-01 4.179462e-01 
1.441694e-02 5.183371e-01 
1.668550e-02 5.078877e-01 
8.642187e-02 4.622391e-01 
5.353816e-02 3.688486e-01 
2.660095e-02 2.390583e-01 
5.820222e-01 -5.183592e-01 
3.155840e-02 -4.440110e-01 
-2.204053e-02 -2.549010e-01 
-1.730135e-02 -9.495905e-02 
-6.857695e-03 -4.502479e-02 
-6.033044e-03 -5.664804e-02 
1.565817e-01 -4.098025e-01 
-1.975814e-02 -2.539493e-01 
-1.239255e-02 -8.849115e-02 
5.860108e-03 3.516588e-02 
4.640122e-03 4.038084e-02 
-1.509826e-03 -1.489330e-02 
-5.224633e-02 7.187663e-02 
-2.325894e-03 2.028446e-01 
2.587000e-02 2.809696e-01 
3.813603e-02 2.432549e-01 
1.384800e-02 1.210259e-01 
-2.920913e-03 -2.941139e-02 
3.994639e-01 4.800111e-01 
7.284192e-03 5.596234e-01 
4.628734e-02 5.215579e-01 
6.115450e-02 3.726991e-01 
2.549218e-02 2.080084e-01 
5.342876e-03 5.425560e-02 
7.674201e-01 5.047385e-01 
1.831523e-01 7.367494e-01 
7.328577e-02 6.443791e-01 
6.908996e-02 4.345732e-01 
3.028107e-02 2.479250e-01 
9.436983e-03 1.021802e-01 
5.078872e-01 -5.490947e-01 
-1.414423e-02 -2.471968e-01 
-8.603429e-03 -1.052435e-01 
-2.402929e-02 -9.847697e-02 
-2.030194e-02 -1.534859e-01 
-1.915438e-02 -2.264098e-01 
-1.092879e-02 -1.623269e-01 
6.493114e-03 6.333272e-02 
2.037275e-02 1.628386e-01 
8.203339e-03 1.078593e-01 
-6.064325e-03 -2.461775e-02 
-1.525905e-02 -1.865365e-01 
1.713899e-01 4.257517e-01 
3.268020e-02 5.784920e-01 
6.992113e-02 6.001701e-01 
5.770595e-02 4.335325e-01 
1.804875e-02 1.962934e-01 
-5.498402e-03 -6.888021e-02 
7.381081e-01 5.945173e-01 
1.465312e-01 8.166354e-01 
9.089797e-02 7.633154e-01 
7.460328e-02 5.420226e-01 
2.877038e-02 2.863638e-01 
2.495630e-03 3.165876e-02 
5.871694e-01 -6.635037e-01 
-2.691730e-03 -3.619251e-01 
-1.292117e-02 -1.005838e-01 
-1.329690e-02 -3.871034e-02 
-1.265544e-02 -9.592032e-02 
-1.442588e-02 -2.044154e-01 
1.289250e-01 -4.543254e-01 
-1.218614e-02 -8.700568e-02 
7.027847e-03 7.112972e-02 
-7.658421e-04 3.440193e-02 
-7.187727e-03 -5.527956e-02 
-9.082127e-03 -1.328872e-01 
-4.160614e-02 1.743901e-01 
4.675770e-02 3.815030e-01 
4.722852e-02 3.940315e-01 
1.632320e-02 1.840915e-01 
-3.041243e-03 -9.176268e-03 
-9.272490e-03 -1.375522e-01 
5.736705e-01 7.415798e-01 
1.111535e-01 9.424722e-01 
1.043572e-01 8.266095e-01 
3.867093e-02 4.046917e-01 
2.135773e-03 6.292295e-02 
-1.076608e-02 -1.750355e-01 
1.000840e+00 7.872301e-01 
3.364306e-01 1.197678e+00 
1.326281e-01 1.008361e+00 
3.761082e-02 4.626501e-01 
-2.651015e-03 2.564994e-02 
-1.539011e-02 -2.818525e-01 
4.190252e-01 -6.949603e-01 
-3.066451e-02 -1.032423e-01 
-8.129037e-03 9.310520e-02 
-1.392381e-02 -2.812322e-02 
-1.497724e-02 -1.780953e-01 
-1.420273e-02 -3.279285e-01 
