poroelastic
1.915460e-02 5.756214e-02 
2.822665e-02 8.035830e-02 
2.254416e-02 3.824857e-02 
-2.407813e-02 -8.590365e-02 
-2.464805e-02 -2.072326e-01 
-2.157157e-02 -3.431371e-01 
-1.296677e-01 -3.928105e-01 
-1.700980e-02 -3.327623e-01 
-2.164137e-02 -1.567047e-01 
1.060403e-02 2.974860e-02 
1.316684e-02 1.232872e-01 
9.344301e-03 1.511411e-01 
-8.496198e-01 -4.003465e-01 
-9.348974e-02 -6.043073e-01 
-1.351667e-02 -4.935635e-01 
-5.388170e-02 -3.639473e-01 
-3.316137e-02 -3.335661e-01 
-2.052087e-02 -3.512217e-01 
-6.603479e-01 4.017508e-01 
-3.952832e-02 4.929285e-01 
2.485281e-02 4.721735e-01 
3.973063e-02 3.295286e-01 
1.595772e-02 1.976391e-01 
4.343378e-03 8.363044e-02 
-4.261006e-02 1.746868e-01 
6.546278e-03 1.154005e-01 
4.968870e-03 5.794520e-02 
-1.245414e-03 -9.490716e-03 
-1.133023e-03 -1.715717e-02 
1.768066e-04 3.486325e-03 
-1.125206e-01 -3.291229e-01 
-3.996050e-03 -3.832855e-01 
-2.272392e-02 -3.269807e-01 
-1.720783e-02 -1.923965e-01 
-2.411056e-03 -5.515071e-02 
4.562034e-03 8.555513e-02 
-9.339564e-01 -4.902406e-01 
-5.256484e-02 -7.344685e-01 
-3.609122e-02 -7.292635e-01 
-7.271333e-02 -6.178268e-01 
-3.798726e-02 -4.760669e-01 
-1.553740e-02 -2.987670e-01 
-9.384465e-01 3.713396e-01 
-1.125853e-01 4.666567e-01 
1.512701e-02 4.050769e-01 
4.873268e-02 3.424739e-01 
3.126069e-02 3.641387e-01 
2.136544e-02 4.517267e-01 
-9.064664e-03 3.850470e-01 
2.411492e-02 2.570673e-01 
6.824145e-03 6.597187e-02 
-2.164164e-02 -1.395491e-01 
-1.696298e-02 -2.206576e-01 
-9.044220e-03 -2.159760e-01 
1.211326e-02 -7.294750e-02 
-9.450646e-03 -1.621145e-01 
-1.410039e-02 -1.813766e-01 
-5.481461e-03 -1.028327e-01 
2.325862e-03 8.505921e-03 
4.718842e-03 1.140608e-01 
-1.967734e-01 -4.825980e-01 
-3.321717e-02 -4.974075e-01 
-2.509534e-02 -3.256867e-01 
5.670458e-03 -3.830835e-02 
1.288350e-02 1.577489e-01 
1.147314e-02 2.727831e-01 
-1.109091e+00 -4.391906e-01 
-2.457742e-01 -7.943379e-01 
-7.394198e-02 -7.509275e-01 
-6.483924e-02 -6.009863e-01 
-3.482708e-02 -5.208930e-01 
-1.804377e-02 -4.947961e-01 
-1.020514e+00 5.591198e-01 
1.770405e-02 5.147093e-01 
5.119083e-02 4.943783e-01 
5.016529e-02 4.734093e-01 
2.556108e-02 4.370978e-01 
1.141114e-02 3.798977e-01 
-8.751960e-02 2.821112e-01 
1.662140e-02 1.738597e-01 
9.285097e-03 1.011452e-01 
5.447880e-03 6.659924e-02 
2.236923e-03 4.623258e-02 
5.088938e-04 1.791520e-02 
-1.287222e-01 -3.699645e-01 
-3.593570e-02 -4.818761e-01 
-3.228982e-02 -4.340489e-01 
-9.573196e-03 -2.096576e-01 
2.143182e-03 -1.220448e-03 
4.946597e-03 1.696971e-01 
-9.746934e-01 -6.256085e-01 
-1.666360e-01 -9.408776e-01 
-8.362986e-02 -8.976868e-01 
-4.658882e-02 -6.365023e-01 
-1.771588e-02 -3.848229e-01 
-4.481795e-03 -1.570335e-01 
-1.112806e+00 6.215069e-01 
-5.422648e-02 5.914669e-01 
5.252766e-02 4.261782e-01 
3.666585e-02 3.563830e-01 
2.001832e-02 3.893142e-01 
1.043486e-02 4.854915e-01 
-1.241764e-01 5.656425e-01 
2.399443e-02 3.002572e-01 
-2.029591e-03 7.911171e-02 
-7.608626e-03 -6.662022e-02 
-5.196728e-03 -1.185333e-01 
-2.224718e-03 -1.237479e-01 
1.230935e-02 5.267579e-04 
-1.263567e-02 -1.085072e-01 
-9.433964e-03 -1.197185e-01 
-1.558977e-03 -3.140062e-02 
5.683741e-05 8.000926e-03 
-3.116719e-04 -1.661489e-02 
-2.073392e-01 -5.891869e-01 
-4.756030e-02 -6.054662e-01 
-6.038762e-03 -3.669641e-01 
1.254375e-02 6.450867e-02 
1.119230e-02 2.930954e-01 
5.903776e-03 3.473959e-01 
-1.100988e+00 -6.735398e-01 
-3.060516e-01 -1.043136e+00 
-9.608531e-02 -8.639486e-01 
-2.257885e-02 -4.447280e-01 
-5.999763e-03 -2.145202e-01 
-1.697877e-03 -1.448909e-01 
-1.025742e+00 8.734343e-01 
1.007731e-01 5.803736e-01 
7.315373e-02 4.203207e-01 
1.989333e-02 3.701111e-01 
6.804946e-03 3.341360e-01 
6.164096e-04 3.069253e-01 
