poroelastic
7.020627e-05 -6.256399e-02 
-7.493274e-03 -1.169281e-01 
-1.596299e-02 -1.201367e-01 
2.295439e-03 -2.693127e-02 
8.612481e-03 8.928399e-02 
1.258336e-02 2.343500e-01 
5.349623e-02 4.247727e-01 
1.876818e-02 2.584975e-01 
1.913307e-02 5.280673e-02 
-1.386742e-02 -1.120613e-01 
-1.309187e-02 -1.794227e-01 
-8.795997e-03 -1.676083e-01 
8.318923e-01 4.852191e-01 
4.779732e-02 5.690035e-01 
-1.184470e-02 4.260475e-01 
2.952279e-02 3.157141e-01 
2.080795e-02 2.944779e-01 
1.616375e-02 3.302010e-01 
7.251161e-01 -4.400541e-01 
7.892515e-02 -5.603457e-01 
-2.449028e-03 -5.206292e-01 
-2.791655e-02 -3.635417e-01 
-1.277086e-02 -2.196202e-01 
-3.990814e-03 -9.286632e-02 
1.058220e-01 -2.341221e-01 
7.921585e-04 -2.003170e-01 
-4.297754e-03 -1.549148e-01 
-4.647403e-03 -6.872696e-02 
-1.232806e-03 -2.401059e-02 
2.239450e-05 5.347679e-04 
5.978644e-02 2.961122e-01 
-2.116627e-03 2.804073e-01 
9.234157e-03 1.942038e-01 
2.967967e-03 7.129908e-02 
-2.573039e-03 -3.273332e-02 
-5.045376e-03 -1.144240e-01 
8.312334e-01 5.354937e-01 
-2.321698e-04 6.342845e-01 
-2.893059e-03 5.792914e-01 
3.326571e-02 4.782516e-01 
2.076922e-02 3.803154e-01 
1.230988e-02 2.904530e-01 
1.061386e+00 -3.878697e-01 
1.706045e-01 -5.730748e-01 
7.818610e-03 -5.233466e-01 
-3.101738e-02 -4.410849e-01 
-2.129144e-02 -4.120843e-01 
-1.549229e-02 -4.149223e-01 
1.515855e-01 -4.299246e-01 
-9.995070e-03 -3.507458e-01 
-1.094645e-02 -1.946121e-01 
3.512152e-03 6.570198e-03 
6.739183e-03 1.298868e-01 
6.612391e-03 2.074306e-01 
4.278608e-03 -6.745792e-03 
1.808628e-03 2.340483e-02 
1.491124e-03 1.054168e-02 
-2.003135e-03 -2.574594e-02 
-2.295596e-03 -5.350876e-02 
-1.563010e-03 -4.984406e-02 
8.639859e-02 4.651953e-01 
1.339148e-02 3.815575e-01 
1.088981e-02 1.629582e-01 
-7.626390e-03 -1.121838e-01 
-9.717485e-03 -2.413922e-01 
-7.922269e-03 -2.471378e-01 
9.884055e-01 4.880483e-01 
1.559767e-01 6.984823e-01 
2.256533e-02 5.847108e-01 
2.143854e-02 4.300924e-01 
1.506002e-02 4.074032e-01 
1.303887e-02 4.920460e-01 
1.142660e+00 -5.353593e-01 
2.642489e-02 -6.122336e-01 
-2.541231e-02 -6.292844e-01 
-2.556078e-02 -5.985284e-01 
-1.409632e-02 -4.975851e-01 
-6.945901e-03 -3.339757e-01 
1.864100e-01 -3.460617e-01 
-1.573567e-02 -3.065823e-01 
-1.048254e-02 -2.751865e-01 
-6.659187e-03 -2.184545e-01 
-2.692567e-03 -1.194984e-01 
4.438637e-04 2.261333e-02 
6.724503e-02 2.760132e-01 
7.941262e-03 2.982320e-01 
6.502212e-03 2.236331e-01 
1.315158e-03 6.420023e-02 
-8.807191e-04 -3.418160e-02 
-1.437654e-03 -6.986145e-02 
8.325583e-01 6.151680e-01 
7.969185e-02 7.861068e-01 
2.656064e-02 6.978219e-01 
1.086272e-02 4.630358e-01 
6.071946e-03 2.902412e-01 
3.462927e-03 1.765441e-01 
1.230199e+00 -5.328343e-01 
1.179804e-01 -6.578763e-01 
-2.915579e-02 -5.564382e-01 
-1.215814e-02 -4.907883e-01 
-7.479820e-03 -4.701935e-01 
-5.945646e-03 -4.753888e-01 
2.734705e-01 -5.653547e-01 
-2.173113e-02 -4.080856e-01 
-5.037214e-03 -2.346152e-01 
-4.401744e-04 -6.868862e-02 
6.424181e-04 4.786807e-02 
1.272114e-03 1.373504e-01 
7.063736e-03 -9.093967e-02 
-3.927486e-03 -5.080880e-02 
-2.108700e-03 -6.171317e-02 
-8.524100e-04 -9.021173e-02 
-4.042875e-04 -3.391835e-02 
9.626555e-04 9.238756e-02 
8.005776e-02 4.617033e-01 
7.401211e-03 3.733400e-01 
-8.999966e-03 1.322472e-01 
-2.176001e-04 -1.865786e-01 
-1.453250e-03 -2.728444e-01 
-1.644488e-03 -1.780673e-01 
8.824509e-01 6.098445e-01 
1.738729e-01 8.043926e-01 
3.454308e-02 5.936548e-01 
-5.935093e-04 2.540963e-01 
-4.449345e-04 1.475626e-01 
9.858296e-04 2.299631e-01 
1.237128e+00 -7.298709e-01 
-6.827228e-02 -6.610456e-01 
-6.130582e-02 -6.004765e-01 
7.047287e-03 -5.685912e-01 
4.667138e-03 -4.849427e-01 
1.420542e-03 -3.555056e-01 
