poroelastic
3.320754e-02 9.462554e-02 
5.119148e-02 1.154410e-01 
3.918101e-02 2.763357e-02 
-4.619962e-02 -1.523662e-01 
-4.256829e-02 -2.651073e-01 
-3.282031e-02 -3.595150e-01 
-2.180873e-01 -3.994331e-01 
1.101889e-02 -3.153104e-01 
-1.290079e-02 -1.889347e-01 
-1.923637e-02 -1.057326e-01 
-6.232346e-03 -4.803217e-02 
-1.638963e-03 -1.815791e-02 
-8.129162e-01 -4.487562e-01 
-7.335606e-02 -5.873058e-01 
-6.468770e-03 -4.484170e-01 
-7.779220e-02 -3.559626e-01 
-5.108452e-02 -3.450447e-01 
-3.313773e-02 -3.712371e-01 
-6.374072e-01 4.966992e-01 
-3.626963e-02 5.324200e-01 
3.605222e-02 4.513012e-01 
4.192056e-02 2.499229e-01 
1.373725e-02 1.147717e-01 
2.619363e-03 3.131018e-02 
-4.308879e-02 2.294230e-01 
1.193351e-02 1.377699e-01 
7.096137e-03 4.197138e-02 
-9.093685e-03 -5.882045e-02 
-3.965702e-03 -4.366817e-02 
2.451312e-03 2.991858e-02 
-1.199331e-01 -3.257046e-01 
2.058014e-02 -3.616536e-01 
-2.346272e-02 -3.536433e-01 
-5.424750e-02 -3.167083e-01 
-2.289213e-02 -2.000911e-01 
-2.275527e-03 -2.732020e-02 
-9.025370e-01 -5.323593e-01 
-2.418947e-02 -7.169052e-01 
-3.434565e-02 -7.027569e-01 
-1.226975e-01 -6.512230e-01 
-6.634133e-02 -5.222389e-01 
-2.663782e-02 -3.233891e-01 
-8.729733e-01 5.570750e-01 
-8.166142e-02 5.798799e-01 
2.777512e-02 4.129870e-01 
4.482184e-02 2.163033e-01 
2.450012e-02 1.729263e-01 
1.817829e-02 2.313405e-01 
-8.777988e-02 4.877503e-01 
3.838082e-02 3.183394e-01 
1.873986e-02 9.571204e-02 
-2.803831e-02 -1.285054e-01 
-2.145547e-02 -1.778488e-01 
-9.052698e-03 -1.245445e-01 
3.510994e-02 -8.151525e-02 
-7.032419e-03 -2.050508e-01 
-2.859169e-02 -2.601691e-01 
-2.503938e-02 -2.046478e-01 
-1.991879e-03 -5.198283e-02 
8.032930e-03 1.142721e-01 
-3.674143e-01 -5.718495e-01 
-3.338359e-02 -6.175823e-01 
-5.374001e-02 -4.999000e-01 
-3.646402e-02 -2.818137e-01 
-4.624742e-03 -7.247886e-02 
6.270368e-03 8.970793e-02 
-1.149377e+00 -5.779266e-01 
-2.588977e-01 -9.431353e-01 
-9.887448e-02 -8.632939e-01 
-1.157260e-01 -6.689131e-01 
-5.787431e-02 -5.104827e-01 
-2.592004e-02 -3.990097e-01 
-9.567485e-01 7.157424e-01 
1.458724e-02 4.952450e-01 
4.369806e-02 3.841734e-01 
6.604254e-02 3.368215e-01 
3.735694e-02 3.428144e-01 
2.006378e-02 3.488846e-01 
-5.757122e-02 2.974185e-01 
8.910736e-03 8.949815e-02 
-2.810854e-03 -2.751109e-02 
2.711584e-03 -3.184754e-02 
7.059945e-03 4.457049e-02 
7.263985e-03 1.357094e-01 
-1.756065e-01 -4.874930e-01 
-4.619806e-02 -6.369615e-01 
-7.405598e-02 -6.249280e-01 
-4.238435e-02 -3.964661e-01 
-3.794021e-03 -1.078326e-01 
9.054558e-03 1.762617e-01 
-1.083481e+00 -7.552799e-01 
-1.993127e-01 -1.099561e+00 
-1.297769e-01 -1.053890e+00 
-1.124012e-01 -7.968632e-01 
-4.347852e-02 -4.979221e-01 
-9.905134e-03 -1.941035e-01 
-1.123370e+00 8.498507e-01 
-3.594126e-02 6.453907e-01 
4.838064e-02 3.606867e-01 
5.331068e-02 2.413208e-01 
3.199053e-02 2.979646e-01 
1.911529e-02 4.396173e-01 
-1.954202e-01 6.842820e-01 
3.518558e-02 2.802477e-01 
3.105640e-03 3.489765e-02 
-4.857995e-03 -4.736461e-02 
-1.097663e-03 -2.315540e-02 
6.828657e-04 1.678762e-02 
3.841206e-02 -8.833507e-02 
-3.539438e-02 -2.853130e-01 
-3.796298e-02 -3.150175e-01 
-1.268769e-02 -1.443005e-01 
5.286023e-04 -4.539724e-03 
1.346862e-03 3.480745e-02 
-4.793274e-01 -8.380240e-01 
-1.148997e-01 -9.594404e-01 
-7.761155e-02 -7.357376e-01 
-9.469304e-04 -1.988485e-01 
1.619197e-02 1.635062e-01 
1.066865e-02 3.200434e-01 
-1.355262e+00 -9.244645e-01 
-4.331370e-01 -1.434807e+00 
-1.722953e-01 -1.208072e+00 
-5.901030e-02 -6.150808e-01 
-1.050832e-02 -2.086958e-01 
8.701294e-06 3.152191e-04 
-1.003146e+00 1.078572e+00 
9.673412e-02 5.027337e-01 
6.840801e-02 2.594879e-01 
4.453579e-02 2.709946e-01 
2.160978e-02 3.354693e-01 
6.594857e-03 4.044749e-01 
