poroelastic
4.489021e-02 1.849759e-02 
5.457889e-02 2.652979e-02 
3.964530e-02 -1.172720e-02 
-4.693548e-02 -1.415748e-01 
-4.909919e-02 -2.830359e-01 
-4.511176e-02 -4.349751e-01 
-9.116524e-03 -2.836304e-01 
-4.489978e-02 -2.031064e-01 
-2.569601e-02 -5.188875e-03 
3.752269e-02 1.431403e-01 
3.011354e-02 1.947657e-01 
1.847897e-02 1.811406e-01 
-5.619453e-01 -2.816650e-01 
-6.000344e-02 -4.233620e-01 
-1.195159e-03 -2.870407e-01 
-5.042013e-02 -1.962703e-01 
-4.149884e-02 -2.489366e-01 
-3.621898e-02 -3.617221e-01 
-4.287396e-01 2.569567e-01 
-2.297586e-02 3.618606e-01 
3.708360e-02 3.848560e-01 
3.713370e-02 2.395299e-01 
7.164585e-03 7.609644e-02 
-7.124555e-03 -7.576584e-02 
-2.669418e-02 8.184395e-02 
2.704564e-03 5.265876e-02 
5.010689e-03 4.325390e-02 
9.420518e-04 5.609610e-03 
-6.419685e-05 -1.379687e-03 
3.461223e-04 3.743631e-03 
-7.790342e-02 -2.844849e-01 
-7.842863e-03 -3.191137e-01 
-2.642377e-02 -2.389667e-01 
-1.859601e-02 -1.324240e-01 
-1.406490e-03 -2.936786e-02 
7.621787e-03 8.110042e-02 
-7.123444e-01 -4.163935e-01 
-3.988107e-02 -6.405918e-01 
-3.863703e-02 -5.976378e-01 
-9.454490e-02 -4.899512e-01 
-5.210053e-02 -3.821682e-01 
-2.241657e-02 -2.418877e-01 
-7.395006e-01 2.578616e-01 
-9.340878e-02 3.572468e-01 
1.872345e-02 3.591959e-01 
6.272864e-02 2.942656e-01 
3.787356e-02 2.680374e-01 
2.412360e-02 2.729581e-01 
5.356908e-02 2.803236e-01 
3.683977e-02 1.905116e-01 
1.706037e-02 4.990497e-02 
-3.607976e-02 -1.369069e-01 
-3.225880e-02 -2.297472e-01 
-2.104538e-02 -2.539913e-01 
7.451334e-03 -1.026453e-01 
-1.724991e-02 -1.781169e-01 
-2.228393e-02 -1.577566e-01 
-1.189326e-03 -6.109558e-02 
1.033757e-02 5.975921e-02 
1.234083e-02 1.527915e-01 
-1.835194e-01 -4.384769e-01 
-4.527854e-02 -4.572519e-01 
-4.083085e-02 -2.885642e-01 
6.473993e-03 -4.135795e-02 
1.935854e-02 1.315585e-01 
1.763197e-02 2.195957e-01 
-9.794777e-01 -4.153864e-01 
-2.433985e-01 -7.856318e-01 
-9.157733e-02 -7.355117e-01 
-1.105196e-01 -5.766101e-01 
-6.327075e-02 -4.973550e-01 
-3.540358e-02 -4.730604e-01 
-9.539402e-01 5.121272e-01 
1.610859e-02 4.274670e-01 
5.512239e-02 4.441177e-01 
8.294346e-02 4.382439e-01 
4.498526e-02 4.011955e-01 
2.137374e-02 3.185399e-01 
-6.902149e-02 2.360831e-01 
1.296791e-02 1.193547e-01 
8.045600e-03 6.049517e-02 
8.585818e-03 4.531970e-02 
5.305562e-03 4.885345e-02 
2.399921e-03 3.769304e-02 
-1.214598e-01 -4.068456e-01 
-5.270157e-02 -5.301334e-01 
-5.775604e-02 -4.633679e-01 
-1.219293e-02 -1.976281e-01 
1.231675e-02 6.207486e-02 
1.706629e-02 2.762428e-01 
-9.443514e-01 -6.301184e-01 
-2.016507e-01 -9.993403e-01 
-1.274232e-01 -9.511967e-01 
-1.036800e-01 -6.833915e-01 
-4.270555e-02 -4.313980e-01 
-1.217819e-02 -1.987541e-01 
-1.124259e+00 6.273330e-01 
-4.512788e-02 5.238827e-01 
5.789131e-02 3.780329e-01 
7.367823e-02 3.384793e-01 
4.517820e-02 4.030402e-01 
2.757435e-02 5.161458e-01 
-1.196448e-01 5.450893e-01 
3.355416e-02 2.561212e-01 
4.555542e-03 6.613789e-02 
-9.592352e-03 -3.381602e-02 
-8.043961e-03 -7.209290e-02 
-5.474522e-03 -1.079734e-01 
2.352703e-02 -4.225990e-02 
-2.330760e-02 -1.718990e-01 
-2.345182e-02 -1.743296e-01 
-6.669511e-03 -4.899129e-02 
-7.430055e-04 6.992001e-03 
-2.656843e-03 -5.399911e-02 
-2.430437e-01 -6.682373e-01 
-9.076061e-02 -7.121719e-01 
-3.399848e-02 -4.428841e-01 
3.703184e-02 8.256222e-02 
3.475097e-02 3.789723e-01 
1.902710e-02 4.345015e-01 
-1.175275e+00 -7.409517e-01 
-4.088215e-01 -1.219026e+00 
-1.670898e-01 -1.028062e+00 
-6.218599e-02 -5.207792e-01 
-1.714126e-02 -2.298800e-01 
-5.250402e-03 -1.396193e-01 
-1.024733e+00 9.727856e-01 
1.170706e-01 5.093108e-01 
8.392123e-02 3.333181e-01 
5.106994e-02 3.220080e-01 
2.502409e-02 3.458561e-01 
9.974879e-03 3.846387e-01 
