poroelastic
-2.322156e-02 7.694818e-02 
-2.039975e-02 1.009494e-01 
-1.084016e-02 8.033353e-02 
1.143789e-02 7.025463e-02 
9.459290e-03 1.417335e-01 
6.401775e-03 2.626093e-01 
-2.525727e-01 -1.760105e-01 
4.506932e-02 -9.039001e-02 
1.705609e-02 -1.528128e-01 
-2.319593e-02 -2.518653e-01 
-1.317109e-02 -2.716194e-01 
-5.576754e-03 -2.318621e-01 
-1.970300e-01 -2.702488e-01 
-7.955449e-03 -1.511760e-01 
-1.285844e-03 -8.050496e-02 
-2.779415e-03 -6.622048e-02 
-2.058297e-06 -1.850536e-02 
1.059511e-03 4.978323e-02 
-2.649082e-01 2.977126e-01 
-2.189003e-02 2.276393e-01 
-5.851724e-04 1.089910e-01 
3.854722e-03 3.642142e-02 
2.477203e-03 4.120285e-02 
1.542101e-03 1.001308e-01 
-1.010005e-01 1.980719e-01 
-2.436501e-03 1.478869e-01 
-1.042871e-03 8.241089e-02 
4.578422e-03 3.699276e-02 
3.232544e-03 6.180283e-02 
1.884579e-03 1.337321e-01 
-5.053676e-02 -4.271177e-02 
1.372054e-02 -1.766173e-03 
4.882214e-03 -6.424424e-02 
-1.009172e-02 -1.593804e-01 
-5.821648e-03 -1.726269e-01 
-2.110084e-03 -1.282625e-01 
-1.187374e-01 -2.083128e-01 
3.928831e-05 -6.526344e-02 
6.103014e-04 -2.612061e-02 
-2.483491e-03 -5.914793e-02 
-8.661771e-04 -3.820239e-02 
9.555401e-05 6.217331e-03 
-2.176887e-01 3.889276e-01 
-5.523038e-03 3.169746e-01 
6.107704e-03 1.272674e-01 
-4.319988e-03 -4.663601e-02 
-3.493851e-03 -1.197123e-01 
-1.412939e-03 -1.321640e-01 
-2.988520e-01 2.911256e-01 
-5.481789e-03 2.268485e-01 
3.738148e-03 1.703605e-01 
8.482318e-03 1.437719e-01 
4.384535e-03 1.704897e-01 
9.682071e-04 2.090311e-01 
-4.447656e-04 4.808446e-02 
5.171791e-04 2.141978e-02 
-3.412397e-04 -1.523253e-02 
-6.283354e-04 -3.716081e-02 
1.021406e-04 -1.207028e-02 
1.250074e-04 3.141782e-02 
-2.749419e-01 -2.281284e-01 
4.943485e-03 -2.054338e-01 
-3.566306e-03 -2.322153e-01 
-9.071222e-03 -2.656211e-01 
-3.987771e-03 -2.545145e-01 
-1.109431e-03 -2.151790e-01 
-1.576909e-01 -3.379262e-01 
-9.859468e-03 -2.631048e-01 
-5.460641e-04 -1.282295e-01 
2.688630e-03 1.568224e-03 
1.969138e-03 1.149598e-01 
6.930287e-05 1.984458e-01 
-1.447895e-01 2.817590e-01 
-4.029302e-04 1.045128e-01 
3.249028e-04 -4.440736e-03 
4.150507e-04 -1.263611e-02 
2.928527e-04 9.689252e-03 
-2.413225e-04 4.653807e-02 
-5.549823e-02 1.113571e-01 
3.175243e-03 3.996210e-03 
3.178189e-03 -1.853344e-02 
2.239375e-03 3.339977e-02 
7.418387e-04 9.551659e-02 
-1.080570e-03 1.568346e-01 
-5.357649e-02 -1.352051e-01 
-3.875302e-03 -1.275166e-01 
-4.723186e-03 -1.253322e-01 
-1.061446e-03 -1.081008e-01 
3.355134e-05 -7.655660e-02 
1.990726e-04 -3.436839e-02 
-2.159454e-01 -2.577765e-01 
-1.527491e-02 -1.781090e-01 
-4.397790e-03 -1.153294e-01 
-5.047898e-04 -8.828239e-02 
1.242467e-04 -6.400982e-02 
2.576231e-04 -4.156101e-02 
-1.805165e-01 3.291382e-01 
-3.955734e-03 2.110921e-01 
-1.518263e-03 6.950671e-02 
-9.094058e-04 -4.901771e-03 
2.473497e-04 -5.589217e-02 
1.178043e-03 -9.003721e-02 
-2.776572e-01 2.295702e-01 
2.125894e-02 1.086951e-01 
1.711037e-02 1.080794e-01 
5.530264e-04 1.783030e-01 
-2.427714e-03 2.166429e-01 
-3.678724e-03 2.179279e-01 
3.117062e-03 -3.765017e-02 
-2.902219e-03 -1.013436e-01 
1.700724e-03 -7.662038e-02 
2.375570e-04 4.617983e-03 
-6.608769e-04 4.816601e-02 
-9.016429e-04 5.511297e-02 
-3.123416e-01 -3.208130e-01 
-2.843066e-02 -3.566517e-01 
-1.839266e-02 -3.231904e-01 
3.109655e-03 -2.345270e-01 
3.182126e-03 -1.811108e-01 
2.659083e-03 -1.556562e-01 
-3.272680e-01 -3.957416e-01 
-4.551696e-02 -4.196337e-01 
2.170553e-03 -2.670899e-01 
1.426453e-03 -5.254854e-02 
-1.862947e-03 7.978116e-02 
-3.070239e-03 1.446465e-01 
-2.088478e-01 1.892060e-01 
6.918097e-03 -2.057785e-02 
1.790616e-02 -3.333492e-02 
-2.461429e-03 1.110867e-01 
-5.464370e-03 1.753807e-01 
-5.261291e-03 1.779603e-01 
