poroelastic
5.431089e-03 -1.397059e-01 
-1.398763e-02 -1.464116e-01 
-1.477385e-02 -5.010337e-02 
9.862145e-03 3.926458e-02 
8.906373e-03 4.652170e-02 
5.889620e-03 3.943562e-02 
3.396637e-01 1.660033e-01 
-1.125016e-01 2.194670e-01 
-3.139093e-02 3.231837e-01 
9.802598e-02 3.649439e-01 
7.312337e-02 3.774296e-01 
5.622161e-02 3.836781e-01 
3.532698e-01 2.158914e-01 
2.877754e-02 2.498141e-01 
4.947662e-03 2.321838e-01 
4.229922e-02 1.813974e-01 
2.722083e-02 1.418907e-01 
2.042852e-02 1.415426e-01 
3.638768e-01 -3.434130e-01 
1.959916e-02 -2.676181e-01 
-7.717545e-03 -1.610953e-01 
-2.424132e-02 -1.008918e-01 
-1.656187e-02 -8.939013e-02 
-1.187641e-02 -8.585084e-02 
5.360983e-03 -2.089637e-01 
-2.144987e-02 -1.229336e-01 
-1.033732e-02 -2.281802e-03 
1.819742e-02 7.481463e-02 
1.437828e-02 8.191059e-02 
6.712469e-03 4.907390e-02 
7.144879e-02 7.142141e-02 
-5.976797e-02 1.218037e-01 
-9.093106e-03 2.362705e-01 
7.663963e-02 3.091773e-01 
5.620310e-02 3.081751e-01 
3.510508e-02 2.547080e-01 
3.177015e-01 1.544904e-01 
-4.646538e-03 1.907315e-01 
1.771716e-03 2.516515e-01 
6.816314e-02 2.873697e-01 
4.651099e-02 2.567415e-01 
2.616886e-02 1.925791e-01 
1.591727e-01 -4.030011e-01 
-3.597686e-02 -2.543501e-01 
-1.841530e-02 -3.866807e-02 
2.422822e-02 9.401634e-02 
1.988745e-02 1.146221e-01 
9.859411e-03 7.523930e-02 
1.359575e-01 -2.658467e-01 
-6.429944e-03 -1.409641e-01 
1.785053e-03 -2.033042e-02 
-2.234969e-03 1.726475e-02 
-9.335150e-03 -3.788431e-02 
-1.634800e-02 -1.303646e-01 
-7.178357e-02 2.054872e-02 
-2.116145e-02 1.324676e-01 
2.059106e-02 2.558539e-01 
6.321459e-02 2.829624e-01 
3.508313e-02 2.190483e-01 
1.170890e-02 9.549383e-02 
3.153241e-01 2.108700e-01 
-2.093812e-02 3.297866e-01 
3.353555e-02 4.212914e-01 
9.683876e-02 4.195616e-01 
5.554040e-02 3.406456e-01 
2.531943e-02 2.090109e-01 
2.576518e-01 2.162648e-01 
7.099389e-02 2.836398e-01 
4.209655e-02 2.736797e-01 
3.176961e-02 1.918632e-01 
3.684241e-03 4.826551e-02 
-1.296621e-02 -1.130880e-01 
-1.078724e-01 -2.638071e-01 
-1.035907e-02 -1.983433e-05 
2.639750e-02 1.888104e-01 
3.724874e-02 2.093919e-01 
1.222820e-02 1.064186e-01 
-7.274535e-03 -6.887657e-02 
-1.071732e-01 -6.009418e-03 
1.611013e-02 1.651454e-01 
4.074225e-02 2.671956e-01 
3.299516e-02 2.193628e-01 
4.271581e-03 6.534969e-02 
-1.554030e-02 -1.530397e-01 
1.168108e-01 1.931064e-01 
4.255311e-03 3.167256e-01 
5.858044e-02 4.172545e-01 
8.621003e-02 4.226476e-01 
4.305467e-02 3.156239e-01 
1.232304e-02 1.251503e-01 
2.152268e-01 1.919353e-01 
5.105634e-02 2.453997e-01 
4.082657e-02 2.647097e-01 
3.560751e-02 2.210236e-01 
8.000010e-03 8.432734e-02 
-8.933506e-03 -9.172083e-02 
-2.188342e-01 -2.989190e-01 
-4.389639e-02 -3.640321e-02 
2.912844e-02 1.840357e-01 
5.326131e-02 2.519497e-01 
2.756564e-02 2.096510e-01 
9.519668e-03 1.082851e-01 
-4.439832e-02 -9.837565e-02 
1.984082e-02 1.193082e-01 
3.232327e-02 2.128843e-01 
9.385235e-03 1.292501e-01 
-1.059970e-02 -3.786212e-02 
-1.994926e-02 -2.336384e-01 
-4.053960e-02 1.935019e-01 
5.187446e-02 3.553742e-01 
6.462695e-02 4.074968e-01 
3.147511e-02 2.688167e-01 
-2.393644e-03 3.674471e-02 
-2.035355e-02 -2.455498e-01 
4.745917e-01 3.281315e-01 
8.289425e-02 5.859869e-01 
1.272580e-01 6.863520e-01 
9.955272e-02 5.923689e-01 
3.705630e-02 3.608257e-01 
2.501628e-03 3.334656e-02 
3.142012e-01 2.932260e-01 
1.318719e-01 4.662877e-01 
6.854375e-02 4.583278e-01 
1.523673e-02 2.566061e-01 
-1.678071e-02 -5.946140e-02 
-2.840625e-02 -4.228611e-01 
-3.893833e-01 -8.501773e-02 
6.471859e-02 1.955147e-01 
7.010654e-02 3.529722e-01 
3.800782e-02 2.907510e-01 
1.031400e-02 1.434288e-01 
-2.025167e-03 -3.778590e-02 
