poroelastic
-5.438333e-03 1.483408e-01 
7.661418e-03 2.114813e-01 
1.483646e-02 1.527320e-01 
-5.593645e-03 1.714787e-03 
-7.874870e-03 -8.368936e-02 
-6.113408e-03 -1.520751e-01 
-3.674935e-01 -5.106214e-01 
2.862411e-02 -4.144840e-01 
-5.467226e-03 -3.140517e-01 
-2.416822e-02 -2.280492e-01 
-1.014481e-02 -1.489990e-01 
-3.562388e-03 -8.969578e-02 
-1.141003e+00 -5.932288e-01 
-1.024798e-01 -7.505090e-01 
-8.906799e-03 -6.307200e-01 
-5.639435e-02 -5.234012e-01 
-2.939550e-02 -4.304921e-01 
-1.326414e-02 -3.639962e-01 
-9.330247e-01 6.893629e-01 
-6.388815e-02 7.262994e-01 
1.882669e-02 5.855093e-01 
3.722580e-02 3.670039e-01 
1.683527e-02 2.678763e-01 
6.804193e-03 2.262128e-01 
-1.192856e-01 3.902857e-01 
1.003650e-02 2.847690e-01 
7.719164e-03 1.449004e-01 
5.967312e-04 -6.591857e-03 
5.594965e-04 -8.120164e-03 
1.595019e-03 5.551160e-02 
-1.578896e-01 -3.516127e-01 
1.315733e-02 -3.672076e-01 
-1.423723e-02 -3.872148e-01 
-2.753217e-02 -3.569069e-01 
-1.023888e-02 -2.168011e-01 
-5.904265e-04 -1.882749e-02 
-1.128204e+00 -6.377063e-01 
-3.657333e-02 -7.650945e-01 
-2.378143e-02 -7.819990e-01 
-6.307820e-02 -7.489557e-01 
-3.048685e-02 -5.870849e-01 
-1.038227e-02 -3.436692e-01 
-1.131949e+00 7.029495e-01 
-1.261055e-01 7.550334e-01 
1.609674e-02 5.168915e-01 
3.012938e-02 2.952759e-01 
1.689638e-02 2.803409e-01 
1.065625e-02 4.181439e-01 
-2.476083e-01 6.337709e-01 
2.060674e-02 4.517436e-01 
1.033256e-02 1.935000e-01 
-5.786158e-03 -5.721806e-02 
-4.198568e-03 -1.108197e-01 
-5.798471e-04 -2.968782e-02 
1.372509e-02 8.726547e-03 
-2.803567e-03 -8.114839e-02 
-8.248765e-03 -1.528137e-01 
-6.992232e-03 -1.492138e-01 
-8.345983e-04 -5.873846e-02 
1.538863e-03 8.080261e-02 
-3.569751e-01 -5.980119e-01 
-2.328112e-02 -5.880658e-01 
-2.181758e-02 -4.518677e-01 
-8.663175e-03 -2.189335e-01 
4.780058e-04 -2.965196e-02 
2.539581e-03 1.267582e-01 
-1.252828e+00 -6.229230e-01 
-2.325527e-01 -8.988524e-01 
-5.840756e-02 -7.959082e-01 
-4.120376e-02 -6.215558e-01 
-1.788254e-02 -4.928697e-01 
-6.078496e-03 -4.127238e-01 
-1.110083e+00 7.791772e-01 
4.987201e-03 6.830282e-01 
4.289307e-02 5.461472e-01 
3.049919e-02 4.482855e-01 
1.259358e-02 4.018731e-01 
3.200957e-03 3.701673e-01 
-1.309164e-01 4.043426e-01 
1.905898e-02 2.438535e-01 
9.478926e-03 1.240399e-01 
4.652209e-03 6.569703e-02 
2.253089e-03 7.237257e-02 
5.933745e-04 8.666521e-02 
-1.596692e-01 -3.881636e-01 
-2.816572e-02 -4.743907e-01 
-2.723608e-02 -4.624947e-01 
-1.065949e-02 -3.122848e-01 
-1.787807e-03 -1.267379e-01 
3.475078e-04 4.339359e-02 
-1.099685e+00 -7.503736e-01 
-1.432057e-01 -9.640962e-01 
-6.343915e-02 -9.067846e-01 
-2.701220e-02 -6.892483e-01 
-8.481214e-03 -4.361223e-01 
-1.416702e-03 -1.908462e-01 
-1.251256e+00 8.400967e-01 
-7.786475e-02 7.950278e-01 
4.468794e-02 5.218201e-01 
2.002420e-02 3.561362e-01 
7.593344e-03 3.511540e-01 
1.903456e-04 4.450037e-01 
-3.213557e-01 7.488860e-01 
3.543073e-02 4.246214e-01 
8.357035e-03 1.735005e-01 
2.451059e-04 1.721348e-02 
1.988125e-05 -1.842144e-02 
-4.826775e-05 1.293661e-02 
1.253923e-02 1.545093e-02 
-1.182395e-02 -1.239244e-01 
-6.833174e-03 -1.546644e-01 
-3.978875e-04 -6.439201e-02 
3.618473e-04 5.385370e-03 
-1.457767e-04 4.694679e-02 
-3.862497e-01 -6.867888e-01 
-5.549873e-02 -7.228995e-01 
-1.892409e-02 -5.316550e-01 
6.087101e-04 -1.521699e-01 
1.162043e-03 7.050237e-02 
-6.873848e-04 1.734242e-01 
-1.248935e+00 -7.964728e-01 
-2.894560e-01 -1.130772e+00 
-7.474525e-02 -9.287064e-01 
-7.672590e-03 -5.012551e-01 
1.442246e-05 -2.415827e-01 
1.066645e-03 -1.230779e-01 
-1.151892e+00 9.690029e-01 
8.266346e-02 6.818815e-01 
6.953009e-02 4.894804e-01 
6.840542e-03 4.342079e-01 
-2.690926e-03 3.861581e-01 
-5.857105e-03 3.284746e-01 
