poroelastic
-4.453565e-02 -6.739614e-02 
-6.296462e-02 -8.543352e-02 
-5.856025e-02 -3.122953e-02 
3.724473e-02 1.098501e-01 
5.277066e-02 2.795376e-01 
6.170520e-02 4.707084e-01 
8.748051e-02 3.358926e-01 
1.774205e-02 2.115355e-01 
1.491487e-02 3.475917e-02 
-1.679095e-02 -7.793625e-02 
-1.254514e-02 -8.235911e-02 
-1.000649e-03 -7.756222e-03 
5.332160e-01 3.884342e-01 
3.838802e-02 4.259369e-01 
-9.688753e-03 2.361007e-01 
3.336744e-02 1.235452e-01 
3.455230e-02 1.826851e-01 
4.347002e-02 3.400766e-01 
4.968487e-01 -3.870210e-01 
3.403934e-02 -4.493932e-01 
-3.899761e-02 -4.153311e-01 
-3.931400e-02 -2.412344e-01 
-5.403709e-03 -5.508486e-02 
1.436642e-02 1.171611e-01 
4.319557e-02 -1.777881e-01 
-8.813958e-03 -1.185132e-01 
-1.093007e-02 -6.322396e-02 
3.587379e-03 1.240523e-02 
5.026568e-03 3.165076e-02 
2.709789e-03 2.240753e-02 
7.849541e-02 2.784765e-01 
-2.005358e-02 2.892257e-01 
1.336259e-02 2.463387e-01 
3.757337e-02 1.944133e-01 
1.815810e-02 1.224143e-01 
3.217887e-03 2.643710e-02 
6.583417e-01 4.807690e-01 
4.933855e-03 5.940455e-01 
1.607460e-02 5.227136e-01 
8.834788e-02 4.311311e-01 
5.402702e-02 3.412736e-01 
2.783797e-02 2.316428e-01 
7.453317e-01 -4.269331e-01 
8.258424e-02 -4.672274e-01 
-2.242363e-02 -3.794785e-01 
-4.845783e-02 -2.429187e-01 
-2.473323e-02 -1.609922e-01 
-1.262573e-02 -1.088482e-01 
8.374108e-02 -3.891468e-01 
-3.333681e-02 -2.659272e-01 
-2.594420e-02 -1.098578e-01 
1.870503e-02 6.508126e-02 
2.235018e-02 1.396132e-01 
1.648755e-02 1.495492e-01 
-2.829908e-02 8.228131e-02 
7.401393e-03 1.828011e-01 
2.557120e-02 2.014466e-01 
1.728436e-02 1.289660e-01 
-2.200891e-03 3.084554e-03 
-1.235256e-02 -1.151031e-01 
2.894338e-01 5.193509e-01 
2.238963e-02 5.330085e-01 
4.756936e-02 3.982795e-01 
2.705829e-02 1.860265e-01 
-3.931591e-04 1.343884e-02 
-1.025144e-02 -9.664032e-02 
9.194216e-01 5.526376e-01 
2.036340e-01 8.450038e-01 
7.680846e-02 7.299044e-01 
9.667995e-02 5.097974e-01 
5.288160e-02 3.688137e-01 
2.957911e-02 2.949613e-01 
8.609866e-01 -6.003628e-01 
-5.348145e-03 -3.881827e-01 
-2.935107e-02 -3.310362e-01 
-6.606290e-02 -3.201007e-01 
-4.159759e-02 -3.113696e-01 
-2.549657e-02 -2.767361e-01 
6.187055e-02 -2.439033e-01 
-3.134269e-03 -5.303393e-02 
5.420144e-03 2.558704e-02 
-5.462725e-03 4.763289e-03 
-1.020150e-02 -6.462024e-02 
-1.211572e-02 -1.375747e-01 
1.419973e-01 4.680534e-01 
3.859718e-02 5.974749e-01 
7.062833e-02 5.574393e-01 
3.818383e-02 3.152318e-01 
-3.977869e-04 4.048851e-02 
-1.832205e-02 -2.155803e-01 
8.982628e-01 7.203461e-01 
1.675914e-01 1.013742e+00 
1.107697e-01 9.269582e-01 
1.021749e-01 6.436005e-01 
4.283294e-02 3.720061e-01 
1.084482e-02 1.290329e-01 
1.065947e+00 -7.493943e-01 
3.670005e-02 -5.215174e-01 
-3.619624e-02 -3.064481e-01 
-5.765104e-02 -2.551998e-01 
-3.970675e-02 -3.113849e-01 
-3.021370e-02 -4.008311e-01 
2.143499e-01 -6.031144e-01 
-3.107127e-02 -2.319411e-01 
-7.589672e-03 -5.649278e-02 
-4.506670e-03 -2.932602e-02 
-3.083209e-03 -3.268910e-02 
5.332307e-06 7.284388e-05 
-3.494642e-02 9.592309e-02 
3.262907e-02 2.758473e-01 
3.398765e-02 2.670334e-01 
7.566571e-03 7.506221e-02 
-3.502816e-03 -3.599944e-02 
-8.520191e-04 -1.199987e-02 
4.522385e-01 8.325244e-01 
1.066649e-01 9.272672e-01 
8.160599e-02 6.818896e-01 
-1.241890e-03 1.316510e-01 
-2.269385e-02 -2.067835e-01 
-1.980655e-02 -3.107217e-01 
1.230476e+00 9.304525e-01 
4.090654e-01 1.414821e+00 
1.666125e-01 1.155981e+00 
5.406918e-02 5.148905e-01 
6.174098e-03 1.026242e-01 
-4.720901e-03 -8.338088e-02 
9.563715e-01 -9.773975e-01 
-8.911332e-02 -3.240534e-01 
-5.416288e-02 -1.426396e-01 
-4.682557e-02 -2.538712e-01 
-3.197580e-02 -3.799314e-01 
-2.220366e-02 -4.970890e-01 
