poroelastic
2.924603e-02 3.973358e-02 
3.844905e-02 5.367172e-02 
2.809224e-02 1.046765e-02 
-3.415302e-02 -1.168698e-01 
-3.384193e-02 -2.413651e-01 
-2.935412e-02 -3.795443e-01 
-8.218498e-02 -3.539331e-01 
-2.750731e-02 -2.871592e-01 
-2.445228e-02 -1.026120e-01 
1.976202e-02 7.088713e-02 
1.944324e-02 1.539735e-01 
1.299241e-02 1.710177e-01 
-7.408160e-01 -3.562036e-01 
-8.219525e-02 -5.408414e-01 
-1.118819e-02 -4.207427e-01 
-5.679608e-02 -3.056783e-01 
-3.788444e-02 -3.045556e-01 
-2.598973e-02 -3.543981e-01 
-5.704235e-01 3.489383e-01 
-3.315121e-02 4.418428e-01 
2.968699e-02 4.364380e-01 
4.035621e-02 2.918736e-01 
1.398340e-02 1.488557e-01 
1.398414e-03 2.085181e-02 
-3.563458e-02 1.366044e-01 
5.095703e-03 8.502095e-02 
4.367230e-03 4.488767e-02 
-7.443293e-04 -8.102371e-03 
-2.328960e-04 -6.046555e-03 
8.703773e-04 1.324500e-02 
-9.925780e-02 -3.151777e-01 
-5.722652e-03 -3.646347e-01 
-2.577172e-02 -2.988412e-01 
-1.887848e-02 -1.718752e-01 
-1.996088e-03 -4.361644e-02 
5.985595e-03 8.824466e-02 
-8.498390e-01 -4.641382e-01 
-4.870798e-02 -7.077379e-01 
-3.954840e-02 -6.875731e-01 
-8.507511e-02 -5.735192e-01 
-4.472508e-02 -4.402178e-01 
-1.820354e-02 -2.735137e-01 
-8.673217e-01 3.238786e-01 
-1.058529e-01 4.192214e-01 
1.595986e-02 3.846906e-01 
5.713043e-02 3.251647e-01 
3.617718e-02 3.333129e-01 
2.439084e-02 3.924991e-01 
2.008291e-02 3.437698e-01 
2.959001e-02 2.298505e-01 
1.056083e-02 5.820254e-02 
-2.800275e-02 -1.400843e-01 
-2.320160e-02 -2.271547e-01 
-1.365793e-02 -2.400538e-01 
1.125871e-02 -8.740100e-02 
-1.236058e-02 -1.749365e-01 
-1.784126e-02 -1.782730e-01 
-4.509571e-03 -8.686382e-02 
5.130837e-03 3.242582e-02 
7.266749e-03 1.303599e-01 
-1.964941e-01 -4.690420e-01 
-3.915285e-02 -4.882773e-01 
-3.252830e-02 -3.173190e-01 
6.164643e-03 -4.260722e-02 
1.571978e-02 1.467324e-01 
1.383947e-02 2.470472e-01 
-1.068152e+00 -4.335890e-01 
-2.494248e-01 -8.012352e-01 
-8.343964e-02 -7.548861e-01 
-8.477173e-02 -5.982109e-01 
-4.675998e-02 -5.163869e-01 
-2.499743e-02 -4.932108e-01 
-1.003780e+00 5.458828e-01 
1.870567e-02 4.754616e-01 
5.350081e-02 4.700813e-01 
6.497562e-02 4.620290e-01 
3.435688e-02 4.316715e-01 
1.614198e-02 3.677943e-01 
-7.840225e-02 2.637228e-01 
1.516143e-02 1.475667e-01 
8.973109e-03 8.090498e-02 
6.904148e-03 5.824945e-02 
3.353185e-03 4.777898e-02 
1.013999e-03 2.434529e-02 
-1.276192e-01 -3.930319e-01 
-4.280592e-02 -5.123563e-01 
-4.249340e-02 -4.551179e-01 
-1.104857e-02 -2.057358e-01 
5.680216e-03 2.868293e-02 
9.139579e-03 2.216281e-01 
-9.701423e-01 -6.356200e-01 
-1.837336e-01 -9.778290e-01 
-1.023524e-01 -9.304946e-01 
-6.843856e-02 -6.593336e-01 
-2.658253e-02 -4.017126e-01 
-6.760404e-03 -1.656049e-01 
-1.119675e+00 6.209307e-01 
-5.018270e-02 5.618553e-01 
5.567451e-02 4.054462e-01 
5.207169e-02 3.518498e-01 
3.003328e-02 3.993212e-01 
1.704690e-02 5.058063e-01 
-1.218011e-01 5.526903e-01 
2.790957e-02 2.765500e-01 
7.007486e-04 6.916902e-02 
-8.732839e-03 -5.373120e-02 
-6.492079e-03 -9.610762e-02 
-3.330678e-03 -1.082826e-01 
1.718168e-02 -2.076165e-02 
-1.752094e-02 -1.393067e-01 
-1.499875e-02 -1.455975e-01 
-3.473093e-03 -4.039887e-02 
-3.309932e-04 5.146871e-03 
-1.117165e-03 -3.640657e-02 
-2.238451e-01 -6.232936e-01 
-6.419212e-02 -6.542597e-01 
-1.612334e-02 -4.016182e-01 
2.124982e-02 7.177394e-02 
1.940812e-02 3.288723e-01 
1.042174e-02 3.804738e-01 
-1.134786e+00 -7.009170e-01 
-3.477527e-01 -1.118157e+00 
-1.229775e-01 -9.322908e-01 
-3.710583e-02 -4.746063e-01 
-1.025402e-02 -2.194150e-01 
-3.235576e-03 -1.475504e-01 
-1.028092e+00 9.158538e-01 
1.092517e-01 5.542386e-01 
7.874488e-02 3.890104e-01 
3.217015e-02 3.542138e-01 
1.347455e-02 3.392848e-01 
3.850611e-03 3.288292e-01 
