poroelastic
-1.412338e-02 -7.545172e-02 
-2.703192e-02 -1.080880e-01 
-2.955516e-02 -6.668313e-02 
1.624968e-02 5.728927e-02 
2.302868e-02 1.657306e-01 
2.588126e-02 2.795381e-01 
1.780356e-01 4.412694e-01 
-3.015248e-03 3.069160e-01 
1.412688e-02 1.464586e-01 
1.555416e-03 2.390510e-02 
-4.110128e-03 -3.312066e-02 
-3.014796e-03 -3.329930e-02 
7.529474e-01 5.067418e-01 
5.776448e-02 5.770307e-01 
-4.946352e-04 4.009935e-01 
4.321868e-02 2.710318e-01 
3.067717e-02 2.477482e-01 
2.542993e-02 2.895651e-01 
6.914058e-01 -5.054236e-01 
5.632486e-02 -5.531460e-01 
-2.084803e-02 -4.797013e-01 
-3.947964e-02 -3.001341e-01 
-1.596459e-02 -1.548888e-01 
-3.298085e-03 -4.018487e-02 
9.025550e-02 -2.551680e-01 
-4.198122e-03 -1.754568e-01 
-6.026177e-03 -9.563496e-02 
-1.395996e-03 -1.712400e-03 
-1.308782e-03 -4.371251e-03 
-4.433073e-03 -5.485566e-02 
1.001074e-01 3.222828e-01 
-1.559416e-02 3.293573e-01 
1.380282e-02 2.936094e-01 
2.787920e-02 2.238555e-01 
1.086776e-02 1.148897e-01 
-1.750295e-03 -2.124019e-02 
8.182817e-01 5.790930e-01 
1.432407e-02 6.871556e-01 
1.511301e-02 6.243779e-01 
7.048254e-02 5.222404e-01 
4.084534e-02 3.903339e-01 
1.867829e-02 2.317515e-01 
9.603823e-01 -5.209344e-01 
1.151720e-01 -5.697721e-01 
-9.619288e-03 -4.366288e-01 
-4.342208e-02 -2.972736e-01 
-2.773665e-02 -2.589461e-01 
-2.162255e-02 -2.847524e-01 
1.829720e-01 -4.861507e-01 
-2.024273e-02 -3.447660e-01 
-1.806981e-02 -1.639502e-01 
5.706515e-03 2.143500e-02 
9.381174e-03 9.124732e-02 
6.693293e-03 9.432137e-02 
-1.696232e-02 5.380962e-02 
5.884490e-03 1.522428e-01 
1.573770e-02 1.794962e-01 
8.491785e-03 1.086090e-01 
-2.818667e-03 -1.276855e-02 
-8.757273e-03 -1.259040e-01 
3.080094e-01 5.877126e-01 
1.998412e-02 5.732288e-01 
3.364517e-02 4.113646e-01 
1.275070e-02 1.566203e-01 
-3.910955e-03 -2.763281e-02 
-9.211224e-03 -1.326991e-01 
1.047174e+00 6.309320e-01 
2.067886e-01 9.039201e-01 
5.883280e-02 7.571032e-01 
5.962340e-02 5.118976e-01 
3.287146e-02 3.679462e-01 
2.007860e-02 3.148756e-01 
1.041485e+00 -6.617026e-01 
-2.209135e-03 -4.887350e-01 
-3.080901e-02 -4.296636e-01 
-5.272302e-02 -4.294731e-01 
-3.328583e-02 -4.131271e-01 
-2.069360e-02 -3.617071e-01 
1.249924e-01 -3.127210e-01 
-1.001182e-02 -1.408984e-01 
-5.784453e-03 -7.638638e-02 
-1.149105e-02 -9.171997e-02 
-9.200628e-03 -1.153179e-01 
-6.734467e-03 -1.217674e-01 
1.402752e-01 4.516130e-01 
2.782381e-02 5.482837e-01 
3.927473e-02 4.917573e-01 
1.888413e-02 2.581517e-01 
3.656477e-04 3.204420e-02 
-8.743793e-03 -1.604738e-01 
9.720127e-01 7.716776e-01 
1.436616e-01 1.013476e+00 
7.329285e-02 9.043441e-01 
5.464367e-02 6.104645e-01 
2.405553e-02 3.513034e-01 
7.278472e-03 1.357644e-01 
1.209340e+00 -7.633222e-01 
6.449250e-02 -6.390007e-01 
-3.914515e-02 -4.285532e-01 
-4.004485e-02 -3.597280e-01 
-2.607685e-02 -3.731015e-01 
-1.966946e-02 -4.249068e-01 
3.093388e-01 -6.602265e-01 
-3.419680e-02 -3.276050e-01 
-1.337041e-02 -1.469741e-01 
-6.229848e-03 -8.194073e-02 
-2.703305e-03 -4.925544e-02 
-2.267396e-04 -5.149390e-03 
-1.719735e-02 3.305397e-02 
1.615713e-02 1.760672e-01 
1.163442e-02 1.549528e-01 
1.614786e-04 6.219546e-03 
-2.061763e-03 -4.300016e-02 
1.006468e-03 2.275346e-02 
3.895109e-01 7.903809e-01 
6.612950e-02 8.184173e-01 
3.587545e-02 5.518395e-01 
-1.807905e-03 5.697425e-02 
-1.067627e-02 -1.954815e-01 
-9.200485e-03 -2.277328e-01 
1.211242e+00 9.298802e-01 
3.182346e-01 1.306889e+00 
9.562509e-02 1.009238e+00 
2.284504e-02 4.174578e-01 
3.770467e-03 9.179806e-02 
9.401163e-05 2.721101e-03 
1.155107e+00 -9.508189e-01 
-9.539028e-02 -4.744662e-01 
-6.909978e-02 -3.389957e-01 
-2.606960e-02 -4.255997e-01 
-1.633544e-02 -4.623085e-01 
-1.130963e-02 -4.496750e-01 
