poroelastic
1.187226e-02 1.139654e-01 
2.683799e-02 1.483963e-01 
2.371279e-02 7.000961e-02 
-2.462215e-02 -9.294221e-02 
-2.175920e-02 -1.770430e-01 
-1.510807e-02 -2.450096e-01 
-3.022250e-01 -4.788711e-01 
2.085027e-02 -3.896294e-01 
-1.262644e-02 -2.761653e-01 
-2.561917e-02 -1.801592e-01 
-8.772124e-03 -9.369587e-02 
-1.878941e-03 -3.086754e-02 
-1.009082e+00 -5.424357e-01 
-9.349142e-02 -7.041745e-01 
-1.345273e-02 -5.762720e-01 
-7.437755e-02 -4.644324e-01 
-4.155736e-02 -3.966398e-01 
-2.092309e-02 -3.544130e-01 
-7.893487e-01 5.946441e-01 
-5.123136e-02 6.180314e-01 
2.626328e-02 5.050529e-01 
4.386712e-02 3.071382e-01 
1.907009e-02 1.995817e-01 
7.990443e-03 1.501575e-01 
-7.547431e-02 2.963863e-01 
1.010292e-02 1.878663e-01 
6.098102e-03 7.033507e-02 
-3.327679e-03 -4.302537e-02 
-2.159793e-04 -2.242574e-02 
3.235918e-03 6.254378e-02 
-1.433634e-01 -3.537386e-01 
1.591339e-02 -3.897221e-01 
-2.202416e-02 -3.921822e-01 
-4.189190e-02 -3.413070e-01 
-1.570150e-02 -2.034606e-01 
-6.721937e-04 -1.252068e-02 
-1.034591e+00 -5.964355e-01 
-3.271732e-02 -7.695780e-01 
-3.337724e-02 -7.671355e-01 
-9.729735e-02 -7.102348e-01 
-4.881909e-02 -5.570109e-01 
-1.764058e-02 -3.342887e-01 
-1.014650e+00 6.305747e-01 
-1.038940e-01 6.613316e-01 
2.157758e-02 4.581600e-01 
4.198465e-02 2.593920e-01 
2.396651e-02 2.387286e-01 
1.652111e-02 3.386029e-01 
-1.599359e-01 5.605188e-01 
2.871508e-02 3.756763e-01 
1.378478e-02 1.338353e-01 
-1.537806e-02 -9.552509e-02 
-1.129071e-02 -1.434295e-01 
-3.742444e-03 -8.650733e-02 
2.631489e-02 -5.200754e-02 
-6.085723e-03 -1.715686e-01 
-1.942231e-02 -2.369395e-01 
-1.578442e-02 -1.889653e-01 
-1.266076e-03 -5.253256e-02 
4.111069e-03 9.821860e-02 
-3.820408e-01 -6.047850e-01 
-3.112834e-02 -6.321854e-01 
-4.004903e-02 -5.035867e-01 
-2.173598e-02 -2.630410e-01 
-1.226595e-03 -5.223882e-02 
4.416679e-03 1.044009e-01 
-1.226841e+00 -6.147270e-01 
-2.539334e-01 -9.507305e-01 
-8.204966e-02 -8.551770e-01 
-7.804763e-02 -6.540099e-01 
-3.690727e-02 -5.008516e-01 
-1.527929e-02 -4.066415e-01 
-1.042796e+00 7.505766e-01 
1.273651e-02 5.669695e-01 
4.536393e-02 4.482115e-01 
5.233347e-02 3.987255e-01 
2.662581e-02 3.895874e-01 
1.187283e-02 3.811709e-01 
-9.419308e-02 3.409635e-01 
1.350176e-02 1.480482e-01 
5.300965e-03 3.774354e-02 
6.772830e-03 2.662577e-02 
5.512125e-03 6.994014e-02 
3.386973e-03 1.188072e-01 
-1.754444e-01 -4.590026e-01 
-3.815065e-02 -5.827105e-01 
-4.954636e-02 -5.652573e-01 
-2.493974e-02 -3.544424e-01 
-3.023325e-03 -1.120317e-01 
3.288658e-03 1.178603e-01 
-1.111984e+00 -7.643996e-01 
-1.765791e-01 -1.058697e+00 
-9.749870e-02 -1.004197e+00 
-6.717417e-02 -7.494674e-01 
-2.450337e-02 -4.684448e-01 
-5.307696e-03 -1.912243e-01 
-1.164899e+00 8.379833e-01 
-5.253052e-02 7.057570e-01 
4.774252e-02 4.263764e-01 
3.829631e-02 2.936262e-01 
1.974541e-02 3.171429e-01 
9.001104e-03 4.291100e-01 
-2.456961e-01 7.045161e-01 
3.453217e-02 3.332964e-01 
6.500917e-03 8.927977e-02 
-1.211202e-03 -1.653363e-02 
-5.673405e-04 -2.081279e-02 
1.641938e-04 9.122085e-03 
2.470698e-02 -4.767885e-02 
-2.426780e-02 -2.178139e-01 
-2.000377e-02 -2.387177e-01 
-4.490161e-03 -9.583058e-02 
5.546760e-04 4.662887e-03 
4.716358e-04 2.697561e-02 
-4.366841e-01 -7.786377e-01 
-8.353710e-02 -8.567881e-01 
-4.355011e-02 -6.351738e-01 
3.288538e-04 -1.590869e-01 
7.002148e-03 1.311928e-01 
3.446077e-03 2.407856e-01 
-1.300735e+00 -8.817098e-01 
-3.571314e-01 -1.301654e+00 
-1.163312e-01 -1.066189e+00 
-2.947865e-02 -5.322034e-01 
-5.321535e-03 -1.980051e-01 
-4.956145e-04 -5.253636e-02 
-1.082354e+00 1.018202e+00 
9.367331e-02 5.728399e-01 
7.350240e-02 3.656739e-01 
2.835121e-02 3.638786e-01 
9.666679e-03 3.742416e-01 
-1.010695e-04 3.678075e-01 
