poroelastic
9.928835e-03 -1.188149e-01 
-3.979779e-03 -1.270815e-01 
-6.106727e-03 -4.864119e-02 
3.273383e-03 2.085668e-02 
8.837302e-04 9.322831e-03 
-2.958613e-03 -2.326424e-02 
3.573475e-01 1.747528e-01 
-9.982568e-02 2.216333e-01 
-2.537625e-02 3.267330e-01 
8.999633e-02 3.812262e-01 
6.468082e-02 3.863914e-01 
4.579061e-02 3.679898e-01 
3.510596e-01 2.276407e-01 
3.369235e-02 2.556416e-01 
9.674868e-03 2.374382e-01 
3.689821e-02 1.890885e-01 
2.003396e-02 1.266067e-01 
9.994781e-03 8.220413e-02 
3.377423e-01 -3.289186e-01 
1.750823e-02 -2.360605e-01 
-2.640933e-03 -1.259810e-01 
-1.857818e-02 -7.705853e-02 
-1.535597e-02 -9.141509e-02 
-1.446793e-02 -1.254445e-01 
1.093208e-02 -1.955392e-01 
-1.509153e-02 -1.063997e-01 
-4.970083e-03 6.337180e-03 
1.427058e-02 7.516596e-02 
8.986746e-03 6.501233e-02 
7.903020e-04 6.935470e-03 
8.085345e-02 8.036510e-02 
-4.761939e-02 1.230827e-01 
-4.159414e-03 2.327930e-01 
6.490204e-02 3.095170e-01 
4.566618e-02 2.980185e-01 
2.594168e-02 2.248043e-01 
3.046897e-01 1.663476e-01 
3.179873e-03 1.824759e-01 
5.053521e-03 2.315688e-01 
5.329093e-02 2.685916e-01 
3.412498e-02 2.269213e-01 
1.631867e-02 1.439002e-01 
1.359783e-01 -4.033810e-01 
-3.518622e-02 -2.470809e-01 
-1.461549e-02 -2.544401e-02 
2.452352e-02 1.147434e-01 
1.880451e-02 1.309116e-01 
8.147198e-03 7.510891e-02 
1.660341e-01 -2.597620e-01 
-1.401859e-03 -1.362413e-01 
2.451174e-03 -2.944934e-02 
-8.198197e-03 -5.900010e-03 
-1.385479e-02 -7.548134e-02 
-1.885901e-02 -1.824765e-01 
-5.712242e-02 2.419703e-02 
-1.236358e-02 1.273857e-01 
1.896814e-02 2.378604e-01 
4.839671e-02 2.632628e-01 
2.586826e-02 1.967792e-01 
7.193072e-03 7.095193e-02 
3.323032e-01 2.247610e-01 
-1.178098e-02 3.311116e-01 
3.118413e-02 4.160476e-01 
8.006586e-02 4.192099e-01 
4.577592e-02 3.395076e-01 
2.050714e-02 2.039711e-01 
2.536827e-01 2.415348e-01 
6.653076e-02 2.949037e-01 
3.596321e-02 2.635542e-01 
2.055768e-02 1.665391e-01 
-1.734085e-03 1.500651e-02 
-1.401787e-02 -1.486951e-01 
-9.086049e-02 -2.684749e-01 
-7.587110e-03 -2.409378e-03 
2.220402e-02 1.786701e-01 
2.893481e-02 1.969444e-01 
9.652536e-03 1.016554e-01 
-5.235716e-03 -6.072707e-02 
-7.839002e-02 -1.537967e-02 
1.608413e-02 1.526033e-01 
3.146565e-02 2.397216e-01 
2.049746e-02 1.828515e-01 
-3.145299e-04 3.249938e-02 
-1.432914e-02 -1.718403e-01 
1.191660e-01 1.926026e-01 
1.021054e-02 2.969462e-01 
4.838038e-02 3.822693e-01 
6.312802e-02 3.840621e-01 
3.173173e-02 2.850342e-01 
9.154441e-03 1.123548e-01 
2.316485e-01 2.077674e-01 
4.921735e-02 2.487424e-01 
3.397796e-02 2.558320e-01 
2.835489e-02 2.123364e-01 
7.434832e-03 8.805916e-02 
-5.848583e-03 -7.264163e-02 
-1.474825e-01 -3.115445e-01 
-3.675507e-02 -5.727228e-02 
2.244606e-02 1.522327e-01 
3.690224e-02 2.167562e-01 
1.950805e-02 1.828923e-01 
7.045224e-03 9.774941e-02 
6.654599e-03 -1.266988e-01 
1.190960e-02 8.637253e-02 
1.895229e-02 1.635327e-01 
1.397113e-03 7.980414e-02 
-1.045420e-02 -6.366364e-02 
-1.543556e-02 -2.215825e-01 
-3.235064e-02 1.726469e-01 
4.343341e-02 3.215230e-01 
4.712777e-02 3.583007e-01 
2.065570e-02 2.227980e-01 
-2.165694e-03 2.193834e-02 
-1.433761e-02 -2.089149e-01 
4.606260e-01 3.362135e-01 
7.811143e-02 5.567314e-01 
1.019269e-01 6.331210e-01 
7.154637e-02 5.336785e-01 
2.822594e-02 3.322316e-01 
3.811902e-03 6.083143e-02 
3.326522e-01 3.156362e-01 
1.218757e-01 4.731938e-01 
5.359974e-02 4.379183e-01 
1.080818e-02 2.247144e-01 
-1.173444e-02 -6.042570e-02 
-2.058246e-02 -3.699772e-01 
-2.774807e-01 -1.285473e-01 
4.779195e-02 1.670460e-01 
4.921061e-02 3.021319e-01 
2.144626e-02 2.246114e-01 
4.884837e-03 9.419454e-02 
-2.277600e-03 -5.206629e-02 
