poroelastic
-1.016707e-02 1.651000e-02 
-7.395080e-03 5.584189e-02 
3.283758e-03 9.886844e-02 
1.073743e-02 9.280830e-02 
3.510578e-03 3.755709e-02 
-2.862248e-03 -3.123729e-02 
3.868321e-01 5.285358e-01 
-3.752488e-02 4.602252e-01 
7.592320e-03 3.640438e-01 
2.773467e-02 2.133882e-01 
1.517428e-02 1.412933e-01 
9.011229e-03 1.009277e-01 
7.302807e-01 5.747553e-01 
7.675266e-02 6.278725e-01 
1.575703e-02 4.447320e-01 
2.672786e-02 2.199051e-01 
1.554185e-02 1.467819e-01 
1.270253e-02 1.508341e-01 
5.704522e-01 -3.898685e-01 
4.590485e-02 -3.396012e-01 
-2.642265e-03 -3.017947e-01 
-3.540446e-02 -2.973995e-01 
-2.156094e-02 -2.257331e-01 
-1.067165e-02 -1.377192e-01 
2.938560e-02 -1.334981e-01 
3.653644e-03 2.289613e-02 
7.877319e-03 5.154917e-02 
-3.150013e-03 -1.280836e-02 
-5.477165e-03 -5.199865e-02 
-7.263981e-03 -9.523103e-02 
1.437548e-01 4.038508e-01 
-8.903478e-03 4.650747e-01 
1.967922e-02 4.084202e-01 
2.483365e-02 2.424651e-01 
1.047461e-02 1.202216e-01 
1.620875e-04 2.067875e-03 
7.428158e-01 5.020436e-01 
3.685039e-02 6.305188e-01 
1.736125e-02 5.801533e-01 
4.745299e-02 4.452191e-01 
2.998707e-02 3.319558e-01 
1.737139e-02 2.290705e-01 
4.901927e-01 -5.351716e-01 
2.455633e-02 -4.247783e-01 
-1.179694e-02 -1.942414e-01 
-5.231615e-03 -5.474745e-02 
-8.419483e-04 -9.434621e-03 
-7.017291e-04 -1.001089e-02 
1.486158e-01 -4.137879e-01 
-8.563859e-03 -1.859678e-01 
-6.123757e-04 -1.510298e-02 
2.445751e-03 3.949946e-02 
-1.348344e-03 -8.767520e-03 
-4.591177e-03 -7.089875e-02 
-4.336684e-02 1.724365e-01 
1.081234e-02 3.516006e-01 
2.615291e-02 4.016016e-01 
2.212676e-02 2.728323e-01 
4.203547e-03 7.339554e-02 
-8.698596e-03 -1.352566e-01 
4.994574e-01 6.791938e-01 
2.226680e-02 7.675029e-01 
4.028356e-02 6.781313e-01 
3.217907e-02 3.955746e-01 
9.403355e-03 1.418077e-01 
-6.606290e-03 -1.025886e-01 
7.886719e-01 6.271603e-01 
1.604382e-01 8.311530e-01 
5.001495e-02 6.783675e-01 
2.621751e-02 3.432589e-01 
5.913883e-03 1.014569e-01 
-5.359340e-03 -9.302515e-02 
4.099621e-01 -3.653480e-01 
7.826969e-04 -1.580015e-01 
-5.530957e-03 -7.803105e-02 
-1.556407e-02 -1.518967e-01 
-1.249048e-02 -1.817628e-01 
-1.077814e-02 -2.114494e-01 
4.656360e-02 -1.149815e-01 
3.558629e-03 6.023917e-02 
4.783064e-03 8.013912e-02 
-6.038863e-03 -4.593356e-02 
-8.855407e-03 -1.339591e-01 
-8.746318e-03 -1.758746e-01 
1.744823e-01 4.681579e-01 
3.205166e-02 6.003082e-01 
3.690754e-02 5.501352e-01 
2.108213e-02 3.211920e-01 
6.614796e-03 1.210472e-01 
-1.475278e-03 -2.919870e-02 
7.779343e-01 6.988674e-01 
1.141969e-01 8.600646e-01 
5.091155e-02 7.307653e-01 
2.755721e-02 4.332218e-01 
9.682958e-03 1.806439e-01 
-4.932614e-04 -1.009183e-02 
4.939110e-01 -5.417699e-01 
1.583217e-02 -3.017973e-01 
-8.208375e-03 -8.478070e-02 
-6.735152e-03 -7.475820e-02 
-6.009677e-03 -1.059230e-01 
-6.120650e-03 -1.488421e-01 
1.561090e-01 -3.855796e-01 
-9.966836e-03 -8.771797e-02 
-1.762458e-03 2.175378e-02 
-3.558187e-03 -3.752747e-02 
-4.332934e-03 -8.732644e-02 
-3.360267e-03 -8.983214e-02 
-2.003341e-02 1.436425e-01 
2.547210e-02 3.161785e-01 
1.557374e-02 2.790344e-01 
1.658285e-03 5.816646e-02 
-3.881661e-03 -8.035445e-02 
-4.381849e-03 -1.134054e-01 
6.016107e-01 8.069144e-01 
8.526449e-02 9.659072e-01 
5.704967e-02 8.172667e-01 
1.756629e-02 3.904468e-01 
4.124483e-03 1.085251e-01 
-2.302304e-03 -6.256741e-02 
9.408260e-01 8.101727e-01 
2.269638e-01 1.122786e+00 
5.883470e-02 8.933451e-01 
1.129581e-02 3.406430e-01 
-2.312429e-03 -4.349896e-02 
-9.480965e-03 -3.098047e-01 
4.072686e-01 -4.364715e-01 
-1.987310e-02 -7.275611e-02 
-1.925208e-02 4.044232e-02 
-6.117726e-03 -1.102403e-01 
-6.263953e-03 -2.247900e-01 
-7.151514e-03 -3.385754e-01 
