poroelastic
3.281093e-02 -5.374722e-02 
3.181587e-02 -5.453219e-02 
2.280214e-02 -3.263364e-02 
-2.509253e-02 -7.177932e-02 
-3.068157e-02 -1.790328e-01 
-3.369221e-02 -3.163785e-01 
2.229955e-01 -7.206954e-02 
-8.174020e-02 2.737769e-03 
-2.814625e-02 1.974727e-01 
7.758071e-02 3.452325e-01 
5.615874e-02 3.778299e-01 
3.509414e-02 3.366133e-01 
-1.244670e-01 -3.335314e-02 
-1.571434e-02 -1.045207e-01 
6.674498e-03 -2.517024e-02 
-4.605799e-03 1.595078e-02 
-1.282701e-02 -6.597018e-02 
-1.978855e-02 -1.953064e-01 
-8.541730e-02 -3.871464e-02 
-6.122240e-03 9.684950e-02 
2.182068e-02 1.887618e-01 
1.514721e-02 1.310970e-01 
-3.091811e-03 2.775689e-03 
-1.386276e-02 -1.461022e-01 
-1.008568e-02 -6.396576e-02 
-5.744565e-03 -2.447732e-02 
2.116764e-03 3.844809e-02 
9.035530e-03 5.835362e-02 
3.805263e-03 3.620977e-02 
-1.675764e-03 -1.791569e-02 
4.730280e-03 -1.268771e-01 
-2.979489e-02 -1.289153e-01 
-1.558563e-02 -9.091744e-03 
2.721877e-02 1.194304e-01 
2.430536e-02 1.729548e-01 
1.721203e-02 1.805205e-01 
-2.583118e-01 -1.560059e-01 
-2.453173e-02 -2.979347e-01 
-1.918467e-02 -2.416999e-01 
-2.395088e-02 -1.353249e-01 
-1.262027e-02 -9.429186e-02 
-6.746841e-03 -7.206434e-02 
-3.958681e-01 -1.037995e-01 
-8.122321e-02 5.614851e-02 
2.308606e-03 2.074797e-01 
5.461195e-02 2.776596e-01 
3.605525e-02 2.765341e-01 
2.082864e-02 2.344505e-01 
1.456751e-01 8.262055e-03 
1.997231e-02 3.082177e-02 
1.045034e-02 9.764629e-03 
-2.637300e-02 -8.911806e-02 
-2.812006e-02 -1.981489e-01 
-2.473656e-02 -2.953212e-01 
-2.474781e-02 -5.181818e-02 
-1.486071e-02 -4.138873e-02 
-1.526282e-03 3.693356e-02 
2.441756e-02 1.202953e-01 
1.874848e-02 1.530234e-01 
1.054564e-02 1.282165e-01 
1.020226e-01 -1.336404e-01 
-2.913901e-02 -8.527997e-02 
-4.008501e-03 7.535507e-02 
5.004087e-02 2.485995e-01 
3.779713e-02 3.107383e-01 
2.279892e-02 2.783392e-01 
-4.443184e-01 -1.016880e-01 
-1.134138e-01 -3.026107e-01 
-3.513172e-02 -2.946890e-01 
-5.106448e-02 -2.498187e-01 
-3.786568e-02 -2.944876e-01 
-2.929008e-02 -3.854890e-01 
-6.392965e-01 1.366899e-01 
8.705790e-03 2.463504e-01 
4.507416e-02 3.738887e-01 
6.317256e-02 3.947860e-01 
3.227064e-02 3.194370e-01 
1.167591e-02 1.706157e-01 
-7.877223e-02 1.238115e-01 
1.687405e-02 1.533060e-01 
2.070276e-02 1.713158e-01 
1.391427e-02 1.323748e-01 
1.739629e-03 4.190174e-02 
-5.980446e-03 -9.063635e-02 
-2.932911e-03 -1.393539e-01 
-2.331899e-02 -1.626794e-01 
-5.984517e-03 -6.939981e-02 
2.501985e-02 1.059175e-01 
2.278058e-02 2.094173e-01 
1.552156e-02 2.394635e-01 
-4.238855e-01 -2.603522e-01 
-9.519434e-02 -4.669187e-01 
-5.497016e-02 -4.290648e-01 
-3.926691e-02 -2.716973e-01 
-1.820111e-02 -1.809741e-01 
-8.495997e-03 -1.325731e-01 
-7.493195e-01 1.729900e-01 
-4.613746e-02 2.583398e-01 
4.665702e-02 3.042533e-01 
5.961138e-02 3.365902e-01 
3.610292e-02 3.610681e-01 
2.128679e-02 3.783950e-01 
-4.237078e-02 2.308543e-01 
2.224002e-02 1.843549e-01 
8.729887e-03 1.160705e-01 
-6.864813e-03 1.195878e-02 
-1.086729e-02 -9.205758e-02 
-1.086981e-02 -2.027581e-01 
-3.896323e-03 6.606515e-02 
9.632421e-03 7.323622e-02 
1.087289e-02 9.686480e-02 
6.542867e-03 9.974044e-02 
-1.186719e-03 2.060161e-02 
-7.625539e-03 -1.435174e-01 
1.264709e-01 -2.073741e-01 
-3.823209e-03 -1.146618e-01 
3.773110e-02 9.518650e-02 
5.569263e-02 3.647887e-01 
3.450929e-02 4.346966e-01 
1.558830e-02 3.218711e-01 
-5.050769e-01 -2.594257e-01 
-1.755305e-01 -4.628411e-01 
-6.788102e-02 -3.698471e-01 
-2.753518e-02 -1.772291e-01 
-1.429261e-02 -1.554851e-01 
-1.131767e-02 -2.690471e-01 
-7.403203e-01 4.811132e-01 
9.399220e-02 3.743389e-01 
7.255788e-02 3.510734e-01 
3.576649e-02 3.108236e-01 
1.596877e-02 2.578147e-01 
6.329496e-03 2.052850e-01 
