poroelastic
-2.354599e-04 1.351237e-01 
1.326785e-02 1.852826e-01 
1.695488e-02 1.186535e-01 
-1.138901e-02 -3.409492e-02 
-1.147733e-02 -1.134880e-01 
-8.039260e-03 -1.822458e-01 
-3.546146e-01 -5.253999e-01 
2.656787e-02 -4.221152e-01 
-8.797853e-03 -3.138363e-01 
-2.502711e-02 -2.151115e-01 
-9.400990e-03 -1.266364e-01 
-2.698267e-03 -6.185929e-02 
-1.133466e+00 -6.045873e-01 
-1.011792e-01 -7.632236e-01 
-1.185634e-02 -6.377200e-01 
-6.384317e-02 -5.166811e-01 
-3.318300e-02 -4.259488e-01 
-1.465983e-02 -3.573804e-01 
-8.872969e-01 6.543834e-01 
-6.134132e-02 6.784215e-01 
2.008557e-02 5.483852e-01 
4.092016e-02 3.523536e-01 
1.847401e-02 2.536634e-01 
7.656485e-03 2.190037e-01 
-1.006039e-01 3.429618e-01 
9.126436e-03 2.325759e-01 
6.397735e-03 1.067231e-01 
3.013226e-04 -1.394821e-02 
7.478650e-04 -9.443117e-03 
2.166343e-03 6.438915e-02 
-1.558436e-01 -3.659950e-01 
1.334221e-02 -3.948133e-01 
-1.771113e-02 -4.000611e-01 
-3.105709e-02 -3.428769e-01 
-1.115471e-02 -2.041873e-01 
-4.306090e-04 -1.192481e-02 
-1.107979e+00 -6.335470e-01 
-3.516160e-02 -7.851690e-01 
-2.790188e-02 -7.858149e-01 
-7.346699e-02 -7.268680e-01 
-3.543989e-02 -5.707115e-01 
-1.215316e-02 -3.455766e-01 
-1.097915e+00 6.684666e-01 
-1.199065e-01 7.192620e-01 
1.799560e-02 4.997144e-01 
3.567982e-02 2.981091e-01 
1.970435e-02 2.782543e-01 
1.197735e-02 3.881001e-01 
-2.122631e-01 6.020333e-01 
2.255711e-02 4.163717e-01 
1.096299e-02 1.680137e-01 
-8.238732e-03 -6.448327e-02 
-6.052466e-03 -1.171588e-01 
-1.573019e-03 -6.239560e-02 
1.991822e-02 -2.518971e-02 
-4.695134e-03 -1.319190e-01 
-1.236094e-02 -1.977098e-01 
-1.014521e-02 -1.686518e-01 
-1.291733e-03 -5.882353e-02 
1.674962e-03 6.839066e-02 
-3.807603e-01 -6.164191e-01 
-2.678665e-02 -6.246241e-01 
-2.839738e-02 -4.872268e-01 
-1.259254e-02 -2.386228e-01 
4.348927e-05 -3.697116e-02 
2.758079e-03 1.084651e-01 
-1.256736e+00 -6.320491e-01 
-2.422137e-01 -9.346420e-01 
-6.706677e-02 -8.279147e-01 
-5.181038e-02 -6.282411e-01 
-2.299137e-02 -4.859846e-01 
-8.377783e-03 -4.084254e-01 
-1.084860e+00 7.669064e-01 
9.045681e-03 6.208141e-01 
4.429601e-02 4.989080e-01 
3.833996e-02 4.394224e-01 
1.709792e-02 4.093687e-01 
5.528936e-03 3.813757e-01 
-1.183800e-01 3.688415e-01 
1.667244e-02 1.912570e-01 
8.796329e-03 8.632313e-02 
6.578412e-03 6.643853e-02 
3.651553e-03 8.455378e-02 
1.340932e-03 1.066097e-01 
-1.704060e-01 -4.298044e-01 
-3.256995e-02 -5.309109e-01 
-3.425142e-02 -5.090798e-01 
-1.435988e-02 -3.186383e-01 
-2.119568e-03 -1.174499e-01 
9.243614e-04 7.005204e-02 
-1.113693e+00 -7.604446e-01 
-1.571507e-01 -1.011718e+00 
-7.506363e-02 -9.521829e-01 
-3.851241e-02 -7.043738e-01 
-1.292507e-02 -4.440528e-01 
-2.459765e-03 -1.900433e-01 
-1.178516e+00 8.185088e-01 
-6.400802e-02 7.365470e-01 
4.464733e-02 4.647037e-01 
2.530285e-02 3.248814e-01 
1.095648e-02 3.270082e-01 
2.624667e-03 4.203550e-01 
-2.747564e-01 7.080578e-01 
3.302340e-02 3.687627e-01 
6.810001e-03 1.277815e-01 
-1.982277e-04 5.234122e-03 
-3.049654e-04 -2.061906e-02 
-4.135772e-06 -1.503992e-03 
1.601476e-02 -2.087791e-02 
-1.684893e-02 -1.704422e-01 
-1.037014e-02 -1.859347e-01 
-1.032023e-03 -6.201117e-02 
4.710976e-04 1.481587e-02 
9.347539e-05 2.974074e-02 
-4.021498e-01 -7.263842e-01 
-6.430985e-02 -7.758103e-01 
-2.473670e-02 -5.598321e-01 
9.373421e-04 -1.323039e-01 
2.589785e-03 1.075068e-01 
2.882676e-04 1.864756e-01 
-1.247398e+00 -8.387279e-01 
-3.064890e-01 -1.194083e+00 
-8.399644e-02 -9.611967e-01 
-1.292458e-02 -4.765204e-01 
-1.651739e-03 -1.923306e-01 
2.650737e-04 -8.636652e-02 
-1.113615e+00 9.618456e-01 
8.838466e-02 6.090459e-01 
7.264988e-02 4.268081e-01 
1.398975e-02 4.159413e-01 
1.019204e-03 3.971510e-01 
-4.282284e-03 3.502761e-01 
