poroelastic
-1.027841e-02 1.129759e-01 
3.114266e-03 1.282202e-01 
6.580245e-03 5.077527e-02 
-5.232170e-03 -3.643860e-02 
-1.949197e-03 -2.342306e-02 
1.850128e-03 2.251877e-02 
-2.595818e-01 -1.563409e-01 
7.440836e-02 -1.322186e-01 
2.286678e-02 -2.068729e-01 
-6.107531e-02 -2.810155e-01 
-3.872070e-02 -2.918704e-01 
-2.275582e-02 -2.787655e-01 
-2.573063e-01 -2.261364e-01 
-1.536545e-02 -1.816212e-01 
-2.518716e-03 -1.376577e-01 
-1.978752e-02 -1.193179e-01 
-8.884655e-03 -7.387516e-02 
-3.089801e-03 -3.788935e-02 
-2.975939e-01 3.257774e-01 
-1.737864e-02 2.648138e-01 
7.374644e-03 1.430523e-01 
9.569003e-03 4.848510e-02 
5.505721e-03 3.813201e-02 
4.752654e-03 6.199210e-02 
-2.815638e-02 2.066516e-01 
1.247304e-02 1.330387e-01 
7.267689e-03 2.242434e-02 
-1.150685e-02 -6.808402e-02 
-6.707049e-03 -6.405679e-02 
-7.454120e-04 -9.964508e-03 
-5.866294e-02 -6.021980e-02 
3.895968e-02 -6.099004e-02 
7.742620e-03 -1.501825e-01 
-4.446678e-02 -2.368320e-01 
-2.722724e-02 -2.294295e-01 
-1.264440e-02 -1.667346e-01 
-2.338487e-01 -1.802744e-01 
7.025983e-03 -1.250067e-01 
1.528489e-03 -1.398987e-01 
-3.151274e-02 -1.834460e-01 
-1.737210e-02 -1.519501e-01 
-6.731988e-03 -8.956513e-02 
-2.016334e-01 3.872837e-01 
1.614497e-02 2.911594e-01 
1.740506e-02 8.821774e-02 
-1.529793e-02 -7.261670e-02 
-1.272703e-02 -1.114625e-01 
-6.070856e-03 -8.456849e-02 
-1.871541e-01 2.767099e-01 
-4.818391e-04 1.759567e-01 
2.339815e-03 7.113352e-02 
8.807182e-03 2.015796e-02 
9.358206e-03 6.328706e-02 
9.264037e-03 1.412615e-01 
3.903790e-02 1.536879e-02 
1.245017e-02 -5.869039e-02 
-7.732894e-03 -1.526858e-01 
-2.973888e-02 -1.947075e-01 
-1.388135e-02 -1.466028e-01 
-3.179242e-03 -5.061341e-02 
-2.682115e-01 -2.179857e-01 
1.936650e-02 -2.556991e-01 
-1.572963e-02 -3.134278e-01 
-5.193520e-02 -3.274650e-01 
-2.574256e-02 -2.627519e-01 
-9.732586e-03 -1.560214e-01 
-2.370423e-01 -2.666609e-01 
-4.488815e-02 -2.776567e-01 
-2.246894e-02 -2.179176e-01 
-9.239912e-03 -1.237612e-01 
4.237860e-03 1.098222e-02 
8.175542e-03 1.413066e-01 
-5.191992e-03 2.899799e-01 
1.237967e-02 5.788690e-02 
-9.513928e-03 -1.081200e-01 
-1.572428e-02 -1.391622e-01 
-4.516837e-03 -7.344871e-02 
1.928162e-03 3.793325e-02 
3.518113e-02 6.268813e-02 
-6.770074e-03 -9.330643e-02 
-1.668964e-02 -1.698834e-01 
-7.384745e-03 -1.229531e-01 
3.636218e-03 1.476462e-03 
7.305695e-03 1.571852e-01 
-9.178285e-02 -1.734435e-01 
1.878992e-03 -2.339063e-01 
-2.781322e-02 -2.940782e-01 
-3.795437e-02 -2.920682e-01 
-1.573499e-02 -2.110356e-01 
-3.788934e-03 -8.620605e-02 
-2.169550e-01 -2.329809e-01 
-2.886293e-02 -2.241431e-01 
-1.926698e-02 -2.036243e-01 
-1.575771e-02 -1.612892e-01 
-3.098793e-03 -6.314702e-02 
2.073092e-03 4.755139e-02 
-1.203666e-02 3.379735e-01 
2.963526e-02 1.324439e-01 
-6.569304e-03 -6.266425e-02 
-1.903565e-02 -1.349659e-01 
-9.354616e-03 -1.275011e-01 
-3.289018e-03 -9.082398e-02 
-8.515035e-02 1.920146e-01 
3.890111e-04 -7.762462e-03 
-4.072485e-03 -7.505929e-02 
6.024443e-03 -9.506948e-03 
7.961039e-03 8.511964e-02 
5.582434e-03 1.659671e-01 
2.588345e-02 -1.086223e-01 
-2.231558e-02 -2.314464e-01 
-2.257419e-02 -2.504450e-01 
-5.918682e-03 -1.312931e-01 
3.360365e-03 1.234273e-02 
4.526115e-03 1.443778e-01 
-3.978884e-01 -3.521423e-01 
-3.936871e-02 -4.898816e-01 
-6.206039e-02 -5.202146e-01 
-3.929970e-02 -4.059818e-01 
-1.220311e-02 -2.491142e-01 
-2.096496e-03 -8.100267e-02 
-3.568219e-01 -3.718033e-01 
-9.504092e-02 -4.953969e-01 
-3.270272e-02 -4.100159e-01 
-9.285682e-04 -1.670430e-01 
8.166948e-03 7.856256e-02 
5.977979e-03 2.915325e-01 
1.102547e-01 1.791109e-01 
-1.792991e-02 -1.284745e-01 
-2.189104e-02 -2.344821e-01 
-4.425613e-03 -1.198017e-01 
1.152629e-03 -6.317045e-03 
7.973976e-04 7.967411e-02 
