poroelastic
-8.399584e-03 1.345359e-01 
5.969888e-03 1.741580e-01 
1.182070e-02 9.724077e-02 
-6.767999e-03 -3.512974e-02 
-5.258011e-03 -5.448648e-02 
-2.009021e-03 -3.722877e-02 
-3.447377e-01 -4.015314e-01 
5.238000e-02 -2.988050e-01 
4.936589e-03 -2.770795e-01 
-4.553045e-02 -2.862545e-01 
-2.295170e-02 -2.406624e-01 
-9.677772e-03 -1.810565e-01 
-7.866580e-01 -5.031405e-01 
-5.687077e-02 -5.393404e-01 
-5.226246e-03 -4.305494e-01 
-5.191195e-02 -3.641122e-01 
-2.625761e-02 -2.831340e-01 
-1.094221e-02 -2.095692e-01 
-6.722163e-01 5.806799e-01 
-4.970572e-02 5.479972e-01 
1.462117e-02 3.871628e-01 
2.943899e-02 2.059167e-01 
1.423835e-02 1.492892e-01 
7.554099e-03 1.614079e-01 
-9.359261e-02 3.264385e-01 
8.290192e-03 2.158425e-01 
5.646300e-03 8.079956e-02 
-2.167101e-03 -4.105494e-02 
6.019039e-04 -1.815695e-02 
3.640299e-03 8.048089e-02 
-1.162476e-01 -2.457337e-01 
2.814155e-02 -2.428810e-01 
-7.614351e-03 -2.949771e-01 
-4.101443e-02 -3.295226e-01 
-1.848526e-02 -2.434859e-01 
-4.082627e-03 -8.700051e-02 
-7.471588e-01 -4.976105e-01 
-5.078827e-03 -5.129768e-01 
-1.248015e-02 -5.050909e-01 
-6.460330e-02 -5.085624e-01 
-3.164947e-02 -4.008682e-01 
-1.065582e-02 -2.308259e-01 
-7.728869e-01 6.516627e-01 
-6.801402e-02 6.274802e-01 
1.846698e-02 3.653898e-01 
1.628954e-02 1.208557e-01 
7.037744e-03 6.808393e-02 
5.796162e-03 1.365991e-01 
-2.769296e-01 5.378395e-01 
1.366223e-02 3.728603e-01 
1.227711e-02 1.705534e-01 
2.251773e-03 2.871469e-03 
1.552112e-03 -1.346762e-03 
2.825142e-03 7.700698e-02 
2.518867e-02 3.499805e-03 
1.027987e-03 -9.468744e-02 
-1.183221e-02 -1.794246e-01 
-1.583743e-02 -1.831957e-01 
-3.631217e-03 -8.388981e-02 
1.677226e-03 4.793381e-02 
-3.904694e-01 -5.057015e-01 
-8.018171e-03 -5.127148e-01 
-2.829724e-02 -4.599787e-01 
-3.266800e-02 -3.364512e-01 
-1.099715e-02 -1.893834e-01 
-1.888994e-03 -5.330355e-02 
-8.692753e-01 -5.707600e-01 
-1.565413e-01 -7.337081e-01 
-4.791326e-02 -6.092568e-01 
-4.096888e-02 -4.239306e-01 
-1.553937e-02 -2.591325e-01 
-4.465888e-03 -1.437296e-01 
-7.008537e-01 6.465415e-01 
3.112389e-03 4.237455e-01 
2.171815e-02 2.596580e-01 
2.580464e-02 2.044655e-01 
1.342147e-02 2.161835e-01 
6.126552e-03 2.461056e-01 
-8.367825e-02 2.810606e-01 
6.843208e-03 8.896508e-02 
1.495331e-03 -9.031437e-03 
6.567289e-03 7.057405e-03 
6.294443e-03 8.401741e-02 
3.766162e-03 1.717499e-01 
-1.458089e-01 -3.567097e-01 
-1.880457e-02 -4.322378e-01 
-3.508778e-02 -4.437955e-01 
-2.392540e-02 -3.299301e-01 
-6.049433e-03 -1.653729e-01 
1.599217e-04 7.609374e-03 
-7.994159e-01 -6.139437e-01 
-1.034698e-01 -7.401677e-01 
-5.573115e-02 -6.811478e-01 
-4.046544e-02 -5.202852e-01 
-1.408310e-02 -3.245525e-01 
-2.696301e-03 -1.286753e-01 
-7.982373e-01 7.203504e-01 
-3.569383e-02 5.653674e-01 
2.449169e-02 2.896999e-01 
1.632158e-02 1.508937e-01 
7.482458e-03 1.415671e-01 
2.859255e-03 1.999834e-01 
-2.941935e-01 5.783015e-01 
2.848555e-02 2.620503e-01 
1.172321e-02 9.252606e-02 
6.941739e-03 5.919923e-02 
4.026557e-03 8.605563e-02 
1.359205e-03 1.190862e-01 
1.988688e-02 -5.151115e-02 
-1.856561e-02 -2.022876e-01 
-1.366057e-02 -2.144570e-01 
-1.634450e-03 -7.906704e-02 
1.492675e-03 2.453016e-02 
7.105349e-04 6.765677e-02 
-4.702420e-01 -6.593113e-01 
-6.506980e-02 -7.403461e-01 
-4.786608e-02 -6.100711e-01 
-1.213355e-02 -2.841671e-01 
-9.977131e-04 -7.046197e-02 
2.133541e-04 2.965020e-02 
-9.748917e-01 -7.612355e-01 
-2.369430e-01 -1.030395e+00 
-6.781353e-02 -8.110904e-01 
-1.229569e-02 -3.656693e-01 
-1.662741e-04 -7.182068e-02 
1.953021e-04 7.381543e-02 
-7.462769e-01 7.242288e-01 
4.779598e-02 3.342502e-01 
4.512794e-02 1.829213e-01 
1.767003e-02 2.565961e-01 
4.844339e-03 3.056587e-01 
-2.051787e-03 3.083080e-01 
