poroelastic
6.071069e-02 8.955047e-01 
1.237317e-01 1.162958e+00 
1.346146e-01 6.087760e-01 
-7.719211e-02 -7.038833e-01 
-1.014146e-01 -1.662257e+00 
-1.116951e-01 -2.602093e+00 
9.910995e-01 6.213402e-01 
-5.345206e-02 1.846516e+00 
6.411141e-02 1.993673e+00 
5.329929e-02 1.046324e+00 
-3.239455e-05 1.412701e-01 
-4.126134e-02 -9.816997e-01 
-3.290582e-02 -4.193321e-02 
2.993354e-02 8.506135e-01 
7.721862e-02 1.152513e+00 
-3.144453e-03 3.433594e-01 
-4.181883e-02 -6.340139e-01 
-6.552957e-02 -1.759991e+00 
-1.189523e+00 2.180101e+00 
1.698134e-02 2.541225e+00 
1.043193e-01 1.830067e+00 
-1.651827e-02 3.083127e-01 
-5.778578e-02 -1.032024e+00 
-6.388344e-02 -2.060195e+00 
-2.201188e-01 1.778988e+00 
7.172825e-02 2.004645e+00 
8.329728e-02 1.347425e+00 
-3.465353e-02 -8.144028e-02 
-5.953441e-02 -1.208366e+00 
-5.983969e-02 -2.025130e+00 
8.501903e-02 8.512825e-01 
5.138021e-02 1.520018e+00 
6.992405e-02 1.169935e+00 
-2.061104e-02 -2.476664e-02 
-4.541322e-02 -9.563002e-01 
-5.619923e-02 -1.774868e+00 
3.074389e-01 2.893654e-02 
3.616683e-02 8.574515e-01 
4.345066e-02 1.072233e+00 
1.046669e-02 4.646903e-01 
-1.353230e-02 -2.066277e-01 
-3.360878e-02 -1.122010e+00 
-2.413392e+00 1.953958e+00 
-2.746126e-01 2.821079e+00 
7.942166e-02 2.474055e+00 
3.346522e-02 1.220414e+00 
-1.659943e-02 -1.628960e-01 
-4.284076e-02 -1.701478e+00 
-9.237730e-01 2.445482e+00 
9.098207e-02 2.935958e+00 
8.970519e-02 2.330117e+00 
-2.120267e-02 6.021890e-01 
-5.717327e-02 -1.217496e+00 
-6.197033e-02 -3.076190e+00 
-2.220957e-02 1.776379e+00 
8.511854e-02 2.482777e+00 
7.222143e-02 2.039982e+00 
-2.365903e-02 4.476206e-01 
-5.533387e-02 -1.331515e+00 
-6.340308e-02 -3.174252e+00 
2.145961e-01 7.054544e-01 
4.643601e-02 1.503403e+00 
5.062636e-02 1.482657e+00 
-3.817603e-03 5.258545e-01 
-3.296825e-02 -8.137250e-01 
-5.048560e-02 -2.365416e+00 
-5.208944e-01 -1.673013e-01 
-7.664418e-02 1.991702e-01 
5.670342e-03 4.868732e-01 
-1.363076e-02 2.081368e-01 
-2.502364e-02 -6.022858e-01 
-3.037087e-02 -1.776846e+00 
-2.329761e+00 1.718112e+00 
-8.353838e-02 2.281490e+00 
8.439416e-02 2.209150e+00 
4.037023e-02 1.492875e+00 
1.724416e-03 4.213063e-01 
-1.049766e-02 -8.692958e-01 
-2.724399e-01 1.994972e+00 
9.128742e-02 2.444791e+00 
3.389305e-02 1.882732e+00 
-3.667628e-02 2.946823e-01 
-4.567630e-02 -1.351723e+00 
-3.041575e-02 -2.987544e+00 
1.174679e-01 1.324845e+00 
6.820841e-02 2.044726e+00 
2.215796e-02 1.670965e+00 
-3.020939e-02 2.108668e-01 
-4.013931e-02 -1.349708e+00 
-3.364063e-02 -2.970279e+00 
-2.572877e-02 4.509395e-01 
1.928491e-02 1.098829e+00 
9.622258e-03 1.092838e+00 
-1.738309e-02 2.338237e-01 
-2.530806e-02 -8.792425e-01 
-2.412285e-02 -2.196704e+00 
-2.038191e+00 1.222753e+00 
-2.201956e-01 1.791621e+00 
5.844450e-02 1.680228e+00 
2.228666e-02 1.107044e+00 
1.160511e-04 3.471146e-01 
-2.859049e-03 -5.759810e-01 
-1.477495e+00 1.409612e+00 
9.954164e-02 1.686570e+00 
8.018366e-02 1.595704e+00 
2.104887e-02 1.055428e+00 
4.949375e-04 3.868542e-01 
-1.715936e-04 -3.472686e-01 
7.397753e-02 1.050501e+00 
2.482821e-02 1.385013e+00 
-3.576938e-02 9.814248e-01 
-3.723801e-02 -1.211923e-01 
-2.461665e-02 -1.320915e+00 
-9.796972e-04 -2.415011e+00 
-1.115081e-01 7.183233e-01 
1.642322e-02 1.360691e+00 
-3.731399e-02 1.231701e+00 
-2.974823e-02 1.453441e-01 
-2.094732e-02 -1.350072e+00 
-1.474054e-03 -2.944011e+00 
-6.664588e-02 3.515940e-01 
-1.004960e-02 1.105678e+00 
-3.219098e-02 1.322487e+00 
-2.327046e-02 5.184135e-01 
-1.350676e-02 -9.055172e-01 
8.008773e-03 -2.731046e+00 
-4.479898e+00 1.407955e+00 
9.718809e-03 2.544580e+00 
2.746592e-01 3.178696e+00 
4.204852e-02 2.923405e+00 
-6.717056e-03 2.170763e+00 
-8.186957e-03 7.382509e-01 
