poroelastic
-1.638166e-02 9.688397e-02 
-7.710846e-03 1.133687e-01 
-1.480566e-03 5.519413e-02 
3.607850e-03 -4.287261e-03 
5.264817e-03 3.227891e-02 
6.308907e-03 1.059920e-01 
-2.674258e-01 -1.676925e-01 
6.496834e-02 -1.285396e-01 
1.959590e-02 -2.015590e-01 
-4.965329e-02 -2.824258e-01 
-2.960244e-02 -2.891786e-01 
-1.545363e-02 -2.621325e-01 
-2.500538e-01 -2.451226e-01 
-1.511502e-02 -1.831269e-01 
-3.499780e-03 -1.330845e-01 
-1.350112e-02 -1.128936e-01 
-4.374242e-03 -5.496347e-02 
9.261754e-05 1.594599e-03 
-2.860958e-01 3.187481e-01 
-1.901317e-02 2.453505e-01 
3.036969e-03 1.208716e-01 
7.621891e-03 3.865988e-02 
5.426294e-03 4.537185e-02 
4.798132e-03 9.063481e-02 
-4.839644e-02 2.017274e-01 
5.653949e-03 1.276862e-01 
2.982156e-03 2.951182e-02 
-4.023225e-03 -4.373701e-02 
-1.004528e-03 -2.569933e-02 
2.053969e-03 4.003764e-02 
-6.057668e-02 -6.356319e-02 
2.910891e-02 -5.308364e-02 
5.570470e-03 -1.346668e-01 
-3.156087e-02 -2.199459e-01 
-1.825565e-02 -2.095898e-01 
-7.505507e-03 -1.424139e-01 
-2.050659e-01 -1.982678e-01 
2.640230e-03 -1.139544e-01 
7.559652e-05 -1.116964e-01 
-1.835900e-02 -1.478356e-01 
-8.828050e-03 -1.107361e-01 
-2.261658e-03 -4.357082e-02 
-1.998527e-01 3.887888e-01 
1.041780e-02 2.927622e-01 
1.324898e-02 8.957517e-02 
-1.199875e-02 -7.280769e-02 
-9.591725e-03 -1.156460e-01 
-4.397188e-03 -9.112204e-02 
-2.283078e-01 2.753804e-01 
-4.846714e-03 1.818077e-01 
2.184979e-03 9.447061e-02 
1.287727e-02 6.123727e-02 
1.077997e-02 1.103035e-01 
7.986657e-03 1.881774e-01 
2.390370e-02 1.881092e-02 
5.656918e-03 -4.368081e-02 
-5.473525e-03 -1.184551e-01 
-1.585655e-02 -1.493857e-01 
-6.485284e-03 -1.040875e-01 
-7.560498e-04 -1.870091e-02 
-2.757216e-01 -2.281670e-01 
1.345188e-02 -2.493780e-01 
-1.163753e-02 -2.967103e-01 
-3.617666e-02 -3.118327e-01 
-1.763324e-02 -2.580298e-01 
-6.750515e-03 -1.660716e-01 
-2.133492e-01 -2.963727e-01 
-3.433528e-02 -2.810982e-01 
-1.479050e-02 -1.939256e-01 
-8.560885e-04 -7.969663e-02 
6.153912e-03 5.568760e-02 
6.402161e-03 1.762745e-01 
-4.118300e-02 2.847401e-01 
7.953427e-03 6.435329e-02 
-5.930579e-03 -8.413616e-02 
-7.733545e-03 -1.040106e-01 
-1.758075e-03 -5.046183e-02 
1.083959e-03 3.598732e-02 
1.896986e-03 7.350221e-02 
-4.802730e-03 -7.063258e-02 
-8.307174e-03 -1.263987e-01 
2.111962e-04 -6.904301e-02 
4.601302e-03 4.139480e-02 
4.549094e-03 1.691392e-01 
-8.432597e-02 -1.658992e-01 
-2.141743e-03 -2.044281e-01 
-1.854989e-02 -2.432007e-01 
-2.031848e-02 -2.328451e-01 
-7.914123e-03 -1.665732e-01 
-1.786759e-03 -7.000628e-02 
-2.174685e-01 -2.440118e-01 
-2.391551e-02 -2.113402e-01 
-1.249050e-02 -1.749940e-01 
-9.064213e-03 -1.343866e-01 
-2.134297e-03 -5.988804e-02 
5.015798e-04 1.978351e-02 
-6.999305e-02 3.348344e-01 
1.860611e-02 1.548189e-01 
-3.397021e-03 -2.229425e-02 
-9.525499e-03 -9.114203e-02 
-4.822967e-03 -1.021649e-01 
-1.695183e-03 -9.129804e-02 
-1.525884e-01 2.056962e-01 
6.840450e-03 2.765600e-02 
5.117675e-03 -1.431770e-02 
8.592327e-03 5.745989e-02 
6.357226e-03 1.305424e-01 
2.837553e-03 1.779196e-01 
1.579566e-02 -8.518555e-02 
-1.496857e-02 -1.880878e-01 
-1.061245e-02 -1.879737e-01 
-8.159484e-04 -7.593977e-02 
2.258023e-03 3.117341e-02 
1.675955e-03 1.136594e-01 
-3.720374e-01 -3.458645e-01 
-3.549291e-02 -4.466862e-01 
-4.339518e-02 -4.527204e-01 
-2.073547e-02 -3.428996e-01 
-6.158071e-03 -2.253611e-01 
-1.243120e-03 -1.139592e-01 
-3.468601e-01 -3.831602e-01 
-7.608615e-02 -4.721116e-01 
-1.726982e-02 -3.593343e-01 
1.473401e-03 -1.197753e-01 
3.978743e-03 8.334593e-02 
1.489206e-03 2.376784e-01 
-1.706900e-03 1.806338e-01 
-8.212845e-03 -9.945927e-02 
-5.559941e-03 -1.709390e-01 
1.965820e-03 -3.878831e-02 
1.491340e-03 5.757735e-02 
-3.276003e-04 1.110700e-01 
