poroelastic
-3.033710e-02 -1.326236e-01 
-5.562142e-02 -1.467818e-01 
-5.273558e-02 -4.910879e-02 
3.324352e-02 1.023102e-01 
4.643074e-02 2.299757e-01 
5.382934e-02 3.673578e-01 
2.537665e-01 2.909508e-01 
-5.778504e-02 2.513942e-01 
-1.345459e-02 2.000324e-01 
4.268580e-02 1.526003e-01 
3.400815e-02 1.726752e-01 
3.596220e-02 2.499135e-01 
5.139885e-01 3.471032e-01 
3.931702e-02 3.882237e-01 
-7.964895e-03 2.515548e-01 
4.027188e-02 1.488895e-01 
3.888524e-02 1.912983e-01 
4.838859e-02 3.405853e-01 
5.136462e-01 -4.254525e-01 
3.017557e-02 -4.338766e-01 
-3.440727e-02 -3.672464e-01 
-4.206714e-02 -2.249000e-01 
-1.161755e-02 -8.173096e-02 
8.320504e-03 6.096491e-02 
2.635430e-02 -2.255865e-01 
-1.941030e-02 -1.473644e-01 
-1.640225e-02 -5.065972e-02 
1.155926e-02 3.997605e-02 
1.333933e-02 7.379588e-02 
1.015669e-02 7.529982e-02 
9.238343e-02 2.101697e-01 
-5.037251e-02 2.509237e-01 
1.720635e-04 2.904519e-01 
6.998806e-02 3.024111e-01 
4.732918e-02 2.703890e-01 
2.667492e-02 1.964866e-01 
5.931953e-01 3.765345e-01 
3.579433e-03 4.838315e-01 
1.165094e-02 4.756545e-01 
9.847948e-02 4.347084e-01 
6.524039e-02 3.704428e-01 
3.750129e-02 2.800546e-01 
5.256667e-01 -4.851463e-01 
2.179114e-02 -4.218609e-01 
-2.996868e-02 -2.549514e-01 
-1.830391e-02 -9.863752e-02 
-2.818571e-03 -2.090475e-02 
2.076179e-03 1.605716e-02 
1.097955e-01 -3.814557e-01 
-2.738914e-02 -2.358796e-01 
-1.656485e-02 -7.305323e-02 
1.361487e-02 5.637875e-02 
1.261308e-02 7.766320e-02 
4.997735e-03 4.042566e-02 
-6.454248e-02 7.403416e-02 
-8.140293e-03 2.056373e-01 
2.855750e-02 2.868939e-01 
5.001243e-02 2.545646e-01 
2.045367e-02 1.410991e-01 
-2.497235e-05 -2.068552e-04 
3.770789e-01 4.438956e-01 
8.144274e-04 5.360365e-01 
5.065630e-02 5.094931e-01 
7.661966e-02 3.751330e-01 
3.369421e-02 2.224393e-01 
9.231400e-03 7.740979e-02 
7.218020e-01 4.600345e-01 
1.806808e-01 7.001555e-01 
8.047421e-02 6.307415e-01 
8.766978e-02 4.424226e-01 
4.092929e-02 2.697361e-01 
1.440456e-02 1.275342e-01 
4.356595e-01 -5.236792e-01 
-1.561080e-02 -2.202939e-01 
-5.405750e-03 -7.524196e-02 
-2.050890e-02 -5.742899e-02 
-1.907696e-02 -1.115013e-01 
-2.049529e-02 -1.967113e-01 
-4.804242e-02 -1.351300e-01 
8.580020e-03 9.387280e-02 
3.057810e-02 2.066560e-01 
1.955390e-02 1.584593e-01 
-2.828755e-03 1.250382e-02 
-1.778287e-02 -1.776439e-01 
1.677105e-01 4.253645e-01 
3.193299e-02 5.976578e-01 
8.706819e-02 6.339384e-01 
7.924104e-02 4.716803e-01 
2.493677e-02 2.197155e-01 
-6.995414e-03 -7.217114e-02 
6.971945e-01 5.627177e-01 
1.538310e-01 8.054363e-01 
1.074103e-01 7.681820e-01 
9.610588e-02 5.540953e-01 
3.637689e-02 2.926795e-01 
2.397244e-03 2.501057e-02 
4.898885e-01 -6.455606e-01 
-1.399855e-02 -3.107418e-01 
-5.891197e-03 -4.352573e-02 
-6.953745e-03 1.601157e-02 
-1.144603e-02 -5.856298e-02 
-1.614469e-02 -1.864973e-01 
6.284689e-02 -4.142365e-01 
-5.599142e-03 -3.815896e-02 
1.839261e-02 1.281467e-01 
6.329778e-03 8.243812e-02 
-6.532215e-03 -3.031303e-02 
-1.119512e-02 -1.329194e-01 
-5.275450e-02 2.081128e-01 
5.857823e-02 4.342487e-01 
6.815450e-02 4.618276e-01 
2.687228e-02 2.366054e-01 
-3.881754e-03 1.635678e-03 
-1.434456e-02 -1.753430e-01 
6.002141e-01 7.424606e-01 
1.289697e-01 9.897033e-01 
1.385289e-01 8.990741e-01 
5.674507e-02 4.670667e-01 
2.702744e-03 7.852944e-02 
-1.620023e-02 -2.190506e-01 
9.873201e-01 7.656285e-01 
3.752144e-01 1.219522e+00 
1.700533e-01 1.065968e+00 
5.322127e-02 5.167368e-01 
-4.866972e-03 3.325432e-02 
-2.258275e-02 -3.409745e-01 
2.711639e-01 -6.691029e-01 
-1.319402e-02 -3.526247e-02 
1.375800e-02 1.914414e-01 
-7.358081e-03 7.280042e-02 
-1.603721e-02 -1.193997e-01 
-1.797549e-02 -3.376388e-01 
