poroelastic
-9.310822e-03 -1.233471e-02 
-1.274401e-02 -4.234898e-02 
-1.445075e-02 -5.518770e-02 
6.499710e-03 2.659408e-03 
9.515975e-03 1.143747e-01 
9.722208e-03 2.625782e-01 
-1.097950e-01 1.511075e-01 
3.727040e-02 8.890533e-02 
2.036541e-02 -6.210653e-02 
-2.163181e-02 -1.993406e-01 
-1.486826e-02 -2.461103e-01 
-8.244717e-03 -2.271288e-01 
4.315390e-01 1.446187e-01 
2.157151e-02 2.562699e-01 
-1.050667e-02 2.226791e-01 
1.733294e-02 1.842355e-01 
1.205267e-02 2.007649e-01 
8.170530e-03 2.435017e-01 
3.105352e-01 -1.121954e-01 
4.141777e-02 -2.372853e-01 
-3.014592e-04 -2.706357e-01 
-1.315396e-02 -2.037126e-01 
-4.872254e-03 -1.145105e-01 
-6.192315e-04 -2.226399e-02 
1.953824e-02 -4.955794e-02 
-7.645193e-04 -6.525850e-02 
-3.351196e-03 -6.808633e-02 
-2.594992e-04 -2.834941e-02 
1.438065e-03 1.750375e-02 
1.797754e-03 6.761138e-02 
2.563230e-03 1.378940e-01 
7.727268e-03 1.421370e-01 
7.951297e-03 6.209330e-02 
-5.683944e-03 -4.981783e-02 
-5.794280e-03 -1.156575e-01 
-4.217485e-03 -1.467750e-01 
4.533877e-01 1.976604e-01 
-5.901336e-03 3.248990e-01 
-3.468625e-03 3.275258e-01 
1.746931e-02 2.730483e-01 
1.010562e-02 2.345627e-01 
5.466055e-03 1.991079e-01 
5.434793e-01 -3.346863e-02 
1.098192e-01 -2.087738e-01 
9.732818e-03 -2.757881e-01 
-1.948932e-02 -2.987343e-01 
-1.254110e-02 -3.131275e-01 
-7.514175e-03 -3.296474e-01 
-6.985665e-02 -1.180447e-01 
-1.024896e-02 -1.122595e-01 
-4.447944e-03 -3.661725e-02 
8.494281e-03 9.302236e-02 
7.315689e-03 1.913857e-01 
4.337412e-03 2.534052e-01 
4.757836e-03 -2.141872e-03 
5.314577e-04 -1.070793e-02 
-5.083487e-04 -3.030989e-02 
-1.720245e-03 -4.227183e-02 
-7.094363e-04 -3.049513e-02 
2.734491e-05 1.670693e-03 
-1.181925e-01 1.286678e-01 
1.171220e-02 8.203291e-02 
3.146408e-03 -5.628544e-02 
-1.123114e-02 -2.215969e-01 
-7.860695e-03 -2.855701e-01 
-4.672100e-03 -2.700502e-01 
5.210710e-01 8.195694e-02 
8.427889e-02 2.422693e-01 
1.101627e-02 2.662356e-01 
1.308645e-02 2.768937e-01 
8.786522e-03 3.417403e-01 
5.453288e-03 4.397868e-01 
6.372462e-01 -1.818092e-01 
2.155077e-02 -3.597882e-01 
-1.563305e-02 -4.240866e-01 
-1.231975e-02 -3.835577e-01 
-4.613454e-03 -2.965489e-01 
-1.209246e-03 -1.752558e-01 
9.318717e-02 -1.715351e-01 
-9.205822e-03 -2.259156e-01 
-5.366309e-03 -2.102710e-01 
-1.351995e-03 -1.208582e-01 
4.401979e-04 -1.088127e-02 
6.132935e-04 1.142335e-01 
2.257237e-03 5.772610e-02 
1.398033e-03 6.220637e-02 
-4.615802e-04 2.760499e-02 
-9.863352e-04 -3.321606e-02 
-6.608335e-04 -5.719429e-02 
-2.734656e-04 -4.469363e-02 
3.839466e-01 2.017614e-01 
3.511558e-02 3.417569e-01 
1.195601e-02 3.403621e-01 
3.561243e-03 2.413841e-01 
1.472031e-03 1.624974e-01 
5.903636e-04 1.054713e-01 
6.590479e-01 -1.343420e-01 
7.884642e-02 -3.109369e-01 
-1.757796e-02 -3.277963e-01 
-5.696220e-03 -3.074674e-01 
-1.404869e-03 -3.198981e-01 
4.411787e-04 -3.516628e-01 
1.765299e-02 -2.255587e-01 
-2.180207e-03 -2.171872e-01 
6.960654e-03 -1.011802e-01 
1.426887e-03 6.660394e-02 
2.119601e-05 1.656591e-01 
-9.550337e-04 2.128088e-01 
7.991643e-03 -1.012855e-01 
-5.501354e-03 -1.236674e-01 
-5.310390e-04 -1.016603e-01 
2.550367e-04 -4.566894e-02 
-4.224932e-05 1.876390e-02 
-3.484393e-04 9.099263e-02 
-1.549618e-01 4.812244e-02 
-1.341619e-02 -3.454608e-02 
-1.779119e-02 -1.438720e-01 
1.223956e-03 -2.490759e-01 
1.841437e-03 -2.560911e-01 
9.138254e-04 -1.803514e-01 
3.267505e-01 9.481850e-02 
7.218747e-02 1.821170e-01 
2.089370e-02 1.652224e-01 
-1.409304e-03 1.317607e-01 
-2.359074e-03 1.678812e-01 
-2.531860e-03 2.685164e-01 
6.697226e-01 -3.416937e-01 
-3.433177e-02 -4.697865e-01 
-2.909105e-02 -4.396335e-01 
6.014018e-03 -3.048725e-01 
4.228098e-03 -2.023555e-01 
1.914817e-03 -1.090641e-01 
