poroelastic
-2.004183e-02 -7.242251e-02 
-3.388160e-02 -1.010721e-01 
-3.456392e-02 -5.581457e-02 
2.083426e-02 7.263690e-02 
2.850117e-02 1.910771e-01 
3.168939e-02 3.162496e-01 
1.593345e-01 4.195540e-01 
9.734549e-04 2.889803e-01 
1.500517e-02 1.264471e-01 
-1.078051e-03 6.205231e-03 
-5.612450e-03 -4.317959e-02 
-3.269758e-03 -3.333124e-02 
7.055045e-01 4.812321e-01 
5.420860e-02 5.471039e-01 
-1.151552e-03 3.696299e-01 
4.299681e-02 2.437128e-01 
3.190360e-02 2.344776e-01 
2.814621e-02 2.940411e-01 
6.485658e-01 -4.810813e-01 
5.141338e-02 -5.300295e-01 
-2.442283e-02 -4.633155e-01 
-3.970607e-02 -2.837325e-01 
-1.441824e-02 -1.319664e-01 
-8.033964e-04 -8.918971e-03 
7.978981e-02 -2.384805e-01 
-5.003262e-03 -1.613450e-01 
-6.575805e-03 -8.499935e-02 
-1.291607e-04 6.024953e-03 
-4.838013e-04 2.686333e-03 
-3.878392e-03 -4.371437e-02 
9.589953e-02 3.136246e-01 
-1.634075e-02 3.224861e-01 
1.450327e-02 2.864811e-01 
3.048255e-02 2.209057e-01 
1.223520e-02 1.169401e-01 
-1.337151e-03 -1.483777e-02 
7.854644e-01 5.590407e-01 
1.279926e-02 6.702878e-01 
1.637544e-02 6.067594e-01 
7.575945e-02 5.070696e-01 
4.395117e-02 3.809682e-01 
2.013461e-02 2.278820e-01 
9.165279e-01 -5.022178e-01 
1.083135e-01 -5.465861e-01 
-1.171588e-02 -4.214406e-01 
-4.526076e-02 -2.824183e-01 
-2.817618e-02 -2.386386e-01 
-2.129608e-02 -2.541041e-01 
1.612643e-01 -4.662777e-01 
-2.288955e-02 -3.273739e-01 
-1.955666e-02 -1.505567e-01 
8.148196e-03 3.300376e-02 
1.166636e-02 1.021006e-01 
8.231862e-03 1.045233e-01 
-1.926544e-02 6.093866e-02 
6.506251e-03 1.615380e-01 
1.822159e-02 1.882614e-01 
1.012439e-02 1.147187e-01 
-3.038829e-03 -1.090190e-02 
-9.861529e-03 -1.280255e-01 
3.055309e-01 5.742717e-01 
2.115540e-02 5.670165e-01 
3.716814e-02 4.113504e-01 
1.543417e-02 1.649332e-01 
-3.582667e-03 -1.917368e-02 
-9.724930e-03 -1.268347e-01 
1.022538e+00 6.150199e-01 
2.075665e-01 8.945942e-01 
6.339305e-02 7.547559e-01 
6.768181e-02 5.141936e-01 
3.704930e-02 3.688670e-01 
2.204976e-02 3.103294e-01 
1.007179e+00 -6.504901e-01 
-3.230416e-03 -4.662547e-01 
-3.073859e-02 -4.074545e-01 
-5.698178e-02 -4.062223e-01 
-3.600611e-02 -3.942280e-01 
-2.227715e-02 -3.468455e-01 
1.121490e-01 -2.994452e-01 
-8.571213e-03 -1.223982e-01 
-4.067532e-03 -5.470417e-02 
-1.116094e-02 -7.136325e-02 
-9.715000e-03 -1.049358e-01 
-7.664234e-03 -1.237634e-01 
1.415016e-01 4.567061e-01 
3.015319e-02 5.608366e-01 
4.551590e-02 5.079657e-01 
2.249428e-02 2.712295e-01 
1.617773e-04 3.295336e-02 
-1.049989e-02 -1.732478e-01 
9.592525e-01 7.632393e-01 
1.494877e-01 1.017017e+00 
8.126200e-02 9.120352e-01 
6.431609e-02 6.195888e-01 
2.780168e-02 3.562008e-01 
8.019429e-03 1.342123e-01 
1.184790e+00 -7.643992e-01 
5.849155e-02 -6.167923e-01 
-3.934795e-02 -4.043188e-01 
-4.494035e-02 -3.388318e-01 
-2.938523e-02 -3.611562e-01 
-2.199820e-02 -4.209640e-01 
2.921826e-01 -6.516463e-01 
-3.398037e-02 -3.079711e-01 
-1.282662e-02 -1.281730e-01 
-6.480080e-03 -7.149301e-02 
-3.005841e-03 -4.706852e-02 
-3.225495e-04 -6.437493e-03 
-2.069643e-02 4.561414e-02 
1.925113e-02 1.967202e-01 
1.532989e-02 1.777962e-01 
1.143765e-03 1.997804e-02 
-2.287055e-03 -4.097634e-02 
8.551186e-04 1.715490e-02 
4.034305e-01 8.027366e-01 
7.420662e-02 8.438569e-01 
4.423878e-02 5.802044e-01 
-2.154464e-03 7.134831e-02 
-1.302402e-02 -1.993863e-01 
-1.117183e-02 -2.466057e-01 
1.218498e+00 9.338794e-01 
3.368288e-01 1.333934e+00 
1.090369e-01 1.041884e+00 
2.857987e-02 4.370527e-01 
4.334690e-03 9.304721e-02 
-6.208915e-04 -1.581708e-02 
1.120738e+00 -9.597566e-01 
-9.558673e-02 -4.455344e-01 
-6.760983e-02 -3.010112e-01 
-3.178652e-02 -3.927737e-01 
-1.993162e-02 -4.462154e-01 
-1.350571e-02 -4.585043e-01 
