poroelastic
-9.181083e-03 -7.859627e-02 
-2.132901e-02 -1.151871e-01 
-2.554082e-02 -7.778366e-02 
1.230241e-02 4.189764e-02 
1.861212e-02 1.429703e-01 
2.143036e-02 2.486470e-01 
1.940560e-01 4.605336e-01 
-6.304911e-03 3.216090e-01 
1.308804e-02 1.621982e-01 
3.320789e-03 3.736039e-02 
-2.928455e-03 -2.452295e-02 
-2.636602e-03 -3.130819e-02 
7.949419e-01 5.296386e-01 
6.052997e-02 6.021683e-01 
-5.065263e-04 4.266764e-01 
4.258471e-02 2.929609e-01 
2.943724e-02 2.593954e-01 
2.339359e-02 2.881793e-01 
7.299033e-01 -5.263471e-01 
6.075093e-02 -5.742983e-01 
-1.776678e-02 -4.958065e-01 
-3.902506e-02 -3.166692e-01 
-1.693412e-02 -1.753368e-01 
-4.998807e-03 -6.635793e-02 
9.984633e-02 -2.702016e-01 
-3.555086e-03 -1.895244e-01 
-5.726583e-03 -1.074655e-01 
-2.543921e-03 -1.147873e-02 
-1.764612e-03 -9.649516e-03 
-4.565961e-03 -6.157114e-02 
1.034943e-01 3.293014e-01 
-1.503323e-02 3.340098e-01 
1.281345e-02 2.977964e-01 
2.536144e-02 2.243189e-01 
9.780583e-03 1.132074e-01 
-1.868969e-03 -2.461211e-02 
8.464080e-01 5.964176e-01 
1.541731e-02 7.004389e-01 
1.349290e-02 6.374262e-01 
6.515715e-02 5.330095e-01 
3.799626e-02 3.982128e-01 
1.758861e-02 2.374002e-01 
9.989119e-01 -5.366450e-01 
1.214496e-01 -5.916393e-01 
-7.945193e-03 -4.523635e-01 
-4.139928e-02 -3.125920e-01 
-2.691341e-02 -2.766750e-01 
-2.137115e-02 -3.083456e-01 
2.028298e-01 -5.031937e-01 
-1.796559e-02 -3.610630e-01 
-1.684955e-02 -1.775032e-01 
3.699543e-03 9.522667e-03 
7.571294e-03 8.127551e-02 
5.587804e-03 8.682147e-02 
-1.487707e-02 4.666137e-02 
5.219022e-03 1.418839e-01 
1.338719e-02 1.686019e-01 
7.112186e-03 1.016013e-01 
-2.522525e-03 -1.393957e-02 
-7.638153e-03 -1.207779e-01 
3.088155e-01 5.979082e-01 
1.862619e-02 5.764425e-01 
3.023793e-02 4.087043e-01 
1.051812e-02 1.472944e-01 
-4.043112e-03 -3.533056e-02 
-8.565581e-03 -1.353576e-01 
1.066430e+00 6.431465e-01 
2.051206e-01 9.088919e-01 
5.433303e-02 7.558028e-01 
5.241684e-02 5.075360e-01 
2.923325e-02 3.665674e-01 
1.849905e-02 3.213133e-01 
1.070090e+00 -6.710469e-01 
-1.018381e-03 -5.102979e-01 
-3.078746e-02 -4.516957e-01 
-4.838118e-02 -4.510160e-01 
-3.050784e-02 -4.284506e-01 
-1.894212e-02 -3.697930e-01 
1.362487e-01 -3.252499e-01 
-1.138397e-02 -1.588723e-01 
-7.123626e-03 -9.725094e-02 
-1.136482e-02 -1.103296e-01 
-8.547410e-03 -1.236640e-01 
-5.812490e-03 -1.170940e-01 
1.386626e-01 4.455039e-01 
2.564748e-02 5.346960e-01 
3.387869e-02 4.749873e-01 
1.591975e-02 2.456067e-01 
6.082992e-04 3.231492e-02 
-7.183396e-03 -1.457470e-01 
9.820837e-01 7.784900e-01 
1.380828e-01 1.008212e+00 
6.619519e-02 8.953067e-01 
4.629274e-02 6.008595e-01 
2.088566e-02 3.469844e-01 
6.706913e-03 1.386695e-01 
1.229885e+00 -7.624553e-01 
6.986285e-02 -6.580801e-01 
-3.862606e-02 -4.492889e-01 
-3.527288e-02 -3.778471e-01 
-2.301485e-02 -3.832122e-01 
-1.761523e-02 -4.281104e-01 
3.238737e-01 -6.671875e-01 
-3.414506e-02 -3.443300e-01 
-1.355140e-02 -1.628816e-01 
-5.830374e-03 -9.101897e-02 
-2.423206e-03 -5.119640e-02 
-1.859571e-04 -4.799877e-03 
-1.411115e-02 2.290653e-02 
1.360932e-02 1.590183e-01 
8.782873e-03 1.359506e-01 
-5.034888e-04 -5.794441e-03 
-1.929210e-03 -4.582169e-02 
9.476444e-04 2.409252e-02 
3.768168e-01 7.792671e-01 
5.930138e-02 7.962434e-01 
2.906174e-02 5.274493e-01 
-1.402230e-03 4.468957e-02 
-8.781947e-03 -1.923800e-01 
-7.733583e-03 -2.140096e-01 
1.203002e+00 9.254407e-01 
3.018362e-01 1.282125e+00 
8.437351e-02 9.805784e-01 
1.807956e-02 4.003917e-01 
3.184464e-03 9.008742e-02 
4.776168e-04 1.570054e-02 
1.181730e+00 -9.387246e-01 
-9.444366e-02 -4.972998e-01 
-6.979368e-02 -3.701862e-01 
-2.058324e-02 -4.529984e-01 
-1.308897e-02 -4.765428e-01 
-9.482106e-03 -4.450073e-01 
