poroelastic
3.884786e-02 2.602494e-02 
4.833643e-02 3.567298e-02 
3.483584e-02 -5.270465e-03 
-4.243161e-02 -1.346839e-01 
-4.314416e-02 -2.680987e-01 
-3.859280e-02 -4.126010e-01 
-3.567922e-02 -3.100149e-01 
-3.820040e-02 -2.353426e-01 
-2.561314e-02 -4.274919e-02 
3.037062e-02 1.152065e-01 
2.601288e-02 1.803174e-01 
1.657064e-02 1.802424e-01 
-6.283969e-01 -3.090558e-01 
-6.862430e-02 -4.683527e-01 
-5.623742e-03 -3.386409e-01 
-5.418956e-02 -2.390873e-01 
-4.067637e-02 -2.708115e-01 
-3.218222e-02 -3.584233e-01 
-4.824010e-01 2.925785e-01 
-2.684036e-02 3.925680e-01 
3.431746e-02 4.044237e-01 
3.879127e-02 2.583781e-01 
1.020315e-02 1.026938e-01 
-3.372545e-03 -4.032794e-02 
-3.044782e-02 1.027171e-01 
3.636409e-03 6.439526e-02 
4.590573e-03 4.279270e-02 
2.971491e-04 2.496425e-04 
5.957794e-05 -1.756137e-03 
8.017216e-04 9.761307e-03 
-8.580033e-02 -2.960923e-01 
-6.964637e-03 -3.368146e-01 
-2.659158e-02 -2.625209e-01 
-1.922408e-02 -1.484587e-01 
-1.733910e-03 -3.504214e-02 
7.046324e-03 8.402575e-02 
-7.646807e-01 -4.351468e-01 
-4.346334e-02 -6.681348e-01 
-3.966493e-02 -6.340868e-01 
-9.237899e-02 -5.237782e-01 
-4.987939e-02 -4.050300e-01 
-2.090429e-02 -2.531883e-01 
-7.904094e-01 2.836726e-01 
-9.843283e-02 3.801854e-01 
1.731057e-02 3.679833e-01 
6.141678e-02 3.053419e-01 
3.807787e-02 2.938694e-01 
2.518556e-02 3.218814e-01 
4.170588e-02 3.051545e-01 
3.433631e-02 2.055181e-01 
1.454687e-02 5.249558e-02 
-3.330359e-02 -1.391026e-01 
-2.893634e-02 -2.297241e-01 
-1.819403e-02 -2.496491e-01 
8.978420e-03 -9.744973e-02 
-1.540879e-02 -1.784610e-01 
-2.083792e-02 -1.669661e-01 
-2.547999e-03 -7.071653e-02 
8.421114e-03 5.137810e-02 
1.050456e-02 1.476652e-01 
-1.892012e-01 -4.507125e-01 
-4.334749e-02 -4.704987e-01 
-3.817286e-02 -3.009454e-01 
6.405203e-03 -4.254893e-02 
1.814454e-02 1.373007e-01 
1.632752e-02 2.301140e-01 
-1.014914e+00 -4.227399e-01 
-2.467749e-01 -7.939103e-01 
-8.919361e-02 -7.454404e-01 
-1.015570e-01 -5.868233e-01 
-5.739273e-02 -5.060826e-01 
-3.161856e-02 -4.820903e-01 
-9.765693e-01 5.253579e-01 
1.730479e-02 4.450887e-01 
5.468123e-02 4.538130e-01 
7.698096e-02 4.484883e-01 
4.157209e-02 4.158425e-01 
1.984398e-02 3.407361e-01 
-7.231600e-02 2.471602e-01 
1.395572e-02 1.303288e-01 
8.575082e-03 6.839715e-02 
7.986986e-03 5.033587e-02 
4.472881e-03 4.812475e-02 
1.703017e-03 3.080426e-02 
-1.239146e-01 -4.027227e-01 
-4.890756e-02 -5.252376e-01 
-5.202574e-02 -4.619397e-01 
-1.197616e-02 -2.010127e-01 
9.624675e-03 5.050161e-02 
1.386106e-02 2.570396e-01 
-9.565607e-01 -6.336529e-01 
-1.957324e-01 -9.940680e-01 
-1.184212e-01 -9.460590e-01 
-9.039247e-02 -6.763544e-01 
-3.645082e-02 -4.212058e-01 
-9.991087e-03 -1.868116e-01 
-1.124927e+00 6.269053e-01 
-4.694064e-02 5.397890e-01 
5.740563e-02 3.893839e-01 
6.577013e-02 3.442491e-01 
3.948964e-02 4.022264e-01 
2.357810e-02 5.128826e-01 
-1.213848e-01 5.492088e-01 
3.164443e-02 2.637069e-01 
3.186880e-03 6.678866e-02 
-9.407042e-03 -4.155298e-02 
-7.488570e-03 -7.999743e-02 
-4.572376e-03 -1.057913e-01 
2.126640e-02 -3.422422e-02 
-2.113359e-02 -1.600171e-01 
-2.017765e-02 -1.638917e-01 
-5.473796e-03 -4.631885e-02 
-6.598700e-04 5.245189e-03 
-2.058817e-03 -4.870033e-02 
-2.360912e-01 -6.531764e-01 
-8.053034e-02 -6.924277e-01 
-2.691576e-02 -4.284883e-01 
3.083291e-02 7.889134e-02 
2.869400e-02 3.612435e-01 
1.565955e-02 4.159209e-01 
-1.162464e+00 -7.278408e-01 
-3.859444e-01 -1.183883e+00 
-1.499490e-01 -9.937172e-01 
-5.237492e-02 -5.038566e-01 
-1.449730e-02 -2.258292e-01 
-4.525512e-03 -1.424009e-01 
-1.028998e+00 9.529221e-01 
1.146775e-01 5.281230e-01 
8.256652e-02 3.561405e-01 
4.408618e-02 3.355132e-01 
2.055515e-02 3.438818e-01 
7.525112e-03 3.629742e-01 
